B31552;2015/03/05 00:00:05;80013;87;29.0;23.6;2.632;1.938;1.225;3.038;0.096;0.832;80014
B31552;2015/03/05 00:00:15;80014;93;27.0;23.9;2.809;1.945;1.225;3.051;0.096;0.845;80015
B31552;2015/03/05 00:00:25;80015;89;29.0;22.9;2.877;1.945;1.264;3.051;0.096;0.838;80016
B31552;2015/03/05 00:00:35;80016;91;27.0;23.6;2.654;1.967;1.264;3.051;0.103;0.799;80017
B31552;2015/03/05 00:00:45;80017;92;27.0;23.2;2.651;1.967;1.229;3.051;0.103;0.796;80018
B31552;2015/03/05 00:00:55;80018;90;26.7;23.7;2.629;1.935;1.229;3.058;0.103;0.799;80019
B31552;2015/03/05 00:01:05;80019;96;26.4;23.1;2.883;1.935;1.216;3.058;0.103;0.799;80020
B31552;2015/03/05 00:01:15;80020;97;29.3;23.4;2.848;1.964;1.216;3.058;0.177;0.841;80021
B31552;2015/03/05 00:01:25;80021;96;29.0;23.7;2.680;1.964;1.216;3.058;0.177;0.799;80022
B31552;2015/03/05 00:01:35;80022;90;29.3;23.6;2.703;1.970;1.216;3.041;0.177;0.822;80023
B31552;2015/03/05 00:01:45;80023;90;30.3;23.6;2.806;1.970;1.216;3.041;0.177;0.841;80024
B31552;2015/03/05 00:01:55;80024;93;29.3;23.1;2.796;1.951;1.216;3.041;0.148;0.838;80025
B31552;2015/03/05 00:02:05;80025;87;27.4;23.4;2.638;1.951;1.212;3.041;0.148;0.838;80026
B31552;2015/03/05 00:02:15;80026;89;27.7;23.2;2.638;1.925;1.212;3.022;0.148;0.806;80027
B31552;2015/03/05 00:02:25;80027;85;29.0;23.2;2.877;1.925;1.235;3.022;0.148;0.799;80028
B31552;2015/03/05 00:02:35;80028;92;26.7;23.4;2.854;1.967;1.235;3.022;0.177;0.845;80029
B31552;2015/03/05 00:02:45;80029;97;31.2;23.4;2.680;1.967;1.212;3.022;0.177;0.806;80030
B31552;2015/03/05 00:02:55;80030;97;28.3;22.9;2.658;1.958;1.212;3.038;0.177;0.803;80031
B31552;2015/03/05 00:03:05;80031;83;27.0;22.9;2.880;1.958;1.270;3.038;0.177;0.799;80032
B31552;2015/03/05 00:03:15;80032;93;29.0;23.6;2.851;1.951;1.270;3.038;0.116;0.825;80033
B31552;2015/03/05 00:03:25;80033;93;30.6;23.2;2.877;1.951;1.216;3.038;0.116;0.841;80034
B31552;2015/03/05 00:03:35;80034;93;31.2;23.2;2.664;1.958;1.216;3.009;0.116;0.832;80035
B31552;2015/03/05 00:03:45;80035;96;30.0;22.7;2.877;1.958;1.216;3.009;0.116;0.816;80036
B31552;2015/03/05 00:03:55;80036;88;31.2;23.1;2.761;1.929;1.216;3.009;0.116;0.816;80037
B31552;2015/03/05 00:04:05;80037;82;30.0;23.7;2.880;1.929;1.219;3.009;0.116;0.825;80038
B31552;2015/03/05 00:04:15;80038;93;29.0;23.2;2.658;1.951;1.219;3.009;0.116;0.816;80039
B31552;2015/03/05 00:04:25;80039;91;29.6;22.9;2.867;1.951;1.270;3.009;0.116;0.812;80040
B31552;2015/03/05 00:04:35;80040;94;30.0;23.2;2.674;1.970;1.270;3.009;0.106;0.829;80041
B31552;2015/03/05 00:04:45;80041;80;30.9;23.2;2.803;1.970;1.216;3.009;0.106;0.825;80042
B31552;2015/03/05 00:04:55;80042;81;30.0;23.4;2.861;1.970;1.216;2.993;0.106;0.822;80043
B31552;2015/03/05 00:05:05;80043;87;31.9;23.7;2.874;1.970;1.264;2.993;0.106;0.812;80044
B31552;2015/03/05 00:05:15;80044;92;26.4;23.7;2.645;1.954;1.264;2.993;0.122;0.829;80045
B31552;2015/03/05 00:05:25;80045;90;30.0;23.4;2.799;1.954;1.277;2.993;0.122;0.832;80046
B31552;2015/03/05 00:05:35;80046;98;27.4;23.4;2.822;1.948;1.277;3.038;0.122;0.832;80047
B31552;2015/03/05 00:05:45;80047;93;29.6;23.7;2.687;1.948;1.274;3.038;0.122;0.832;80048
B31552;2015/03/05 00:05:55;80048;90;30.0;23.9;2.867;1.970;1.274;3.038;0.112;0.812;80049
B31552;2015/03/05 00:06:05;80049;85;30.6;23.9;2.745;1.970;1.232;3.038;0.112;0.816;80050
B31552;2015/03/05 00:06:15;80050;90;29.6;23.1;2.716;1.929;1.232;3.009;0.112;0.803;80051
B31552;2015/03/05 00:06:25;80051;83;32.5;23.1;2.745;1.929;1.216;3.009;0.112;0.819;80052
B31552;2015/03/05 00:06:35;80052;81;28.3;23.6;2.645;1.929;1.216;3.009;0.135;0.825;80053
B31552;2015/03/05 00:06:45;80053;90;27.4;23.4;2.632;1.929;1.280;3.009;0.135;0.832;80054
B31552;2015/03/05 00:06:55;80054;92;30.6;22.9;2.722;1.958;1.280;3.048;0.135;0.845;80055
B31552;2015/03/05 00:07:05;80055;96;30.6;23.4;2.703;1.958;1.216;3.048;0.135;0.838;80056
B31552;2015/03/05 00:07:15;80056;86;31.2;23.6;2.790;1.974;1.216;3.048;0.099;0.806;80057
B31552;2015/03/05 00:07:25;80057;89;29.6;22.9;2.851;1.974;1.261;3.048;0.099;0.816;80058
B31552;2015/03/05 00:07:35;80058;94;27.4;23.7;2.625;1.970;1.261;3.038;0.099;0.816;80059
B31552;2015/03/05 00:07:45;80059;94;28.3;23.7;2.729;1.970;1.280;3.038;0.099;0.819;80060
B31552;2015/03/05 00:07:55;80060;95;27.0;23.7;2.841;1.974;1.280;3.038;0.125;0.803;80061
B31552;2015/03/05 00:08:05;80061;90;28.7;23.6;2.648;1.974;1.277;3.038;0.125;0.825;80062
B31552;2015/03/05 00:08:15;80062;91;26.7;23.6;2.816;1.970;1.277;3.054;0.125;0.799;80063
B31552;2015/03/05 00:08:25;80063;86;29.0;23.4;2.654;1.970;1.280;3.054;0.125;0.799;80064
B31552;2015/03/05 00:08:35;80064;88;29.3;23.4;2.867;1.932;1.280;3.054;0.093;0.835;80065
B31552;2015/03/05 00:08:45;80065;90;28.3;22.7;2.867;1.932;1.238;3.054;0.093;0.841;80066
B31552;2015/03/05 00:08:55;80066;97;29.0;23.6;2.854;1.948;1.238;3.032;0.093;0.796;80067
B31552;2015/03/05 00:09:05;80067;92;27.0;22.9;2.883;1.948;1.229;3.032;0.093;0.822;80068
B31552;2015/03/05 00:09:15;80068;88;27.0;23.2;2.877;1.951;1.229;3.032;0.099;0.790;80069
B31552;2015/03/05 00:09:25;80069;89;26.4;23.4;2.838;1.951;1.283;3.032;0.099;0.819;80070
B31552;2015/03/05 00:09:35;80070;91;26.4;23.7;2.635;1.974;1.283;3.000;0.099;0.816;80071
B31552;2015/03/05 00:09:45;80071;79;30.0;23.2;2.638;1.974;1.216;3.000;0.099;0.812;80072
B31552;2015/03/05 00:09:55;80072;88;31.2;23.4;2.719;1.929;1.216;3.000;0.093;0.832;80073
B31552;2015/03/05 00:10:05;80073;89;26.4;22.7;2.645;1.929;1.229;3.000;0.093;0.835;80074
B31552;2015/03/05 00:10:15;80074;93;26.4;23.4;2.832;1.932;1.229;2.993;0.093;0.816;80075
B31552;2015/03/05 00:10:25;80075;96;28.3;22.9;2.645;1.932;1.235;2.993;0.093;0.796;80076
B31552;2015/03/05 00:10:35;80076;93;31.2;23.6;2.854;1.954;1.235;2.993;0.216;0.803;80077
B31552;2015/03/05 00:10:45;80077;92;29.0;22.9;2.638;1.954;1.270;2.993;0.216;0.812;80078
B31552;2015/03/05 00:10:55;80078;90;31.2;23.7;2.712;1.935;1.270;3.016;0.216;0.796;80079
B31552;2015/03/05 00:11:05;80079;85;31.2;23.2;2.854;1.935;1.248;3.016;0.216;0.799;80080
B31552;2015/03/05 00:11:15;80080;91;26.4;23.4;2.867;1.970;1.248;3.016;0.096;0.825;80081
B31552;2015/03/05 00:11:25;80081;92;31.2;23.2;2.812;1.970;1.238;3.016;0.096;0.799;80082
B31552;2015/03/05 00:11:35;80082;80;26.4;23.6;2.822;1.974;1.238;3.041;0.096;0.838;80083
B31552;2015/03/05 00:11:45;80083;92;32.5;23.6;2.654;1.974;1.283;3.041;0.096;0.796;80084
B31552;2015/03/05 00:11:55;80084;93;32.5;22.9;2.625;1.964;1.283;3.041;0.209;0.803;80085
B31552;2015/03/05 00:12:05;80085;93;29.6;23.7;2.793;1.964;1.232;3.041;0.209;0.825;80086
B31552;2015/03/05 00:12:15;80086;84;27.7;23.7;2.629;1.954;1.232;3.025;0.209;0.816;80087
B31552;2015/03/05 00:12:25;80087;87;27.7;22.7;2.880;1.954;1.270;3.025;0.209;0.819;80088
B31552;2015/03/05 00:12:35;80088;90;29.3;23.4;2.754;1.951;1.270;3.025;0.161;0.854;80089
B31552;2015/03/05 00:12:45;80089;93;26.4;23.2;2.880;1.951;1.267;3.025;0.161;0.812;80090
B31552;2015/03/05 00:12:55;80090;82;32.9;24.1;2.645;1.974;1.267;3.058;0.161;0.819;80091
B31552;2015/03/05 00:13:05;80091;86;31.2;23.7;2.848;1.974;1.225;3.058;0.161;0.809;80092
B31552;2015/03/05 00:13:15;80092;92;33.8;23.2;2.851;1.951;1.225;3.058;0.183;0.803;80093
B31552;2015/03/05 00:13:25;80093;92;30.0;23.7;2.880;1.951;1.258;3.058;0.183;0.819;80094
B31552;2015/03/05 00:13:35;80094;86;26.1;23.7;2.829;1.945;1.258;3.003;0.183;0.845;80095
B31552;2015/03/05 00:13:45;80095;93;30.0;23.2;2.809;1.945;1.283;3.003;0.183;0.832;80096
B31552;2015/03/05 00:13:55;80096;98;30.6;23.4;2.841;1.964;1.283;3.003;0.122;0.809;80097
B31552;2015/03/05 00:14:05;80097;82;30.6;23.2;2.690;1.964;1.235;3.003;0.122;0.825;80098
B31552;2015/03/05 00:14:15;80098;89;32.9;23.7;2.874;1.967;1.235;3.016;0.122;0.845;80099
B31552;2015/03/05 00:14:25;80099;92;29.6;23.6;2.812;1.967;1.216;3.016;0.122;0.848;80100
B31552;2015/03/05 00:14:35;80100;94;29.6;23.2;2.696;1.932;1.216;3.016;0.099;0.854;80101
B31552;2015/03/05 00:14:45;80101;83;26.7;23.6;2.645;1.932;1.267;3.016;0.099;0.829;80102
B31552;2015/03/05 00:14:55;80102;78;25.8;23.6;2.816;1.974;1.267;3.041;0.099;0.816;80103
B31552;2015/03/05 00:15:05;80103;79;30.9;23.4;2.829;1.974;1.216;3.041;0.099;0.812;80104
B31552;2015/03/05 00:15:15;80104;88;26.4;23.7;2.841;1.954;1.216;3.041;0.099;0.809;80105
B31552;2015/03/05 00:15:25;80105;95;27.0;23.1;2.880;1.954;1.274;3.041;0.099;0.803;80106
B31552;2015/03/05 00:15:35;80106;90;26.7;23.7;2.829;1.932;1.274;3.022;0.099;0.845;80107
B31552;2015/03/05 00:15:45;80107;85;28.3;22.7;2.867;1.932;1.216;3.022;0.099;0.832;80108
B31552;2015/03/05 00:15:55;80108;90;32.9;23.9;2.877;1.932;1.216;3.022;0.112;0.845;80109
B31552;2015/03/05 00:16:05;80109;94;30.6;23.7;2.761;1.932;1.222;3.022;0.112;0.845;80110
B31552;2015/03/05 00:16:15;80110;88;27.7;23.7;2.867;1.958;1.222;3.058;0.112;0.803;80111
B31552;2015/03/05 00:16:25;80111;82;26.4;23.2;2.877;1.958;1.238;3.058;0.112;0.841;80112
B31552;2015/03/05 00:16:35;80112;86;30.0;23.6;2.854;1.974;1.238;3.058;0.177;0.803;80113
B31552;2015/03/05 00:16:45;80113;90;29.6;23.2;2.796;1.974;1.283;3.058;0.177;0.845;80114
B31552;2015/03/05 00:16:55;80114;90;28.7;23.7;2.854;1.970;1.283;3.022;0.177;0.803;80115
B31552;2015/03/05 00:17:05;80115;85;27.7;23.6;2.703;1.970;1.222;3.022;0.177;0.812;80116
B31552;2015/03/05 00:17:15;80116;93;32.5;23.2;2.658;1.967;1.222;3.022;0.099;0.835;80117
B31552;2015/03/05 00:17:25;80117;86;29.6;23.4;2.661;1.967;1.258;3.022;0.099;0.812;80118
B31552;2015/03/05 00:17:35;80118;93;29.6;23.6;2.645;1.967;1.258;3.022;0.099;0.803;80119
B31552;2015/03/05 00:17:45;80119;89;28.3;23.4;2.729;1.967;1.261;3.022;0.099;0.819;80120
B31552;2015/03/05 00:17:55;80120;93;30.6;23.2;2.790;1.948;1.261;3.022;0.103;0.829;80121
B31552;2015/03/05 00:18:05;80121;88;28.7;23.6;2.654;1.948;1.283;3.022;0.103;0.816;80122
B31552;2015/03/05 00:18:15;80122;79;32.5;23.9;2.816;1.935;1.283;3.019;0.103;0.845;80123
B31552;2015/03/05 00:18:25;80123;91;30.3;23.7;2.693;1.935;1.219;3.019;0.103;0.803;80124
B31552;2015/03/05 00:18:35;80124;83;27.0;23.2;2.625;1.935;1.219;3.019;0.183;0.832;80125
B31552;2015/03/05 00:18:45;80125;93;29.6;23.2;2.680;1.935;1.222;3.019;0.183;0.848;80126
B31552;2015/03/05 00:18:55;80126;88;27.7;23.4;2.880;1.954;1.222;3.051;0.183;0.829;80127
B31552;2015/03/05 00:19:05;80127;84;31.2;23.4;2.687;1.954;1.222;3.051;0.183;0.825;80128
B31552;2015/03/05 00:19:15;80128;90;32.5;24.1;2.880;1.977;1.222;3.051;0.112;0.851;80129
B31552;2015/03/05 00:19:25;80129;93;29.6;22.9;2.854;1.977;1.277;3.051;0.112;0.812;80130
B31552;2015/03/05 00:19:35;80130;91;30.9;23.4;2.767;1.977;1.277;3.038;0.112;0.806;80131
B31552;2015/03/05 00:19:45;80131;87;31.2;23.7;2.687;1.977;1.245;3.038;0.112;0.809;80132
B31552;2015/03/05 00:19:55;80132;83;28.7;23.4;2.751;1.958;1.245;3.038;0.096;0.809;80133
B31552;2015/03/05 00:20:05;80133;89;31.6;23.4;2.816;1.958;1.283;3.038;0.096;0.854;80134
B31552;2015/03/05 00:20:15;80134;88;27.7;23.7;2.645;1.977;1.283;3.016;0.096;0.848;80135
B31552;2015/03/05 00:20:25;80135;93;31.9;23.9;2.741;1.977;1.270;3.016;0.096;0.829;80136
B31552;2015/03/05 00:20:35;80136;89;31.6;23.6;2.803;1.935;1.270;3.016;0.112;0.848;80137
B31552;2015/03/05 00:20:45;80137;85;30.3;23.9;2.670;1.935;1.283;3.016;0.112;0.864;80138
B31552;2015/03/05 00:20:55;80138;86;29.3;23.2;2.670;1.970;1.283;3.058;0.112;0.816;80139
B31552;2015/03/05 00:21:05;80139;87;27.7;23.2;2.783;1.970;1.283;3.058;0.112;0.809;80140
B31552;2015/03/05 00:21:15;80140;92;29.3;23.6;2.861;1.935;1.283;3.058;0.109;0.848;80141
B31552;2015/03/05 00:21:25;80141;96;30.0;23.4;2.880;1.935;1.225;3.058;0.109;0.835;80142
B31552;2015/03/05 00:21:35;80142;78;29.3;23.7;2.764;1.935;1.225;3.025;0.109;0.809;80143
B31552;2015/03/05 00:21:45;80143;83;30.0;23.1;2.848;1.935;1.225;3.025;0.109;0.806;80144
B31552;2015/03/05 00:21:55;80144;88;29.0;23.2;2.651;1.935;1.225;3.025;0.112;0.819;80145
B31552;2015/03/05 00:22:05;80145;93;30.9;23.7;2.674;1.935;1.274;3.025;0.112;0.838;80146
B31552;2015/03/05 00:22:15;80146;96;27.7;23.7;2.638;1.967;1.274;3.016;0.112;0.848;80147
B31552;2015/03/05 00:22:25;80147;84;31.2;23.2;2.825;1.967;1.287;3.016;0.112;0.809;80148
B31552;2015/03/05 00:22:35;80148;94;30.6;23.4;2.754;1.970;1.287;3.016;0.093;0.825;80149
B31552;2015/03/05 00:22:45;80149;92;26.7;23.4;2.664;1.970;1.274;3.016;0.093;0.812;80150
B31552;2015/03/05 00:22:55;80150;91;30.3;22.7;2.738;1.970;1.274;3.041;0.093;0.825;80151
B31552;2015/03/05 00:23:05;80151;96;28.3;22.7;2.880;1.970;1.232;3.041;0.093;0.803;80152
B31552;2015/03/05 00:23:15;80152;97;33.2;23.2;2.854;1.941;1.232;3.041;0.161;0.812;80153
B31552;2015/03/05 00:23:25;80153;91;30.9;22.9;2.716;1.941;1.219;3.041;0.161;0.806;80154
B31552;2015/03/05 00:23:35;80154;89;29.6;22.5;2.670;1.977;1.219;3.032;0.161;0.812;80155
B31552;2015/03/05 00:23:45;80155;87;30.3;23.2;2.758;1.977;1.229;3.032;0.161;0.854;80156
B31552;2015/03/05 00:23:55;80156;84;29.6;23.4;2.783;1.977;1.229;3.032;0.112;0.845;80157
B31552;2015/03/05 00:24:05;80157;91;30.0;22.7;2.861;1.977;1.283;3.032;0.112;0.812;80158
B31552;2015/03/05 00:24:15;80158;85;28.3;23.4;2.880;1.970;1.283;3.016;0.112;0.809;80159
B31552;2015/03/05 00:24:25;80159;89;26.7;23.4;2.645;1.970;1.287;3.016;0.112;0.812;80160
B31552;2015/03/05 00:24:35;80160;97;28.7;22.9;2.651;1.970;1.287;3.016;0.109;0.825;80161
B31552;2015/03/05 00:24:45;80161;80;31.2;23.6;2.793;1.970;1.235;3.016;0.109;0.809;80162
B31552;2015/03/05 00:24:55;80162;89;27.0;23.6;2.845;1.977;1.235;3.038;0.109;0.819;80163
B31552;2015/03/05 00:25:05;80163;94;30.0;23.4;2.761;1.977;1.241;3.038;0.109;0.812;80164
B31552;2015/03/05 00:25:15;80164;93;30.3;23.2;2.635;1.935;1.241;3.038;0.099;0.838;80165
B31552;2015/03/05 00:25:25;80165;88;29.0;22.9;2.674;1.935;1.229;3.038;0.099;0.816;80166
B31552;2015/03/05 00:25:35;80166;86;26.7;23.6;2.877;1.945;1.229;3.051;0.099;0.806;80167
B31552;2015/03/05 00:25:45;80167;87;29.3;23.4;2.670;1.945;1.225;3.051;0.099;0.806;80168
B31552;2015/03/05 00:25:55;80168;89;28.7;23.1;2.767;1.945;1.225;3.051;0.099;0.835;80169
B31552;2015/03/05 00:26:05;80169;88;27.7;23.2;2.880;1.945;1.222;3.051;0.099;0.793;80170
B31552;2015/03/05 00:26:15;80170;91;31.2;23.4;2.819;1.935;1.222;3.035;0.099;0.799;80171
B31552;2015/03/05 00:26:25;80171;93;29.6;23.4;2.677;1.935;1.225;3.035;0.099;0.799;80172
B31552;2015/03/05 00:26:35;80172;91;27.4;23.1;2.809;1.938;1.225;3.035;0.122;0.838;80173
B31552;2015/03/05 00:26:45;80173;90;31.2;23.7;2.703;1.938;1.280;3.035;0.122;0.809;80174
B31552;2015/03/05 00:26:55;80174;93;28.3;23.7;2.880;1.938;1.280;3.045;0.122;0.819;80175
B31552;2015/03/05 00:27:05;80175;86;30.0;22.9;2.854;1.938;1.283;3.045;0.122;0.832;80176
B31552;2015/03/05 00:27:15;80176;88;31.2;23.4;2.658;1.951;1.283;3.045;0.122;0.809;80177
B31552;2015/03/05 00:27:25;80177;87;30.9;23.2;2.864;1.951;1.280;3.045;0.122;0.832;80178
B31552;2015/03/05 00:27:35;80178;95;27.0;23.4;2.854;1.938;1.280;3.051;0.122;0.803;80179
B31552;2015/03/05 00:27:45;80179;89;27.4;23.4;2.687;1.938;1.225;3.051;0.122;0.819;80180
B31552;2015/03/05 00:27:55;80180;86;27.0;23.4;2.858;1.964;1.225;3.051;0.093;0.799;80181
B31552;2015/03/05 00:28:05;80181;83;30.9;23.9;2.661;1.964;1.222;3.051;0.093;0.825;80182
B31552;2015/03/05 00:28:15;80182;90;32.9;23.2;2.677;1.977;1.222;3.035;0.093;0.848;80183
B31552;2015/03/05 00:28:25;80183;91;30.9;23.9;2.783;1.977;1.280;3.035;0.093;0.825;80184
B31552;2015/03/05 00:28:35;80184;83;31.6;22.9;2.719;1.967;1.280;3.035;0.125;0.806;80185
B31552;2015/03/05 00:28:45;80185;86;33.2;23.7;2.758;1.967;1.238;3.035;0.125;0.835;80186
B31552;2015/03/05 00:28:55;80186;88;27.4;23.7;2.641;1.941;1.238;3.067;0.125;0.825;80187
B31552;2015/03/05 00:29:05;80187;89;30.6;23.2;2.848;1.941;1.241;3.067;0.125;0.832;80188
B31552;2015/03/05 00:29:15;80188;90;28.7;23.1;2.854;1.961;1.241;3.067;0.096;0.803;80189
B31552;2015/03/05 00:29:25;80189;84;29.3;23.7;2.664;1.961;1.274;3.067;0.096;0.809;80190
B31552;2015/03/05 00:29:35;80190;90;28.7;23.1;2.651;1.938;1.274;3.058;0.096;0.819;80191
B31552;2015/03/05 00:29:45;80191;91;26.7;23.1;2.661;1.938;1.267;3.058;0.096;0.832;80192
B31552;2015/03/05 00:29:55;80192;91;27.0;23.4;2.629;1.964;1.267;3.058;0.112;0.803;80193
B31552;2015/03/05 00:30:05;80193;90;30.6;23.7;2.880;1.964;1.258;3.058;0.112;0.816;80194
B31552;2015/03/05 00:30:15;80194;92;29.3;23.7;2.732;1.941;1.258;3.064;0.112;0.822;80195
B31552;2015/03/05 00:30:25;80195;97;31.6;22.9;2.841;1.941;1.248;3.064;0.112;0.806;80196
B31552;2015/03/05 00:30:35;80196;91;32.9;23.4;2.654;1.958;1.248;3.064;0.109;0.825;80197
B31552;2015/03/05 00:30:45;80197;91;29.0;23.2;2.774;1.958;1.232;3.064;0.109;0.838;80198
B31552;2015/03/05 00:30:55;80198;87;26.4;23.7;2.835;1.964;1.232;3.035;0.109;0.825;80199
B31552;2015/03/05 00:31:05;80199;91;27.0;22.9;2.880;1.964;1.225;3.035;0.109;0.803;80200
B31552;2015/03/05 00:31:15;80200;94;31.2;23.4;2.761;1.983;1.225;3.035;0.106;0.809;80201
B31552;2015/03/05 00:31:25;80201;77;26.4;22.9;2.880;1.983;1.232;3.035;0.106;0.803;80202
B31552;2015/03/05 00:31:35;80202;96;28.3;23.6;2.790;1.964;1.232;3.051;0.106;0.803;80203
B31552;2015/03/05 00:31:45;80203;92;31.2;23.2;2.764;1.964;1.258;3.051;0.106;0.812;80204
B31552;2015/03/05 00:31:55;80204;94;31.6;23.4;2.670;1.948;1.258;3.051;0.154;0.832;80205
B31552;2015/03/05 00:32:05;80205;89;27.0;23.4;2.632;1.948;1.248;3.051;0.154;0.825;80206
B31552;2015/03/05 00:32:15;80206;90;27.0;23.4;2.638;1.954;1.248;3.022;0.154;0.829;80207
B31552;2015/03/05 00:32:25;80207;89;29.3;23.2;2.664;1.954;1.222;3.022;0.154;0.854;80208
B31552;2015/03/05 00:32:35;80208;82;26.4;23.4;2.841;1.967;1.222;3.022;0.093;0.816;80209
B31552;2015/03/05 00:32:45;80209;92;32.2;23.4;2.716;1.967;1.261;3.022;0.093;0.832;80210
B31552;2015/03/05 00:32:55;80210;94;29.3;23.4;2.854;1.977;1.261;3.058;0.093;0.822;80211
B31552;2015/03/05 00:33:05;80211;94;30.6;23.7;2.745;1.977;1.287;3.058;0.093;0.809;80212
B31552;2015/03/05 00:33:15;80212;88;28.7;23.4;2.745;1.974;1.287;3.058;0.112;0.809;80213
B31552;2015/03/05 00:33:25;80213;88;28.0;23.4;2.854;1.974;1.274;3.058;0.112;0.812;80214
B31552;2015/03/05 00:33:35;80214;92;32.2;22.9;2.645;1.961;1.274;3.016;0.112;0.803;80215
B31552;2015/03/05 00:33:45;80215;78;30.3;23.7;2.880;1.961;1.222;3.016;0.112;0.819;80216
B31552;2015/03/05 00:33:55;80216;88;27.7;23.4;2.635;1.964;1.222;3.016;0.112;0.825;80217
B31552;2015/03/05 00:34:05;80217;89;28.3;23.1;2.638;1.964;1.232;3.016;0.112;0.822;80218
B31552;2015/03/05 00:34:15;80218;89;26.4;23.7;2.841;1.961;1.232;3.029;0.112;0.838;80219
B31552;2015/03/05 00:34:25;80219;93;26.4;23.7;2.851;1.961;1.283;3.029;0.112;0.806;80220
B31552;2015/03/05 00:34:35;80220;92;31.9;23.2;2.761;1.967;1.283;3.029;0.112;0.832;80221
B31552;2015/03/05 00:34:45;80221;90;31.2;23.4;2.693;1.967;1.274;3.029;0.112;0.812;80222
B31552;2015/03/05 00:34:55;80222;93;28.7;23.7;2.770;1.948;1.274;3.035;0.112;0.832;80223
B31552;2015/03/05 00:35:05;80223;90;30.0;23.9;2.677;1.948;1.280;3.035;0.112;0.803;80224
B31552;2015/03/05 00:35:15;80224;90;28.7;23.7;2.874;1.974;1.280;3.035;0.116;0.822;80225
B31552;2015/03/05 00:35:25;80225;93;33.5;23.7;2.664;1.974;1.229;3.035;0.116;0.816;80226
B31552;2015/03/05 00:35:35;80226;87;26.4;23.4;2.635;1.983;1.229;3.051;0.116;0.799;80227
B31552;2015/03/05 00:35:45;80227;93;29.6;23.9;2.809;1.983;1.277;3.051;0.116;0.812;80228
B31552;2015/03/05 00:35:55;80228;94;30.0;23.4;2.867;1.983;1.277;3.051;0.141;0.845;80229
B31552;2015/03/05 00:36:05;80229;89;27.4;23.6;2.635;1.983;1.254;3.051;0.141;0.845;80230
B31552;2015/03/05 00:36:15;80230;80;27.7;23.7;2.874;1.983;1.254;3.067;0.141;0.845;80231
B31552;2015/03/05 00:36:25;80231;90;29.0;23.4;2.632;1.983;1.222;3.067;0.141;0.812;80232
B31552;2015/03/05 00:36:35;80232;79;30.6;23.2;2.629;1.983;1.222;3.067;0.096;0.838;80233
B31552;2015/03/05 00:36:45;80233;86;31.9;23.7;2.719;1.983;1.251;3.067;0.096;0.809;80234
B31552;2015/03/05 00:36:55;80234;90;31.2;23.2;2.654;1.941;1.251;3.041;0.096;0.854;80235
B31552;2015/03/05 00:37:05;80235;89;31.9;22.9;2.838;1.941;1.248;3.041;0.096;0.835;80236
B31552;2015/03/05 00:37:15;80236;90;29.0;23.4;2.864;1.980;1.248;3.041;0.112;0.841;80237
B31552;2015/03/05 00:37:25;80237;96;26.7;23.7;2.629;1.980;1.277;3.041;0.112;0.848;80238
B31552;2015/03/05 00:37:35;80238;88;28.0;23.7;2.874;1.974;1.277;3.038;0.112;0.822;80239
B31552;2015/03/05 00:37:45;80239;90;31.9;23.7;2.880;1.974;1.277;3.038;0.112;0.845;80240
B31552;2015/03/05 00:37:55;80240;89;31.9;23.4;2.851;1.983;1.277;3.038;0.135;0.845;80241
B31552;2015/03/05 00:38:05;80241;88;27.7;23.7;2.645;1.983;1.245;3.038;0.135;0.829;80242
B31552;2015/03/05 00:38:15;80242;93;26.4;23.4;2.867;1.941;1.245;3.016;0.135;0.858;80243
B31552;2015/03/05 00:38:25;80243;90;26.4;23.6;2.654;1.941;1.264;3.016;0.135;0.841;80244
B31552;2015/03/05 00:38:35;80244;83;30.0;23.9;2.629;1.983;1.264;3.016;0.106;0.825;80245
B31552;2015/03/05 00:38:45;80245;78;27.7;23.4;2.651;1.983;1.290;3.016;0.106;0.825;80246
B31552;2015/03/05 00:38:55;80246;91;28.3;23.7;2.877;1.970;1.290;3.064;0.106;0.825;80247
B31552;2015/03/05 00:39:05;80247;78;29.0;23.4;2.658;1.970;1.241;3.064;0.106;0.816;80248
B31552;2015/03/05 00:39:15;80248;93;29.3;23.9;2.654;1.941;1.241;3.064;0.132;0.819;80249
B31552;2015/03/05 00:39:25;80249;84;27.7;22.9;2.880;1.941;1.248;3.064;0.132;0.803;80250
B31552;2015/03/05 00:39:35;80250;92;27.7;23.7;2.877;1.945;1.248;3.022;0.132;0.822;80251
B31552;2015/03/05 00:39:45;80251;80;28.3;22.9;2.877;1.945;1.225;3.022;0.132;0.829;80252
B31552;2015/03/05 00:39:55;80252;94;26.4;23.7;2.838;1.983;1.225;3.022;0.106;0.816;80253
B31552;2015/03/05 00:40:05;80253;88;31.2;23.7;2.719;1.983;1.254;3.022;0.106;0.848;80254
B31552;2015/03/05 00:40:15;80254;89;30.9;23.6;2.654;1.987;1.254;3.064;0.106;0.838;80255
B31552;2015/03/05 00:40:25;80255;91;25.8;23.2;2.877;1.987;1.283;3.064;0.106;0.845;80256
B31552;2015/03/05 00:40:35;80256;88;25.8;23.7;2.832;1.980;1.283;3.064;0.093;0.825;80257
B31552;2015/03/05 00:40:45;80257;83;30.6;24.1;2.803;1.980;1.225;3.064;0.093;0.799;80258
B31552;2015/03/05 00:40:55;80258;91;25.8;23.4;2.822;1.948;1.225;3.058;0.093;0.822;80259
B31552;2015/03/05 00:41:05;80259;86;30.6;24.6;2.829;1.948;1.274;3.058;0.093;0.838;80260
B31552;2015/03/05 00:41:15;80260;89;27.0;23.7;2.632;1.951;1.274;3.058;0.103;0.825;80261
B31552;2015/03/05 00:41:25;80261;88;29.0;23.9;2.632;1.951;1.290;3.058;0.103;0.812;80262
B31552;2015/03/05 00:41:35;80262;87;27.7;24.1;2.864;1.945;1.290;3.074;0.103;0.825;80263
B31552;2015/03/05 00:41:45;80263;93;26.7;23.6;2.638;1.945;1.287;3.074;0.103;0.819;80264
B31552;2015/03/05 00:41:55;80264;90;32.5;23.9;2.822;1.945;1.287;3.074;0.099;0.845;80265
B31552;2015/03/05 00:42:05;80265;90;27.4;23.6;2.632;1.945;1.287;3.074;0.099;0.848;80266
B31552;2015/03/05 00:42:15;80266;81;30.3;23.2;2.835;1.974;1.287;3.048;0.099;0.835;80267
B31552;2015/03/05 00:42:25;80267;78;27.4;22.7;2.651;1.974;1.267;3.048;0.099;0.858;80268
B31552;2015/03/05 00:42:35;80268;94;27.4;23.4;2.880;1.983;1.267;3.048;0.135;0.803;80269
B31552;2015/03/05 00:42:45;80269;92;25.8;23.1;2.651;1.983;1.232;3.048;0.135;0.803;80270
B31552;2015/03/05 00:42:55;80270;92;28.3;23.4;2.854;1.945;1.232;3.067;0.135;0.822;80271
B31552;2015/03/05 00:43:05;80271;95;27.0;23.6;2.677;1.945;1.248;3.067;0.135;0.838;80272
B31552;2015/03/05 00:43:15;80272;87;28.3;23.2;2.851;1.987;1.248;3.067;0.103;0.819;80273
B31552;2015/03/05 00:43:25;80273;90;30.0;23.6;2.829;1.987;1.229;3.067;0.103;0.809;80274
B31552;2015/03/05 00:43:35;80274;93;29.3;23.2;2.861;1.980;1.229;3.025;0.103;0.822;80275
B31552;2015/03/05 00:43:45;80275;88;27.4;23.1;2.880;1.980;1.290;3.025;0.103;0.819;80276
B31552;2015/03/05 00:43:55;80276;90;30.6;23.6;2.703;1.983;1.290;3.025;0.096;0.803;80277
B31552;2015/03/05 00:44:05;80277;85;27.0;23.2;2.680;1.983;1.241;3.025;0.096;0.809;80278
B31552;2015/03/05 00:44:15;80278;98;28.3;23.6;2.861;1.987;1.241;3.029;0.096;0.851;80279
B31552;2015/03/05 00:44:25;80279;85;27.4;23.2;2.716;1.987;1.232;3.029;0.096;0.835;80280
B31552;2015/03/05 00:44:35;80280;80;28.7;23.6;2.793;1.945;1.232;3.029;0.229;0.822;80281
B31552;2015/03/05 00:44:45;80281;91;33.2;23.4;2.803;1.945;1.229;3.029;0.229;0.829;80282
B31552;2015/03/05 00:44:55;80282;93;27.7;23.7;2.880;1.948;1.229;3.061;0.229;0.803;80283
B31552;2015/03/05 00:45:05;80283;83;26.4;23.2;2.845;1.948;1.280;3.061;0.229;0.806;80284
B31552;2015/03/05 00:45:15;80284;93;30.6;23.7;2.754;1.987;1.280;3.061;0.109;0.832;80285
B31552;2015/03/05 00:45:25;80285;84;27.7;23.2;2.880;1.987;1.229;3.061;0.109;0.819;80286
B31552;2015/03/05 00:45:35;80286;85;29.0;23.4;2.854;1.980;1.229;3.064;0.109;0.832;80287
B31552;2015/03/05 00:45:45;80287;91;27.4;23.4;2.645;1.980;1.235;3.064;0.109;0.825;80288
B31552;2015/03/05 00:45:55;80288;92;30.6;23.7;2.822;1.983;1.235;3.064;0.112;0.829;80289
B31552;2015/03/05 00:46:05;80289;90;26.7;23.4;2.638;1.983;1.229;3.064;0.112;0.799;80290
B31552;2015/03/05 00:46:15;80290;87;27.0;23.7;2.858;1.967;1.229;3.041;0.112;0.803;80291
B31552;2015/03/05 00:46:25;80291;86;32.5;23.7;2.661;1.967;1.280;3.041;0.112;0.841;80292
B31552;2015/03/05 00:46:35;80292;88;29.3;23.4;2.751;1.987;1.280;3.041;0.135;0.825;80293
B31552;2015/03/05 00:46:45;80293;94;28.3;23.7;2.651;1.987;1.280;3.041;0.135;0.838;80294
B31552;2015/03/05 00:46:55;80294;90;30.0;23.7;2.774;1.964;1.280;3.019;0.135;0.832;80295
B31552;2015/03/05 00:47:05;80295;94;30.0;23.9;2.680;1.964;1.254;3.019;0.135;0.803;80296
B31552;2015/03/05 00:47:15;80296;85;31.6;23.6;2.796;1.990;1.254;3.019;0.161;0.809;80297
B31552;2015/03/05 00:47:25;80297;91;31.2;23.4;2.777;1.990;1.248;3.019;0.161;0.819;80298
B31552;2015/03/05 00:47:35;80298;93;29.6;23.2;2.748;1.954;1.248;3.058;0.161;0.799;80299
B31552;2015/03/05 00:47:45;80299;91;28.7;23.7;2.764;1.954;1.232;3.058;0.161;0.799;80300
B31552;2015/03/05 00:47:55;80300;83;31.9;23.2;2.645;1.987;1.232;3.058;0.096;0.829;80301
B31552;2015/03/05 00:48:05;80301;83;31.9;23.9;2.661;1.987;1.232;3.058;0.096;0.825;80302
B31552;2015/03/05 00:48:15;80302;91;27.0;23.7;2.867;1.974;1.232;3.058;0.096;0.803;80303
B31552;2015/03/05 00:48:25;80303;86;33.2;23.7;2.870;1.974;1.290;3.058;0.096;0.799;80304
B31552;2015/03/05 00:48:35;80304;83;26.7;23.4;2.751;1.980;1.290;3.058;0.112;0.799;80305
B31552;2015/03/05 00:48:45;80305;91;29.3;23.2;2.761;1.980;1.241;3.058;0.112;0.799;80306
B31552;2015/03/05 00:48:55;80306;88;25.8;23.6;2.861;1.954;1.241;3.025;0.112;0.809;80307
B31552;2015/03/05 00:49:05;80307;85;28.3;22.7;2.880;1.954;1.251;3.025;0.112;0.841;80308
B31552;2015/03/05 00:49:15;80308;94;26.1;23.6;2.822;1.983;1.251;3.025;0.112;0.812;80309
B31552;2015/03/05 00:49:25;80309;91;27.7;23.4;2.706;1.983;1.232;3.025;0.112;0.803;80310
B31552;2015/03/05 00:49:35;80310;91;30.0;23.4;2.687;1.980;1.232;3.041;0.112;0.832;80311
B31552;2015/03/05 00:49:45;80311;87;31.9;24.1;2.838;1.980;1.235;3.041;0.112;0.841;80312
B31552;2015/03/05 00:49:55;80312;81;32.5;23.1;2.851;1.961;1.235;3.041;0.154;0.825;80313
B31552;2015/03/05 00:50:05;80313;93;27.4;23.7;2.706;1.961;1.274;3.041;0.154;0.822;80314
B31552;2015/03/05 00:50:15;80314;98;33.2;22.9;2.645;1.974;1.274;3.048;0.154;0.816;80315
B31552;2015/03/05 00:50:25;80315;88;28.7;23.6;2.654;1.974;1.290;3.048;0.154;0.835;80316
B31552;2015/03/05 00:50:35;80316;84;30.0;23.7;2.783;1.990;1.290;3.048;0.148;0.812;80317
B31552;2015/03/05 00:50:45;80317;83;29.3;23.4;2.793;1.990;1.238;3.048;0.148;0.832;80318
B31552;2015/03/05 00:50:55;80318;93;30.3;22.9;2.629;1.967;1.238;3.077;0.148;0.799;80319
B31552;2015/03/05 00:51:05;80319;95;28.3;23.4;2.638;1.967;1.280;3.077;0.148;0.812;80320
B31552;2015/03/05 00:51:15;80320;95;31.2;23.2;2.761;1.951;1.280;3.077;0.099;0.803;80321
B31552;2015/03/05 00:51:25;80321;88;28.7;23.6;2.651;1.951;1.293;3.077;0.099;0.841;80322
B31552;2015/03/05 00:51:35;80322;92;30.3;23.2;2.754;1.948;1.293;3.041;0.099;0.829;80323
B31552;2015/03/05 00:51:45;80323;86;30.3;23.2;2.841;1.948;1.283;3.041;0.099;0.803;80324
B31552;2015/03/05 00:51:55;80324;82;29.3;23.4;2.770;1.990;1.283;3.041;0.096;0.806;80325
B31552;2015/03/05 00:52:05;80325;83;25.8;23.4;2.851;1.990;1.229;3.041;0.096;0.812;80326
B31552;2015/03/05 00:52:15;80326;85;29.0;22.9;2.651;1.974;1.229;3.048;0.096;0.838;80327
B31552;2015/03/05 00:52:25;80327;88;26.4;23.4;2.864;1.974;1.293;3.048;0.096;0.832;80328
B31552;2015/03/05 00:52:35;80328;96;30.0;23.7;2.761;1.970;1.293;3.048;0.096;0.822;80329
B31552;2015/03/05 00:52:45;80329;88;29.6;23.4;2.780;1.970;1.235;3.048;0.096;0.835;80330
B31552;2015/03/05 00:52:55;80330;88;28.7;23.2;2.661;1.951;1.235;3.064;0.096;0.809;80331
B31552;2015/03/05 00:53:05;80331;83;28.3;23.4;2.741;1.951;1.232;3.064;0.096;0.832;80332
B31552;2015/03/05 00:53:15;80332;98;27.0;23.7;2.641;1.980;1.232;3.064;0.154;0.848;80333
B31552;2015/03/05 00:53:25;80333;95;29.6;23.1;2.874;1.980;1.290;3.064;0.154;0.829;80334
B31552;2015/03/05 00:53:35;80334;90;30.6;23.4;2.651;1.948;1.290;3.074;0.154;0.838;80335
B31552;2015/03/05 00:53:45;80335;82;27.7;23.6;2.645;1.948;1.293;3.074;0.154;0.809;80336
B31552;2015/03/05 00:53:55;80336;92;31.9;22.9;2.658;1.980;1.293;3.074;0.093;0.822;80337
B31552;2015/03/05 00:54:05;80337;94;30.6;23.2;2.799;1.980;1.232;3.074;0.093;0.812;80338
B31552;2015/03/05 00:54:15;80338;88;29.0;23.2;2.854;1.970;1.232;3.035;0.093;0.809;80339
B31552;2015/03/05 00:54:25;80339;83;27.0;22.9;2.880;1.970;1.280;3.035;0.093;0.838;80340
B31552;2015/03/05 00:54:35;80340;83;28.3;23.4;2.874;1.990;1.280;3.035;0.106;0.829;80341
B31552;2015/03/05 00:54:45;80341;89;29.3;23.6;2.812;1.990;1.274;3.035;0.106;0.838;80342
B31552;2015/03/05 00:54:55;80342;83;30.3;23.2;2.632;1.990;1.274;3.035;0.106;0.809;80343
B31552;2015/03/05 00:55:05;80343;89;30.6;23.2;2.761;1.990;1.251;3.035;0.106;0.816;80344
B31552;2015/03/05 00:55:15;80344;90;26.7;23.4;2.838;1.961;1.251;3.035;0.099;0.809;80345
B31552;2015/03/05 00:55:25;80345;96;30.9;23.6;2.803;1.961;1.241;3.035;0.099;0.861;80346
B31552;2015/03/05 00:55:35;80346;93;31.2;22.9;2.638;1.983;1.241;3.077;0.099;0.819;80347
B31552;2015/03/05 00:55:45;80347;91;30.3;23.4;2.690;1.983;1.287;3.077;0.099;0.809;80348
B31552;2015/03/05 00:55:55;80348;95;32.9;23.7;2.880;1.987;1.287;3.077;0.132;0.822;80349
B31552;2015/03/05 00:56:05;80349;80;30.9;23.4;2.706;1.987;1.274;3.077;0.132;0.822;80350
B31552;2015/03/05 00:56:15;80350;84;28.3;23.7;2.877;1.977;1.274;3.083;0.132;0.822;80351
B31552;2015/03/05 00:56:25;80351;90;27.7;23.1;2.880;1.977;1.229;3.083;0.132;0.806;80352
B31552;2015/03/05 00:56:35;80352;88;29.6;22.9;2.629;1.983;1.229;3.083;0.103;0.803;80353
B31552;2015/03/05 00:56:45;80353;93;27.7;23.2;2.638;1.983;1.274;3.083;0.103;0.848;80354
B31552;2015/03/05 00:56:55;80354;92;28.3;23.9;2.880;1.970;1.274;3.090;0.103;0.803;80355
B31552;2015/03/05 00:57:05;80355;90;33.8;23.7;2.661;1.970;1.251;3.090;0.103;0.806;80356
B31552;2015/03/05 00:57:15;80356;90;27.7;23.7;2.880;1.987;1.251;3.090;0.235;0.803;80357
B31552;2015/03/05 00:57:25;80357;82;30.6;23.1;2.712;1.987;1.264;3.090;0.235;0.816;80358
B31552;2015/03/05 00:57:35;80358;96;29.0;23.4;2.880;1.977;1.264;3.077;0.235;0.835;80359
B31552;2015/03/05 00:57:45;80359;91;30.3;22.9;2.851;1.977;1.277;3.077;0.235;0.809;80360
B31552;2015/03/05 00:57:55;80360;96;26.7;23.4;2.841;1.958;1.277;3.077;0.093;0.838;80361
B31552;2015/03/05 00:58:05;80361;91;29.6;23.4;2.661;1.958;1.232;3.077;0.093;0.822;80362
B31552;2015/03/05 00:58:15;80362;91;29.6;22.9;2.738;1.990;1.232;3.077;0.093;0.809;80363
B31552;2015/03/05 00:58:25;80363;91;29.0;23.7;2.880;1.990;1.229;3.077;0.093;0.806;80364
B31552;2015/03/05 00:58:35;80364;93;32.5;22.9;2.745;1.987;1.229;3.077;0.216;0.816;80365
B31552;2015/03/05 00:58:45;80365;83;28.3;22.7;2.880;1.987;1.270;3.077;0.216;0.816;80366
B31552;2015/03/05 00:58:55;80366;91;33.8;23.4;2.854;1.980;1.270;3.080;0.216;0.858;80367
B31552;2015/03/05 00:59:05;80367;83;25.8;23.4;2.880;1.980;1.245;3.080;0.216;0.803;80368
B31552;2015/03/05 00:59:15;80368;98;27.0;23.7;2.835;1.948;1.245;3.080;0.099;0.858;80369
B31552;2015/03/05 00:59:25;80369;89;30.9;23.2;2.680;1.948;1.270;3.080;0.099;0.841;80370
B31552;2015/03/05 00:59:35;80370;92;30.6;23.4;2.822;1.951;1.270;3.070;0.099;0.806;80371
B31552;2015/03/05 00:59:45;80371;96;29.3;23.1;2.645;1.951;1.232;3.070;0.099;0.816;80372
B31552;2015/03/05 00:59:55;80372;96;31.2;23.6;2.658;1.948;1.232;3.070;0.093;0.845;80373
B31552;2015/03/05 01:00:05;80373;93;28.7;23.4;2.745;1.948;1.232;3.070;0.093;0.822;80374
B31552;2015/03/05 01:00:15;80374;88;27.0;23.2;2.638;1.951;1.232;3.070;0.093;0.809;80375
B31552;2015/03/05 01:00:25;80375;89;29.0;23.1;2.654;1.951;1.229;3.070;0.093;0.835;80376
B31552;2015/03/05 01:00:35;80376;87;28.0;23.4;2.854;1.951;1.229;3.070;0.099;0.812;80377
B31552;2015/03/05 01:00:45;80377;90;30.0;23.6;2.793;1.951;1.296;3.070;0.099;0.845;80378
B31552;2015/03/05 01:00:55;80378;79;31.2;23.6;2.719;1.983;1.296;3.067;0.099;0.845;80379
B31552;2015/03/05 01:01:05;80379;88;25.8;23.1;2.874;1.983;1.238;3.067;0.099;0.806;80380
B31552;2015/03/05 01:01:15;80380;93;28.3;23.4;2.877;1.974;1.238;3.067;0.093;0.803;80381
B31552;2015/03/05 01:01:25;80381;83;28.7;23.7;2.654;1.974;1.238;3.067;0.093;0.835;80382
B31552;2015/03/05 01:01:35;80382;93;31.6;22.9;2.638;1.980;1.238;3.058;0.093;0.832;80383
B31552;2015/03/05 01:01:45;80383;88;31.9;23.7;2.848;1.980;1.287;3.058;0.093;0.848;80384
B31552;2015/03/05 01:01:55;80384;78;30.0;23.6;2.677;1.990;1.287;3.058;0.112;0.809;80385
B31552;2015/03/05 01:02:05;80385;94;25.8;23.4;2.880;1.990;1.248;3.058;0.112;0.838;80386
B31552;2015/03/05 01:02:15;80386;93;30.3;23.1;2.641;1.954;1.248;3.067;0.112;0.825;80387
B31552;2015/03/05 01:02:25;80387;82;28.7;23.4;2.645;1.954;1.264;3.067;0.112;0.845;80388
B31552;2015/03/05 01:02:35;80388;93;27.0;23.9;2.783;1.987;1.264;3.067;0.099;0.809;80389
B31552;2015/03/05 01:02:45;80389;91;31.2;23.9;2.654;1.987;1.261;3.067;0.099;0.806;80390
B31552;2015/03/05 01:02:55;80390;88;31.6;22.9;2.754;1.980;1.261;3.025;0.099;0.835;80391
B31552;2015/03/05 01:03:05;80391;90;28.7;23.4;2.654;1.980;1.283;3.025;0.099;0.819;80392
B31552;2015/03/05 01:03:15;80392;89;31.9;22.9;2.651;1.951;1.283;3.025;0.135;0.838;80393
B31552;2015/03/05 01:03:25;80393;88;31.2;23.7;2.680;1.951;1.287;3.025;0.135;0.806;80394
B31552;2015/03/05 01:03:35;80394;93;28.0;23.7;2.635;1.996;1.287;3.029;0.135;0.825;80395
B31552;2015/03/05 01:03:45;80395;83;28.0;23.4;2.874;1.996;1.251;3.029;0.135;0.809;80396
B31552;2015/03/05 01:03:55;80396;92;26.4;23.7;2.867;1.993;1.251;3.029;0.112;0.822;80397
B31552;2015/03/05 01:04:05;80397;83;27.7;23.4;2.645;1.993;1.296;3.029;0.112;0.809;80398
B31552;2015/03/05 01:04:15;80398;97;30.0;23.6;2.867;1.980;1.296;3.029;0.112;0.809;80399
B31552;2015/03/05 01:04:25;80399;93;31.9;24.1;2.883;1.980;1.300;3.029;0.112;0.851;80400
B31552;2015/03/05 01:04:35;80400;89;31.6;22.9;2.651;1.996;1.300;3.029;0.112;0.803;80401
B31552;2015/03/05 01:04:45;80401;89;25.8;23.7;2.883;1.996;1.235;3.029;0.112;0.822;80402
B31552;2015/03/05 01:04:55;80402;98;30.0;23.9;2.764;1.974;1.235;3.029;0.112;0.809;80403
B31552;2015/03/05 01:05:05;80403;93;29.0;23.6;2.851;1.974;1.296;3.029;0.112;0.848;80404
B31552;2015/03/05 01:05:15;80404;94;27.0;23.9;2.770;1.977;1.296;3.029;0.099;0.803;80405
B31552;2015/03/05 01:05:25;80405;81;29.6;23.6;2.880;1.977;1.235;3.029;0.099;0.822;80406
B31552;2015/03/05 01:05:35;80406;85;32.9;23.4;2.880;1.993;1.235;3.029;0.099;0.822;80407
B31552;2015/03/05 01:05:45;80407;84;27.0;22.9;2.880;1.993;1.229;3.029;0.099;0.829;80408
B31552;2015/03/05 01:05:55;80408;78;31.2;23.2;2.645;1.954;1.229;3.029;0.229;0.851;80409
B31552;2015/03/05 01:06:05;80409;89;27.4;23.6;2.732;1.954;1.293;3.029;0.229;0.812;80410
B31552;2015/03/05 01:06:15;80410;96;31.6;23.2;2.632;1.983;1.293;3.083;0.229;0.825;80411
B31552;2015/03/05 01:06:25;80411;82;27.7;23.4;2.729;1.983;1.238;3.083;0.229;0.835;80412
B31552;2015/03/05 01:06:35;80412;98;26.4;23.4;2.841;1.958;1.238;3.083;0.112;0.825;80413
B31552;2015/03/05 01:06:45;80413;96;28.7;23.2;2.867;1.958;1.232;3.083;0.112;0.822;80414
B31552;2015/03/05 01:06:55;80414;88;27.7;23.7;2.645;1.993;1.232;3.083;0.112;0.838;80415
B31552;2015/03/05 01:07:05;80415;83;30.6;23.4;2.706;1.993;1.235;3.083;0.112;0.832;80416
B31552;2015/03/05 01:07:15;80416;86;26.1;23.4;2.848;1.954;1.235;3.083;0.103;0.841;80417
B31552;2015/03/05 01:07:25;80417;90;28.7;23.7;2.758;1.954;1.283;3.083;0.103;0.803;80418
B31552;2015/03/05 01:07:35;80418;92;27.0;23.7;2.880;1.996;1.283;3.083;0.103;0.838;80419
B31552;2015/03/05 01:07:45;80419;78;25.8;23.2;2.654;1.996;1.261;3.083;0.103;0.825;80420
B31552;2015/03/05 01:07:55;80420;97;28.3;24.1;2.654;1.958;1.261;3.083;0.099;0.858;80421
B31552;2015/03/05 01:08:05;80421;94;26.4;23.2;2.654;1.958;1.251;3.083;0.099;0.812;80422
B31552;2015/03/05 01:08:15;80422;88;30.3;23.2;2.645;1.996;1.251;3.054;0.099;0.845;80423
B31552;2015/03/05 01:08:25;80423;88;25.8;23.2;2.654;1.996;1.241;3.054;0.099;0.822;80424
B31552;2015/03/05 01:08:35;80424;87;29.3;23.4;2.699;1.990;1.241;3.054;0.103;0.816;80425
B31552;2015/03/05 01:08:45;80425;91;28.3;22.7;2.861;1.990;1.300;3.054;0.103;0.809;80426
B31552;2015/03/05 01:08:55;80426;84;27.4;23.6;2.796;1.996;1.300;3.048;0.103;0.816;80427
B31552;2015/03/05 01:09:05;80427;85;28.3;23.4;2.654;1.996;1.274;3.048;0.103;0.841;80428
B31552;2015/03/05 01:09:15;80428;93;29.3;23.1;2.851;1.954;1.274;3.048;0.103;0.819;80429
B31552;2015/03/05 01:09:25;80429;96;27.0;23.6;2.638;1.954;1.229;3.048;0.103;0.832;80430
B31552;2015/03/05 01:09:35;80430;79;28.3;23.9;2.819;1.993;1.229;3.048;0.103;0.809;80431
B31552;2015/03/05 01:09:45;80431;83;27.0;23.4;2.845;1.993;1.251;3.048;0.103;0.806;80432
B31552;2015/03/05 01:09:55;80432;83;26.4;23.4;2.838;1.970;1.251;3.048;0.099;0.809;80433
B31552;2015/03/05 01:10:05;80433;91;29.0;23.9;2.670;1.970;1.245;3.048;0.099;0.812;80434
B31552;2015/03/05 01:10:15;80434;92;31.6;23.2;2.638;1.954;1.245;3.077;0.099;0.819;80435
B31552;2015/03/05 01:10:25;80435;91;28.3;23.2;2.638;1.954;1.254;3.077;0.099;0.832;80436
B31552;2015/03/05 01:10:35;80436;96;31.9;22.9;2.645;1.977;1.254;3.077;0.099;0.803;80437
B31552;2015/03/05 01:10:45;80437;88;30.6;23.9;2.654;1.977;1.290;3.077;0.099;0.845;80438
B31552;2015/03/05 01:10:55;80438;88;27.0;23.6;2.625;1.954;1.290;3.087;0.099;0.829;80439
B31552;2015/03/05 01:11:05;80439;85;31.9;23.9;2.809;1.954;1.300;3.087;0.099;0.803;80440
B31552;2015/03/05 01:11:15;80440;91;26.1;23.9;2.832;1.964;1.300;3.087;0.103;0.822;80441
B31552;2015/03/05 01:11:25;80441;84;31.2;23.4;2.758;1.964;1.300;3.087;0.103;0.803;80442
B31552;2015/03/05 01:11:35;80442;88;30.0;23.4;2.732;1.980;1.300;3.083;0.103;0.841;80443
B31552;2015/03/05 01:11:45;80443;93;30.0;23.6;2.632;1.980;1.238;3.083;0.103;0.809;80444
B31552;2015/03/05 01:11:55;80444;98;31.2;23.2;2.651;1.987;1.238;3.083;0.103;0.825;80445
B31552;2015/03/05 01:12:05;80445;93;33.2;23.6;2.780;1.987;1.232;3.083;0.103;0.848;80446
B31552;2015/03/05 01:12:15;80446;94;27.7;23.7;2.877;1.990;1.232;3.045;0.103;0.809;80447
B31552;2015/03/05 01:12:25;80447;87;27.0;23.2;2.880;1.990;1.261;3.045;0.103;0.809;80448
B31552;2015/03/05 01:12:35;80448;87;26.4;23.7;2.854;2.000;1.261;3.045;0.112;0.816;80449
B31552;2015/03/05 01:12:45;80449;87;32.5;23.4;2.822;2.000;1.238;3.045;0.112;0.812;80450
B31552;2015/03/05 01:12:55;80450;98;29.3;23.6;2.754;1.980;1.238;3.070;0.112;0.829;80451
B31552;2015/03/05 01:13:05;80451;81;27.4;23.6;2.693;1.980;1.232;3.070;0.112;0.841;80452
B31552;2015/03/05 01:13:15;80452;87;28.7;24.4;2.838;1.980;1.232;3.070;0.209;0.809;80453
B31552;2015/03/05 01:13:25;80453;88;31.2;23.9;2.829;1.980;1.245;3.070;0.209;0.835;80454
B31552;2015/03/05 01:13:35;80454;82;27.7;23.9;2.874;1.993;1.245;3.038;0.209;0.848;80455
B31552;2015/03/05 01:13:45;80455;89;27.0;23.4;2.674;1.993;1.287;3.038;0.209;0.848;80456
B31552;2015/03/05 01:13:55;80456;93;31.2;23.4;2.654;2.000;1.287;3.038;0.099;0.816;80457
B31552;2015/03/05 01:14:05;80457;91;30.6;23.9;2.645;2.000;1.254;3.038;0.099;0.825;80458
B31552;2015/03/05 01:14:15;80458;89;28.7;23.1;2.877;1.980;1.254;3.070;0.099;0.816;80459
B31552;2015/03/05 01:14:25;80459;83;26.7;23.2;2.651;1.980;1.238;3.070;0.099;0.809;80460
B31552;2015/03/05 01:14:35;80460;89;26.7;23.2;2.854;1.954;1.238;3.070;0.109;0.841;80461
B31552;2015/03/05 01:14:45;80461;93;30.9;22.9;2.825;1.954;1.300;3.070;0.109;0.812;80462
B31552;2015/03/05 01:14:55;80462;97;27.0;23.4;2.645;1.983;1.300;3.041;0.109;0.819;80463
B31552;2015/03/05 01:15:05;80463;89;26.4;23.4;2.654;1.983;1.274;3.041;0.109;0.809;80464
B31552;2015/03/05 01:15:15;80464;91;32.5;23.7;2.880;1.993;1.274;3.041;0.099;0.816;80465
B31552;2015/03/05 01:15:25;80465;80;28.7;23.4;2.745;1.993;1.270;3.041;0.099;0.845;80466
B31552;2015/03/05 01:15:35;80466;87;27.0;23.7;2.874;1.983;1.270;3.032;0.099;0.809;80467
B31552;2015/03/05 01:15:45;80467;79;27.7;23.4;2.699;1.983;1.277;3.032;0.099;0.829;80468
B31552;2015/03/05 01:15:55;80468;83;30.6;23.2;2.770;1.967;1.277;3.032;0.093;0.858;80469
B31552;2015/03/05 01:16:05;80469;87;29.6;22.9;2.638;1.967;1.300;3.032;0.093;0.816;80470
B31552;2015/03/05 01:16:15;80470;83;29.6;22.9;2.690;1.987;1.300;3.029;0.093;0.806;80471
B31552;2015/03/05 01:16:25;80471;83;26.4;23.4;2.832;1.987;1.290;3.029;0.093;0.854;80472
B31552;2015/03/05 01:16:35;80472;91;30.6;23.6;2.845;1.954;1.290;3.029;0.112;0.848;80473
B31552;2015/03/05 01:16:45;80473;90;27.0;23.7;2.680;1.954;1.238;3.029;0.112;0.816;80474
B31552;2015/03/05 01:16:55;80474;92;31.9;23.2;2.745;1.987;1.238;3.077;0.112;0.803;80475
B31552;2015/03/05 01:17:05;80475;88;30.6;23.4;2.816;1.987;1.258;3.077;0.112;0.812;80476
B31552;2015/03/05 01:17:15;80476;94;28.3;23.4;2.745;1.987;1.258;3.077;0.099;0.809;80477
B31552;2015/03/05 01:17:25;80477;88;28.3;23.2;2.632;1.987;1.290;3.077;0.099;0.838;80478
B31552;2015/03/05 01:17:35;80478;78;32.9;23.7;2.880;1.958;1.290;3.035;0.099;0.809;80479
B31552;2015/03/05 01:17:45;80479;77;26.7;23.2;2.680;1.958;1.274;3.035;0.099;0.854;80480
B31552;2015/03/05 01:17:55;80480;78;30.9;22.9;2.629;2.000;1.274;3.035;0.148;0.848;80481
B31552;2015/03/05 01:18:05;80481;94;25.8;23.6;2.883;2.000;1.235;3.035;0.148;0.867;80482
B31552;2015/03/05 01:18:15;80482;87;26.1;23.4;2.816;2.000;1.235;3.048;0.148;0.848;80483
B31552;2015/03/05 01:18:25;80483;91;30.6;23.2;2.864;2.000;1.245;3.048;0.148;0.806;80484
B31552;2015/03/05 01:18:35;80484;90;27.4;23.9;2.654;1.958;1.245;3.048;0.103;0.835;80485
B31552;2015/03/05 01:18:45;80485;90;29.6;23.2;2.680;1.958;1.287;3.048;0.103;0.848;80486
B31552;2015/03/05 01:18:55;80486;90;27.0;23.7;2.648;1.990;1.287;3.041;0.103;0.809;80487
B31552;2015/03/05 01:19:05;80487;83;28.0;23.6;2.754;1.990;1.238;3.041;0.103;0.845;80488
B31552;2015/03/05 01:19:15;80488;95;28.7;23.7;2.732;2.000;1.238;3.041;0.132;0.812;80489
B31552;2015/03/05 01:19:25;80489;92;28.7;23.6;2.648;2.000;1.251;3.041;0.132;0.845;80490
B31552;2015/03/05 01:19:35;80490;96;29.6;23.4;2.877;1.980;1.251;3.077;0.132;0.812;80491
B31552;2015/03/05 01:19:45;80491;88;31.2;23.9;2.651;1.980;1.258;3.077;0.132;0.829;80492
B31552;2015/03/05 01:19:55;80492;90;28.3;23.1;2.854;2.003;1.258;3.077;0.112;0.845;80493
B31552;2015/03/05 01:20:05;80493;87;26.4;23.4;2.654;2.003;1.296;3.077;0.112;0.838;80494
B31552;2015/03/05 01:20:15;80494;90;29.3;23.6;2.848;1.958;1.296;3.038;0.112;0.809;80495
B31552;2015/03/05 01:20:25;80495;85;28.3;23.4;2.638;1.958;1.283;3.038;0.112;0.809;80496
B31552;2015/03/05 01:20:35;80496;91;27.7;23.9;2.780;1.958;1.283;3.038;0.103;0.845;80497
B31552;2015/03/05 01:20:45;80497;91;30.3;23.7;2.680;1.958;1.235;3.038;0.103;0.854;80498
B31552;2015/03/05 01:20:55;80498;84;27.0;23.7;2.645;1.980;1.235;3.077;0.103;0.835;80499
B31552;2015/03/05 01:21:05;80499;90;30.0;23.9;2.674;1.980;1.303;3.077;0.103;0.806;80500
B31552;2015/03/05 01:21:15;80500;85;32.2;23.2;2.645;2.000;1.303;3.077;0.122;0.829;80501
B31552;2015/03/05 01:21:25;80501;87;30.3;22.9;2.677;2.000;1.238;3.077;0.122;0.848;80502
B31552;2015/03/05 01:21:35;80502;82;27.0;23.4;2.845;1.980;1.238;3.048;0.122;0.809;80503
B31552;2015/03/05 01:21:45;80503;90;33.2;24.1;2.796;1.980;1.258;3.048;0.122;0.848;80504
B31552;2015/03/05 01:21:55;80504;97;30.3;23.2;2.693;1.961;1.258;3.048;0.112;0.851;80505
B31552;2015/03/05 01:22:05;80505;96;28.3;23.1;2.877;1.961;1.241;3.048;0.112;0.819;80506
B31552;2015/03/05 01:22:15;80506;90;32.5;23.2;2.635;1.961;1.241;3.070;0.112;0.816;80507
B31552;2015/03/05 01:22:25;80507;88;31.9;23.2;2.880;1.961;1.290;3.070;0.112;0.816;80508
B31552;2015/03/05 01:22:35;80508;93;29.3;23.4;2.770;1.958;1.290;3.070;0.135;0.858;80509
B31552;2015/03/05 01:22:45;80509;87;27.0;23.1;2.732;1.958;1.303;3.070;0.135;0.845;80510
B31552;2015/03/05 01:22:55;80510;84;29.6;22.9;2.777;1.977;1.303;3.038;0.135;0.822;80511
B31552;2015/03/05 01:23:05;80511;83;25.8;23.1;2.883;1.977;1.238;3.038;0.135;0.854;80512
B31552;2015/03/05 01:23:15;80512;93;28.3;23.6;2.854;1.996;1.238;3.038;0.106;0.825;80513
B31552;2015/03/05 01:23:25;80513;78;33.5;23.7;2.658;1.996;1.267;3.038;0.106;0.825;80514
B31552;2015/03/05 01:23:35;80514;79;27.4;23.4;2.796;1.980;1.267;3.077;0.106;0.806;80515
B31552;2015/03/05 01:23:45;80515;84;26.7;23.4;2.638;1.980;1.261;3.077;0.106;0.832;80516
B31552;2015/03/05 01:23:55;80516;90;32.9;23.7;2.880;1.961;1.261;3.077;0.112;0.816;80517
B31552;2015/03/05 01:24:05;80517;87;26.1;23.4;2.658;1.961;1.296;3.077;0.112;0.845;80518
B31552;2015/03/05 01:24:15;80518;96;28.7;23.4;2.783;1.987;1.296;3.054;0.112;0.825;80519
B31552;2015/03/05 01:24:25;80519;96;26.1;23.4;2.680;1.987;1.254;3.054;0.112;0.835;80520
B31552;2015/03/05 01:24:35;80520;93;28.7;23.6;2.806;1.961;1.254;3.054;0.099;0.819;80521
B31552;2015/03/05 01:24:45;80521;90;29.3;23.2;2.770;1.961;1.251;3.054;0.099;0.816;80522
B31552;2015/03/05 01:24:55;80522;89;30.0;23.7;2.822;1.993;1.251;3.048;0.099;0.845;80523
B31552;2015/03/05 01:25:05;80523;93;27.0;23.1;2.880;1.993;1.300;3.048;0.099;0.825;80524
B31552;2015/03/05 01:25:15;80524;90;32.9;23.7;2.880;1.964;1.300;3.048;0.112;0.819;80525
B31552;2015/03/05 01:25:25;80525;90;29.3;23.2;2.809;1.964;1.293;3.048;0.112;0.809;80526
B31552;2015/03/05 01:25:35;80526;78;29.0;23.1;2.654;1.983;1.293;3.041;0.112;0.816;80527
B31552;2015/03/05 01:25:45;80527;83;30.0;24.3;2.822;1.983;1.241;3.041;0.112;0.825;80528
B31552;2015/03/05 01:25:55;80528;84;26.4;23.7;2.641;2.000;1.241;3.041;0.112;0.829;80529
B31552;2015/03/05 01:26:05;80529;83;26.7;23.7;2.670;2.000;1.241;3.041;0.112;0.812;80530
B31552;2015/03/05 01:26:15;80530;96;33.2;22.9;2.638;1.987;1.241;3.054;0.112;0.809;80531
B31552;2015/03/05 01:26:25;80531;83;30.6;23.4;2.680;1.987;1.290;3.054;0.112;0.819;80532
B31552;2015/03/05 01:26:35;80532;91;28.7;23.1;2.651;1.961;1.290;3.054;0.112;0.822;80533
B31552;2015/03/05 01:26:45;80533;92;28.3;22.9;2.874;1.961;1.251;3.054;0.112;0.812;80534
B31552;2015/03/05 01:26:55;80534;90;30.6;23.6;2.751;2.003;1.251;3.083;0.112;0.851;80535
B31552;2015/03/05 01:27:05;80535;96;27.4;22.9;2.880;2.003;1.261;3.083;0.112;0.845;80536
B31552;2015/03/05 01:27:15;80536;84;29.6;22.9;2.719;1.961;1.261;3.083;0.112;0.822;80537
B31552;2015/03/05 01:27:25;80537;91;33.2;23.7;2.770;1.961;1.267;3.083;0.112;0.822;80538
B31552;2015/03/05 01:27:35;80538;93;30.0;23.4;2.696;1.987;1.267;3.058;0.112;0.835;80539
B31552;2015/03/05 01:27:45;80539;91;26.7;23.4;2.664;1.987;1.274;3.058;0.112;0.809;80540
B31552;2015/03/05 01:27:55;80540;95;26.4;23.4;2.861;1.983;1.274;3.058;0.125;0.809;80541
B31552;2015/03/05 01:28:05;80541;92;26.7;23.6;2.658;1.983;1.274;3.058;0.125;0.803;80542
B31552;2015/03/05 01:28:15;80542;94;28.7;23.4;2.770;2.003;1.274;3.083;0.125;0.848;80543
B31552;2015/03/05 01:28:25;80543;81;27.4;23.4;2.632;2.003;1.238;3.083;0.125;0.851;80544
B31552;2015/03/05 01:28:35;80544;90;26.7;23.4;2.645;1.993;1.238;3.083;0.177;0.825;80545
B31552;2015/03/05 01:28:45;80545;94;30.6;23.9;2.793;1.993;1.296;3.083;0.177;0.809;80546
B31552;2015/03/05 01:28:55;80546;98;27.0;23.7;2.629;1.980;1.296;3.096;0.177;0.803;80547
B31552;2015/03/05 01:29:05;80547;88;30.9;22.9;2.874;1.980;1.248;3.096;0.177;0.841;80548
B31552;2015/03/05 01:29:15;80548;96;28.0;23.1;2.654;2.000;1.248;3.096;0.112;0.825;80549
B31552;2015/03/05 01:29:25;80549;90;32.5;23.7;2.661;2.000;1.277;3.096;0.112;0.825;80550
B31552;2015/03/05 01:29:35;80550;81;28.0;23.9;2.880;1.961;1.277;3.061;0.112;0.845;80551
B31552;2015/03/05 01:29:45;80551;83;27.0;23.4;2.645;1.961;1.238;3.061;0.112;0.803;80552
B31552;2015/03/05 01:29:55;80552;93;30.3;23.2;2.696;1.980;1.238;3.061;0.154;0.841;80553
B31552;2015/03/05 01:30:05;80553;81;27.4;23.4;2.648;1.980;1.238;3.061;0.154;0.845;80554
B31552;2015/03/05 01:30:15;80554;93;32.9;23.2;2.664;1.987;1.238;3.038;0.154;0.829;80555
B31552;2015/03/05 01:30:25;80555;93;27.7;23.7;2.654;1.987;1.241;3.038;0.154;0.812;80556
B31552;2015/03/05 01:30:35;80556;94;32.9;24.4;2.806;1.996;1.241;3.038;0.103;0.803;80557
B31552;2015/03/05 01:30:45;80557;83;31.2;23.4;2.761;1.996;1.248;3.038;0.103;0.803;80558
B31552;2015/03/05 01:30:55;80558;83;30.3;23.2;2.645;1.987;1.248;3.038;0.103;0.822;80559
B31552;2015/03/05 01:31:05;80559;88;28.7;23.6;2.664;1.987;1.293;3.038;0.103;0.841;80560
B31552;2015/03/05 01:31:15;80560;84;27.7;23.2;2.854;1.967;1.293;3.038;0.112;0.845;80561
B31552;2015/03/05 01:31:25;80561;84;33.2;23.4;2.874;1.967;1.258;3.038;0.112;0.816;80562
B31552;2015/03/05 01:31:35;80562;83;26.1;23.7;2.819;1.996;1.258;3.070;0.112;0.822;80563
B31552;2015/03/05 01:31:45;80563;87;29.3;23.7;2.777;1.996;1.287;3.070;0.112;0.809;80564
B31552;2015/03/05 01:31:55;80564;97;27.0;23.7;2.867;1.977;1.287;3.070;0.099;0.822;80565
B31552;2015/03/05 01:32:05;80565;92;30.6;23.6;2.758;1.977;1.274;3.070;0.099;0.848;80566
B31552;2015/03/05 01:32:15;80566;90;28.3;24.1;2.880;1.970;1.274;3.070;0.099;0.809;80567
B31552;2015/03/05 01:32:25;80567;84;27.7;23.4;2.651;1.970;1.258;3.070;0.099;0.809;80568
B31552;2015/03/05 01:32:35;80568;94;29.3;23.4;2.770;2.003;1.258;3.070;0.170;0.809;80569
B31552;2015/03/05 01:32:45;80569;93;31.2;23.2;2.841;2.003;1.254;3.070;0.170;0.832;80570
B31552;2015/03/05 01:32:55;80570;98;33.2;23.4;2.654;1.993;1.254;3.096;0.170;0.825;80571
B31552;2015/03/05 01:33:05;80571;97;28.7;23.4;2.654;1.993;1.303;3.096;0.170;0.825;80572
B31552;2015/03/05 01:33:15;80572;96;31.9;23.2;2.645;2.000;1.303;3.096;0.222;0.803;80573
B31552;2015/03/05 01:33:25;80573;92;27.0;23.9;2.638;2.000;1.290;3.096;0.222;0.799;80574
B31552;2015/03/05 01:33:35;80574;81;26.7;23.7;2.796;1.970;1.290;3.041;0.222;0.809;80575
B31552;2015/03/05 01:33:45;80575;85;29.3;23.7;2.664;1.970;1.245;3.041;0.222;0.803;80576
B31552;2015/03/05 01:33:55;80576;81;27.7;23.9;2.664;2.006;1.245;3.041;0.109;0.809;80577
B31552;2015/03/05 01:34:05;80577;90;28.0;23.7;2.854;2.006;1.296;3.041;0.109;0.841;80578
B31552;2015/03/05 01:34:15;80578;91;28.3;23.2;2.664;1.987;1.296;3.041;0.109;0.819;80579
B31552;2015/03/05 01:34:25;80579;91;32.5;23.4;2.651;1.987;1.270;3.041;0.109;0.803;80580
B31552;2015/03/05 01:34:35;80580;81;31.2;23.2;2.780;1.964;1.270;3.041;0.103;0.822;80581
B31552;2015/03/05 01:34:45;80581;97;30.6;23.7;2.729;1.964;1.245;3.041;0.103;0.799;80582
B31552;2015/03/05 01:34:55;80582;90;29.6;23.7;2.680;1.964;1.245;3.077;0.103;0.845;80583
B31552;2015/03/05 01:35:05;80583;92;27.0;23.4;2.680;1.964;1.258;3.077;0.103;0.848;80584
B31552;2015/03/05 01:35:15;80584;85;30.6;22.9;2.625;2.003;1.258;3.077;0.103;0.809;80585
B31552;2015/03/05 01:35:25;80585;89;28.0;23.4;2.719;2.003;1.241;3.077;0.103;0.845;80586
B31552;2015/03/05 01:35:35;80586;78;32.5;23.7;2.877;1.980;1.241;3.041;0.103;0.809;80587
B31552;2015/03/05 01:35:45;80587;95;25.8;23.4;2.877;1.980;1.245;3.041;0.103;0.825;80588
B31552;2015/03/05 01:35:55;80588;83;31.2;23.2;2.638;1.987;1.245;3.041;0.203;0.832;80589
B31552;2015/03/05 01:36:05;80589;89;31.9;23.9;2.783;1.987;1.309;3.041;0.203;0.838;80590
B31552;2015/03/05 01:36:15;80590;91;31.2;23.1;2.629;2.003;1.309;3.058;0.203;0.816;80591
B31552;2015/03/05 01:36:25;80591;87;29.6;23.4;2.667;2.003;1.251;3.058;0.203;0.848;80592
B31552;2015/03/05 01:36:35;80592;93;26.7;23.7;2.651;1.996;1.251;3.058;0.154;0.822;80593
B31552;2015/03/05 01:36:45;80593;91;28.3;23.2;2.690;1.996;1.283;3.058;0.154;0.838;80594
B31552;2015/03/05 01:36:55;80594;92;27.7;23.7;2.651;1.996;1.283;3.083;0.154;0.829;80595
B31552;2015/03/05 01:37:05;80595;88;28.7;23.4;2.661;1.996;1.267;3.083;0.154;0.809;80596
B31552;2015/03/05 01:37:15;80596;92;27.7;23.7;2.877;1.990;1.267;3.083;0.096;0.809;80597
B31552;2015/03/05 01:37:25;80597;86;25.8;23.6;2.877;1.990;1.280;3.083;0.096;0.854;80598
B31552;2015/03/05 01:37:35;80598;98;28.3;23.6;2.867;1.990;1.280;3.048;0.096;0.809;80599
B31552;2015/03/05 01:37:45;80599;83;31.9;22.9;2.829;1.990;1.254;3.048;0.096;0.812;80600
B31552;2015/03/05 01:37:55;80600;93;27.0;23.6;2.867;2.009;1.254;3.048;0.099;0.816;80601
B31552;2015/03/05 01:38:05;80601;83;27.0;23.4;2.632;2.009;1.306;3.048;0.099;0.803;80602
B31552;2015/03/05 01:38:15;80602;83;31.9;23.4;2.651;1.974;1.306;3.070;0.099;0.822;80603
B31552;2015/03/05 01:38:25;80603;91;26.4;23.6;2.722;1.974;1.241;3.070;0.099;0.803;80604
B31552;2015/03/05 01:38:35;80604;95;27.0;23.7;2.877;2.003;1.241;3.070;0.112;0.832;80605
B31552;2015/03/05 01:38:45;80605;85;25.8;23.4;2.877;2.003;1.296;3.070;0.112;0.809;80606
B31552;2015/03/05 01:38:55;80606;93;29.3;23.6;2.822;2.000;1.296;3.083;0.112;0.809;80607
B31552;2015/03/05 01:39:05;80607;89;31.6;23.9;2.645;2.000;1.238;3.083;0.112;0.816;80608
B31552;2015/03/05 01:39:15;80608;93;29.3;23.9;2.645;1.967;1.238;3.083;0.109;0.851;80609
B31552;2015/03/05 01:39:25;80609;91;27.0;22.9;2.880;1.967;1.283;3.083;0.109;0.819;80610
B31552;2015/03/05 01:39:35;80610;93;31.2;22.9;2.719;2.003;1.283;3.054;0.109;0.848;80611
B31552;2015/03/05 01:39:45;80611;88;30.0;23.2;2.835;2.003;1.251;3.054;0.109;0.809;80612
B31552;2015/03/05 01:39:55;80612;88;30.0;23.4;2.854;1.987;1.251;3.054;0.099;0.812;80613
B31552;2015/03/05 01:40:05;80613;95;27.4;23.4;2.651;1.987;1.245;3.054;0.099;0.809;80614
B31552;2015/03/05 01:40:15;80614;88;28.3;23.6;2.783;2.000;1.245;3.100;0.099;0.809;80615
B31552;2015/03/05 01:40:25;80615;92;29.6;23.7;2.716;2.000;1.261;3.100;0.099;0.812;80616
B31552;2015/03/05 01:40:35;80616;85;29.0;23.7;2.654;2.009;1.261;3.100;0.148;0.809;80617
B31552;2015/03/05 01:40:45;80617;85;29.6;23.2;2.822;2.009;1.241;3.100;0.148;0.848;80618
B31552;2015/03/05 01:40:55;80618;83;28.7;24.1;2.654;2.000;1.241;3.070;0.148;0.816;80619
B31552;2015/03/05 01:41:05;80619;89;30.6;23.4;2.816;2.000;1.245;3.070;0.148;0.803;80620
B31552;2015/03/05 01:41:15;80620;93;31.2;22.9;2.632;1.977;1.245;3.070;0.112;0.845;80621
B31552;2015/03/05 01:41:25;80621;93;31.9;23.6;2.790;1.977;1.309;3.070;0.112;0.835;80622
B31552;2015/03/05 01:41:35;80622;89;32.5;23.9;2.848;1.987;1.309;3.096;0.112;0.825;80623
B31552;2015/03/05 01:41:45;80623;90;30.0;23.2;2.874;1.987;1.300;3.096;0.112;0.835;80624
B31552;2015/03/05 01:41:55;80624;89;26.7;23.7;2.635;1.967;1.300;3.096;0.161;0.825;80625
B31552;2015/03/05 01:42:05;80625;88;31.9;22.9;2.851;1.967;1.293;3.096;0.161;0.812;80626
B31552;2015/03/05 01:42:15;80626;93;26.4;23.7;2.841;2.003;1.293;3.077;0.161;0.832;80627
B31552;2015/03/05 01:42:25;80627;90;26.1;23.4;2.845;2.003;1.293;3.077;0.161;0.845;80628
B31552;2015/03/05 01:42:35;80628;91;28.0;23.4;2.880;1.974;1.293;3.077;0.099;0.822;80629
B31552;2015/03/05 01:42:45;80629;79;30.3;23.7;2.687;1.974;1.306;3.077;0.099;0.806;80630
B31552;2015/03/05 01:42:55;80630;97;31.9;23.4;2.822;2.006;1.306;3.067;0.099;0.816;80631
B31552;2015/03/05 01:43:05;80631;94;26.4;23.2;2.661;2.006;1.254;3.067;0.099;0.812;80632
B31552;2015/03/05 01:43:15;80632;96;27.7;23.4;2.877;2.006;1.254;3.067;0.112;0.809;80633
B31552;2015/03/05 01:43:25;80633;90;30.9;23.4;2.877;2.006;1.261;3.067;0.112;0.829;80634
B31552;2015/03/05 01:43:35;80634;87;29.6;23.6;2.770;2.009;1.261;3.054;0.112;0.816;80635
B31552;2015/03/05 01:43:45;80635;84;25.8;23.4;2.883;2.009;1.248;3.054;0.112;0.845;80636
B31552;2015/03/05 01:43:55;80636;98;31.2;23.2;2.654;2.003;1.248;3.054;0.135;0.803;80637
B31552;2015/03/05 01:44:05;80637;88;30.0;22.9;2.848;2.003;1.309;3.054;0.135;0.825;80638
B31552;2015/03/05 01:44:15;80638;90;27.4;23.7;2.867;1.987;1.309;3.096;0.135;0.845;80639
B31552;2015/03/05 01:44:25;80639;90;32.5;23.2;2.680;1.987;1.290;3.096;0.135;0.825;80640
B31552;2015/03/05 01:44:35;80640;84;28.7;23.7;2.854;1.967;1.290;3.096;0.141;0.835;80641
B31552;2015/03/05 01:44:45;80641;84;27.4;23.7;2.645;1.967;1.306;3.096;0.141;0.803;80642
B31552;2015/03/05 01:44:55;80642;83;27.4;23.7;2.867;1.996;1.306;3.096;0.141;0.835;80643
B31552;2015/03/05 01:45:05;80643;88;30.6;23.7;2.799;1.996;1.264;3.096;0.141;0.819;80644
B31552;2015/03/05 01:45:15;80644;95;32.5;22.9;2.854;2.009;1.264;3.096;0.093;0.803;80645
B31552;2015/03/05 01:45:25;80645;94;27.0;23.9;2.635;2.009;1.241;3.096;0.093;0.812;80646
B31552;2015/03/05 01:45:35;80646;90;29.6;23.2;2.806;1.967;1.241;3.096;0.093;0.845;80647
B31552;2015/03/05 01:45:45;80647;93;31.9;23.4;2.703;1.967;1.254;3.096;0.093;0.809;80648
B31552;2015/03/05 01:45:55;80648;88;31.6;22.9;2.645;1.990;1.254;3.096;0.112;0.845;80649
B31552;2015/03/05 01:46:05;80649;91;30.3;23.7;2.680;1.990;1.277;3.096;0.112;0.806;80650
B31552;2015/03/05 01:46:15;80650;90;26.4;23.4;2.787;1.977;1.277;3.061;0.112;0.803;80651
B31552;2015/03/05 01:46:25;80651;89;28.3;22.9;2.867;1.977;1.248;3.061;0.112;0.809;80652
B31552;2015/03/05 01:46:35;80652;84;30.0;23.7;2.841;1.996;1.248;3.061;0.106;0.822;80653
B31552;2015/03/05 01:46:45;80653;93;25.8;23.4;2.654;1.996;1.251;3.061;0.106;0.838;80654
B31552;2015/03/05 01:46:55;80654;97;29.3;23.2;2.677;2.003;1.251;3.083;0.106;0.803;80655
B31552;2015/03/05 01:47:05;80655;92;27.4;23.6;2.645;2.003;1.251;3.083;0.106;0.835;80656
B31552;2015/03/05 01:47:15;80656;92;29.3;23.7;2.754;1.967;1.251;3.083;0.099;0.845;80657
B31552;2015/03/05 01:47:25;80657;79;31.9;23.7;2.758;1.967;1.261;3.083;0.099;0.854;80658
B31552;2015/03/05 01:47:35;80658;91;28.3;23.6;2.854;1.996;1.261;3.067;0.099;0.803;80659
B31552;2015/03/05 01:47:45;80659;88;30.0;23.2;2.870;1.996;1.251;3.067;0.099;0.799;80660
B31552;2015/03/05 01:47:55;80660;91;28.0;23.7;2.877;1.967;1.251;3.067;0.112;0.835;80661
B31552;2015/03/05 01:48:05;80661;90;28.3;23.1;2.874;1.967;1.270;3.067;0.112;0.841;80662
B31552;2015/03/05 01:48:15;80662;92;30.3;23.4;2.812;2.009;1.270;3.041;0.112;0.845;80663
B31552;2015/03/05 01:48:25;80663;90;30.3;23.9;2.641;2.009;1.287;3.041;0.112;0.819;80664
B31552;2015/03/05 01:48:35;80664;92;28.3;23.2;2.877;2.009;1.287;3.041;0.099;0.825;80665
B31552;2015/03/05 01:48:45;80665;93;31.2;22.9;2.858;2.009;1.312;3.041;0.099;0.809;80666
B31552;2015/03/05 01:48:55;80666;98;31.2;23.2;2.654;2.006;1.312;3.093;0.099;0.848;80667
B31552;2015/03/05 01:49:05;80667;94;27.7;23.2;2.880;2.006;1.312;3.093;0.099;0.861;80668
B31552;2015/03/05 01:49:15;80668;95;30.6;23.4;2.864;1.996;1.312;3.093;0.112;0.838;80669
B31552;2015/03/05 01:49:25;80669;81;29.6;23.2;2.677;1.996;1.280;3.093;0.112;0.806;80670
B31552;2015/03/05 01:49:35;80670;93;31.9;23.9;2.761;1.967;1.280;3.058;0.112;0.822;80671
B31552;2015/03/05 01:49:45;80671;90;28.3;23.7;2.651;1.967;1.254;3.058;0.112;0.812;80672
B31552;2015/03/05 01:49:55;80672;94;30.6;23.4;2.777;2.009;1.254;3.058;0.122;0.806;80673
B31552;2015/03/05 01:50:05;80673;82;25.8;23.2;2.870;2.009;1.280;3.058;0.122;0.845;80674
B31552;2015/03/05 01:50:15;80674;88;28.3;23.4;2.867;1.974;1.280;3.096;0.122;0.829;80675
B31552;2015/03/05 01:50:25;80675;94;27.0;22.9;2.887;1.974;1.264;3.096;0.122;0.819;80676
B31552;2015/03/05 01:50:35;80676;94;30.6;23.2;2.658;2.006;1.264;3.096;0.109;0.803;80677
B31552;2015/03/05 01:50:45;80677;85;28.3;22.9;2.651;2.006;1.248;3.096;0.109;0.832;80678
B31552;2015/03/05 01:50:55;80678;89;32.2;23.6;2.654;1.977;1.248;3.096;0.109;0.825;80679
B31552;2015/03/05 01:51:05;80679;93;26.7;23.6;2.674;1.977;1.277;3.096;0.109;0.812;80680
B31552;2015/03/05 01:51:15;80680;90;28.7;23.2;2.864;2.000;1.277;3.096;0.112;0.809;80681
B31552;2015/03/05 01:51:25;80681;89;28.3;23.7;2.651;2.000;1.303;3.096;0.112;0.812;80682
B31552;2015/03/05 01:51:35;80682;81;31.2;23.4;2.770;2.009;1.303;3.100;0.112;0.819;80683
B31552;2015/03/05 01:51:45;80683;93;31.6;23.4;2.729;2.009;1.245;3.100;0.112;0.845;80684
B31552;2015/03/05 01:51:55;80684;96;30.6;23.7;2.832;2.006;1.245;3.100;0.135;0.799;80685
B31552;2015/03/05 01:52:05;80685;92;28.3;23.2;2.874;2.006;1.290;3.100;0.135;0.816;80686
B31552;2015/03/05 01:52:15;80686;86;31.9;23.4;2.838;2.006;1.290;3.100;0.135;0.809;80687
B31552;2015/03/05 01:52:25;80687;94;27.0;22.9;2.887;2.006;1.245;3.100;0.135;0.806;80688
B31552;2015/03/05 01:52:35;80688;91;31.9;23.7;2.690;1.967;1.245;3.100;0.135;0.816;80689
B31552;2015/03/05 01:52:45;80689;91;29.6;23.4;2.867;1.967;1.280;3.100;0.135;0.803;80690
B31552;2015/03/05 01:52:55;80690;92;28.3;23.4;2.780;2.009;1.280;3.051;0.135;0.845;80691
B31552;2015/03/05 01:53:05;80691;89;27.4;23.9;2.651;2.009;1.248;3.051;0.135;0.803;80692
B31552;2015/03/05 01:53:15;80692;78;31.2;23.2;2.748;1.967;1.248;3.051;0.112;0.819;80693
B31552;2015/03/05 01:53:25;80693;87;30.0;22.7;2.880;1.967;1.248;3.051;0.112;0.803;80694
B31552;2015/03/05 01:53:35;80694;93;29.3;23.4;2.770;2.012;1.248;3.100;0.112;0.825;80695
B31552;2015/03/05 01:53:45;80695;92;31.9;23.4;2.816;2.012;1.306;3.100;0.112;0.803;80696
B31552;2015/03/05 01:53:55;80696;83;29.3;23.9;2.645;2.009;1.306;3.100;0.190;0.803;80697
B31552;2015/03/05 01:54:05;80697;90;32.5;23.4;2.658;2.009;1.248;3.100;0.190;0.799;80698
B31552;2015/03/05 01:54:15;80698;86;32.5;23.7;2.658;2.012;1.248;3.074;0.190;0.812;80699
B31552;2015/03/05 01:54:25;80699;86;29.0;23.9;2.825;2.012;1.293;3.074;0.190;0.812;80700
B31552;2015/03/05 01:54:35;80700;89;27.0;23.9;2.880;1.970;1.293;3.074;0.170;0.832;80701
B31552;2015/03/05 01:54:45;80701;89;28.3;23.4;2.638;1.970;1.270;3.074;0.170;0.819;80702
B31552;2015/03/05 01:54:55;80702;93;26.4;23.6;2.838;2.000;1.270;3.090;0.170;0.829;80703
B31552;2015/03/05 01:55:05;80703;88;27.4;23.6;2.645;2.000;1.287;3.090;0.170;0.819;80704
B31552;2015/03/05 01:55:15;80704;93;33.5;23.1;2.732;1.970;1.287;3.090;0.112;0.832;80705
B31552;2015/03/05 01:55:25;80705;96;31.2;23.9;2.638;1.970;1.251;3.090;0.112;0.819;80706
B31552;2015/03/05 01:55:35;80706;93;25.8;23.7;2.845;1.970;1.251;3.070;0.112;0.822;80707
B31552;2015/03/05 01:55:45;80707;88;27.7;23.4;2.651;1.970;1.251;3.070;0.112;0.806;80708
B31552;2015/03/05 01:55:55;80708;94;28.3;23.2;2.854;1.987;1.251;3.070;0.109;0.832;80709
B31552;2015/03/05 01:56:05;80709;92;33.5;23.7;2.783;1.987;1.258;3.070;0.109;0.819;80710
B31552;2015/03/05 01:56:15;80710;89;29.3;23.4;2.729;1.996;1.258;3.077;0.109;0.845;80711
B31552;2015/03/05 01:56:25;80711;89;29.0;23.9;2.674;1.996;1.300;3.077;0.109;0.854;80712
B31552;2015/03/05 01:56:35;80712;94;26.4;23.7;2.641;1.974;1.300;3.077;0.103;0.822;80713
B31552;2015/03/05 01:56:45;80713;83;27.0;23.7;2.638;1.974;1.309;3.077;0.103;0.816;80714
B31552;2015/03/05 01:56:55;80714;84;30.0;23.6;2.841;2.006;1.309;3.077;0.103;0.845;80715
B31552;2015/03/05 01:57:05;80715;88;26.4;23.1;2.887;2.006;1.261;3.077;0.103;0.806;80716
B31552;2015/03/05 01:57:15;80716;91;29.3;23.2;2.661;2.009;1.261;3.077;0.148;0.835;80717
B31552;2015/03/05 01:57:25;80717;92;29.6;22.9;2.877;2.009;1.248;3.077;0.148;0.825;80718
B31552;2015/03/05 01:57:35;80718;82;28.3;24.1;2.654;2.000;1.248;3.096;0.148;0.799;80719
B31552;2015/03/05 01:57:45;80719;92;27.0;22.9;2.880;2.000;1.267;3.096;0.148;0.812;80720
B31552;2015/03/05 01:57:55;80720;88;27.4;23.7;2.654;2.000;1.267;3.096;0.145;0.803;80721
B31552;2015/03/05 01:58:05;80721;88;29.6;23.9;2.806;2.000;1.254;3.096;0.145;0.809;80722
B31552;2015/03/05 01:58:15;80722;80;27.0;23.7;2.877;1.970;1.254;3.096;0.145;0.822;80723
B31552;2015/03/05 01:58:25;80723;81;25.8;23.4;2.851;1.970;1.261;3.096;0.145;0.841;80724
B31552;2015/03/05 01:58:35;80724;87;29.6;23.2;2.687;1.990;1.261;3.096;0.112;0.858;80725
B31552;2015/03/05 01:58:45;80725;93;25.8;23.1;2.880;1.990;1.264;3.096;0.112;0.803;80726
B31552;2015/03/05 01:58:55;80726;90;25.8;23.7;2.838;1.983;1.264;3.096;0.112;0.838;80727
B31552;2015/03/05 01:59:05;80727;83;29.3;22.9;2.816;1.983;1.251;3.096;0.112;0.803;80728
B31552;2015/03/05 01:59:15;80728;96;28.0;23.4;2.651;1.980;1.251;3.096;0.122;0.848;80729
B31552;2015/03/05 01:59:25;80729;88;29.0;24.1;2.670;1.980;1.248;3.096;0.122;0.835;80730
B31552;2015/03/05 01:59:35;80730;96;30.0;23.6;2.677;2.012;1.248;3.096;0.122;0.816;80731
B31552;2015/03/05 01:59:45;80731;94;27.0;23.1;2.651;2.012;1.290;3.096;0.122;0.825;80732
B31552;2015/03/05 01:59:55;80732;91;29.6;23.6;2.638;2.009;1.290;3.096;0.096;0.809;80733
B31552;2015/03/05 02:00:05;80733;89;26.4;23.2;2.664;2.009;1.248;3.096;0.096;0.848;80734
B31552;2015/03/05 02:00:15;80734;88;30.3;23.2;2.770;1.993;1.248;3.054;0.096;0.819;80735
B31552;2015/03/05 02:00:25;80735;87;30.9;23.2;2.861;1.993;1.267;3.054;0.096;0.803;80736
B31552;2015/03/05 02:00:35;80736;90;33.2;22.9;2.635;1.974;1.267;3.054;0.106;0.816;80737
B31552;2015/03/05 02:00:45;80737;80;30.3;23.2;2.838;1.974;1.264;3.054;0.106;0.803;80738
B31552;2015/03/05 02:00:55;80738;93;30.6;23.6;2.835;2.006;1.264;3.061;0.106;0.845;80739
B31552;2015/03/05 02:01:05;80739;88;28.3;23.6;2.654;2.006;1.312;3.061;0.106;0.841;80740
