B31558;2015/03/05 00:00:27;0;1;25.8;23.7;2.164;-1.000;-1.000;-1.000;-1.000;1.309;1
B31558;2015/03/05 00:00:46;1;95;26.7;24.6;2.406;-1.000;-1.000;-1.000;-1.000;1.316;2
B31558;2015/03/05 00:00:56;2;90;26.1;24.4;2.716;1.483;-1.000;3.077;-1.000;1.329;3
B31558;2015/03/05 00:01:06;3;83;24.8;24.4;2.461;1.483;1.251;3.077;-1.000;1.300;4
B31558;2015/03/05 00:01:16;4;93;28.7;24.4;2.503;1.564;1.251;3.077;0.183;1.287;5
B31558;2015/03/05 00:01:26;5;91;30.6;24.6;2.445;1.564;1.261;3.077;0.183;1.303;6
B31558;2015/03/05 00:01:36;6;84;32.5;24.8;2.470;1.687;1.261;2.916;0.183;1.319;7
B31558;2015/03/05 00:01:46;7;83;32.2;24.1;2.722;1.687;1.190;2.916;0.183;1.329;8
B31558;2015/03/05 00:01:56;8;93;22.5;24.3;2.693;1.706;1.190;2.916;0.180;1.354;9
B31558;2015/03/05 00:02:06;9;87;23.2;24.3;2.551;1.706;1.190;2.916;0.180;1.338;10
B31558;2015/03/05 00:02:16;10;81;28.7;24.6;2.661;1.738;1.190;2.977;0.180;1.312;11
B31558;2015/03/05 00:02:26;11;85;30.6;24.1;2.445;1.738;1.187;2.977;0.180;1.345;12
B31558;2015/03/05 00:02:36;12;85;30.6;23.9;2.551;1.754;1.187;2.977;0.125;1.296;13
B31558;2015/03/05 00:02:46;13;84;30.9;24.4;2.648;1.754;1.209;2.977;0.125;1.316;14
B31558;2015/03/05 00:02:56;14;81;31.9;24.3;2.699;1.729;1.209;3.003;0.125;1.316;15
B31558;2015/03/05 00:03:06;15;75;29.0;24.3;2.690;1.729;1.183;3.003;0.125;1.309;16
B31558;2015/03/05 00:03:16;16;87;31.2;24.4;2.696;1.761;1.183;3.003;0.135;1.277;17
B31558;2015/03/05 00:03:26;17;71;31.9;24.3;2.648;1.761;1.183;3.003;0.135;1.319;18
B31558;2015/03/05 00:03:36;18;91;24.5;23.9;2.699;1.783;1.183;3.016;0.135;1.309;19
B31558;2015/03/05 00:03:46;19;76;25.4;24.4;2.722;1.783;1.254;3.016;0.135;1.290;20
B31558;2015/03/05 00:03:56;20;76;24.8;24.3;2.493;1.741;1.254;3.016;0.125;1.325;21
B31558;2015/03/05 00:04:06;21;86;31.6;24.8;2.703;1.741;1.251;3.016;0.125;1.290;22
B31558;2015/03/05 00:04:16;22;78;26.1;24.4;2.706;1.754;1.251;3.003;0.125;1.306;23
B31558;2015/03/05 00:04:26;23;88;29.6;24.4;2.609;1.754;1.254;3.003;0.125;1.306;24
B31558;2015/03/05 00:04:36;24;82;24.5;23.9;2.629;1.758;1.254;3.003;0.135;1.351;25
B31558;2015/03/05 00:04:46;25;91;29.0;24.4;2.474;1.758;1.254;3.003;0.135;1.296;26
B31558;2015/03/05 00:04:56;26;82;28.0;24.4;2.464;1.780;1.254;3.009;0.135;1.312;27
B31558;2015/03/05 00:05:06;27;87;32.5;24.4;2.454;1.780;1.187;3.009;0.135;1.316;28
B31558;2015/03/05 00:05:16;28;84;25.8;23.9;2.590;1.777;1.187;3.009;0.190;1.329;29
B31558;2015/03/05 00:05:26;29;84;25.8;24.6;2.451;1.777;1.248;3.009;0.190;1.312;30
B31558;2015/03/05 00:05:36;30;85;28.7;24.6;2.632;1.774;1.248;2.974;0.190;1.303;31
B31558;2015/03/05 00:05:46;31;85;22.5;25.0;2.590;1.774;1.196;2.974;0.190;1.358;32
B31558;2015/03/05 00:05:56;32;88;31.2;24.3;2.661;1.790;1.196;2.974;0.132;1.348;33
B31558;2015/03/05 00:06:06;33;79;28.3;24.6;2.470;1.790;1.206;2.974;0.132;1.325;34
B31558;2015/03/05 00:06:16;34;82;24.8;25.0;2.445;1.758;1.206;2.970;0.132;1.335;35
B31558;2015/03/05 00:06:26;35;87;27.0;24.4;2.699;1.758;1.183;2.970;0.132;1.383;36
B31558;2015/03/05 00:06:36;36;77;23.2;24.8;2.706;1.774;1.183;2.970;0.129;1.354;37
B31558;2015/03/05 00:06:46;37;84;30.6;24.8;2.641;1.774;1.183;2.970;0.129;1.380;38
B31558;2015/03/05 00:06:56;38;88;24.5;24.3;2.719;1.777;1.183;3.016;0.129;1.393;39
B31558;2015/03/05 00:07:06;39;81;32.5;24.1;2.699;1.777;1.187;3.016;0.129;1.338;40
B31558;2015/03/05 00:07:16;40;83;26.4;24.8;2.722;1.790;1.187;3.016;0.122;1.345;41
B31558;2015/03/05 00:07:26;41;90;25.8;23.9;2.448;1.790;1.187;3.016;0.122;1.380;42
B31558;2015/03/05 00:07:36;42;85;29.3;25.0;2.635;1.758;1.187;3.016;0.122;1.396;43
B31558;2015/03/05 00:07:46;43;76;25.8;24.8;2.722;1.758;1.251;3.016;0.122;1.332;44
B31558;2015/03/05 00:07:56;44;73;28.3;25.0;2.470;1.806;1.251;3.016;0.116;1.364;45
B31558;2015/03/05 00:08:06;45;84;25.4;24.6;2.500;1.806;1.180;3.016;0.116;1.341;46
B31558;2015/03/05 00:08:16;46;76;31.9;24.4;2.554;1.758;1.180;3.029;0.116;1.361;47
B31558;2015/03/05 00:08:26;47;85;30.9;24.4;2.645;1.758;1.187;3.029;0.116;1.341;48
B31558;2015/03/05 00:08:36;48;87;29.3;25.0;2.603;1.761;1.187;3.029;0.235;1.367;49
B31558;2015/03/05 00:08:46;49;84;31.2;24.8;2.716;1.761;1.209;3.029;0.235;1.338;50
B31558;2015/03/05 00:08:56;50;91;28.0;25.0;2.616;1.803;1.209;2.977;0.235;1.335;51
B31558;2015/03/05 00:09:06;51;78;31.9;24.8;2.680;1.803;1.219;2.977;0.235;1.335;52
B31558;2015/03/05 00:09:16;52;93;23.2;24.4;2.661;1.793;1.219;2.977;0.122;1.319;53
B31558;2015/03/05 00:09:26;53;80;25.1;24.8;2.464;1.793;1.190;2.977;0.122;1.332;54
B31558;2015/03/05 00:09:36;54;89;29.3;24.6;2.661;1.787;1.190;2.987;0.122;1.309;55
B31558;2015/03/05 00:09:46;55;82;24.5;24.4;2.470;1.787;1.225;2.987;0.122;1.351;56
B31558;2015/03/05 00:09:56;56;78;28.3;23.9;2.709;1.803;1.225;2.987;0.119;1.303;57
B31558;2015/03/05 00:10:06;57;85;31.9;25.0;2.448;1.803;1.216;2.987;0.119;1.303;58
B31558;2015/03/05 00:10:16;58;89;22.9;23.9;2.648;1.787;1.216;3.022;0.119;1.316;59
B31558;2015/03/05 00:10:26;59;79;24.1;24.4;2.470;1.787;1.216;3.022;0.119;1.316;60
B31558;2015/03/05 00:10:36;60;77;31.2;24.6;2.632;1.800;1.216;3.022;0.267;1.338;61
B31558;2015/03/05 00:10:46;61;86;24.1;24.4;2.725;1.800;1.187;3.022;0.267;1.364;62
B31558;2015/03/05 00:10:56;62;83;26.4;24.8;2.474;1.770;1.187;2.970;0.267;1.341;63
B31558;2015/03/05 00:11:06;63;89;29.6;24.6;2.696;1.770;1.190;2.970;0.267;1.306;64
B31558;2015/03/05 00:11:16;64;82;27.0;24.4;2.464;1.787;1.190;2.970;0.145;1.300;65
B31558;2015/03/05 00:11:26;65;79;28.0;24.8;2.683;1.787;1.187;2.970;0.145;1.338;66
B31558;2015/03/05 00:11:36;66;90;28.0;25.0;2.722;1.783;1.187;3.025;0.145;1.316;67
B31558;2015/03/05 00:11:46;67;89;26.7;24.8;2.687;1.783;1.190;3.025;0.145;1.309;68
B31558;2015/03/05 00:11:56;68;82;29.0;24.8;2.680;1.777;1.190;3.025;0.196;1.354;69
B31558;2015/03/05 00:12:06;69;78;24.1;25.1;2.596;1.777;1.229;3.025;0.196;1.306;70
B31558;2015/03/05 00:12:16;70;80;28.7;24.4;2.487;1.793;1.229;2.993;0.196;1.319;71
B31558;2015/03/05 00:12:26;71;83;22.5;24.8;2.474;1.793;1.183;2.993;0.196;1.319;72
B31558;2015/03/05 00:12:36;72;84;31.2;24.8;2.532;1.809;1.183;2.993;0.148;1.322;73
B31558;2015/03/05 00:12:46;73;83;34.5;24.1;2.574;1.809;1.193;2.993;0.148;1.345;74
B31558;2015/03/05 00:12:56;74;86;33.2;24.6;2.709;1.767;1.193;3.006;0.148;1.319;75
B31558;2015/03/05 00:13:06;75;83;28.7;23.9;2.603;1.767;1.254;3.006;0.148;1.306;76
B31558;2015/03/05 00:13:16;76;88;29.3;24.6;2.606;1.767;1.254;3.006;0.122;1.364;77
B31558;2015/03/05 00:13:26;77;81;24.1;25.0;2.467;1.767;1.183;3.006;0.122;1.351;78
B31558;2015/03/05 00:13:36;78;86;25.1;24.6;2.461;1.787;1.183;3.000;0.122;1.335;79
B31558;2015/03/05 00:13:46;79;90;31.2;24.4;2.587;1.787;1.193;3.000;0.122;1.358;80
B31558;2015/03/05 00:13:56;80;75;27.7;24.8;2.722;1.803;1.193;3.000;0.122;1.345;81
B31558;2015/03/05 00:14:06;81;83;22.5;24.6;2.583;1.803;1.235;3.000;0.122;1.364;82
B31558;2015/03/05 00:14:16;82;77;33.2;24.8;2.690;1.812;1.235;2.967;0.122;1.383;83
B31558;2015/03/05 00:14:26;83;83;27.7;24.6;2.493;1.812;1.190;2.967;0.122;1.354;84
B31558;2015/03/05 00:14:36;84;93;25.1;24.8;2.554;1.812;1.190;2.967;0.119;1.380;85
B31558;2015/03/05 00:14:46;85;92;24.5;25.0;2.470;1.812;1.187;2.967;0.119;1.358;86
B31558;2015/03/05 00:14:56;86;83;24.5;24.8;2.719;1.780;1.187;2.967;0.119;1.374;87
B31558;2015/03/05 00:15:06;87;85;29.0;23.9;2.603;1.780;1.183;2.967;0.119;1.370;88
B31558;2015/03/05 00:15:16;88;87;28.3;24.6;2.464;1.777;1.183;2.967;0.170;1.380;89
B31558;2015/03/05 00:15:26;89;77;23.2;25.0;2.583;1.777;1.258;2.967;0.170;1.383;90
B31558;2015/03/05 00:15:36;90;84;30.6;24.6;2.658;1.812;1.258;2.958;0.170;1.367;91
B31558;2015/03/05 00:15:46;91;84;25.1;24.6;2.696;1.812;1.193;2.958;0.170;1.403;92
B31558;2015/03/05 00:15:56;92;85;30.0;24.3;2.670;1.806;1.193;2.958;0.125;1.377;93
B31558;2015/03/05 00:16:06;93;88;31.9;24.8;2.667;1.806;1.193;2.958;0.125;1.358;94
B31558;2015/03/05 00:16:16;94;83;30.6;24.6;2.670;1.800;1.193;2.977;0.125;1.390;95
B31558;2015/03/05 00:16:26;95;71;24.1;25.0;2.593;1.800;1.187;2.977;0.125;1.380;96
B31558;2015/03/05 00:16:36;96;85;28.3;24.6;2.641;1.812;1.187;2.977;0.122;1.374;97
B31558;2015/03/05 00:16:46;97;83;26.7;23.9;2.529;1.812;1.190;2.977;0.122;1.412;98
B31558;2015/03/05 00:16:56;98;84;26.4;24.3;2.699;1.770;1.190;2.977;0.122;1.383;99
B31558;2015/03/05 00:17:06;99;82;30.9;24.8;2.722;1.770;1.203;2.977;0.122;1.396;100
B31558;2015/03/05 00:17:16;100;93;28.3;24.3;2.687;1.803;1.203;2.977;0.122;1.367;101
B31558;2015/03/05 00:17:26;101;70;31.2;24.6;2.729;1.803;1.203;2.977;0.122;1.348;102
B31558;2015/03/05 00:17:36;102;88;30.0;23.9;2.648;1.816;1.203;3.038;0.122;1.338;103
B31558;2015/03/05 00:17:46;103;82;25.1;24.6;2.641;1.816;1.258;3.038;0.122;1.332;104
B31558;2015/03/05 00:17:56;104;82;28.7;24.3;2.687;1.806;1.258;3.038;0.119;1.390;105
B31558;2015/03/05 00:18:06;105;87;27.7;24.8;2.709;1.806;1.212;3.038;0.119;1.364;106
B31558;2015/03/05 00:18:16;106;85;31.9;24.8;2.441;1.770;1.212;3.032;0.119;1.332;107
B31558;2015/03/05 00:18:26;107;71;26.4;24.4;2.729;1.770;1.261;3.032;0.119;1.335;108
B31558;2015/03/05 00:18:36;108;81;23.8;24.1;2.722;1.770;1.261;3.032;0.109;1.374;109
B31558;2015/03/05 00:18:46;109;80;31.2;24.4;2.512;1.770;1.199;3.032;0.109;1.322;110
B31558;2015/03/05 00:18:56;110;77;25.4;24.3;2.719;1.770;1.199;3.038;0.109;1.383;111
B31558;2015/03/05 00:19:06;111;83;27.4;23.9;2.564;1.770;1.254;3.038;0.109;1.325;112
B31558;2015/03/05 00:19:16;112;88;24.1;23.9;2.722;1.770;1.254;3.038;0.116;1.383;113
B31558;2015/03/05 00:19:26;113;90;32.5;24.6;2.635;1.770;1.190;3.038;0.116;1.332;114
B31558;2015/03/05 00:19:36;114;90;34.1;24.8;2.458;1.819;1.190;2.964;0.116;1.370;115
B31558;2015/03/05 00:19:46;115;82;24.1;24.3;2.529;1.819;1.258;2.964;0.116;1.351;116
B31558;2015/03/05 00:19:56;116;77;25.8;24.3;2.445;1.819;1.258;2.964;0.129;1.319;117
B31558;2015/03/05 00:20:06;117;81;26.7;24.6;2.461;1.819;1.225;2.964;0.129;1.325;118
B31558;2015/03/05 00:20:16;118;82;33.2;24.6;2.445;1.816;1.225;3.032;0.129;1.354;119
B31558;2015/03/05 00:20:26;119;81;22.5;25.0;2.474;1.816;1.254;3.032;0.129;1.322;120
B31558;2015/03/05 00:20:36;120;85;29.6;24.8;2.474;1.800;1.254;3.032;0.122;1.325;121
B31558;2015/03/05 00:20:46;121;87;22.9;25.1;2.493;1.800;1.261;3.032;0.122;1.312;122
B31558;2015/03/05 00:20:56;122;85;26.7;24.4;2.580;1.787;1.261;3.019;0.122;1.319;123
B31558;2015/03/05 00:21:06;123;82;29.0;24.4;2.722;1.787;1.212;3.019;0.122;1.300;124
B31558;2015/03/05 00:21:16;124;93;30.6;25.1;2.719;1.800;1.212;3.019;0.190;1.300;125
B31558;2015/03/05 00:21:26;125;79;31.9;24.8;2.583;1.800;1.199;3.019;0.190;1.351;126
B31558;2015/03/05 00:21:36;126;94;33.8;24.8;2.464;1.774;1.199;2.993;0.190;1.319;127
B31558;2015/03/05 00:21:46;127;71;29.6;24.6;2.658;1.774;1.190;2.993;0.190;1.309;128
B31558;2015/03/05 00:21:56;128;86;30.6;24.8;2.470;1.812;1.190;2.993;0.190;1.316;129
B31558;2015/03/05 00:22:06;129;79;24.1;24.6;2.467;1.812;1.187;2.993;0.190;1.322;130
B31558;2015/03/05 00:22:16;130;91;32.9;24.8;2.438;1.780;1.187;3.054;0.190;1.338;131
B31558;2015/03/05 00:22:26;131;80;32.5;24.4;2.506;1.780;1.248;3.054;0.190;1.322;132
B31558;2015/03/05 00:22:36;132;90;23.8;24.8;2.451;1.793;1.248;3.054;0.109;1.322;133
B31558;2015/03/05 00:22:46;133;86;25.4;23.9;2.474;1.793;1.190;3.054;0.109;1.345;134
B31558;2015/03/05 00:22:56;134;93;23.2;24.4;2.716;1.787;1.190;3.032;0.109;1.296;135
B31558;2015/03/05 00:23:06;135;83;23.5;24.6;2.448;1.787;1.187;3.032;0.109;1.316;136
B31558;2015/03/05 00:23:16;136;78;29.6;25.0;2.632;1.790;1.187;3.032;0.125;1.329;137
B31558;2015/03/05 00:23:26;137;88;26.7;23.9;2.583;1.790;1.254;3.032;0.125;1.306;138
B31558;2015/03/05 00:23:36;138;71;28.0;24.8;2.587;1.790;1.254;2.990;0.125;1.306;139
B31558;2015/03/05 00:23:46;139;83;29.0;24.1;2.729;1.790;1.190;2.990;0.125;1.322;140
B31558;2015/03/05 00:23:56;140;82;34.5;24.6;2.470;1.822;1.190;2.990;0.129;1.303;141
B31558;2015/03/05 00:24:06;141;90;31.9;24.6;2.474;1.822;1.193;2.990;0.129;1.303;142
B31558;2015/03/05 00:24:16;142;78;27.0;24.8;2.709;1.806;1.193;2.996;0.129;1.319;143
B31558;2015/03/05 00:24:26;143;78;28.3;24.1;2.570;1.806;1.216;2.996;0.129;1.316;144
B31558;2015/03/05 00:24:36;144;83;25.8;23.9;2.719;1.816;1.216;2.996;0.116;1.341;145
B31558;2015/03/05 00:24:46;145;88;26.4;24.4;2.474;1.816;1.190;2.996;0.116;1.338;146
B31558;2015/03/05 00:24:56;146;87;27.4;25.0;2.664;1.780;1.190;3.038;0.116;1.322;147
B31558;2015/03/05 00:25:06;147;81;29.6;24.4;2.709;1.780;1.196;3.038;0.116;1.329;148
B31558;2015/03/05 00:25:16;148;82;24.5;24.8;2.448;1.819;1.196;3.038;0.125;1.319;149
B31558;2015/03/05 00:25:26;149;80;24.5;24.8;2.729;1.819;1.196;3.038;0.125;1.358;150
B31558;2015/03/05 00:25:36;150;91;33.2;25.1;2.683;1.819;1.196;3.006;0.125;1.351;151
B31558;2015/03/05 00:25:46;151;84;22.9;24.6;2.470;1.819;1.199;3.006;0.125;1.335;152
B31558;2015/03/05 00:25:56;152;90;25.8;24.3;2.454;1.783;1.199;3.006;0.106;1.325;153
B31558;2015/03/05 00:26:06;153;83;32.5;23.9;2.616;1.783;1.251;3.006;0.106;1.300;154
B31558;2015/03/05 00:26:16;154;92;29.6;24.4;2.596;1.777;1.251;2.996;0.106;1.293;155
B31558;2015/03/05 00:26:26;155;83;28.3;24.1;2.590;1.777;1.193;2.996;0.106;1.319;156
B31558;2015/03/05 00:26:36;156;80;26.4;24.8;2.722;1.793;1.193;2.996;0.129;1.290;157
B31558;2015/03/05 00:26:46;157;84;28.3;24.3;2.703;1.793;1.203;2.996;0.129;1.287;158
B31558;2015/03/05 00:26:56;158;83;34.5;24.3;2.470;1.822;1.203;3.009;0.129;1.306;159
B31558;2015/03/05 00:27:06;159;89;31.2;24.1;2.458;1.822;1.187;3.009;0.129;1.316;160
B31558;2015/03/05 00:27:16;160;87;24.5;24.3;2.709;1.816;1.187;3.009;0.112;1.329;161
B31558;2015/03/05 00:27:26;161;92;28.0;24.8;2.722;1.816;1.190;3.009;0.112;1.316;162
B31558;2015/03/05 00:27:36;162;81;23.2;24.1;2.464;1.796;1.190;3.032;0.112;1.332;163
B31558;2015/03/05 00:27:46;163;71;25.4;24.3;2.509;1.796;1.187;3.032;0.112;1.338;164
B31558;2015/03/05 00:27:56;164;91;23.2;23.9;2.674;1.796;1.187;3.032;0.122;1.303;165
B31558;2015/03/05 00:28:06;165;86;25.8;24.8;2.461;1.796;1.235;3.032;0.122;1.332;166
B31558;2015/03/05 00:28:16;166;93;26.4;24.3;2.441;1.777;1.235;3.006;0.122;1.325;167
B31558;2015/03/05 00:28:26;167;84;30.6;24.4;2.535;1.777;1.190;3.006;0.122;1.312;168
B31558;2015/03/05 00:28:36;168;84;32.5;24.6;2.487;1.777;1.190;3.006;0.264;1.303;169
B31558;2015/03/05 00:28:46;169;90;32.5;24.1;2.535;1.777;1.212;3.006;0.264;1.312;170
B31558;2015/03/05 00:28:56;170;81;28.7;24.6;2.622;1.790;1.212;2.993;0.264;1.341;171
B31558;2015/03/05 00:29:06;171;71;22.5;24.6;2.474;1.790;1.209;2.993;0.264;1.341;172
B31558;2015/03/05 00:29:16;172;83;25.8;23.9;2.722;1.796;1.209;2.993;0.116;1.329;173
B31558;2015/03/05 00:29:26;173;83;30.0;24.4;2.654;1.796;1.190;2.993;0.116;1.338;174
B31558;2015/03/05 00:29:36;174;88;22.5;24.6;2.725;1.825;1.190;3.025;0.116;1.351;175
B31558;2015/03/05 00:29:46;175;87;30.9;25.0;2.477;1.825;1.199;3.025;0.116;1.329;176
B31558;2015/03/05 00:29:56;176;84;30.0;24.3;2.687;1.800;1.199;3.025;0.129;1.300;177
B31558;2015/03/05 00:30:06;177;90;32.2;23.9;2.496;1.800;1.193;3.025;0.129;1.341;178
B31558;2015/03/05 00:30:16;178;88;25.8;24.8;2.722;1.783;1.193;3.051;0.129;1.319;179
B31558;2015/03/05 00:30:26;179;82;29.0;24.4;2.729;1.783;1.196;3.051;0.129;1.329;180
B31558;2015/03/05 00:30:36;180;88;30.6;24.8;2.458;1.793;1.196;3.051;0.258;1.335;181
B31558;2015/03/05 00:30:46;181;83;25.1;24.1;2.641;1.793;1.193;3.051;0.258;1.341;182
B31558;2015/03/05 00:30:56;182;82;23.2;24.3;2.716;1.816;1.193;3.041;0.258;1.354;183
B31558;2015/03/05 00:31:06;183;84;23.8;24.4;2.722;1.816;1.264;3.041;0.258;1.332;184
B31558;2015/03/05 00:31:16;184;91;29.0;24.6;2.451;1.787;1.264;3.041;0.177;1.329;185
B31558;2015/03/05 00:31:26;185;80;26.4;24.3;2.448;1.787;1.248;3.041;0.177;1.354;186
B31558;2015/03/05 00:31:36;186;91;25.1;24.3;2.709;1.783;1.248;3.045;0.177;1.338;187
B31558;2015/03/05 00:31:46;187;82;27.4;25.0;2.448;1.783;1.196;3.045;0.177;1.325;188
B31558;2015/03/05 00:31:56;188;75;24.8;24.3;2.719;1.777;1.196;3.045;0.122;1.338;189
B31558;2015/03/05 00:32:06;189;73;32.2;24.6;2.729;1.777;1.193;3.045;0.122;1.309;190
B31558;2015/03/05 00:32:16;190;80;31.2;24.4;2.458;1.822;1.193;3.022;0.122;1.316;191
B31558;2015/03/05 00:32:26;191;81;33.2;24.1;2.703;1.822;1.190;3.022;0.122;1.306;192
B31558;2015/03/05 00:32:36;192;83;27.4;24.3;2.696;1.777;1.190;3.022;0.129;1.306;193
B31558;2015/03/05 00:32:46;193;73;31.9;24.3;2.674;1.777;1.248;3.022;0.129;1.312;194
B31558;2015/03/05 00:32:56;194;79;22.9;24.4;2.661;1.822;1.248;2.990;0.129;1.364;195
B31558;2015/03/05 00:33:06;195;87;27.0;24.6;2.454;1.822;1.238;2.990;0.129;1.332;196
B31558;2015/03/05 00:33:16;196;90;30.0;23.9;2.593;1.793;1.238;2.990;0.145;1.312;197
B31558;2015/03/05 00:33:26;197;83;29.0;24.6;2.483;1.793;1.196;2.990;0.145;1.338;198
B31558;2015/03/05 00:33:36;198;93;23.2;24.3;2.441;1.800;1.196;3.038;0.145;1.329;199
B31558;2015/03/05 00:33:46;199;90;27.7;24.6;2.448;1.800;1.264;3.038;0.145;1.293;200
B31558;2015/03/05 00:33:56;200;85;30.3;25.0;2.603;1.816;1.264;3.038;0.116;1.351;201
B31558;2015/03/05 00:34:06;201;77;27.4;24.4;2.680;1.816;1.193;3.038;0.116;1.345;202
B31558;2015/03/05 00:34:16;202;78;30.0;24.3;2.706;1.787;1.193;3.054;0.116;1.338;203
B31558;2015/03/05 00:34:26;203;88;33.5;24.1;2.512;1.787;1.225;3.054;0.116;1.316;204
B31558;2015/03/05 00:34:36;204;88;27.4;24.3;2.683;1.800;1.225;3.054;0.138;1.348;205
B31558;2015/03/05 00:34:46;205;89;33.2;24.4;2.629;1.800;1.193;3.054;0.138;1.367;206
B31558;2015/03/05 00:34:56;206;88;33.2;24.8;2.696;1.809;1.193;3.035;0.138;1.383;207
B31558;2015/03/05 00:35:06;207;92;28.3;24.8;2.722;1.809;1.193;3.035;0.138;1.364;208
B31558;2015/03/05 00:35:16;208;83;22.5;24.6;2.696;1.819;1.193;3.035;0.170;1.364;209
B31558;2015/03/05 00:35:26;209;83;28.7;24.4;2.632;1.819;1.199;3.035;0.170;1.338;210
B31558;2015/03/05 00:35:36;210;90;30.0;23.9;2.564;1.822;1.199;2.987;0.170;1.364;211
B31558;2015/03/05 00:35:46;211;85;26.1;24.4;2.729;1.822;1.264;2.987;0.170;1.325;212
B31558;2015/03/05 00:35:56;212;93;22.9;24.6;2.480;1.812;1.264;2.987;0.116;1.351;213
B31558;2015/03/05 00:36:06;213;87;22.9;24.6;2.470;1.812;1.219;2.987;0.116;1.338;214
B31558;2015/03/05 00:36:16;214;83;33.2;24.8;2.722;1.780;1.219;3.003;0.116;1.377;215
B31558;2015/03/05 00:36:26;215;82;26.4;24.1;2.609;1.780;1.216;3.003;0.116;1.345;216
B31558;2015/03/05 00:36:36;216;78;23.8;24.3;2.674;1.806;1.216;3.003;0.129;1.345;217
B31558;2015/03/05 00:36:46;217;85;28.3;24.3;2.725;1.806;1.196;3.003;0.129;1.361;218
B31558;2015/03/05 00:36:56;218;83;31.6;24.8;2.451;1.780;1.196;3.019;0.129;1.367;219
B31558;2015/03/05 00:37:06;219;88;26.7;24.6;2.461;1.780;1.219;3.019;0.129;1.335;220
B31558;2015/03/05 00:37:16;220;81;25.1;24.4;2.625;1.806;1.219;3.019;0.138;1.319;221
B31558;2015/03/05 00:37:26;221;83;23.2;25.0;2.477;1.806;1.193;3.019;0.138;1.329;222
B31558;2015/03/05 00:37:36;222;93;25.8;24.4;2.596;1.793;1.193;3.006;0.138;1.348;223
B31558;2015/03/05 00:37:46;223;76;27.0;24.6;2.512;1.793;1.261;3.006;0.138;1.364;224
B31558;2015/03/05 00:37:56;224;81;27.0;24.8;2.458;1.803;1.261;3.006;0.116;1.351;225
B31558;2015/03/05 00:38:06;225;72;32.2;24.8;2.703;1.803;1.219;3.006;0.116;1.367;226
B31558;2015/03/05 00:38:16;226;74;34.5;24.8;2.719;1.819;1.219;3.045;0.116;1.377;227
B31558;2015/03/05 00:38:26;227;78;29.0;25.0;2.454;1.819;1.264;3.045;0.116;1.348;228
B31558;2015/03/05 00:38:36;228;90;32.2;24.4;2.451;1.780;1.264;3.045;0.129;1.390;229
B31558;2015/03/05 00:38:46;229;84;27.4;24.4;2.470;1.780;1.222;3.045;0.129;1.383;230
B31558;2015/03/05 00:38:56;230;89;23.8;24.1;2.464;1.825;1.222;3.003;0.129;1.329;231
B31558;2015/03/05 00:39:06;231;91;23.2;24.6;2.596;1.825;1.193;3.003;0.129;1.335;232
B31558;2015/03/05 00:39:16;232;73;27.4;25.1;2.699;1.819;1.193;3.003;0.122;1.329;233
B31558;2015/03/05 00:39:26;233;83;25.1;23.9;2.503;1.819;1.254;3.003;0.122;1.319;234
B31558;2015/03/05 00:39:36;234;81;24.5;24.3;2.719;1.825;1.254;3.025;0.122;1.341;235
B31558;2015/03/05 00:39:46;235;80;30.6;24.1;2.477;1.825;1.193;3.025;0.122;1.332;236
B31558;2015/03/05 00:39:56;236;77;29.3;24.3;2.674;1.803;1.193;3.025;0.170;1.325;237
B31558;2015/03/05 00:40:06;237;72;30.6;24.3;2.709;1.803;1.267;3.025;0.170;1.325;238
B31558;2015/03/05 00:40:16;238;83;30.0;24.3;2.477;1.790;1.267;3.045;0.170;1.383;239
B31558;2015/03/05 00:40:26;239;83;31.9;23.9;2.496;1.790;1.196;3.045;0.170;1.335;240
B31558;2015/03/05 00:40:36;240;87;26.1;24.4;2.664;1.819;1.196;3.045;0.116;1.351;241
B31558;2015/03/05 00:40:46;241;81;27.7;24.6;2.729;1.819;1.238;3.045;0.116;1.322;242
B31558;2015/03/05 00:40:56;242;82;33.2;24.6;2.635;1.790;1.238;2.996;0.116;1.329;243
B31558;2015/03/05 00:41:06;243;73;34.5;24.4;2.477;1.790;1.206;2.996;0.116;1.354;244
B31558;2015/03/05 00:41:16;244;78;24.5;24.3;2.467;1.825;1.206;2.996;0.109;1.332;245
B31558;2015/03/05 00:41:26;245;84;32.2;24.1;2.729;1.825;1.196;2.996;0.109;1.361;246
B31558;2015/03/05 00:41:36;246;87;28.7;25.1;2.609;1.780;1.196;3.019;0.109;1.354;247
B31558;2015/03/05 00:41:46;247;81;33.8;23.9;2.622;1.780;1.264;3.019;0.109;1.329;248
B31558;2015/03/05 00:41:56;248;87;25.8;25.0;2.470;1.783;1.264;3.019;0.177;1.335;249
B31558;2015/03/05 00:42:06;249;78;24.5;23.9;2.558;1.783;1.235;3.019;0.177;1.348;250
B31558;2015/03/05 00:42:16;250;90;24.5;24.6;2.677;1.829;1.235;3.032;0.177;1.390;251
B31558;2015/03/05 00:42:26;251;85;31.2;24.8;2.716;1.829;1.199;3.032;0.177;1.390;252
B31558;2015/03/05 00:42:36;252;73;23.2;24.4;2.683;1.783;1.199;3.032;0.138;1.380;253
B31558;2015/03/05 00:42:46;253;76;30.6;24.1;2.696;1.783;1.254;3.032;0.138;1.364;254
B31558;2015/03/05 00:42:56;254;82;26.7;24.4;2.722;1.819;1.254;3.048;0.138;1.364;255
B31558;2015/03/05 00:43:06;255;90;27.4;25.0;2.483;1.819;1.199;3.048;0.138;1.377;256
B31558;2015/03/05 00:43:16;256;92;31.2;24.6;2.509;1.809;1.199;3.048;0.122;1.399;257
B31558;2015/03/05 00:43:26;257;87;30.0;24.8;2.712;1.809;1.196;3.048;0.122;1.383;258
B31558;2015/03/05 00:43:36;258;78;22.5;23.9;2.638;1.803;1.196;2.996;0.122;1.370;259
B31558;2015/03/05 00:43:46;259;79;22.5;24.8;2.480;1.803;1.222;2.996;0.122;1.387;260
B31558;2015/03/05 00:43:56;260;91;25.8;24.3;2.712;1.829;1.222;2.996;0.122;1.351;261
B31558;2015/03/05 00:44:06;261;78;23.2;24.6;2.609;1.829;1.254;2.996;0.122;1.338;262
B31558;2015/03/05 00:44:16;262;92;30.6;25.0;2.722;1.790;1.254;3.019;0.122;1.403;263
B31558;2015/03/05 00:44:26;263;79;26.7;24.1;2.670;1.790;1.267;3.019;0.122;1.358;264
B31558;2015/03/05 00:44:36;264;81;26.1;24.8;2.470;1.816;1.267;3.019;0.122;1.361;265
B31558;2015/03/05 00:44:46;265;80;32.5;23.9;2.609;1.816;1.264;3.019;0.122;1.370;266
B31558;2015/03/05 00:44:56;266;85;25.8;23.9;2.603;1.793;1.264;3.048;0.122;1.345;267
B31558;2015/03/05 00:45:06;267;78;32.9;23.9;2.622;1.793;1.206;3.048;0.122;1.364;268
B31558;2015/03/05 00:45:16;268;84;26.4;24.4;2.706;1.829;1.206;3.048;0.116;1.335;269
B31558;2015/03/05 00:45:26;269;87;29.0;24.3;2.680;1.829;1.196;3.048;0.116;1.329;270
B31558;2015/03/05 00:45:36;270;88;28.7;24.4;2.451;1.783;1.196;3.019;0.116;1.338;271
B31558;2015/03/05 00:45:46;271;90;24.5;24.8;2.474;1.783;1.199;3.019;0.116;1.329;272
B31558;2015/03/05 00:45:56;272;90;28.3;25.3;2.722;1.822;1.199;3.019;0.151;1.329;273
B31558;2015/03/05 00:46:06;273;83;33.8;24.3;2.570;1.822;1.258;3.019;0.151;1.319;274
B31558;2015/03/05 00:46:16;274;83;33.2;24.8;2.709;1.832;1.258;3.016;0.151;1.364;275
B31558;2015/03/05 00:46:26;275;78;25.8;25.3;2.519;1.832;1.209;3.016;0.151;1.361;276
B31558;2015/03/05 00:46:36;276;72;27.0;24.3;2.693;1.832;1.209;3.016;0.129;1.335;277
B31558;2015/03/05 00:46:46;277;82;27.0;24.6;2.500;1.832;1.261;3.016;0.129;1.338;278
B31558;2015/03/05 00:46:56;278;92;28.0;24.4;2.554;1.809;1.261;3.019;0.129;1.335;279
B31558;2015/03/05 00:47:06;279;81;24.5;24.4;2.538;1.809;1.258;3.019;0.129;1.329;280
B31558;2015/03/05 00:47:16;280;84;29.0;24.3;2.445;1.829;1.258;3.019;0.116;1.387;281
B31558;2015/03/05 00:47:26;281;86;33.5;24.3;2.574;1.829;1.199;3.019;0.116;1.383;282
B31558;2015/03/05 00:47:36;282;83;25.8;24.1;2.454;1.829;1.199;3.038;0.116;1.380;283
B31558;2015/03/05 00:47:46;283;79;27.4;24.1;2.577;1.829;1.261;3.038;0.116;1.345;284
B31558;2015/03/05 00:47:56;284;89;30.6;24.6;2.600;1.812;1.261;3.038;0.135;1.383;285
B31558;2015/03/05 00:48:06;285;83;33.2;24.3;2.590;1.812;1.199;3.038;0.135;1.364;286
B31558;2015/03/05 00:48:16;286;78;24.1;24.3;2.496;1.819;1.199;3.025;0.135;1.335;287
B31558;2015/03/05 00:48:26;287;88;30.9;24.8;2.635;1.819;1.196;3.025;0.135;1.364;288
B31558;2015/03/05 00:48:36;288;78;28.7;24.3;2.590;1.816;1.196;3.025;0.141;1.358;289
B31558;2015/03/05 00:48:46;289;88;23.2;24.6;2.477;1.816;1.199;3.025;0.141;1.345;290
B31558;2015/03/05 00:48:56;290;88;30.6;25.0;2.638;1.816;1.199;3.054;0.141;1.358;291
B31558;2015/03/05 00:49:06;291;91;32.5;23.9;2.519;1.816;1.238;3.054;0.141;1.383;292
B31558;2015/03/05 00:49:16;292;78;23.8;24.1;2.706;1.793;1.238;3.054;0.116;1.370;293
B31558;2015/03/05 00:49:26;293;85;31.9;24.4;2.564;1.793;1.199;3.054;0.116;1.367;294
B31558;2015/03/05 00:49:36;294;73;28.3;23.9;2.709;1.796;1.199;3.045;0.116;1.367;295
B31558;2015/03/05 00:49:46;295;82;33.2;24.8;2.709;1.796;1.254;3.045;0.116;1.316;296
B31558;2015/03/05 00:49:56;296;85;22.5;24.8;2.445;1.832;1.254;3.045;0.138;1.338;297
B31558;2015/03/05 00:50:06;297;89;28.7;24.1;2.603;1.832;1.206;3.045;0.138;1.300;298
B31558;2015/03/05 00:50:16;298;88;31.9;24.4;2.487;1.832;1.206;3.067;0.138;1.345;299
B31558;2015/03/05 00:50:26;299;83;28.3;23.7;2.722;1.832;1.212;3.067;0.138;1.351;300
B31558;2015/03/05 00:50:36;300;87;23.8;24.6;2.670;1.793;1.212;3.067;0.135;1.322;301
B31558;2015/03/05 00:50:46;301;88;24.5;25.1;2.525;1.793;1.219;3.067;0.135;1.322;302
B31558;2015/03/05 00:50:56;302;86;24.1;24.8;2.709;1.825;1.219;3.025;0.135;1.319;303
B31558;2015/03/05 00:51:06;303;84;25.1;24.3;2.519;1.825;1.203;3.025;0.135;1.319;304
B31558;2015/03/05 00:51:16;304;88;23.8;24.6;2.712;1.793;1.203;3.025;0.106;1.338;305
B31558;2015/03/05 00:51:26;305;81;24.5;24.3;2.541;1.793;1.203;3.025;0.106;1.309;306
B31558;2015/03/05 00:51:36;306;89;27.0;24.4;2.712;1.822;1.203;3.064;0.106;1.316;307
B31558;2015/03/05 00:51:46;307;87;27.7;24.1;2.716;1.822;1.209;3.064;0.106;1.338;308
B31558;2015/03/05 00:51:56;308;87;27.4;24.6;2.590;1.787;1.209;3.064;0.158;1.306;309
B31558;2015/03/05 00:52:06;309;74;24.8;24.6;2.529;1.787;1.267;3.064;0.158;1.296;310
B31558;2015/03/05 00:52:16;310;83;29.3;24.4;2.529;1.787;1.267;3.019;0.158;1.300;311
B31558;2015/03/05 00:52:26;311;80;30.9;24.4;2.512;1.787;1.261;3.019;0.158;1.345;312
B31558;2015/03/05 00:52:36;312;83;23.8;24.3;2.454;1.809;1.261;3.019;0.129;1.325;313
B31558;2015/03/05 00:52:46;313;80;22.9;25.3;2.516;1.809;1.232;3.019;0.129;1.325;314
B31558;2015/03/05 00:52:56;314;84;28.7;24.3;2.470;1.809;1.232;3.019;0.129;1.296;315
B31558;2015/03/05 00:53:06;315;87;25.1;24.3;2.667;1.809;1.206;3.019;0.129;1.287;316
B31558;2015/03/05 00:53:16;316;85;22.5;24.3;2.696;1.793;1.206;3.019;0.116;1.303;317
B31558;2015/03/05 00:53:26;317;72;22.9;25.0;2.483;1.793;1.258;3.019;0.116;1.312;318
B31558;2015/03/05 00:53:36;318;83;30.6;24.4;2.464;1.787;1.258;3.019;0.116;1.351;319
B31558;2015/03/05 00:53:46;319;90;26.1;24.6;2.451;1.787;1.206;3.019;0.116;1.341;320
B31558;2015/03/05 00:53:56;320;79;24.1;25.0;2.545;1.787;1.206;3.019;0.129;1.303;321
B31558;2015/03/05 00:54:06;321;73;32.5;23.9;2.506;1.787;1.199;3.019;0.129;1.316;322
B31558;2015/03/05 00:54:16;322;93;31.2;24.6;2.622;1.803;1.199;3.064;0.129;1.306;323
B31558;2015/03/05 00:54:26;323;84;31.2;24.3;2.648;1.803;1.225;3.064;0.129;1.306;324
B31558;2015/03/05 00:54:36;324;90;25.4;25.0;2.464;1.796;1.225;3.064;0.180;1.293;325
B31558;2015/03/05 00:54:46;325;78;22.5;24.6;2.545;1.796;1.199;3.064;0.180;1.329;326
B31558;2015/03/05 00:54:56;326;85;32.5;24.4;2.706;1.796;1.199;3.032;0.180;1.293;327
B31558;2015/03/05 00:55:06;327;86;26.4;24.3;2.696;1.796;1.254;3.032;0.180;1.290;328
B31558;2015/03/05 00:55:16;328;93;30.9;25.0;2.629;1.819;1.254;3.032;0.122;1.338;329
B31558;2015/03/05 00:55:26;329;81;27.4;24.1;2.583;1.819;1.199;3.032;0.122;1.325;330
B31558;2015/03/05 00:55:36;330;93;28.3;24.4;2.699;1.796;1.199;3.016;0.122;1.293;331
B31558;2015/03/05 00:55:46;331;81;33.2;24.6;2.674;1.796;1.222;3.016;0.122;1.309;332
B31558;2015/03/05 00:55:56;332;82;28.7;24.3;2.699;1.806;1.222;3.016;0.116;1.293;333
B31558;2015/03/05 00:56:06;333;83;30.0;25.1;2.458;1.806;1.212;3.016;0.116;1.335;334
B31558;2015/03/05 00:56:16;334;80;25.1;24.8;2.680;1.806;1.212;3.058;0.116;1.309;335
B31558;2015/03/05 00:56:26;335;77;28.7;23.9;2.483;1.806;1.261;3.058;0.116;1.300;336
B31558;2015/03/05 00:56:36;336;83;31.2;25.0;2.548;1.790;1.261;3.058;0.222;1.306;337
B31558;2015/03/05 00:56:46;337;86;28.3;24.3;2.558;1.790;1.206;3.058;0.222;1.348;338
B31558;2015/03/05 00:56:56;338;86;25.4;24.8;2.529;1.793;1.206;3.038;0.222;1.335;339
B31558;2015/03/05 00:57:06;339;84;29.6;24.6;2.461;1.793;1.206;3.038;0.222;1.325;340
B31558;2015/03/05 00:57:16;340;80;29.0;24.6;2.654;1.812;1.206;3.038;0.109;1.345;341
B31558;2015/03/05 00:57:26;341;83;33.2;24.8;2.461;1.812;1.267;3.038;0.109;1.335;342
B31558;2015/03/05 00:57:36;342;87;24.1;24.8;2.454;1.812;1.267;3.019;0.109;1.332;343
B31558;2015/03/05 00:57:46;343;91;24.1;24.4;2.722;1.812;1.203;3.019;0.109;1.329;344
B31558;2015/03/05 00:57:56;344;92;30.6;24.8;2.458;1.803;1.203;3.019;0.138;1.303;345
B31558;2015/03/05 00:58:06;345;78;31.2;24.4;2.558;1.803;1.203;3.019;0.138;1.322;346
B31558;2015/03/05 00:58:16;346;81;32.2;25.1;2.480;1.806;1.203;3.025;0.138;1.325;347
B31558;2015/03/05 00:58:26;347;82;26.4;25.0;2.451;1.806;1.254;3.025;0.138;1.316;348
B31558;2015/03/05 00:58:36;348;84;26.1;25.0;2.548;1.790;1.254;3.025;0.164;1.306;349
B31558;2015/03/05 00:58:46;349;81;30.0;25.1;2.493;1.790;1.222;3.025;0.164;1.303;350
B31558;2015/03/05 00:58:56;350;86;23.8;24.3;2.722;1.822;1.222;3.058;0.164;1.290;351
B31558;2015/03/05 00:59:06;351;91;23.2;24.6;2.596;1.822;1.270;3.058;0.164;1.283;352
B31558;2015/03/05 00:59:16;352;85;23.8;25.0;2.722;1.809;1.270;3.058;0.122;1.312;353
B31558;2015/03/05 00:59:26;353;86;26.7;23.9;2.480;1.809;1.199;3.058;0.122;1.312;354
B31558;2015/03/05 00:59:36;354;79;27.0;25.0;2.458;1.832;1.199;3.022;0.122;1.348;355
B31558;2015/03/05 00:59:46;355;87;22.9;24.6;2.609;1.832;1.235;3.022;0.122;1.306;356
B31558;2015/03/05 00:59:56;356;90;23.2;24.1;2.474;1.803;1.235;3.022;0.106;1.332;357
B31558;2015/03/05 01:00:16;0;1;25.4;24.4;2.077;-1.000;-1.000;-1.000;-1.000;1.364;1
B31558;2015/03/05 01:00:34;1;96;34.1;24.8;2.677;-1.000;-1.000;-1.000;-1.000;1.374;2
B31558;2015/03/05 01:00:45;2;92;30.3;24.1;2.729;1.587;-1.000;3.154;-1.000;1.325;3
B31558;2015/03/05 01:00:55;3;78;25.4;25.0;2.648;1.587;1.238;3.154;-1.000;1.341;4
B31558;2015/03/05 01:01:05;4;78;29.3;25.1;2.712;1.651;1.238;3.154;0.293;1.325;5
B31558;2015/03/05 01:01:15;5;88;30.9;24.4;2.716;1.651;1.267;3.154;0.293;1.309;6
B31558;2015/03/05 01:01:25;6;92;23.2;24.1;2.464;1.732;1.267;2.990;0.293;1.312;7
B31558;2015/03/05 01:01:35;7;82;31.9;24.4;2.593;1.732;1.245;2.990;0.293;1.364;8
B31558;2015/03/05 01:01:45;8;84;32.9;24.4;2.464;1.741;1.245;2.990;0.203;1.358;9
B31558;2015/03/05 01:01:55;9;77;27.7;24.6;2.487;1.741;1.203;2.990;0.203;1.335;10
B31558;2015/03/05 01:02:05;10;88;26.1;24.8;2.716;1.745;1.203;2.951;0.203;1.374;11
B31558;2015/03/05 01:02:15;11;80;27.7;23.9;2.558;1.745;1.199;2.951;0.203;1.358;12
B31558;2015/03/05 01:02:25;12;78;29.3;25.0;2.635;1.793;1.199;2.951;0.138;1.329;13
B31558;2015/03/05 01:02:35;13;90;24.8;24.1;2.548;1.793;1.229;2.951;0.138;1.338;14
B31558;2015/03/05 01:02:45;14;87;25.8;24.1;2.448;1.787;1.229;2.970;0.138;1.300;15
B31558;2015/03/05 01:02:55;15;89;27.7;24.6;2.445;1.787;1.219;2.970;0.138;1.345;16
B31558;2015/03/05 01:03:05;16;79;33.8;25.0;2.603;1.767;1.219;2.970;0.148;1.338;17
B31558;2015/03/05 01:03:15;17;88;30.9;24.6;2.593;1.767;1.222;2.970;0.148;1.322;18
B31558;2015/03/05 01:03:25;18;88;25.8;25.0;2.458;1.816;1.222;2.977;0.148;1.335;19
B31558;2015/03/05 01:03:35;19;82;24.5;24.6;2.516;1.816;1.212;2.977;0.148;1.361;20
B31558;2015/03/05 01:03:45;20;88;33.2;24.8;2.477;1.774;1.212;2.977;0.138;1.364;21
B31558;2015/03/05 01:03:55;21;89;33.8;24.6;2.532;1.774;1.229;2.977;0.138;1.348;22
B31558;2015/03/05 01:04:05;22;93;23.8;24.3;2.719;1.793;1.229;3.032;0.138;1.332;23
B31558;2015/03/05 01:04:15;23;79;33.5;25.7;2.658;1.793;1.216;3.032;0.138;1.361;24
B31558;2015/03/05 01:04:25;24;80;23.2;24.4;2.674;1.777;1.216;3.032;0.190;1.325;25
B31558;2015/03/05 01:04:35;25;84;30.6;24.1;2.683;1.777;1.219;3.032;0.190;1.377;26
B31558;2015/03/05 01:04:45;26;93;32.5;24.3;2.474;1.777;1.219;3.035;0.190;1.374;27
B31558;2015/03/05 01:04:55;27;88;23.2;24.3;2.474;1.777;1.209;3.035;0.190;1.377;28
B31558;2015/03/05 01:05:05;28;91;24.8;24.3;2.532;1.816;1.209;3.035;0.164;1.332;29
B31558;2015/03/05 01:05:15;29;83;22.5;24.4;2.474;1.816;1.264;3.035;0.164;1.319;30
B31558;2015/03/05 01:05:25;30;86;31.2;25.3;2.722;1.783;1.264;3.035;0.164;1.341;31
B31558;2015/03/05 01:05:35;31;82;31.9;24.8;2.729;1.783;1.212;3.035;0.164;1.332;32
B31558;2015/03/05 01:05:45;32;83;28.3;24.3;2.680;1.809;1.212;3.035;0.119;1.303;33
B31558;2015/03/05 01:05:55;33;81;26.1;23.6;2.722;1.809;1.206;3.035;0.119;1.293;34
B31558;2015/03/05 01:06:05;34;88;26.1;24.8;2.712;1.790;1.206;3.019;0.119;1.280;35
B31558;2015/03/05 01:06:15;35;85;29.6;24.4;2.661;1.790;1.199;3.019;0.119;1.319;36
B31558;2015/03/05 01:06:25;36;81;28.7;23.9;2.577;1.790;1.199;3.019;0.248;1.300;37
B31558;2015/03/05 01:06:35;37;88;28.7;24.1;2.596;1.790;1.254;3.019;0.248;1.283;38
B31558;2015/03/05 01:06:45;38;83;26.1;24.8;2.464;1.783;1.254;3.051;0.248;1.290;39
B31558;2015/03/05 01:06:55;39;83;24.8;24.4;2.722;1.783;1.203;3.051;0.248;1.335;40
B31558;2015/03/05 01:07:05;40;83;33.8;24.4;2.467;1.822;1.203;3.051;0.209;1.332;41
B31558;2015/03/05 01:07:15;41;87;34.5;23.9;2.470;1.822;1.261;3.051;0.209;1.329;42
B31558;2015/03/05 01:07:25;42;84;24.5;23.9;2.619;1.812;1.261;3.041;0.209;1.329;43
B31558;2015/03/05 01:07:35;43;78;25.1;24.3;2.558;1.812;1.203;3.041;0.209;1.345;44
B31558;2015/03/05 01:07:45;44;85;29.3;25.0;2.641;1.816;1.203;3.041;0.161;1.348;45
B31558;2015/03/05 01:07:55;45;73;34.5;24.4;2.470;1.816;1.219;3.041;0.161;1.329;46
B31558;2015/03/05 01:08:05;46;84;25.8;24.4;2.590;1.809;1.219;3.016;0.161;1.358;47
B31558;2015/03/05 01:08:15;47;83;32.5;24.3;2.648;1.809;1.203;3.016;0.161;1.390;48
B31558;2015/03/05 01:08:25;48;83;28.7;24.3;2.467;1.806;1.203;3.016;0.135;1.396;49
B31558;2015/03/05 01:08:35;49;89;22.5;25.0;2.596;1.806;1.206;3.016;0.135;1.370;50
B31558;2015/03/05 01:08:45;50;81;26.1;24.8;2.464;1.787;1.206;3.019;0.135;1.358;51
B31558;2015/03/05 01:08:55;51;75;24.5;24.3;2.667;1.787;1.212;3.019;0.135;1.364;52
B31558;2015/03/05 01:09:05;52;91;31.9;25.0;2.616;1.822;1.212;3.019;0.148;1.341;53
B31558;2015/03/05 01:09:15;53;83;25.8;24.8;2.500;1.822;1.203;3.019;0.148;1.367;54
B31558;2015/03/05 01:09:25;54;90;25.8;24.1;2.470;1.800;1.203;2.996;0.148;1.387;55
B31558;2015/03/05 01:09:35;55;79;24.8;24.3;2.548;1.800;1.261;2.996;0.148;1.348;56
B31558;2015/03/05 01:09:45;56;76;33.8;24.3;2.464;1.787;1.261;2.996;0.135;1.383;57
B31558;2015/03/05 01:09:55;57;78;29.6;24.4;2.667;1.787;1.203;2.996;0.135;1.364;58
B31558;2015/03/05 01:10:05;58;80;23.2;24.6;2.496;1.790;1.203;3.051;0.135;1.341;59
B31558;2015/03/05 01:10:15;59;83;24.1;25.1;2.516;1.790;1.203;3.051;0.135;1.383;60
B31558;2015/03/05 01:10:25;60;93;25.8;23.7;2.719;1.832;1.203;3.051;0.129;1.380;61
B31558;2015/03/05 01:10:35;61;89;31.9;23.9;2.503;1.832;1.206;3.051;0.129;1.383;62
B31558;2015/03/05 01:10:45;62;78;28.0;24.3;2.696;1.816;1.206;3.012;0.129;1.374;63
B31558;2015/03/05 01:10:55;63;82;34.5;23.7;2.596;1.816;1.261;3.012;0.129;1.387;64
B31558;2015/03/05 01:11:05;64;79;27.7;24.3;2.712;1.790;1.261;3.012;0.119;1.399;65
B31558;2015/03/05 01:11:15;65;78;31.9;24.8;2.619;1.790;1.206;3.012;0.119;1.361;66
B31558;2015/03/05 01:11:25;66;83;22.9;24.3;2.493;1.790;1.206;3.038;0.119;1.338;67
B31558;2015/03/05 01:11:35;67;83;27.7;24.6;2.606;1.790;1.209;3.038;0.119;1.361;68
B31558;2015/03/05 01:11:45;68;89;31.6;24.4;2.487;1.835;1.209;3.038;0.109;1.332;69
B31558;2015/03/05 01:11:55;69;88;30.6;24.4;2.558;1.835;1.219;3.038;0.109;1.380;70
B31558;2015/03/05 01:12:09;0;1;25.1;23.9;2.054;-1.000;-1.000;-1.000;-1.000;1.496;1
B31558;2015/03/05 01:12:28;1;93;23.8;24.6;2.396;-1.000;-1.000;-1.000;-1.000;1.364;2
B31558;2015/03/05 01:12:38;2;92;25.4;24.1;2.600;1.561;-1.000;3.083;-1.000;1.335;3
B31558;2015/03/05 01:12:48;3;81;25.1;23.9;2.461;1.561;1.232;3.083;-1.000;1.335;4
B31558;2015/03/05 01:12:58;4;76;27.0;24.3;2.699;1.654;1.232;3.083;0.145;1.329;5
B31558;2015/03/05 01:13:08;5;84;22.5;25.3;2.596;1.654;1.270;3.083;0.145;1.319;6
B31558;2015/03/05 01:13:18;6;73;30.9;25.0;2.716;1.725;1.270;2.961;0.145;1.332;7
B31558;2015/03/05 01:13:28;7;83;23.8;24.6;2.464;1.725;1.212;2.961;0.145;1.319;8
B31558;2015/03/05 01:13:38;8;73;25.1;24.6;2.464;1.767;1.212;2.961;0.138;1.312;9
B31558;2015/03/05 01:13:48;9;78;29.0;24.6;2.483;1.767;1.212;2.961;0.138;1.316;10
B31558;2015/03/05 01:13:58;10;93;26.7;24.4;2.554;1.780;1.212;3.006;0.138;1.306;11
B31558;2015/03/05 01:14:08;11;78;26.1;23.9;2.622;1.780;1.264;3.006;0.138;1.332;12
B31558;2015/03/05 01:14:18;12;93;28.3;24.6;2.670;1.758;1.264;3.006;0.122;1.345;13
B31558;2015/03/05 01:14:28;13;76;26.7;24.8;2.461;1.758;1.212;3.006;0.122;1.354;14
B31558;2015/03/05 01:14:38;14;81;23.8;24.6;2.699;1.806;1.212;3.029;0.122;1.319;15
B31558;2015/03/05 01:14:48;15;84;32.2;24.8;2.512;1.806;1.212;3.029;0.122;1.319;16
B31558;2015/03/05 01:14:58;16;83;26.1;25.0;2.674;1.780;1.212;3.029;0.122;1.332;17
B31558;2015/03/05 01:15:08;17;88;24.8;24.6;2.696;1.780;1.212;3.029;0.122;1.325;18
B31558;2015/03/05 01:15:18;18;86;24.8;25.3;2.438;1.819;1.212;3.038;0.122;1.345;19
B31558;2015/03/05 01:15:28;19;92;28.7;24.3;2.716;1.819;1.267;3.038;0.122;1.319;20
B31558;2015/03/05 01:15:38;20;83;33.8;24.8;2.712;1.777;1.267;3.038;0.135;1.354;21
B31558;2015/03/05 01:15:48;21;84;27.7;24.4;2.474;1.777;1.209;3.038;0.135;1.341;22
B31558;2015/03/05 01:15:58;22;89;30.9;25.8;2.690;1.787;1.209;3.061;0.135;1.316;23
B31558;2015/03/05 01:16:08;23;86;26.4;24.3;2.677;1.787;1.232;3.061;0.135;1.312;24
B31558;2015/03/05 01:16:18;24;85;28.7;24.8;2.474;1.822;1.232;3.061;0.141;1.309;25
B31558;2015/03/05 01:16:28;25;88;26.7;25.5;2.661;1.822;1.203;3.061;0.141;1.338;26
B31558;2015/03/05 01:16:38;26;88;32.5;24.8;2.719;1.793;1.203;3.051;0.141;1.367;27
B31558;2015/03/05 01:16:48;27;84;23.2;24.6;2.477;1.793;1.206;3.051;0.141;1.361;28
B31558;2015/03/05 01:16:58;28;89;23.8;24.8;2.687;1.783;1.206;3.051;0.148;1.364;29
B31558;2015/03/05 01:17:08;29;90;26.1;24.8;2.454;1.783;1.209;3.051;0.148;1.351;30
B31558;2015/03/05 01:17:18;30;80;26.4;24.8;2.722;1.793;1.209;3.054;0.148;1.351;31
B31558;2015/03/05 01:17:28;31;88;31.6;24.1;2.616;1.793;1.277;3.054;0.148;1.300;32
B31558;2015/03/05 01:17:38;32;73;26.4;24.6;2.706;1.816;1.277;3.054;0.196;1.351;33
B31558;2015/03/05 01:17:48;33;83;32.2;24.8;2.667;1.816;1.203;3.054;0.196;1.325;34
B31558;2015/03/05 01:17:58;34;83;28.7;25.1;2.483;1.803;1.203;3.051;0.196;1.303;35
B31558;2015/03/05 01:18:08;35;80;33.5;24.4;2.470;1.803;1.225;3.051;0.196;1.306;36
B31558;2015/03/05 01:18:18;36;78;24.5;24.8;2.699;1.816;1.225;3.051;0.177;1.351;37
B31558;2015/03/05 01:18:28;37;86;23.5;24.4;2.645;1.816;1.212;3.051;0.177;1.319;38
B31558;2015/03/05 01:18:38;38;90;23.8;25.1;2.661;1.806;1.212;3.003;0.177;1.338;39
B31558;2015/03/05 01:18:48;39;82;24.8;25.5;2.661;1.806;1.206;3.003;0.177;1.303;40
B31558;2015/03/05 01:18:58;40;79;31.9;24.8;2.512;1.806;1.206;3.003;0.116;1.335;41
B31558;2015/03/05 01:19:08;41;78;31.2;25.0;2.674;1.806;1.206;3.003;0.116;1.348;42
B31558;2015/03/05 01:19:18;42;88;25.8;24.8;2.706;1.829;1.206;3.025;0.116;1.332;43
B31558;2015/03/05 01:19:28;43;86;23.8;24.8;2.654;1.829;1.245;3.025;0.116;1.316;44
B31558;2015/03/05 01:19:38;44;83;26.1;24.3;2.696;1.787;1.245;3.025;0.119;1.374;45
B31558;2015/03/05 01:19:48;45;88;29.0;23.9;2.487;1.787;1.212;3.025;0.119;1.348;46
B31558;2015/03/05 01:19:58;46;92;25.1;24.8;2.719;1.790;1.212;2.990;0.119;1.380;47
B31558;2015/03/05 01:20:08;47;78;30.9;25.1;2.722;1.790;1.277;2.990;0.119;1.332;48
B31558;2015/03/05 01:20:18;48;90;23.2;24.6;2.696;1.800;1.277;2.990;0.119;1.354;49
B31558;2015/03/05 01:20:28;49;77;28.7;24.1;2.583;1.800;1.216;2.990;0.119;1.319;50
B31558;2015/03/05 01:20:38;50;93;29.3;25.0;2.632;1.816;1.216;3.003;0.119;1.358;51
B31558;2015/03/05 01:20:48;51;78;33.2;24.6;2.667;1.816;1.199;3.003;0.119;1.361;52
B31558;2015/03/05 01:20:58;52;92;23.2;24.6;2.696;1.835;1.199;3.003;0.122;1.351;53
B31558;2015/03/05 01:21:08;53;88;30.6;24.4;2.580;1.835;1.274;3.003;0.122;1.345;54
B31558;2015/03/05 01:21:18;54;88;28.7;24.6;2.687;1.829;1.274;2.996;0.122;1.354;55
B31558;2015/03/05 01:21:28;55;90;31.2;24.8;2.674;1.829;1.264;2.996;0.122;1.329;56
B31558;2015/03/05 01:21:38;56;84;29.0;24.3;2.445;1.800;1.264;2.996;0.122;1.341;57
B31558;2015/03/05 01:21:48;57;83;28.3;24.4;2.461;1.800;1.241;2.996;0.122;1.312;58
B31558;2015/03/05 01:21:58;58;91;22.5;24.3;2.722;1.790;1.241;3.009;0.122;1.361;59
B31558;2015/03/05 01:22:08;59;87;24.1;24.6;2.500;1.790;1.264;3.009;0.122;1.312;60
B31558;2015/03/05 01:22:18;60;85;27.4;24.3;2.699;1.832;1.264;3.009;0.129;1.312;61
B31558;2015/03/05 01:22:28;61;92;25.4;25.5;2.512;1.832;1.206;3.009;0.129;1.335;62
B31558;2015/03/05 01:22:38;62;91;24.5;24.4;2.709;1.803;1.206;3.067;0.129;1.303;63
B31558;2015/03/05 01:22:48;63;79;24.1;24.4;2.538;1.803;1.209;3.067;0.129;1.329;64
B31558;2015/03/05 01:22:58;64;82;30.9;24.8;2.632;1.829;1.209;3.067;0.116;1.293;65
B31558;2015/03/05 01:23:08;65;80;26.1;25.1;2.648;1.829;1.270;3.067;0.116;1.287;66
B31558;2015/03/05 01:23:18;66;88;25.1;24.8;2.722;1.809;1.270;3.003;0.116;1.300;67
B31558;2015/03/05 01:23:28;67;87;26.4;24.6;2.464;1.809;1.270;3.003;0.116;1.322;68
B31558;2015/03/05 01:23:38;68;84;25.4;24.4;2.464;1.803;1.270;3.003;0.158;1.335;69
B31558;2015/03/05 01:23:48;69;84;26.4;24.4;2.477;1.803;1.206;3.003;0.158;1.338;70
B31558;2015/03/05 01:23:58;70;93;30.9;24.6;2.587;1.800;1.206;3.051;0.158;1.364;71
B31558;2015/03/05 01:24:07;0;1;30.0;24.1;2.312;-1.000;-1.000;-1.000;-1.000;1.451;1
B31558;2015/03/05 01:24:26;1;91;22.5;24.4;2.538;-1.000;-1.000;-1.000;-1.000;1.370;2
B31558;2015/03/05 01:24:37;2;83;22.9;25.0;2.493;1.580;-1.000;3.116;-1.000;1.351;3
B31558;2015/03/05 01:24:47;3;76;29.6;23.7;2.716;1.580;1.251;3.116;-1.000;1.348;4
B31558;2015/03/05 01:24:57;4;93;31.6;24.6;2.716;1.625;1.251;3.116;0.161;1.345;5
B31558;2015/03/05 01:25:07;5;82;31.9;24.4;2.677;1.625;1.283;3.116;0.161;1.364;6
B31558;2015/03/05 01:25:17;6;88;33.2;24.6;2.706;1.703;1.283;2.932;0.161;1.345;7
B31558;2015/03/05 01:25:27;7;89;26.1;24.3;2.512;1.703;1.212;2.932;0.161;1.367;8
B31558;2015/03/05 01:25:37;8;85;23.8;24.8;2.699;1.751;1.212;2.932;0.254;1.390;9
B31558;2015/03/05 01:25:47;9;83;26.1;24.3;2.706;1.751;1.280;2.932;0.254;1.341;10
B31558;2015/03/05 01:25:57;10;93;29.3;25.3;2.635;1.748;1.280;3.016;0.254;1.387;11
B31558;2015/03/05 01:26:07;11;87;29.0;24.3;2.722;1.748;1.277;3.016;0.254;1.361;12
B31558;2015/03/05 01:26:17;12;93;25.8;23.9;2.596;1.770;1.277;3.016;0.138;1.383;13
B31558;2015/03/05 01:26:27;13;83;25.1;25.0;2.451;1.770;1.280;3.016;0.138;1.335;14
B31558;2015/03/05 01:26:37;14;88;31.2;25.1;2.516;1.793;1.280;3.009;0.138;1.325;15
B31558;2015/03/05 01:26:47;15;88;27.4;24.1;2.722;1.793;1.229;3.009;0.138;1.338;16
B31558;2015/03/05 01:26:57;16;93;28.7;24.3;2.445;1.816;1.229;3.009;0.129;1.335;17
B31558;2015/03/05 01:27:07;17;80;31.9;24.3;2.458;1.816;1.209;3.009;0.129;1.345;18
B31558;2015/03/05 01:27:17;18;78;25.8;24.4;2.583;1.819;1.209;3.045;0.129;1.335;19
B31558;2015/03/05 01:27:27;19;78;23.8;24.8;2.722;1.819;1.229;3.045;0.129;1.309;20
B31558;2015/03/05 01:27:37;20;91;25.8;24.3;2.706;1.803;1.229;3.045;0.135;1.309;21
B31558;2015/03/05 01:27:47;21;72;29.6;24.6;2.729;1.803;1.212;3.045;0.135;1.335;22
B31558;2015/03/05 01:27:57;22;91;23.8;24.6;2.716;1.819;1.212;3.058;0.135;1.335;23
B31558;2015/03/05 01:28:07;23;83;28.7;24.8;2.622;1.819;1.203;3.058;0.135;1.335;24
B31558;2015/03/05 01:28:17;24;88;28.7;24.8;2.487;1.790;1.203;3.058;0.135;1.351;25
B31558;2015/03/05 01:28:27;25;76;28.7;23.9;2.570;1.790;1.235;3.058;0.135;1.358;26
B31558;2015/03/05 01:28:37;26;83;26.1;24.4;2.719;1.783;1.235;2.996;0.135;1.364;27
B31558;2015/03/05 01:28:47;27;72;26.4;25.0;2.458;1.783;1.206;2.996;0.135;1.361;28
B31558;2015/03/05 01:28:57;28;80;28.3;24.6;2.570;1.783;1.206;2.996;0.183;1.358;29
B31558;2015/03/05 01:29:07;29;79;31.9;24.6;2.696;1.783;1.232;2.996;0.183;1.351;30
B31558;2015/03/05 01:29:17;30;78;26.7;24.6;2.438;1.793;1.232;3.012;0.183;1.338;31
B31558;2015/03/05 01:29:27;31;88;30.6;25.1;2.454;1.793;1.212;3.012;0.183;1.345;32
B31558;2015/03/05 01:29:37;32;91;25.8;25.0;2.509;1.787;1.212;3.012;0.132;1.370;33
B31558;2015/03/05 01:29:47;33;93;32.2;24.1;2.632;1.787;1.212;3.012;0.132;1.361;34
B31558;2015/03/05 01:29:57;34;85;27.7;25.0;2.451;1.796;1.212;3.058;0.132;1.345;35
B31558;2015/03/05 01:30:07;35;83;25.1;25.0;2.503;1.796;1.225;3.058;0.132;1.338;36
B31558;2015/03/05 01:30:17;36;92;28.3;24.3;2.687;1.809;1.225;3.058;0.196;1.380;37
B31558;2015/03/05 01:30:27;37;86;32.2;24.8;2.722;1.809;1.209;3.058;0.196;1.364;38
B31558;2015/03/05 01:30:37;38;83;23.2;24.1;2.467;1.832;1.209;3.003;0.196;1.348;39
B31558;2015/03/05 01:30:47;39;84;27.7;24.3;2.580;1.832;1.274;3.003;0.196;1.312;40
B31558;2015/03/05 01:30:57;40;83;32.2;24.4;2.458;1.832;1.274;3.003;0.122;1.306;41
B31558;2015/03/05 01:31:07;41;92;23.8;25.0;2.503;1.832;1.267;3.003;0.122;1.303;42
B31558;2015/03/05 01:31:17;42;83;25.8;24.3;2.719;1.793;1.267;3.054;0.122;1.325;43
B31558;2015/03/05 01:31:27;43;84;31.6;24.4;2.487;1.793;1.225;3.054;0.122;1.335;44
B31558;2015/03/05 01:31:37;44;89;31.9;24.4;2.464;1.829;1.225;3.054;0.203;1.300;45
B31558;2015/03/05 01:31:47;45;88;22.2;24.6;2.551;1.829;1.212;3.054;0.203;1.280;46
B31558;2015/03/05 01:31:57;46;87;25.1;24.3;2.458;1.793;1.212;3.048;0.203;1.267;47
B31558;2015/03/05 01:32:07;47;83;32.5;23.6;2.722;1.793;1.219;3.048;0.203;1.306;48
B31558;2015/03/05 01:32:17;48;90;24.8;24.6;2.506;1.812;1.219;3.048;0.125;1.264;49
B31558;2015/03/05 01:32:27;49;82;25.4;25.0;2.519;1.812;1.277;3.048;0.125;1.274;50
B31558;2015/03/05 01:32:37;50;88;33.8;24.4;2.477;1.816;1.277;3.022;0.125;1.329;51
B31558;2015/03/05 01:32:47;51;82;28.7;23.9;2.609;1.816;1.219;3.022;0.125;1.312;52
B31558;2015/03/05 01:32:57;52;93;25.4;24.1;2.722;1.800;1.219;3.022;0.119;1.335;53
B31558;2015/03/05 01:33:07;53;81;28.3;24.4;2.690;1.800;1.241;3.022;0.119;1.329;54
B31558;2015/03/05 01:33:17;54;87;24.8;24.6;2.500;1.841;1.241;3.061;0.119;1.303;55
B31558;2015/03/05 01:33:27;55;80;29.3;24.8;2.593;1.841;1.222;3.061;0.119;1.338;56
B31558;2015/03/05 01:33:37;56;88;27.7;24.3;2.699;1.809;1.222;3.061;0.261;1.338;57
B31558;2015/03/05 01:33:47;57;83;22.9;24.6;2.545;1.809;1.274;3.061;0.261;1.322;58
B31558;2015/03/05 01:33:57;58;82;26.1;24.8;2.722;1.793;1.274;3.009;0.261;1.351;59
B31558;2015/03/05 01:34:07;59;93;22.9;24.8;2.464;1.793;1.258;3.009;0.261;1.325;60
B31558;2015/03/05 01:34:17;60;81;32.9;24.6;2.487;1.832;1.258;3.009;0.116;1.370;61
B31558;2015/03/05 01:34:27;61;79;25.1;25.3;2.667;1.832;1.248;3.009;0.116;1.329;62
B31558;2015/03/05 01:34:37;62;88;23.8;23.7;2.464;1.803;1.248;3.019;0.116;1.351;63
B31558;2015/03/05 01:34:47;63;90;28.3;24.4;2.670;1.803;1.216;3.019;0.116;1.322;64
B31558;2015/03/05 01:34:57;64;83;25.8;23.9;2.616;1.796;1.216;3.019;0.203;1.322;65
B31558;2015/03/05 01:35:07;65;89;27.4;24.6;2.461;1.796;1.212;3.019;0.203;1.348;66
B31558;2015/03/05 01:35:17;66;77;23.8;24.1;2.477;1.806;1.212;3.038;0.203;1.335;67
B31558;2015/03/05 01:35:27;67;90;28.7;23.6;2.632;1.806;1.270;3.038;0.203;1.361;68
B31558;2015/03/05 01:35:37;68;79;32.9;24.4;2.477;1.793;1.270;3.038;0.135;1.367;69
B31558;2015/03/05 01:35:47;69;89;23.8;24.8;2.448;1.793;1.248;3.038;0.135;1.358;70
B31558;2015/03/05 01:35:57;70;81;23.8;24.1;2.690;1.835;1.248;3.006;0.135;1.393;71
B31558;2015/03/05 01:36:08;0;1;25.4;24.1;2.090;-1.000;-1.000;-1.000;-1.000;1.458;1
B31558;2015/03/05 01:36:27;1;90;32.2;23.9;2.432;-1.000;-1.000;-1.000;-1.000;1.364;2
B31558;2015/03/05 01:36:38;2;80;22.5;24.6;2.461;1.577;-1.000;3.080;-1.000;1.335;3
B31558;2015/03/05 01:36:47;3;84;23.8;24.1;2.654;1.577;1.267;3.080;-1.000;1.329;4
B31558;2015/03/05 01:36:58;4;93;23.2;24.4;2.638;1.619;1.267;3.080;0.148;1.316;5
B31558;2015/03/05 01:37:07;5;78;25.1;24.6;2.438;1.619;1.216;3.080;0.148;1.364;6
B31558;2015/03/05 01:37:18;6;85;24.8;24.4;2.680;1.719;1.216;2.993;0.148;1.338;7
B31558;2015/03/05 01:37:27;7;79;22.5;24.6;2.467;1.719;1.270;2.993;0.148;1.319;8
B31558;2015/03/05 01:37:38;8;78;30.3;24.8;2.564;1.777;1.270;2.993;0.148;1.354;9
B31558;2015/03/05 01:37:47;9;82;27.4;23.7;2.716;1.777;1.219;2.993;0.148;1.316;10
B31558;2015/03/05 01:37:58;10;85;25.1;24.8;2.716;1.774;1.219;2.958;0.148;1.329;11
B31558;2015/03/05 01:38:07;11;80;23.5;25.0;2.503;1.774;1.222;2.958;0.148;1.329;12
B31558;2015/03/05 01:38:18;12;86;29.3;24.8;2.483;1.761;1.222;2.958;0.129;1.364;13
B31558;2015/03/05 01:38:27;13;88;24.5;24.6;2.464;1.761;1.212;2.958;0.129;1.370;14
B31558;2015/03/05 01:38:38;14;78;32.5;24.4;2.477;1.787;1.212;2.980;0.129;1.361;15
B31558;2015/03/05 01:38:47;15;73;26.4;24.4;2.509;1.787;1.280;2.980;0.129;1.348;16
B31558;2015/03/05 01:38:58;16;81;32.2;24.8;2.574;1.780;1.280;2.980;0.125;1.367;17
B31558;2015/03/05 01:39:07;17;85;30.6;25.0;2.464;1.780;1.280;2.980;0.125;1.351;18
B31558;2015/03/05 01:39:18;18;89;29.3;25.0;2.674;1.777;1.280;2.974;0.125;1.390;19
B31558;2015/03/05 01:39:27;19;88;32.5;24.1;2.683;1.777;1.238;2.974;0.125;1.341;20
B31558;2015/03/05 01:39:38;20;93;23.5;24.3;2.712;1.809;1.238;2.974;0.148;1.332;21
B31558;2015/03/05 01:39:47;21;88;23.5;24.8;2.622;1.809;1.212;2.974;0.148;1.325;22
B31558;2015/03/05 01:39:58;22;93;23.2;23.9;2.635;1.783;1.212;3.003;0.148;1.361;23
B31558;2015/03/05 01:40:07;23;84;29.6;24.8;2.603;1.783;1.235;3.003;0.148;1.358;24
B31558;2015/03/05 01:40:18;24;73;22.5;24.3;2.658;1.793;1.235;3.003;0.129;1.316;25
B31558;2015/03/05 01:40:27;25;75;29.6;24.8;2.512;1.793;1.277;3.003;0.129;1.338;26
B31558;2015/03/05 01:40:38;26;89;28.0;24.6;2.474;1.793;1.277;3.061;0.129;1.319;27
B31558;2015/03/05 01:40:47;27;79;23.8;25.1;2.464;1.793;1.212;3.061;0.129;1.329;28
B31558;2015/03/05 01:40:58;28;77;22.5;24.4;2.696;1.816;1.212;3.061;0.122;1.300;29
B31558;2015/03/05 01:41:07;29;78;24.1;24.1;2.680;1.816;1.209;3.061;0.122;1.309;30
B31558;2015/03/05 01:41:18;30;93;29.3;25.1;2.606;1.809;1.209;3.064;0.122;1.351;31
B31558;2015/03/05 01:41:27;31;91;28.3;24.8;2.622;1.809;1.212;3.064;0.122;1.316;32
B31558;2015/03/05 01:41:38;32;86;33.8;24.8;2.474;1.835;1.212;3.064;0.135;1.332;33
B31558;2015/03/05 01:41:47;33;77;23.8;23.9;2.532;1.835;1.229;3.064;0.135;1.309;34
B31558;2015/03/05 01:41:58;34;74;28.7;25.1;2.600;1.790;1.229;3.003;0.135;1.364;35
B31558;2015/03/05 01:42:07;35;86;26.1;24.1;2.696;1.790;1.267;3.003;0.135;1.309;36
B31558;2015/03/05 01:42:18;36;83;28.3;24.6;2.699;1.838;1.267;3.003;0.151;1.351;37
B31558;2015/03/05 01:42:27;37;88;29.6;25.0;2.467;1.838;1.216;3.003;0.151;1.345;38
B31558;2015/03/05 01:42:38;38;76;30.0;23.9;2.719;1.822;1.216;3.019;0.151;1.348;39
B31558;2015/03/05 01:42:47;39;73;27.4;25.0;2.464;1.822;1.219;3.019;0.151;1.361;40
B31558;2015/03/05 01:42:58;40;86;28.0;24.6;2.648;1.793;1.219;3.019;0.122;1.348;41
B31558;2015/03/05 01:43:07;41;80;25.8;24.6;2.503;1.793;1.212;3.019;0.122;1.329;42
B31558;2015/03/05 01:43:18;42;82;29.6;24.6;2.719;1.816;1.212;3.038;0.122;1.312;43
B31558;2015/03/05 01:43:27;43;82;24.5;25.0;2.493;1.816;1.219;3.038;0.122;1.354;44
B31558;2015/03/05 01:43:38;44;82;28.3;24.6;2.706;1.819;1.219;3.038;0.190;1.325;45
B31558;2015/03/05 01:43:47;45;83;30.3;24.8;2.561;1.819;1.219;3.038;0.190;1.329;46
B31558;2015/03/05 01:43:58;46;77;33.8;24.8;2.467;1.803;1.219;3.009;0.190;1.370;47
B31558;2015/03/05 01:44:07;47;71;25.1;25.1;2.461;1.803;1.212;3.009;0.190;1.364;48
B31558;2015/03/05 01:44:18;48;92;31.2;24.4;2.538;1.835;1.212;3.009;0.148;1.364;49
B31558;2015/03/05 01:44:27;49;86;23.8;25.1;2.451;1.835;1.274;3.009;0.148;1.380;50
B31558;2015/03/05 01:44:38;50;73;23.8;24.8;2.712;1.796;1.274;3.067;0.148;1.367;51
B31558;2015/03/05 01:44:47;51;79;32.5;24.4;2.474;1.796;1.212;3.067;0.148;1.396;52
B31558;2015/03/05 01:44:58;52;78;32.5;24.6;2.477;1.838;1.212;3.067;0.122;1.380;53
B31558;2015/03/05 01:45:07;53;84;30.9;25.1;2.722;1.838;1.209;3.067;0.122;1.377;54
B31558;2015/03/05 01:45:18;54;83;27.4;24.8;2.677;1.832;1.209;3.038;0.122;1.348;55
B31558;2015/03/05 01:45:27;55;72;27.4;24.4;2.448;1.832;1.283;3.038;0.122;1.329;56
B31558;2015/03/05 01:45:38;56;93;33.2;24.8;2.635;1.835;1.283;3.038;0.119;1.335;57
B31558;2015/03/05 01:45:47;57;92;29.3;24.4;2.722;1.835;1.238;3.038;0.119;1.341;58
B31558;2015/03/05 01:45:58;58;80;24.5;24.4;2.661;1.800;1.238;3.074;0.119;1.364;59
B31558;2015/03/05 01:46:07;59;78;25.8;24.6;2.467;1.800;1.225;3.074;0.119;1.370;60
B31558;2015/03/05 01:46:18;60;92;22.5;24.3;2.474;1.825;1.225;3.074;0.132;1.316;61
B31558;2015/03/05 01:46:27;61;82;25.1;24.1;2.554;1.825;1.277;3.074;0.132;1.316;62
B31558;2015/03/05 01:46:38;62;84;32.2;25.1;2.509;1.829;1.277;3.029;0.132;1.338;63
B31558;2015/03/05 01:46:47;63;76;22.5;25.0;2.483;1.829;1.280;3.029;0.132;1.332;64
B31558;2015/03/05 01:46:58;64;83;24.8;24.8;2.445;1.841;1.280;3.029;0.122;1.358;65
B31558;2015/03/05 01:47:07;65;79;30.9;24.6;2.470;1.841;1.274;3.029;0.122;1.351;66
B31558;2015/03/05 01:47:18;66;79;22.9;24.4;2.451;1.838;1.274;3.019;0.122;1.367;67
B31558;2015/03/05 01:47:27;67;79;29.3;24.3;2.722;1.838;1.283;3.019;0.122;1.345;68
B31558;2015/03/05 01:47:38;68;89;25.8;24.4;2.625;1.800;1.283;3.019;0.135;1.367;69
B31558;2015/03/05 01:47:47;69;75;23.5;25.0;2.448;1.800;1.212;3.019;0.135;1.380;70
B31558;2015/03/05 01:47:58;70;86;32.5;24.4;2.600;1.835;1.212;3.032;0.135;1.361;71
B31558;2015/03/05 01:48:08;0;1;25.4;24.4;2.322;-1.000;-1.000;-1.000;-1.000;1.487;1
B31558;2015/03/05 01:48:27;1;93;32.5;24.6;2.461;-1.000;-1.000;-1.000;-1.000;1.412;2
B31558;2015/03/05 01:48:38;2;84;30.3;24.3;2.638;1.548;-1.000;3.077;-1.000;1.374;3
B31558;2015/03/05 01:48:47;3;86;25.4;24.4;2.522;1.548;1.235;3.077;-1.000;1.393;4
B31558;2015/03/05 01:48:58;4;88;23.2;24.3;2.487;1.654;1.235;3.077;0.148;1.374;5
B31558;2015/03/05 01:49:07;5;85;25.4;24.3;2.512;1.654;1.277;3.077;0.148;1.348;6
B31558;2015/03/05 01:49:18;6;90;28.7;24.8;2.580;1.696;1.277;2.945;0.148;1.377;7
B31558;2015/03/05 01:49:27;7;83;29.6;24.6;2.467;1.696;1.235;2.945;0.148;1.380;8
B31558;2015/03/05 01:49:38;8;84;30.0;23.9;2.693;1.764;1.235;2.945;0.154;1.338;9
B31558;2015/03/05 01:49:47;9;84;23.8;24.6;2.532;1.764;1.280;2.945;0.154;1.335;10
B31558;2015/03/05 01:49:58;10;93;24.5;24.3;2.719;1.754;1.280;3.019;0.154;1.370;11
B31558;2015/03/05 01:50:07;11;91;30.9;24.4;2.619;1.754;1.216;3.019;0.154;1.325;12
B31558;2015/03/05 01:50:18;12;93;25.8;24.6;2.712;1.806;1.216;3.019;0.190;1.351;13
B31558;2015/03/05 01:50:27;13;78;22.2;24.6;2.545;1.806;1.222;3.019;0.190;1.354;14
B31558;2015/03/05 01:50:38;14;93;26.1;24.8;2.445;1.806;1.222;3.035;0.190;1.316;15
B31558;2015/03/05 01:50:47;15;89;31.2;24.3;2.696;1.806;1.222;3.035;0.190;1.329;16
B31558;2015/03/05 01:50:58;16;86;31.2;25.1;2.693;1.793;1.222;3.035;0.158;1.335;17
B31558;2015/03/05 01:51:07;17;87;21.9;25.0;2.570;1.793;1.287;3.035;0.158;1.329;18
B31558;2015/03/05 01:51:18;18;84;25.4;24.3;2.699;1.809;1.287;2.983;0.158;1.332;19
B31558;2015/03/05 01:51:27;19;78;30.9;25.1;2.474;1.809;1.248;2.983;0.158;1.329;20
B31558;2015/03/05 01:51:38;20;91;25.4;24.3;2.719;1.787;1.248;2.983;0.122;1.390;21
B31558;2015/03/05 01:51:47;21;78;24.1;24.6;2.503;1.787;1.212;2.983;0.122;1.387;22
B31558;2015/03/05 01:51:58;22;82;25.8;24.6;2.445;1.787;1.212;3.041;0.122;1.345;23
B31558;2015/03/05 01:52:07;23;82;23.5;25.0;2.487;1.787;1.219;3.041;0.122;1.367;24
B31558;2015/03/05 01:52:18;24;83;25.1;24.4;2.719;1.816;1.219;3.041;0.119;1.354;25
B31558;2015/03/05 01:52:27;25;87;22.9;25.0;2.570;1.816;1.212;3.041;0.119;1.354;26
B31558;2015/03/05 01:52:38;26;83;33.5;24.8;2.719;1.832;1.212;3.061;0.119;1.351;27
B31558;2015/03/05 01:52:47;27;87;23.8;24.6;2.609;1.832;1.277;3.061;0.119;1.335;28
B31558;2015/03/05 01:52:58;28;90;30.6;24.8;2.587;1.790;1.277;3.061;0.209;1.364;29
B31558;2015/03/05 01:53:07;29;86;22.5;25.1;2.474;1.790;1.216;3.061;0.209;1.306;30
B31558;2015/03/05 01:53:18;30;82;26.1;25.0;2.509;1.838;1.216;3.070;0.209;1.348;31
B31558;2015/03/05 01:53:27;31;80;26.1;24.4;2.583;1.838;1.261;3.070;0.209;1.332;32
B31558;2015/03/05 01:53:38;32;91;24.8;24.8;2.483;1.838;1.261;3.070;0.135;1.338;33
B31558;2015/03/05 01:53:47;33;79;25.4;23.9;2.593;1.838;1.277;3.070;0.135;1.316;34
B31558;2015/03/05 01:53:58;34;85;29.0;24.8;2.667;1.841;1.277;3.032;0.135;1.358;35
B31558;2015/03/05 01:54:07;35;86;30.0;25.5;2.496;1.841;1.219;3.032;0.135;1.319;36
B31558;2015/03/05 01:54:18;36;83;26.4;24.6;2.445;1.793;1.219;3.032;0.119;1.341;37
B31558;2015/03/05 01:54:27;37;93;31.9;24.4;2.525;1.793;1.216;3.032;0.119;1.358;38
B31558;2015/03/05 01:54:38;38;88;25.8;24.3;2.712;1.819;1.216;3.051;0.119;1.364;39
B31558;2015/03/05 01:54:47;39;84;33.8;23.7;2.609;1.819;1.238;3.051;0.119;1.335;40
B31558;2015/03/05 01:54:58;40;74;25.1;24.3;2.554;1.838;1.238;3.051;0.132;1.329;41
B31558;2015/03/05 01:55:07;41;75;30.0;24.8;2.454;1.838;1.212;3.051;0.132;1.316;42
B31558;2015/03/05 01:55:18;42;79;30.6;24.4;2.470;1.806;1.212;3.019;0.132;1.325;43
B31558;2015/03/05 01:55:27;43;83;28.3;23.7;2.635;1.806;1.216;3.019;0.132;1.374;44
B31558;2015/03/05 01:55:38;44;88;24.1;24.3;2.709;1.835;1.216;3.019;0.129;1.361;45
B31558;2015/03/05 01:55:47;45;78;23.5;24.6;2.448;1.835;1.283;3.019;0.129;1.332;46
B31558;2015/03/05 01:55:58;46;88;24.1;24.3;2.487;1.796;1.283;3.058;0.129;1.348;47
B31558;2015/03/05 01:56:07;47;79;30.6;24.6;2.477;1.796;1.212;3.058;0.129;1.341;48
B31558;2015/03/05 01:56:18;48;80;26.4;24.4;2.722;1.796;1.212;3.058;0.132;1.358;49
B31558;2015/03/05 01:56:27;49;84;25.1;24.1;2.522;1.796;1.238;3.058;0.132;1.358;50
B31558;2015/03/05 01:56:38;50;83;29.6;24.6;2.590;1.796;1.238;3.058;0.132;1.367;51
B31558;2015/03/05 01:56:47;51;88;24.1;24.3;2.567;1.796;1.212;3.058;0.132;1.335;52
B31558;2015/03/05 01:56:58;52;85;26.4;24.4;2.587;1.806;1.212;3.058;0.177;1.322;53
B31558;2015/03/05 01:57:07;53;81;28.3;24.8;2.629;1.806;1.219;3.058;0.177;1.329;54
B31558;2015/03/05 01:57:18;54;85;33.5;24.8;2.712;1.800;1.219;3.074;0.177;1.351;55
B31558;2015/03/05 01:57:27;55;91;23.8;25.0;2.535;1.800;1.287;3.074;0.177;1.290;56
B31558;2015/03/05 01:57:38;56;80;29.3;24.4;2.464;1.816;1.287;3.074;0.132;1.322;57
B31558;2015/03/05 01:57:47;57;84;30.9;24.8;2.703;1.816;1.225;3.074;0.132;1.332;58
B31558;2015/03/05 01:57:58;58;92;26.7;24.3;2.712;1.822;1.225;3.074;0.132;1.280;59
B31558;2015/03/05 01:58:07;59;78;31.9;23.9;2.641;1.822;1.212;3.074;0.132;1.300;60
B31558;2015/03/05 01:58:18;60;91;23.8;24.8;2.445;1.800;1.212;3.074;0.125;1.287;61
B31558;2015/03/05 01:58:27;61;90;28.0;24.8;2.722;1.800;1.216;3.074;0.125;1.296;62
B31558;2015/03/05 01:58:38;62;91;32.2;25.0;2.616;1.829;1.216;3.051;0.125;1.325;63
B31558;2015/03/05 01:58:47;63;88;29.6;24.8;2.616;1.829;1.254;3.051;0.125;1.277;64
B31558;2015/03/05 01:58:58;64;83;22.2;24.4;2.658;1.800;1.254;3.051;0.196;1.277;65
B31558;2015/03/05 01:59:07;65;87;28.3;24.8;2.512;1.800;1.216;3.051;0.196;1.312;66
B31558;2015/03/05 01:59:18;66;83;23.8;24.1;2.722;1.800;1.216;3.032;0.196;1.296;67
B31558;2015/03/05 01:59:27;67;90;27.4;24.4;2.690;1.800;1.241;3.032;0.196;1.274;68
B31558;2015/03/05 01:59:38;68;93;29.3;25.0;2.699;1.803;1.241;3.032;0.177;1.303;69
B31558;2015/03/05 01:59:47;69;84;25.1;24.4;2.458;1.803;1.216;3.032;0.177;1.293;70
B31558;2015/03/05 01:59:58;70;77;28.0;25.1;2.719;1.841;1.216;3.029;0.177;1.312;71
B31558;2015/03/05 02:00:08;71;90;23.8;24.4;2.683;1.841;1.219;3.029;0.177;1.316;72
B31558;2015/03/05 02:00:18;72;88;28.3;23.9;2.600;1.835;1.219;3.029;0.177;1.332;73
B31558;2015/03/05 02:00:28;73;77;32.5;24.3;2.729;1.835;1.287;3.029;0.177;1.322;74
