B3155D;2015/03/08 00:00:00;11821;83;20.6;21.8;2.722;1.270;0.574;1.267;0.000;0.545;11822
B3155D;2015/03/08 00:00:10;11822;80;27.4;22.0;2.570;1.270;0.574;1.316;0.000;0.551;11823
B3155D;2015/03/08 00:00:20;11823;74;22.9;22.4;2.548;1.270;0.577;1.316;0.000;0.574;11824
B3155D;2015/03/08 00:00:30;11824;85;21.2;21.7;2.554;1.261;0.577;1.316;0.003;0.551;11825
B3155D;2015/03/08 00:00:40;11825;76;24.5;21.5;2.596;1.261;0.590;1.316;0.003;0.577;11826
B3155D;2015/03/08 00:00:50;11826;75;22.2;22.4;2.603;1.248;0.590;1.316;0.003;0.551;11827
B3155D;2015/03/08 00:01:00;11827;80;26.1;21.3;2.561;1.248;0.564;1.316;0.003;0.574;11828
B3155D;2015/03/08 00:01:10;11828;78;21.9;22.0;2.729;1.241;0.564;1.316;0.003;0.580;11829
B3155D;2015/03/08 00:01:20;11829;68;19.6;21.8;2.574;1.241;0.577;1.316;0.003;0.574;11830
B3155D;2015/03/08 00:01:30;11830;77;19.6;21.7;2.548;1.270;0.577;1.277;0.003;0.554;11831
B3155D;2015/03/08 00:01:40;11831;77;21.9;21.8;2.680;1.270;0.616;1.277;0.003;0.558;11832
B3155D;2015/03/08 00:01:50;11832;85;20.9;21.7;2.751;1.254;0.616;1.277;0.000;0.570;11833
B3155D;2015/03/08 00:02:00;11833;78;25.4;21.5;2.612;1.254;0.561;1.277;0.000;0.554;11834
B3155D;2015/03/08 00:02:10;11834;80;25.1;22.0;2.738;1.241;0.561;1.300;0.000;0.599;11835
B3155D;2015/03/08 00:02:20;11835;85;20.6;22.0;2.674;1.241;0.603;1.300;0.000;0.545;11836
B3155D;2015/03/08 00:02:30;11836;83;27.4;22.2;2.745;1.274;0.603;1.300;0.022;0.574;11837
B3155D;2015/03/08 00:02:40;11837;84;21.9;21.8;2.741;1.274;0.599;1.300;0.022;0.577;11838
B3155D;2015/03/08 00:02:50;11838;76;23.8;22.0;2.725;1.251;0.599;1.290;0.022;0.558;11839
B3155D;2015/03/08 00:03:00;11839;86;22.9;21.5;2.725;1.251;0.580;1.290;0.022;0.570;11840
B3155D;2015/03/08 00:03:10;11840;78;21.2;21.5;2.603;1.241;0.580;1.290;0.000;0.545;11841
B3155D;2015/03/08 00:03:20;11841;78;21.6;21.8;2.741;1.241;0.570;1.290;0.000;0.541;11842
B3155D;2015/03/08 00:03:30;11842;85;24.5;22.2;2.716;1.274;0.570;1.312;0.000;0.545;11843
B3155D;2015/03/08 00:03:40;11843;80;25.1;21.7;2.587;1.274;0.580;1.312;0.000;0.554;11844
B3155D;2015/03/08 00:03:50;11844;85;21.6;22.4;2.561;1.251;0.580;1.312;0.000;0.551;11845
B3155D;2015/03/08 00:04:00;11845;83;21.2;22.4;2.554;1.251;0.599;1.312;0.000;0.545;11846
B3155D;2015/03/08 00:04:10;11846;68;21.2;22.5;2.703;1.258;0.599;1.277;0.000;0.551;11847
B3155D;2015/03/08 00:04:20;11847;77;22.5;21.7;2.561;1.258;0.567;1.277;0.000;0.551;11848
B3155D;2015/03/08 00:04:30;11848;80;26.1;22.0;2.538;1.261;0.567;1.277;0.000;0.551;11849
B3155D;2015/03/08 00:04:40;11849;82;21.9;21.8;2.741;1.261;0.609;1.277;0.000;0.548;11850
B3155D;2015/03/08 00:04:50;11850;78;22.9;21.7;2.745;1.277;0.609;1.293;0.000;0.574;11851
B3155D;2015/03/08 00:05:00;11851;70;23.2;21.5;2.667;1.277;0.564;1.293;0.000;0.548;11852
B3155D;2015/03/08 00:05:10;11852;78;21.6;22.4;2.577;1.267;0.564;1.293;0.003;0.574;11853
B3155D;2015/03/08 00:05:20;11853;68;22.9;22.0;2.741;1.267;0.564;1.293;0.003;0.554;11854
B3155D;2015/03/08 00:05:30;11854;84;26.4;21.5;2.745;1.245;0.564;1.283;0.003;0.577;11855
B3155D;2015/03/08 00:05:40;11855;73;27.4;21.5;2.693;1.245;0.603;1.283;0.003;0.554;11856
B3155D;2015/03/08 00:05:50;11856;80;20.6;22.0;2.558;1.277;0.603;1.283;0.006;0.545;11857
B3155D;2015/03/08 00:06:00;11857;77;27.4;21.7;2.748;1.277;0.574;1.283;0.006;0.554;11858
B3155D;2015/03/08 00:06:10;11858;79;19.6;21.5;2.745;1.267;0.574;1.283;0.006;0.554;11859
B3155D;2015/03/08 00:06:20;11859;80;20.9;22.0;2.541;1.267;0.564;1.283;0.006;0.561;11860
B3155D;2015/03/08 00:06:30;11860;73;20.0;21.5;2.677;1.248;0.564;1.283;0.000;0.545;11861
B3155D;2015/03/08 00:06:40;11861;77;24.8;21.1;2.683;1.248;0.567;1.283;0.000;0.577;11862
B3155D;2015/03/08 00:06:50;11862;78;22.9;21.5;2.712;1.280;0.567;1.306;0.000;0.561;11863
B3155D;2015/03/08 00:07:00;11863;84;21.2;21.8;2.712;1.280;0.593;1.306;0.000;0.548;11864
B3155D;2015/03/08 00:07:10;11864;72;25.4;22.0;2.709;1.280;0.593;1.306;0.000;0.590;11865
B3155D;2015/03/08 00:07:20;11865;76;19.6;21.8;2.712;1.280;0.561;1.306;0.000;0.538;11866
B3155D;2015/03/08 00:07:30;11866;77;21.6;21.5;2.612;1.277;0.561;1.316;0.000;0.561;11867
B3155D;2015/03/08 00:07:40;11867;76;19.0;22.4;2.751;1.277;0.587;1.316;0.000;0.535;11868
B3155D;2015/03/08 00:07:50;11868;79;26.7;22.0;2.683;1.280;0.587;1.316;0.000;0.561;11869
B3155D;2015/03/08 00:08:00;11869;79;23.5;21.8;2.751;1.280;0.574;1.316;0.000;0.548;11870
B3155D;2015/03/08 00:08:10;11870;80;20.6;22.2;2.622;1.274;0.574;1.293;0.000;0.532;11871
B3155D;2015/03/08 00:08:20;11871;70;22.5;22.2;2.683;1.274;0.561;1.293;0.000;0.541;11872
B3155D;2015/03/08 00:08:30;11872;70;23.5;21.8;2.641;1.241;0.561;1.293;0.000;0.525;11873
B3155D;2015/03/08 00:08:40;11873;78;24.5;22.0;2.641;1.241;0.564;1.293;0.000;0.541;11874
B3155D;2015/03/08 00:08:50;11874;85;19.3;21.5;2.687;1.270;0.564;1.283;0.000;0.525;11875
B3155D;2015/03/08 00:09:00;11875;79;20.0;21.5;2.632;1.270;0.580;1.283;0.000;0.548;11876
B3155D;2015/03/08 00:09:10;11876;73;20.9;22.5;2.593;1.241;0.580;1.283;0.000;0.538;11877
B3155D;2015/03/08 00:09:20;11877;78;20.0;22.2;2.709;1.241;0.558;1.283;0.000;0.548;11878
B3155D;2015/03/08 00:09:30;11878;81;24.1;21.8;2.541;1.241;0.558;1.274;0.000;0.525;11879
B3155D;2015/03/08 00:09:40;11879;77;19.0;22.0;2.716;1.241;0.577;1.274;0.000;0.525;11880
B3155D;2015/03/08 00:09:50;11880;82;24.1;21.8;2.541;1.261;0.577;1.274;0.000;0.535;11881
B3155D;2015/03/08 00:10:00;11881;79;20.9;22.4;2.587;1.261;0.603;1.274;0.000;0.535;11882
B3155D;2015/03/08 00:10:10;11882;81;22.2;21.3;2.600;1.270;0.603;1.309;0.000;0.535;11883
B3155D;2015/03/08 00:10:20;11883;76;18.0;21.7;2.680;1.270;0.593;1.309;0.000;0.538;11884
B3155D;2015/03/08 00:10:30;11884;77;20.6;21.8;2.658;1.245;0.593;1.309;0.000;0.529;11885
B3155D;2015/03/08 00:10:40;11885;78;21.2;22.0;2.712;1.245;0.558;1.309;0.000;0.529;11886
B3155D;2015/03/08 00:10:50;11886;86;25.4;22.0;2.574;1.245;0.558;1.309;0.000;0.525;11887
B3155D;2015/03/08 00:11:00;11887;83;21.9;22.2;2.638;1.245;0.603;1.309;0.000;0.525;11888
B3155D;2015/03/08 00:11:10;11888;88;19.3;22.5;2.590;1.251;0.603;1.309;0.000;0.532;11889
B3155D;2015/03/08 00:11:20;11889;71;20.6;22.0;2.699;1.251;0.558;1.309;0.000;0.532;11890
B3155D;2015/03/08 00:11:30;11890;80;27.7;22.2;2.751;1.280;0.558;1.277;0.000;0.577;11891
B3155D;2015/03/08 00:11:40;11891;78;20.3;21.8;2.709;1.280;0.558;1.277;0.000;0.529;11892
B3155D;2015/03/08 00:11:50;11892;78;26.4;22.0;2.748;1.245;0.558;1.277;0.029;0.567;11893
B3155D;2015/03/08 00:12:00;11893;80;26.7;21.5;2.583;1.245;0.558;1.277;0.029;0.551;11894
B3155D;2015/03/08 00:12:10;11894;82;22.5;21.7;2.735;1.258;0.558;1.280;0.029;0.570;11895
B3155D;2015/03/08 00:12:20;11895;78;23.2;22.2;2.567;1.258;0.554;1.280;0.029;0.558;11896
B3155D;2015/03/08 00:12:30;11896;84;23.8;21.7;2.738;1.245;0.554;1.280;0.009;0.522;11897
B3155D;2015/03/08 00:12:40;11897;74;27.4;22.2;2.732;1.245;0.609;1.280;0.009;0.519;11898
B3155D;2015/03/08 00:12:50;11898;81;27.4;22.2;2.709;1.258;0.609;1.312;0.009;0.548;11899
B3155D;2015/03/08 00:13:00;11899;72;23.5;22.0;2.754;1.258;0.558;1.312;0.009;0.535;11900
B3155D;2015/03/08 00:13:10;11900;82;21.2;21.5;2.712;1.248;0.558;1.312;0.006;0.554;11901
B3155D;2015/03/08 00:13:20;11901;83;26.1;21.7;2.551;1.248;0.558;1.312;0.006;0.558;11902
B3155D;2015/03/08 00:13:30;11902;78;20.9;22.0;2.574;1.283;0.558;1.322;0.006;0.561;11903
B3155D;2015/03/08 00:13:40;11903;83;23.8;21.5;2.699;1.283;0.587;1.322;0.006;0.538;11904
B3155D;2015/03/08 00:13:50;11904;78;20.6;22.9;2.629;1.270;0.587;1.322;0.000;0.538;11905
B3155D;2015/03/08 00:14:00;11905;86;23.2;22.2;2.674;1.270;0.558;1.322;0.000;0.529;11906
B3155D;2015/03/08 00:14:10;11906;78;24.8;22.0;2.745;1.267;0.558;1.290;0.000;0.525;11907
B3155D;2015/03/08 00:14:20;11907;74;22.2;21.8;2.558;1.267;0.558;1.290;0.000;0.548;11908
B3155D;2015/03/08 00:14:30;11908;78;24.8;22.2;2.745;1.270;0.558;1.290;0.000;0.551;11909
B3155D;2015/03/08 00:14:40;11909;81;24.8;21.8;2.583;1.270;0.551;1.290;0.000;0.532;11910
B3155D;2015/03/08 00:14:50;11910;79;20.6;22.5;2.622;1.277;0.551;1.309;0.000;0.574;11911
B3155D;2015/03/08 00:15:00;11911;84;20.6;22.2;2.667;1.277;0.596;1.309;0.000;0.532;11912
B3155D;2015/03/08 00:15:10;11912;76;22.2;21.5;2.738;1.264;0.596;1.309;0.035;0.554;11913
B3155D;2015/03/08 00:15:20;11913;73;19.6;22.5;2.745;1.264;0.596;1.309;0.035;0.570;11914
B3155D;2015/03/08 00:15:30;11914;89;23.2;21.7;2.593;1.277;0.596;1.280;0.035;0.538;11915
B3155D;2015/03/08 00:15:40;11915;73;20.6;22.0;2.719;1.277;0.554;1.280;0.035;0.548;11916
B3155D;2015/03/08 00:15:50;11916;80;26.7;22.0;2.748;1.241;0.554;1.280;0.000;0.532;11917
B3155D;2015/03/08 00:16:00;11917;78;24.1;22.2;2.612;1.241;0.564;1.280;0.000;0.532;11918
B3155D;2015/03/08 00:16:10;11918;81;21.6;22.0;2.551;1.248;0.564;1.283;0.000;0.554;11919
B3155D;2015/03/08 00:16:20;11919;78;23.5;22.9;2.551;1.248;0.596;1.283;0.000;0.567;11920
B3155D;2015/03/08 00:16:30;11920;79;22.9;22.5;2.561;1.248;0.596;1.283;0.006;0.554;11921
B3155D;2015/03/08 00:16:40;11921;83;22.2;22.0;2.732;1.248;0.596;1.283;0.006;0.525;11922
B3155D;2015/03/08 00:16:50;11922;83;22.9;21.8;2.735;1.280;0.596;1.300;0.006;0.541;11923
B3155D;2015/03/08 00:17:00;11923;71;22.2;21.8;2.541;1.280;0.554;1.300;0.006;0.561;11924
B3155D;2015/03/08 00:17:10;11924;68;26.1;22.0;2.548;1.251;0.554;1.300;0.006;0.532;11925
B3155D;2015/03/08 00:17:20;11925;83;26.7;21.7;2.709;1.251;0.596;1.300;0.006;0.535;11926
B3155D;2015/03/08 00:17:30;11926;78;25.4;22.4;2.641;1.248;0.596;1.306;0.006;0.561;11927
B3155D;2015/03/08 00:17:40;11927;73;26.1;22.5;2.654;1.248;0.574;1.306;0.006;0.548;11928
B3155D;2015/03/08 00:17:50;11928;87;26.7;22.2;2.690;1.241;0.574;1.306;0.003;0.532;11929
B3155D;2015/03/08 00:18:00;11929;79;21.6;21.7;2.551;1.241;0.570;1.306;0.003;0.535;11930
B3155D;2015/03/08 00:18:10;11930;76;19.3;21.8;2.690;1.270;0.570;1.283;0.003;0.561;11931
B3155D;2015/03/08 00:18:20;11931;83;23.2;22.0;2.667;1.270;0.554;1.283;0.003;0.538;11932
B3155D;2015/03/08 00:18:30;11932;83;21.9;22.4;2.699;1.274;0.554;1.283;0.006;0.535;11933
B3155D;2015/03/08 00:18:40;11933;80;22.2;22.4;2.712;1.274;0.593;1.283;0.006;0.519;11934
B3155D;2015/03/08 00:18:50;11934;81;23.8;22.0;2.709;1.238;0.593;1.300;0.006;0.538;11935
B3155D;2015/03/08 00:19:00;11935;77;18.3;22.5;2.738;1.238;0.564;1.300;0.006;0.551;11936
B3155D;2015/03/08 00:19:10;11936;88;23.5;22.4;2.590;1.280;0.564;1.300;0.000;0.564;11937
B3155D;2015/03/08 00:19:20;11937;72;23.8;22.0;2.754;1.280;0.554;1.300;0.000;0.558;11938
B3155D;2015/03/08 00:19:30;11938;87;21.6;22.5;2.567;1.251;0.554;1.264;0.000;0.567;11939
B3155D;2015/03/08 00:19:40;11939;71;19.6;22.4;2.545;1.251;0.574;1.264;0.000;0.541;11940
B3155D;2015/03/08 00:19:50;11940;88;24.8;22.2;2.709;1.258;0.574;1.264;0.000;0.570;11941
B3155D;2015/03/08 00:20:00;11941;86;21.2;22.0;2.748;1.258;0.590;1.264;0.000;0.525;11942
B3155D;2015/03/08 00:20:10;11942;85;25.8;22.4;2.541;1.251;0.590;1.280;0.000;0.564;11943
B3155D;2015/03/08 00:20:20;11943;78;21.9;22.0;2.754;1.251;0.554;1.280;0.000;0.535;11944
B3155D;2015/03/08 00:20:30;11944;84;18.7;21.8;2.703;1.241;0.554;1.280;0.000;0.525;11945
B3155D;2015/03/08 00:20:40;11945;84;25.4;22.2;2.616;1.241;0.554;1.280;0.000;0.538;11946
B3155D;2015/03/08 00:20:50;11946;75;20.6;22.5;2.590;1.238;0.554;1.306;0.000;0.525;11947
B3155D;2015/03/08 00:21:00;11947;78;22.2;22.5;2.548;1.238;0.551;1.306;0.000;0.548;11948
B3155D;2015/03/08 00:21:10;11948;80;22.9;22.0;2.535;1.270;0.551;1.306;0.000;0.532;11949
B3155D;2015/03/08 00:21:20;11949;75;27.0;22.0;2.570;1.270;0.561;1.306;0.000;0.564;11950
B3155D;2015/03/08 00:21:30;11950;76;23.5;22.4;2.732;1.258;0.561;1.267;0.000;0.567;11951
B3155D;2015/03/08 00:21:40;11951;82;27.0;22.2;2.541;1.258;0.593;1.267;0.000;0.567;11952
B3155D;2015/03/08 00:21:50;11952;85;20.6;22.5;2.577;1.238;0.593;1.267;0.000;0.567;11953
B3155D;2015/03/08 00:22:00;11953;80;21.2;22.0;2.754;1.238;0.554;1.267;0.000;0.538;11954
B3155D;2015/03/08 00:22:10;11954;78;22.2;22.7;2.587;1.251;0.554;1.270;0.000;0.567;11955
B3155D;2015/03/08 00:22:20;11955;82;21.6;22.2;2.687;1.251;0.574;1.270;0.000;0.561;11956
B3155D;2015/03/08 00:22:30;11956;76;23.2;22.2;2.735;1.245;0.574;1.270;0.006;0.535;11957
B3155D;2015/03/08 00:22:40;11957;79;24.1;22.5;2.558;1.245;0.596;1.270;0.006;0.548;11958
B3155D;2015/03/08 00:22:50;11958;88;24.8;22.4;2.541;1.258;0.596;1.274;0.006;0.567;11959
B3155D;2015/03/08 00:23:00;11959;74;23.5;22.5;2.551;1.258;0.551;1.274;0.006;0.529;11960
B3155D;2015/03/08 00:23:10;11960;87;24.8;22.5;2.535;1.245;0.551;1.274;0.003;0.561;11961
B3155D;2015/03/08 00:23:20;11961;77;23.8;22.2;2.541;1.245;0.567;1.274;0.003;0.529;11962
B3155D;2015/03/08 00:23:30;11962;79;21.2;21.7;2.683;1.264;0.567;1.319;0.003;0.545;11963
B3155D;2015/03/08 00:23:40;11963;79;22.2;22.0;2.712;1.264;0.561;1.319;0.003;0.532;11964
B3155D;2015/03/08 00:23:50;11964;80;20.6;22.2;2.609;1.264;0.561;1.319;0.032;0.535;11965
B3155D;2015/03/08 00:24:00;11965;76;25.4;21.7;2.577;1.264;0.596;1.319;0.032;0.558;11966
B3155D;2015/03/08 00:24:10;11966;74;22.5;21.8;2.577;1.283;0.596;1.316;0.032;0.525;11967
B3155D;2015/03/08 00:24:20;11967;83;22.5;21.8;2.564;1.283;0.554;1.316;0.032;0.538;11968
B3155D;2015/03/08 00:24:30;11968;72;18.0;22.7;2.719;1.261;0.554;1.316;0.000;0.564;11969
B3155D;2015/03/08 00:24:40;11969;69;20.0;22.4;2.754;1.261;0.574;1.316;0.000;0.551;11970
B3155D;2015/03/08 00:24:50;11970;78;26.1;22.4;2.593;1.251;0.574;1.280;0.000;0.532;11971
B3155D;2015/03/08 00:25:00;11971;71;24.1;22.2;2.612;1.251;0.590;1.280;0.000;0.548;11972
B3155D;2015/03/08 00:25:10;11972;84;22.2;21.8;2.703;1.245;0.590;1.280;0.000;0.532;11973
B3155D;2015/03/08 00:25:20;11973;70;22.2;22.5;2.545;1.245;0.590;1.280;0.000;0.558;11974
B3155D;2015/03/08 00:25:30;11974;80;21.6;22.0;2.570;1.251;0.590;1.274;0.000;0.538;11975
B3155D;2015/03/08 00:25:40;11975;81;24.8;22.0;2.645;1.251;0.548;1.274;0.000;0.551;11976
B3155D;2015/03/08 00:25:50;11976;84;20.9;22.2;2.600;1.238;0.548;1.274;0.003;0.532;11977
B3155D;2015/03/08 00:26:00;11977;74;21.9;22.2;2.541;1.238;0.574;1.274;0.003;0.535;11978
B3155D;2015/03/08 00:26:10;11978;78;21.9;21.8;2.725;1.251;0.574;1.277;0.003;0.522;11979
B3155D;2015/03/08 00:26:20;11979;83;21.2;22.0;2.612;1.251;0.590;1.277;0.003;0.551;11980
B3155D;2015/03/08 00:26:30;11980;81;19.3;22.9;2.590;1.274;0.590;1.277;0.006;0.561;11981
B3155D;2015/03/08 00:26:40;11981;83;20.6;22.4;2.732;1.274;0.551;1.277;0.006;0.567;11982
B3155D;2015/03/08 00:26:50;11982;80;21.6;22.7;2.567;1.264;0.551;1.264;0.006;0.545;11983
B3155D;2015/03/08 00:27:00;11983;82;20.0;22.4;2.632;1.264;0.551;1.264;0.006;0.558;11984
B3155D;2015/03/08 00:27:10;11984;76;25.4;22.4;2.693;1.280;0.551;1.264;0.000;0.525;11985
B3155D;2015/03/08 00:27:20;11985;82;24.8;21.3;2.609;1.280;0.554;1.264;0.000;0.532;11986
B3155D;2015/03/08 00:27:30;11986;78;20.9;23.1;2.600;1.270;0.554;1.277;0.000;0.561;11987
B3155D;2015/03/08 00:27:40;11987;68;18.7;22.4;2.548;1.270;0.554;1.277;0.000;0.535;11988
B3155D;2015/03/08 00:27:50;11988;78;19.6;21.8;2.712;1.270;0.554;1.277;0.003;0.570;11989
B3155D;2015/03/08 00:28:00;11989;78;23.2;22.2;2.693;1.270;0.554;1.277;0.003;0.577;11990
B3155D;2015/03/08 00:28:10;11990;86;19.3;21.8;2.667;1.248;0.554;1.296;0.003;0.538;11991
B3155D;2015/03/08 00:28:20;11991;78;20.0;22.5;2.754;1.248;0.561;1.296;0.003;0.535;11992
B3155D;2015/03/08 00:28:30;11992;88;26.7;22.4;2.716;1.245;0.561;1.296;0.003;0.548;11993
B3155D;2015/03/08 00:28:40;11993;79;19.6;22.2;2.754;1.245;0.551;1.296;0.003;0.538;11994
B3155D;2015/03/08 00:28:50;11994;85;20.6;22.9;2.587;1.258;0.551;1.290;0.003;0.545;11995
B3155D;2015/03/08 00:29:00;11995;81;23.2;22.4;2.709;1.258;0.561;1.290;0.003;0.535;11996
B3155D;2015/03/08 00:29:10;11996;78;20.6;22.5;2.600;1.245;0.561;1.290;0.000;0.554;11997
B3155D;2015/03/08 00:29:20;11997;69;25.8;21.5;2.590;1.245;0.551;1.290;0.000;0.570;11998
B3155D;2015/03/08 00:29:30;11998;83;26.1;22.2;2.680;1.238;0.551;1.290;0.000;0.561;11999
B3155D;2015/03/08 00:29:40;11999;78;21.2;22.4;2.716;1.238;0.558;1.290;0.000;0.545;12000
B3155D;2015/03/08 00:29:50;12000;78;26.1;22.0;2.745;1.267;0.558;1.290;0.000;0.545;12001
B3155D;2015/03/08 00:30:00;12001;83;20.6;22.4;2.687;1.267;0.548;1.290;0.000;0.541;12002
B3155D;2015/03/08 00:30:10;12002;77;26.7;22.2;2.574;1.274;0.548;1.325;0.000;0.548;12003
B3155D;2015/03/08 00:30:20;12003;75;24.1;22.4;2.606;1.274;0.554;1.325;0.000;0.577;12004
B3155D;2015/03/08 00:30:30;12004;83;22.5;22.2;2.725;1.258;0.554;1.325;0.003;0.577;12005
B3155D;2015/03/08 00:30:40;12005;80;22.2;22.2;2.667;1.258;0.574;1.325;0.003;0.545;12006
B3155D;2015/03/08 00:30:50;12006;81;26.1;22.5;2.716;1.235;0.574;1.306;0.003;0.574;12007
B3155D;2015/03/08 00:31:00;12007;74;23.8;22.2;2.709;1.235;0.590;1.306;0.003;0.554;12008
B3155D;2015/03/08 00:31:10;12008;82;21.2;21.3;2.570;1.245;0.590;1.306;0.000;0.567;12009
B3155D;2015/03/08 00:31:20;12009;76;26.7;21.8;2.551;1.245;0.545;1.306;0.000;0.567;12010
B3155D;2015/03/08 00:31:30;12010;74;27.4;22.2;2.745;1.241;0.545;1.293;0.000;0.574;12011
B3155D;2015/03/08 00:31:40;12011;73;22.9;21.5;2.548;1.241;0.541;1.293;0.000;0.564;12012
B3155D;2015/03/08 00:31:50;12012;79;20.9;21.8;2.567;1.261;0.541;1.293;0.000;0.545;12013
B3155D;2015/03/08 00:32:00;12013;74;22.9;21.8;2.748;1.261;0.590;1.293;0.000;0.561;12014
B3155D;2015/03/08 00:32:10;12014;82;26.7;22.2;2.745;1.261;0.590;1.293;0.000;0.545;12015
B3155D;2015/03/08 00:32:20;12015;74;22.2;21.7;2.583;1.261;0.580;1.293;0.000;0.574;12016
B3155D;2015/03/08 00:32:30;12016;76;21.9;21.5;2.706;1.251;0.580;1.293;0.000;0.558;12017
B3155D;2015/03/08 00:32:40;12017;75;19.6;21.7;2.603;1.251;0.545;1.293;0.000;0.570;12018
B3155D;2015/03/08 00:32:50;12018;68;27.7;22.2;2.735;1.238;0.545;1.296;0.000;0.561;12019
B3155D;2015/03/08 00:33:00;12019;79;24.5;21.3;2.741;1.238;0.574;1.296;0.000;0.545;12020
B3155D;2015/03/08 00:33:10;12020;78;22.9;22.0;2.541;1.251;0.574;1.296;0.000;0.574;12021
B3155D;2015/03/08 00:33:20;12021;78;22.9;22.0;2.674;1.251;0.590;1.296;0.000;0.554;12022
B3155D;2015/03/08 00:33:30;12022;87;22.5;21.7;2.625;1.264;0.590;1.280;0.000;0.538;12023
B3155D;2015/03/08 00:33:40;12023;78;20.0;22.2;2.554;1.264;0.541;1.280;0.000;0.541;12024
B3155D;2015/03/08 00:33:50;12024;69;27.0;22.0;2.735;1.251;0.541;1.280;0.000;0.577;12025
B3155D;2015/03/08 00:34:00;12025;76;20.6;22.0;2.741;1.251;0.587;1.280;0.000;0.570;12026
B3155D;2015/03/08 00:34:10;12026;87;20.6;22.5;2.712;1.274;0.587;1.283;0.000;0.577;12027
B3155D;2015/03/08 00:34:20;12027;81;22.9;22.0;2.632;1.274;0.554;1.283;0.000;0.564;12028
B3155D;2015/03/08 00:34:30;12028;88;26.7;22.0;2.725;1.238;0.554;1.283;0.003;0.532;12029
B3155D;2015/03/08 00:34:40;12029;78;22.9;21.8;2.732;1.238;0.545;1.283;0.003;0.551;12030
B3155D;2015/03/08 00:34:50;12030;78;19.3;21.7;2.638;1.241;0.545;1.280;0.003;0.567;12031
B3155D;2015/03/08 00:35:00;12031;78;23.2;21.8;2.541;1.241;0.574;1.280;0.003;0.538;12032
B3155D;2015/03/08 00:35:10;12032;84;23.2;22.0;2.541;1.254;0.574;1.280;0.003;0.554;12033
B3155D;2015/03/08 00:35:20;12033;73;22.5;22.2;2.603;1.254;0.590;1.280;0.003;0.525;12034
B3155D;2015/03/08 00:35:30;12034;76;23.2;22.0;2.745;1.235;0.590;1.274;0.003;0.529;12035
B3155D;2015/03/08 00:35:40;12035;80;26.7;21.5;2.567;1.235;0.545;1.274;0.003;0.548;12036
B3155D;2015/03/08 00:35:50;12036;81;18.7;22.2;2.570;1.238;0.545;1.274;0.003;0.522;12037
B3155D;2015/03/08 00:36:00;12037;80;24.1;21.5;2.612;1.238;0.583;1.274;0.003;0.519;12038
B3155D;2015/03/08 00:36:10;12038;81;20.6;22.9;2.609;1.241;0.583;1.312;0.003;0.529;12039
B3155D;2015/03/08 00:36:20;12039;77;26.4;21.5;2.567;1.241;0.545;1.312;0.003;0.558;12040
B3155D;2015/03/08 00:36:30;12040;76;26.1;22.2;2.751;1.241;0.545;1.312;0.000;0.525;12041
B3155D;2015/03/08 00:36:40;12041;86;23.5;22.7;2.561;1.241;0.545;1.312;0.000;0.529;12042
B3155D;2015/03/08 00:36:50;12042;83;22.9;22.0;2.561;1.258;0.545;1.300;0.000;0.545;12043
B3155D;2015/03/08 00:37:00;12043;85;24.5;22.2;2.541;1.258;0.564;1.300;0.000;0.529;12044
B3155D;2015/03/08 00:37:10;12044;78;18.7;21.7;2.558;1.264;0.564;1.300;0.003;0.525;12045
B3155D;2015/03/08 00:37:20;12045;74;20.6;22.4;2.738;1.264;0.545;1.300;0.003;0.558;12046
B3155D;2015/03/08 00:37:30;12046;77;21.9;21.5;2.712;1.241;0.545;1.280;0.003;0.529;12047
B3155D;2015/03/08 00:37:40;12047;68;22.5;22.4;2.693;1.241;0.583;1.280;0.003;0.535;12048
B3155D;2015/03/08 00:37:50;12048;85;23.5;21.8;2.696;1.241;0.583;1.280;0.003;0.532;12049
B3155D;2015/03/08 00:38:00;12049;80;19.6;22.0;2.719;1.241;0.567;1.280;0.003;0.535;12050
B3155D;2015/03/08 00:38:10;12050;83;20.0;22.0;2.745;1.241;0.567;1.277;0.003;0.548;12051
B3155D;2015/03/08 00:38:20;12051;73;27.4;22.0;2.687;1.241;0.561;1.277;0.003;0.564;12052
B3155D;2015/03/08 00:38:30;12052;71;23.2;22.4;2.612;1.235;0.561;1.277;0.041;0.532;12053
B3155D;2015/03/08 00:38:40;12053;83;20.9;22.5;2.741;1.235;0.554;1.277;0.041;0.564;12054
B3155D;2015/03/08 00:38:50;12054;87;22.5;22.4;2.551;1.251;0.554;1.325;0.041;0.561;12055
B3155D;2015/03/08 00:39:00;12055;83;21.2;22.0;2.648;1.251;0.577;1.325;0.041;0.535;12056
B3155D;2015/03/08 00:39:10;12056;82;26.4;22.0;2.751;1.245;0.577;1.325;0.000;0.538;12057
B3155D;2015/03/08 00:39:20;12057;72;26.1;21.8;2.570;1.245;0.583;1.325;0.000;0.535;12058
B3155D;2015/03/08 00:39:30;12058;82;26.1;22.4;2.745;1.241;0.583;1.274;0.000;0.532;12059
B3155D;2015/03/08 00:39:40;12059;74;19.6;22.4;2.551;1.241;0.541;1.274;0.000;0.554;12060
B3155D;2015/03/08 00:39:50;12060;76;20.6;22.4;2.603;1.267;0.541;1.274;0.006;0.567;12061
B3155D;2015/03/08 00:40:00;12061;83;22.2;22.0;2.719;1.267;0.590;1.274;0.006;0.529;12062
B3155D;2015/03/08 00:40:10;12062;78;22.5;22.4;2.738;1.232;0.590;1.316;0.006;0.538;12063
B3155D;2015/03/08 00:40:20;12063;77;20.0;22.2;2.551;1.232;0.583;1.316;0.006;0.541;12064
B3155D;2015/03/08 00:40:30;12064;78;23.2;22.7;2.654;1.232;0.583;1.316;0.000;0.535;12065
B3155D;2015/03/08 00:40:40;12065;73;23.8;21.8;2.551;1.232;0.558;1.316;0.000;0.541;12066
B3155D;2015/03/08 00:40:50;12066;86;20.0;22.5;2.738;1.235;0.558;1.270;0.000;0.558;12067
B3155D;2015/03/08 00:41:00;12067;78;21.9;22.4;2.699;1.235;0.590;1.270;0.000;0.535;12068
B3155D;2015/03/08 00:41:10;12068;80;20.0;22.4;2.751;1.258;0.590;1.270;0.006;0.541;12069
B3155D;2015/03/08 00:41:20;12069;83;19.0;22.0;2.754;1.258;0.561;1.270;0.006;0.567;12070
B3155D;2015/03/08 00:41:30;12070;78;20.9;22.4;2.574;1.251;0.561;1.319;0.006;0.577;12071
B3155D;2015/03/08 00:41:40;12071;76;25.4;21.8;2.580;1.251;0.583;1.319;0.006;0.570;12072
B3155D;2015/03/08 00:41:50;12072;88;22.2;22.0;2.570;1.264;0.583;1.319;0.029;0.541;12073
B3155D;2015/03/08 00:42:00;12073;71;19.3;22.2;2.709;1.264;0.545;1.319;0.029;0.548;12074
B3155D;2015/03/08 00:42:10;12074;78;21.9;21.8;2.706;1.245;0.545;1.306;0.029;0.541;12075
B3155D;2015/03/08 00:42:20;12075;78;27.4;21.7;2.722;1.245;0.554;1.306;0.029;0.561;12076
B3155D;2015/03/08 00:42:30;12076;76;25.4;22.0;2.712;1.261;0.554;1.306;0.035;0.561;12077
B3155D;2015/03/08 00:42:40;12077;80;26.7;22.0;2.561;1.261;0.545;1.306;0.035;0.554;12078
B3155D;2015/03/08 00:42:50;12078;83;20.9;22.4;2.548;1.251;0.545;1.283;0.035;0.574;12079
B3155D;2015/03/08 00:43:00;12079;85;25.4;21.8;2.567;1.251;0.564;1.283;0.035;0.570;12080
B3155D;2015/03/08 00:43:10;12080;86;26.4;22.0;2.548;1.261;0.564;1.283;0.000;0.554;12081
B3155D;2015/03/08 00:43:20;12081;75;26.7;21.5;2.574;1.261;0.541;1.283;0.000;0.541;12082
B3155D;2015/03/08 00:43:30;12082;87;26.7;22.2;2.719;1.238;0.541;1.348;0.000;0.554;12083
B3155D;2015/03/08 00:43:40;12083;80;19.6;22.4;2.558;1.238;0.583;1.348;0.000;0.561;12084
B3155D;2015/03/08 00:43:50;12084;81;26.4;22.5;2.548;1.238;0.583;1.348;0.000;0.545;12085
B3155D;2015/03/08 00:44:00;12085;78;18.7;22.4;2.748;1.238;0.577;1.348;0.000;0.541;12086
B3155D;2015/03/08 00:44:10;12086;73;24.1;22.0;2.574;1.258;0.577;1.309;0.000;0.554;12087
B3155D;2015/03/08 00:44:20;12087;77;21.2;22.0;2.725;1.258;0.583;1.309;0.000;0.548;12088
B3155D;2015/03/08 00:44:30;12088;78;19.3;21.5;2.748;1.254;0.583;1.309;0.006;0.554;12089
B3155D;2015/03/08 00:44:40;12089;85;26.4;21.8;2.548;1.254;0.580;1.309;0.006;0.561;12090
B3155D;2015/03/08 00:44:50;12090;76;26.4;22.0;2.548;1.238;0.580;1.300;0.006;0.548;12091
B3155D;2015/03/08 00:45:00;12091;68;24.1;22.0;2.748;1.238;0.561;1.300;0.006;0.561;12092
B3155D;2015/03/08 00:45:10;12092;73;24.8;22.4;2.625;1.248;0.561;1.300;0.006;0.541;12093
B3155D;2015/03/08 00:45:20;12093;81;22.5;22.0;2.751;1.248;0.541;1.300;0.006;0.554;12094
B3155D;2015/03/08 00:45:30;12094;88;26.1;22.0;2.748;1.248;0.541;1.293;0.006;0.538;12095
B3155D;2015/03/08 00:45:40;12095;84;20.6;22.0;2.709;1.248;0.577;1.293;0.006;0.535;12096
B3155D;2015/03/08 00:45:50;12096;83;18.7;22.0;2.609;1.274;0.577;1.293;0.000;0.570;12097
B3155D;2015/03/08 00:46:00;12097;73;23.8;22.7;2.600;1.274;0.583;1.293;0.000;0.538;12098
B3155D;2015/03/08 00:46:10;12098;70;20.6;22.9;2.729;1.245;0.583;1.325;0.000;0.532;12099
B3155D;2015/03/08 00:46:20;12099;77;22.9;22.5;2.541;1.245;0.577;1.325;0.000;0.561;12100
B3155D;2015/03/08 00:46:30;12100;79;26.4;22.4;2.745;1.254;0.577;1.325;0.006;0.551;12101
B3155D;2015/03/08 00:46:40;12101;83;21.9;22.2;2.754;1.254;0.545;1.325;0.006;0.567;12102
B3155D;2015/03/08 00:46:50;12102;81;24.1;22.5;2.661;1.241;0.545;1.309;0.006;0.567;12103
B3155D;2015/03/08 00:47:00;12103;73;19.3;22.5;2.703;1.241;0.590;1.309;0.006;0.567;12104
B3155D;2015/03/08 00:47:10;12104;82;20.9;22.2;2.587;1.261;0.590;1.309;0.000;0.561;12105
B3155D;2015/03/08 00:47:20;12105;84;22.5;22.2;2.751;1.261;0.545;1.309;0.000;0.554;12106
B3155D;2015/03/08 00:47:30;12106;80;23.5;22.2;2.725;1.264;0.545;1.312;0.000;0.545;12107
B3155D;2015/03/08 00:47:40;12107;74;21.2;22.2;2.693;1.264;0.545;1.312;0.000;0.554;12108
B3155D;2015/03/08 00:47:50;12108;73;25.4;22.2;2.693;1.261;0.545;1.312;0.003;0.567;12109
B3155D;2015/03/08 00:48:00;12109;84;24.5;21.5;2.612;1.261;0.545;1.312;0.003;0.535;12110
B3155D;2015/03/08 00:48:10;12110;79;20.9;22.4;2.699;1.261;0.545;1.303;0.003;0.561;12111
B3155D;2015/03/08 00:48:20;12111;83;20.3;22.2;2.748;1.261;0.567;1.303;0.003;0.538;12112
B3155D;2015/03/08 00:48:30;12112;78;22.5;22.4;2.738;1.274;0.567;1.303;0.000;0.567;12113
B3155D;2015/03/08 00:48:40;12113;73;22.5;22.2;2.603;1.274;0.541;1.303;0.000;0.548;12114
B3155D;2015/03/08 00:48:50;12114;81;23.8;21.8;2.658;1.264;0.541;1.312;0.000;0.545;12115
B3155D;2015/03/08 00:49:00;12115;85;21.9;22.0;2.641;1.264;0.541;1.312;0.000;0.567;12116
B3155D;2015/03/08 00:49:10;12116;85;24.1;22.4;2.603;1.277;0.541;1.312;0.006;0.567;12117
B3155D;2015/03/08 00:49:20;12117;80;24.1;21.7;2.619;1.277;0.545;1.312;0.006;0.567;12118
B3155D;2015/03/08 00:49:30;12118;73;21.2;22.2;2.625;1.277;0.545;1.332;0.006;0.564;12119
B3155D;2015/03/08 00:49:40;12119;72;19.0;22.4;2.751;1.277;0.545;1.332;0.006;0.545;12120
B3155D;2015/03/08 00:49:50;12120;83;20.6;22.4;2.554;1.267;0.545;1.332;0.000;0.545;12121
B3155D;2015/03/08 00:50:00;12121;70;20.6;22.5;2.748;1.267;0.587;1.332;0.000;0.574;12122
B3155D;2015/03/08 00:50:10;12122;83;21.9;21.5;2.699;1.264;0.587;1.287;0.000;0.561;12123
B3155D;2015/03/08 00:50:20;12123;71;24.5;22.9;2.548;1.264;0.541;1.287;0.000;0.532;12124
B3155D;2015/03/08 00:50:30;12124;81;23.5;22.4;2.745;1.238;0.541;1.287;0.006;0.545;12125
B3155D;2015/03/08 00:50:40;12125;81;24.5;22.2;2.609;1.238;0.593;1.287;0.006;0.561;12126
B3155D;2015/03/08 00:50:50;12126;84;24.1;22.0;2.745;1.251;0.593;1.277;0.006;0.541;12127
B3155D;2015/03/08 00:51:00;12127;78;21.2;22.0;2.632;1.251;0.590;1.277;0.006;0.538;12128
B3155D;2015/03/08 00:51:10;12128;86;20.6;22.2;2.593;1.261;0.590;1.277;0.000;0.561;12129
B3155D;2015/03/08 00:51:20;12129;72;19.3;22.4;2.719;1.261;0.545;1.277;0.000;0.532;12130
B3155D;2015/03/08 00:51:30;12130;83;21.2;22.2;2.629;1.261;0.545;1.296;0.000;0.532;12131
B3155D;2015/03/08 00:51:40;12131;83;19.0;22.5;2.748;1.261;0.577;1.296;0.000;0.532;12132
B3155D;2015/03/08 00:51:50;12132;72;24.5;22.5;2.745;1.274;0.577;1.296;0.003;0.532;12133
B3155D;2015/03/08 00:52:00;12133;83;24.1;21.8;2.570;1.274;0.590;1.296;0.003;0.532;12134
B3155D;2015/03/08 00:52:10;12134;84;21.2;21.7;2.561;1.241;0.590;1.306;0.003;0.529;12135
B3155D;2015/03/08 00:52:20;12135;81;26.1;22.9;2.558;1.241;0.541;1.306;0.003;0.548;12136
B3155D;2015/03/08 00:52:30;12136;81;26.4;22.0;2.712;1.238;0.541;1.306;0.000;0.525;12137
B3155D;2015/03/08 00:52:40;12137;78;20.3;22.5;2.732;1.238;0.590;1.306;0.000;0.564;12138
B3155D;2015/03/08 00:52:50;12138;74;26.7;22.4;2.735;1.270;0.590;1.270;0.000;0.532;12139
B3155D;2015/03/08 00:53:00;12139;82;20.3;22.4;2.748;1.270;0.574;1.270;0.000;0.525;12140
B3155D;2015/03/08 00:53:10;12140;75;22.9;22.4;2.554;1.267;0.574;1.270;0.000;0.548;12141
B3155D;2015/03/08 00:53:20;12141;81;25.4;22.4;2.706;1.267;0.590;1.270;0.000;0.548;12142
B3155D;2015/03/08 00:53:30;12142;69;20.9;22.4;2.561;1.245;0.590;1.277;0.000;0.532;12143
B3155D;2015/03/08 00:53:40;12143;78;27.7;21.8;2.561;1.245;0.583;1.277;0.000;0.567;12144
B3155D;2015/03/08 00:53:50;12144;71;23.2;22.5;2.577;1.245;0.583;1.277;0.000;0.554;12145
B3155D;2015/03/08 00:54:00;12145;74;25.4;21.5;2.580;1.245;0.590;1.277;0.000;0.570;12146
B3155D;2015/03/08 00:54:10;12146;79;25.8;22.5;2.574;1.254;0.590;1.296;0.000;0.538;12147
B3155D;2015/03/08 00:54:20;12147;78;20.6;22.5;2.693;1.254;0.554;1.296;0.000;0.554;12148
B3155D;2015/03/08 00:54:30;12148;88;21.9;21.8;2.664;1.261;0.554;1.296;0.000;0.545;12149
B3155D;2015/03/08 00:54:40;12149;76;25.8;21.8;2.570;1.261;0.561;1.296;0.000;0.532;12150
B3155D;2015/03/08 00:54:50;12150;76;24.1;22.0;2.748;1.258;0.561;1.296;0.000;0.551;12151
B3155D;2015/03/08 00:55:00;12151;70;19.6;22.5;2.748;1.258;0.590;1.296;0.000;0.538;12152
B3155D;2015/03/08 00:55:10;12152;88;23.8;22.2;2.600;1.235;0.590;1.296;0.022;0.538;12153
B3155D;2015/03/08 00:55:20;12153;78;27.0;21.8;2.751;1.235;0.545;1.296;0.022;0.570;12154
B3155D;2015/03/08 00:55:30;12154;78;22.2;22.0;2.567;1.274;0.545;1.277;0.022;0.574;12155
B3155D;2015/03/08 00:55:40;12155;78;18.7;22.4;2.706;1.274;0.545;1.277;0.022;0.561;12156
B3155D;2015/03/08 00:55:50;12156;86;21.2;22.2;2.593;1.241;0.545;1.277;0.016;0.558;12157
B3155D;2015/03/08 00:56:00;12157;78;21.2;22.4;2.751;1.241;0.548;1.277;0.016;0.583;12158
B3155D;2015/03/08 00:56:10;12158;83;20.9;22.7;2.609;1.277;0.548;1.283;0.016;0.590;12159
B3155D;2015/03/08 00:56:20;12159;69;22.9;21.3;2.587;1.277;0.583;1.283;0.016;0.554;12160
B3155D;2015/03/08 00:56:30;12160;85;19.6;21.8;2.667;1.261;0.583;1.283;0.000;0.567;12161
B3155D;2015/03/08 00:56:40;12161;78;20.6;22.2;2.667;1.261;0.545;1.283;0.000;0.577;12162
B3155D;2015/03/08 00:56:50;12162;74;22.9;22.4;2.574;1.241;0.545;1.309;0.000;0.561;12163
B3155D;2015/03/08 00:57:00;12163;78;24.5;21.7;2.754;1.241;0.567;1.309;0.000;0.554;12164
B3155D;2015/03/08 00:57:10;12164;72;18.7;22.7;2.574;1.270;0.567;1.309;0.003;0.541;12165
B3155D;2015/03/08 00:57:20;12165;78;18.7;22.2;2.748;1.270;0.545;1.309;0.003;0.554;12166
B3155D;2015/03/08 00:57:30;12166;83;19.6;21.8;2.593;1.261;0.545;1.287;0.003;0.558;12167
B3155D;2015/03/08 00:57:40;12167;77;21.2;22.0;2.680;1.261;0.548;1.287;0.003;0.554;12168
B3155D;2015/03/08 00:57:50;12168;88;23.8;21.8;2.567;1.241;0.548;1.287;0.000;0.541;12169
B3155D;2015/03/08 00:58:00;12169;73;22.2;22.2;2.606;1.241;0.583;1.287;0.000;0.545;12170
B3155D;2015/03/08 00:58:10;12170;85;22.2;21.8;2.641;1.277;0.583;1.312;0.000;0.564;12171
B3155D;2015/03/08 00:58:20;12171;81;23.2;22.5;2.738;1.277;0.590;1.312;0.000;0.541;12172
B3155D;2015/03/08 00:58:30;12172;86;23.2;22.2;2.567;1.248;0.590;1.312;0.003;0.541;12173
B3155D;2015/03/08 00:58:40;12173;80;24.5;21.5;2.658;1.248;0.596;1.312;0.003;0.577;12174
B3155D;2015/03/08 00:58:50;12174;73;23.5;22.4;2.722;1.248;0.596;1.296;0.003;0.545;12175
B3155D;2015/03/08 00:59:00;12175;81;18.7;22.4;2.725;1.248;0.590;1.296;0.003;0.548;12176
B3155D;2015/03/08 00:59:10;12176;83;21.9;22.2;2.683;1.277;0.590;1.296;0.003;0.567;12177
B3155D;2015/03/08 00:59:20;12177;78;21.9;22.2;2.612;1.277;0.590;1.296;0.003;0.541;12178
B3155D;2015/03/08 00:59:30;12178;83;20.3;21.8;2.619;1.280;0.590;1.332;0.003;0.538;12179
B3155D;2015/03/08 00:59:40;12179;68;21.9;22.4;2.709;1.280;0.564;1.332;0.003;0.561;12180
B3155D;2015/03/08 00:59:50;12180;74;23.2;21.8;2.551;1.261;0.564;1.332;0.000;0.532;12181
B3155D;2015/03/08 01:00:00;12181;73;24.5;21.7;2.716;1.261;0.590;1.332;0.000;0.532;12182
B3155D;2015/03/08 01:00:10;12182;88;26.1;22.4;2.703;1.267;0.590;1.332;0.000;0.561;12183
B3155D;2015/03/08 01:00:20;12183;74;24.1;22.7;2.600;1.267;0.590;1.332;0.000;0.532;12184
B3155D;2015/03/08 01:00:30;12184;82;25.1;21.7;2.574;1.264;0.590;1.332;0.009;0.554;12185
B3155D;2015/03/08 01:00:40;12185;78;25.4;21.7;2.570;1.264;0.561;1.332;0.009;0.532;12186
B3155D;2015/03/08 01:00:50;12186;88;18.7;22.7;2.574;1.274;0.561;1.296;0.009;0.545;12187
B3155D;2015/03/08 01:01:00;12187;77;19.6;22.4;2.725;1.274;0.564;1.296;0.009;0.567;12188
B3155D;2015/03/08 01:01:10;12188;79;19.3;22.0;2.725;1.245;0.564;1.296;0.000;0.561;12189
B3155D;2015/03/08 01:01:20;12189;75;20.3;22.5;2.703;1.245;0.548;1.296;0.000;0.570;12190
B3155D;2015/03/08 01:01:30;12190;78;20.0;22.5;2.535;1.280;0.548;1.290;0.000;0.548;12191
B3155D;2015/03/08 01:01:40;12191;79;23.8;23.1;2.632;1.280;0.590;1.290;0.000;0.564;12192
B3155D;2015/03/08 01:01:50;12192;74;24.5;22.5;2.677;1.274;0.590;1.290;0.000;0.541;12193
B3155D;2015/03/08 01:02:00;12193;71;27.0;22.0;2.551;1.274;0.545;1.290;0.000;0.570;12194
B3155D;2015/03/08 01:02:10;12194;83;21.6;22.7;2.661;1.261;0.545;1.283;0.000;0.548;12195
B3155D;2015/03/08 01:02:20;12195;79;19.0;22.5;2.738;1.261;0.541;1.283;0.000;0.538;12196
B3155D;2015/03/08 01:02:30;12196;87;23.5;21.8;2.541;1.245;0.541;1.283;0.000;0.532;12197
B3155D;2015/03/08 01:02:40;12197;74;27.0;22.2;2.561;1.245;0.541;1.283;0.000;0.538;12198
B3155D;2015/03/08 01:02:50;12198;82;20.6;22.4;2.745;1.264;0.541;1.283;0.000;0.532;12199
B3155D;2015/03/08 01:03:00;12199;76;26.1;22.2;2.683;1.264;0.545;1.283;0.000;0.532;12200
B3155D;2015/03/08 01:03:10;12200;81;20.6;22.7;2.577;1.245;0.545;1.283;0.000;0.545;12201
B3155D;2015/03/08 01:03:20;12201;78;20.6;22.4;2.641;1.245;0.548;1.283;0.000;0.548;12202
B3155D;2015/03/08 01:03:30;12202;83;20.9;22.7;2.574;1.270;0.548;1.277;0.000;0.567;12203
B3155D;2015/03/08 01:03:40;12203;79;25.4;22.2;2.741;1.270;0.593;1.277;0.000;0.535;12204
B3155D;2015/03/08 01:03:50;12204;83;20.9;23.1;2.654;1.274;0.593;1.277;0.019;0.538;12205
B3155D;2015/03/08 01:04:00;12205;81;20.6;22.4;2.699;1.274;0.554;1.277;0.019;0.532;12206
B3155D;2015/03/08 01:04:10;12206;68;27.7;22.4;2.719;1.254;0.554;1.306;0.019;0.558;12207
B3155D;2015/03/08 01:04:20;12207;83;23.5;22.2;2.590;1.254;0.577;1.306;0.019;0.561;12208
B3155D;2015/03/08 01:04:30;12208;88;26.1;22.2;2.561;1.283;0.577;1.306;0.003;0.570;12209
B3155D;2015/03/08 01:04:40;12209;78;22.2;22.5;2.712;1.283;0.558;1.306;0.003;0.532;12210
B3155D;2015/03/08 01:04:50;12210;85;24.5;22.7;2.738;1.261;0.558;1.296;0.003;0.561;12211
B3155D;2015/03/08 01:05:00;12211;73;20.6;22.4;2.706;1.261;0.548;1.296;0.003;0.538;12212
B3155D;2015/03/08 01:05:10;12212;81;24.8;22.7;2.645;1.248;0.548;1.296;0.000;0.561;12213
B3155D;2015/03/08 01:05:20;12213;86;23.5;22.2;2.590;1.248;0.596;1.296;0.000;0.532;12214
B3155D;2015/03/08 01:05:30;12214;85;24.8;22.2;2.748;1.248;0.596;1.322;0.000;0.561;12215
B3155D;2015/03/08 01:05:40;12215;76;22.5;22.7;2.754;1.248;0.574;1.322;0.000;0.561;12216
B3155D;2015/03/08 01:05:50;12216;80;20.6;21.8;2.632;1.277;0.574;1.322;0.000;0.574;12217
B3155D;2015/03/08 01:06:00;12217;83;20.6;22.7;2.648;1.277;0.596;1.322;0.000;0.570;12218
B3155D;2015/03/08 01:06:10;12218;87;26.1;22.5;2.748;1.254;0.596;1.312;0.000;0.558;12219
B3155D;2015/03/08 01:06:20;12219;77;21.2;22.4;2.609;1.254;0.561;1.312;0.000;0.548;12220
B3155D;2015/03/08 01:06:30;12220;79;21.9;21.8;2.667;1.245;0.561;1.312;0.000;0.577;12221
B3155D;2015/03/08 01:06:40;12221;82;19.0;22.9;2.719;1.245;0.590;1.312;0.000;0.577;12222
B3155D;2015/03/08 01:06:50;12222;78;23.2;22.5;2.748;1.270;0.590;1.287;0.000;0.545;12223
B3155D;2015/03/08 01:07:00;12223;76;24.1;22.5;2.603;1.270;0.587;1.287;0.000;0.564;12224
B3155D;2015/03/08 01:07:10;12224;80;21.6;22.5;2.738;1.254;0.587;1.287;0.000;0.574;12225
B3155D;2015/03/08 01:07:20;12225;85;24.1;22.9;2.548;1.254;0.558;1.287;0.000;0.564;12226
B3155D;2015/03/08 01:07:30;12226;81;21.6;22.5;2.574;1.251;0.558;1.332;0.000;0.577;12227
B3155D;2015/03/08 01:07:40;12227;78;21.9;22.9;2.570;1.251;0.551;1.332;0.000;0.551;12228
B3155D;2015/03/08 01:07:50;12228;75;22.9;22.4;2.709;1.245;0.551;1.332;0.009;0.548;12229
B3155D;2015/03/08 01:08:00;12229;82;18.7;22.5;2.748;1.245;0.561;1.332;0.009;0.567;12230
B3155D;2015/03/08 01:08:10;12230;79;27.7;22.2;2.732;1.277;0.561;1.280;0.009;0.541;12231
B3155D;2015/03/08 01:08:20;12231;71;19.6;22.5;2.645;1.277;0.561;1.280;0.009;0.583;12232
B3155D;2015/03/08 01:08:30;12232;78;25.8;22.4;2.554;1.254;0.561;1.280;0.000;0.564;12233
B3155D;2015/03/08 01:08:40;12233;79;20.3;22.0;2.751;1.254;0.590;1.280;0.000;0.577;12234
B3155D;2015/03/08 01:08:50;12234;80;22.5;22.5;2.738;1.251;0.590;1.287;0.000;0.564;12235
B3155D;2015/03/08 01:09:00;12235;73;23.2;22.2;2.558;1.251;0.558;1.287;0.000;0.548;12236
B3155D;2015/03/08 01:09:10;12236;86;18.7;21.8;2.648;1.248;0.558;1.287;0.003;0.561;12237
B3155D;2015/03/08 01:09:20;12237;78;20.6;22.4;2.712;1.248;0.577;1.287;0.003;0.574;12238
B3155D;2015/03/08 01:09:30;12238;77;21.6;22.7;2.548;1.287;0.577;1.280;0.003;0.561;12239
B3155D;2015/03/08 01:09:40;12239;79;19.6;22.4;2.725;1.287;0.554;1.280;0.003;0.558;12240
B3155D;2015/03/08 01:09:50;12240;80;24.1;21.8;2.667;1.254;0.554;1.280;0.000;0.541;12241
B3155D;2015/03/08 01:10:00;12241;74;21.2;22.7;2.754;1.254;0.596;1.280;0.000;0.532;12242
B3155D;2015/03/08 01:10:10;12242;85;27.0;22.5;2.574;1.267;0.596;1.300;0.000;0.554;12243
B3155D;2015/03/08 01:10:20;12243;77;21.2;22.9;2.754;1.267;0.551;1.300;0.000;0.532;12244
B3155D;2015/03/08 01:10:30;12244;84;26.1;22.2;2.738;1.267;0.551;1.300;0.000;0.532;12245
B3155D;2015/03/08 01:10:40;12245;82;23.2;22.5;2.735;1.267;0.548;1.300;0.000;0.567;12246
B3155D;2015/03/08 01:10:50;12246;77;20.0;22.7;2.745;1.283;0.548;1.280;0.000;0.567;12247
B3155D;2015/03/08 01:11:00;12247;78;20.0;22.7;2.570;1.283;0.590;1.280;0.000;0.535;12248
B3155D;2015/03/08 01:11:10;12248;84;22.9;22.4;2.561;1.270;0.590;1.280;0.000;0.532;12249
B3155D;2015/03/08 01:11:20;12249;85;19.6;22.5;2.745;1.270;0.554;1.280;0.000;0.548;12250
B3155D;2015/03/08 01:11:30;12250;88;20.6;22.9;2.625;1.274;0.554;1.319;0.000;0.529;12251
B3155D;2015/03/08 01:11:40;12251;80;22.5;22.9;2.545;1.274;0.587;1.319;0.000;0.529;12252
B3155D;2015/03/08 01:11:50;12252;72;20.0;22.5;2.725;1.270;0.587;1.319;0.000;0.570;12253
B3155D;2015/03/08 01:12:00;12253;76;21.9;22.7;2.741;1.270;0.554;1.319;0.000;0.522;12254
B3155D;2015/03/08 01:12:10;12254;89;24.5;22.7;2.745;1.264;0.554;1.316;0.000;0.532;12255
B3155D;2015/03/08 01:12:20;12255;86;21.9;22.5;2.551;1.264;0.603;1.316;0.000;0.519;12256
B3155D;2015/03/08 01:12:30;12256;81;23.5;22.9;2.748;1.267;0.603;1.316;0.000;0.538;12257
B3155D;2015/03/08 01:12:40;12257;81;21.9;22.0;2.616;1.267;0.554;1.316;0.000;0.519;12258
B3155D;2015/03/08 01:12:50;12258;78;22.2;22.7;2.554;1.280;0.554;1.309;0.000;0.538;12259
B3155D;2015/03/08 01:13:00;12259;80;19.0;22.5;2.722;1.280;0.580;1.309;0.000;0.532;12260
B3155D;2015/03/08 01:13:10;12260;88;20.6;22.7;2.635;1.283;0.580;1.309;0.000;0.541;12261
B3155D;2015/03/08 01:13:20;12261;80;19.6;22.4;2.725;1.283;0.554;1.309;0.000;0.551;12262
B3155D;2015/03/08 01:13:30;12262;83;22.2;22.7;2.564;1.280;0.554;1.270;0.000;0.548;12263
B3155D;2015/03/08 01:13:40;12263;80;19.0;22.5;2.541;1.280;0.551;1.270;0.000;0.512;12264
B3155D;2015/03/08 01:13:50;12264;78;20.9;22.0;2.693;1.251;0.551;1.270;0.000;0.519;12265
B3155D;2015/03/08 01:14:00;12265;79;19.3;22.4;2.741;1.251;0.551;1.270;0.000;0.519;12266
B3155D;2015/03/08 01:14:10;12266;82;20.0;22.2;2.745;1.274;0.551;1.267;0.000;0.541;12267
B3155D;2015/03/08 01:14:20;12267;68;18.0;22.7;2.748;1.274;0.596;1.267;0.000;0.522;12268
B3155D;2015/03/08 01:14:30;12268;81;27.0;22.4;2.567;1.254;0.596;1.267;0.022;0.519;12269
B3155D;2015/03/08 01:14:40;12269;79;20.0;22.9;2.729;1.254;0.577;1.267;0.022;0.535;12270
B3155D;2015/03/08 01:14:50;12270;79;24.5;22.9;2.661;1.248;0.577;1.316;0.022;0.525;12271
B3155D;2015/03/08 01:15:00;12271;73;20.3;22.9;2.732;1.248;0.551;1.316;0.022;0.551;12272
B3155D;2015/03/08 01:15:10;12272;87;22.9;22.7;2.745;1.283;0.551;1.316;0.000;0.535;12273
B3155D;2015/03/08 01:15:20;12273;78;18.0;22.7;2.751;1.283;0.564;1.316;0.000;0.512;12274
B3155D;2015/03/08 01:15:30;12274;83;22.2;23.1;2.677;1.293;0.564;1.283;0.000;0.522;12275
B3155D;2015/03/08 01:15:40;12275;78;26.1;22.2;2.564;1.293;0.596;1.283;0.000;0.535;12276
B3155D;2015/03/08 01:15:50;12276;80;21.9;21.8;2.712;1.274;0.596;1.283;0.000;0.512;12277
B3155D;2015/03/08 01:16:00;12277;85;18.0;22.5;2.558;1.274;0.567;1.283;0.000;0.522;12278
B3155D;2015/03/08 01:16:10;12278;78;18.7;21.8;2.603;1.264;0.567;1.277;0.000;0.509;12279
B3155D;2015/03/08 01:16:20;12279;81;19.0;22.5;2.574;1.264;0.551;1.277;0.000;0.522;12280
B3155D;2015/03/08 01:16:30;12280;74;23.8;22.4;2.745;1.248;0.551;1.277;0.000;0.512;12281
B3155D;2015/03/08 01:16:40;12281;84;22.2;22.7;2.648;1.248;0.564;1.277;0.000;0.506;12282
B3155D;2015/03/08 01:16:50;12282;75;20.6;23.1;2.609;1.270;0.564;1.293;0.000;0.538;12283
B3155D;2015/03/08 01:17:00;12283;79;23.8;22.5;2.567;1.270;0.587;1.293;0.000;0.516;12284
B3155D;2015/03/08 01:17:10;12284;83;26.1;22.9;2.709;1.283;0.587;1.293;0.000;0.535;12285
B3155D;2015/03/08 01:17:20;12285;78;20.9;23.1;2.741;1.283;0.596;1.293;0.000;0.529;12286
B3155D;2015/03/08 01:17:30;12286;83;20.3;22.7;2.570;1.248;0.596;1.316;0.000;0.529;12287
B3155D;2015/03/08 01:17:40;12287;72;19.6;22.4;2.738;1.248;0.596;1.316;0.000;0.529;12288
B3155D;2015/03/08 01:17:50;12288;80;20.6;22.2;2.687;1.274;0.596;1.316;0.000;0.548;12289
B3155D;2015/03/08 01:18:00;12289;75;22.5;22.5;2.748;1.274;0.596;1.316;0.000;0.529;12290
B3155D;2015/03/08 01:18:10;12290;80;21.9;22.7;2.709;1.283;0.596;1.306;0.000;0.532;12291
B3155D;2015/03/08 01:18:20;12291;81;23.5;22.9;2.738;1.283;0.551;1.306;0.000;0.564;12292
B3155D;2015/03/08 01:18:30;12292;83;20.6;22.5;2.722;1.248;0.551;1.306;0.009;0.519;12293
B3155D;2015/03/08 01:18:40;12293;83;24.5;22.2;2.554;1.248;0.574;1.306;0.009;0.522;12294
B3155D;2015/03/08 01:18:50;12294;81;26.1;22.4;2.748;1.254;0.574;1.300;0.009;0.525;12295
B3155D;2015/03/08 01:19:00;12295;78;26.1;23.2;2.577;1.254;0.603;1.300;0.009;0.516;12296
B3155D;2015/03/08 01:19:10;12296;72;23.5;22.0;2.745;1.270;0.603;1.300;0.000;0.525;12297
B3155D;2015/03/08 01:19:20;12297;77;21.6;22.4;2.680;1.270;0.561;1.300;0.000;0.519;12298
B3155D;2015/03/08 01:19:30;12298;78;20.0;22.5;2.712;1.251;0.561;1.303;0.000;0.535;12299
B3155D;2015/03/08 01:19:40;12299;79;22.2;23.2;2.590;1.251;0.590;1.303;0.000;0.525;12300
B3155D;2015/03/08 01:19:50;12300;75;19.6;22.2;2.648;1.248;0.590;1.303;0.019;0.551;12301
B3155D;2015/03/08 01:20:00;12301;86;24.8;22.0;2.600;1.248;0.551;1.303;0.019;0.516;12302
B3155D;2015/03/08 01:20:10;12302;70;23.8;22.7;2.748;1.283;0.551;1.300;0.019;0.551;12303
B3155D;2015/03/08 01:20:20;12303;68;24.5;22.2;2.583;1.283;0.596;1.300;0.019;0.538;12304
B3155D;2015/03/08 01:20:30;12304;73;19.3;22.2;2.638;1.283;0.596;1.300;0.029;0.538;12305
B3155D;2015/03/08 01:20:40;12305;78;19.6;22.5;2.574;1.283;0.561;1.300;0.029;0.522;12306
B3155D;2015/03/08 01:20:50;12306;75;23.2;22.5;2.641;1.267;0.561;1.267;0.029;0.512;12307
B3155D;2015/03/08 01:21:00;12307;80;21.9;22.9;2.567;1.267;0.551;1.267;0.029;0.519;12308
B3155D;2015/03/08 01:21:10;12308;83;23.5;22.2;2.693;1.248;0.551;1.267;0.000;0.548;12309
B3155D;2015/03/08 01:21:20;12309;86;21.6;22.5;2.670;1.248;0.603;1.267;0.000;0.535;12310
B3155D;2015/03/08 01:21:30;12310;82;21.6;22.5;2.570;1.258;0.603;1.274;0.000;0.519;12311
B3155D;2015/03/08 01:21:40;12311;75;21.9;22.4;2.667;1.258;0.596;1.274;0.000;0.551;12312
B3155D;2015/03/08 01:21:50;12312;81;20.0;22.7;2.535;1.267;0.596;1.274;0.003;0.535;12313
B3155D;2015/03/08 01:22:00;12313;78;23.5;22.5;2.709;1.267;0.603;1.274;0.003;0.529;12314
B3155D;2015/03/08 01:22:10;12314;77;22.2;22.4;2.703;1.290;0.603;1.261;0.003;0.545;12315
B3155D;2015/03/08 01:22:20;12315;80;20.6;22.9;2.748;1.290;0.558;1.261;0.003;0.512;12316
B3155D;2015/03/08 01:22:30;12316;85;26.1;22.7;2.709;1.290;0.558;1.261;0.006;0.512;12317
B3155D;2015/03/08 01:22:40;12317;83;21.6;22.7;2.603;1.290;0.587;1.261;0.006;0.512;12318
B3155D;2015/03/08 01:22:50;12318;79;24.5;22.9;2.570;1.287;0.587;1.287;0.006;0.548;12319
B3155D;2015/03/08 01:23:00;12319;76;20.0;22.9;2.638;1.287;0.567;1.287;0.006;0.545;12320
B3155D;2015/03/08 01:23:10;12320;80;22.2;22.7;2.709;1.270;0.567;1.287;0.032;0.545;12321
B3155D;2015/03/08 01:23:20;12321;83;20.9;22.7;2.712;1.270;0.558;1.287;0.032;0.512;12322
B3155D;2015/03/08 01:23:30;12322;70;20.9;22.4;2.719;1.287;0.558;1.296;0.032;0.509;12323
B3155D;2015/03/08 01:23:40;12323;77;22.2;22.4;2.570;1.287;0.603;1.296;0.032;0.532;12324
B3155D;2015/03/08 01:23:50;12324;83;19.0;22.2;2.596;1.287;0.603;1.296;0.000;0.512;12325
B3155D;2015/03/08 01:24:00;12325;75;22.5;22.5;2.616;1.287;0.590;1.296;0.000;0.509;12326
B3155D;2015/03/08 01:24:10;12326;87;25.4;22.7;2.706;1.267;0.590;1.258;0.000;0.506;12327
B3155D;2015/03/08 01:24:20;12327;78;20.6;23.1;2.709;1.267;0.590;1.258;0.000;0.545;12328
B3155D;2015/03/08 01:24:30;12328;80;25.4;22.5;2.719;1.248;0.590;1.258;0.003;0.512;12329
B3155D;2015/03/08 01:24:40;12329;83;22.2;22.5;2.754;1.248;0.587;1.258;0.003;0.538;12330
B3155D;2015/03/08 01:24:50;12330;80;20.6;22.9;2.719;1.267;0.587;1.280;0.003;0.519;12331
B3155D;2015/03/08 01:25:00;12331;86;25.4;22.4;2.664;1.267;0.564;1.280;0.003;0.522;12332
B3155D;2015/03/08 01:25:10;12332;78;20.0;22.5;2.541;1.248;0.564;1.280;0.000;0.512;12333
B3155D;2015/03/08 01:25:20;12333;79;24.1;22.4;2.574;1.248;0.564;1.280;0.000;0.509;12334
B3155D;2015/03/08 01:25:30;12334;75;21.6;23.1;2.690;1.283;0.564;1.261;0.000;0.532;12335
B3155D;2015/03/08 01:25:40;12335;82;23.5;22.7;2.541;1.283;0.558;1.261;0.000;0.512;12336
B3155D;2015/03/08 01:25:50;12336;74;18.7;22.7;2.606;1.283;0.558;1.261;0.000;0.558;12337
B3155D;2015/03/08 01:26:00;12337;83;18.7;22.7;2.738;1.283;0.554;1.261;0.000;0.516;12338
B3155D;2015/03/08 01:26:10;12338;79;21.6;22.7;2.712;1.277;0.554;1.296;0.000;0.548;12339
B3155D;2015/03/08 01:26:20;12339;78;18.7;22.5;2.696;1.277;0.574;1.296;0.000;0.535;12340
B3155D;2015/03/08 01:26:30;12340;86;21.6;23.1;2.667;1.287;0.574;1.296;0.000;0.535;12341
B3155D;2015/03/08 01:26:40;12341;78;20.6;22.7;2.551;1.287;0.596;1.296;0.000;0.516;12342
B3155D;2015/03/08 01:26:50;12342;71;20.6;22.5;2.667;1.270;0.596;1.245;0.000;0.522;12343
B3155D;2015/03/08 01:27:00;12343;75;21.2;22.7;2.751;1.270;0.558;1.245;0.000;0.545;12344
B3155D;2015/03/08 01:27:10;12344;76;24.1;23.1;2.745;1.261;0.558;1.245;0.000;0.516;12345
B3155D;2015/03/08 01:27:20;12345;78;20.3;23.2;2.551;1.261;0.577;1.245;0.000;0.522;12346
B3155D;2015/03/08 01:27:30;12346;76;24.8;22.9;2.729;1.264;0.577;1.277;0.000;0.541;12347
B3155D;2015/03/08 01:27:40;12347;80;27.4;22.4;2.587;1.264;0.554;1.277;0.000;0.545;12348
B3155D;2015/03/08 01:27:50;12348;84;23.5;23.2;2.593;1.277;0.554;1.277;0.000;0.548;12349
B3155D;2015/03/08 01:28:00;12349;85;23.5;23.1;2.551;1.277;0.603;1.277;0.000;0.516;12350
B3155D;2015/03/08 01:28:10;12350;73;22.9;23.1;2.561;1.277;0.603;1.274;0.000;0.516;12351
B3155D;2015/03/08 01:28:20;12351;76;19.0;23.1;2.748;1.277;0.587;1.274;0.000;0.516;12352
B3155D;2015/03/08 01:28:30;12352;79;20.6;22.9;2.593;1.267;0.587;1.274;0.000;0.532;12353
B3155D;2015/03/08 01:28:40;12353;83;24.8;22.4;2.551;1.267;0.587;1.274;0.000;0.564;12354
B3155D;2015/03/08 01:28:50;12354;88;21.2;22.7;2.722;1.287;0.587;1.287;0.000;0.548;12355
B3155D;2015/03/08 01:29:00;12355;78;20.6;22.5;2.687;1.287;0.580;1.287;0.000;0.551;12356
B3155D;2015/03/08 01:29:10;12356;80;26.1;23.1;2.548;1.258;0.580;1.287;0.003;0.558;12357
B3155D;2015/03/08 01:29:20;12357;76;21.9;22.5;2.567;1.258;0.567;1.287;0.003;0.538;12358
B3155D;2015/03/08 01:29:30;12358;82;20.0;22.5;2.748;1.283;0.567;1.283;0.003;0.538;12359
B3155D;2015/03/08 01:29:40;12359;75;22.2;22.9;2.548;1.283;0.567;1.283;0.003;0.551;12360
B3155D;2015/03/08 01:29:50;12360;85;20.0;22.9;2.719;1.261;0.567;1.283;0.000;0.570;12361
B3155D;2015/03/08 01:30:00;12361;76;23.8;22.7;2.745;1.261;0.587;1.283;0.000;0.535;12362
B3155D;2015/03/08 01:30:10;12362;85;26.7;22.5;2.738;1.283;0.587;1.245;0.000;0.529;12363
B3155D;2015/03/08 01:30:20;12363;67;23.5;22.7;2.741;1.283;0.596;1.245;0.000;0.519;12364
B3155D;2015/03/08 01:30:30;12364;81;22.5;22.7;2.693;1.267;0.596;1.245;0.000;0.532;12365
B3155D;2015/03/08 01:30:40;12365;78;20.0;22.5;2.741;1.267;0.548;1.245;0.000;0.525;12366
B3155D;2015/03/08 01:30:50;12366;74;23.8;22.5;2.748;1.274;0.548;1.254;0.000;0.519;12367
B3155D;2015/03/08 01:31:00;12367;84;19.6;23.1;2.696;1.274;0.554;1.254;0.000;0.519;12368
B3155D;2015/03/08 01:31:10;12368;87;21.6;23.1;2.554;1.241;0.554;1.254;0.006;0.535;12369
B3155D;2015/03/08 01:31:20;12369;74;21.9;22.4;2.667;1.241;0.554;1.254;0.006;0.551;12370
B3155D;2015/03/08 01:31:30;12370;87;20.6;22.2;2.732;1.270;0.554;1.280;0.006;0.529;12371
B3155D;2015/03/08 01:31:40;12371;85;21.9;22.9;2.709;1.270;0.558;1.280;0.006;0.512;12372
B3155D;2015/03/08 01:31:50;12372;74;20.6;22.7;2.587;1.241;0.558;1.280;0.000;0.529;12373
B3155D;2015/03/08 01:32:00;12373;78;22.9;22.4;2.738;1.241;0.603;1.280;0.000;0.516;12374
B3155D;2015/03/08 01:32:10;12374;87;26.1;22.4;2.596;1.264;0.603;1.293;0.000;0.525;12375
B3155D;2015/03/08 01:32:20;12375;83;23.2;22.4;2.590;1.264;0.558;1.293;0.000;0.541;12376
B3155D;2015/03/08 01:32:30;12376;76;23.5;22.5;2.664;1.274;0.558;1.293;0.000;0.548;12377
B3155D;2015/03/08 01:32:40;12377;81;23.8;22.4;2.683;1.274;0.596;1.293;0.000;0.541;12378
B3155D;2015/03/08 01:32:50;12378;80;21.2;22.5;2.725;1.287;0.596;1.270;0.000;0.541;12379
B3155D;2015/03/08 01:33:00;12379;74;23.2;22.2;2.667;1.287;0.577;1.270;0.000;0.548;12380
B3155D;2015/03/08 01:33:10;12380;81;23.5;21.8;2.674;1.258;0.577;1.270;0.029;0.554;12381
B3155D;2015/03/08 01:33:20;12381;76;22.9;22.7;2.590;1.258;0.558;1.270;0.029;0.532;12382
B3155D;2015/03/08 01:33:30;12382;73;20.6;22.4;2.567;1.245;0.558;1.274;0.029;0.522;12383
B3155D;2015/03/08 01:33:40;12383;78;23.2;22.7;2.699;1.245;0.587;1.274;0.029;0.535;12384
B3155D;2015/03/08 01:33:50;12384;80;25.8;22.4;2.658;1.245;0.587;1.274;0.006;0.538;12385
B3155D;2015/03/08 01:34:00;12385;86;24.5;22.9;2.699;1.245;0.551;1.274;0.006;0.551;12386
B3155D;2015/03/08 01:34:10;12386;82;22.9;22.9;2.548;1.287;0.551;1.261;0.006;0.541;12387
B3155D;2015/03/08 01:34:20;12387;72;20.9;22.9;2.541;1.287;0.554;1.261;0.006;0.519;12388
B3155D;2015/03/08 01:34:30;12388;89;21.6;23.1;2.570;1.274;0.554;1.261;0.000;0.519;12389
B3155D;2015/03/08 01:34:40;12389;82;21.9;22.9;2.541;1.274;0.554;1.261;0.000;0.535;12390
B3155D;2015/03/08 01:34:50;12390;74;21.6;22.2;2.719;1.251;0.554;1.261;0.000;0.554;12391
B3155D;2015/03/08 01:35:00;12391;81;26.7;22.2;2.593;1.251;0.561;1.261;0.000;0.522;12392
B3155D;2015/03/08 01:35:10;12392;83;20.6;22.0;2.690;1.258;0.561;1.261;0.000;0.548;12393
B3155D;2015/03/08 01:35:20;12393;78;23.5;22.9;2.738;1.258;0.558;1.261;0.000;0.519;12394
B3155D;2015/03/08 01:35:30;12394;88;19.6;22.2;2.570;1.254;0.558;1.280;0.000;0.541;12395
B3155D;2015/03/08 01:35:40;12395;77;19.0;22.5;2.751;1.254;0.551;1.280;0.000;0.529;12396
B3155D;2015/03/08 01:35:50;12396;82;20.0;22.9;2.709;1.264;0.551;1.280;0.000;0.558;12397
B3155D;2015/03/08 01:36:00;12397;77;27.4;22.2;2.590;1.264;0.596;1.280;0.000;0.529;12398
B3155D;2015/03/08 01:36:10;12398;81;19.6;22.0;2.677;1.283;0.596;1.293;0.000;0.522;12399
B3155D;2015/03/08 01:36:20;12399;80;28.0;22.7;2.725;1.283;0.580;1.293;0.000;0.551;12400
B3155D;2015/03/08 01:36:30;12400;85;19.6;21.8;2.699;1.264;0.580;1.293;0.003;0.538;12401
B3155D;2015/03/08 01:36:40;12401;71;21.9;22.5;2.680;1.264;0.558;1.293;0.003;0.529;12402
B3155D;2015/03/08 01:36:50;12402;80;23.2;22.7;2.587;1.248;0.558;1.251;0.003;0.519;12403
B3155D;2015/03/08 01:37:00;12403;74;26.1;22.7;2.725;1.248;0.567;1.251;0.003;0.538;12404
B3155D;2015/03/08 01:37:10;12404;79;20.3;22.7;2.699;1.245;0.567;1.251;0.000;0.538;12405
B3155D;2015/03/08 01:37:20;12405;80;19.6;22.7;2.745;1.245;0.567;1.251;0.000;0.538;12406
B3155D;2015/03/08 01:37:30;12406;77;26.1;22.4;2.587;1.277;0.567;1.241;0.000;0.516;12407
B3155D;2015/03/08 01:37:40;12407;78;22.9;22.7;2.754;1.277;0.596;1.241;0.000;0.522;12408
B3155D;2015/03/08 01:37:50;12408;75;22.2;22.5;2.554;1.274;0.596;1.241;0.000;0.519;12409
B3155D;2015/03/08 01:38:00;12409;73;19.6;22.5;2.703;1.274;0.590;1.241;0.000;0.506;12410
B3155D;2015/03/08 01:38:10;12410;73;24.5;22.4;2.583;1.251;0.590;1.235;0.000;0.529;12411
B3155D;2015/03/08 01:38:20;12411;79;20.6;22.4;2.719;1.251;0.587;1.235;0.000;0.529;12412
B3155D;2015/03/08 01:38:30;12412;84;24.1;22.4;2.551;1.261;0.587;1.235;0.000;0.516;12413
B3155D;2015/03/08 01:38:40;12413;83;18.7;22.5;2.748;1.261;0.596;1.235;0.000;0.538;12414
B3155D;2015/03/08 01:38:50;12414;71;26.1;22.7;2.745;1.241;0.596;1.241;0.000;0.509;12415
B3155D;2015/03/08 01:39:00;12415;70;24.1;21.8;2.580;1.241;0.603;1.241;0.000;0.516;12416
B3155D;2015/03/08 01:39:10;12416;84;20.3;22.5;2.693;1.251;0.603;1.241;0.000;0.535;12417
B3155D;2015/03/08 01:39:20;12417;77;21.2;22.5;2.687;1.251;0.551;1.241;0.000;0.541;12418
B3155D;2015/03/08 01:39:30;12418;84;20.6;22.2;2.687;1.241;0.551;1.267;0.000;0.506;12419
B3155D;2015/03/08 01:39:40;12419;78;18.0;22.5;2.551;1.241;0.548;1.267;0.000;0.500;12420
B3155D;2015/03/08 01:39:50;12420;75;20.9;23.1;2.574;1.277;0.548;1.267;0.003;0.519;12421
B3155D;2015/03/08 01:40:00;12421;73;20.0;22.4;2.567;1.277;0.570;1.267;0.003;0.503;12422
B3155D;2015/03/08 01:40:10;12422;87;21.2;22.5;2.632;1.277;0.570;1.251;0.003;0.506;12423
B3155D;2015/03/08 01:40:20;12423;81;18.7;22.7;2.745;1.277;0.577;1.251;0.003;0.503;12424
B3155D;2015/03/08 01:40:30;12424;74;23.5;22.2;2.719;1.245;0.577;1.251;0.000;0.509;12425
B3155D;2015/03/08 01:40:40;12425;83;22.9;22.7;2.641;1.245;0.577;1.251;0.000;0.506;12426
B3155D;2015/03/08 01:40:50;12426;81;21.6;22.5;2.554;1.254;0.577;1.293;0.000;0.525;12427
B3155D;2015/03/08 01:41:00;12427;73;18.0;22.5;2.754;1.254;0.596;1.293;0.000;0.525;12428
B3155D;2015/03/08 01:41:10;12428;79;26.1;22.7;2.583;1.251;0.596;1.293;0.009;0.509;12429
B3155D;2015/03/08 01:41:20;12429;70;25.8;22.2;2.564;1.251;0.551;1.293;0.009;0.538;12430
B3155D;2015/03/08 01:41:30;12430;88;25.1;23.1;2.709;1.248;0.551;1.261;0.009;0.522;12431
B3155D;2015/03/08 01:41:40;12431;79;18.7;22.9;2.706;1.248;0.570;1.261;0.009;0.516;12432
B3155D;2015/03/08 01:41:50;12432;78;20.0;22.7;2.745;1.248;0.570;1.261;0.003;0.522;12433
B3155D;2015/03/08 01:42:00;12433;79;20.6;23.1;2.551;1.248;0.548;1.261;0.003;0.512;12434
B3155D;2015/03/08 01:42:10;12434;74;25.8;22.2;2.677;1.245;0.548;1.261;0.003;0.529;12435
B3155D;2015/03/08 01:42:20;12435;70;19.6;22.5;2.748;1.245;0.593;1.261;0.003;0.516;12436
B3155D;2015/03/08 01:42:30;12436;83;22.5;22.4;2.625;1.287;0.593;1.261;0.003;0.519;12437
B3155D;2015/03/08 01:42:40;12437;75;19.6;22.5;2.748;1.287;0.596;1.261;0.003;0.532;12438
B3155D;2015/03/08 01:42:50;12438;80;22.5;22.7;2.548;1.251;0.596;1.290;0.003;0.538;12439
B3155D;2015/03/08 01:43:00;12439;83;21.2;22.7;2.719;1.251;0.551;1.290;0.003;0.522;12440
B3155D;2015/03/08 01:43:10;12440;83;22.9;23.1;2.561;1.241;0.551;1.290;0.000;0.541;12441
B3155D;2015/03/08 01:43:20;12441;74;25.8;22.2;2.583;1.241;0.570;1.290;0.000;0.554;12442
B3155D;2015/03/08 01:43:30;12442;80;21.6;22.7;2.580;1.241;0.570;1.261;0.000;0.570;12443
B3155D;2015/03/08 01:43:40;12443;74;22.5;22.7;2.612;1.241;0.551;1.261;0.000;0.551;12444
B3155D;2015/03/08 01:43:50;12444;81;19.3;22.4;2.716;1.258;0.551;1.261;0.000;0.525;12445
B3155D;2015/03/08 01:44:00;12445;86;19.6;23.1;2.645;1.258;0.577;1.261;0.000;0.529;12446
B3155D;2015/03/08 01:44:10;12446;81;24.5;22.7;2.535;1.270;0.577;1.300;0.000;0.548;12447
B3155D;2015/03/08 01:44:20;12447;84;24.1;22.2;2.703;1.270;0.561;1.300;0.000;0.525;12448
B3155D;2015/03/08 01:44:30;12448;80;25.8;23.1;2.535;1.258;0.561;1.300;0.000;0.545;12449
B3155D;2015/03/08 01:44:40;12449;77;20.3;23.2;2.574;1.258;0.554;1.300;0.000;0.529;12450
B3155D;2015/03/08 01:44:50;12450;88;23.2;23.1;2.745;1.248;0.554;1.293;0.000;0.561;12451
B3155D;2015/03/08 01:45:00;12451;83;21.9;22.7;2.661;1.248;0.564;1.293;0.000;0.551;12452
B3155D;2015/03/08 01:45:10;12452;83;19.3;22.5;2.609;1.274;0.564;1.293;0.000;0.561;12453
B3155D;2015/03/08 01:45:20;12453;76;24.1;21.8;2.567;1.274;0.574;1.293;0.000;0.529;12454
B3155D;2015/03/08 01:45:30;12454;80;25.4;23.1;2.745;1.241;0.574;1.280;0.000;0.535;12455
B3155D;2015/03/08 01:45:40;12455;75;24.8;22.7;2.641;1.241;0.574;1.280;0.000;0.551;12456
B3155D;2015/03/08 01:45:50;12456;80;22.9;22.5;2.558;1.241;0.574;1.280;0.009;0.538;12457
B3155D;2015/03/08 01:46:00;12457;81;23.5;23.1;2.748;1.241;0.545;1.280;0.009;0.551;12458
B3155D;2015/03/08 01:46:10;12458;83;24.8;22.7;2.551;1.251;0.545;1.267;0.009;0.532;12459
B3155D;2015/03/08 01:46:20;12459;77;22.5;22.9;2.590;1.251;0.554;1.267;0.009;0.551;12460
B3155D;2015/03/08 01:46:30;12460;80;20.6;23.1;2.574;1.258;0.554;1.267;0.000;0.561;12461
B3155D;2015/03/08 01:46:40;12461;70;20.6;22.9;2.680;1.258;0.596;1.267;0.000;0.558;12462
B3155D;2015/03/08 01:46:50;12462;74;19.6;22.0;2.712;1.241;0.596;1.290;0.000;0.548;12463
B3155D;2015/03/08 01:47:00;12463;83;24.1;22.7;2.577;1.241;0.587;1.290;0.000;0.551;12464
B3155D;2015/03/08 01:47:10;12464;88;26.1;22.9;2.629;1.277;0.587;1.290;0.003;0.567;12465
B3155D;2015/03/08 01:47:20;12465;83;24.5;22.7;2.616;1.277;0.564;1.290;0.003;0.558;12466
B3155D;2015/03/08 01:47:30;12466;78;26.7;23.1;2.732;1.251;0.564;1.316;0.003;0.532;12467
B3155D;2015/03/08 01:47:40;12467;74;21.2;23.2;2.590;1.251;0.590;1.316;0.003;0.519;12468
B3155D;2015/03/08 01:47:50;12468;87;20.9;22.2;2.687;1.245;0.590;1.316;0.032;0.541;12469
B3155D;2015/03/08 01:48:00;12469;80;22.2;22.7;2.654;1.245;0.590;1.316;0.032;0.529;12470
B3155D;2015/03/08 01:48:10;12470;72;20.9;22.7;2.580;1.248;0.590;1.296;0.032;0.541;12471
B3155D;2015/03/08 01:48:20;12471;80;21.6;23.6;2.541;1.248;0.545;1.296;0.032;0.538;12472
B3155D;2015/03/08 01:48:30;12472;82;25.1;22.9;2.738;1.261;0.545;1.296;0.000;0.551;12473
B3155D;2015/03/08 01:48:40;12473;81;21.9;23.4;2.545;1.261;0.545;1.296;0.000;0.535;12474
B3155D;2015/03/08 01:48:50;12474;72;18.7;22.7;2.745;1.258;0.545;1.245;0.000;0.535;12475
B3155D;2015/03/08 01:49:00;12475;86;23.5;23.2;2.735;1.258;0.545;1.245;0.000;0.522;12476
B3155D;2015/03/08 01:49:10;12476;83;18.7;22.2;2.667;1.274;0.545;1.245;0.022;0.532;12477
B3155D;2015/03/08 01:49:20;12477;74;21.6;22.4;2.606;1.274;0.580;1.245;0.022;0.548;12478
B3155D;2015/03/08 01:49:30;12478;76;24.8;22.9;2.577;1.270;0.580;1.261;0.022;0.541;12479
B3155D;2015/03/08 01:49:40;12479;81;20.0;23.1;2.570;1.270;0.567;1.261;0.022;0.535;12480
B3155D;2015/03/08 01:49:50;12480;84;21.2;22.4;2.664;1.241;0.567;1.261;0.000;0.538;12481
B3155D;2015/03/08 01:50:00;12481;73;25.4;22.2;2.567;1.241;0.545;1.261;0.000;0.535;12482
B3155D;2015/03/08 01:50:10;12482;87;20.9;23.1;2.541;1.261;0.545;1.280;0.000;0.519;12483
B3155D;2015/03/08 01:50:20;12483;86;24.8;22.5;2.654;1.261;0.554;1.280;0.000;0.558;12484
B3155D;2015/03/08 01:50:30;12484;80;20.6;23.1;2.641;1.241;0.554;1.280;0.000;0.532;12485
B3155D;2015/03/08 01:50:40;12485;77;21.2;22.7;2.738;1.241;0.548;1.280;0.000;0.551;12486
B3155D;2015/03/08 01:50:50;12486;83;20.3;23.4;2.570;1.277;0.548;1.245;0.000;0.535;12487
B3155D;2015/03/08 01:51:00;12487;78;22.2;22.4;2.674;1.277;0.561;1.245;0.000;0.519;12488
B3155D;2015/03/08 01:51:10;12488;78;26.1;23.1;2.696;1.274;0.561;1.245;0.006;0.519;12489
B3155D;2015/03/08 01:51:20;12489;83;21.2;22.7;2.725;1.274;0.561;1.245;0.006;0.525;12490
B3155D;2015/03/08 01:51:30;12490;83;21.6;22.9;2.554;1.241;0.561;1.280;0.006;0.516;12491
B3155D;2015/03/08 01:51:40;12491;82;20.3;23.1;2.748;1.241;0.583;1.280;0.006;0.512;12492
B3155D;2015/03/08 01:51:50;12492;83;20.0;22.5;2.735;1.287;0.583;1.280;0.000;0.519;12493
B3155D;2015/03/08 01:52:00;12493;77;23.5;23.6;2.545;1.287;0.545;1.280;0.000;0.522;12494
B3155D;2015/03/08 01:52:10;12494;88;25.4;22.9;2.600;1.270;0.545;1.241;0.000;0.538;12495
B3155D;2015/03/08 01:52:20;12495;78;21.9;23.1;2.648;1.270;0.564;1.241;0.000;0.535;12496
B3155D;2015/03/08 01:52:30;12496;85;22.2;23.4;2.567;1.241;0.564;1.241;0.000;0.529;12497
B3155D;2015/03/08 01:52:40;12497;78;19.0;23.1;2.754;1.241;0.545;1.241;0.000;0.509;12498
B3155D;2015/03/08 01:52:50;12498;88;19.3;23.2;2.616;1.283;0.545;1.251;0.000;0.535;12499
B3155D;2015/03/08 01:53:00;12499;83;24.1;22.5;2.693;1.283;0.548;1.251;0.000;0.509;12500
B3155D;2015/03/08 01:53:10;12500;71;23.5;22.9;2.748;1.251;0.548;1.251;0.000;0.529;12501
B3155D;2015/03/08 01:53:20;12501;74;19.6;23.4;2.738;1.251;0.590;1.251;0.000;0.529;12502
B3155D;2015/03/08 01:53:30;12502;77;24.5;22.9;2.725;1.277;0.590;1.277;0.000;0.529;12503
B3155D;2015/03/08 01:53:40;12503;83;22.2;23.2;2.567;1.277;0.561;1.277;0.000;0.512;12504
B3155D;2015/03/08 01:53:50;12504;79;20.0;23.4;2.738;1.261;0.561;1.277;0.000;0.532;12505
B3155D;2015/03/08 01:54:00;12505;68;21.9;22.9;2.712;1.261;0.583;1.277;0.000;0.522;12506
B3155D;2015/03/08 01:54:10;12506;88;20.3;23.2;2.554;1.264;0.583;1.293;0.000;0.545;12507
B3155D;2015/03/08 01:54:20;12507;79;20.0;23.6;2.541;1.264;0.590;1.293;0.000;0.548;12508
B3155D;2015/03/08 01:54:30;12508;75;21.2;22.9;2.738;1.277;0.590;1.293;0.000;0.554;12509
B3155D;2015/03/08 01:54:40;12509;83;22.5;22.9;2.632;1.277;0.590;1.293;0.000;0.535;12510
B3155D;2015/03/08 01:54:50;12510;79;22.9;23.1;2.738;1.264;0.590;1.280;0.000;0.548;12511
B3155D;2015/03/08 01:55:00;12511;82;24.8;22.4;2.554;1.264;0.545;1.280;0.000;0.532;12512
B3155D;2015/03/08 01:55:10;12512;76;22.5;22.7;2.709;1.277;0.545;1.280;0.000;0.545;12513
B3155D;2015/03/08 01:55:20;12513;78;19.0;23.1;2.738;1.277;0.561;1.280;0.000;0.532;12514
B3155D;2015/03/08 01:55:30;12514;75;21.9;22.5;2.699;1.245;0.561;1.274;0.000;0.532;12515
B3155D;2015/03/08 01:55:40;12515;78;20.3;22.9;2.554;1.245;0.545;1.274;0.000;0.541;12516
B3155D;2015/03/08 01:55:50;12516;87;26.1;22.7;2.667;1.270;0.545;1.274;0.000;0.538;12517
B3155D;2015/03/08 01:56:00;12517;79;20.6;23.1;2.745;1.270;0.561;1.274;0.000;0.570;12518
B3155D;2015/03/08 01:56:10;12518;87;20.9;23.2;2.677;1.267;0.561;1.261;0.000;0.532;12519
B3155D;2015/03/08 01:56:20;12519;74;26.4;22.7;2.603;1.267;0.567;1.261;0.000;0.548;12520
B3155D;2015/03/08 01:56:30;12520;81;27.0;23.4;2.541;1.254;0.567;1.261;0.006;0.538;12521
B3155D;2015/03/08 01:56:40;12521;80;24.5;22.7;2.567;1.254;0.561;1.261;0.006;0.545;12522
B3155D;2015/03/08 01:56:50;12522;75;20.9;22.9;2.719;1.241;0.561;1.296;0.006;0.532;12523
B3155D;2015/03/08 01:57:00;12523;81;23.5;22.7;2.712;1.241;0.590;1.296;0.006;0.548;12524
B3155D;2015/03/08 01:57:10;12524;68;20.0;22.9;2.712;1.258;0.590;1.296;0.006;0.551;12525
B3155D;2015/03/08 01:57:20;12525;81;23.8;22.9;2.558;1.258;0.590;1.296;0.006;0.558;12526
B3155D;2015/03/08 01:57:30;12526;84;20.6;23.2;2.567;1.274;0.590;1.251;0.006;0.525;12527
B3155D;2015/03/08 01:57:40;12527;85;20.9;22.9;2.561;1.274;0.545;1.251;0.006;0.519;12528
B3155D;2015/03/08 01:57:50;12528;68;23.2;22.7;2.712;1.241;0.545;1.251;0.000;0.525;12529
B3155D;2015/03/08 01:58:00;12529;77;20.6;23.4;2.687;1.241;0.574;1.251;0.000;0.538;12530
B3155D;2015/03/08 01:58:10;12530;74;26.1;23.4;2.748;1.245;0.574;1.261;0.000;0.525;12531
B3155D;2015/03/08 01:58:20;12531;76;25.4;22.9;2.725;1.245;0.577;1.261;0.000;0.529;12532
B3155D;2015/03/08 01:58:30;12532;81;26.1;23.1;2.554;1.277;0.577;1.261;0.000;0.529;12533
B3155D;2015/03/08 01:58:40;12533;76;23.8;22.9;2.609;1.277;0.587;1.261;0.000;0.558;12534
B3155D;2015/03/08 01:58:50;12534;86;21.6;22.7;2.622;1.251;0.587;1.254;0.000;0.535;12535
B3155D;2015/03/08 01:59:00;12535;70;22.5;23.2;2.580;1.251;0.554;1.254;0.000;0.535;12536
B3155D;2015/03/08 01:59:10;12536;80;20.6;22.9;2.745;1.248;0.554;1.254;0.000;0.535;12537
B3155D;2015/03/08 01:59:20;12537;84;20.3;23.2;2.696;1.248;0.554;1.254;0.000;0.535;12538
B3155D;2015/03/08 01:59:30;12538;87;24.1;23.1;2.748;1.245;0.554;1.264;0.000;0.522;12539
B3155D;2015/03/08 01:59:40;12539;82;25.4;22.4;2.574;1.245;0.545;1.264;0.000;0.535;12540
B3155D;2015/03/08 01:59:50;12540;79;24.1;23.4;2.745;1.270;0.545;1.264;0.006;0.525;12541
