B31558;2015/03/07 00:00:01;3181;88;28.0;22.5;2.722;1.419;0.867;1.754;0.000;1.383;3182
B31558;2015/03/07 00:00:11;3182;76;22.5;21.7;2.709;1.441;0.867;1.716;0.000;1.364;3183
B31558;2015/03/07 00:00:21;3183;74;30.0;22.0;2.674;1.441;0.896;1.716;0.000;1.348;3184
B31558;2015/03/07 00:00:31;3184;79;27.4;22.5;2.587;1.448;0.896;1.716;0.006;1.374;3185
B31558;2015/03/07 00:00:41;3185;81;31.9;22.7;2.554;1.448;0.932;1.716;0.006;1.341;3186
B31558;2015/03/07 00:00:51;3186;79;27.4;22.5;2.587;1.412;0.932;1.719;0.006;1.345;3187
B31558;2015/03/07 00:01:01;3187;88;23.8;22.0;2.696;1.412;0.925;1.719;0.006;1.364;3188
B31558;2015/03/07 00:01:11;3188;87;26.1;22.5;2.580;1.416;0.925;1.719;0.009;1.345;3189
B31558;2015/03/07 00:01:21;3189;76;26.1;22.0;2.699;1.416;0.880;1.719;0.009;1.332;3190
B31558;2015/03/07 00:01:31;3190;78;30.0;22.0;2.706;1.435;0.880;1.719;0.009;1.361;3191
B31558;2015/03/07 00:01:41;3191;78;25.8;22.4;2.706;1.435;0.883;1.719;0.009;1.361;3192
B31558;2015/03/07 00:01:51;3192;89;31.6;22.4;2.490;1.425;0.883;1.719;0.000;1.354;3193
B31558;2015/03/07 00:02:01;3193;75;24.8;22.5;2.483;1.425;0.925;1.719;0.000;1.380;3194
B31558;2015/03/07 00:02:11;3194;82;27.4;22.7;2.600;1.419;0.925;1.719;0.000;1.354;3195
B31558;2015/03/07 00:02:21;3195;89;30.6;22.0;2.632;1.419;0.867;1.719;0.000;1.312;3196
B31558;2015/03/07 00:02:31;3196;80;24.1;22.0;2.641;1.416;0.867;1.719;0.054;1.358;3197
B31558;2015/03/07 00:02:41;3197;80;31.9;22.2;2.500;1.416;0.870;1.719;0.054;1.348;3198
B31558;2015/03/07 00:02:51;3198;80;21.2;22.2;2.712;1.429;0.870;1.703;0.054;1.319;3199
B31558;2015/03/07 00:03:01;3199;80;25.4;22.0;2.590;1.429;0.883;1.703;0.054;1.332;3200
B31558;2015/03/07 00:03:11;3200;89;29.0;22.7;2.500;1.396;0.883;1.703;0.000;1.303;3201
B31558;2015/03/07 00:03:21;3201;89;23.5;22.2;2.470;1.396;0.867;1.703;0.000;1.322;3202
B31558;2015/03/07 00:03:31;3202;78;22.2;22.7;2.454;1.432;0.867;1.748;0.000;1.329;3203
B31558;2015/03/07 00:03:41;3203;77;31.9;22.0;2.732;1.432;0.883;1.748;0.000;1.335;3204
B31558;2015/03/07 00:03:51;3204;71;24.1;21.8;2.529;1.422;0.883;1.748;0.000;1.300;3205
B31558;2015/03/07 00:04:01;3205;83;31.9;22.4;2.696;1.422;0.883;1.748;0.000;1.325;3206
B31558;2015/03/07 00:04:11;3206;89;31.2;22.4;2.519;1.416;0.883;1.748;0.000;1.322;3207
B31558;2015/03/07 00:04:21;3207;83;23.5;22.4;2.483;1.416;0.906;1.748;0.000;1.338;3208
B31558;2015/03/07 00:04:31;3208;73;30.9;22.5;2.661;1.445;0.906;1.748;0.132;1.319;3209
B31558;2015/03/07 00:04:41;3209;78;28.0;22.5;2.722;1.445;0.929;1.748;0.132;1.332;3210
B31558;2015/03/07 00:04:51;3210;89;24.1;22.0;2.680;1.403;0.929;1.751;0.132;1.325;3211
B31558;2015/03/07 00:05:01;3211;87;30.9;22.2;2.635;1.403;0.932;1.751;0.132;1.322;3212
B31558;2015/03/07 00:05:11;3212;91;28.7;22.9;2.606;1.393;0.932;1.751;0.009;1.325;3213
B31558;2015/03/07 00:05:21;3213;80;25.1;22.4;2.477;1.393;0.877;1.751;0.009;1.316;3214
B31558;2015/03/07 00:05:31;3214;78;23.2;21.8;2.696;1.396;0.877;1.712;0.009;1.319;3215
B31558;2015/03/07 00:05:41;3215;73;21.2;22.9;2.477;1.396;0.887;1.712;0.009;1.335;3216
B31558;2015/03/07 00:05:51;3216;87;21.2;21.8;2.712;1.441;0.887;1.712;0.000;1.322;3217
B31558;2015/03/07 00:06:01;3217;71;21.2;22.4;2.570;1.441;0.922;1.712;0.000;1.351;3218
B31558;2015/03/07 00:06:11;3218;89;31.6;22.4;2.483;1.406;0.922;1.764;0.000;1.309;3219
B31558;2015/03/07 00:06:21;3219;85;30.6;21.7;2.480;1.406;0.877;1.764;0.000;1.322;3220
B31558;2015/03/07 00:06:31;3220;69;25.1;22.5;2.458;1.441;0.877;1.764;0.000;1.361;3221
B31558;2015/03/07 00:06:41;3221;89;20.9;22.5;2.470;1.441;0.912;1.764;0.000;1.329;3222
B31558;2015/03/07 00:06:51;3222;87;24.5;22.9;2.729;1.416;0.912;1.741;0.000;1.351;3223
B31558;2015/03/07 00:07:01;3223;78;32.5;22.4;2.509;1.416;0.929;1.741;0.000;1.322;3224
B31558;2015/03/07 00:07:11;3224;75;28.0;21.7;2.577;1.429;0.929;1.741;0.006;1.338;3225
B31558;2015/03/07 00:07:21;3225;84;31.2;22.2;2.729;1.429;0.896;1.741;0.006;1.377;3226
B31558;2015/03/07 00:07:31;3226;84;23.8;22.2;2.667;1.396;0.896;1.738;0.006;1.338;3227
B31558;2015/03/07 00:07:41;3227;87;26.1;22.2;2.519;1.396;0.896;1.738;0.006;1.312;3228
B31558;2015/03/07 00:07:51;3228;88;30.3;22.7;2.454;1.419;0.896;1.738;0.000;1.341;3229
B31558;2015/03/07 00:08:01;3229;90;22.5;22.4;2.461;1.419;0.883;1.738;0.000;1.351;3230
B31558;2015/03/07 00:08:11;3230;86;28.7;22.5;2.590;1.435;0.883;1.712;0.000;1.306;3231
B31558;2015/03/07 00:08:21;3231;80;21.9;22.7;2.509;1.435;0.925;1.712;0.000;1.300;3232
B31558;2015/03/07 00:08:31;3232;85;31.2;22.4;2.477;1.406;0.925;1.712;0.000;1.300;3233
B31558;2015/03/07 00:08:41;3233;77;28.0;22.7;2.703;1.406;0.925;1.712;0.000;1.348;3234
B31558;2015/03/07 00:08:51;3234;91;25.8;21.8;2.667;1.403;0.925;1.699;0.000;1.319;3235
B31558;2015/03/07 00:09:01;3235;79;25.1;22.5;2.541;1.403;0.874;1.699;0.000;1.345;3236
B31558;2015/03/07 00:09:11;3236;81;31.6;22.4;2.490;1.416;0.874;1.699;0.006;1.322;3237
B31558;2015/03/07 00:09:21;3237;85;26.4;22.2;2.564;1.416;0.864;1.699;0.006;1.335;3238
B31558;2015/03/07 00:09:31;3238;70;28.0;22.5;2.464;1.390;0.864;1.725;0.006;1.374;3239
B31558;2015/03/07 00:09:41;3239;83;24.8;22.2;2.493;1.390;0.906;1.725;0.006;1.367;3240
B31558;2015/03/07 00:09:51;3240;83;31.9;22.7;2.554;1.396;0.906;1.725;0.000;1.348;3241
B31558;2015/03/07 00:10:01;3241;73;22.2;22.5;2.470;1.396;0.906;1.725;0.000;1.335;3242
B31558;2015/03/07 00:10:11;3242;81;31.6;22.4;2.477;1.387;0.906;1.748;0.000;1.319;3243
B31558;2015/03/07 00:10:21;3243;91;24.8;22.5;2.732;1.387;0.854;1.748;0.000;1.329;3244
B31558;2015/03/07 00:10:31;3244;88;26.7;22.4;2.548;1.409;0.854;1.748;0.025;1.358;3245
B31558;2015/03/07 00:10:41;3245;87;23.8;22.5;2.687;1.409;0.922;1.748;0.025;1.316;3246
B31558;2015/03/07 00:10:51;3246;81;24.5;21.8;2.641;1.390;0.922;1.712;0.025;1.316;3247
B31558;2015/03/07 00:11:01;3247;74;25.8;22.4;2.477;1.390;0.919;1.712;0.025;1.354;3248
B31558;2015/03/07 00:11:11;3248;88;21.9;21.7;2.712;1.390;0.919;1.712;0.000;1.335;3249
B31558;2015/03/07 00:11:21;3249;88;27.0;21.8;2.532;1.390;0.874;1.712;0.000;1.319;3250
B31558;2015/03/07 00:11:31;3250;84;30.6;22.2;2.564;1.409;0.874;1.699;0.000;1.348;3251
B31558;2015/03/07 00:11:41;3251;82;24.1;22.7;2.483;1.409;0.864;1.699;0.000;1.309;3252
B31558;2015/03/07 00:11:51;3252;85;23.8;22.5;2.477;1.396;0.864;1.699;0.000;1.319;3253
B31558;2015/03/07 00:12:01;3253;69;21.6;22.7;2.480;1.396;0.861;1.699;0.000;1.354;3254
B31558;2015/03/07 00:12:11;3254;84;22.9;22.9;2.483;1.396;0.861;1.719;0.000;1.319;3255
B31558;2015/03/07 00:12:21;3255;82;24.5;22.4;2.683;1.396;0.893;1.719;0.000;1.329;3256
B31558;2015/03/07 00:12:31;3256;84;29.0;22.7;2.693;1.432;0.893;1.719;0.000;1.338;3257
B31558;2015/03/07 00:12:41;3257;78;23.2;22.5;2.480;1.432;0.864;1.719;0.000;1.354;3258
B31558;2015/03/07 00:12:51;3258;76;25.1;22.2;2.641;1.419;0.864;1.725;0.000;1.332;3259
B31558;2015/03/07 00:13:01;3259;91;31.9;22.2;2.699;1.419;0.864;1.725;0.000;1.329;3260
B31558;2015/03/07 00:13:11;3260;83;21.2;22.4;2.729;1.399;0.864;1.725;0.032;1.316;3261
B31558;2015/03/07 00:13:21;3261;88;30.0;22.4;2.696;1.399;0.919;1.725;0.032;1.354;3262
B31558;2015/03/07 00:13:31;3262;92;24.5;22.0;2.680;1.403;0.919;1.690;0.032;1.306;3263
B31558;2015/03/07 00:13:41;3263;71;21.2;22.5;2.512;1.403;0.912;1.690;0.032;1.329;3264
B31558;2015/03/07 00:13:51;3264;81;27.4;23.2;2.641;1.432;0.912;1.690;0.000;1.351;3265
B31558;2015/03/07 00:14:01;3265;88;25.4;22.2;2.567;1.432;0.858;1.690;0.000;1.338;3266
B31558;2015/03/07 00:14:11;3266;82;24.8;22.2;2.641;1.429;0.858;1.699;0.000;1.374;3267
B31558;2015/03/07 00:14:21;3267;77;24.8;22.4;2.619;1.429;0.919;1.699;0.000;1.351;3268
B31558;2015/03/07 00:14:31;3268;87;30.3;22.2;2.451;1.432;0.919;1.699;0.000;1.338;3269
B31558;2015/03/07 00:14:41;3269;80;31.2;21.3;2.483;1.432;0.883;1.699;0.000;1.332;3270
B31558;2015/03/07 00:14:51;3270;89;30.3;22.5;2.464;1.409;0.883;1.690;0.000;1.370;3271
B31558;2015/03/07 00:15:01;3271;84;21.6;22.4;2.483;1.409;0.919;1.690;0.000;1.329;3272
B31558;2015/03/07 00:15:11;3272;90;31.2;22.4;2.545;1.429;0.919;1.690;0.000;1.322;3273
B31558;2015/03/07 00:15:21;3273;74;22.5;22.2;2.454;1.429;0.864;1.690;0.000;1.335;3274
B31558;2015/03/07 00:15:31;3274;82;28.3;22.4;2.487;1.422;0.864;1.722;0.000;1.364;3275
B31558;2015/03/07 00:15:41;3275;78;24.8;22.0;2.512;1.422;0.864;1.722;0.000;1.364;3276
B31558;2015/03/07 00:15:51;3276;85;22.5;21.8;2.600;1.409;0.864;1.722;0.019;1.329;3277
B31558;2015/03/07 00:16:01;3277;84;22.5;22.4;2.503;1.409;0.864;1.722;0.019;1.335;3278
B31558;2015/03/07 00:16:11;3278;77;26.1;22.2;2.464;1.399;0.864;1.699;0.019;1.325;3279
B31558;2015/03/07 00:16:21;3279;86;31.2;21.5;2.709;1.399;0.922;1.699;0.019;1.341;3280
B31558;2015/03/07 00:16:31;3280;81;29.3;22.5;2.725;1.399;0.922;1.699;0.000;1.380;3281
B31558;2015/03/07 00:16:41;3281;77;30.9;21.8;2.616;1.399;0.870;1.699;0.000;1.387;3282
B31558;2015/03/07 00:16:51;3282;82;31.2;22.0;2.464;1.406;0.870;1.690;0.000;1.351;3283
B31558;2015/03/07 00:17:01;3283;89;21.2;22.2;2.461;1.406;0.864;1.690;0.000;1.358;3284
B31558;2015/03/07 00:17:11;3284;93;22.5;21.7;2.587;1.419;0.864;1.690;0.025;1.312;3285
B31558;2015/03/07 00:17:21;3285;90;25.1;22.4;2.477;1.419;0.874;1.690;0.025;1.361;3286
B31558;2015/03/07 00:17:31;3286;78;24.8;22.5;2.451;1.406;0.874;1.699;0.025;1.348;3287
B31558;2015/03/07 00:17:41;3287;88;22.2;22.5;2.477;1.406;0.874;1.699;0.025;1.358;3288
B31558;2015/03/07 00:17:51;3288;88;28.3;22.4;2.500;1.403;0.874;1.699;0.000;1.319;3289
B31558;2015/03/07 00:18:01;3289;77;22.5;22.5;2.490;1.403;0.864;1.699;0.000;1.319;3290
B31558;2015/03/07 00:18:11;3290;74;22.9;22.0;2.480;1.390;0.864;1.687;0.000;1.322;3291
B31558;2015/03/07 00:18:21;3291;77;30.3;22.4;2.464;1.390;0.925;1.687;0.000;1.367;3292
B31558;2015/03/07 00:18:31;3292;82;30.6;22.9;2.580;1.387;0.925;1.687;0.006;1.377;3293
B31558;2015/03/07 00:18:41;3293;82;28.0;22.0;2.477;1.387;0.864;1.687;0.006;1.329;3294
B31558;2015/03/07 00:18:51;3294;87;29.3;22.4;2.645;1.406;0.864;1.716;0.006;1.335;3295
B31558;2015/03/07 00:19:01;3295;77;21.2;22.2;2.538;1.406;0.880;1.716;0.006;1.354;3296
B31558;2015/03/07 00:19:11;3296;83;30.9;22.5;2.458;1.390;0.880;1.716;0.006;1.338;3297
B31558;2015/03/07 00:19:21;3297;72;29.0;22.5;2.467;1.390;0.900;1.716;0.006;1.387;3298
B31558;2015/03/07 00:19:31;3298;73;24.5;22.2;2.687;1.409;0.900;1.748;0.006;1.370;3299
B31558;2015/03/07 00:19:41;3299;73;27.4;21.5;2.716;1.409;0.925;1.748;0.006;1.377;3300
B31558;2015/03/07 00:19:51;3300;73;27.7;22.0;2.548;1.390;0.925;1.748;0.012;1.387;3301
B31558;2015/03/07 00:20:01;3301;81;21.9;22.5;2.487;1.390;0.874;1.748;0.012;1.396;3302
B31558;2015/03/07 00:20:11;3302;79;22.5;22.2;2.480;1.435;0.874;1.716;0.012;1.354;3303
B31558;2015/03/07 00:20:21;3303;78;25.1;22.0;2.480;1.435;0.922;1.716;0.012;1.348;3304
B31558;2015/03/07 00:20:31;3304;75;25.1;22.0;2.525;1.399;0.922;1.716;0.016;1.406;3305
B31558;2015/03/07 00:20:41;3305;82;27.0;21.8;2.512;1.399;0.870;1.716;0.016;1.403;3306
B31558;2015/03/07 00:20:51;3306;86;25.1;22.5;2.709;1.419;0.870;1.706;0.016;1.387;3307
B31558;2015/03/07 00:21:01;3307;89;28.3;22.4;2.458;1.419;0.912;1.706;0.016;1.358;3308
B31558;2015/03/07 00:21:11;3308;87;28.7;22.4;2.577;1.441;0.912;1.706;0.000;1.380;3309
B31558;2015/03/07 00:21:21;3309;78;21.2;22.0;2.461;1.441;0.867;1.706;0.000;1.354;3310
B31558;2015/03/07 00:21:31;3310;83;26.4;22.2;2.703;1.412;0.867;1.751;0.000;1.348;3311
B31558;2015/03/07 00:21:41;3311;74;25.8;21.7;2.477;1.412;0.925;1.751;0.000;1.358;3312
B31558;2015/03/07 00:21:51;3312;81;26.1;21.8;2.470;1.429;0.925;1.751;0.067;1.335;3313
B31558;2015/03/07 00:22:01;3313;88;21.2;22.0;2.458;1.429;0.867;1.751;0.067;1.322;3314
B31558;2015/03/07 00:22:11;3314;76;29.3;22.0;2.480;1.429;0.867;1.735;0.067;1.354;3315
B31558;2015/03/07 00:22:21;3315;82;30.0;22.5;2.725;1.429;0.877;1.735;0.067;1.351;3316
B31558;2015/03/07 00:22:31;3316;92;21.9;21.8;2.458;1.429;0.877;1.735;0.000;1.351;3317
B31558;2015/03/07 00:22:41;3317;89;30.9;22.2;2.648;1.429;0.867;1.735;0.000;1.370;3318
B31558;2015/03/07 00:22:51;3318;81;26.4;21.8;2.661;1.393;0.867;1.709;0.000;1.383;3319
B31558;2015/03/07 00:23:01;3319;86;30.0;22.0;2.735;1.393;0.932;1.709;0.000;1.338;3320
B31558;2015/03/07 00:23:11;3320;93;24.1;22.4;2.500;1.441;0.932;1.709;0.009;1.367;3321
B31558;2015/03/07 00:23:21;3321;80;31.2;21.8;2.570;1.441;0.877;1.709;0.009;1.335;3322
B31558;2015/03/07 00:23:31;3322;77;32.5;22.2;2.677;1.445;0.877;1.712;0.009;1.383;3323
B31558;2015/03/07 00:23:41;3323;78;26.7;22.0;2.735;1.445;0.883;1.712;0.009;1.370;3324
B31558;2015/03/07 00:23:51;3324;76;32.2;22.5;2.580;1.399;0.883;1.712;0.009;1.354;3325
B31558;2015/03/07 00:24:01;3325;83;29.3;22.0;2.616;1.399;0.877;1.712;0.009;1.341;3326
B31558;2015/03/07 00:24:11;3326;76;23.2;21.3;2.564;1.432;0.877;1.719;0.009;1.332;3327
B31558;2015/03/07 00:24:21;3327;82;22.2;22.2;2.477;1.432;0.945;1.719;0.009;1.341;3328
B31558;2015/03/07 00:24:31;3328;87;32.2;22.4;2.500;1.403;0.945;1.719;0.051;1.348;3329
B31558;2015/03/07 00:24:41;3329;72;29.6;21.8;2.632;1.403;0.912;1.719;0.051;1.309;3330
B31558;2015/03/07 00:24:51;3330;78;21.9;21.5;2.706;1.409;0.912;1.719;0.051;1.332;3331
B31558;2015/03/07 00:25:01;3331;83;22.5;22.4;2.532;1.409;0.883;1.719;0.051;1.303;3332
B31558;2015/03/07 00:25:11;3332;89;25.4;22.5;2.483;1.429;0.883;1.719;0.006;1.338;3333
B31558;2015/03/07 00:25:21;3333;81;27.4;22.0;2.729;1.429;0.877;1.719;0.006;1.325;3334
B31558;2015/03/07 00:25:31;3334;86;25.8;22.0;2.645;1.425;0.877;1.748;0.006;1.300;3335
B31558;2015/03/07 00:25:41;3335;79;21.6;22.2;2.735;1.425;0.877;1.748;0.006;1.293;3336
B31558;2015/03/07 00:25:51;3336;79;31.6;22.0;2.480;1.399;0.877;1.748;0.025;1.345;3337
B31558;2015/03/07 00:26:01;3337;86;25.8;22.0;2.732;1.399;0.916;1.748;0.025;1.293;3338
B31558;2015/03/07 00:26:11;3338;86;27.7;22.5;2.483;1.432;0.916;1.758;0.025;1.338;3339
B31558;2015/03/07 00:26:21;3339;87;23.8;22.4;2.699;1.432;0.932;1.758;0.025;1.300;3340
B31558;2015/03/07 00:26:31;3340;79;32.9;22.4;2.503;1.396;0.932;1.758;0.000;1.306;3341
B31558;2015/03/07 00:26:41;3341;84;27.7;22.0;2.732;1.396;0.883;1.758;0.000;1.329;3342
B31558;2015/03/07 00:26:51;3342;82;32.5;22.4;2.683;1.393;0.883;1.751;0.000;1.300;3343
B31558;2015/03/07 00:27:01;3343;80;31.2;21.7;2.483;1.393;0.867;1.751;0.000;1.338;3344
B31558;2015/03/07 00:27:11;3344;83;28.7;22.4;2.706;1.393;0.867;1.751;0.000;1.332;3345
B31558;2015/03/07 00:27:21;3345;84;28.0;22.2;2.693;1.393;0.932;1.751;0.000;1.325;3346
B31558;2015/03/07 00:27:31;3346;88;22.5;22.4;2.729;1.406;0.932;1.709;0.000;1.300;3347
B31558;2015/03/07 00:27:41;3347;88;31.9;22.2;2.648;1.406;0.874;1.709;0.000;1.332;3348
B31558;2015/03/07 00:27:51;3348;84;24.1;21.8;2.680;1.435;0.874;1.709;0.067;1.293;3349
B31558;2015/03/07 00:28:01;3349;91;25.8;22.0;2.729;1.435;0.909;1.709;0.067;1.312;3350
B31558;2015/03/07 00:28:11;3350;78;28.0;21.5;2.699;1.429;0.909;1.696;0.067;1.306;3351
B31558;2015/03/07 00:28:21;3351;89;28.0;22.2;2.512;1.429;0.870;1.696;0.067;1.280;3352
B31558;2015/03/07 00:28:31;3352;77;31.2;22.5;2.554;1.393;0.870;1.696;0.000;1.319;3353
B31558;2015/03/07 00:28:41;3353;79;25.1;22.2;2.483;1.393;0.880;1.696;0.000;1.332;3354
B31558;2015/03/07 00:28:51;3354;92;22.5;21.8;2.706;1.409;0.880;1.729;0.000;1.325;3355
B31558;2015/03/07 00:29:01;3355;86;31.9;22.2;2.699;1.409;0.932;1.729;0.000;1.303;3356
B31558;2015/03/07 00:29:11;3356;88;26.7;23.1;2.606;1.403;0.932;1.729;0.006;1.293;3357
B31558;2015/03/07 00:29:21;3357;78;24.5;22.0;2.716;1.403;0.941;1.729;0.006;1.300;3358
B31558;2015/03/07 00:29:31;3358;88;28.7;22.5;2.693;1.441;0.941;1.761;0.006;1.319;3359
B31558;2015/03/07 00:29:41;3359;69;32.2;22.0;2.699;1.441;0.912;1.761;0.006;1.303;3360
B31558;2015/03/07 00:29:51;3360;77;21.9;22.2;2.725;1.422;0.912;1.761;0.000;1.303;3361
B31558;2015/03/07 00:30:01;3361;82;24.1;22.0;2.487;1.422;0.877;1.761;0.000;1.280;3362
B31558;2015/03/07 00:30:11;3362;79;25.1;22.5;2.480;1.396;0.877;1.725;0.000;1.274;3363
B31558;2015/03/07 00:30:21;3363;72;23.2;22.7;2.483;1.396;0.880;1.725;0.000;1.309;3364
B31558;2015/03/07 00:30:31;3364;80;21.2;21.5;2.712;1.403;0.880;1.725;0.067;1.293;3365
B31558;2015/03/07 00:30:41;3365;70;22.5;22.5;2.500;1.403;0.932;1.725;0.067;1.283;3366
B31558;2015/03/07 00:30:51;3366;83;25.8;22.5;2.464;1.448;0.932;1.741;0.067;1.280;3367
B31558;2015/03/07 00:31:01;3367;80;24.8;22.7;2.503;1.448;0.938;1.741;0.067;1.303;3368
B31558;2015/03/07 00:31:11;3368;77;25.8;22.5;2.483;1.409;0.938;1.741;0.025;1.290;3369
B31558;2015/03/07 00:31:21;3369;79;21.2;22.5;2.464;1.409;0.948;1.741;0.025;1.293;3370
B31558;2015/03/07 00:31:31;3370;88;27.0;22.4;2.454;1.445;0.948;1.751;0.025;1.300;3371
B31558;2015/03/07 00:31:41;3371;74;21.9;22.5;2.506;1.445;0.938;1.751;0.025;1.312;3372
B31558;2015/03/07 00:31:51;3372;71;24.5;22.4;2.458;1.438;0.938;1.751;0.000;1.364;3373
B31558;2015/03/07 00:32:01;3373;87;21.2;22.5;2.487;1.438;0.880;1.751;0.000;1.322;3374
B31558;2015/03/07 00:32:11;3374;88;28.7;22.4;2.477;1.432;0.880;1.761;0.000;1.341;3375
B31558;2015/03/07 00:32:21;3375;71;24.1;22.4;2.493;1.432;0.874;1.761;0.000;1.335;3376
B31558;2015/03/07 00:32:31;3376;81;30.9;22.0;2.464;1.412;0.874;1.761;0.000;1.296;3377
B31558;2015/03/07 00:32:41;3377;80;31.9;22.0;2.732;1.412;0.874;1.761;0.000;1.345;3378
B31558;2015/03/07 00:32:51;3378;81;25.8;22.4;2.725;1.425;0.874;1.764;0.000;1.325;3379
B31558;2015/03/07 00:33:01;3379;77;32.5;21.8;2.512;1.425;0.880;1.764;0.000;1.316;3380
B31558;2015/03/07 00:33:11;3380;88;26.7;22.4;2.519;1.396;0.880;1.764;0.025;1.312;3381
B31558;2015/03/07 00:33:21;3381;77;29.6;22.4;2.709;1.396;0.945;1.764;0.025;1.322;3382
B31558;2015/03/07 00:33:31;3382;81;26.4;22.4;2.674;1.432;0.945;1.732;0.025;1.341;3383
B31558;2015/03/07 00:33:41;3383;80;21.9;22.7;2.490;1.432;0.887;1.732;0.025;1.312;3384
B31558;2015/03/07 00:33:51;3384;81;27.4;22.5;2.612;1.422;0.887;1.732;0.061;1.316;3385
B31558;2015/03/07 00:34:01;3385;79;22.5;22.7;2.483;1.422;0.909;1.732;0.061;1.312;3386
B31558;2015/03/07 00:34:11;3386;83;27.7;22.2;2.464;1.419;0.909;1.758;0.061;1.322;3387
B31558;2015/03/07 00:34:21;3387;77;21.2;22.4;2.470;1.419;0.903;1.758;0.061;1.296;3388
B31558;2015/03/07 00:34:31;3388;81;32.5;22.5;2.703;1.416;0.903;1.758;0.000;1.316;3389
B31558;2015/03/07 00:34:41;3389;88;24.5;22.0;2.709;1.416;0.909;1.758;0.000;1.351;3390
B31558;2015/03/07 00:34:51;3390;83;25.8;22.2;2.722;1.432;0.909;1.754;0.000;1.351;3391
B31558;2015/03/07 00:35:01;3391;89;31.2;22.4;2.690;1.432;0.887;1.754;0.000;1.325;3392
B31558;2015/03/07 00:35:11;3392;86;23.2;22.4;2.687;1.451;0.887;1.754;0.016;1.316;3393
B31558;2015/03/07 00:35:21;3393;82;31.2;22.2;2.687;1.451;0.951;1.754;0.016;1.335;3394
B31558;2015/03/07 00:35:31;3394;82;26.7;22.7;2.590;1.435;0.951;1.751;0.016;1.316;3395
B31558;2015/03/07 00:35:41;3395;77;25.8;21.8;2.487;1.435;0.896;1.751;0.016;1.348;3396
B31558;2015/03/07 00:35:51;3396;81;27.4;23.2;2.635;1.403;0.896;1.751;0.006;1.312;3397
B31558;2015/03/07 00:36:01;3397;81;31.2;21.5;2.725;1.403;0.925;1.751;0.006;1.319;3398
B31558;2015/03/07 00:36:11;3398;87;21.9;21.8;2.732;1.451;0.925;1.745;0.006;1.338;3399
B31558;2015/03/07 00:36:21;3399;83;31.9;22.0;2.661;1.451;0.951;1.745;0.006;1.322;3400
B31558;2015/03/07 00:36:31;3400;73;28.3;22.7;2.622;1.419;0.951;1.745;0.035;1.316;3401
B31558;2015/03/07 00:36:41;3401;70;31.9;22.0;2.683;1.419;0.896;1.745;0.035;1.319;3402
B31558;2015/03/07 00:36:51;3402;83;32.9;22.4;2.487;1.441;0.896;1.796;0.035;1.329;3403
B31558;2015/03/07 00:37:01;3403;78;23.2;22.5;2.558;1.441;0.958;1.796;0.035;1.351;3404
B31558;2015/03/07 00:37:11;3404;81;30.3;22.4;2.483;1.441;0.958;1.796;0.000;1.300;3405
B31558;2015/03/07 00:37:21;3405;82;26.1;21.8;2.519;1.441;0.932;1.796;0.000;1.316;3406
B31558;2015/03/07 00:37:31;3406;79;24.8;22.2;2.693;1.406;0.932;1.764;0.000;1.322;3407
B31558;2015/03/07 00:37:41;3407;89;23.5;22.4;2.483;1.406;0.958;1.764;0.000;1.341;3408
B31558;2015/03/07 00:37:51;3408;88;31.9;21.8;2.725;1.409;0.958;1.764;0.006;1.322;3409
B31558;2015/03/07 00:38:01;3409;79;30.6;21.7;2.670;1.409;0.903;1.764;0.006;1.300;3410
B31558;2015/03/07 00:38:11;3410;83;30.9;22.0;2.603;1.406;0.903;1.767;0.006;1.319;3411
B31558;2015/03/07 00:38:21;3411;90;27.0;22.4;2.483;1.406;0.929;1.767;0.006;1.316;3412
B31558;2015/03/07 00:38:31;3412;74;24.8;22.0;2.732;1.422;0.929;1.767;0.000;1.325;3413
B31558;2015/03/07 00:38:41;3413;74;29.0;22.2;2.725;1.422;0.938;1.767;0.000;1.351;3414
B31558;2015/03/07 00:38:51;3414;79;30.6;21.8;2.483;1.422;0.938;1.754;0.000;1.329;3415
B31558;2015/03/07 00:39:01;3415;78;22.5;22.4;2.496;1.422;0.958;1.754;0.000;1.293;3416
B31558;2015/03/07 00:39:11;3416;81;21.9;21.3;2.577;1.445;0.958;1.754;0.138;1.345;3417
B31558;2015/03/07 00:39:21;3417;87;27.4;21.7;2.509;1.445;0.900;1.754;0.138;1.316;3418
B31558;2015/03/07 00:39:31;3418;82;28.7;22.5;2.477;1.429;0.900;1.787;0.138;1.338;3419
B31558;2015/03/07 00:39:41;3419;80;23.5;22.2;2.696;1.429;0.896;1.787;0.138;1.335;3420
B31558;2015/03/07 00:39:51;3420;70;22.9;21.3;2.564;1.406;0.896;1.787;0.025;1.303;3421
B31558;2015/03/07 00:40:01;3421;72;31.2;22.4;2.651;1.406;0.945;1.787;0.025;1.290;3422
B31558;2015/03/07 00:40:11;3422;91;31.2;22.4;2.493;1.409;0.945;1.751;0.025;1.303;3423
B31558;2015/03/07 00:40:21;3423;76;25.1;22.0;2.480;1.409;0.948;1.751;0.025;1.300;3424
B31558;2015/03/07 00:40:31;3424;90;21.2;21.8;2.699;1.403;0.948;1.751;0.006;1.293;3425
B31558;2015/03/07 00:40:41;3425;75;29.3;22.0;2.641;1.403;0.896;1.751;0.006;1.283;3426
B31558;2015/03/07 00:40:51;3426;91;30.6;22.0;2.496;1.416;0.896;1.751;0.006;1.303;3427
B31558;2015/03/07 00:41:01;3427;84;25.4;22.0;2.732;1.416;0.900;1.751;0.006;1.332;3428
B31558;2015/03/07 00:41:11;3428;72;27.0;21.8;2.496;1.438;0.900;1.751;0.006;1.325;3429
B31558;2015/03/07 00:41:21;3429;76;27.0;21.8;2.635;1.438;0.951;1.751;0.006;1.303;3430
B31558;2015/03/07 00:41:31;3430;85;25.8;21.5;2.612;1.445;0.951;1.793;0.006;1.319;3431
B31558;2015/03/07 00:41:41;3431;84;33.2;21.5;2.680;1.445;0.906;1.793;0.006;1.341;3432
B31558;2015/03/07 00:41:51;3432;91;29.6;22.7;2.519;1.409;0.906;1.793;0.006;1.332;3433
B31558;2015/03/07 00:42:01;3433;75;23.2;22.2;2.477;1.409;0.964;1.793;0.006;1.341;3434
B31558;2015/03/07 00:42:11;3434;74;25.8;22.4;2.722;1.461;0.964;1.809;0.006;1.306;3435
B31558;2015/03/07 00:42:21;3435;84;24.8;22.2;2.496;1.461;0.925;1.809;0.006;1.329;3436
B31558;2015/03/07 00:42:31;3436;89;24.5;22.2;2.696;1.403;0.925;1.809;0.000;1.300;3437
B31558;2015/03/07 00:42:41;3437;84;28.7;21.1;2.603;1.403;0.896;1.809;0.000;1.300;3438
B31558;2015/03/07 00:42:51;3438;73;30.0;21.7;2.483;1.419;0.896;1.780;0.000;1.312;3439
B31558;2015/03/07 00:43:01;3439;71;24.5;22.0;2.709;1.419;0.896;1.780;0.000;1.303;3440
B31558;2015/03/07 00:43:11;3440;84;30.3;22.4;2.483;1.451;0.896;1.780;0.000;1.306;3441
B31558;2015/03/07 00:43:21;3441;82;24.8;22.4;2.580;1.451;0.925;1.780;0.000;1.335;3442
B31558;2015/03/07 00:43:31;3442;90;23.2;21.7;2.606;1.403;0.925;1.745;0.000;1.280;3443
B31558;2015/03/07 00:43:41;3443;73;22.5;22.5;2.474;1.403;0.893;1.745;0.000;1.280;3444
B31558;2015/03/07 00:43:51;3444;89;23.2;21.8;2.725;1.432;0.893;1.745;0.025;1.287;3445
B31558;2015/03/07 00:44:01;3445;84;32.5;21.8;2.487;1.432;0.900;1.745;0.025;1.287;3446
B31558;2015/03/07 00:44:11;3446;77;30.0;21.8;2.712;1.422;0.900;1.745;0.025;1.306;3447
B31558;2015/03/07 00:44:21;3447;73;21.6;21.8;2.464;1.422;0.900;1.745;0.025;1.287;3448
B31558;2015/03/07 00:44:31;3448;84;25.1;22.5;2.487;1.403;0.900;1.745;0.009;1.296;3449
B31558;2015/03/07 00:44:41;3449;86;27.4;22.2;2.729;1.403;0.938;1.745;0.009;1.296;3450
B31558;2015/03/07 00:44:51;3450;85;23.2;21.8;2.732;1.399;0.938;1.767;0.009;1.300;3451
B31558;2015/03/07 00:45:01;3451;73;29.0;22.5;2.474;1.399;0.890;1.767;0.009;1.303;3452
B31558;2015/03/07 00:45:11;3452;78;25.1;21.5;2.703;1.422;0.890;1.767;0.000;1.335;3453
B31558;2015/03/07 00:45:21;3453;80;32.5;21.5;2.654;1.422;0.916;1.767;0.000;1.348;3454
B31558;2015/03/07 00:45:31;3454;83;24.5;21.8;2.648;1.403;0.916;1.741;0.000;1.325;3455
B31558;2015/03/07 00:45:41;3455;86;30.9;22.0;2.732;1.403;0.951;1.741;0.000;1.319;3456
B31558;2015/03/07 00:45:51;3456;82;31.2;22.0;2.464;1.422;0.951;1.741;0.009;1.325;3457
B31558;2015/03/07 00:46:01;3457;79;31.9;21.1;2.603;1.422;0.919;1.741;0.009;1.329;3458
B31558;2015/03/07 00:46:11;3458;79;24.8;22.9;2.638;1.399;0.919;1.751;0.009;1.309;3459
B31558;2015/03/07 00:46:21;3459;77;26.4;21.5;2.680;1.399;0.880;1.751;0.009;1.345;3460
B31558;2015/03/07 00:46:31;3460;91;24.8;22.2;2.732;1.438;0.880;1.751;0.000;1.348;3461
B31558;2015/03/07 00:46:41;3461;77;28.3;21.8;2.732;1.438;0.877;1.751;0.000;1.309;3462
B31558;2015/03/07 00:46:51;3462;78;26.1;21.8;2.493;1.396;0.877;1.741;0.000;1.348;3463
B31558;2015/03/07 00:47:01;3463;76;27.0;22.0;2.477;1.396;0.880;1.741;0.000;1.319;3464
B31558;2015/03/07 00:47:11;3464;83;31.2;22.0;2.487;1.406;0.880;1.741;0.000;1.338;3465
B31558;2015/03/07 00:47:21;3465;88;27.4;22.0;2.729;1.406;0.880;1.741;0.000;1.332;3466
B31558;2015/03/07 00:47:31;3466;83;26.1;22.0;2.503;1.438;0.880;1.729;0.000;1.329;3467
B31558;2015/03/07 00:47:41;3467;75;31.9;21.7;2.490;1.438;0.874;1.729;0.000;1.303;3468
B31558;2015/03/07 00:47:51;3468;83;21.9;21.8;2.722;1.393;0.874;1.729;0.000;1.296;3469
B31558;2015/03/07 00:48:01;3469;80;32.5;21.5;2.529;1.393;0.932;1.729;0.000;1.293;3470
B31558;2015/03/07 00:48:11;3470;79;25.8;22.0;2.477;1.409;0.932;1.754;0.000;1.290;3471
B31558;2015/03/07 00:48:21;3471;78;25.4;22.4;2.483;1.409;0.887;1.754;0.000;1.303;3472
B31558;2015/03/07 00:48:31;3472;79;28.7;22.0;2.474;1.409;0.887;1.754;0.000;1.296;3473
B31558;2015/03/07 00:48:41;3473;73;27.0;21.7;2.632;1.409;0.874;1.754;0.000;1.296;3474
B31558;2015/03/07 00:48:51;3474;81;26.7;22.0;2.500;1.390;0.874;1.725;0.000;1.306;3475
B31558;2015/03/07 00:49:01;3475;81;22.2;22.7;2.603;1.390;0.877;1.725;0.000;1.322;3476
B31558;2015/03/07 00:49:11;3476;89;24.8;22.0;2.722;1.393;0.877;1.725;0.006;1.309;3477
B31558;2015/03/07 00:49:21;3477;83;30.9;22.4;2.470;1.393;0.877;1.725;0.006;1.293;3478
B31558;2015/03/07 00:49:31;3478;79;23.2;22.4;2.709;1.416;0.877;1.722;0.006;1.300;3479
B31558;2015/03/07 00:49:41;3479;89;31.2;21.7;2.483;1.416;0.896;1.722;0.006;1.309;3480
B31558;2015/03/07 00:49:51;3480;86;30.0;22.4;2.706;1.419;0.896;1.722;0.019;1.309;3481
B31558;2015/03/07 00:50:01;3481;77;25.1;22.0;2.480;1.419;0.870;1.722;0.019;1.341;3482
B31558;2015/03/07 00:50:11;3482;85;22.5;21.8;2.712;1.409;0.870;1.741;0.019;1.351;3483
B31558;2015/03/07 00:50:21;3483;78;22.9;21.8;2.500;1.409;0.887;1.741;0.019;1.338;3484
B31558;2015/03/07 00:50:31;3484;77;24.5;21.8;2.732;1.390;0.887;1.741;0.000;1.325;3485
B31558;2015/03/07 00:50:41;3485;76;21.9;22.2;2.732;1.390;0.870;1.741;0.000;1.348;3486
B31558;2015/03/07 00:50:51;3486;79;28.7;22.0;2.590;1.406;0.870;1.719;0.000;1.345;3487
B31558;2015/03/07 00:51:01;3487;85;28.7;22.0;2.735;1.406;0.870;1.719;0.000;1.370;3488
B31558;2015/03/07 00:51:11;3488;83;27.7;22.0;2.458;1.409;0.870;1.719;0.000;1.338;3489
B31558;2015/03/07 00:51:21;3489;88;21.9;22.4;2.483;1.409;0.867;1.719;0.000;1.383;3490
B31558;2015/03/07 00:51:31;3490;93;32.5;22.4;2.500;1.403;0.867;1.722;0.000;1.370;3491
B31558;2015/03/07 00:51:41;3491;80;25.8;21.3;2.512;1.403;0.925;1.722;0.000;1.358;3492
B31558;2015/03/07 00:51:51;3492;84;28.3;22.2;2.603;1.416;0.925;1.722;0.035;1.348;3493
B31558;2015/03/07 00:52:01;3493;90;24.5;21.7;2.690;1.416;0.874;1.722;0.035;1.374;3494
B31558;2015/03/07 00:52:11;3494;84;29.3;22.0;2.509;1.390;0.874;1.719;0.035;1.335;3495
B31558;2015/03/07 00:52:21;3495;80;27.0;22.4;2.735;1.390;0.874;1.719;0.035;1.370;3496
B31558;2015/03/07 00:52:31;3496;92;25.1;22.4;2.729;1.435;0.874;1.719;0.006;1.345;3497
B31558;2015/03/07 00:52:41;3497;78;32.5;21.5;2.496;1.435;0.932;1.719;0.006;1.351;3498
B31558;2015/03/07 00:52:51;3498;92;21.9;22.0;2.477;1.438;0.932;1.738;0.006;1.319;3499
B31558;2015/03/07 00:53:01;3499;78;21.2;21.8;2.464;1.438;0.870;1.738;0.006;1.316;3500
B31558;2015/03/07 00:53:11;3500;78;23.8;22.0;2.500;1.393;0.870;1.738;0.000;1.319;3501
B31558;2015/03/07 00:53:21;3501;86;31.9;22.0;2.648;1.393;0.867;1.738;0.000;1.345;3502
B31558;2015/03/07 00:53:31;3502;77;30.3;22.0;2.464;1.393;0.867;1.767;0.000;1.335;3503
B31558;2015/03/07 00:53:41;3503;81;26.4;21.8;2.522;1.393;0.925;1.767;0.000;1.322;3504
B31558;2015/03/07 00:53:51;3504;71;22.2;22.0;2.477;1.406;0.925;1.767;0.006;1.348;3505
B31558;2015/03/07 00:54:01;3505;88;25.1;21.8;2.703;1.406;0.912;1.767;0.006;1.296;3506
B31558;2015/03/07 00:54:11;3506;71;23.2;22.0;2.716;1.406;0.912;1.758;0.006;1.293;3507
B31558;2015/03/07 00:54:21;3507;83;28.0;22.0;2.719;1.406;0.925;1.758;0.006;1.309;3508
B31558;2015/03/07 00:54:31;3508;77;29.6;22.0;2.699;1.406;0.925;1.758;0.006;1.309;3509
B31558;2015/03/07 00:54:41;3509;81;25.4;21.7;2.687;1.406;0.925;1.758;0.006;1.329;3510
B31558;2015/03/07 00:54:51;3510;89;23.8;21.5;2.687;1.393;0.925;1.712;0.006;1.370;3511
B31558;2015/03/07 00:55:01;3511;89;23.5;22.0;2.522;1.393;0.912;1.712;0.006;1.335;3512
B31558;2015/03/07 00:55:11;3512;85;30.9;22.5;2.577;1.419;0.912;1.712;0.000;1.329;3513
B31558;2015/03/07 00:55:21;3513;89;30.3;21.5;2.670;1.419;0.883;1.712;0.000;1.354;3514
B31558;2015/03/07 00:55:31;3514;83;31.2;21.8;2.725;1.419;0.883;1.767;0.000;1.354;3515
B31558;2015/03/07 00:55:41;3515;83;32.5;23.2;2.503;1.419;0.870;1.767;0.000;1.341;3516
B31558;2015/03/07 00:55:51;3516;92;28.0;21.3;2.564;1.393;0.870;1.767;0.035;1.367;3517
B31558;2015/03/07 00:56:01;3517;81;30.9;22.2;2.522;1.393;0.896;1.767;0.035;1.306;3518
B31558;2015/03/07 00:56:11;3518;88;32.2;21.8;2.480;1.438;0.896;1.722;0.035;1.335;3519
B31558;2015/03/07 00:56:21;3519;90;22.2;22.4;2.480;1.438;0.922;1.722;0.035;1.348;3520
B31558;2015/03/07 00:56:31;3520;70;31.2;22.4;2.493;1.409;0.922;1.722;0.009;1.341;3521
B31558;2015/03/07 00:56:41;3521;81;26.4;22.4;2.703;1.409;0.867;1.722;0.009;1.341;3522
B31558;2015/03/07 00:56:51;3522;89;30.3;22.4;2.590;1.412;0.867;1.709;0.009;1.338;3523
B31558;2015/03/07 00:57:01;3523;83;29.6;22.4;2.461;1.412;0.867;1.709;0.009;1.312;3524
B31558;2015/03/07 00:57:11;3524;78;22.2;22.0;2.732;1.393;0.867;1.709;0.000;1.361;3525
B31558;2015/03/07 00:57:21;3525;88;29.6;22.4;2.467;1.393;0.867;1.709;0.000;1.309;3526
B31558;2015/03/07 00:57:31;3526;91;32.5;22.2;2.458;1.387;0.867;1.761;0.000;1.348;3527
B31558;2015/03/07 00:57:41;3527;81;25.4;21.3;2.477;1.387;0.890;1.761;0.000;1.309;3528
B31558;2015/03/07 00:57:51;3528;81;23.2;22.0;2.725;1.390;0.890;1.761;0.006;1.322;3529
B31558;2015/03/07 00:58:01;3529;78;21.6;22.2;2.483;1.390;0.877;1.761;0.006;1.338;3530
B31558;2015/03/07 00:58:11;3530;80;21.9;21.5;2.458;1.412;0.877;1.764;0.006;1.316;3531
B31558;2015/03/07 00:58:21;3531;76;25.1;22.4;2.467;1.412;0.896;1.764;0.006;1.332;3532
B31558;2015/03/07 00:58:31;3532;75;26.7;22.5;2.622;1.393;0.896;1.764;0.025;1.351;3533
B31558;2015/03/07 00:58:41;3533;69;29.3;21.8;2.648;1.393;0.945;1.764;0.025;1.290;3534
B31558;2015/03/07 00:58:51;3534;90;28.7;22.0;2.506;1.422;0.945;1.719;0.025;1.306;3535
B31558;2015/03/07 00:59:01;3535;76;22.2;22.4;2.461;1.422;0.912;1.719;0.025;1.290;3536
B31558;2015/03/07 00:59:11;3536;82;26.4;22.0;2.529;1.396;0.912;1.719;0.061;1.296;3537
B31558;2015/03/07 00:59:21;3537;78;22.2;22.5;2.480;1.396;0.932;1.719;0.061;1.325;3538
B31558;2015/03/07 00:59:31;3538;84;32.2;22.0;2.606;1.422;0.932;1.722;0.061;1.338;3539
B31558;2015/03/07 00:59:41;3539;75;26.1;21.8;2.674;1.422;0.870;1.722;0.061;1.287;3540
B31558;2015/03/07 00:59:51;3540;80;30.6;21.8;2.470;1.406;0.870;1.722;0.000;1.309;3541
B31558;2015/03/07 01:00:01;3541;69;22.5;22.5;2.500;1.406;0.867;1.722;0.000;1.280;3542
B31558;2015/03/07 01:00:11;3542;78;24.1;22.2;2.709;1.419;0.867;1.735;0.000;1.309;3543
B31558;2015/03/07 01:00:21;3543;77;28.3;22.4;2.722;1.419;0.925;1.735;0.000;1.309;3544
B31558;2015/03/07 01:00:31;3544;78;25.1;22.2;2.483;1.422;0.925;1.735;0.000;1.306;3545
B31558;2015/03/07 01:00:41;3545;85;28.0;22.2;2.464;1.422;0.870;1.735;0.000;1.319;3546
B31558;2015/03/07 01:00:51;3546;74;24.8;22.0;2.483;1.406;0.870;1.751;0.000;1.338;3547
B31558;2015/03/07 01:01:01;3547;83;22.5;22.5;2.487;1.406;0.877;1.751;0.000;1.322;3548
B31558;2015/03/07 01:01:11;3548;80;24.5;21.8;2.725;1.396;0.877;1.751;0.029;1.325;3549
B31558;2015/03/07 01:01:21;3549;72;21.2;22.2;2.464;1.396;0.874;1.751;0.029;1.361;3550
B31558;2015/03/07 01:01:31;3550;77;22.5;22.0;2.464;1.403;0.874;1.725;0.029;1.345;3551
B31558;2015/03/07 01:01:41;3551;76;21.9;21.8;2.458;1.403;0.867;1.725;0.029;1.364;3552
B31558;2015/03/07 01:01:51;3552;84;22.5;21.7;2.590;1.387;0.867;1.725;0.006;1.393;3553
B31558;2015/03/07 01:02:01;3553;81;23.8;22.0;2.687;1.387;0.932;1.725;0.006;1.364;3554
B31558;2015/03/07 01:02:11;3554;79;21.2;21.3;2.574;1.406;0.932;1.748;0.006;1.377;3555
B31558;2015/03/07 01:02:21;3555;89;27.4;21.3;2.483;1.406;0.896;1.748;0.006;1.380;3556
B31558;2015/03/07 01:02:31;3556;81;21.9;21.7;2.574;1.429;0.896;1.748;0.006;1.348;3557
B31558;2015/03/07 01:02:41;3557;80;31.9;21.7;2.558;1.429;0.867;1.748;0.006;1.332;3558
B31558;2015/03/07 01:02:51;3558;76;26.1;21.7;2.725;1.380;0.867;1.751;0.006;1.358;3559
B31558;2015/03/07 01:03:01;3559;79;32.5;21.5;2.532;1.380;0.864;1.751;0.006;1.341;3560
B31558;2015/03/07 01:03:11;3560;82;31.2;21.7;2.725;1.403;0.864;1.751;0.000;1.335;3561
B31558;2015/03/07 01:03:21;3561;89;29.3;22.0;2.680;1.403;0.925;1.751;0.000;1.351;3562
B31558;2015/03/07 01:03:31;3562;78;26.1;21.8;2.596;1.387;0.925;1.732;0.000;1.316;3563
B31558;2015/03/07 01:03:41;3563;83;30.0;21.7;2.680;1.387;0.851;1.732;0.000;1.316;3564
B31558;2015/03/07 01:03:51;3564;91;21.9;21.7;2.725;1.393;0.851;1.732;0.138;1.319;3565
B31558;2015/03/07 01:04:01;3565;84;30.3;21.8;2.716;1.393;0.912;1.732;0.138;1.332;3566
B31558;2015/03/07 01:04:11;3566;88;24.5;21.8;2.661;1.399;0.912;1.699;0.138;1.341;3567
B31558;2015/03/07 01:04:21;3567;81;22.5;22.2;2.487;1.399;0.883;1.699;0.138;1.367;3568
B31558;2015/03/07 01:04:31;3568;83;29.0;22.0;2.583;1.380;0.883;1.699;0.000;1.332;3569
B31558;2015/03/07 01:04:41;3569;85;26.1;21.5;2.512;1.380;0.870;1.699;0.000;1.306;3570
B31558;2015/03/07 01:04:51;3570;85;28.0;21.5;2.706;1.396;0.870;1.751;0.000;1.309;3571
B31558;2015/03/07 01:05:01;3571;80;28.0;21.7;2.709;1.396;0.919;1.751;0.000;1.332;3572
B31558;2015/03/07 01:05:11;3572;74;27.4;22.2;2.606;1.380;0.919;1.751;0.000;1.351;3573
B31558;2015/03/07 01:05:21;3573;80;22.5;22.7;2.500;1.380;0.864;1.751;0.000;1.335;3574
B31558;2015/03/07 01:05:31;3574;78;23.8;21.8;2.687;1.399;0.864;1.725;0.000;1.319;3575
B31558;2015/03/07 01:05:41;3575;74;30.6;22.0;2.609;1.399;0.900;1.725;0.000;1.312;3576
B31558;2015/03/07 01:05:51;3576;92;25.8;22.0;2.670;1.383;0.900;1.725;0.019;1.316;3577
B31558;2015/03/07 01:06:01;3577;82;31.9;21.7;2.670;1.383;0.870;1.725;0.019;1.348;3578
B31558;2015/03/07 01:06:11;3578;92;23.2;21.8;2.612;1.387;0.870;1.696;0.019;1.312;3579
B31558;2015/03/07 01:06:21;3579;82;26.7;22.0;2.703;1.387;0.877;1.696;0.019;1.300;3580
B31558;2015/03/07 01:06:31;3580;77;32.2;22.4;2.490;1.390;0.877;1.696;0.000;1.332;3581
B31558;2015/03/07 01:06:41;3581;89;23.8;21.8;2.732;1.390;0.877;1.696;0.000;1.287;3582
B31558;2015/03/07 01:06:51;3582;81;21.2;21.8;2.587;1.416;0.877;1.722;0.000;1.322;3583
B31558;2015/03/07 01:07:01;3583;78;24.8;21.7;2.538;1.416;0.861;1.722;0.000;1.325;3584
B31558;2015/03/07 01:07:11;3584;82;28.7;22.4;2.687;1.399;0.861;1.722;0.000;1.283;3585
B31558;2015/03/07 01:07:21;3585;78;24.1;21.7;2.477;1.399;0.861;1.722;0.000;1.319;3586
B31558;2015/03/07 01:07:31;3586;88;30.0;22.4;2.522;1.396;0.861;1.716;0.000;1.290;3587
B31558;2015/03/07 01:07:41;3587;89;26.1;21.5;2.674;1.396;0.887;1.716;0.000;1.290;3588
B31558;2015/03/07 01:07:51;3588;74;25.1;21.5;2.632;1.387;0.887;1.716;0.006;1.345;3589
B31558;2015/03/07 01:08:01;3589;73;29.3;21.7;2.551;1.387;0.919;1.716;0.006;1.316;3590
B31558;2015/03/07 01:08:11;3590;89;26.4;22.2;2.458;1.396;0.919;1.683;0.006;1.319;3591
B31558;2015/03/07 01:08:21;3591;88;28.7;22.0;2.648;1.396;0.864;1.683;0.006;1.319;3592
B31558;2015/03/07 01:08:31;3592;82;25.4;22.5;2.616;1.403;0.864;1.683;0.029;1.319;3593
B31558;2015/03/07 01:08:41;3593;82;30.6;21.7;2.622;1.403;0.864;1.683;0.029;1.370;3594
B31558;2015/03/07 01:08:51;3594;81;25.8;22.4;2.451;1.387;0.864;1.735;0.029;1.345;3595
B31558;2015/03/07 01:09:01;3595;84;26.7;21.8;2.735;1.387;0.854;1.735;0.029;1.358;3596
B31558;2015/03/07 01:09:11;3596;78;23.8;21.5;2.687;1.377;0.854;1.735;0.016;1.364;3597
B31558;2015/03/07 01:09:21;3597;80;26.1;21.5;2.654;1.377;0.854;1.735;0.016;1.341;3598
B31558;2015/03/07 01:09:31;3598;82;28.0;21.5;2.725;1.377;0.854;1.738;0.016;1.345;3599
B31558;2015/03/07 01:09:41;3599;83;21.6;21.8;2.487;1.377;0.851;1.738;0.016;1.370;3600
B31558;2015/03/07 01:09:51;3600;87;27.0;21.7;2.712;1.387;0.851;1.738;0.000;1.338;3601
B31558;2015/03/07 01:10:01;3601;84;30.3;22.0;2.722;1.387;0.906;1.738;0.000;1.338;3602
B31558;2015/03/07 01:10:11;3602;78;30.9;22.4;2.509;1.429;0.906;1.690;0.000;1.358;3603
B31558;2015/03/07 01:10:21;3603;87;25.8;22.2;2.619;1.429;0.883;1.690;0.000;1.396;3604
B31558;2015/03/07 01:10:31;3604;83;23.2;21.5;2.451;1.383;0.883;1.690;0.000;1.351;3605
B31558;2015/03/07 01:10:41;3605;83;27.7;21.8;2.696;1.383;0.919;1.690;0.000;1.374;3606
B31558;2015/03/07 01:10:51;3606;86;29.3;22.4;2.541;1.409;0.919;1.687;0.000;1.354;3607
B31558;2015/03/07 01:11:01;3607;84;24.8;21.8;2.496;1.409;0.919;1.687;0.000;1.383;3608
B31558;2015/03/07 01:11:11;3608;73;23.2;21.3;2.687;1.416;0.919;1.687;0.000;1.390;3609
B31558;2015/03/07 01:11:21;3609;78;24.5;22.2;2.632;1.416;0.864;1.687;0.000;1.399;3610
B31558;2015/03/07 01:11:31;3610;81;28.0;22.4;2.500;1.387;0.864;1.690;0.000;1.380;3611
B31558;2015/03/07 01:11:41;3611;83;23.5;22.0;2.477;1.387;0.858;1.690;0.000;1.370;3612
B31558;2015/03/07 01:11:51;3612;70;23.8;21.3;2.554;1.387;0.858;1.690;0.000;1.380;3613
B31558;2015/03/07 01:12:01;3613;78;25.8;22.0;2.732;1.387;0.858;1.690;0.000;1.403;3614
B31558;2015/03/07 01:12:11;3614;81;25.1;21.7;2.674;1.383;0.858;1.683;0.000;1.390;3615
B31558;2015/03/07 01:12:21;3615;72;21.9;22.0;2.467;1.383;0.912;1.683;0.000;1.393;3616
B31558;2015/03/07 01:12:31;3616;90;28.3;22.2;2.716;1.393;0.912;1.683;0.022;1.361;3617
B31558;2015/03/07 01:12:41;3617;83;22.5;21.5;2.496;1.393;0.864;1.683;0.022;1.351;3618
B31558;2015/03/07 01:12:51;3618;80;26.7;22.0;2.500;1.380;0.864;1.677;0.022;1.383;3619
B31558;2015/03/07 01:13:01;3619;82;22.5;21.8;2.603;1.380;0.861;1.677;0.022;1.361;3620
B31558;2015/03/07 01:13:11;3620;81;26.4;22.0;2.464;1.380;0.861;1.677;0.000;1.387;3621
B31558;2015/03/07 01:13:21;3621;84;32.5;21.8;2.512;1.380;0.864;1.677;0.000;1.399;3622
B31558;2015/03/07 01:13:31;3622;93;27.4;22.4;2.564;1.429;0.864;1.699;0.000;1.364;3623
B31558;2015/03/07 01:13:41;3623;78;25.4;22.5;2.490;1.429;0.858;1.699;0.000;1.390;3624
B31558;2015/03/07 01:13:51;3624;92;23.5;21.8;2.506;1.380;0.858;1.699;0.000;1.387;3625
B31558;2015/03/07 01:14:01;3625;79;24.5;21.8;2.693;1.380;0.858;1.699;0.000;1.370;3626
B31558;2015/03/07 01:14:11;3626;77;22.5;21.7;2.732;1.393;0.858;1.687;0.000;1.377;3627
B31558;2015/03/07 01:14:21;3627;78;21.2;21.7;2.722;1.393;0.861;1.687;0.000;1.377;3628
B31558;2015/03/07 01:14:31;3628;80;24.5;21.5;2.699;1.377;0.861;1.687;0.022;1.399;3629
B31558;2015/03/07 01:14:41;3629;86;25.1;22.0;2.729;1.377;0.912;1.687;0.022;1.396;3630
B31558;2015/03/07 01:14:51;3630;88;22.5;21.7;2.622;1.425;0.912;1.680;0.022;1.351;3631
B31558;2015/03/07 01:15:01;3631;80;22.5;22.2;2.470;1.425;0.919;1.680;0.022;1.354;3632
B31558;2015/03/07 01:15:11;3632;76;22.9;22.0;2.477;1.383;0.919;1.680;0.035;1.393;3633
B31558;2015/03/07 01:15:21;3633;73;28.3;21.7;2.725;1.383;0.883;1.680;0.035;1.358;3634
B31558;2015/03/07 01:15:31;3634;80;25.4;22.0;2.458;1.419;0.883;1.716;0.035;1.380;3635
B31558;2015/03/07 01:15:41;3635;77;25.8;21.8;2.561;1.419;0.870;1.716;0.035;1.409;3636
B31558;2015/03/07 01:15:51;3636;80;29.6;21.7;2.483;1.396;0.870;1.716;0.000;1.387;3637
B31558;2015/03/07 01:16:01;3637;86;27.7;21.1;2.554;1.396;0.864;1.716;0.000;1.380;3638
B31558;2015/03/07 01:16:11;3638;82;23.2;21.8;2.664;1.377;0.864;1.690;0.000;1.412;3639
B31558;2015/03/07 01:16:21;3639;85;30.6;21.1;2.722;1.377;0.916;1.690;0.000;1.361;3640
B31558;2015/03/07 01:16:31;3640;83;26.1;22.0;2.451;1.403;0.916;1.690;0.035;1.377;3641
B31558;2015/03/07 01:16:41;3641;80;20.9;21.8;2.480;1.403;0.890;1.690;0.035;1.387;3642
B31558;2015/03/07 01:16:51;3642;87;21.9;21.8;2.725;1.429;0.890;1.693;0.035;1.367;3643
B31558;2015/03/07 01:17:01;3643;82;29.6;22.2;2.716;1.429;0.903;1.693;0.035;1.383;3644
B31558;2015/03/07 01:17:11;3644;78;27.4;21.5;2.725;1.429;0.903;1.693;0.000;1.393;3645
B31558;2015/03/07 01:17:21;3645;85;27.4;22.0;2.722;1.429;0.893;1.693;0.000;1.338;3646
B31558;2015/03/07 01:17:31;3646;83;24.5;22.0;2.448;1.406;0.893;1.703;0.000;1.338;3647
B31558;2015/03/07 01:17:41;3647;81;20.9;22.2;2.467;1.406;0.854;1.703;0.000;1.348;3648
B31558;2015/03/07 01:17:51;3648;83;25.4;22.2;2.464;1.393;0.854;1.703;0.000;1.387;3649
B31558;2015/03/07 01:18:01;3649;75;32.5;21.8;2.522;1.393;0.912;1.703;0.000;1.393;3650
B31558;2015/03/07 01:18:11;3650;73;32.5;22.0;2.496;1.416;0.912;1.690;0.000;1.393;3651
B31558;2015/03/07 01:18:21;3651;88;25.4;21.8;2.496;1.416;0.854;1.690;0.000;1.370;3652
B31558;2015/03/07 01:18:31;3652;88;22.5;21.7;2.567;1.393;0.854;1.690;0.035;1.358;3653
B31558;2015/03/07 01:18:41;3653;78;28.7;22.0;2.645;1.393;0.912;1.690;0.035;1.354;3654
B31558;2015/03/07 01:18:51;3654;89;29.0;21.7;2.729;1.390;0.912;1.703;0.035;1.358;3655
B31558;2015/03/07 01:19:01;3655;77;31.9;21.8;2.706;1.390;0.854;1.703;0.035;1.332;3656
B31558;2015/03/07 01:19:11;3656;83;30.9;22.0;2.500;1.412;0.854;1.703;0.000;1.332;3657
B31558;2015/03/07 01:19:21;3657;76;23.8;22.0;2.470;1.412;0.851;1.703;0.000;1.370;3658
B31558;2015/03/07 01:19:31;3658;90;32.5;21.7;2.693;1.374;0.851;1.690;0.000;1.329;3659
B31558;2015/03/07 01:19:41;3659;78;26.1;21.7;2.519;1.374;0.912;1.690;0.000;1.332;3660
B31558;2015/03/07 01:19:51;3660;92;26.7;21.8;2.635;1.396;0.912;1.690;0.000;1.387;3661
B31558;2015/03/07 01:20:01;3661;80;30.0;22.4;2.470;1.396;0.854;1.690;0.000;1.348;3662
B31558;2015/03/07 01:20:11;3662;81;23.5;21.8;2.690;1.387;0.854;1.732;0.000;1.393;3663
B31558;2015/03/07 01:20:21;3663;78;27.7;21.1;2.732;1.387;0.870;1.732;0.000;1.335;3664
B31558;2015/03/07 01:20:31;3664;81;24.5;21.8;2.670;1.393;0.870;1.732;0.138;1.316;3665
B31558;2015/03/07 01:20:41;3665;79;20.6;22.0;2.477;1.393;0.851;1.732;0.138;1.351;3666
B31558;2015/03/07 01:20:51;3666;76;29.3;22.0;2.693;1.419;0.851;1.690;0.138;1.345;3667
B31558;2015/03/07 01:21:01;3667;73;30.9;22.4;2.722;1.419;0.848;1.690;0.138;1.348;3668
B31558;2015/03/07 01:21:11;3668;78;24.5;22.5;2.732;1.403;0.848;1.690;0.029;1.287;3669
B31558;2015/03/07 01:21:21;3669;85;23.8;22.5;2.593;1.403;0.858;1.690;0.029;1.338;3670
B31558;2015/03/07 01:21:31;3670;88;24.8;22.2;2.496;1.377;0.858;1.674;0.029;1.332;3671
B31558;2015/03/07 01:21:41;3671;78;32.5;21.5;2.512;1.377;0.861;1.674;0.029;1.329;3672
B31558;2015/03/07 01:21:51;3672;83;32.5;22.0;2.512;1.380;0.861;1.674;0.012;1.290;3673
B31558;2015/03/07 01:22:01;3673;79;32.2;22.0;2.680;1.380;0.851;1.674;0.012;1.300;3674
B31558;2015/03/07 01:22:11;3674;81;23.8;21.5;2.616;1.374;0.851;1.674;0.012;1.329;3675
B31558;2015/03/07 01:22:21;3675;81;23.2;21.8;2.483;1.374;0.854;1.674;0.012;1.325;3676
B31558;2015/03/07 01:22:31;3676;86;24.1;21.8;2.703;1.390;0.854;1.674;0.000;1.316;3677
B31558;2015/03/07 01:22:41;3677;79;20.6;21.8;2.558;1.390;0.848;1.674;0.000;1.287;3678
B31558;2015/03/07 01:22:51;3678;90;23.2;22.0;2.725;1.390;0.848;1.677;0.000;1.309;3679
B31558;2015/03/07 01:23:01;3679;79;27.4;22.0;2.477;1.390;0.883;1.677;0.000;1.335;3680
B31558;2015/03/07 01:23:11;3680;78;31.6;22.4;2.480;1.380;0.883;1.677;0.000;1.296;3681
B31558;2015/03/07 01:23:21;3681;84;31.2;21.5;2.603;1.380;0.864;1.677;0.000;1.338;3682
B31558;2015/03/07 01:23:31;3682;80;21.2;21.8;2.725;1.380;0.864;1.680;0.000;1.306;3683
B31558;2015/03/07 01:23:41;3683;85;26.1;21.5;2.693;1.380;0.903;1.680;0.000;1.312;3684
B31558;2015/03/07 01:23:51;3684;81;23.5;21.8;2.558;1.370;0.903;1.680;0.000;1.329;3685
B31558;2015/03/07 01:24:01;3685;82;24.1;21.5;2.509;1.370;0.909;1.680;0.000;1.293;3686
B31558;2015/03/07 01:24:11;3686;81;22.9;22.0;2.458;1.390;0.909;1.680;0.000;1.290;3687
B31558;2015/03/07 01:24:21;3687;83;30.0;22.2;2.458;1.390;0.841;1.680;0.000;1.293;3688
B31558;2015/03/07 01:24:31;3688;73;30.0;21.8;2.696;1.399;0.841;1.680;0.000;1.303;3689
B31558;2015/03/07 01:24:41;3689;73;24.8;22.0;2.500;1.399;0.841;1.680;0.000;1.290;3690
B31558;2015/03/07 01:24:51;3690;74;24.1;22.5;2.729;1.370;0.841;1.687;0.000;1.325;3691
B31558;2015/03/07 01:25:01;3691;80;30.6;21.3;2.487;1.370;0.864;1.687;0.000;1.316;3692
B31558;2015/03/07 01:25:11;3692;84;30.3;22.4;2.641;1.425;0.864;1.687;0.006;1.325;3693
B31558;2015/03/07 01:25:21;3693;83;25.1;21.5;2.661;1.425;0.861;1.687;0.006;1.322;3694
B31558;2015/03/07 01:25:31;3694;92;29.0;22.0;2.480;1.419;0.861;1.719;0.006;1.332;3695
B31558;2015/03/07 01:25:41;3695;84;27.7;22.4;2.729;1.419;0.838;1.719;0.006;1.303;3696
B31558;2015/03/07 01:25:51;3696;88;28.7;22.7;2.454;1.416;0.838;1.719;0.006;1.287;3697
B31558;2015/03/07 01:26:01;3697;86;20.6;22.4;2.474;1.416;0.835;1.719;0.006;1.277;3698
B31558;2015/03/07 01:26:11;3698;88;22.5;22.0;2.477;1.370;0.835;1.706;0.006;1.329;3699
B31558;2015/03/07 01:26:21;3699;84;31.9;22.0;2.632;1.370;0.838;1.706;0.006;1.296;3700
B31558;2015/03/07 01:26:31;3700;82;22.5;21.8;2.699;1.419;0.838;1.706;0.048;1.290;3701
B31558;2015/03/07 01:26:41;3701;72;30.9;22.5;2.474;1.419;0.861;1.706;0.048;1.283;3702
B31558;2015/03/07 01:26:51;3702;89;23.8;22.2;2.654;1.412;0.861;1.674;0.048;1.322;3703
B31558;2015/03/07 01:27:01;3703;78;22.5;21.7;2.451;1.412;0.906;1.674;0.048;1.332;3704
B31558;2015/03/07 01:27:11;3704;90;31.9;22.4;2.674;1.419;0.906;1.674;0.019;1.293;3705
B31558;2015/03/07 01:27:21;3705;73;27.4;22.5;2.716;1.419;0.870;1.674;0.019;1.325;3706
B31558;2015/03/07 01:27:31;3706;85;30.3;22.0;2.503;1.387;0.870;1.670;0.019;1.348;3707
B31558;2015/03/07 01:27:41;3707;84;20.6;22.5;2.522;1.387;0.848;1.670;0.019;1.319;3708
B31558;2015/03/07 01:27:51;3708;88;28.7;22.4;2.509;1.374;0.848;1.670;0.000;1.306;3709
B31558;2015/03/07 01:28:01;3709;80;20.9;22.7;2.487;1.374;0.841;1.670;0.000;1.300;3710
B31558;2015/03/07 01:28:11;3710;83;31.6;22.0;2.625;1.370;0.841;1.680;0.000;1.345;3711
B31558;2015/03/07 01:28:21;3711;88;28.7;22.2;2.670;1.370;0.845;1.680;0.000;1.319;3712
B31558;2015/03/07 01:28:31;3712;82;26.1;22.7;2.448;1.399;0.845;1.680;0.006;1.345;3713
B31558;2015/03/07 01:28:41;3713;71;28.0;22.5;2.503;1.399;0.848;1.680;0.006;1.341;3714
B31558;2015/03/07 01:28:51;3714;88;28.7;22.5;2.483;1.406;0.848;1.670;0.006;1.374;3715
B31558;2015/03/07 01:29:01;3715;89;20.6;22.2;2.470;1.406;0.864;1.670;0.006;1.348;3716
B31558;2015/03/07 01:29:11;3716;86;31.6;22.0;2.477;1.393;0.864;1.670;0.051;1.335;3717
B31558;2015/03/07 01:29:21;3717;83;30.6;22.4;2.709;1.393;0.909;1.670;0.051;1.345;3718
B31558;2015/03/07 01:29:31;3718;93;22.5;21.5;2.464;1.412;0.909;1.664;0.051;1.354;3719
B31558;2015/03/07 01:29:41;3719;89;25.4;21.7;2.483;1.412;0.900;1.664;0.051;1.396;3720
B31558;2015/03/07 01:29:51;3720;87;26.1;22.5;2.629;1.374;0.900;1.664;0.000;1.370;3721
B31558;2015/03/07 01:30:01;3721;89;31.9;22.4;2.699;1.374;0.864;1.664;0.000;1.348;3722
B31558;2015/03/07 01:30:11;3722;76;31.2;21.8;2.474;1.393;0.864;1.667;0.000;1.393;3723
B31558;2015/03/07 01:30:21;3723;84;27.7;21.1;2.577;1.393;0.851;1.667;0.000;1.380;3724
B31558;2015/03/07 01:30:31;3724;83;24.8;22.2;2.451;1.429;0.851;1.667;0.054;1.396;3725
B31558;2015/03/07 01:30:41;3725;72;32.9;21.5;2.561;1.429;0.906;1.667;0.054;1.364;3726
B31558;2015/03/07 01:30:51;3726;79;26.4;22.0;2.464;1.393;0.906;1.667;0.054;1.358;3727
B31558;2015/03/07 01:31:01;3727;84;23.2;22.0;2.464;1.393;0.845;1.667;0.054;1.354;3728
B31558;2015/03/07 01:31:11;3728;87;27.0;22.2;2.590;1.374;0.845;1.667;0.000;1.370;3729
B31558;2015/03/07 01:31:21;3729;90;26.1;21.1;2.712;1.374;0.845;1.667;0.000;1.338;3730
B31558;2015/03/07 01:31:31;3730;88;31.9;22.0;2.670;1.412;0.845;1.664;0.000;1.377;3731
B31558;2015/03/07 01:31:41;3731;89;23.5;21.7;2.732;1.412;0.851;1.664;0.000;1.341;3732
B31558;2015/03/07 01:31:51;3732;83;30.3;21.7;2.451;1.399;0.851;1.664;0.000;1.338;3733
B31558;2015/03/07 01:32:01;3733;85;22.2;21.7;2.458;1.399;0.845;1.664;0.000;1.374;3734
B31558;2015/03/07 01:32:11;3734;80;27.4;21.7;2.490;1.416;0.845;1.683;0.000;1.341;3735
B31558;2015/03/07 01:32:21;3735;88;25.8;21.5;2.512;1.416;0.887;1.683;0.000;1.383;3736
B31558;2015/03/07 01:32:31;3736;90;24.5;21.5;2.670;1.370;0.887;1.683;0.000;1.387;3737
B31558;2015/03/07 01:32:41;3737;77;25.1;21.7;2.706;1.370;0.883;1.683;0.000;1.338;3738
B31558;2015/03/07 01:32:51;3738;85;27.0;22.0;2.458;1.380;0.883;1.664;0.000;1.358;3739
B31558;2015/03/07 01:33:01;3739;73;27.0;21.7;2.648;1.380;0.858;1.664;0.000;1.370;3740
B31558;2015/03/07 01:33:11;3740;89;21.2;22.0;2.732;1.374;0.858;1.664;0.000;1.361;3741
B31558;2015/03/07 01:33:21;3741;79;30.9;22.0;2.654;1.374;0.870;1.664;0.000;1.341;3742
B31558;2015/03/07 01:33:31;3742;78;30.6;21.7;2.725;1.380;0.870;1.719;0.000;1.354;3743
B31558;2015/03/07 01:33:41;3743;78;21.2;22.0;2.509;1.380;0.900;1.719;0.000;1.316;3744
B31558;2015/03/07 01:33:51;3744;75;23.8;22.4;2.522;1.406;0.900;1.719;0.000;1.354;3745
B31558;2015/03/07 01:34:01;3745;76;24.1;22.0;2.487;1.406;0.851;1.719;0.000;1.312;3746
B31558;2015/03/07 01:34:11;3746;75;27.0;21.8;2.525;1.396;0.851;1.674;0.000;1.332;3747
B31558;2015/03/07 01:34:21;3747;78;30.3;22.0;2.461;1.396;0.883;1.674;0.000;1.329;3748
B31558;2015/03/07 01:34:31;3748;73;29.3;22.0;2.535;1.412;0.883;1.674;0.006;1.338;3749
B31558;2015/03/07 01:34:41;3749;68;22.2;22.0;2.500;1.412;0.864;1.674;0.006;1.361;3750
B31558;2015/03/07 01:34:51;3750;79;20.9;21.3;2.712;1.416;0.864;1.670;0.006;1.335;3751
B31558;2015/03/07 01:35:01;3751;81;21.2;22.2;2.470;1.416;0.864;1.670;0.006;1.380;3752
B31558;2015/03/07 01:35:11;3752;83;25.8;21.7;2.687;1.370;0.864;1.670;0.006;1.351;3753
B31558;2015/03/07 01:35:21;3753;83;20.6;22.0;2.467;1.370;0.854;1.670;0.006;1.374;3754
B31558;2015/03/07 01:35:31;3754;79;27.4;21.5;2.654;1.387;0.854;1.680;0.006;1.351;3755
B31558;2015/03/07 01:35:41;3755;72;32.5;21.8;2.464;1.387;0.919;1.680;0.006;1.345;3756
B31558;2015/03/07 01:35:51;3756;78;24.5;21.8;2.670;1.406;0.919;1.680;0.035;1.396;3757
B31558;2015/03/07 01:36:01;3757;77;26.7;21.1;2.696;1.406;0.919;1.680;0.035;1.387;3758
B31558;2015/03/07 01:36:11;3758;87;26.7;22.2;2.590;1.374;0.919;1.683;0.035;1.383;3759
B31558;2015/03/07 01:36:21;3759;73;30.0;22.0;2.477;1.374;0.909;1.683;0.035;1.351;3760
B31558;2015/03/07 01:36:31;3760;84;24.5;21.1;2.661;1.374;0.909;1.683;0.006;1.393;3761
B31558;2015/03/07 01:36:41;3761;89;30.3;22.0;2.735;1.374;0.919;1.683;0.006;1.367;3762
B31558;2015/03/07 01:36:51;3762;78;28.3;21.5;2.625;1.370;0.919;1.696;0.006;1.364;3763
B31558;2015/03/07 01:37:01;3763;79;21.2;21.7;2.735;1.370;0.916;1.696;0.006;1.377;3764
B31558;2015/03/07 01:37:11;3764;80;25.4;21.8;2.483;1.406;0.916;1.696;0.000;1.380;3765
B31558;2015/03/07 01:37:21;3765;80;23.5;21.8;2.458;1.406;0.896;1.696;0.000;1.377;3766
B31558;2015/03/07 01:37:31;3766;78;27.0;21.3;2.500;1.399;0.896;1.706;0.000;1.358;3767
B31558;2015/03/07 01:37:41;3767;79;21.2;21.8;2.477;1.399;0.851;1.706;0.000;1.354;3768
B31558;2015/03/07 01:37:51;3768;79;26.1;22.2;2.596;1.396;0.851;1.706;0.145;1.348;3769
B31558;2015/03/07 01:38:01;3769;72;26.4;21.7;2.648;1.396;0.877;1.706;0.145;1.338;3770
B31558;2015/03/07 01:38:11;3770;87;25.8;21.5;2.732;1.380;0.877;1.683;0.145;1.338;3771
B31558;2015/03/07 01:38:21;3771;86;20.6;21.8;2.735;1.380;0.854;1.683;0.145;1.364;3772
B31558;2015/03/07 01:38:31;3772;78;30.0;22.0;2.516;1.370;0.854;1.683;0.006;1.377;3773
B31558;2015/03/07 01:38:41;3773;78;22.5;21.7;2.735;1.370;0.870;1.683;0.006;1.361;3774
B31558;2015/03/07 01:38:51;3774;83;29.0;21.8;2.474;1.380;0.870;1.703;0.006;1.358;3775
B31558;2015/03/07 01:39:01;3775;74;28.0;22.0;2.470;1.380;0.893;1.703;0.006;1.341;3776
B31558;2015/03/07 01:39:11;3776;84;25.4;22.2;2.712;1.370;0.893;1.703;0.000;1.364;3777
B31558;2015/03/07 01:39:21;3777;87;31.2;21.7;2.496;1.370;0.861;1.703;0.000;1.341;3778
B31558;2015/03/07 01:39:31;3778;87;23.2;22.0;2.709;1.380;0.861;1.722;0.000;1.364;3779
B31558;2015/03/07 01:39:41;3779;73;30.3;21.0;2.609;1.380;0.912;1.722;0.000;1.358;3780
B31558;2015/03/07 01:39:51;3780;82;29.6;21.7;2.551;1.374;0.912;1.722;0.000;1.348;3781
B31558;2015/03/07 01:40:01;3781;78;23.8;22.2;2.503;1.374;0.922;1.722;0.000;1.341;3782
B31558;2015/03/07 01:40:11;3782;92;24.5;21.5;2.470;1.399;0.922;1.664;0.000;1.377;3783
B31558;2015/03/07 01:40:21;3783;79;30.9;21.0;2.603;1.399;0.919;1.664;0.000;1.358;3784
B31558;2015/03/07 01:40:31;3784;82;31.6;21.8;2.487;1.390;0.919;1.664;0.025;1.364;3785
B31558;2015/03/07 01:40:41;3785;87;32.5;21.7;2.577;1.390;0.883;1.664;0.025;1.374;3786
B31558;2015/03/07 01:40:51;3786;77;28.3;22.5;2.635;1.374;0.883;1.670;0.025;1.406;3787
B31558;2015/03/07 01:41:01;3787;89;22.9;22.2;2.564;1.374;0.861;1.670;0.025;1.361;3788
B31558;2015/03/07 01:41:11;3788;86;22.5;21.1;2.458;1.374;0.861;1.670;0.000;1.354;3789
B31558;2015/03/07 01:41:21;3789;85;27.4;21.3;2.512;1.374;0.912;1.670;0.000;1.364;3790
B31558;2015/03/07 01:41:31;3790;76;31.6;22.0;2.483;1.419;0.912;1.687;0.000;1.412;3791
B31558;2015/03/07 01:41:41;3791;83;21.2;21.8;2.477;1.419;0.870;1.687;0.000;1.393;3792
B31558;2015/03/07 01:41:51;3792;85;24.5;21.5;2.674;1.422;0.870;1.687;0.016;1.399;3793
B31558;2015/03/07 01:42:01;3793;83;29.0;22.0;2.474;1.422;0.903;1.687;0.016;1.358;3794
B31558;2015/03/07 01:42:11;3794;89;30.9;21.5;2.467;1.429;0.903;1.722;0.016;1.370;3795
B31558;2015/03/07 01:42:21;3795;90;26.1;21.3;2.464;1.429;0.870;1.722;0.016;1.354;3796
B31558;2015/03/07 01:42:31;3796;77;22.5;21.5;2.732;1.432;0.870;1.722;0.000;1.364;3797
B31558;2015/03/07 01:42:41;3797;77;21.9;22.2;2.477;1.432;0.864;1.722;0.000;1.351;3798
B31558;2015/03/07 01:42:51;3798;78;27.4;21.7;2.470;1.377;0.864;1.725;0.000;1.341;3799
B31558;2015/03/07 01:43:01;3799;81;22.2;21.7;2.738;1.377;0.864;1.725;0.000;1.306;3800
B31558;2015/03/07 01:43:11;3800;80;21.2;21.7;2.648;1.393;0.864;1.725;0.000;1.312;3801
B31558;2015/03/07 01:43:21;3801;88;21.9;22.2;2.487;1.393;0.906;1.725;0.000;1.293;3802
B31558;2015/03/07 01:43:31;3802;83;28.3;22.0;2.506;1.393;0.906;1.722;0.000;1.306;3803
B31558;2015/03/07 01:43:41;3803;88;25.1;21.7;2.696;1.393;0.867;1.722;0.000;1.296;3804
B31558;2015/03/07 01:43:51;3804;78;20.6;21.7;2.612;1.432;0.867;1.722;0.022;1.316;3805
B31558;2015/03/07 01:44:01;3805;81;32.5;21.7;2.464;1.432;0.861;1.722;0.022;1.290;3806
B31558;2015/03/07 01:44:11;3806;80;27.4;22.2;2.619;1.416;0.861;1.661;0.022;1.277;3807
B31558;2015/03/07 01:44:21;3807;90;28.0;22.4;2.461;1.416;0.912;1.661;0.022;1.303;3808
B31558;2015/03/07 01:44:31;3808;89;25.1;21.5;2.703;1.374;0.912;1.661;0.041;1.303;3809
B31558;2015/03/07 01:44:41;3809;78;30.9;21.7;2.590;1.374;0.900;1.661;0.041;1.309;3810
B31558;2015/03/07 01:44:51;3810;81;30.0;22.2;2.490;1.390;0.900;1.677;0.041;1.306;3811
B31558;2015/03/07 01:45:01;3811;79;30.6;22.0;2.641;1.390;0.922;1.677;0.041;1.325;3812
B31558;2015/03/07 01:45:11;3812;82;27.4;22.4;2.596;1.383;0.922;1.677;0.000;1.309;3813
B31558;2015/03/07 01:45:21;3813;76;31.9;21.7;2.635;1.383;0.864;1.677;0.000;1.338;3814
B31558;2015/03/07 01:45:31;3814;84;23.8;21.5;2.687;1.383;0.864;1.687;0.000;1.364;3815
B31558;2015/03/07 01:45:41;3815;83;25.1;22.0;2.735;1.383;0.867;1.687;0.000;1.335;3816
B31558;2015/03/07 01:45:51;3816;83;23.2;21.5;2.712;1.380;0.867;1.687;0.000;1.345;3817
B31558;2015/03/07 01:46:01;3817;73;30.6;22.0;2.641;1.380;0.864;1.687;0.000;1.364;3818
B31558;2015/03/07 01:46:11;3818;84;26.1;21.7;2.470;1.393;0.864;1.703;0.000;1.358;3819
B31558;2015/03/07 01:46:21;3819;77;32.2;22.0;2.735;1.393;0.935;1.703;0.000;1.338;3820
B31558;2015/03/07 01:46:31;3820;79;25.1;22.2;2.464;1.406;0.935;1.703;0.000;1.319;3821
B31558;2015/03/07 01:46:41;3821;74;23.2;22.0;2.496;1.406;0.932;1.703;0.000;1.329;3822
B31558;2015/03/07 01:46:51;3822;81;27.0;22.0;2.554;1.416;0.932;1.683;0.000;1.332;3823
B31558;2015/03/07 01:47:01;3823;78;29.3;22.0;2.690;1.416;0.887;1.683;0.000;1.329;3824
B31558;2015/03/07 01:47:11;3824;75;24.1;21.7;2.670;1.383;0.887;1.683;0.000;1.325;3825
B31558;2015/03/07 01:47:21;3825;88;23.2;21.7;2.699;1.383;0.925;1.683;0.000;1.367;3826
B31558;2015/03/07 01:47:31;3826;75;24.8;21.8;2.641;1.387;0.925;1.716;0.000;1.325;3827
B31558;2015/03/07 01:47:41;3827;79;21.6;22.4;2.464;1.387;0.883;1.716;0.000;1.348;3828
B31558;2015/03/07 01:47:51;3828;89;21.9;21.5;2.732;1.380;0.883;1.716;0.006;1.341;3829
B31558;2015/03/07 01:48:01;3829;80;32.5;21.5;2.670;1.380;0.880;1.716;0.006;1.319;3830
B31558;2015/03/07 01:48:11;3830;76;21.9;22.0;2.709;1.406;0.880;1.687;0.006;1.348;3831
B31558;2015/03/07 01:48:21;3831;83;20.6;22.2;2.470;1.406;0.896;1.687;0.006;1.348;3832
B31558;2015/03/07 01:48:31;3832;84;30.3;21.7;2.722;1.387;0.896;1.687;0.119;1.319;3833
B31558;2015/03/07 01:48:41;3833;81;21.9;21.8;2.458;1.387;0.890;1.687;0.119;1.338;3834
B31558;2015/03/07 01:48:51;3834;82;23.2;22.0;2.500;1.412;0.890;1.703;0.119;1.329;3835
B31558;2015/03/07 01:49:01;3835;78;23.8;22.0;2.470;1.412;0.874;1.703;0.119;1.316;3836
B31558;2015/03/07 01:49:11;3836;86;32.2;22.0;2.641;1.396;0.874;1.703;0.151;1.316;3837
B31558;2015/03/07 01:49:21;3837;78;21.9;22.2;2.487;1.396;0.864;1.703;0.151;1.287;3838
B31558;2015/03/07 01:49:31;3838;75;23.2;21.7;2.632;1.422;0.864;1.683;0.151;1.300;3839
B31558;2015/03/07 01:49:41;3839;86;24.5;22.0;2.480;1.422;0.919;1.683;0.151;1.316;3840
B31558;2015/03/07 01:49:51;3840;83;24.5;21.5;2.732;1.396;0.919;1.683;0.009;1.303;3841
B31558;2015/03/07 01:50:01;3841;73;25.8;22.4;2.735;1.396;0.929;1.683;0.009;1.316;3842
B31558;2015/03/07 01:50:11;3842;78;30.6;22.4;2.603;1.387;0.929;1.699;0.009;1.306;3843
B31558;2015/03/07 01:50:21;3843;85;29.3;22.2;2.538;1.387;0.874;1.699;0.009;1.338;3844
B31558;2015/03/07 01:50:31;3844;91;21.2;21.5;2.451;1.403;0.874;1.699;0.000;1.300;3845
B31558;2015/03/07 01:50:41;3845;80;22.5;22.4;2.464;1.403;0.935;1.699;0.000;1.325;3846
B31558;2015/03/07 01:50:51;3846;86;23.8;21.5;2.667;1.412;0.935;1.703;0.000;1.296;3847
B31558;2015/03/07 01:51:01;3847;76;29.6;21.5;2.574;1.412;0.938;1.703;0.000;1.345;3848
B31558;2015/03/07 01:51:11;3848;88;26.4;22.0;2.564;1.412;0.938;1.703;0.000;1.325;3849
B31558;2015/03/07 01:51:21;3849;80;31.9;21.7;2.609;1.412;0.938;1.703;0.000;1.322;3850
B31558;2015/03/07 01:51:31;3850;80;32.5;22.2;2.712;1.387;0.938;1.693;0.000;1.354;3851
B31558;2015/03/07 01:51:41;3851;83;28.7;21.8;2.674;1.387;0.883;1.693;0.000;1.345;3852
B31558;2015/03/07 01:51:51;3852;77;23.8;21.5;2.451;1.393;0.883;1.693;0.016;1.351;3853
B31558;2015/03/07 01:52:01;3853;87;23.8;22.4;2.703;1.393;0.883;1.693;0.016;1.319;3854
B31558;2015/03/07 01:52:11;3854;81;25.8;21.5;2.658;1.425;0.883;1.687;0.016;1.316;3855
B31558;2015/03/07 01:52:21;3855;78;26.1;21.5;2.670;1.425;0.922;1.687;0.016;1.329;3856
B31558;2015/03/07 01:52:31;3856;80;24.8;22.2;2.693;1.438;0.922;1.687;0.000;1.351;3857
B31558;2015/03/07 01:52:41;3857;73;28.3;21.7;2.729;1.438;0.945;1.687;0.000;1.287;3858
B31558;2015/03/07 01:52:51;3858;83;23.8;22.0;2.522;1.390;0.945;1.693;0.000;1.329;3859
B31558;2015/03/07 01:53:01;3859;89;31.9;22.0;2.690;1.390;0.896;1.693;0.000;1.309;3860
B31558;2015/03/07 01:53:11;3860;87;24.1;21.7;2.699;1.390;0.896;1.693;0.000;1.316;3861
B31558;2015/03/07 01:53:21;3861;88;23.5;22.2;2.461;1.390;0.896;1.693;0.000;1.287;3862
B31558;2015/03/07 01:53:31;3862;83;23.2;21.5;2.458;1.416;0.896;1.703;0.000;1.283;3863
B31558;2015/03/07 01:53:41;3863;80;32.5;21.3;2.470;1.416;0.945;1.703;0.000;1.300;3864
B31558;2015/03/07 01:53:51;3864;78;28.3;22.4;2.538;1.425;0.945;1.703;0.106;1.293;3865
B31558;2015/03/07 01:54:01;3865;83;20.9;21.8;2.470;1.425;0.887;1.703;0.106;1.319;3866
B31558;2015/03/07 01:54:11;3866;81;25.4;21.8;2.680;1.396;0.887;1.699;0.106;1.303;3867
B31558;2015/03/07 01:54:21;3867;75;22.2;22.2;2.458;1.396;0.906;1.699;0.106;1.351;3868
B31558;2015/03/07 01:54:31;3868;77;30.6;22.0;2.451;1.409;0.906;1.699;0.061;1.319;3869
B31558;2015/03/07 01:54:41;3869;83;24.8;21.1;2.674;1.409;0.938;1.699;0.061;1.309;3870
B31558;2015/03/07 01:54:51;3870;81;22.2;21.7;2.735;1.438;0.938;1.709;0.061;1.341;3871
B31558;2015/03/07 01:55:01;3871;73;26.4;22.0;2.732;1.438;0.890;1.709;0.061;1.300;3872
B31558;2015/03/07 01:55:11;3872;78;26.7;22.0;2.458;1.419;0.890;1.709;0.000;1.293;3873
B31558;2015/03/07 01:55:21;3873;80;23.2;22.2;2.487;1.419;0.919;1.709;0.000;1.283;3874
B31558;2015/03/07 01:55:31;3874;82;24.5;22.0;2.458;1.393;0.919;1.709;0.000;1.335;3875
B31558;2015/03/07 01:55:41;3875;78;28.0;21.7;2.693;1.393;0.909;1.709;0.000;1.303;3876
B31558;2015/03/07 01:55:51;3876;80;26.1;21.7;2.464;1.393;0.909;1.709;0.000;1.322;3877
B31558;2015/03/07 01:56:01;3877;83;24.1;21.3;2.470;1.393;0.951;1.709;0.000;1.312;3878
B31558;2015/03/07 01:56:11;3878;86;23.8;22.0;2.493;1.425;0.951;1.732;0.000;1.341;3879
B31558;2015/03/07 01:56:21;3879;89;21.2;21.7;2.735;1.425;0.890;1.732;0.000;1.296;3880
B31558;2015/03/07 01:56:31;3880;78;28.7;22.0;2.629;1.406;0.890;1.732;0.000;1.303;3881
B31558;2015/03/07 01:56:41;3881;70;26.1;21.3;2.558;1.406;0.945;1.732;0.000;1.277;3882
B31558;2015/03/07 01:56:51;3882;85;30.0;21.8;2.603;1.403;0.945;1.703;0.000;1.293;3883
B31558;2015/03/07 01:57:01;3883;83;31.9;21.5;2.735;1.403;0.945;1.703;0.000;1.290;3884
B31558;2015/03/07 01:57:11;3884;80;28.0;21.1;2.674;1.425;0.945;1.703;0.006;1.309;3885
B31558;2015/03/07 01:57:21;3885;84;28.7;21.5;2.609;1.425;0.880;1.703;0.006;1.287;3886
B31558;2015/03/07 01:57:31;3886;82;21.2;21.5;2.709;1.435;0.880;1.745;0.006;1.335;3887
B31558;2015/03/07 01:57:41;3887;82;27.7;21.0;2.603;1.435;0.909;1.745;0.006;1.319;3888
B31558;2015/03/07 01:57:51;3888;86;27.0;22.0;2.454;1.419;0.909;1.745;0.022;1.303;3889
B31558;2015/03/07 01:58:01;3889;73;24.8;22.2;2.506;1.419;0.877;1.745;0.022;1.300;3890
B31558;2015/03/07 01:58:11;3890;84;31.2;21.7;2.622;1.435;0.877;1.699;0.022;1.332;3891
B31558;2015/03/07 01:58:21;3891;75;28.0;22.0;2.732;1.435;0.945;1.699;0.022;1.290;3892
B31558;2015/03/07 01:58:31;3892;73;25.1;22.0;2.451;1.409;0.945;1.699;0.035;1.300;3893
B31558;2015/03/07 01:58:41;3893;79;29.6;21.7;2.538;1.409;0.945;1.699;0.035;1.335;3894
B31558;2015/03/07 01:58:51;3894;81;23.5;21.5;2.709;1.390;0.945;1.699;0.035;1.348;3895
B31558;2015/03/07 01:59:01;3895;91;26.4;21.1;2.574;1.390;0.906;1.699;0.035;1.296;3896
B31558;2015/03/07 01:59:11;3896;79;21.2;21.8;2.732;1.429;0.906;1.699;0.074;1.332;3897
B31558;2015/03/07 01:59:21;3897;78;21.2;21.8;2.467;1.429;0.883;1.699;0.074;1.287;3898
B31558;2015/03/07 01:59:31;3898;86;25.1;21.8;2.674;1.393;0.883;1.735;0.074;1.312;3899
B31558;2015/03/07 01:59:41;3899;75;28.0;22.0;2.474;1.393;0.883;1.735;0.074;1.316;3900
B31558;2015/03/07 01:59:51;3900;73;22.5;21.3;2.558;1.409;0.883;1.735;0.009;1.332;3901
B31558;2015/03/07 02:00:01;3901;89;26.4;21.7;2.670;1.409;0.887;1.735;0.009;1.335;3902
