B31552;2015/03/02 00:00:02;54093;84;33.8;27.6;2.567;1.912;1.212;2.638;0.080;0.812;54094
B31552;2015/03/02 00:00:12;54094;81;30.6;27.6;2.774;1.948;1.212;2.612;0.080;0.806;54095
B31552;2015/03/02 00:00:22;54095;81;31.2;27.7;2.677;1.948;1.238;2.612;0.080;0.829;54096
B31552;2015/03/02 00:00:32;54096;93;27.7;27.6;2.787;1.935;1.238;2.612;0.077;0.793;54097
B31552;2015/03/02 00:00:42;54097;92;30.9;27.6;2.706;1.935;1.270;2.612;0.077;0.819;54098
B31552;2015/03/02 00:00:52;54098;79;30.3;28.1;2.758;1.919;1.270;2.632;0.077;0.825;54099
B31552;2015/03/02 00:01:02;54099;87;32.5;27.4;2.796;1.919;1.203;2.632;0.077;0.806;54100
B31552;2015/03/02 00:01:12;54100;85;27.7;27.2;2.790;1.929;1.203;2.632;0.099;0.783;54101
B31552;2015/03/02 00:01:22;54101;89;30.6;27.0;2.606;1.929;1.225;2.632;0.099;0.787;54102
B31552;2015/03/02 00:01:32;54102;91;32.2;26.5;2.554;1.935;1.225;2.590;0.099;0.790;54103
