B31558;2015/03/06 00:00:23;0;1;25.8;22.5;2.154;-1.000;-1.000;-1.000;-1.000;1.829;1
B31558;2015/03/06 00:00:42;1;99;25.4;23.1;2.409;-1.000;-1.000;-1.000;-1.000;1.699;2
B31558;2015/03/06 00:00:52;2;74;27.4;22.0;2.606;1.487;-1.000;3.112;-1.000;1.680;3
B31558;2015/03/06 00:01:02;3;82;24.1;23.2;2.551;1.487;1.206;3.112;-1.000;1.667;4
B31558;2015/03/06 00:01:12;4;90;34.5;22.9;2.461;1.561;1.206;3.112;0.151;1.699;5
B31558;2015/03/06 00:01:22;5;75;23.8;23.1;2.554;1.561;1.245;3.112;0.151;1.719;6
B31558;2015/03/06 00:01:32;6;83;24.5;22.9;2.470;1.651;1.245;2.961;0.151;1.699;7
B31558;2015/03/06 00:01:42;7;87;22.5;23.2;2.577;1.651;1.203;2.961;0.151;1.696;8
B31558;2015/03/06 00:01:52;8;91;24.5;22.7;2.467;1.699;1.203;2.961;0.148;1.699;9
B31558;2015/03/06 00:02:02;9;83;32.2;22.4;2.716;1.699;1.190;2.961;0.148;1.683;10
B31558;2015/03/06 00:02:12;10;79;25.8;22.9;2.448;1.699;1.190;3.025;0.148;1.670;11
B31558;2015/03/06 00:02:22;11;83;25.8;23.1;2.503;1.699;1.190;3.025;0.148;1.661;12
B31558;2015/03/06 00:02:32;12;82;24.5;22.9;2.445;1.751;1.190;3.025;0.196;1.693;13
B31558;2015/03/06 00:02:42;13;79;26.4;22.7;2.606;1.751;1.212;3.025;0.196;1.667;14
B31558;2015/03/06 00:02:52;14;81;30.6;23.1;2.654;1.758;1.212;3.019;0.196;1.683;15
B31558;2015/03/06 00:03:02;15;73;27.7;22.9;2.474;1.758;1.241;3.019;0.196;1.645;16
B31558;2015/03/06 00:03:12;16;83;27.7;22.9;2.564;1.751;1.241;3.019;0.135;1.670;17
B31558;2015/03/06 00:03:22;17;87;25.8;22.9;2.503;1.751;1.209;3.019;0.135;1.654;18
B31558;2015/03/06 00:03:32;18;90;26.7;22.5;2.712;1.722;1.209;3.045;0.135;1.654;19
B31558;2015/03/06 00:03:42;19;78;32.9;23.2;2.500;1.722;1.209;3.045;0.135;1.641;20
B31558;2015/03/06 00:03:52;20;83;27.4;23.4;2.458;1.738;1.209;3.045;0.129;1.661;21
B31558;2015/03/06 00:04:02;21;82;24.8;23.4;2.474;1.738;1.196;3.045;0.129;1.667;22
B31558;2015/03/06 00:04:12;22;92;28.0;23.4;2.590;1.745;1.196;3.051;0.129;1.674;23
B31558;2015/03/06 00:04:22;23;87;33.2;23.1;2.722;1.745;1.225;3.051;0.129;1.670;24
B31558;2015/03/06 00:04:32;24;90;31.2;23.6;2.641;1.758;1.225;3.051;0.138;1.719;25
B31558;2015/03/06 00:04:42;25;78;30.0;22.9;2.729;1.758;1.238;3.051;0.138;1.699;26
B31558;2015/03/06 00:04:52;26;83;29.6;22.7;2.683;1.764;1.238;3.064;0.138;1.738;27
B31558;2015/03/06 00:05:02;27;77;27.7;22.7;2.603;1.764;1.187;3.064;0.138;1.693;28
B31558;2015/03/06 00:05:12;28;86;31.9;23.4;2.606;1.777;1.187;3.064;0.196;1.722;29
B31558;2015/03/06 00:05:22;29;88;23.8;23.2;2.474;1.777;1.187;3.064;0.196;1.674;30
B31558;2015/03/06 00:05:32;30;82;33.8;22.9;2.480;1.777;1.187;3.032;0.196;1.703;31
B31558;2015/03/06 00:05:42;31;83;30.6;22.7;2.696;1.777;1.248;3.032;0.196;1.674;32
B31558;2015/03/06 00:05:52;32;82;34.5;22.7;2.548;1.761;1.248;3.032;0.154;1.680;33
B31558;2015/03/06 00:06:02;33;88;29.3;22.2;2.635;1.761;1.199;3.032;0.154;1.661;34
B31558;2015/03/06 00:06:12;34;78;25.1;22.9;2.445;1.767;1.199;3.067;0.154;1.716;35
B31558;2015/03/06 00:06:22;35;74;33.5;22.5;2.703;1.767;1.190;3.067;0.154;1.690;36
B31558;2015/03/06 00:06:32;36;76;28.3;22.7;2.703;1.748;1.190;3.067;0.125;1.683;37
B31558;2015/03/06 00:06:42;37;71;26.1;23.4;2.464;1.748;1.193;3.067;0.125;1.729;38
B31558;2015/03/06 00:06:52;38;85;24.8;22.9;2.474;1.741;1.193;3.074;0.125;1.699;39
B31558;2015/03/06 00:07:02;39;80;24.5;23.1;2.483;1.741;1.206;3.074;0.125;1.677;40
B31558;2015/03/06 00:07:12;40;85;25.8;22.9;2.512;1.764;1.206;3.074;0.138;1.699;41
B31558;2015/03/06 00:07:22;41;85;26.7;22.9;2.554;1.764;1.199;3.074;0.138;1.680;42
B31558;2015/03/06 00:07:32;42;85;28.0;22.9;2.522;1.770;1.199;3.061;0.138;1.725;43
B31558;2015/03/06 00:07:42;43;93;24.8;22.9;2.648;1.770;1.225;3.061;0.138;1.696;44
B31558;2015/03/06 00:07:52;44;94;29.6;23.2;2.648;1.748;1.225;3.061;0.135;1.690;45
B31558;2015/03/06 00:08:02;45;78;33.8;22.9;2.667;1.748;1.254;3.061;0.135;1.690;46
B31558;2015/03/06 00:08:12;46;83;23.2;22.7;2.696;1.783;1.254;3.032;0.135;1.677;47
B31558;2015/03/06 00:08:22;47;80;32.5;22.7;2.558;1.783;1.193;3.032;0.135;1.716;48
B31558;2015/03/06 00:08:32;48;90;23.2;22.7;2.703;1.761;1.193;3.032;0.125;1.670;49
B31558;2015/03/06 00:08:42;49;76;23.2;23.6;2.554;1.761;1.190;3.032;0.125;1.706;50
B31558;2015/03/06 00:08:52;50;81;26.7;23.1;2.570;1.738;1.190;3.077;0.125;1.674;51
B31558;2015/03/06 00:09:02;51;89;27.7;22.7;2.696;1.738;1.254;3.077;0.125;1.651;52
B31558;2015/03/06 00:09:12;52;77;33.2;23.1;2.590;1.764;1.254;3.077;0.129;1.677;53
B31558;2015/03/06 00:09:22;53;86;26.4;22.4;2.709;1.764;1.190;3.077;0.129;1.667;54
B31558;2015/03/06 00:09:32;54;83;32.9;23.1;2.474;1.761;1.190;3.083;0.129;1.654;55
B31558;2015/03/06 00:09:42;55;79;31.6;23.4;2.683;1.761;1.232;3.083;0.129;1.651;56
B31558;2015/03/06 00:09:52;56;82;25.1;22.4;2.458;1.761;1.232;3.083;0.135;1.667;57
B31558;2015/03/06 00:10:02;57;83;33.2;22.5;2.716;1.761;1.261;3.083;0.135;1.683;58
B31558;2015/03/06 00:10:12;58;76;29.3;23.2;2.625;1.741;1.261;3.067;0.135;1.661;59
B31558;2015/03/06 00:10:22;59;84;26.4;22.5;2.619;1.741;1.190;3.067;0.135;1.712;60
B31558;2015/03/06 00:10:32;60;92;26.4;22.7;2.458;1.754;1.190;3.067;0.203;1.664;61
B31558;2015/03/06 00:10:42;61;76;23.2;23.6;2.590;1.754;1.261;3.067;0.203;1.664;62
B31558;2015/03/06 00:10:52;62;82;30.0;22.7;2.464;1.745;1.261;3.032;0.203;1.664;63
B31558;2015/03/06 00:11:02;63;79;29.6;23.4;2.474;1.745;1.187;3.032;0.203;1.699;64
B31558;2015/03/06 00:11:12;64;88;26.1;23.1;2.474;1.777;1.187;3.032;0.132;1.667;65
B31558;2015/03/06 00:11:22;65;91;32.5;23.2;2.487;1.777;1.235;3.032;0.132;1.699;66
B31558;2015/03/06 00:11:32;66;81;31.9;23.2;2.564;1.745;1.235;3.016;0.132;1.693;67
B31558;2015/03/06 00:11:42;67;81;24.8;23.4;2.503;1.745;1.190;3.016;0.132;1.687;68
B31558;2015/03/06 00:11:52;68;90;27.4;22.9;2.667;1.745;1.190;3.016;0.122;1.729;69
B31558;2015/03/06 00:12:08;0;1;29.0;23.4;2.196;-1.000;-1.000;-1.000;-1.000;1.800;1
B31558;2015/03/06 00:12:27;1;94;28.0;22.7;2.645;-1.000;-1.000;-1.000;-1.000;1.709;2
B31558;2015/03/06 00:12:37;2;87;34.8;22.9;2.632;1.529;-1.000;3.135;-1.000;1.712;3
B31558;2015/03/06 00:12:47;3;77;22.9;23.2;2.593;1.529;1.222;3.135;-1.000;1.680;4
B31558;2015/03/06 00:12:57;4;93;23.8;23.4;2.438;1.583;1.222;3.135;0.151;1.693;5
B31558;2015/03/06 00:13:07;5;90;24.5;23.4;2.512;1.583;1.203;3.135;0.151;1.683;6
B31558;2015/03/06 00:13:17;6;83;25.8;22.5;2.451;1.690;1.203;2.961;0.151;1.670;7
B31558;2015/03/06 00:13:27;7;92;27.7;22.7;2.564;1.690;1.261;2.961;0.151;1.680;8
B31558;2015/03/06 00:13:37;8;90;28.7;23.2;2.603;1.696;1.261;2.961;0.148;1.687;9
B31558;2015/03/06 00:13:47;9;91;25.1;22.7;2.506;1.696;1.199;2.961;0.148;1.654;10
B31558;2015/03/06 00:13:57;10;90;32.5;23.6;2.470;1.748;1.199;3.032;0.148;1.703;11
B31558;2015/03/06 00:14:07;11;77;32.2;22.9;2.648;1.748;1.199;3.032;0.148;1.696;12
B31558;2015/03/06 00:14:17;12;79;32.5;23.6;2.461;1.751;1.199;3.032;0.145;1.690;13
B31558;2015/03/06 00:14:27;13;76;28.7;22.9;2.609;1.751;1.199;3.032;0.145;1.667;14
B31558;2015/03/06 00:14:37;14;81;31.9;23.2;2.648;1.722;1.199;3.054;0.145;1.658;15
B31558;2015/03/06 00:14:47;15;74;26.1;23.1;2.570;1.722;1.209;3.054;0.145;1.641;16
B31558;2015/03/06 00:14:57;16;84;28.3;23.1;2.709;1.725;1.209;3.054;0.141;1.690;17
B31558;2015/03/06 00:15:07;17;79;28.7;23.1;2.722;1.725;1.254;3.054;0.141;1.641;18
B31558;2015/03/06 00:15:17;18;93;33.8;22.9;2.458;1.735;1.254;3.019;0.141;1.641;19
B31558;2015/03/06 00:15:27;19;91;30.6;22.4;2.609;1.735;1.190;3.019;0.141;1.680;20
B31558;2015/03/06 00:15:37;20;77;31.2;23.7;2.554;1.761;1.190;3.019;0.119;1.687;21
B31558;2015/03/06 00:15:47;21;82;29.3;23.4;2.690;1.761;1.238;3.019;0.119;1.693;22
B31558;2015/03/06 00:15:57;22;87;23.2;23.2;2.693;1.735;1.238;3.067;0.119;1.712;23
B31558;2015/03/06 00:16:07;23;80;25.4;23.6;2.525;1.735;1.203;3.067;0.119;1.716;24
B31558;2015/03/06 00:16:17;24;87;24.8;23.1;2.445;1.758;1.203;3.067;0.154;1.699;25
B31558;2015/03/06 00:16:27;25;80;25.8;23.6;2.454;1.758;1.190;3.067;0.154;1.712;26
B31558;2015/03/06 00:16:37;26;88;28.3;23.1;2.545;1.738;1.190;3.022;0.154;1.699;27
B31558;2015/03/06 00:16:47;27;85;24.8;22.7;2.570;1.738;1.254;3.022;0.154;1.677;28
B31558;2015/03/06 00:16:57;28;93;24.8;23.4;2.458;1.745;1.254;3.022;0.122;1.641;29
B31558;2015/03/06 00:17:07;29;88;23.2;23.6;2.487;1.745;1.261;3.022;0.122;1.670;30
B31558;2015/03/06 00:17:17;30;84;23.8;22.9;2.693;1.770;1.261;3.077;0.122;1.651;31
B31558;2015/03/06 00:17:27;31;82;28.7;22.9;2.645;1.770;1.190;3.077;0.122;1.677;32
B31558;2015/03/06 00:17:37;32;90;32.2;23.4;2.529;1.758;1.190;3.077;0.125;1.683;33
B31558;2015/03/06 00:17:47;33;81;31.9;22.7;2.606;1.758;1.258;3.077;0.125;1.699;34
B31558;2015/03/06 00:17:57;34;94;26.1;23.4;2.464;1.748;1.258;3.022;0.125;1.696;35
B31558;2015/03/06 00:18:07;35;83;26.7;22.7;2.687;1.748;1.193;3.022;0.125;1.703;36
B31558;2015/03/06 00:18:17;36;84;30.6;23.4;2.722;1.741;1.193;3.022;0.138;1.683;37
B31558;2015/03/06 00:18:27;37;88;25.1;23.6;2.619;1.741;1.241;3.022;0.138;1.693;38
B31558;2015/03/06 00:18:37;38;73;29.3;23.2;2.696;1.787;1.241;3.022;0.138;1.683;39
B31558;2015/03/06 00:18:47;39;77;33.8;22.7;2.558;1.787;1.264;3.022;0.138;1.699;40
B31558;2015/03/06 00:18:57;40;78;31.2;23.2;2.712;1.777;1.264;3.022;0.135;1.716;41
B31558;2015/03/06 00:19:07;41;75;29.0;23.1;2.551;1.777;1.261;3.022;0.135;1.706;42
B31558;2015/03/06 00:19:17;42;80;27.0;22.9;2.458;1.770;1.261;3.090;0.135;1.729;43
B31558;2015/03/06 00:19:27;43;79;32.5;22.4;2.593;1.770;1.206;3.090;0.135;1.680;44
B31558;2015/03/06 00:19:37;44;89;34.8;23.4;2.474;1.780;1.206;3.090;0.274;1.722;45
B31558;2015/03/06 00:19:47;45;82;25.8;23.4;2.448;1.780;1.193;3.090;0.274;1.690;46
B31558;2015/03/06 00:19:57;46;78;26.4;22.7;2.445;1.764;1.193;3.077;0.274;1.709;47
B31558;2015/03/06 00:20:07;47;78;24.5;22.7;2.667;1.764;1.206;3.077;0.274;1.667;48
B31558;2015/03/06 00:20:17;48;85;25.1;23.1;2.564;1.745;1.206;3.077;0.132;1.664;49
B31558;2015/03/06 00:20:27;49;82;28.7;22.4;2.593;1.745;1.264;3.077;0.132;1.719;50
B31558;2015/03/06 00:20:37;50;86;32.5;23.4;2.609;1.764;1.264;3.045;0.132;1.722;51
B31558;2015/03/06 00:20:47;51;82;30.6;23.1;2.464;1.764;1.209;3.045;0.132;1.683;52
B31558;2015/03/06 00:20:57;52;91;26.4;22.7;2.722;1.777;1.209;3.045;0.122;1.709;53
B31558;2015/03/06 00:21:07;53;81;22.9;23.6;2.593;1.777;1.193;3.045;0.122;1.677;54
B31558;2015/03/06 00:21:17;54;88;28.7;23.2;2.464;1.748;1.193;3.045;0.122;1.712;55
B31558;2015/03/06 00:21:27;55;83;27.4;22.5;2.635;1.748;1.196;3.045;0.122;1.716;56
B31558;2015/03/06 00:21:37;56;84;24.5;22.9;2.722;1.770;1.196;3.045;0.132;1.709;57
B31558;2015/03/06 00:21:47;57;72;33.5;22.9;2.532;1.770;1.190;3.045;0.132;1.674;58
B31558;2015/03/06 00:21:57;58;73;27.0;23.4;2.529;1.783;1.190;3.061;0.132;1.722;59
B31558;2015/03/06 00:22:07;59;90;28.0;23.4;2.464;1.783;1.196;3.061;0.132;1.661;60
B31558;2015/03/06 00:22:17;60;88;23.8;23.2;2.699;1.780;1.196;3.061;0.125;1.693;61
B31558;2015/03/06 00:22:27;61;81;23.8;23.1;2.690;1.780;1.203;3.061;0.125;1.667;62
B31558;2015/03/06 00:22:37;62;90;27.4;22.7;2.680;1.758;1.203;3.100;0.125;1.690;63
B31558;2015/03/06 00:22:47;63;91;27.4;22.9;2.583;1.758;1.264;3.100;0.125;1.683;64
B31558;2015/03/06 00:22:57;64;83;34.8;23.4;2.564;1.783;1.264;3.100;0.132;1.664;65
B31558;2015/03/06 00:23:07;65;81;34.5;22.9;2.716;1.783;1.196;3.100;0.132;1.699;66
B31558;2015/03/06 00:23:17;66;84;29.6;23.2;2.722;1.751;1.196;3.103;0.132;1.667;67
B31558;2015/03/06 00:23:27;67;84;31.9;22.5;2.725;1.751;1.196;3.103;0.132;1.696;68
B31558;2015/03/06 00:23:37;68;85;32.5;23.4;2.477;1.777;1.196;3.103;0.119;1.687;69
B31558;2015/03/06 00:23:47;69;73;24.5;22.9;2.522;1.777;1.251;3.103;0.119;1.696;70
B31558;2015/03/06 00:23:57;70;89;33.8;22.9;2.474;1.758;1.251;3.048;0.119;1.699;71
B31558;2015/03/06 00:24:08;0;1;31.6;23.1;2.158;-1.000;-1.000;-1.000;-1.000;1.800;1
B31558;2015/03/06 00:24:27;1;100;23.5;22.7;2.600;-1.000;-1.000;-1.000;-1.000;1.709;2
B31558;2015/03/06 00:24:37;2;73;32.2;23.1;2.619;1.541;-1.000;3.161;-1.000;1.690;3
B31558;2015/03/06 00:24:47;3;85;27.4;23.2;2.506;1.541;1.274;3.161;-1.000;1.716;4
B31558;2015/03/06 00:24:57;4;86;31.2;23.6;2.632;1.619;1.274;3.161;0.235;1.696;5
B31558;2015/03/06 00:25:07;5;78;33.2;22.7;2.661;1.619;1.203;3.161;0.235;1.661;6
B31558;2015/03/06 00:25:17;6;74;25.8;23.4;2.493;1.648;1.203;3.016;0.235;1.664;7
B31558;2015/03/06 00:25:27;7;79;32.9;22.9;2.722;1.648;1.261;3.016;0.235;1.680;8
B31558;2015/03/06 00:25:37;8;87;25.1;22.7;2.458;1.693;1.261;3.016;0.154;1.693;9
B31558;2015/03/06 00:25:47;9;76;32.5;23.2;2.635;1.693;1.254;3.016;0.154;1.683;10
B31558;2015/03/06 00:25:57;10;93;31.9;23.2;2.709;1.748;1.254;3.035;0.154;1.729;11
B31558;2015/03/06 00:26:07;11;84;33.2;23.1;2.722;1.748;1.248;3.035;0.154;1.696;12
B31558;2015/03/06 00:26:17;12;78;29.6;23.4;2.670;1.741;1.248;3.035;0.170;1.699;13
B31558;2015/03/06 00:26:27;13;89;27.0;23.1;2.509;1.741;1.206;3.035;0.170;1.677;14
B31558;2015/03/06 00:26:37;14;89;33.8;23.4;2.464;1.735;1.206;3.019;0.170;1.680;15
B31558;2015/03/06 00:26:47;15;82;30.0;23.4;2.474;1.735;1.203;3.019;0.170;1.690;16
B31558;2015/03/06 00:26:57;16;91;27.4;22.7;2.706;1.774;1.203;3.019;0.129;1.693;17
B31558;2015/03/06 00:27:07;17;79;29.6;23.2;2.487;1.774;1.216;3.019;0.129;1.629;18
B31558;2015/03/06 00:27:17;18;85;32.9;23.6;2.438;1.770;1.216;3.041;0.129;1.664;19
B31558;2015/03/06 00:27:27;19;87;25.4;23.4;2.464;1.770;1.212;3.041;0.129;1.622;20
B31558;2015/03/06 00:27:37;20;93;32.5;23.7;2.538;1.783;1.212;3.041;0.129;1.638;21
B31558;2015/03/06 00:27:47;21;87;26.7;22.9;2.722;1.783;1.212;3.041;0.129;1.599;22
B31558;2015/03/06 00:27:57;22;87;23.8;23.2;2.687;1.764;1.212;3.090;0.129;1.645;23
B31558;2015/03/06 00:28:07;23;83;25.8;23.6;2.461;1.764;1.196;3.090;0.129;1.641;24
B31558;2015/03/06 00:28:17;24;92;31.9;23.1;2.496;1.751;1.196;3.090;0.125;1.635;25
B31558;2015/03/06 00:28:27;25;87;33.5;22.7;2.512;1.751;1.225;3.090;0.125;1.641;26
B31558;2015/03/06 00:28:37;26;78;25.8;22.9;2.722;1.774;1.225;3.041;0.125;1.664;27
B31558;2015/03/06 00:28:47;27;85;33.8;23.2;2.570;1.774;1.199;3.041;0.125;1.687;28
B31558;2015/03/06 00:28:57;28;84;25.8;23.4;2.522;1.770;1.199;3.041;0.183;1.661;29
B31558;2015/03/06 00:29:07;29;83;29.6;23.2;2.474;1.770;1.235;3.041;0.183;1.622;30
B31558;2015/03/06 00:29:17;30;88;24.5;22.7;2.464;1.767;1.235;3.051;0.183;1.658;31
B31558;2015/03/06 00:29:27;31;83;27.7;23.2;2.477;1.767;1.196;3.051;0.183;1.661;32
B31558;2015/03/06 00:29:37;32;93;26.1;23.2;2.577;1.748;1.196;3.051;0.125;1.622;33
B31558;2015/03/06 00:29:47;33;80;30.9;23.4;2.719;1.748;1.209;3.051;0.125;1.638;34
B31558;2015/03/06 00:29:57;34;83;29.3;22.9;2.683;1.780;1.209;3.051;0.125;1.648;35
B31558;2015/03/06 00:30:07;35;88;28.3;23.4;2.503;1.780;1.206;3.051;0.125;1.638;36
B31558;2015/03/06 00:30:17;36;88;24.5;23.2;2.525;1.764;1.206;3.051;0.132;1.674;37
B31558;2015/03/06 00:30:27;37;88;32.5;22.7;2.716;1.764;1.206;3.051;0.132;1.664;38
B31558;2015/03/06 00:30:37;38;91;27.7;23.2;2.696;1.787;1.206;3.096;0.132;1.674;39
B31558;2015/03/06 00:30:47;39;89;23.5;23.1;2.677;1.787;1.190;3.096;0.132;1.722;40
B31558;2015/03/06 00:30:57;40;78;31.9;23.2;2.570;1.748;1.190;3.096;0.135;1.725;41
B31558;2015/03/06 00:31:07;41;80;23.5;23.1;2.464;1.748;1.196;3.096;0.135;1.677;42
B31558;2015/03/06 00:31:17;42;83;31.6;23.1;2.496;1.770;1.196;3.106;0.135;1.696;43
B31558;2015/03/06 00:31:27;43;92;26.4;23.1;2.467;1.770;1.206;3.106;0.135;1.664;44
B31558;2015/03/06 00:31:37;44;86;27.7;22.5;2.709;1.748;1.206;3.106;0.238;1.674;45
B31558;2015/03/06 00:31:47;45;86;24.8;23.1;2.464;1.748;1.264;3.106;0.238;1.703;46
B31558;2015/03/06 00:31:57;46;74;24.8;22.7;2.470;1.783;1.264;3.090;0.238;1.699;47
B31558;2015/03/06 00:32:07;47;71;25.1;23.4;2.641;1.783;1.254;3.090;0.238;1.645;48
B31558;2015/03/06 00:32:17;48;86;30.0;22.7;2.487;1.761;1.254;3.090;0.125;1.625;49
B31558;2015/03/06 00:32:27;49;71;25.1;22.9;2.635;1.761;1.264;3.090;0.125;1.645;50
B31558;2015/03/06 00:32:37;50;88;29.3;22.9;2.722;1.748;1.264;3.096;0.125;1.616;51
B31558;2015/03/06 00:32:47;51;91;26.4;23.2;2.516;1.748;1.235;3.096;0.125;1.603;52
B31558;2015/03/06 00:32:57;52;78;30.6;22.7;2.561;1.793;1.235;3.096;0.125;1.658;53
B31558;2015/03/06 00:33:07;53;78;24.8;22.9;2.551;1.793;1.267;3.096;0.125;1.641;54
B31558;2015/03/06 00:33:17;54;93;27.0;22.7;2.683;1.748;1.267;3.041;0.125;1.667;55
B31558;2015/03/06 00:33:27;55;88;26.4;22.5;2.690;1.748;1.199;3.041;0.125;1.658;56
B31558;2015/03/06 00:33:37;56;88;25.1;22.9;2.445;1.751;1.199;3.041;0.196;1.667;57
B31558;2015/03/06 00:33:47;57;78;30.3;23.1;2.467;1.751;1.199;3.041;0.196;1.670;58
B31558;2015/03/06 00:33:57;58;93;24.8;23.2;2.451;1.751;1.199;3.100;0.196;1.629;59
B31558;2015/03/06 00:34:07;59;82;22.9;23.6;2.487;1.751;1.196;3.100;0.196;1.674;60
B31558;2015/03/06 00:34:17;60;81;24.8;23.2;2.500;1.751;1.196;3.100;0.116;1.619;61
B31558;2015/03/06 00:34:27;61;77;28.3;23.2;2.496;1.751;1.196;3.100;0.116;1.664;62
B31558;2015/03/06 00:34:37;62;90;26.7;23.4;2.561;1.793;1.196;3.070;0.116;1.645;63
B31558;2015/03/06 00:34:47;63;87;27.0;22.5;2.722;1.793;1.193;3.070;0.116;1.619;64
B31558;2015/03/06 00:34:57;64;93;24.5;22.9;2.480;1.783;1.193;3.070;0.148;1.674;65
B31558;2015/03/06 00:35:07;65;81;29.6;22.9;2.654;1.783;1.193;3.070;0.148;1.667;66
B31558;2015/03/06 00:35:17;66;87;23.2;22.7;2.487;1.774;1.193;3.054;0.148;1.664;67
B31558;2015/03/06 00:35:27;67;82;32.5;24.3;2.522;1.774;1.196;3.054;0.148;1.648;68
B31558;2015/03/06 00:35:37;68;91;30.6;23.4;2.616;1.787;1.196;3.054;0.203;1.670;69
B31558;2015/03/06 00:35:47;69;75;33.2;22.5;2.583;1.787;1.264;3.054;0.203;1.683;70
B31558;2015/03/06 00:35:57;70;78;29.6;22.7;2.683;1.783;1.264;3.054;0.203;1.677;71
B31558;2015/03/06 00:36:08;0;1;27.0;23.1;2.112;-1.000;-1.000;-1.000;-1.000;1.825;1
B31558;2015/03/06 00:36:27;1;91;28.0;22.5;2.577;-1.000;-1.000;-1.000;-1.000;1.719;2
B31558;2015/03/06 00:36:37;2;83;34.1;22.7;2.625;1.509;-1.000;3.125;-1.000;1.696;3
B31558;2015/03/06 00:36:47;3;72;29.3;22.7;2.712;1.509;1.212;3.125;-1.000;1.670;4
B31558;2015/03/06 00:36:57;4;93;24.5;22.9;2.467;1.599;1.212;3.125;0.161;1.703;5
B31558;2015/03/06 00:37:07;5;90;24.5;23.2;2.506;1.599;1.225;3.125;0.161;1.687;6
B31558;2015/03/06 00:37:17;6;85;32.5;22.9;2.535;1.658;1.225;2.983;0.161;1.670;7
B31558;2015/03/06 00:37:27;7;86;24.5;23.2;2.551;1.658;1.206;2.983;0.161;1.703;8
B31558;2015/03/06 00:37:37;8;81;33.8;23.1;2.577;1.732;1.206;2.983;0.177;1.674;9
B31558;2015/03/06 00:37:47;9;80;23.5;23.2;2.483;1.732;1.199;2.983;0.177;1.629;10
B31558;2015/03/06 00:37:57;10;92;31.6;23.2;2.616;1.738;1.199;3.009;0.177;1.664;11
B31558;2015/03/06 00:38:07;11;78;24.8;23.6;2.554;1.738;1.258;3.009;0.177;1.667;12
B31558;2015/03/06 00:38:17;12;81;26.7;23.6;2.458;1.761;1.258;3.009;0.170;1.687;13
B31558;2015/03/06 00:38:27;13;82;28.3;23.4;2.464;1.761;1.203;3.009;0.170;1.641;14
B31558;2015/03/06 00:38:37;14;83;23.8;22.9;2.722;1.729;1.203;3.038;0.170;1.680;15
B31558;2015/03/06 00:38:47;15;91;26.4;22.7;2.522;1.729;1.206;3.038;0.170;1.680;16
B31558;2015/03/06 00:38:57;16;85;34.8;23.1;2.470;1.780;1.206;3.038;0.138;1.674;17
B31558;2015/03/06 00:39:07;17;78;30.9;23.1;2.709;1.780;1.245;3.038;0.138;1.690;18
B31558;2015/03/06 00:39:17;18;83;25.8;22.7;2.454;1.783;1.245;3.077;0.138;1.638;19
B31558;2015/03/06 00:39:27;19;82;30.9;23.4;2.722;1.783;1.261;3.077;0.138;1.674;20
B31558;2015/03/06 00:39:37;20;81;24.8;23.6;2.448;1.741;1.261;3.077;0.190;1.674;21
B31558;2015/03/06 00:39:47;21;76;31.9;22.9;2.709;1.741;1.199;3.077;0.190;1.683;22
B31558;2015/03/06 00:39:57;22;93;29.6;23.7;2.703;1.774;1.199;3.070;0.190;1.674;23
B31558;2015/03/06 00:40:07;23;86;27.0;23.6;2.500;1.774;1.219;3.070;0.190;1.629;24
B31558;2015/03/06 00:40:17;24;90;33.8;23.1;2.464;1.745;1.219;3.070;0.190;1.635;25
B31558;2015/03/06 00:40:27;25;79;27.7;23.7;2.458;1.745;1.238;3.070;0.190;1.670;26
B31558;2015/03/06 00:40:37;26;88;28.3;22.7;2.683;1.745;1.238;3.058;0.190;1.651;27
B31558;2015/03/06 00:40:47;27;82;27.4;22.7;2.603;1.745;1.270;3.058;0.190;1.661;28
B31558;2015/03/06 00:40:57;28;86;25.1;23.6;2.445;1.777;1.270;3.058;0.129;1.667;29
B31558;2015/03/06 00:41:07;29;78;26.4;23.6;2.448;1.777;1.251;3.058;0.129;1.683;30
B31558;2015/03/06 00:41:17;30;73;33.8;23.4;2.467;1.787;1.251;3.032;0.129;1.690;31
B31558;2015/03/06 00:41:27;31;84;32.5;23.1;2.645;1.787;1.203;3.032;0.129;1.690;32
B31558;2015/03/06 00:41:37;32;91;24.1;23.4;2.516;1.748;1.203;3.032;0.125;1.658;33
B31558;2015/03/06 00:41:47;33;75;24.1;23.2;2.464;1.748;1.206;3.032;0.125;1.716;34
B31558;2015/03/06 00:41:57;34;87;34.5;23.4;2.464;1.777;1.206;3.035;0.125;1.716;35
B31558;2015/03/06 00:42:07;35;92;27.7;22.9;2.567;1.777;1.199;3.035;0.125;1.664;36
B31558;2015/03/06 00:42:17;36;83;33.8;23.4;2.464;1.751;1.199;3.035;0.183;1.706;37
B31558;2015/03/06 00:42:27;37;83;22.9;23.4;2.487;1.751;1.232;3.035;0.183;1.664;38
B31558;2015/03/06 00:42:37;38;86;23.2;23.1;2.722;1.754;1.232;3.058;0.183;1.690;39
B31558;2015/03/06 00:42:47;39;78;24.1;22.9;2.670;1.754;1.203;3.058;0.183;1.677;40
B31558;2015/03/06 00:42:57;40;88;28.0;23.6;2.722;1.800;1.203;3.058;0.125;1.677;41
B31558;2015/03/06 00:43:07;41;81;30.9;23.1;2.729;1.800;1.245;3.058;0.125;1.658;42
B31558;2015/03/06 00:43:17;42;83;25.1;23.2;2.464;1.800;1.245;3.045;0.125;1.690;43
B31558;2015/03/06 00:43:27;43;87;28.7;22.5;2.609;1.800;1.199;3.045;0.125;1.680;44
B31558;2015/03/06 00:43:37;44;83;24.1;22.9;2.554;1.777;1.199;3.045;0.122;1.680;45
B31558;2015/03/06 00:43:47;45;82;26.1;22.7;2.699;1.777;1.196;3.045;0.122;1.670;46
B31558;2015/03/06 00:43:57;46;83;25.8;22.9;2.467;1.793;1.196;3.077;0.122;1.677;47
B31558;2015/03/06 00:44:07;47;78;33.8;22.7;2.538;1.793;1.199;3.077;0.122;1.674;48
B31558;2015/03/06 00:44:17;48;82;27.4;22.9;2.683;1.754;1.199;3.077;0.135;1.719;49
B31558;2015/03/06 00:44:27;49;81;30.0;23.4;2.722;1.754;1.196;3.077;0.135;1.690;50
B31558;2015/03/06 00:44:37;50;92;28.3;24.3;2.658;1.754;1.196;3.096;0.135;1.703;51
B31558;2015/03/06 00:44:47;51;82;27.0;22.7;2.583;1.754;1.212;3.096;0.135;1.709;52
B31558;2015/03/06 00:44:57;52;88;24.5;23.1;2.677;1.754;1.212;3.096;0.138;1.699;53
B31558;2015/03/06 00:45:07;53;84;27.0;22.5;2.725;1.754;1.264;3.096;0.138;1.725;54
B31558;2015/03/06 00:45:17;54;93;33.8;23.4;2.606;1.783;1.264;3.100;0.138;1.693;55
B31558;2015/03/06 00:45:27;55;88;30.6;23.4;2.722;1.783;1.203;3.100;0.138;1.699;56
B31558;2015/03/06 00:45:37;56;92;34.5;23.1;2.474;1.767;1.203;3.100;0.135;1.674;57
B31558;2015/03/06 00:45:47;57;80;23.2;23.6;2.477;1.767;1.199;3.100;0.135;1.690;58
B31558;2015/03/06 00:45:57;58;77;29.0;23.2;2.580;1.790;1.199;3.090;0.135;1.712;59
B31558;2015/03/06 00:46:07;59;75;29.6;23.1;2.661;1.790;1.267;3.090;0.135;1.680;60
B31558;2015/03/06 00:46:17;60;82;28.0;23.6;2.612;1.764;1.267;3.090;0.145;1.664;61
B31558;2015/03/06 00:46:27;61;82;24.8;23.2;2.487;1.764;1.199;3.090;0.145;1.706;62
B31558;2015/03/06 00:46:37;62;75;32.5;23.4;2.493;1.803;1.199;3.061;0.145;1.693;63
B31558;2015/03/06 00:46:47;63;88;33.8;22.7;2.545;1.803;1.199;3.061;0.145;1.699;64
B31558;2015/03/06 00:46:57;64;83;26.7;23.2;2.458;1.783;1.199;3.061;0.122;1.651;65
B31558;2015/03/06 00:47:07;65;81;24.1;23.6;2.525;1.783;1.270;3.061;0.122;1.677;66
B31558;2015/03/06 00:47:17;66;90;27.4;23.1;2.596;1.767;1.270;3.093;0.122;1.693;67
B31558;2015/03/06 00:47:27;67;79;29.6;23.7;2.729;1.767;1.212;3.093;0.122;1.683;68
B31558;2015/03/06 00:47:37;68;86;32.2;23.1;2.529;1.780;1.212;3.093;0.116;1.674;69
B31558;2015/03/06 00:47:47;69;88;23.8;22.7;2.648;1.780;1.199;3.093;0.116;1.683;70
B31558;2015/03/06 00:47:57;70;81;27.4;22.9;2.661;1.761;1.199;3.045;0.116;1.690;71
B31558;2015/03/06 00:48:08;0;1;25.1;22.7;2.325;-1.000;-1.000;-1.000;-1.000;1.809;1
B31558;2015/03/06 00:48:27;1;96;31.2;23.6;2.419;-1.000;-1.000;-1.000;-1.000;1.722;2
B31558;2015/03/06 00:48:38;2;89;32.9;23.4;2.541;1.529;-1.000;3.180;-1.000;1.674;3
B31558;2015/03/06 00:48:47;3;78;30.6;23.4;2.445;1.529;1.261;3.180;-1.000;1.651;4
B31558;2015/03/06 00:48:57;4;88;27.4;23.2;2.661;1.596;1.261;3.180;0.296;1.670;5
B31558;2015/03/06 00:49:07;5;83;24.1;23.7;2.596;1.596;1.251;3.180;0.296;1.648;6
B31558;2015/03/06 00:49:18;6;93;31.2;23.6;2.712;1.658;1.251;3.029;0.296;1.616;7
B31558;2015/03/06 00:49:27;7;82;28.7;23.1;2.470;1.658;1.267;3.029;0.296;1.670;8
B31558;2015/03/06 00:49:37;8;75;31.2;23.6;2.706;1.712;1.267;3.029;0.148;1.635;9
B31558;2015/03/06 00:49:47;9;86;33.2;23.2;2.454;1.712;1.203;3.029;0.148;1.667;10
B31558;2015/03/06 00:49:58;10;79;23.2;23.2;2.451;1.745;1.203;3.058;0.148;1.687;11
B31558;2015/03/06 00:50:07;11;78;30.3;23.4;2.703;1.745;1.199;3.058;0.148;1.703;12
B31558;2015/03/06 00:50:17;12;79;30.0;22.9;2.709;1.774;1.199;3.058;0.122;1.699;13
B31558;2015/03/06 00:50:27;13;82;27.7;23.7;2.451;1.774;1.261;3.058;0.122;1.683;14
B31558;2015/03/06 00:50:38;14;76;29.3;23.4;2.487;1.761;1.261;3.029;0.122;1.696;15
B31558;2015/03/06 00:50:47;15;73;25.4;22.7;2.590;1.761;1.212;3.029;0.122;1.651;16
B31558;2015/03/06 00:50:57;16;90;23.2;23.1;2.696;1.758;1.212;3.029;0.129;1.645;17
B31558;2015/03/06 00:51:07;17;72;26.1;22.7;2.693;1.758;1.267;3.029;0.129;1.664;18
B31558;2015/03/06 00:51:18;18;90;29.6;23.7;2.503;1.770;1.267;3.064;0.129;1.674;19
B31558;2015/03/06 00:51:27;19;91;29.0;23.4;2.477;1.770;1.267;3.064;0.129;1.661;20
B31558;2015/03/06 00:51:37;20;83;33.8;23.4;2.470;1.777;1.267;3.064;0.138;1.680;21
B31558;2015/03/06 00:51:47;21;83;27.7;23.1;2.458;1.777;1.199;3.064;0.138;1.703;22
B31558;2015/03/06 00:51:58;22;91;25.1;22.7;2.470;1.774;1.199;3.096;0.138;1.687;23
B31558;2015/03/06 00:52:07;23;83;23.8;23.2;2.477;1.774;1.232;3.096;0.138;1.664;24
B31558;2015/03/06 00:52:17;24;81;26.1;23.4;2.500;1.754;1.232;3.096;0.119;1.680;25
B31558;2015/03/06 00:52:27;25;87;28.3;23.2;2.500;1.754;1.212;3.096;0.119;1.661;26
B31558;2015/03/06 00:52:38;26;82;29.3;23.4;2.667;1.758;1.212;3.041;0.119;1.683;27
B31558;2015/03/06 00:52:47;27;88;29.6;23.4;2.729;1.758;1.267;3.041;0.119;1.709;28
B31558;2015/03/06 00:52:57;28;78;27.4;23.1;2.467;1.751;1.267;3.041;0.125;1.661;29
B31558;2015/03/06 00:53:07;29;77;23.2;23.6;2.583;1.751;1.203;3.041;0.125;1.667;30
B31558;2015/03/06 00:53:18;30;72;29.6;23.2;2.500;1.796;1.203;3.087;0.125;1.706;31
B31558;2015/03/06 00:53:27;31;71;23.2;23.4;2.470;1.796;1.206;3.087;0.125;1.703;32
B31558;2015/03/06 00:53:37;32;92;28.0;23.1;2.729;1.767;1.206;3.087;0.274;1.680;33
B31558;2015/03/06 00:53:47;33;78;31.6;23.6;2.722;1.767;1.199;3.087;0.274;1.674;34
B31558;2015/03/06 00:53:58;34;93;23.8;23.6;2.722;1.777;1.199;3.041;0.274;1.729;35
B31558;2015/03/06 00:54:07;35;82;31.6;22.7;2.716;1.777;1.199;3.041;0.274;1.722;36
B31558;2015/03/06 00:54:17;36;93;25.8;23.6;2.445;1.754;1.199;3.041;0.122;1.703;37
B31558;2015/03/06 00:54:27;37;78;26.4;22.7;2.545;1.754;1.245;3.041;0.122;1.709;38
B31558;2015/03/06 00:54:38;38;90;27.0;23.2;2.706;1.800;1.245;3.048;0.122;1.709;39
B31558;2015/03/06 00:54:47;39;80;26.1;23.1;2.690;1.800;1.203;3.048;0.122;1.670;40
B31558;2015/03/06 00:54:57;40;74;31.6;23.2;2.693;1.800;1.203;3.048;0.125;1.709;41
B31558;2015/03/06 00:55:07;41;83;25.4;22.9;2.677;1.800;1.267;3.048;0.125;1.661;42
B31558;2015/03/06 00:55:18;42;89;24.5;22.7;2.470;1.754;1.267;3.048;0.125;1.648;43
B31558;2015/03/06 00:55:27;43;88;31.9;23.4;2.722;1.754;1.219;3.048;0.125;1.654;44
B31558;2015/03/06 00:55:37;44;92;32.2;23.4;2.564;1.758;1.219;3.048;0.135;1.648;45
B31558;2015/03/06 00:55:47;45;89;32.5;22.9;2.603;1.758;1.245;3.048;0.135;1.654;46
B31558;2015/03/06 00:55:58;46;79;25.4;23.4;2.470;1.783;1.245;3.077;0.135;1.670;47
B31558;2015/03/06 00:56:07;47;82;25.1;22.9;2.538;1.783;1.254;3.077;0.135;1.629;48
B31558;2015/03/06 00:56:17;48;78;30.0;22.9;2.699;1.764;1.254;3.077;0.174;1.674;49
B31558;2015/03/06 00:56:27;49;83;29.6;23.1;2.690;1.764;1.203;3.077;0.174;1.625;50
B31558;2015/03/06 00:56:38;50;76;28.0;23.4;2.477;1.783;1.203;3.116;0.174;1.609;51
B31558;2015/03/06 00:56:47;51;86;31.2;23.4;2.454;1.783;1.248;3.116;0.174;1.593;52
B31558;2015/03/06 00:56:57;52;73;33.8;23.4;2.464;1.783;1.248;3.116;0.122;1.622;53
B31558;2015/03/06 00:57:07;53;89;29.3;23.4;2.729;1.783;1.254;3.116;0.122;1.616;54
B31558;2015/03/06 00:57:18;54;83;24.8;22.9;2.487;1.796;1.254;3.054;0.122;1.599;55
B31558;2015/03/06 00:57:27;55;72;24.1;23.2;2.474;1.796;1.267;3.054;0.122;1.596;56
B31558;2015/03/06 00:57:37;56;78;24.1;23.6;2.467;1.774;1.267;3.054;0.125;1.596;57
B31558;2015/03/06 00:57:47;57;80;30.9;23.4;2.729;1.774;1.235;3.054;0.125;1.612;58
B31558;2015/03/06 00:57:58;58;81;26.7;23.1;2.451;1.803;1.235;3.103;0.125;1.635;59
B31558;2015/03/06 00:58:07;59;77;25.1;23.2;2.545;1.803;1.225;3.103;0.125;1.629;60
B31558;2015/03/06 00:58:17;60;83;26.7;23.2;2.706;1.780;1.225;3.103;0.116;1.632;61
B31558;2015/03/06 00:58:27;61;83;22.9;23.9;2.696;1.780;1.267;3.103;0.116;1.677;62
B31558;2015/03/06 00:58:38;62;87;27.7;23.7;2.635;1.796;1.267;3.048;0.116;1.629;63
B31558;2015/03/06 00:58:47;63;82;22.5;23.2;2.593;1.796;1.264;3.048;0.116;1.632;64
B31558;2015/03/06 00:58:57;64;84;27.4;23.4;2.474;1.761;1.264;3.048;0.122;1.658;65
B31558;2015/03/06 00:59:07;65;73;29.6;22.5;2.629;1.761;1.199;3.048;0.122;1.699;66
B31558;2015/03/06 00:59:18;66;85;23.5;23.1;2.693;1.780;1.199;3.100;0.122;1.664;67
B31558;2015/03/06 00:59:27;67;85;34.5;22.7;2.606;1.780;1.274;3.100;0.122;1.683;68
B31558;2015/03/06 00:59:37;68;86;23.8;23.2;2.703;1.793;1.274;3.100;0.122;1.699;69
B31558;2015/03/06 00:59:47;69;81;24.8;23.4;2.464;1.793;1.199;3.100;0.122;1.703;70
B31558;2015/03/06 00:59:58;70;87;23.2;23.2;2.470;1.764;1.199;3.048;0.122;1.690;71
B31558;2015/03/06 01:00:15;0;1;25.4;23.4;2.090;-1.000;-1.000;-1.000;-1.000;1.703;1
B31558;2015/03/06 01:00:34;1;98;24.8;23.2;2.661;-1.000;-1.000;-1.000;-1.000;1.690;2
B31558;2015/03/06 01:00:44;2;78;27.0;23.2;2.583;1.522;-1.000;3.187;-1.000;1.654;3
B31558;2015/03/06 01:00:54;3;84;22.5;23.2;2.538;1.522;1.216;3.187;-1.000;1.638;4
B31558;2015/03/06 01:01:04;4;82;32.5;23.7;2.461;1.625;1.216;3.187;0.164;1.651;5
B31558;2015/03/06 01:01:14;5;82;22.9;23.4;2.622;1.625;1.238;3.187;0.164;1.651;6
B31558;2015/03/06 01:01:24;6;88;26.7;23.9;2.438;1.687;1.238;3.006;0.164;1.670;7
B31558;2015/03/06 01:01:34;7;80;30.6;23.1;2.690;1.687;1.280;3.006;0.164;1.654;8
B31558;2015/03/06 01:01:44;8;89;25.4;23.1;2.509;1.712;1.280;3.006;0.151;1.635;9
B31558;2015/03/06 01:01:54;9;84;23.2;23.7;2.551;1.712;1.219;3.006;0.151;1.645;10
B31558;2015/03/06 01:02:04;10;84;25.8;23.2;2.712;1.748;1.219;3.074;0.151;1.651;11
B31558;2015/03/06 01:02:14;11;86;32.9;22.9;2.645;1.748;1.212;3.074;0.151;1.629;12
B31558;2015/03/06 01:02:24;12;79;26.7;22.9;2.706;1.758;1.212;3.074;0.129;1.648;13
B31558;2015/03/06 01:02:34;13;82;28.7;23.1;2.645;1.758;1.241;3.074;0.129;1.651;14
B31558;2015/03/06 01:02:44;14;78;27.7;23.6;2.545;1.761;1.241;3.038;0.129;1.670;15
B31558;2015/03/06 01:02:54;15;91;26.4;23.2;2.696;1.761;1.203;3.038;0.129;1.683;16
B31558;2015/03/06 01:03:04;16;86;31.2;23.6;2.635;1.777;1.203;3.038;0.190;1.670;17
B31558;2015/03/06 01:03:14;17;78;28.7;22.9;2.722;1.777;1.216;3.038;0.190;1.677;18
B31558;2015/03/06 01:03:24;18;85;26.4;23.4;2.451;1.783;1.216;3.035;0.190;1.722;19
B31558;2015/03/06 01:03:34;19;75;26.4;22.9;2.558;1.783;1.270;3.035;0.190;1.690;20
B31558;2015/03/06 01:03:44;20;80;27.4;23.2;2.451;1.754;1.270;3.035;0.129;1.667;21
B31558;2015/03/06 01:03:54;21;82;27.4;23.2;2.696;1.754;1.203;3.035;0.129;1.674;22
B31558;2015/03/06 01:04:04;22;84;25.1;23.4;2.535;1.761;1.203;3.051;0.129;1.674;23
B31558;2015/03/06 01:04:14;23;75;28.0;23.4;2.648;1.761;1.225;3.051;0.129;1.687;24
B31558;2015/03/06 01:04:24;24;81;29.3;23.7;2.625;1.783;1.225;3.051;0.129;1.667;25
B31558;2015/03/06 01:04:34;25;80;27.7;22.7;2.603;1.783;1.267;3.051;0.129;1.716;26
B31558;2015/03/06 01:04:44;26;88;25.1;23.2;2.693;1.758;1.267;3.061;0.129;1.677;27
B31558;2015/03/06 01:04:54;27;79;29.3;23.4;2.670;1.758;1.209;3.061;0.129;1.696;28
B31558;2015/03/06 01:05:04;28;85;27.0;23.4;2.564;1.800;1.209;3.061;0.135;1.738;29
B31558;2015/03/06 01:05:14;29;88;27.7;23.2;2.696;1.800;1.206;3.061;0.135;1.687;30
B31558;2015/03/06 01:05:24;30;89;30.6;23.7;2.603;1.803;1.206;3.054;0.135;1.735;31
B31558;2015/03/06 01:05:34;31;85;24.5;23.6;2.464;1.803;1.199;3.054;0.135;1.741;32
B31558;2015/03/06 01:05:44;32;89;31.9;23.9;2.661;1.774;1.199;3.054;0.122;1.706;33
B31558;2015/03/06 01:05:54;33;82;29.6;22.9;2.654;1.774;1.245;3.054;0.122;1.725;34
B31558;2015/03/06 01:06:04;34;84;25.4;23.4;2.445;1.761;1.245;3.061;0.122;1.690;35
B31558;2015/03/06 01:06:14;35;83;28.7;22.5;2.722;1.761;1.206;3.061;0.122;1.703;36
B31558;2015/03/06 01:06:24;36;87;23.8;23.4;2.470;1.774;1.206;3.061;0.135;1.687;37
B31558;2015/03/06 01:06:34;37;82;29.6;23.2;2.464;1.774;1.274;3.061;0.135;1.716;38
B31558;2015/03/06 01:06:44;38;85;24.8;23.4;2.554;1.783;1.274;3.054;0.135;1.729;39
B31558;2015/03/06 01:06:54;39;78;26.4;23.2;2.548;1.783;1.212;3.054;0.135;1.696;40
B31558;2015/03/06 01:07:04;40;77;25.8;22.7;2.461;1.809;1.212;3.054;0.235;1.696;41
B31558;2015/03/06 01:07:14;41;82;28.7;22.9;2.616;1.809;1.206;3.054;0.235;1.732;42
B31558;2015/03/06 01:07:24;42;82;24.5;22.9;2.719;1.764;1.206;3.067;0.235;1.680;43
B31558;2015/03/06 01:07:34;43;81;25.1;23.6;2.487;1.764;1.274;3.067;0.235;1.699;44
B31558;2015/03/06 01:07:44;44;85;33.8;23.6;2.583;1.761;1.274;3.067;0.119;1.699;45
B31558;2015/03/06 01:07:54;45;74;34.5;22.9;2.529;1.761;1.274;3.067;0.119;1.690;46
B31558;2015/03/06 01:08:04;46;83;24.5;22.7;2.458;1.809;1.274;3.077;0.119;1.648;47
B31558;2015/03/06 01:08:14;47;86;31.9;22.9;2.454;1.809;1.264;3.077;0.119;1.648;48
B31558;2015/03/06 01:08:24;48;81;33.2;23.6;2.719;1.790;1.264;3.077;0.135;1.667;49
B31558;2015/03/06 01:08:34;49;86;31.9;23.4;2.661;1.790;1.274;3.077;0.135;1.661;50
B31558;2015/03/06 01:08:44;50;80;27.4;23.9;2.535;1.780;1.274;3.070;0.135;1.674;51
B31558;2015/03/06 01:08:54;51;81;26.1;22.7;2.577;1.780;1.203;3.070;0.135;1.658;52
B31558;2015/03/06 01:09:04;52;81;34.1;23.4;2.561;1.783;1.203;3.070;0.122;1.677;53
B31558;2015/03/06 01:09:14;53;74;32.5;22.9;2.661;1.783;1.216;3.070;0.122;1.654;54
B31558;2015/03/06 01:09:24;54;89;25.8;22.7;2.464;1.796;1.216;3.061;0.122;1.648;55
B31558;2015/03/06 01:09:34;55;75;24.5;22.9;2.529;1.796;1.267;3.061;0.122;1.658;56
B31558;2015/03/06 01:09:44;56;78;26.7;23.2;2.680;1.800;1.267;3.061;0.122;1.693;57
B31558;2015/03/06 01:09:54;57;88;22.9;23.6;2.477;1.800;1.206;3.061;0.122;1.680;58
B31558;2015/03/06 01:10:04;58;84;24.5;22.7;2.454;1.764;1.206;3.074;0.122;1.658;59
B31558;2015/03/06 01:10:14;59;83;24.5;23.2;2.496;1.764;1.274;3.074;0.122;1.661;60
B31558;2015/03/06 01:10:24;60;84;31.9;23.1;2.477;1.793;1.274;3.074;0.125;1.687;61
B31558;2015/03/06 01:10:34;61;83;34.8;22.9;2.687;1.793;1.245;3.074;0.125;1.651;62
B31558;2015/03/06 01:10:44;62;78;30.6;23.2;2.722;1.787;1.245;3.096;0.125;1.661;63
B31558;2015/03/06 01:10:54;63;82;24.8;23.6;2.496;1.787;1.206;3.096;0.125;1.680;64
B31558;2015/03/06 01:11:04;64;93;34.5;22.9;2.574;1.764;1.206;3.096;0.135;1.664;65
B31558;2015/03/06 01:11:14;65;84;31.6;23.1;2.709;1.764;1.209;3.096;0.135;1.670;66
B31558;2015/03/06 01:11:24;66;79;28.7;23.1;2.641;1.767;1.209;3.119;0.135;1.632;67
B31558;2015/03/06 01:11:34;67;84;33.5;22.7;2.538;1.767;1.225;3.119;0.135;1.625;68
B31558;2015/03/06 01:11:44;68;82;31.9;23.6;2.616;1.809;1.225;3.119;0.209;1.648;69
B31558;2015/03/06 01:11:54;69;88;24.8;23.1;2.490;1.809;1.261;3.119;0.209;1.622;70
B31558;2015/03/06 01:12:08;0;1;25.1;22.2;2.335;-1.000;-1.000;-1.000;-1.000;1.793;1
B31558;2015/03/06 01:12:27;1;89;24.5;23.6;2.396;-1.000;-1.000;-1.000;-1.000;1.699;2
B31558;2015/03/06 01:12:37;2;87;33.5;24.1;2.625;1.561;-1.000;3.209;-1.000;1.638;3
B31558;2015/03/06 01:12:47;3;89;26.4;22.5;2.709;1.561;1.232;3.209;-1.000;1.648;4
B31558;2015/03/06 01:12:57;4;79;27.4;22.7;2.448;1.606;1.232;3.209;0.203;1.629;5
B31558;2015/03/06 01:13:07;5;78;23.2;23.2;2.580;1.606;1.222;3.209;0.203;1.638;6
B31558;2015/03/06 01:13:17;6;77;23.2;22.7;2.461;1.693;1.222;3.054;0.203;1.664;7
B31558;2015/03/06 01:13:27;7;84;34.5;22.7;2.603;1.693;1.245;3.054;0.203;1.638;8
B31558;2015/03/06 01:13:37;8;83;28.0;23.6;2.719;1.725;1.245;3.054;0.135;1.661;9
B31558;2015/03/06 01:13:47;9;74;32.9;23.1;2.722;1.725;1.245;3.054;0.135;1.677;10
B31558;2015/03/06 01:13:57;10;78;25.1;23.4;2.445;1.741;1.245;3.080;0.135;1.658;11
B31558;2015/03/06 01:14:07;11;83;22.9;23.6;2.593;1.741;1.209;3.080;0.135;1.635;12
B31558;2015/03/06 01:14:17;12;77;25.8;23.2;2.712;1.770;1.209;3.080;0.209;1.641;13
B31558;2015/03/06 01:14:27;13;83;27.7;23.4;2.664;1.770;1.225;3.080;0.209;1.616;14
B31558;2015/03/06 01:14:37;14;85;24.1;23.7;2.448;1.787;1.225;3.083;0.209;1.645;15
B31558;2015/03/06 01:14:47;15;82;30.6;23.2;2.699;1.787;1.212;3.083;0.209;1.661;16
B31558;2015/03/06 01:14:57;16;83;33.5;23.1;2.467;1.758;1.212;3.083;0.183;1.616;17
B31558;2015/03/06 01:15:07;17;79;33.8;22.7;2.709;1.758;1.212;3.083;0.183;1.645;18
B31558;2015/03/06 01:15:17;18;84;32.5;23.2;2.477;1.767;1.212;3.067;0.183;1.635;19
B31558;2015/03/06 01:15:27;19;83;24.8;23.2;2.470;1.767;1.270;3.067;0.183;1.638;20
B31558;2015/03/06 01:15:37;20;84;25.8;23.1;2.719;1.800;1.270;3.067;0.129;1.693;21
B31558;2015/03/06 01:15:47;21;86;27.4;22.7;2.722;1.800;1.225;3.067;0.129;1.641;22
B31558;2015/03/06 01:15:57;22;83;26.7;23.1;2.667;1.761;1.225;3.093;0.129;1.648;23
B31558;2015/03/06 01:16:07;23;78;31.2;23.4;2.690;1.761;1.229;3.093;0.129;1.696;24
B31558;2015/03/06 01:16:17;24;92;27.4;22.9;2.683;1.761;1.229;3.093;0.122;1.670;25
B31558;2015/03/06 01:16:27;25;78;24.5;23.9;2.729;1.761;1.277;3.093;0.122;1.699;26
B31558;2015/03/06 01:16:37;26;84;23.2;22.7;2.722;1.761;1.277;3.103;0.122;1.654;27
B31558;2015/03/06 01:16:47;27;85;32.5;23.1;2.616;1.761;1.203;3.103;0.122;1.709;28
B31558;2015/03/06 01:16:57;28;83;28.0;23.7;2.687;1.774;1.203;3.103;0.122;1.661;29
B31558;2015/03/06 01:17:07;29;86;23.2;23.2;2.564;1.774;1.212;3.103;0.122;1.680;30
B31558;2015/03/06 01:17:17;30;78;26.4;23.4;2.464;1.777;1.212;3.096;0.122;1.648;31
B31558;2015/03/06 01:17:27;31;83;29.3;22.5;2.635;1.777;1.280;3.096;0.122;1.651;32
B31558;2015/03/06 01:17:37;32;85;25.8;22.7;2.719;1.806;1.280;3.096;0.138;1.664;33
B31558;2015/03/06 01:17:47;33;70;30.9;23.4;2.696;1.806;1.274;3.096;0.138;1.667;34
B31558;2015/03/06 01:17:57;34;79;33.2;23.7;2.683;1.783;1.274;3.109;0.138;1.629;35
B31558;2015/03/06 01:18:07;35;88;29.6;22.7;2.729;1.783;1.212;3.109;0.138;1.664;36
B31558;2015/03/06 01:18:17;36;87;33.2;23.4;2.674;1.767;1.212;3.109;0.122;1.619;37
B31558;2015/03/06 01:18:27;37;91;32.9;23.9;2.500;1.767;1.212;3.109;0.122;1.661;38
B31558;2015/03/06 01:18:37;38;92;26.4;23.4;2.525;1.809;1.212;3.116;0.122;1.616;39
B31558;2015/03/06 01:18:47;39;81;30.3;23.7;2.690;1.809;1.212;3.116;0.122;1.667;40
B31558;2015/03/06 01:18:57;40;84;33.2;23.7;2.648;1.809;1.212;3.116;0.122;1.661;41
B31558;2015/03/06 01:19:07;41;71;26.4;23.2;2.454;1.809;1.229;3.116;0.122;1.645;42
B31558;2015/03/06 01:19:17;42;87;26.4;23.7;2.445;1.774;1.229;3.061;0.122;1.638;43
B31558;2015/03/06 01:19:27;43;78;31.2;23.2;2.661;1.774;1.212;3.061;0.122;1.632;44
B31558;2015/03/06 01:19:37;44;84;30.9;23.2;2.622;1.777;1.212;3.061;0.122;1.638;45
B31558;2015/03/06 01:19:47;45;83;23.2;23.6;2.487;1.777;1.219;3.061;0.122;1.625;46
B31558;2015/03/06 01:19:57;46;94;24.8;22.9;2.696;1.767;1.219;3.090;0.122;1.641;47
B31558;2015/03/06 01:20:07;47;84;33.2;23.2;2.525;1.767;1.206;3.090;0.122;1.674;48
B31558;2015/03/06 01:20:17;48;91;31.9;23.2;2.709;1.803;1.206;3.090;0.129;1.670;49
B31558;2015/03/06 01:20:27;49;78;32.5;22.7;2.709;1.803;1.277;3.090;0.129;1.651;50
B31558;2015/03/06 01:20:37;50;86;24.5;23.1;2.722;1.767;1.277;3.119;0.129;1.616;51
B31558;2015/03/06 01:20:47;51;80;33.2;22.9;2.512;1.767;1.274;3.119;0.129;1.645;52
B31558;2015/03/06 01:20:57;52;85;28.7;23.2;2.500;1.783;1.274;3.119;0.125;1.648;53
B31558;2015/03/06 01:21:07;53;88;26.4;22.9;2.596;1.783;1.212;3.119;0.125;1.651;54
B31558;2015/03/06 01:21:17;54;83;23.8;23.1;2.696;1.806;1.212;3.100;0.125;1.651;55
B31558;2015/03/06 01:21:27;55;88;27.4;23.2;2.477;1.806;1.267;3.100;0.125;1.632;56
B31558;2015/03/06 01:21:37;56;83;31.2;23.7;2.561;1.816;1.267;3.100;0.190;1.641;57
B31558;2015/03/06 01:21:47;57;80;22.9;23.6;2.596;1.816;1.212;3.100;0.190;1.661;58
B31558;2015/03/06 01:21:57;58;91;33.8;23.7;2.445;1.812;1.212;3.083;0.190;1.664;59
B31558;2015/03/06 01:22:07;59;84;26.1;23.2;2.458;1.812;1.206;3.083;0.190;1.667;60
B31558;2015/03/06 01:22:17;60;82;23.2;23.4;2.480;1.770;1.206;3.083;0.125;1.664;61
B31558;2015/03/06 01:22:27;61;75;30.9;23.2;2.458;1.770;1.277;3.083;0.125;1.612;62
B31558;2015/03/06 01:22:37;62;93;32.9;23.4;2.464;1.777;1.277;3.132;0.125;1.616;63
B31558;2015/03/06 01:22:47;63;88;29.0;23.4;2.722;1.777;1.267;3.132;0.125;1.635;64
B31558;2015/03/06 01:22:57;64;89;33.2;23.4;2.632;1.787;1.267;3.132;0.203;1.629;65
B31558;2015/03/06 01:23:07;65;88;29.6;23.2;2.483;1.787;1.280;3.132;0.203;1.619;66
B31558;2015/03/06 01:23:17;66;85;28.0;23.6;2.709;1.796;1.280;3.090;0.203;1.632;67
B31558;2015/03/06 01:23:27;67;80;33.5;22.9;2.551;1.796;1.274;3.090;0.203;1.609;68
B31558;2015/03/06 01:23:37;68;78;30.6;23.4;2.719;1.800;1.274;3.090;0.125;1.590;69
B31558;2015/03/06 01:23:47;69;83;28.3;23.7;2.703;1.800;1.270;3.090;0.125;1.612;70
B31558;2015/03/06 01:23:57;70;83;27.7;22.7;2.712;1.806;1.270;3.129;0.125;1.612;71
B31558;2015/03/06 01:24:08;0;1;31.2;23.4;2.161;-1.000;-1.000;-1.000;-1.000;1.725;1
B31558;2015/03/06 01:24:27;1;100;34.1;23.9;2.419;-1.000;-1.000;-1.000;-1.000;1.651;2
B31558;2015/03/06 01:24:37;2;93;31.6;23.1;2.729;1.525;-1.000;3.196;-1.000;1.599;3
B31558;2015/03/06 01:24:47;3;90;33.8;22.9;2.696;1.525;1.245;3.196;-1.000;1.599;4
B31558;2015/03/06 01:24:57;4;76;29.3;22.9;2.674;1.606;1.245;3.196;0.151;1.625;5
B31558;2015/03/06 01:25:07;5;78;30.9;23.4;2.464;1.606;1.216;3.196;0.151;1.590;6
B31558;2015/03/06 01:25:17;6;82;25.8;23.7;2.577;1.680;1.216;3.019;0.151;1.603;7
B31558;2015/03/06 01:25:27;7;78;27.0;22.9;2.722;1.680;1.274;3.019;0.151;1.603;8
B31558;2015/03/06 01:25:37;8;83;23.5;22.9;2.445;1.706;1.274;3.019;0.141;1.632;9
B31558;2015/03/06 01:25:47;9;86;22.5;23.2;2.554;1.706;1.229;3.019;0.141;1.583;10
B31558;2015/03/06 01:25:57;10;78;26.7;23.7;2.667;1.770;1.229;3.067;0.141;1.625;11
B31558;2015/03/06 01:26:07;11;87;30.9;23.7;2.474;1.770;1.274;3.067;0.141;1.622;12
B31558;2015/03/06 01:26:17;12;80;25.4;23.4;2.451;1.777;1.274;3.067;0.274;1.603;13
B31558;2015/03/06 01:26:27;13;79;28.3;23.7;2.464;1.777;1.209;3.067;0.274;1.629;14
B31558;2015/03/06 01:26:37;14;90;25.1;23.4;2.474;1.770;1.209;3.087;0.274;1.622;15
B31558;2015/03/06 01:26:47;15;79;23.2;23.4;2.648;1.770;1.206;3.087;0.274;1.616;16
B31558;2015/03/06 01:26:57;16;80;22.5;22.9;2.470;1.774;1.206;3.087;0.138;1.596;17
B31558;2015/03/06 01:27:07;17;88;32.5;22.9;2.683;1.774;1.212;3.087;0.138;1.645;18
B31558;2015/03/06 01:27:17;18;93;24.8;23.4;2.454;1.803;1.212;3.048;0.138;1.654;19
B31558;2015/03/06 01:27:27;19;86;30.3;23.7;2.729;1.803;1.212;3.048;0.138;1.641;20
B31558;2015/03/06 01:27:37;20;88;28.7;23.4;2.606;1.758;1.212;3.048;0.129;1.612;21
B31558;2015/03/06 01:27:47;21;89;26.4;22.9;2.709;1.758;1.222;3.048;0.129;1.629;22
B31558;2015/03/06 01:27:57;22;83;23.2;22.9;2.722;1.761;1.222;3.093;0.129;1.683;23
B31558;2015/03/06 01:28:07;23;87;28.3;23.7;2.645;1.761;1.280;3.093;0.129;1.645;24
B31558;2015/03/06 01:28:17;24;88;26.7;22.9;2.706;1.780;1.280;3.093;0.216;1.638;25
B31558;2015/03/06 01:28:27;25;85;32.5;23.2;2.729;1.780;1.209;3.093;0.216;1.658;26
B31558;2015/03/06 01:28:37;26;83;24.1;23.2;2.658;1.803;1.209;3.083;0.216;1.670;27
B31558;2015/03/06 01:28:47;27;89;22.9;23.6;2.564;1.803;1.212;3.083;0.216;1.661;28
B31558;2015/03/06 01:28:57;28;76;34.1;23.6;2.609;1.803;1.212;3.083;0.135;1.629;29
B31558;2015/03/06 01:29:07;29;76;27.0;23.4;2.477;1.803;1.277;3.083;0.135;1.638;30
B31558;2015/03/06 01:29:17;30;88;29.0;23.2;2.699;1.783;1.277;3.077;0.135;1.612;31
B31558;2015/03/06 01:29:27;31;73;32.5;22.7;2.632;1.783;1.212;3.077;0.135;1.632;32
B31558;2015/03/06 01:29:37;32;84;26.4;23.4;2.564;1.793;1.212;3.077;0.135;1.632;33
B31558;2015/03/06 01:29:47;33;87;29.6;23.1;2.683;1.793;1.212;3.077;0.135;1.651;34
B31558;2015/03/06 01:29:57;34;78;30.6;23.4;2.470;1.780;1.212;3.109;0.135;1.632;35
B31558;2015/03/06 01:30:07;35;77;29.3;23.1;2.474;1.780;1.280;3.109;0.135;1.596;36
B31558;2015/03/06 01:30:17;36;79;28.3;23.4;2.590;1.790;1.280;3.109;0.125;1.603;37
B31558;2015/03/06 01:30:27;37;81;25.4;23.1;2.593;1.790;1.216;3.109;0.125;1.606;38
B31558;2015/03/06 01:30:37;38;84;25.8;23.6;2.438;1.809;1.216;3.061;0.125;1.638;39
B31558;2015/03/06 01:30:47;39;84;24.5;24.1;2.496;1.809;1.274;3.061;0.125;1.606;40
B31558;2015/03/06 01:30:57;40;89;25.8;23.4;2.709;1.777;1.274;3.061;0.238;1.612;41
B31558;2015/03/06 01:31:07;41;78;31.2;23.6;2.522;1.777;1.270;3.061;0.238;1.590;42
B31558;2015/03/06 01:31:17;42;84;24.5;23.2;2.464;1.770;1.270;3.054;0.238;1.603;43
B31558;2015/03/06 01:31:27;43;89;23.2;23.9;2.703;1.770;1.216;3.054;0.238;1.645;44
B31558;2015/03/06 01:31:37;44;84;22.5;23.2;2.696;1.803;1.216;3.054;0.158;1.654;45
B31558;2015/03/06 01:31:47;45;87;23.2;23.9;2.477;1.803;1.283;3.054;0.158;1.641;46
B31558;2015/03/06 01:31:57;46;90;23.8;23.9;2.493;1.809;1.283;3.116;0.158;1.674;47
B31558;2015/03/06 01:32:07;47;78;28.7;23.4;2.729;1.809;1.232;3.116;0.158;1.625;48
B31558;2015/03/06 01:32:17;48;88;31.2;23.7;2.712;1.793;1.232;3.116;0.138;1.651;49
B31558;2015/03/06 01:32:27;49;80;30.6;23.6;2.677;1.793;1.283;3.116;0.138;1.674;50
B31558;2015/03/06 01:32:37;50;78;30.6;23.4;2.687;1.774;1.283;3.077;0.138;1.677;51
B31558;2015/03/06 01:32:47;51;88;28.0;23.4;2.448;1.774;1.277;3.077;0.138;1.619;52
B31558;2015/03/06 01:32:57;52;82;27.4;23.4;2.483;1.774;1.277;3.077;0.267;1.635;53
B31558;2015/03/06 01:33:07;53;82;30.9;23.4;2.470;1.774;1.267;3.077;0.267;1.638;54
B31558;2015/03/06 01:33:17;54;92;27.4;23.4;2.593;1.812;1.267;3.116;0.267;1.629;55
B31558;2015/03/06 01:33:27;55;83;29.3;23.7;2.658;1.812;1.225;3.116;0.267;1.619;56
B31558;2015/03/06 01:33:37;56;89;25.4;24.1;2.458;1.796;1.225;3.116;0.170;1.625;57
B31558;2015/03/06 01:33:47;57;76;26.4;23.4;2.454;1.796;1.212;3.116;0.170;1.664;58
B31558;2015/03/06 01:33:57;58;88;23.8;23.2;2.493;1.800;1.212;3.061;0.170;1.648;59
B31558;2015/03/06 01:34:07;59;79;33.8;23.4;2.545;1.800;1.212;3.061;0.170;1.645;60
B31558;2015/03/06 01:34:17;60;91;28.7;23.2;2.687;1.803;1.212;3.061;0.122;1.625;61
B31558;2015/03/06 01:34:27;61;73;27.4;23.7;2.470;1.803;1.212;3.061;0.122;1.648;62
B31558;2015/03/06 01:34:37;62;93;23.5;23.2;2.464;1.819;1.212;3.096;0.122;1.645;63
B31558;2015/03/06 01:34:47;63;81;26.7;22.9;2.716;1.819;1.280;3.096;0.122;1.651;64
B31558;2015/03/06 01:34:57;64;76;33.8;23.6;2.477;1.780;1.280;3.096;0.122;1.651;65
B31558;2015/03/06 01:35:07;65;84;33.2;23.6;2.512;1.780;1.225;3.096;0.122;1.622;66
B31558;2015/03/06 01:35:17;66;83;23.8;23.9;2.496;1.803;1.225;3.074;0.122;1.629;67
B31558;2015/03/06 01:35:27;67;84;30.9;22.9;2.706;1.803;1.280;3.074;0.122;1.654;68
B31558;2015/03/06 01:35:37;68;75;24.5;23.2;2.480;1.819;1.280;3.074;0.122;1.603;69
B31558;2015/03/06 01:35:47;69;86;28.3;23.4;2.712;1.819;1.209;3.074;0.122;1.661;70
B31558;2015/03/06 01:35:57;70;88;32.2;23.1;2.632;1.796;1.209;3.129;0.122;1.635;71
B31558;2015/03/06 01:36:08;0;1;25.4;22.7;2.061;-1.000;-1.000;-1.000;-1.000;1.754;1
B31558;2015/03/06 01:36:27;1;97;29.3;23.4;2.677;-1.000;-1.000;-1.000;-1.000;1.693;2
B31558;2015/03/06 01:36:37;2;85;24.5;23.6;2.461;1.529;-1.000;3.158;-1.000;1.648;3
B31558;2015/03/06 01:36:47;3;91;25.8;23.2;2.500;1.529;1.241;3.158;-1.000;1.622;4
B31558;2015/03/06 01:36:57;4;78;26.4;23.4;2.506;1.603;1.241;3.158;0.216;1.622;5
B31558;2015/03/06 01:37:07;5;75;25.8;23.7;2.509;1.603;1.219;3.158;0.216;1.661;6
B31558;2015/03/06 01:37:17;6;83;26.4;23.2;2.448;1.712;1.219;3.038;0.216;1.651;7
B31558;2015/03/06 01:37:27;7;81;24.8;23.2;2.619;1.712;1.274;3.038;0.216;1.625;8
B31558;2015/03/06 01:37:37;8;91;28.3;23.9;2.635;1.712;1.274;3.038;0.138;1.641;9
B31558;2015/03/06 01:37:47;9;80;28.3;23.7;2.474;1.712;1.287;3.038;0.138;1.625;10
B31558;2015/03/06 01:37:57;10;85;31.9;23.7;2.516;1.748;1.287;3.051;0.138;1.603;11
B31558;2015/03/06 01:38:07;11;74;26.7;23.4;2.490;1.748;1.216;3.051;0.138;1.590;12
B31558;2015/03/06 01:38:17;12;78;27.4;23.7;2.467;1.764;1.216;3.051;0.141;1.596;13
B31558;2015/03/06 01:38:27;13;70;23.8;23.1;2.722;1.764;1.216;3.051;0.141;1.645;14
B31558;2015/03/06 01:38:37;14;87;29.3;23.4;2.712;1.751;1.216;3.074;0.141;1.612;15
B31558;2015/03/06 01:38:47;15;86;30.3;22.9;2.616;1.751;1.216;3.074;0.141;1.635;16
B31558;2015/03/06 01:38:57;16;81;27.4;23.2;2.699;1.787;1.216;3.074;0.135;1.632;17
B31558;2015/03/06 01:39:07;17;90;27.0;23.6;2.506;1.787;1.212;3.074;0.135;1.645;18
B31558;2015/03/06 01:39:17;18;85;34.1;23.6;2.445;1.796;1.212;3.090;0.135;1.661;19
B31558;2015/03/06 01:39:27;19;81;33.2;23.4;2.667;1.796;1.212;3.090;0.135;1.677;20
B31558;2015/03/06 01:39:37;20;87;31.9;23.6;2.693;1.790;1.212;3.090;0.164;1.629;21
B31558;2015/03/06 01:39:47;21;90;24.8;23.7;2.648;1.790;1.283;3.090;0.164;1.645;22
B31558;2015/03/06 01:39:57;22;84;32.2;23.4;2.480;1.787;1.283;3.070;0.164;1.648;23
B31558;2015/03/06 01:40:07;23;89;31.9;22.9;2.635;1.787;1.219;3.070;0.164;1.632;24
B31558;2015/03/06 01:40:17;24;73;25.1;23.2;2.722;1.803;1.219;3.070;0.122;1.648;25
B31558;2015/03/06 01:40:27;25;83;24.8;23.7;2.464;1.803;1.277;3.070;0.122;1.687;26
B31558;2015/03/06 01:40:37;26;89;32.2;23.2;2.496;1.780;1.277;3.083;0.122;1.651;27
B31558;2015/03/06 01:40:47;27;76;26.4;22.9;2.632;1.780;1.212;3.083;0.122;1.641;28
B31558;2015/03/06 01:40:57;28;79;25.8;23.2;2.500;1.803;1.212;3.083;0.190;1.658;29
B31558;2015/03/06 01:41:07;29;80;25.1;23.6;2.519;1.803;1.225;3.083;0.190;1.632;30
B31558;2015/03/06 01:41:17;30;85;25.8;23.2;2.699;1.770;1.225;3.083;0.190;1.677;31
B31558;2015/03/06 01:41:27;31;82;25.4;23.7;2.461;1.770;1.222;3.083;0.190;1.619;32
B31558;2015/03/06 01:41:37;32;87;23.5;23.2;2.451;1.780;1.222;3.083;0.125;1.625;33
B31558;2015/03/06 01:41:47;33;89;27.7;23.4;2.448;1.780;1.216;3.083;0.125;1.654;34
B31558;2015/03/06 01:41:57;34;92;27.0;23.2;2.699;1.800;1.216;3.119;0.125;1.661;35
B31558;2015/03/06 01:42:07;35;83;34.5;23.2;2.693;1.800;1.225;3.119;0.125;1.612;36
B31558;2015/03/06 01:42:17;36;83;32.9;23.2;2.477;1.774;1.225;3.119;0.125;1.635;37
B31558;2015/03/06 01:42:27;37;83;31.2;23.2;2.683;1.774;1.225;3.119;0.125;1.638;38
B31558;2015/03/06 01:42:37;38;73;26.4;23.4;2.467;1.774;1.225;3.083;0.125;1.687;39
B31558;2015/03/06 01:42:47;39;83;30.6;23.6;2.722;1.774;1.212;3.083;0.125;1.674;40
B31558;2015/03/06 01:42:57;40;86;28.7;23.2;2.709;1.803;1.212;3.083;0.138;1.661;41
B31558;2015/03/06 01:43:07;41;83;33.2;23.4;2.448;1.803;1.212;3.083;0.138;1.648;42
B31558;2015/03/06 01:43:17;42;74;29.6;23.2;2.693;1.803;1.212;3.116;0.138;1.670;43
B31558;2015/03/06 01:43:27;43;82;25.1;23.1;2.496;1.803;1.212;3.116;0.138;1.709;44
B31558;2015/03/06 01:43:37;44;91;29.6;23.7;2.616;1.806;1.212;3.116;0.132;1.670;45
B31558;2015/03/06 01:43:47;45;84;27.0;23.2;2.470;1.806;1.232;3.116;0.132;1.683;46
B31558;2015/03/06 01:43:57;46;80;29.6;23.4;2.600;1.774;1.232;3.119;0.132;1.674;47
B31558;2015/03/06 01:44:07;47;83;24.1;23.4;2.496;1.774;1.261;3.119;0.132;1.690;48
B31558;2015/03/06 01:44:17;48;91;27.0;23.6;2.458;1.809;1.261;3.119;0.125;1.677;49
B31558;2015/03/06 01:44:27;49;80;23.2;23.2;2.474;1.809;1.225;3.119;0.125;1.680;50
B31558;2015/03/06 01:44:37;50;83;26.4;22.7;2.445;1.774;1.225;3.074;0.125;1.674;51
B31558;2015/03/06 01:44:47;51;78;26.7;22.7;2.693;1.774;1.209;3.074;0.125;1.696;52
B31558;2015/03/06 01:44:57;52;91;32.5;23.1;2.451;1.780;1.209;3.074;0.135;1.677;53
B31558;2015/03/06 01:45:07;53;78;32.9;22.9;2.729;1.780;1.258;3.074;0.135;1.716;54
B31558;2015/03/06 01:45:17;54;90;30.0;23.4;2.477;1.796;1.258;3.074;0.135;1.683;55
B31558;2015/03/06 01:45:27;55;90;25.8;22.5;2.583;1.796;1.219;3.074;0.135;1.661;56
B31558;2015/03/06 01:45:37;56;87;27.7;23.4;2.474;1.800;1.219;3.074;0.222;1.661;57
B31558;2015/03/06 01:45:47;57;83;30.0;23.6;2.487;1.800;1.212;3.074;0.222;1.651;58
B31558;2015/03/06 01:45:57;58;83;24.5;22.9;2.464;1.783;1.212;3.129;0.222;1.661;59
B31558;2015/03/06 01:46:07;59;78;27.4;23.2;2.551;1.783;1.274;3.129;0.222;1.677;60
B31558;2015/03/06 01:46:17;60;84;23.8;22.7;2.538;1.774;1.274;3.129;0.177;1.680;61
B31558;2015/03/06 01:46:27;61;84;22.9;23.2;2.474;1.774;1.238;3.129;0.177;1.635;62
B31558;2015/03/06 01:46:37;62;83;30.6;23.2;2.574;1.819;1.238;3.119;0.177;1.699;63
B31558;2015/03/06 01:46:47;63;89;27.4;23.2;2.635;1.819;1.212;3.119;0.177;1.654;64
B31558;2015/03/06 01:46:57;64;83;30.0;23.2;2.606;1.777;1.212;3.119;0.119;1.667;65
B31558;2015/03/06 01:47:07;65;83;23.8;23.2;2.470;1.777;1.248;3.119;0.119;1.654;66
B31558;2015/03/06 01:47:17;66;82;22.9;23.4;2.438;1.819;1.248;3.074;0.119;1.677;67
B31558;2015/03/06 01:47:27;67;82;30.6;23.2;2.716;1.819;1.212;3.074;0.119;1.667;68
B31558;2015/03/06 01:47:37;68;78;28.3;23.7;2.474;1.806;1.212;3.074;0.138;1.619;69
B31558;2015/03/06 01:47:47;69;88;32.2;23.4;2.658;1.806;1.212;3.074;0.138;1.651;70
B31558;2015/03/06 01:47:57;70;81;28.3;23.2;2.699;1.819;1.212;3.132;0.138;1.629;71
B31558;2015/03/06 01:48:08;0;1;29.3;23.2;2.141;-1.000;-1.000;-1.000;-1.000;1.751;1
B31558;2015/03/06 01:48:27;1;100;33.5;23.4;2.448;-1.000;-1.000;-1.000;-1.000;1.677;2
B31558;2015/03/06 01:48:37;2;85;24.8;23.7;2.587;1.532;-1.000;3.216;-1.000;1.641;3
B31558;2015/03/06 01:48:47;3;88;25.8;23.6;2.503;1.532;1.280;3.216;-1.000;1.674;4
B31558;2015/03/06 01:48:57;4;80;30.6;23.6;2.674;1.616;1.280;3.216;0.161;1.677;5
B31558;2015/03/06 01:49:07;5;78;26.4;23.6;2.487;1.616;1.235;3.216;0.161;1.619;6
B31558;2015/03/06 01:49:17;6;93;31.2;23.9;2.554;1.709;1.235;3.051;0.161;1.629;7
B31558;2015/03/06 01:49:27;7;83;23.2;23.9;2.470;1.709;1.216;3.051;0.161;1.670;8
B31558;2015/03/06 01:49:37;8;91;25.1;23.6;2.496;1.732;1.216;3.051;0.151;1.619;9
B31558;2015/03/06 01:49:47;9;85;22.5;23.4;2.545;1.732;1.290;3.051;0.151;1.641;10
B31558;2015/03/06 01:49:57;10;86;25.8;23.2;2.712;1.732;1.290;3.045;0.151;1.651;11
B31558;2015/03/06 01:50:07;11;81;22.9;23.6;2.606;1.732;1.274;3.045;0.151;1.670;12
B31558;2015/03/06 01:50:17;12;84;32.5;23.9;2.470;1.764;1.274;3.045;0.167;1.658;13
B31558;2015/03/06 01:50:27;13;78;29.3;23.6;2.696;1.764;1.225;3.045;0.167;1.658;14
B31558;2015/03/06 01:50:37;14;82;27.4;23.6;2.448;1.774;1.225;3.103;0.167;1.683;15
B31558;2015/03/06 01:50:47;15;84;32.5;22.9;2.699;1.774;1.280;3.103;0.167;1.645;16
B31558;2015/03/06 01:50:57;16;87;30.6;23.6;2.690;1.803;1.280;3.103;0.170;1.680;17
B31558;2015/03/06 01:51:07;17;84;22.9;23.2;2.538;1.803;1.216;3.103;0.170;1.641;18
B31558;2015/03/06 01:51:17;18;78;29.0;23.6;2.458;1.761;1.216;3.061;0.170;1.699;19
B31558;2015/03/06 01:51:27;19;72;30.3;23.7;2.480;1.761;1.232;3.061;0.170;1.638;20
B31558;2015/03/06 01:51:37;20;75;25.8;22.7;2.719;1.780;1.232;3.061;0.125;1.664;21
B31558;2015/03/06 01:51:47;21;82;27.7;22.7;2.590;1.780;1.248;3.061;0.125;1.683;22
B31558;2015/03/06 01:51:57;22;82;27.4;23.2;2.670;1.767;1.248;3.074;0.125;1.667;23
B31558;2015/03/06 01:52:07;23;82;33.8;22.7;2.603;1.767;1.232;3.074;0.125;1.670;24
B31558;2015/03/06 01:52:17;24;80;25.1;23.4;2.458;1.793;1.232;3.074;0.125;1.661;25
B31558;2015/03/06 01:52:27;25;80;23.2;23.2;2.474;1.793;1.274;3.074;0.125;1.683;26
B31558;2015/03/06 01:52:37;26;87;28.7;23.4;2.480;1.770;1.274;3.116;0.125;1.664;27
B31558;2015/03/06 01:52:47;27;89;34.5;23.2;2.548;1.770;1.225;3.116;0.125;1.674;28
B31558;2015/03/06 01:52:57;28;88;28.7;23.7;2.483;1.777;1.225;3.116;0.122;1.661;29
B31558;2015/03/06 01:53:07;29;79;32.5;23.2;2.629;1.777;1.245;3.116;0.122;1.670;30
B31558;2015/03/06 01:53:17;30;83;27.4;22.9;2.693;1.790;1.245;3.129;0.122;1.654;31
B31558;2015/03/06 01:53:27;31;92;31.2;23.4;2.551;1.790;1.212;3.129;0.122;1.690;32
B31558;2015/03/06 01:53:37;32;84;30.6;23.2;2.696;1.770;1.212;3.129;0.183;1.625;33
B31558;2015/03/06 01:53:47;33;83;23.5;23.2;2.722;1.770;1.209;3.129;0.183;1.680;34
B31558;2015/03/06 01:53:57;34;89;27.4;23.7;2.477;1.770;1.209;3.116;0.183;1.645;35
B31558;2015/03/06 01:54:07;35;78;33.2;22.9;2.703;1.770;1.280;3.116;0.183;1.658;36
B31558;2015/03/06 01:54:17;36;93;24.8;22.9;2.451;1.796;1.280;3.116;0.125;1.648;37
B31558;2015/03/06 01:54:27;37;84;32.9;22.7;2.622;1.796;1.209;3.116;0.125;1.638;38
B31558;2015/03/06 01:54:37;38;83;33.2;23.4;2.496;1.816;1.209;3.083;0.125;1.667;39
B31558;2015/03/06 01:54:47;39;72;24.1;23.6;2.474;1.816;1.229;3.083;0.125;1.638;40
B31558;2015/03/06 01:54:57;40;88;31.9;23.1;2.509;1.809;1.229;3.083;0.135;1.667;41
B31558;2015/03/06 01:55:07;41;85;27.0;23.2;2.670;1.809;1.232;3.083;0.135;1.683;42
B31558;2015/03/06 01:55:17;42;79;30.6;23.7;2.712;1.803;1.232;3.080;0.135;1.670;43
B31558;2015/03/06 01:55:27;43;78;23.2;23.2;2.477;1.803;1.270;3.080;0.135;1.677;44
B31558;2015/03/06 01:55:37;44;83;29.3;22.9;2.654;1.783;1.270;3.080;0.132;1.664;45
B31558;2015/03/06 01:55:47;45;74;33.2;23.2;2.722;1.783;1.254;3.080;0.132;1.667;46
B31558;2015/03/06 01:55:57;46;73;23.2;22.9;2.496;1.806;1.254;3.080;0.132;1.703;47
B31558;2015/03/06 01:56:07;47;88;29.6;22.5;2.629;1.806;1.216;3.080;0.132;1.699;48
B31558;2015/03/06 01:56:17;48;83;31.9;23.4;2.496;1.774;1.216;3.080;0.132;1.693;49
B31558;2015/03/06 01:56:27;49;88;33.8;23.4;2.670;1.774;1.277;3.080;0.132;1.677;50
B31558;2015/03/06 01:56:37;50;79;28.3;22.9;2.706;1.822;1.277;3.132;0.132;1.661;51
B31558;2015/03/06 01:56:47;51;82;26.7;23.1;2.525;1.822;1.212;3.132;0.132;1.670;52
B31558;2015/03/06 01:56:57;52;83;25.1;23.7;2.458;1.816;1.212;3.132;0.141;1.712;53
B31558;2015/03/06 01:57:07;53;77;23.8;23.2;2.480;1.816;1.225;3.132;0.141;1.706;54
B31558;2015/03/06 01:57:17;54;79;26.4;23.4;2.464;1.822;1.225;3.122;0.141;1.712;55
B31558;2015/03/06 01:57:27;55;82;27.7;22.7;2.716;1.822;1.212;3.122;0.141;1.699;56
B31558;2015/03/06 01:57:37;56;84;31.2;23.7;2.529;1.777;1.212;3.122;0.161;1.667;57
B31558;2015/03/06 01:57:47;57;84;31.9;23.2;2.729;1.777;1.222;3.122;0.161;1.658;58
B31558;2015/03/06 01:57:57;58;88;31.2;23.9;2.500;1.809;1.222;3.080;0.161;1.693;59
B31558;2015/03/06 01:58:07;59;81;23.2;23.6;2.474;1.809;1.216;3.080;0.161;1.699;60
B31558;2015/03/06 01:58:17;60;92;31.6;23.6;2.551;1.803;1.216;3.080;0.125;1.670;61
B31558;2015/03/06 01:58:27;61;86;23.2;23.7;2.564;1.803;1.225;3.080;0.125;1.638;62
B31558;2015/03/06 01:58:37;62;89;34.8;23.4;2.570;1.777;1.225;3.129;0.125;1.622;63
B31558;2015/03/06 01:58:47;63;91;23.5;23.1;2.454;1.777;1.270;3.129;0.125;1.622;64
B31558;2015/03/06 01:58:57;64;86;30.9;23.4;2.725;1.780;1.270;3.129;0.196;1.616;65
B31558;2015/03/06 01:59:07;65;91;32.2;23.6;2.722;1.780;1.287;3.129;0.196;1.635;66
B31558;2015/03/06 01:59:17;66;83;29.3;23.6;2.635;1.812;1.287;3.129;0.196;1.645;67
B31558;2015/03/06 01:59:27;67;76;23.2;23.6;2.487;1.812;1.287;3.129;0.196;1.677;68
B31558;2015/03/06 01:59:37;68;89;26.4;22.9;2.451;1.796;1.287;3.129;0.122;1.687;69
B31558;2015/03/06 01:59:47;69;84;25.1;23.6;2.516;1.796;1.261;3.129;0.122;1.687;70
