B3155D;2015/03/05 00:00:21;0;1;28.0;20.1;2.577;-1.000;-1.000;-1.000;-1.000;1.000;1
B3155D;2015/03/05 00:00:40;1;82;33.8;20.6;2.535;-1.000;-1.000;-1.000;-1.000;1.106;2
B3155D;2015/03/05 00:00:51;2;65;28.3;20.8;2.561;1.532;-1.000;2.835;-1.000;1.077;3
B3155D;2015/03/05 00:01:00;3;62;34.1;20.3;2.567;1.532;0.970;2.835;-1.000;1.138;4
B3155D;2015/03/05 00:01:11;4;69;30.6;20.3;2.558;1.564;0.970;2.835;0.135;1.164;5
B3155D;2015/03/05 00:01:20;5;58;31.6;20.3;2.603;1.564;0.964;2.835;0.135;1.154;6
B3155D;2015/03/05 00:01:31;6;72;31.2;20.8;2.738;1.661;0.964;2.799;0.135;1.199;7
B3155D;2015/03/05 00:01:40;7;66;28.3;21.0;2.745;1.661;0.970;2.799;0.135;1.183;8
B3155D;2015/03/05 00:01:51;8;72;32.5;20.6;2.732;1.677;0.970;2.799;0.132;1.245;9
B3155D;2015/03/05 00:02:00;9;61;29.0;20.3;2.658;1.677;0.964;2.799;0.132;1.232;10
B3155D;2015/03/05 00:02:11;10;62;34.1;20.4;2.703;1.719;0.964;2.845;0.132;1.251;11
B3155D;2015/03/05 00:02:20;11;62;30.3;20.4;2.667;1.719;1.009;2.845;0.132;1.222;12
B3155D;2015/03/05 00:02:31;12;71;31.6;21.1;2.741;1.729;1.009;2.845;0.125;1.229;13
B3155D;2015/03/05 00:02:40;13;65;31.9;20.6;2.712;1.729;0.974;2.845;0.125;1.222;14
B3155D;2015/03/05 00:02:51;14;63;31.2;19.8;2.670;1.745;0.974;2.819;0.125;1.274;15
B3155D;2015/03/05 00:03:00;15;56;35.1;21.0;2.567;1.745;1.003;2.819;0.125;1.229;16
B3155D;2015/03/05 00:03:11;16;66;33.8;21.0;2.567;1.761;1.003;2.819;0.167;1.261;17
B3155D;2015/03/05 00:03:20;17;66;29.0;20.8;2.741;1.761;0.964;2.819;0.167;1.245;18
B3155D;2015/03/05 00:03:31;18;69;30.6;21.1;2.745;1.732;0.964;2.841;0.167;1.283;19
B3155D;2015/03/05 00:03:40;19;65;34.8;21.7;2.703;1.732;0.993;2.841;0.167;1.283;20
B3155D;2015/03/05 00:03:51;20;72;30.0;21.1;2.722;1.764;0.993;2.841;0.132;1.312;21
B3155D;2015/03/05 00:04:00;21;60;33.8;20.4;2.645;1.764;0.970;2.841;0.132;1.254;22
B3155D;2015/03/05 00:04:11;22;63;32.9;20.8;2.719;1.761;0.970;2.841;0.132;1.270;23
B3155D;2015/03/05 00:04:20;23;73;30.6;21.0;2.680;1.761;1.016;2.841;0.132;1.258;24
B3155D;2015/03/05 00:04:31;24;70;32.9;20.8;2.670;1.745;1.016;2.841;0.154;1.254;25
B3155D;2015/03/05 00:04:40;25;70;30.0;21.0;2.748;1.745;0.983;2.841;0.154;1.300;26
B3155D;2015/03/05 00:04:51;26;68;30.0;21.5;2.593;1.754;0.983;2.848;0.154;1.287;27
B3155D;2015/03/05 00:05:00;27;58;32.9;20.4;2.600;1.754;0.980;2.848;0.154;1.270;28
B3155D;2015/03/05 00:05:11;28;77;30.3;20.3;2.587;1.741;0.980;2.848;0.138;1.300;29
B3155D;2015/03/05 00:05:20;29;61;33.8;20.1;2.725;1.741;0.964;2.848;0.138;1.306;30
B3155D;2015/03/05 00:05:31;30;67;30.0;21.1;2.706;1.751;0.964;2.829;0.138;1.325;31
B3155D;2015/03/05 00:05:40;31;58;28.7;20.8;2.732;1.751;1.006;2.829;0.138;1.309;32
B3155D;2015/03/05 00:05:51;32;70;29.0;20.8;2.741;1.777;1.006;2.829;0.145;1.319;33
B3155D;2015/03/05 00:06:00;33;68;29.6;21.0;2.751;1.777;0.983;2.829;0.145;1.306;34
B3155D;2015/03/05 00:06:11;34;67;29.0;20.4;2.729;1.745;0.983;2.838;0.145;1.348;35
B3155D;2015/03/05 00:06:20;35;69;28.7;20.4;2.716;1.745;0.967;2.838;0.145;1.309;36
B3155D;2015/03/05 00:06:31;36;64;31.2;20.4;2.558;1.745;0.967;2.838;0.122;1.277;37
B3155D;2015/03/05 00:06:40;37;61;28.7;20.8;2.729;1.745;0.970;2.838;0.122;1.325;38
B3155D;2015/03/05 00:06:51;38;61;30.3;19.8;2.745;1.780;0.970;2.877;0.122;1.316;39
B3155D;2015/03/05 00:07:00;39;68;28.7;20.4;2.587;1.780;1.012;2.877;0.122;1.351;40
B3155D;2015/03/05 00:07:11;40;63;30.9;20.4;2.561;1.774;1.012;2.877;0.112;1.345;41
B3155D;2015/03/05 00:07:20;41;51;30.3;20.3;2.590;1.774;1.012;2.877;0.112;1.351;42
B3155D;2015/03/05 00:07:31;42;63;30.3;20.4;2.583;1.777;1.012;2.854;0.112;1.351;43
B3155D;2015/03/05 00:07:40;43;68;32.9;20.4;2.606;1.777;1.009;2.854;0.112;1.367;44
B3155D;2015/03/05 00:07:51;44;58;29.3;20.4;2.648;1.767;1.009;2.854;0.122;1.325;45
B3155D;2015/03/05 00:08:00;45;59;32.9;20.6;2.583;1.767;0.970;2.854;0.122;1.367;46
B3155D;2015/03/05 00:08:11;46;69;32.5;20.4;2.735;1.748;0.970;2.877;0.122;1.387;47
B3155D;2015/03/05 00:08:20;47;62;29.3;20.3;2.600;1.748;0.964;2.877;0.122;1.370;48
B3155D;2015/03/05 00:08:31;48;73;30.6;20.4;2.716;1.748;0.964;2.877;0.132;1.345;49
B3155D;2015/03/05 00:08:40;49;57;32.5;20.4;2.745;1.748;1.009;2.877;0.132;1.358;50
B3155D;2015/03/05 00:08:51;50;64;28.3;20.4;2.629;1.780;1.009;2.883;0.132;1.341;51
B3155D;2015/03/05 00:09:00;51;63;29.6;21.0;2.745;1.780;0.996;2.883;0.132;1.380;52
B3155D;2015/03/05 00:09:11;52;67;28.7;20.4;2.722;1.751;0.996;2.883;0.122;1.377;53
B3155D;2015/03/05 00:09:20;53;62;29.3;20.1;2.741;1.751;0.967;2.883;0.122;1.383;54
B3155D;2015/03/05 00:09:31;54;72;28.7;21.1;2.603;1.764;0.967;2.874;0.122;1.393;55
B3155D;2015/03/05 00:09:40;55;58;31.6;20.3;2.741;1.764;1.016;2.874;0.122;1.380;56
B3155D;2015/03/05 00:09:51;56;78;34.1;20.3;2.577;1.754;1.016;2.874;0.141;1.351;57
B3155D;2015/03/05 00:10:00;57;63;30.0;20.4;2.654;1.754;0.964;2.874;0.141;1.351;58
B3155D;2015/03/05 00:10:11;58;76;32.9;20.4;2.619;1.754;0.964;2.887;0.141;1.364;59
B3155D;2015/03/05 00:10:20;59;68;31.9;20.6;2.606;1.754;1.012;2.887;0.141;1.345;60
B3155D;2015/03/05 00:10:31;60;67;30.3;20.3;2.735;1.787;1.012;2.887;0.122;1.403;61
B3155D;2015/03/05 00:10:40;61;57;29.3;20.1;2.748;1.787;0.970;2.887;0.122;1.367;62
B3155D;2015/03/05 00:10:51;62;64;29.6;20.8;2.725;1.767;0.970;2.854;0.122;1.387;63
B3155D;2015/03/05 00:11:00;63;60;30.6;19.9;2.645;1.767;0.964;2.854;0.122;1.364;64
B3155D;2015/03/05 00:11:11;64;78;32.5;20.4;2.719;1.787;0.964;2.854;0.122;1.383;65
B3155D;2015/03/05 00:11:20;65;62;31.6;20.6;2.622;1.787;0.980;2.854;0.122;1.348;66
B3155D;2015/03/05 00:11:31;66;78;31.6;20.4;2.645;1.787;0.980;2.890;0.122;1.325;67
B3155D;2015/03/05 00:11:40;67;64;29.6;20.4;2.677;1.787;1.006;2.890;0.122;1.290;68
B3155D;2015/03/05 00:11:51;68;67;30.3;20.1;2.577;1.767;1.006;2.890;0.129;1.361;69
B3155D;2015/03/05 00:12:00;69;62;30.9;20.4;2.612;1.767;0.967;2.890;0.129;1.287;70
B3155D;2015/03/05 00:12:11;70;62;30.3;19.6;2.735;1.767;0.967;2.874;0.129;1.364;71
B3155D;2015/03/05 00:12:20;71;66;29.3;20.6;2.751;1.767;0.967;2.874;0.129;1.309;72
B3155D;2015/03/05 00:12:31;72;69;30.6;20.6;2.577;1.764;0.967;2.874;0.122;1.345;73
B3155D;2015/03/05 00:12:40;73;63;33.2;20.8;2.751;1.764;1.019;2.874;0.122;1.306;74
B3155D;2015/03/05 00:12:51;74;68;32.5;20.3;2.593;1.787;1.019;2.848;0.122;1.283;75
B3155D;2015/03/05 00:13:00;75;68;30.3;21.0;2.600;1.787;0.964;2.848;0.122;1.325;76
B3155D;2015/03/05 00:13:11;76;65;31.6;21.0;2.719;1.758;0.964;2.848;0.164;1.335;77
B3155D;2015/03/05 00:13:20;77;64;32.9;20.3;2.745;1.758;0.993;2.848;0.164;1.370;78
B3155D;2015/03/05 00:13:31;78;70;32.9;20.4;2.696;1.764;0.993;2.854;0.164;1.364;79
B3155D;2015/03/05 00:13:40;79;68;30.6;20.3;2.732;1.764;1.012;2.854;0.164;1.364;80
B3155D;2015/03/05 00:13:51;80;69;31.9;20.6;2.670;1.790;1.012;2.854;0.161;1.358;81
B3155D;2015/03/05 00:14:00;81;63;30.9;20.6;2.758;1.790;0.974;2.854;0.161;1.383;82
B3155D;2015/03/05 00:14:11;82;70;32.9;20.3;2.632;1.758;0.974;2.841;0.161;1.367;83
B3155D;2015/03/05 00:14:20;83;65;28.7;20.1;2.706;1.758;1.006;2.841;0.161;1.370;84
B3155D;2015/03/05 00:14:31;84;66;29.3;20.8;2.719;1.777;1.006;2.841;0.119;1.393;85
B3155D;2015/03/05 00:14:40;85;62;29.6;20.1;2.725;1.777;0.987;2.841;0.119;1.390;86
B3155D;2015/03/05 00:14:51;86;68;30.6;20.8;2.732;1.758;0.987;2.858;0.119;1.445;87
B3155D;2015/03/05 00:15:01;87;68;28.3;19.8;2.687;1.758;0.987;2.858;0.119;1.445;88
B3155D;2015/03/05 00:15:11;88;64;28.0;21.1;2.619;1.758;0.987;2.858;0.112;1.448;89
B3155D;2015/03/05 00:15:20;89;68;29.3;20.3;2.732;1.758;1.016;2.858;0.112;1.445;90
B3155D;2015/03/05 00:15:31;90;66;30.6;21.0;2.722;1.767;1.016;2.845;0.112;1.441;91
B3155D;2015/03/05 00:15:40;91;63;30.9;21.1;2.758;1.767;0.967;2.845;0.112;1.419;92
B3155D;2015/03/05 00:15:51;92;77;32.2;21.1;2.677;1.777;0.967;2.845;0.164;1.425;93
B3155D;2015/03/05 00:16:00;93;68;30.0;20.8;2.751;1.777;0.980;2.845;0.164;1.399;94
B3155D;2015/03/05 00:16:11;94;72;28.3;21.0;2.558;1.780;0.980;2.896;0.164;1.364;95
B3155D;2015/03/05 00:16:20;95;60;32.9;21.1;2.758;1.780;0.987;2.896;0.164;1.380;96
B3155D;2015/03/05 00:16:31;96;78;32.2;21.3;2.677;1.787;0.987;2.896;0.212;1.312;97
B3155D;2015/03/05 00:16:40;97;54;28.0;20.8;2.570;1.787;0.964;2.896;0.212;1.348;98
B3155D;2015/03/05 00:16:51;98;64;31.2;20.4;2.645;1.767;0.964;2.883;0.212;1.316;99
B3155D;2015/03/05 00:17:00;99;65;33.2;20.8;2.567;1.767;0.970;2.883;0.212;1.319;100
B3155D;2015/03/05 00:17:11;100;70;31.9;20.6;2.741;1.758;0.970;2.883;0.132;1.316;101
B3155D;2015/03/05 00:17:20;101;53;31.9;21.0;2.632;1.758;1.003;2.883;0.132;1.293;102
B3155D;2015/03/05 00:17:31;102;74;32.2;21.5;2.745;1.790;1.003;2.848;0.132;1.316;103
B3155D;2015/03/05 00:17:40;103;63;30.6;20.4;2.706;1.790;1.019;2.848;0.132;1.254;104
B3155D;2015/03/05 00:17:51;104;73;30.3;20.3;2.745;1.793;1.019;2.848;0.135;1.280;105
B3155D;2015/03/05 00:18:00;105;63;30.3;20.6;2.725;1.793;1.016;2.848;0.135;1.264;106
B3155D;2015/03/05 00:18:11;106;64;29.3;21.0;2.745;1.790;1.016;2.858;0.135;1.254;107
B3155D;2015/03/05 00:18:20;107;69;28.7;20.6;2.654;1.790;0.970;2.858;0.135;1.248;108
B3155D;2015/03/05 00:18:31;108;62;32.2;21.1;2.745;1.761;0.970;2.858;0.119;1.283;109
B3155D;2015/03/05 00:18:40;109;64;29.0;21.0;2.590;1.761;0.974;2.858;0.119;1.277;110
B3155D;2015/03/05 00:18:51;110;76;30.9;21.5;2.558;1.793;0.974;2.848;0.119;1.290;111
B3155D;2015/03/05 00:19:00;111;58;33.2;21.0;2.600;1.793;0.970;2.848;0.119;1.303;112
B3155D;2015/03/05 00:19:11;112;73;35.1;21.3;2.593;1.787;0.970;2.848;0.167;1.322;113
B3155D;2015/03/05 00:19:20;113;64;32.5;20.6;2.612;1.787;1.009;2.848;0.167;1.261;114
B3155D;2015/03/05 00:19:31;114;76;33.5;21.1;2.696;1.761;1.009;2.845;0.167;1.280;115
B3155D;2015/03/05 00:19:40;115;61;29.0;21.3;2.580;1.761;0.977;2.845;0.167;1.329;116
B3155D;2015/03/05 00:19:51;116;58;32.2;20.6;2.696;1.764;0.977;2.845;0.112;1.309;117
B3155D;2015/03/05 00:20:00;117;66;29.6;20.8;2.745;1.764;0.977;2.845;0.112;1.296;118
B3155D;2015/03/05 00:20:11;118;66;30.3;21.0;2.719;1.761;0.977;2.883;0.112;1.358;119
B3155D;2015/03/05 00:20:20;119;70;29.0;20.4;2.587;1.761;1.012;2.883;0.112;1.293;120
B3155D;2015/03/05 00:20:31;120;74;31.2;20.3;2.729;1.780;1.012;2.883;0.112;1.325;121
B3155D;2015/03/05 00:20:40;121;71;29.0;20.8;2.674;1.780;1.019;2.883;0.112;1.309;122
B3155D;2015/03/05 00:20:51;122;68;31.2;20.3;2.729;1.761;1.019;2.858;0.112;1.329;123
B3155D;2015/03/05 00:21:00;123;70;33.8;20.8;2.609;1.761;0.987;2.858;0.112;1.335;124
B3155D;2015/03/05 00:21:11;124;68;33.2;21.1;2.554;1.793;0.987;2.858;0.116;1.290;125
B3155D;2015/03/05 00:21:20;125;53;32.9;20.8;2.677;1.793;0.983;2.858;0.116;1.309;126
B3155D;2015/03/05 00:21:31;126;71;29.6;20.6;2.590;1.761;0.983;2.903;0.116;1.325;127
B3155D;2015/03/05 00:21:40;127;63;29.0;21.3;2.735;1.761;0.977;2.903;0.116;1.325;128
B3155D;2015/03/05 00:21:51;128;68;30.9;20.1;2.590;1.793;0.977;2.903;0.122;1.348;129
B3155D;2015/03/05 00:22:00;129;57;30.0;20.4;2.751;1.793;0.974;2.903;0.122;1.383;130
B3155D;2015/03/05 00:22:11;130;74;30.3;20.3;2.570;1.764;0.974;2.861;0.122;1.354;131
B3155D;2015/03/05 00:22:20;131;63;31.6;20.8;2.603;1.764;0.993;2.861;0.122;1.325;132
B3155D;2015/03/05 00:22:31;132;68;29.6;21.3;2.706;1.790;0.993;2.861;0.141;1.364;133
B3155D;2015/03/05 00:22:40;133;62;33.5;20.6;2.619;1.790;0.977;2.861;0.141;1.329;134
B3155D;2015/03/05 00:22:51;134;71;29.6;20.4;2.570;1.796;0.977;2.867;0.141;1.341;135
B3155D;2015/03/05 00:23:00;135;68;30.3;20.4;2.570;1.796;0.974;2.867;0.141;1.325;136
B3155D;2015/03/05 00:23:11;136;62;33.5;20.6;2.583;1.783;0.974;2.867;0.167;1.325;137
B3155D;2015/03/05 00:23:20;137;65;33.2;20.6;2.570;1.783;1.025;2.867;0.167;1.351;138
B3155D;2015/03/05 00:23:31;138;75;34.5;20.8;2.664;1.780;1.025;2.874;0.167;1.341;139
B3155D;2015/03/05 00:23:40;139;70;28.7;20.4;2.751;1.780;0.977;2.874;0.167;1.319;140
B3155D;2015/03/05 00:23:51;140;68;30.3;20.3;2.735;1.764;0.977;2.874;0.158;1.345;141
B3155D;2015/03/05 00:24:00;141;63;28.0;20.4;2.745;1.764;1.016;2.874;0.158;1.351;142
B3155D;2015/03/05 00:24:11;142;69;32.2;20.8;2.748;1.796;1.016;2.870;0.158;1.338;143
B3155D;2015/03/05 00:24:20;143;64;28.7;20.4;2.664;1.796;0.974;2.870;0.158;1.406;144
B3155D;2015/03/05 00:24:31;144;70;29.3;20.3;2.590;1.793;0.974;2.870;0.129;1.406;145
B3155D;2015/03/05 00:24:40;145;77;32.5;20.4;2.574;1.793;1.009;2.870;0.129;1.435;146
B3155D;2015/03/05 00:24:51;146;80;32.9;20.4;2.745;1.767;1.009;2.874;0.129;1.377;147
B3155D;2015/03/05 00:25:00;147;65;30.3;20.6;2.600;1.767;0.970;2.874;0.129;1.338;148
B3155D;2015/03/05 00:25:11;148;71;30.0;20.6;2.583;1.764;0.970;2.874;0.112;1.351;149
B3155D;2015/03/05 00:25:20;149;73;33.8;20.1;2.580;1.764;0.977;2.874;0.112;1.322;150
B3155D;2015/03/05 00:25:31;150;67;31.6;20.1;2.722;1.780;0.977;2.874;0.112;1.335;151
B3155D;2015/03/05 00:25:40;151;69;29.6;19.8;2.751;1.780;1.009;2.874;0.112;1.316;152
B3155D;2015/03/05 00:25:51;152;70;30.6;19.6;2.745;1.793;1.009;2.874;0.112;1.335;153
B3155D;2015/03/05 00:26:00;153;61;28.0;20.3;2.570;1.793;1.016;2.874;0.112;1.380;154
B3155D;2015/03/05 00:26:11;154;72;33.8;20.8;2.696;1.787;1.016;2.890;0.112;1.367;155
B3155D;2015/03/05 00:26:20;155;65;30.6;21.0;2.725;1.787;0.970;2.890;0.112;1.367;156
B3155D;2015/03/05 00:26:31;156;73;30.6;21.3;2.751;1.774;0.970;2.890;0.167;1.348;157
B3155D;2015/03/05 00:26:40;157;65;35.1;21.3;2.745;1.774;1.022;2.890;0.167;1.364;158
B3155D;2015/03/05 00:26:51;158;78;33.2;20.8;2.716;1.790;1.022;2.903;0.167;1.377;159
B3155D;2015/03/05 00:27:00;159;69;29.6;20.8;2.751;1.790;1.019;2.903;0.167;1.361;160
B3155D;2015/03/05 00:27:11;160;74;31.2;20.8;2.751;1.761;1.019;2.903;0.122;1.393;161
B3155D;2015/03/05 00:27:20;161;61;31.9;20.4;2.738;1.761;1.000;2.903;0.122;1.467;162
B3155D;2015/03/05 00:27:31;162;69;32.9;20.6;2.577;1.796;1.000;2.864;0.122;1.441;163
B3155D;2015/03/05 00:27:40;163;62;31.6;21.0;2.619;1.796;1.019;2.864;0.122;1.448;164
B3155D;2015/03/05 00:27:51;164;70;32.5;20.4;2.600;1.796;1.019;2.864;0.119;1.419;165
B3155D;2015/03/05 00:28:00;165;68;33.5;20.8;2.574;1.796;1.003;2.864;0.119;1.422;166
B3155D;2015/03/05 00:28:11;166;57;32.2;20.4;2.593;1.764;1.003;2.874;0.119;1.477;167
B3155D;2015/03/05 00:28:20;167;63;31.6;19.8;2.754;1.764;0.987;2.874;0.119;1.454;168
B3155D;2015/03/05 00:28:31;168;65;30.6;21.0;2.658;1.800;0.987;2.874;0.125;1.448;169
B3155D;2015/03/05 00:28:40;169;63;33.2;21.0;2.600;1.800;0.970;2.874;0.125;1.451;170
B3155D;2015/03/05 00:28:51;170;59;31.2;20.1;2.754;1.796;0.970;2.864;0.125;1.432;171
B3155D;2015/03/05 00:29:00;171;72;32.5;20.4;2.748;1.796;1.012;2.864;0.125;1.409;172
B3155D;2015/03/05 00:29:11;172;76;31.6;20.8;2.719;1.790;1.012;2.864;0.119;1.406;173
B3155D;2015/03/05 00:29:20;173;62;29.6;20.6;2.564;1.790;1.025;2.864;0.119;1.409;174
B3155D;2015/03/05 00:29:31;174;58;33.8;20.4;2.577;1.793;1.025;2.854;0.119;1.448;175
B3155D;2015/03/05 00:29:40;175;67;31.2;20.3;2.719;1.793;1.025;2.854;0.119;1.432;176
B3155D;2015/03/05 00:29:51;176;63;29.3;20.4;2.741;1.764;1.025;2.854;0.141;1.480;177
B3155D;2015/03/05 00:30:00;177;66;33.5;19.9;2.735;1.764;0.970;2.854;0.141;1.529;178
B3155D;2015/03/05 00:30:11;178;69;32.5;20.8;2.609;1.800;0.970;2.864;0.141;1.480;179
B3155D;2015/03/05 00:30:20;179;65;31.9;20.6;2.558;1.800;0.974;2.864;0.141;1.467;180
B3155D;2015/03/05 00:30:31;180;74;30.0;20.8;2.677;1.774;0.974;2.864;0.148;1.477;181
B3155D;2015/03/05 00:30:40;181;59;32.5;20.3;2.570;1.774;1.003;2.864;0.148;1.432;182
B3155D;2015/03/05 00:30:51;182;68;29.6;20.4;2.703;1.800;1.003;2.864;0.148;1.419;183
B3155D;2015/03/05 00:31:00;183;58;29.3;20.6;2.751;1.800;1.000;2.864;0.148;1.474;184
B3155D;2015/03/05 00:31:11;184;66;32.2;20.3;2.577;1.780;1.000;2.864;0.112;1.425;185
B3155D;2015/03/05 00:31:20;185;61;32.2;20.1;2.654;1.780;0.974;2.864;0.112;1.441;186
B3155D;2015/03/05 00:31:31;186;79;31.9;20.8;2.745;1.774;0.974;2.864;0.112;1.425;187
B3155D;2015/03/05 00:31:40;187;68;29.3;19.6;2.729;1.774;0.974;2.864;0.112;1.409;188
B3155D;2015/03/05 00:31:51;188;69;31.6;21.0;2.738;1.787;0.974;2.864;0.148;1.435;189
B3155D;2015/03/05 00:32:00;189;67;31.2;20.6;2.741;1.787;0.977;2.864;0.148;1.393;190
B3155D;2015/03/05 00:32:11;190;75;30.6;21.0;2.564;1.783;0.977;2.867;0.148;1.454;191
B3155D;2015/03/05 00:32:20;191;63;30.0;20.6;2.593;1.783;1.012;2.867;0.148;1.435;192
B3155D;2015/03/05 00:32:31;192;72;29.6;20.4;2.567;1.790;1.012;2.867;0.151;1.458;193
B3155D;2015/03/05 00:32:40;193;68;30.9;20.3;2.593;1.790;1.016;2.867;0.151;1.464;194
B3155D;2015/03/05 00:32:51;194;60;28.7;20.8;2.561;1.777;1.016;2.906;0.151;1.445;195
B3155D;2015/03/05 00:33:00;195;70;30.9;20.1;2.574;1.777;0.977;2.906;0.151;1.464;196
B3155D;2015/03/05 00:33:11;196;66;32.5;20.6;2.596;1.780;0.977;2.906;0.135;1.474;197
B3155D;2015/03/05 00:33:20;197;61;31.2;20.6;2.619;1.780;0.990;2.906;0.135;1.448;198
B3155D;2015/03/05 00:33:31;198;74;29.3;20.3;2.583;1.800;0.990;2.880;0.135;1.493;199
B3155D;2015/03/05 00:33:40;199;69;30.6;20.1;2.741;1.800;1.025;2.880;0.135;1.429;200
B3155D;2015/03/05 00:33:51;200;66;32.5;20.4;2.745;1.774;1.025;2.880;0.119;1.441;201
B3155D;2015/03/05 00:34:00;201;64;33.8;19.9;2.564;1.774;0.974;2.880;0.119;1.409;202
B3155D;2015/03/05 00:34:11;202;69;31.2;19.6;2.745;1.790;0.974;2.903;0.119;1.412;203
B3155D;2015/03/05 00:34:20;203;54;32.5;20.4;2.654;1.790;0.993;2.903;0.119;1.464;204
B3155D;2015/03/05 00:34:31;204;73;29.6;19.9;2.632;1.803;0.993;2.903;0.132;1.454;205
B3155D;2015/03/05 00:34:40;205;58;29.0;20.6;2.751;1.803;0.977;2.903;0.132;1.445;206
B3155D;2015/03/05 00:34:51;206;68;30.9;20.1;2.751;1.774;0.977;2.874;0.132;1.467;207
B3155D;2015/03/05 00:35:01;207;53;29.6;20.4;2.719;1.774;0.974;2.874;0.132;1.429;208
B3155D;2015/03/05 00:35:11;208;68;29.3;20.1;2.570;1.780;0.974;2.874;0.122;1.470;209
B3155D;2015/03/05 00:35:20;209;67;30.6;19.9;2.716;1.780;1.009;2.874;0.122;1.512;210
B3155D;2015/03/05 00:35:31;210;68;31.6;20.4;2.583;1.780;1.009;2.887;0.122;1.490;211
B3155D;2015/03/05 00:35:40;211;65;32.2;20.4;2.632;1.780;1.025;2.887;0.122;1.500;212
B3155D;2015/03/05 00:35:51;212;75;33.5;20.3;2.558;1.767;1.025;2.887;0.145;1.545;213
B3155D;2015/03/05 00:36:00;213;59;31.6;20.1;2.577;1.767;0.977;2.887;0.145;1.503;214
B3155D;2015/03/05 00:36:11;214;73;33.5;20.1;2.651;1.780;0.977;2.906;0.145;1.516;215
B3155D;2015/03/05 00:36:20;215;68;34.1;19.9;2.745;1.780;0.970;2.906;0.145;1.509;216
B3155D;2015/03/05 00:36:31;216;65;31.2;19.6;2.741;1.767;0.970;2.906;0.119;1.487;217
B3155D;2015/03/05 00:36:40;217;66;32.5;20.6;2.738;1.767;1.019;2.906;0.119;1.467;218
B3155D;2015/03/05 00:36:51;218;70;31.6;19.6;2.658;1.787;1.019;2.887;0.119;1.493;219
B3155D;2015/03/05 00:37:00;219;61;29.0;19.8;2.667;1.787;1.025;2.887;0.119;1.483;220
B3155D;2015/03/05 00:37:11;220;69;29.3;20.3;2.670;1.790;1.025;2.887;0.112;1.441;221
B3155D;2015/03/05 00:37:20;221;72;32.9;19.8;2.564;1.790;1.019;2.887;0.112;1.458;222
B3155D;2015/03/05 00:37:31;222;69;34.1;20.4;2.564;1.767;1.019;2.903;0.112;1.461;223
B3155D;2015/03/05 00:37:40;223;61;30.0;19.9;2.593;1.767;1.006;2.903;0.112;1.435;224
B3155D;2015/03/05 00:37:51;224;76;29.0;20.6;2.716;1.790;1.006;2.903;0.212;1.429;225
B3155D;2015/03/05 00:38:00;225;65;32.5;19.9;2.712;1.790;0.974;2.903;0.212;1.441;226
B3155D;2015/03/05 00:38:11;226;68;31.2;19.8;2.741;1.767;0.974;2.903;0.212;1.425;227
B3155D;2015/03/05 00:38:20;227;63;30.9;20.1;2.593;1.767;0.980;2.903;0.212;1.441;228
B3155D;2015/03/05 00:38:31;228;63;30.9;20.3;2.567;1.796;0.980;2.903;0.106;1.451;229
B3155D;2015/03/05 00:38:40;229;64;34.1;20.6;2.606;1.796;1.000;2.903;0.106;1.451;230
B3155D;2015/03/05 00:38:51;230;68;28.7;19.9;2.587;1.803;1.000;2.880;0.106;1.493;231
B3155D;2015/03/05 00:39:00;231;65;30.6;20.8;2.735;1.803;0.977;2.880;0.106;1.461;232
B3155D;2015/03/05 00:39:11;232;70;29.6;19.8;2.741;1.803;0.977;2.880;0.119;1.464;233
B3155D;2015/03/05 00:39:20;233;70;30.0;20.4;2.712;1.803;1.009;2.880;0.119;1.451;234
B3155D;2015/03/05 00:39:31;234;65;30.9;19.6;2.703;1.787;1.009;2.880;0.119;1.503;235
B3155D;2015/03/05 00:39:40;235;66;30.9;20.3;2.600;1.787;1.016;2.880;0.119;1.474;236
B3155D;2015/03/05 00:39:51;236;71;32.9;21.0;2.558;1.770;1.016;2.880;0.116;1.493;237
B3155D;2015/03/05 00:40:00;237;66;32.2;20.6;2.564;1.770;1.012;2.880;0.116;1.477;238
B3155D;2015/03/05 00:40:11;238;68;29.3;20.4;2.574;1.800;1.012;2.890;0.116;1.570;239
B3155D;2015/03/05 00:40:20;239;63;31.2;20.4;2.567;1.800;1.006;2.890;0.116;1.570;240
B3155D;2015/03/05 00:40:31;240;64;32.9;20.3;2.703;1.774;1.006;2.890;0.125;1.596;241
B3155D;2015/03/05 00:40:40;241;59;34.5;20.6;2.593;1.774;1.025;2.890;0.125;1.593;242
B3155D;2015/03/05 00:40:51;242;74;32.9;20.3;2.645;1.777;1.025;2.903;0.125;1.612;243
B3155D;2015/03/05 00:41:00;243;65;29.6;20.6;2.654;1.777;0.980;2.903;0.125;1.548;244
B3155D;2015/03/05 00:41:11;244;68;29.3;20.1;2.603;1.803;0.980;2.903;0.151;1.567;245
B3155D;2015/03/05 00:41:20;245;70;34.5;20.6;2.567;1.803;0.980;2.903;0.151;1.506;246
B3155D;2015/03/05 00:41:31;246;73;29.6;20.3;2.690;1.806;0.980;2.899;0.151;1.558;247
B3155D;2015/03/05 00:41:40;247;73;28.3;19.9;2.738;1.806;0.977;2.899;0.151;1.509;248
B3155D;2015/03/05 00:41:51;248;68;31.6;20.1;2.729;1.783;0.977;2.899;0.167;1.493;249
B3155D;2015/03/05 00:42:00;249;53;32.2;21.0;2.625;1.783;1.000;2.899;0.167;1.490;250
B3155D;2015/03/05 00:42:11;250;69;31.9;19.8;2.716;1.803;1.000;2.877;0.167;1.467;251
B3155D;2015/03/05 00:42:20;251;61;29.0;20.8;2.680;1.803;1.022;2.877;0.167;1.487;252
B3155D;2015/03/05 00:42:31;252;68;30.6;20.1;2.564;1.790;1.022;2.877;0.141;1.496;253
B3155D;2015/03/05 00:42:40;253;63;29.6;20.4;2.680;1.790;1.025;2.877;0.141;1.461;254
B3155D;2015/03/05 00:42:51;254;73;32.9;20.6;2.596;1.770;1.025;2.896;0.141;1.493;255
B3155D;2015/03/05 00:43:00;255;75;32.5;20.4;2.651;1.770;1.025;2.896;0.141;1.509;256
B3155D;2015/03/05 00:43:11;256;71;34.8;20.6;2.583;1.800;1.025;2.896;0.141;1.487;257
B3155D;2015/03/05 00:43:20;257;65;31.6;20.3;2.580;1.800;1.009;2.896;0.141;1.493;258
B3155D;2015/03/05 00:43:31;258;69;32.2;20.8;2.729;1.770;1.009;2.909;0.141;1.500;259
B3155D;2015/03/05 00:43:40;259;70;33.5;20.4;2.554;1.770;0.996;2.909;0.141;1.487;260
B3155D;2015/03/05 00:43:51;260;66;30.6;21.3;2.567;1.806;0.996;2.909;0.125;1.493;261
B3155D;2015/03/05 00:44:00;261;65;30.3;21.0;2.732;1.806;0.977;2.909;0.125;1.558;262
B3155D;2015/03/05 00:44:11;262;59;29.6;20.4;2.745;1.803;0.977;2.909;0.125;1.532;263
B3155D;2015/03/05 00:44:20;263;68;31.2;20.4;2.612;1.803;1.019;2.909;0.125;1.496;264
B3155D;2015/03/05 00:44:31;264;71;33.5;20.4;2.567;1.770;1.019;2.909;0.106;1.538;265
B3155D;2015/03/05 00:44:40;265;77;30.6;20.3;2.564;1.770;0.996;2.909;0.106;1.545;266
B3155D;2015/03/05 00:44:51;266;78;29.3;20.3;2.567;1.790;0.996;2.883;0.106;1.548;267
B3155D;2015/03/05 00:45:00;267;69;30.6;21.0;2.622;1.790;1.016;2.883;0.106;1.548;268
B3155D;2015/03/05 00:45:11;268;69;33.5;20.4;2.719;1.796;1.016;2.883;0.145;1.570;269
B3155D;2015/03/05 00:45:20;269;73;33.2;20.1;2.687;1.796;0.983;2.883;0.145;1.629;270
B3155D;2015/03/05 00:45:31;270;77;33.2;20.8;2.706;1.774;0.983;2.874;0.145;1.590;271
B3155D;2015/03/05 00:45:40;271;69;32.5;20.4;2.751;1.774;1.022;2.874;0.145;1.583;272
B3155D;2015/03/05 00:45:51;272;71;31.2;20.6;2.735;1.796;1.022;2.874;0.112;1.567;273
B3155D;2015/03/05 00:46:00;273;70;30.9;20.6;2.722;1.796;0.977;2.874;0.112;1.570;274
B3155D;2015/03/05 00:46:11;274;67;35.1;20.8;2.677;1.780;0.977;2.899;0.112;1.564;275
B3155D;2015/03/05 00:46:20;275;62;31.2;19.8;2.754;1.780;1.019;2.899;0.112;1.558;276
B3155D;2015/03/05 00:46:31;276;79;33.5;20.6;2.593;1.783;1.019;2.899;0.135;1.545;277
B3155D;2015/03/05 00:46:40;277;70;30.0;20.8;2.590;1.783;0.977;2.899;0.135;1.558;278
B3155D;2015/03/05 00:46:51;278;74;30.3;20.4;2.670;1.770;0.977;2.880;0.135;1.570;279
B3155D;2015/03/05 00:47:00;279;59;32.5;20.6;2.699;1.770;1.025;2.880;0.135;1.554;280
B3155D;2015/03/05 00:47:11;280;70;31.2;20.4;2.741;1.783;1.025;2.880;0.106;1.596;281
B3155D;2015/03/05 00:47:20;281;60;30.6;19.9;2.632;1.783;1.022;2.880;0.106;1.616;282
B3155D;2015/03/05 00:47:31;282;72;32.9;21.0;2.751;1.787;1.022;2.874;0.106;1.674;283
B3155D;2015/03/05 00:47:40;283;55;30.3;20.1;2.699;1.787;0.980;2.874;0.106;1.603;284
B3155D;2015/03/05 00:47:51;284;63;28.7;20.8;2.570;1.806;0.980;2.874;0.106;1.599;285
B3155D;2015/03/05 00:48:00;285;65;30.9;20.6;2.699;1.806;0.980;2.874;0.106;1.535;286
B3155D;2015/03/05 00:48:11;286;69;34.1;20.6;2.590;1.774;0.980;2.909;0.106;1.548;287
B3155D;2015/03/05 00:48:20;287;53;33.8;20.1;2.587;1.774;0.977;2.909;0.106;1.570;288
B3155D;2015/03/05 00:48:31;288;68;28.7;20.4;2.583;1.809;0.977;2.909;0.132;1.558;289
B3155D;2015/03/05 00:48:40;289;53;30.6;19.9;2.677;1.809;1.009;2.909;0.132;1.561;290
B3155D;2015/03/05 00:48:51;290;68;32.9;20.8;2.641;1.774;1.009;2.887;0.132;1.561;291
B3155D;2015/03/05 00:49:00;291;67;30.0;20.3;2.590;1.774;0.977;2.887;0.132;1.570;292
B3155D;2015/03/05 00:49:11;292;63;29.3;20.4;2.703;1.800;0.977;2.887;0.199;1.577;293
B3155D;2015/03/05 00:49:20;293;60;33.5;20.4;2.741;1.800;0.977;2.887;0.199;1.616;294
B3155D;2015/03/05 00:49:31;294;70;30.0;20.3;2.745;1.777;0.977;2.903;0.199;1.558;295
B3155D;2015/03/05 00:49:40;295;59;29.6;20.8;2.748;1.777;0.993;2.903;0.199;1.625;296
B3155D;2015/03/05 00:49:51;296;66;31.9;20.8;2.596;1.803;0.993;2.903;0.129;1.599;297
B3155D;2015/03/05 00:50:00;297;64;32.9;20.6;2.709;1.803;0.983;2.903;0.129;1.674;298
B3155D;2015/03/05 00:50:11;298;69;31.2;20.3;2.745;1.783;0.983;2.909;0.129;1.687;299
B3155D;2015/03/05 00:50:20;299;63;32.2;20.6;2.699;1.783;0.980;2.909;0.129;1.716;300
B3155D;2015/03/05 00:50:31;300;64;29.0;20.3;2.619;1.803;0.980;2.909;0.116;1.674;301
B3155D;2015/03/05 00:50:40;301;66;29.0;20.6;2.561;1.803;1.000;2.909;0.116;1.703;302
B3155D;2015/03/05 00:50:51;302;79;31.2;20.6;2.587;1.780;1.000;2.877;0.116;1.696;303
B3155D;2015/03/05 00:51:00;303;64;34.8;20.6;2.751;1.780;0.993;2.877;0.116;1.680;304
B3155D;2015/03/05 00:51:11;304;74;32.5;20.8;2.703;1.800;0.993;2.877;0.116;1.641;305
B3155D;2015/03/05 00:51:20;305;63;34.1;20.1;2.719;1.800;1.022;2.877;0.116;1.658;306
B3155D;2015/03/05 00:51:31;306;74;30.6;20.3;2.722;1.787;1.022;2.909;0.116;1.577;307
B3155D;2015/03/05 00:51:40;307;58;30.9;20.3;2.603;1.787;0.977;2.909;0.116;1.574;308
B3155D;2015/03/05 00:51:51;308;73;31.2;19.9;2.745;1.809;0.977;2.909;0.122;1.548;309
B3155D;2015/03/05 00:52:00;309;69;32.5;20.1;2.590;1.809;0.983;2.909;0.122;1.548;310
B3155D;2015/03/05 00:52:11;310;58;33.2;19.9;2.683;1.806;0.983;2.906;0.122;1.606;311
B3155D;2015/03/05 00:52:20;311;66;34.1;20.4;2.722;1.806;0.983;2.906;0.122;1.570;312
B3155D;2015/03/05 00:52:31;312;66;29.3;20.4;2.745;1.806;0.983;2.906;0.112;1.545;313
B3155D;2015/03/05 00:52:40;313;57;32.2;20.1;2.590;1.806;1.022;2.906;0.112;1.612;314
B3155D;2015/03/05 00:52:51;314;68;29.6;20.8;2.570;1.774;1.022;2.916;0.112;1.635;315
B3155D;2015/03/05 00:53:00;315;57;30.0;20.4;2.741;1.774;1.009;2.916;0.112;1.635;316
B3155D;2015/03/05 00:53:11;316;79;28.3;20.3;2.577;1.777;1.009;2.916;0.119;1.629;317
B3155D;2015/03/05 00:53:20;317;58;29.6;20.4;2.606;1.777;0.993;2.916;0.119;1.661;318
B3155D;2015/03/05 00:53:31;318;72;29.3;20.6;2.729;1.793;0.993;2.909;0.119;1.699;319
B3155D;2015/03/05 00:53:40;319;68;30.0;21.0;2.745;1.793;0.983;2.909;0.119;1.703;320
B3155D;2015/03/05 00:53:51;320;63;29.6;20.8;2.577;1.796;0.983;2.909;0.141;1.683;321
B3155D;2015/03/05 00:54:00;321;60;33.8;20.4;2.677;1.796;1.003;2.909;0.141;1.722;322
B3155D;2015/03/05 00:54:11;322;70;29.3;20.8;2.577;1.787;1.003;2.909;0.141;1.683;323
B3155D;2015/03/05 00:54:20;323;67;32.5;20.6;2.758;1.787;1.025;2.909;0.141;1.674;324
B3155D;2015/03/05 00:54:31;324;63;30.0;20.3;2.696;1.790;1.025;2.909;0.187;1.712;325
B3155D;2015/03/05 00:54:40;325;60;31.6;20.6;2.564;1.790;0.983;2.909;0.187;1.729;326
B3155D;2015/03/05 00:54:51;326;63;31.6;20.1;2.741;1.774;0.983;2.903;0.187;1.741;327
B3155D;2015/03/05 00:55:00;327;56;32.9;21.1;2.567;1.774;0.987;2.903;0.187;1.745;328
B3155D;2015/03/05 00:55:11;328;66;33.5;20.4;2.716;1.803;0.987;2.903;0.112;1.722;329
B3155D;2015/03/05 00:55:20;329;63;31.2;20.6;2.587;1.803;1.029;2.903;0.112;1.664;330
B3155D;2015/03/05 00:55:31;330;67;31.9;20.8;2.590;1.803;1.029;2.880;0.112;1.670;331
B3155D;2015/03/05 00:55:40;331;60;32.9;20.8;2.738;1.803;1.003;2.880;0.112;1.635;332
B3155D;2015/03/05 00:55:51;332;74;29.3;20.8;2.580;1.777;1.003;2.880;0.193;1.616;333
B3155D;2015/03/05 00:56:00;333;68;28.0;20.6;2.687;1.777;0.993;2.880;0.193;1.616;334
B3155D;2015/03/05 00:56:11;334;67;30.3;20.3;2.735;1.809;0.993;2.916;0.193;1.603;335
B3155D;2015/03/05 00:56:20;335;60;33.5;20.8;2.751;1.809;1.025;2.916;0.193;1.596;336
B3155D;2015/03/05 00:56:31;336;78;28.7;20.8;2.738;1.793;1.025;2.916;0.125;1.587;337
B3155D;2015/03/05 00:56:40;337;74;31.6;20.6;2.619;1.793;1.000;2.916;0.125;1.567;338
B3155D;2015/03/05 00:56:51;338;68;31.6;21.0;2.664;1.793;1.000;2.922;0.125;1.622;339
B3155D;2015/03/05 00:57:00;339;72;31.9;21.1;2.729;1.793;1.032;2.922;0.125;1.629;340
B3155D;2015/03/05 01:00:13;0;1;27.7;20.4;2.393;-1.000;-1.000;-1.000;-1.000;0.545;1
B3155D;2015/03/05 01:00:31;1;83;32.2;20.4;2.519;-1.000;-1.000;-1.000;-1.000;0.622;2
B3155D;2015/03/05 01:00:42;2;64;29.6;20.6;2.590;1.493;-1.000;2.858;-1.000;0.664;3
B3155D;2015/03/05 01:00:52;3;69;32.5;21.0;2.593;1.493;1.006;2.858;-1.000;0.687;4
B3155D;2015/03/05 01:01:02;4;68;33.5;20.6;2.583;1.596;1.006;2.858;0.145;0.719;5
B3155D;2015/03/05 01:01:12;5;62;32.5;20.6;2.629;1.596;0.987;2.858;0.145;0.716;6
B3155D;2015/03/05 01:01:22;6;73;31.2;20.6;2.722;1.677;0.987;2.851;0.145;0.751;7
B3155D;2015/03/05 01:01:32;7;64;32.5;20.3;2.712;1.677;1.000;2.851;0.145;0.741;8
B3155D;2015/03/05 01:01:42;8;73;31.6;20.6;2.722;1.719;1.000;2.851;0.180;0.732;9
B3155D;2015/03/05 01:01:52;9;62;30.6;20.4;2.729;1.719;0.987;2.851;0.180;0.751;10
B3155D;2015/03/05 01:02:02;10;69;30.3;20.1;2.625;1.738;0.987;2.848;0.180;0.777;11
B3155D;2015/03/05 01:02:12;11;56;29.0;20.4;2.745;1.738;0.990;2.848;0.180;0.774;12
B3155D;2015/03/05 01:02:22;12;58;31.9;20.6;2.590;1.758;0.990;2.848;0.132;0.745;13
B3155D;2015/03/05 01:02:32;13;65;31.2;20.3;2.741;1.758;1.029;2.848;0.132;0.764;14
B3155D;2015/03/05 01:02:42;14;68;29.3;20.4;2.729;1.764;1.029;2.896;0.132;0.783;15
B3155D;2015/03/05 01:02:52;15;74;29.6;20.4;2.690;1.764;1.003;2.896;0.132;0.774;16
B3155D;2015/03/05 01:03:02;16;65;30.3;19.9;2.729;1.770;1.003;2.896;0.158;0.841;17
B3155D;2015/03/05 01:03:12;17;66;31.9;20.6;2.558;1.770;0.987;2.896;0.158;0.796;18
B3155D;2015/03/05 01:03:22;18;74;30.9;20.4;2.561;1.777;0.987;2.867;0.158;0.864;19
B3155D;2015/03/05 01:03:32;19;63;30.3;19.9;2.632;1.777;1.012;2.867;0.158;0.835;20
B3155D;2015/03/05 01:03:42;20;68;30.3;20.8;2.603;1.777;1.012;2.867;0.132;0.861;21
B3155D;2015/03/05 01:03:52;21;67;30.3;20.1;2.741;1.777;1.009;2.867;0.132;0.835;22
B3155D;2015/03/05 01:04:02;22;77;29.3;20.6;2.570;1.754;1.009;2.848;0.132;0.880;23
B3155D;2015/03/05 01:04:12;23;59;30.3;20.8;2.745;1.754;1.029;2.848;0.132;0.841;24
B3155D;2015/03/05 01:04:22;24;75;30.6;21.0;2.729;1.790;1.029;2.848;0.219;0.893;25
B3155D;2015/03/05 01:04:32;25;64;30.0;20.6;2.654;1.790;0.990;2.848;0.219;0.877;26
B3155D;2015/03/05 01:04:42;26;78;29.3;20.6;2.583;1.758;0.990;2.864;0.219;0.919;27
B3155D;2015/03/05 01:04:52;27;54;31.9;20.4;2.558;1.758;1.009;2.864;0.219;0.893;28
B3155D;2015/03/05 01:05:02;28;67;31.2;21.0;2.577;1.770;1.009;2.864;0.129;0.883;29
B3155D;2015/03/05 01:05:12;29;73;28.3;20.8;2.561;1.770;0.980;2.864;0.129;0.900;30
B3155D;2015/03/05 01:05:22;30;62;28.3;20.8;2.719;1.758;0.980;2.903;0.129;0.874;31
B3155D;2015/03/05 01:05:32;31;77;30.0;20.1;2.580;1.758;0.983;2.903;0.129;0.909;32
B3155D;2015/03/05 01:05:42;32;68;29.3;20.8;2.570;1.761;0.983;2.903;0.119;0.861;33
B3155D;2015/03/05 01:05:52;33;62;28.3;20.1;2.558;1.761;0.980;2.903;0.119;0.845;34
B3155D;2015/03/05 01:06:02;34;81;31.6;20.6;2.725;1.764;0.980;2.877;0.119;0.900;35
B3155D;2015/03/05 01:06:12;35;61;29.6;20.4;2.677;1.764;0.993;2.877;0.119;0.880;36
B3155D;2015/03/05 01:06:22;36;64;31.6;20.3;2.719;1.796;0.993;2.877;0.203;0.916;37
B3155D;2015/03/05 01:06:32;37;73;29.0;21.0;2.680;1.796;0.996;2.877;0.203;0.941;38
B3155D;2015/03/05 01:06:42;38;70;30.0;20.6;2.664;1.790;0.996;2.848;0.203;0.903;39
B3155D;2015/03/05 01:06:52;39;62;30.3;21.1;2.754;1.790;1.019;2.848;0.203;0.903;40
B3155D;2015/03/05 01:07:02;40;62;31.2;21.1;2.583;1.793;1.019;2.848;0.125;0.961;41
B3155D;2015/03/05 01:07:12;41;69;30.0;20.4;2.632;1.793;0.980;2.848;0.125;0.906;42
B3155D;2015/03/05 01:07:22;42;67;30.3;20.6;2.570;1.770;0.980;2.867;0.125;0.932;43
B3155D;2015/03/05 01:07:32;43;77;31.9;20.8;2.719;1.770;1.035;2.867;0.125;0.967;44
B3155D;2015/03/05 01:07:42;44;74;32.2;20.3;2.716;1.787;1.035;2.867;0.122;0.922;45
B3155D;2015/03/05 01:07:52;45;55;29.0;20.4;2.741;1.787;0.980;2.867;0.122;0.919;46
B3155D;2015/03/05 01:08:02;46;63;30.0;20.1;2.745;1.774;0.980;2.893;0.122;0.935;47
B3155D;2015/03/05 01:08:12;47;54;29.6;20.6;2.735;1.774;1.032;2.893;0.122;0.967;48
B3155D;2015/03/05 01:08:22;48;73;30.6;21.7;2.564;1.787;1.032;2.893;0.132;0.964;49
B3155D;2015/03/05 01:08:32;49;63;32.5;20.6;2.738;1.787;0.980;2.893;0.132;0.951;50
B3155D;2015/03/05 01:08:42;50;71;30.0;20.6;2.661;1.800;0.980;2.906;0.132;0.938;51
B3155D;2015/03/05 01:08:52;51;59;30.9;20.8;2.587;1.800;1.022;2.906;0.132;0.993;52
B3155D;2015/03/05 01:09:02;52;81;34.1;20.4;2.722;1.803;1.022;2.906;0.125;0.990;53
B3155D;2015/03/05 01:09:12;53;63;30.6;20.3;2.741;1.803;0.980;2.906;0.125;0.948;54
B3155D;2015/03/05 01:09:22;54;75;29.3;21.1;2.677;1.770;0.980;2.893;0.125;0.993;55
B3155D;2015/03/05 01:09:32;55;69;30.6;20.1;2.561;1.770;0.983;2.893;0.125;0.954;56
B3155D;2015/03/05 01:09:42;56;71;29.6;20.8;2.632;1.806;0.983;2.893;0.119;0.945;57
B3155D;2015/03/05 01:09:52;57;54;32.2;20.8;2.712;1.806;0.990;2.893;0.119;0.925;58
B3155D;2015/03/05 01:10:02;58;73;32.2;20.4;2.632;1.787;0.990;2.899;0.119;0.958;59
B3155D;2015/03/05 01:10:12;59;68;32.9;20.4;2.687;1.787;0.980;2.899;0.119;0.925;60
B3155D;2015/03/05 01:10:22;60;73;34.8;20.6;2.696;1.787;0.980;2.899;0.116;0.951;61
B3155D;2015/03/05 01:10:32;61;69;31.9;20.6;2.712;1.787;0.983;2.899;0.116;1.006;62
B3155D;2015/03/05 01:10:42;62;61;30.0;21.0;2.577;1.783;0.983;2.896;0.116;1.006;63
B3155D;2015/03/05 01:10:52;63;58;32.9;20.1;2.732;1.783;1.019;2.896;0.116;1.054;64
B3155D;2015/03/05 01:11:02;64;79;29.3;20.3;2.580;1.774;1.019;2.896;0.161;1.048;65
B3155D;2015/03/05 01:11:12;65;57;32.5;20.8;2.725;1.774;1.016;2.896;0.161;1.058;66
B3155D;2015/03/05 01:11:22;66;70;31.2;20.8;2.577;1.796;1.016;2.877;0.161;1.054;67
B3155D;2015/03/05 01:11:32;67;58;31.2;21.0;2.600;1.796;1.025;2.877;0.161;1.070;68
B3155D;2015/03/05 01:12:07;0;1;28.7;20.1;2.380;-1.000;-1.000;-1.000;-1.000;0.406;1
B3155D;2015/03/05 01:12:26;1;82;33.8;20.8;2.519;-1.000;-1.000;-1.000;-1.000;0.567;2
B3155D;2015/03/05 01:12:36;2;63;33.5;19.9;2.667;1.522;-1.000;2.883;-1.000;0.593;3
B3155D;2015/03/05 01:12:46;3;58;30.6;20.4;2.551;1.522;1.009;2.883;-1.000;0.703;4
B3155D;2015/03/05 01:12:56;4;73;29.6;20.6;2.677;1.570;1.009;2.883;0.148;0.745;5
B3155D;2015/03/05 01:13:06;5;60;29.6;20.6;2.567;1.570;1.009;2.883;0.148;0.799;6
B3155D;2015/03/05 01:13:16;6;67;31.2;20.6;2.570;1.648;1.009;2.787;0.148;0.780;7
B3155D;2015/03/05 01:13:26;7;68;31.2;20.3;2.561;1.648;0.993;2.787;0.148;0.845;8
B3155D;2015/03/05 01:13:36;8;72;29.3;20.3;2.706;1.703;0.993;2.787;0.138;0.832;9
B3155D;2015/03/05 01:13:46;9;70;30.9;20.6;2.680;1.703;0.990;2.787;0.138;0.883;10
B3155D;2015/03/05 01:13:56;10;73;30.6;20.4;2.735;1.745;0.990;2.819;0.138;0.893;11
B3155D;2015/03/05 01:14:06;11;70;29.6;20.6;2.732;1.745;1.032;2.819;0.138;0.887;12
B3155D;2015/03/05 01:14:16;12;69;30.0;20.6;2.661;1.754;1.032;2.819;0.119;0.912;13
B3155D;2015/03/05 01:14:26;13;55;29.3;19.8;2.745;1.754;0.990;2.819;0.119;0.935;14
B3155D;2015/03/05 01:14:36;14;71;31.6;21.0;2.551;1.754;0.990;2.864;0.119;0.929;15
B3155D;2015/03/05 01:14:46;15;68;34.1;20.4;2.674;1.754;1.019;2.864;0.119;0.880;16
B3155D;2015/03/05 01:14:56;16;66;32.2;21.0;2.609;1.780;1.019;2.864;0.129;0.893;17
B3155D;2015/03/05 01:15:06;17;64;34.8;21.0;2.712;1.780;1.003;2.864;0.129;0.906;18
B3155D;2015/03/05 01:15:16;18;79;30.3;20.4;2.658;1.783;1.003;2.861;0.129;0.887;19
B3155D;2015/03/05 01:15:26;19;67;30.6;20.8;2.625;1.783;1.009;2.861;0.129;0.909;20
B3155D;2015/03/05 01:15:36;20;78;30.0;20.6;2.583;1.774;1.009;2.861;0.132;0.919;21
B3155D;2015/03/05 01:15:46;21;73;29.6;20.4;2.612;1.774;1.029;2.861;0.132;0.932;22
B3155D;2015/03/05 01:15:56;22;74;28.7;20.8;2.716;1.790;1.029;2.893;0.132;0.961;23
B3155D;2015/03/05 01:16:06;23;63;29.0;20.6;2.632;1.790;0.983;2.893;0.132;0.987;24
B3155D;2015/03/05 01:16:16;24;71;29.6;20.8;2.719;1.770;0.983;2.893;0.151;1.019;25
B3155D;2015/03/05 01:16:26;25;59;32.9;20.4;2.638;1.770;0.990;2.893;0.151;1.009;26
B3155D;2015/03/05 01:16:36;26;73;30.9;20.3;2.680;1.793;0.990;2.893;0.151;1.054;27
B3155D;2015/03/05 01:16:46;27;64;30.9;20.6;2.567;1.793;1.000;2.893;0.151;1.029;28
B3155D;2015/03/05 01:16:56;28;67;29.0;20.8;2.741;1.796;1.000;2.893;0.206;1.035;29
B3155D;2015/03/05 01:17:06;29;64;30.0;20.4;2.580;1.796;1.009;2.893;0.206;1.038;30
B3155D;2015/03/05 01:17:16;30;61;29.3;20.8;2.745;1.803;1.009;2.909;0.206;0.983;31
B3155D;2015/03/05 01:17:26;31;71;31.9;20.8;2.654;1.803;1.032;2.909;0.206;0.958;32
B3155D;2015/03/05 01:17:36;32;69;31.2;20.6;2.583;1.783;1.032;2.909;0.112;0.980;33
B3155D;2015/03/05 01:17:46;33;69;30.0;20.6;2.577;1.783;1.012;2.909;0.112;0.980;34
B3155D;2015/03/05 01:17:56;34;68;32.2;20.8;2.703;1.770;1.012;2.874;0.112;0.977;35
B3155D;2015/03/05 01:18:06;35;68;30.3;20.4;2.751;1.770;0.990;2.874;0.112;0.987;36
B3155D;2015/03/05 01:18:16;36;78;33.8;20.4;2.567;1.796;0.990;2.874;0.119;0.954;37
B3155D;2015/03/05 01:18:26;37;73;29.3;20.4;2.699;1.796;1.025;2.874;0.119;0.983;38
B3155D;2015/03/05 01:18:36;38;73;32.2;20.8;2.622;1.806;1.025;2.867;0.119;0.980;39
B3155D;2015/03/05 01:18:46;39;68;29.0;21.0;2.683;1.806;0.983;2.867;0.119;1.006;40
B3155D;2015/03/05 01:18:56;40;72;31.6;21.3;2.609;1.790;0.983;2.867;0.122;1.096;41
B3155D;2015/03/05 01:19:06;41;65;31.9;20.1;2.638;1.790;1.003;2.867;0.122;1.054;42
B3155D;2015/03/05 01:19:16;42;61;29.3;20.4;2.635;1.793;1.003;2.880;0.122;1.080;43
B3155D;2015/03/05 01:19:26;43;61;33.5;20.1;2.645;1.793;1.019;2.880;0.122;1.070;44
B3155D;2015/03/05 01:19:36;44;65;29.0;20.4;2.567;1.774;1.019;2.880;0.193;1.132;45
B3155D;2015/03/05 01:19:46;45;64;30.9;20.8;2.738;1.774;1.019;2.880;0.193;1.048;46
B3155D;2015/03/05 01:19:56;46;67;31.6;20.8;2.664;1.803;1.019;2.906;0.193;1.087;47
B3155D;2015/03/05 01:20:06;47;71;34.5;20.4;2.751;1.803;0.990;2.906;0.193;1.016;48
B3155D;2015/03/05 01:20:16;48;73;32.9;20.1;2.638;1.803;0.990;2.906;0.132;1.064;49
B3155D;2015/03/05 01:20:26;49;63;30.9;20.8;2.729;1.803;0.990;2.906;0.132;1.051;50
B3155D;2015/03/05 01:20:36;50;78;30.3;21.1;2.554;1.793;0.990;2.922;0.132;1.070;51
B3155D;2015/03/05 01:20:46;51;70;28.3;20.6;2.751;1.793;0.996;2.922;0.132;1.048;52
B3155D;2015/03/05 01:24:06;0;1;28.0;20.3;2.487;-1.000;-1.000;-1.000;-1.000;0.729;1
B3155D;2015/03/05 01:24:25;1;88;28.7;21.0;2.696;-1.000;-1.000;-1.000;-1.000;0.751;2
B3155D;2015/03/05 01:24:35;2;70;28.3;21.1;2.600;1.516;-1.000;2.864;-1.000;0.774;3
B3155D;2015/03/05 01:24:45;3;67;30.6;20.8;2.612;1.516;1.003;2.864;-1.000;0.858;4
B3155D;2015/03/05 01:36:07;0;1;29.0;20.3;2.600;-1.000;-1.000;-1.000;-1.000;0.735;1
B3155D;2015/03/05 01:36:26;1;75;30.6;21.3;2.545;-1.000;-1.000;-1.000;-1.000;0.841;2
B3155D;2015/03/05 01:36:36;2;68;32.5;20.8;2.535;1.467;-1.000;2.890;-1.000;0.841;3
B3155D;2015/03/05 01:48:07;0;1;32.9;20.3;2.422;-1.000;-1.000;-1.000;-1.000;0.945;1
B3155D;2015/03/05 01:48:26;1;81;27.7;21.0;2.706;-1.000;-1.000;-1.000;-1.000;1.000;2
B3155D;2015/03/05 01:48:36;2;72;32.5;20.8;2.545;1.506;-1.000;2.877;-1.000;1.048;3
B3155D;2015/03/05 01:48:46;3;65;28.3;20.8;2.551;1.506;1.006;2.877;-1.000;1.106;4
B3155D;2015/03/05 01:48:56;4;60;28.3;20.6;2.716;1.574;1.006;2.877;0.148;1.135;5
B3155D;2015/03/05 01:49:06;5;64;30.9;20.1;2.693;1.574;1.016;2.877;0.148;1.148;6
B3155D;2015/03/05 01:49:16;6;68;30.6;20.8;2.570;1.690;1.016;2.841;0.148;1.190;7
B3155D;2015/03/05 01:49:26;7;59;29.0;20.8;2.735;1.690;1.003;2.841;0.148;1.199;8
B3155D;2015/03/05 01:49:36;8;68;32.2;20.8;2.600;1.696;1.003;2.841;0.199;1.190;9
B3155D;2015/03/05 01:49:46;9;58;30.6;20.8;2.738;1.696;1.045;2.841;0.199;1.193;10
B3155D;2015/03/05 01:49:56;10;74;31.2;20.8;2.677;1.751;1.045;2.870;0.199;1.193;11
B3155D;2015/03/05 01:50:06;11;69;31.2;21.3;2.735;1.751;1.029;2.870;0.199;1.187;12
B3155D;2015/03/05 01:50:16;12;75;31.2;21.0;2.735;1.735;1.029;2.870;0.187;1.177;13
B3155D;2015/03/05 01:50:26;13;66;34.8;20.8;2.738;1.735;0.996;2.870;0.187;1.187;14
B3155D;2015/03/05 01:50:36;14;68;33.8;20.8;2.735;1.774;0.996;2.887;0.187;1.164;15
B3155D;2015/03/05 01:50:46;15;65;30.0;20.4;2.693;1.774;1.038;2.887;0.187;1.148;16
B3155D;2015/03/05 01:50:56;16;68;31.6;20.3;2.725;1.783;1.038;2.887;0.129;1.141;17
B3155D;2015/03/05 01:51:06;17;62;31.6;21.0;2.558;1.783;0.993;2.887;0.129;1.164;18
B3155D;2015/03/05 01:51:16;18;63;29.6;20.3;2.709;1.783;0.993;2.864;0.129;1.138;19
B3155D;2015/03/05 01:51:26;19;61;30.3;20.8;2.738;1.783;1.000;2.864;0.129;1.138;20
B3155D;2015/03/05 01:51:36;20;66;29.6;20.8;2.583;1.761;1.000;2.864;0.141;1.129;21
B3155D;2015/03/05 01:51:46;21;59;32.5;20.4;2.735;1.761;1.041;2.864;0.141;1.132;22
B3155D;2015/03/05 01:51:56;22;73;31.9;21.1;2.548;1.764;1.041;2.899;0.141;1.132;23
B3155D;2015/03/05 01:52:06;23;63;31.2;20.4;2.706;1.764;1.041;2.899;0.141;1.135;24
B3155D;2015/03/05 01:52:16;24;70;30.0;20.8;2.712;1.777;1.041;2.899;0.145;1.106;25
B3155D;2015/03/05 01:52:26;25;68;32.2;20.8;2.699;1.777;0.990;2.899;0.145;1.109;26
B3155D;2015/03/05 01:52:36;26;75;32.9;20.4;2.716;1.803;0.990;2.909;0.145;1.099;27
B3155D;2015/03/05 01:52:46;27;68;32.9;21.0;2.745;1.803;0.990;2.909;0.145;1.093;28
B3155D;2015/03/05 01:52:56;28;65;29.3;20.4;2.741;1.770;0.990;2.909;0.151;1.125;29
B3155D;2015/03/05 01:53:06;29;63;31.6;20.6;2.558;1.770;0.996;2.909;0.151;1.158;30
B3155D;2015/03/05 01:53:16;30;64;31.6;20.4;2.574;1.770;0.996;2.887;0.151;1.138;31
B3155D;2015/03/05 01:53:26;31;56;34.1;20.8;2.729;1.770;0.993;2.887;0.151;1.129;32
B3155D;2015/03/05 01:53:36;32;71;30.9;20.1;2.735;1.774;0.993;2.887;0.129;1.167;33
B3155D;2015/03/05 01:53:46;33;65;28.7;20.3;2.645;1.774;1.009;2.887;0.129;1.145;34
B3155D;2015/03/05 01:53:56;34;72;29.6;20.8;2.716;1.809;1.009;2.906;0.129;1.135;35
B3155D;2015/03/05 01:54:06;35;70;28.7;19.9;2.677;1.809;1.029;2.906;0.129;1.161;36
B3155D;2015/03/05 01:54:16;36;73;31.9;20.4;2.732;1.777;1.029;2.906;0.125;1.154;37
B3155D;2015/03/05 01:54:26;37;70;31.2;20.4;2.554;1.777;1.025;2.906;0.125;1.187;38
B3155D;2015/03/05 01:54:36;38;68;30.6;20.6;2.580;1.777;1.025;2.903;0.125;1.193;39
B3155D;2015/03/05 01:54:46;39;68;32.2;20.4;2.745;1.777;1.045;2.903;0.125;1.193;40
B3155D;2015/03/05 01:54:56;40;70;29.3;20.3;2.741;1.777;1.045;2.903;0.125;1.187;41
B3155D;2015/03/05 01:55:06;41;60;30.9;21.3;2.593;1.777;1.045;2.903;0.125;1.177;42
B3155D;2015/03/05 01:55:16;42;64;30.6;19.8;2.709;1.793;1.045;2.883;0.125;1.187;43
B3155D;2015/03/05 01:55:26;43;63;30.0;20.6;2.699;1.793;1.041;2.883;0.125;1.170;44
B3155D;2015/03/05 01:55:36;44;63;29.6;20.3;2.570;1.800;1.041;2.883;0.122;1.190;45
B3155D;2015/03/05 01:55:46;45;64;34.1;20.8;2.735;1.800;1.045;2.883;0.122;1.170;46
B3155D;2015/03/05 01:55:56;46;58;30.3;19.9;2.551;1.809;1.045;2.861;0.122;1.177;47
B3155D;2015/03/05 01:56:06;47;59;32.2;20.3;2.706;1.809;1.012;2.861;0.122;1.154;48
B3155D;2015/03/05 01:56:16;48;63;30.6;20.8;2.574;1.796;1.012;2.861;0.112;1.151;49
B3155D;2015/03/05 01:56:26;49;66;31.6;20.4;2.725;1.796;1.041;2.861;0.112;1.187;50
B3155D;2015/03/05 01:56:36;50;62;30.9;20.3;2.696;1.800;1.041;2.861;0.112;1.180;51
B3155D;2015/03/05 01:56:46;51;58;29.6;21.1;2.748;1.800;1.041;2.861;0.112;1.180;52
B3155D;2015/03/05 01:56:56;52;80;29.3;21.0;2.732;1.809;1.041;2.861;0.122;1.203;53
B3155D;2015/03/05 01:57:06;53;67;32.9;21.0;2.748;1.809;0.996;2.861;0.122;1.193;54
B3155D;2015/03/05 01:57:16;54;64;29.0;20.4;2.738;1.800;0.996;2.861;0.122;1.225;55
B3155D;2015/03/05 01:57:26;55;64;29.6;20.8;2.738;1.800;0.993;2.861;0.122;1.190;56
B3155D;2015/03/05 01:57:36;56;72;33.8;20.8;2.738;1.812;0.993;2.861;0.158;1.203;57
B3155D;2015/03/05 01:57:46;57;63;30.9;20.8;2.738;1.812;1.000;2.861;0.158;1.196;58
B3155D;2015/03/05 01:57:56;58;70;29.6;20.8;2.729;1.806;1.000;2.896;0.158;1.238;59
B3155D;2015/03/05 01:58:06;59;60;28.7;20.1;2.693;1.806;1.045;2.896;0.158;1.206;60
B3155D;2015/03/05 01:58:16;60;65;31.9;21.0;2.558;1.803;1.045;2.896;0.141;1.196;61
B3155D;2015/03/05 01:58:26;61;58;29.6;20.1;2.719;1.803;1.012;2.896;0.141;1.203;62
B3155D;2015/03/05 01:58:36;62;63;30.0;20.4;2.603;1.787;1.012;2.874;0.141;1.177;63
B3155D;2015/03/05 01:58:46;63;58;29.6;20.4;2.606;1.787;0.993;2.874;0.141;1.196;64
B3155D;2015/03/05 01:58:56;64;73;30.0;20.6;2.606;1.816;0.993;2.874;0.122;1.196;65
B3155D;2015/03/05 01:59:06;65;65;29.6;20.6;2.745;1.816;1.003;2.874;0.122;1.187;66
B3155D;2015/03/05 01:59:16;66;67;28.7;20.8;2.735;1.812;1.003;2.912;0.122;1.206;67
B3155D;2015/03/05 01:59:26;67;60;30.0;20.6;2.612;1.812;0.996;2.912;0.122;1.216;68
B3155D;2015/03/05 01:59:36;68;67;30.3;20.6;2.722;1.787;0.996;2.912;0.122;1.235;69
B3155D;2015/03/05 01:59:46;69;63;29.3;20.1;2.638;1.787;0.996;2.912;0.122;1.241;70
B3155D;2015/03/05 01:59:56;70;69;31.9;20.3;2.658;1.806;0.996;2.896;0.122;1.251;71
B3155D;2015/03/05 02:00:06;71;56;28.0;20.6;2.741;1.806;1.029;2.896;0.122;1.232;72
B3155D;2015/03/05 02:00:16;72;63;29.6;20.3;2.732;1.816;1.029;2.896;0.125;1.258;73
B3155D;2015/03/05 02:00:26;73;57;30.0;20.8;2.719;1.816;1.016;2.896;0.125;1.261;74
