B315F1;2015/03/04 00:00:08;36215;88;35.1;23.6;2.764;1.825;1.264;2.838;0.164;1.470;36216
B315F1;2015/03/04 00:00:18;36216;88;27.7;23.6;2.874;1.822;1.264;2.838;0.090;1.474;36217
B315F1;2015/03/04 00:00:28;36217;78;27.7;23.9;2.877;1.822;1.270;2.838;0.090;1.467;36218
B315F1;2015/03/04 00:00:38;36218;82;33.2;24.1;2.735;1.816;1.270;2.874;0.090;1.480;36219
B315F1;2015/03/04 00:00:48;36219;84;31.2;23.6;2.870;1.816;1.270;2.874;0.090;1.496;36220
B315F1;2015/03/04 00:00:58;36220;88;31.2;24.8;2.706;1.806;1.270;2.874;0.119;1.512;36221
B315F1;2015/03/04 00:01:08;36221;93;28.3;24.3;2.667;1.806;1.254;2.874;0.119;1.487;36222
B315F1;2015/03/04 00:01:18;36222;84;32.2;24.4;2.638;1.835;1.254;2.845;0.119;1.519;36223
B315F1;2015/03/04 00:01:28;36223;83;28.0;23.4;2.848;1.835;1.290;2.845;0.119;1.496;36224
B315F1;2015/03/04 00:01:38;36224;89;28.7;23.9;2.864;1.832;1.290;2.845;0.090;1.474;36225
B315F1;2015/03/04 00:01:48;36225;78;31.9;24.1;2.870;1.832;1.290;2.845;0.090;1.477;36226
B315F1;2015/03/04 00:01:58;36226;90;33.2;23.9;2.822;1.841;1.290;2.835;0.090;1.509;36227
B315F1;2015/03/04 00:02:08;36227;84;28.0;23.4;2.758;1.841;1.258;2.835;0.090;1.512;36228
B315F1;2015/03/04 00:02:18;36228;84;31.9;24.1;2.829;1.829;1.258;2.835;0.096;1.493;36229
B315F1;2015/03/04 00:02:28;36229;79;31.2;23.6;2.870;1.829;1.277;2.835;0.096;1.522;36230
B315F1;2015/03/04 00:02:38;36230;87;32.5;23.6;2.654;1.841;1.277;2.829;0.096;1.522;36231
B315F1;2015/03/04 00:02:48;36231;89;32.9;23.7;2.812;1.841;1.309;2.829;0.096;1.516;36232
B315F1;2015/03/04 00:02:58;36232;78;31.2;24.3;2.770;1.832;1.309;2.829;0.083;1.467;36233
B315F1;2015/03/04 00:03:08;36233;83;30.0;24.6;2.661;1.832;1.283;2.829;0.083;1.474;36234
B315F1;2015/03/04 00:03:18;36234;88;31.9;23.7;2.838;1.845;1.283;2.883;0.083;1.519;36235
B315F1;2015/03/04 00:03:28;36235;90;28.3;23.7;2.664;1.845;1.261;2.883;0.083;1.529;36236
B315F1;2015/03/04 00:03:38;36236;87;28.3;23.4;2.858;1.809;1.261;2.883;0.080;1.522;36237
B315F1;2015/03/04 00:03:48;36237;93;33.5;23.9;2.812;1.809;1.306;2.883;0.080;1.503;36238
B315F1;2015/03/04 00:03:58;36238;89;30.3;24.1;2.754;1.822;1.306;2.883;0.080;1.506;36239
B315F1;2015/03/04 00:04:08;36239;82;31.2;23.4;2.735;1.822;1.248;2.883;0.080;1.496;36240
B315F1;2015/03/04 00:04:18;36240;88;31.6;23.6;2.638;1.825;1.248;2.883;0.090;1.496;36241
B315F1;2015/03/04 00:04:28;36241;86;31.9;23.1;2.870;1.825;1.309;2.883;0.090;1.477;36242
B315F1;2015/03/04 00:04:38;36242;93;31.6;24.1;2.667;1.819;1.309;2.874;0.090;1.525;36243
B315F1;2015/03/04 00:04:48;36243;87;28.7;23.9;2.838;1.819;1.254;2.874;0.090;1.516;36244
B315F1;2015/03/04 00:04:58;36244;80;32.5;23.7;2.790;1.812;1.254;2.874;0.132;1.522;36245
B315F1;2015/03/04 00:05:08;36245;86;30.0;24.4;2.667;1.812;1.300;2.874;0.132;1.496;36246
B315F1;2015/03/04 00:05:18;36246;84;29.6;23.7;2.651;1.829;1.300;2.851;0.132;1.477;36247
B315F1;2015/03/04 00:05:28;36247;92;30.3;23.4;2.716;1.829;1.254;2.851;0.132;1.467;36248
B315F1;2015/03/04 00:05:38;36248;83;33.2;23.9;2.777;1.809;1.254;2.851;0.177;1.483;36249
B315F1;2015/03/04 00:05:48;36249;87;28.3;23.9;2.722;1.809;1.300;2.851;0.177;1.506;36250
B315F1;2015/03/04 00:05:58;36250;86;29.3;23.7;2.654;1.845;1.300;2.848;0.177;1.522;36251
B315F1;2015/03/04 00:06:08;36251;91;27.7;24.1;2.648;1.845;1.316;2.848;0.177;1.506;36252
B315F1;2015/03/04 00:06:18;36252;90;31.9;23.9;2.712;1.829;1.316;2.848;0.158;1.522;36253
B315F1;2015/03/04 00:06:28;36253;83;30.0;24.4;2.667;1.829;1.316;2.848;0.158;1.516;36254
B315F1;2015/03/04 00:06:38;36254;85;29.3;23.7;2.735;1.812;1.316;2.880;0.158;1.477;36255
B315F1;2015/03/04 00:06:48;36255;79;27.7;24.3;2.645;1.812;1.270;2.880;0.158;1.477;36256
B315F1;2015/03/04 00:06:58;36256;91;29.6;23.9;2.864;1.835;1.270;2.880;0.151;1.493;36257
B315F1;2015/03/04 00:07:08;36257;84;34.8;23.7;2.858;1.835;1.312;2.880;0.151;1.509;36258
B315F1;2015/03/04 00:07:18;36258;95;32.5;23.7;2.725;1.848;1.312;2.880;0.151;1.487;36259
B315F1;2015/03/04 00:07:28;36259;83;33.8;23.4;2.725;1.848;1.254;2.880;0.151;1.483;36260
B315F1;2015/03/04 00:07:38;36260;85;29.3;23.7;2.729;1.819;1.254;2.880;0.074;1.500;36261
B315F1;2015/03/04 00:07:48;36261;88;27.7;24.3;2.654;1.819;1.303;2.880;0.074;1.487;36262
B315F1;2015/03/04 00:07:58;36262;85;28.3;23.4;2.858;1.819;1.303;2.883;0.074;1.525;36263
B315F1;2015/03/04 00:08:08;36263;89;27.7;23.9;2.838;1.819;1.261;2.883;0.074;1.522;36264
B315F1;2015/03/04 00:08:18;36264;81;28.3;23.6;2.645;1.832;1.261;2.883;0.170;1.500;36265
B315F1;2015/03/04 00:08:28;36265;82;30.6;23.2;2.712;1.832;1.254;2.883;0.170;1.480;36266
B315F1;2015/03/04 00:08:38;36266;93;32.5;24.1;2.754;1.825;1.254;2.854;0.170;1.490;36267
B315F1;2015/03/04 00:08:48;36267;90;33.8;23.4;2.764;1.825;1.254;2.854;0.170;1.487;36268
B315F1;2015/03/04 00:08:58;36268;92;33.2;23.9;2.706;1.832;1.254;2.854;0.096;1.506;36269
B315F1;2015/03/04 00:09:08;36269;77;29.6;23.2;2.693;1.832;1.258;2.854;0.096;1.480;36270
B315F1;2015/03/04 00:09:18;36270;84;30.0;23.9;2.758;1.806;1.258;2.870;0.096;1.477;36271
B315F1;2015/03/04 00:09:28;36271;93;32.5;23.7;2.706;1.806;1.264;2.870;0.096;1.483;36272
B315F1;2015/03/04 00:09:38;36272;76;34.5;23.7;2.829;1.816;1.264;2.870;0.077;1.470;36273
B315F1;2015/03/04 00:09:48;36273;93;32.5;24.1;2.790;1.816;1.254;2.870;0.077;1.490;36274
B315F1;2015/03/04 00:09:58;36274;87;30.3;23.7;2.867;1.806;1.254;2.854;0.077;1.480;36275
B315F1;2015/03/04 00:10:08;36275;78;28.3;23.9;2.877;1.806;1.270;2.854;0.077;1.493;36276
B315F1;2015/03/04 00:10:18;36276;85;28.3;23.9;2.864;1.809;1.270;2.854;0.087;1.503;36277
B315F1;2015/03/04 00:10:28;36277;85;29.6;23.7;2.693;1.809;1.306;2.854;0.087;1.487;36278
B315F1;2015/03/04 00:10:38;36278;88;33.2;23.7;2.719;1.848;1.306;2.858;0.087;1.509;36279
B315F1;2015/03/04 00:10:48;36279;78;30.0;24.3;2.777;1.848;1.261;2.858;0.087;1.470;36280
B315F1;2015/03/04 00:10:58;36280;86;30.3;24.1;2.767;1.809;1.261;2.858;0.074;1.493;36281
B315F1;2015/03/04 00:11:08;36281;91;28.3;24.6;2.664;1.809;1.290;2.858;0.074;1.483;36282
B315F1;2015/03/04 00:11:18;36282;79;31.9;23.9;2.770;1.812;1.290;2.848;0.074;1.487;36283
B315F1;2015/03/04 00:11:28;36283;83;27.7;23.9;2.877;1.812;1.316;2.848;0.074;1.509;36284
B315F1;2015/03/04 00:11:38;36284;86;34.5;24.1;2.841;1.845;1.316;2.848;0.090;1.477;36285
B315F1;2015/03/04 00:11:48;36285;87;29.0;23.4;2.870;1.845;1.254;2.848;0.090;1.500;36286
B315F1;2015/03/04 00:11:58;36286;78;28.3;23.7;2.845;1.822;1.254;2.858;0.090;1.512;36287
B315F1;2015/03/04 00:12:08;36287;89;33.5;23.7;2.845;1.822;1.254;2.858;0.090;1.519;36288
B315F1;2015/03/04 00:12:18;36288;90;32.9;23.9;2.751;1.841;1.254;2.858;0.074;1.525;36289
B315F1;2015/03/04 00:12:28;36289;88;28.7;24.3;2.680;1.841;1.251;2.858;0.074;1.496;36290
B315F1;2015/03/04 00:12:38;36290;90;30.0;23.7;2.841;1.841;1.251;2.851;0.074;1.529;36291
B315F1;2015/03/04 00:12:48;36291;82;29.6;24.3;2.680;1.841;1.316;2.851;0.074;1.516;36292
B315F1;2015/03/04 00:12:58;36292;80;31.9;23.7;2.854;1.809;1.316;2.851;0.077;1.474;36293
B315F1;2015/03/04 00:13:08;36293;86;28.7;24.1;2.770;1.809;1.300;2.851;0.077;1.490;36294
B315F1;2015/03/04 00:13:18;36294;84;30.0;24.1;2.754;1.841;1.300;2.841;0.077;1.503;36295
B315F1;2015/03/04 00:13:28;36295;94;28.7;24.6;2.796;1.841;1.303;2.841;0.077;1.509;36296
B315F1;2015/03/04 00:13:38;36296;87;27.7;23.4;2.870;1.809;1.303;2.841;0.080;1.503;36297
B315F1;2015/03/04 00:13:48;36297;89;31.9;23.6;2.877;1.809;1.264;2.841;0.080;1.490;36298
B315F1;2015/03/04 00:13:58;36298;83;30.9;23.9;2.709;1.841;1.264;2.845;0.080;1.512;36299
B315F1;2015/03/04 00:14:08;36299;93;32.2;24.1;2.870;1.841;1.309;2.845;0.080;1.477;36300
B315F1;2015/03/04 00:14:18;36300;84;28.0;24.1;2.683;1.841;1.309;2.845;0.083;1.493;36301
B315F1;2015/03/04 00:14:28;36301;90;32.5;23.7;2.677;1.841;1.270;2.845;0.083;1.512;36302
B315F1;2015/03/04 00:14:38;36302;88;33.8;24.1;2.703;1.848;1.270;2.864;0.083;1.474;36303
B315F1;2015/03/04 00:14:48;36303;88;27.4;23.9;2.870;1.848;1.254;2.864;0.083;1.500;36304
B315F1;2015/03/04 00:14:58;36304;94;31.9;24.1;2.745;1.835;1.254;2.864;0.103;1.477;36305
B315F1;2015/03/04 00:15:08;36305;85;32.5;23.1;2.732;1.835;1.258;2.864;0.103;1.512;36306
B315F1;2015/03/04 00:15:18;36306;85;28.0;24.1;2.664;1.841;1.258;2.851;0.103;1.509;36307
B315F1;2015/03/04 00:15:28;36307;91;33.8;23.6;2.864;1.841;1.283;2.851;0.103;1.503;36308
B315F1;2015/03/04 00:15:38;36308;96;32.5;24.1;2.761;1.822;1.283;2.851;0.080;1.483;36309
B315F1;2015/03/04 00:15:48;36309;90;34.5;23.4;2.729;1.822;1.316;2.851;0.080;1.506;36310
B315F1;2015/03/04 00:15:58;36310;84;31.9;24.4;2.809;1.819;1.316;2.877;0.080;1.503;36311
B315F1;2015/03/04 00:16:08;36311;85;29.0;24.3;2.680;1.819;1.270;2.877;0.080;1.483;36312
B315F1;2015/03/04 00:16:18;36312;83;30.9;23.4;2.651;1.845;1.270;2.877;0.080;1.506;36313
B315F1;2015/03/04 00:16:28;36313;93;30.9;24.1;2.838;1.845;1.300;2.877;0.080;1.519;36314
B315F1;2015/03/04 00:16:38;36314;93;30.3;24.1;2.719;1.832;1.300;2.838;0.080;1.483;36315
B315F1;2015/03/04 00:16:48;36315;89;28.7;24.3;2.667;1.832;1.264;2.838;0.080;1.487;36316
B315F1;2015/03/04 00:16:58;36316;86;34.1;23.9;2.651;1.825;1.264;2.838;0.112;1.500;36317
B315F1;2015/03/04 00:17:08;36317;88;32.5;23.2;2.745;1.825;1.267;2.838;0.112;1.503;36318
B315F1;2015/03/04 00:17:18;36318;90;29.0;23.9;2.699;1.832;1.267;2.841;0.112;1.503;36319
B315F1;2015/03/04 00:17:28;36319;84;31.6;23.7;2.651;1.832;1.277;2.841;0.112;1.512;36320
B315F1;2015/03/04 00:17:38;36320;91;28.7;23.9;2.867;1.848;1.277;2.841;0.083;1.493;36321
B315F1;2015/03/04 00:17:48;36321;88;28.7;23.9;2.664;1.848;1.270;2.841;0.083;1.493;36322
B315F1;2015/03/04 00:17:58;36322;87;31.6;23.6;2.848;1.848;1.270;2.841;0.083;1.509;36323
B315F1;2015/03/04 00:18:08;36323;89;31.6;24.1;2.654;1.848;1.270;2.841;0.083;1.490;36324
B315F1;2015/03/04 00:18:18;36324;83;31.9;24.6;2.825;1.845;1.270;2.841;0.083;1.525;36325
B315F1;2015/03/04 00:18:28;36325;75;28.0;23.6;2.851;1.845;1.270;2.841;0.083;1.480;36326
B315F1;2015/03/04 00:18:38;36326;88;29.0;24.1;2.854;1.809;1.270;2.838;0.083;1.532;36327
B315F1;2015/03/04 00:18:48;36327;86;31.2;23.2;2.864;1.809;1.319;2.838;0.083;1.500;36328
B315F1;2015/03/04 00:18:58;36328;90;30.3;23.4;2.867;1.841;1.319;2.838;0.096;1.509;36329
B315F1;2015/03/04 00:19:08;36329;92;27.7;23.9;2.645;1.841;1.283;2.838;0.096;1.500;36330
B315F1;2015/03/04 00:19:18;36330;78;34.8;23.7;2.822;1.816;1.283;2.841;0.096;1.496;36331
B315F1;2015/03/04 00:19:28;36331;93;33.8;23.6;2.841;1.816;1.254;2.841;0.096;1.512;36332
B315F1;2015/03/04 00:19:38;36332;90;30.6;23.6;2.777;1.825;1.254;2.841;0.083;1.467;36333
B315F1;2015/03/04 00:19:48;36333;89;32.2;24.1;2.645;1.825;1.254;2.841;0.083;1.503;36334
B315F1;2015/03/04 00:19:58;36334;92;32.5;23.6;2.770;1.812;1.254;2.841;0.083;1.477;36335
B315F1;2015/03/04 00:20:08;36335;88;30.6;23.6;2.745;1.812;1.316;2.841;0.083;1.506;36336
B315F1;2015/03/04 00:20:18;36336;86;30.0;24.1;2.838;1.841;1.316;2.841;0.083;1.541;36337
B315F1;2015/03/04 00:20:28;36337;91;34.1;23.9;2.796;1.841;1.316;2.841;0.083;1.487;36338
B315F1;2015/03/04 00:20:38;36338;85;29.3;23.4;2.867;1.835;1.316;2.883;0.083;1.487;36339
B315F1;2015/03/04 00:20:48;36339;82;30.9;24.1;2.845;1.835;1.319;2.883;0.083;1.529;36340
B315F1;2015/03/04 00:20:58;36340;85;32.5;23.7;2.822;1.848;1.319;2.883;0.096;1.509;36341
B315F1;2015/03/04 00:21:08;36341;86;29.0;24.3;2.777;1.848;1.267;2.883;0.096;1.490;36342
B315F1;2015/03/04 00:21:18;36342;94;29.6;24.1;2.664;1.848;1.267;2.841;0.096;1.522;36343
B315F1;2015/03/04 00:21:28;36343;82;33.2;23.7;2.735;1.848;1.254;2.841;0.096;1.496;36344
B315F1;2015/03/04 00:21:38;36344;96;31.9;23.7;2.687;1.848;1.254;2.841;0.145;1.483;36345
B315F1;2015/03/04 00:21:48;36345;89;32.2;23.7;2.638;1.848;1.264;2.841;0.145;1.509;36346
B315F1;2015/03/04 00:21:58;36346;94;28.3;24.1;2.645;1.838;1.264;2.877;0.145;1.535;36347
B315F1;2015/03/04 00:22:08;36347;83;30.6;23.6;2.706;1.838;1.319;2.877;0.145;1.483;36348
B315F1;2015/03/04 00:22:18;36348;88;30.9;23.4;2.638;1.816;1.319;2.877;0.096;1.480;36349
B315F1;2015/03/04 00:22:28;36349;85;30.6;23.6;2.848;1.816;1.270;2.877;0.096;1.516;36350
B315F1;2015/03/04 00:22:38;36350;92;29.0;24.1;2.641;1.848;1.270;2.887;0.096;1.519;36351
B315F1;2015/03/04 00:22:48;36351;85;32.5;23.6;2.693;1.848;1.306;2.887;0.096;1.480;36352
B315F1;2015/03/04 00:22:58;36352;93;31.9;24.1;2.693;1.809;1.306;2.887;0.170;1.493;36353
B315F1;2015/03/04 00:23:08;36353;86;27.7;23.9;2.651;1.809;1.258;2.887;0.170;1.509;36354
B315F1;2015/03/04 00:23:18;36354;85;29.0;23.9;2.683;1.809;1.258;2.890;0.170;1.503;36355
B315F1;2015/03/04 00:23:28;36355;86;33.2;23.9;2.803;1.809;1.258;2.890;0.170;1.467;36356
B315F1;2015/03/04 00:23:38;36356;93;29.0;23.9;2.854;1.832;1.258;2.890;0.087;1.474;36357
B315F1;2015/03/04 00:23:48;36357;81;29.0;23.9;2.638;1.832;1.261;2.890;0.087;1.464;36358
B315F1;2015/03/04 00:23:58;36358;84;28.3;23.9;2.825;1.816;1.261;2.854;0.087;1.474;36359
B315F1;2015/03/04 00:24:08;36359;89;29.6;23.4;2.693;1.816;1.319;2.854;0.087;1.506;36360
B315F1;2015/03/04 00:24:18;36360;91;30.3;24.1;2.664;1.832;1.319;2.854;0.096;1.487;36361
B315F1;2015/03/04 00:24:28;36361;84;29.6;23.4;2.841;1.832;1.261;2.854;0.096;1.480;36362
B315F1;2015/03/04 00:24:38;36362;88;28.3;23.7;2.716;1.835;1.261;2.896;0.096;1.519;36363
B315F1;2015/03/04 00:24:48;36363;88;32.5;23.7;2.825;1.835;1.264;2.896;0.096;1.461;36364
B315F1;2015/03/04 00:24:58;36364;86;28.3;23.6;2.638;1.832;1.264;2.896;0.093;1.506;36365
B315F1;2015/03/04 00:25:08;36365;88;28.7;24.1;2.651;1.832;1.270;2.896;0.093;1.516;36366
B315F1;2015/03/04 00:25:18;36366;82;32.5;23.7;2.645;1.809;1.270;2.858;0.093;1.506;36367
B315F1;2015/03/04 00:25:28;36367;88;28.0;23.6;2.770;1.809;1.258;2.858;0.093;1.487;36368
B315F1;2015/03/04 00:25:38;36368;81;27.7;23.7;2.851;1.809;1.258;2.858;0.093;1.487;36369
B315F1;2015/03/04 00:25:48;36369;87;27.7;24.3;2.693;1.809;1.293;2.858;0.093;1.493;36370
B315F1;2015/03/04 00:25:58;36370;81;30.6;24.3;2.667;1.851;1.293;2.896;0.093;1.509;36371
B315F1;2015/03/04 00:26:08;36371;81;29.3;23.9;2.687;1.851;1.254;2.896;0.093;1.516;36372
B315F1;2015/03/04 00:26:18;36372;87;30.9;23.6;2.722;1.816;1.254;2.896;0.083;1.470;36373
B315F1;2015/03/04 00:26:28;36373;82;31.2;23.4;2.654;1.816;1.251;2.896;0.083;1.506;36374
B315F1;2015/03/04 00:26:38;36374;80;32.5;24.1;2.645;1.848;1.251;2.893;0.083;1.519;36375
B315F1;2015/03/04 00:26:48;36375;85;28.7;23.9;2.677;1.848;1.316;2.893;0.083;1.519;36376
B315F1;2015/03/04 00:26:58;36376;95;27.7;23.2;2.864;1.809;1.316;2.893;0.074;1.529;36377
B315F1;2015/03/04 00:27:08;36377;91;32.9;23.4;2.877;1.809;1.274;2.893;0.074;1.519;36378
B315F1;2015/03/04 00:27:18;36378;84;31.2;23.7;2.687;1.819;1.274;2.899;0.074;1.512;36379
B315F1;2015/03/04 00:27:28;36379;83;33.2;24.1;2.877;1.819;1.277;2.899;0.074;1.480;36380
B315F1;2015/03/04 00:27:38;36380;83;34.5;23.7;2.790;1.848;1.277;2.899;0.083;1.516;36381
B315F1;2015/03/04 00:27:48;36381;81;29.3;23.9;2.648;1.848;1.264;2.899;0.083;1.470;36382
B315F1;2015/03/04 00:27:58;36382;83;30.3;23.4;2.867;1.829;1.264;2.854;0.083;1.509;36383
B315F1;2015/03/04 00:28:08;36383;83;31.6;23.7;2.877;1.829;1.309;2.854;0.083;1.516;36384
B315F1;2015/03/04 00:28:18;36384;93;31.2;23.9;2.754;1.848;1.309;2.854;0.090;1.480;36385
B315F1;2015/03/04 00:28:28;36385;74;31.9;23.7;2.870;1.848;1.254;2.854;0.090;1.480;36386
B315F1;2015/03/04 00:28:38;36386;84;33.2;24.1;2.706;1.832;1.254;2.887;0.090;1.506;36387
B315F1;2015/03/04 00:28:48;36387;88;31.9;23.7;2.790;1.832;1.258;2.887;0.090;1.519;36388
B315F1;2015/03/04 00:28:58;36388;83;30.9;23.7;2.667;1.812;1.258;2.887;0.083;1.535;36389
B315F1;2015/03/04 00:29:08;36389;86;34.1;23.1;2.764;1.812;1.287;2.887;0.083;1.493;36390
B315F1;2015/03/04 00:29:18;36390;91;29.0;24.3;2.645;1.832;1.287;2.899;0.083;1.509;36391
B315F1;2015/03/04 00:29:28;36391;88;33.5;23.4;2.803;1.832;1.277;2.899;0.083;1.483;36392
B315F1;2015/03/04 00:29:38;36392;88;30.6;23.6;2.867;1.809;1.277;2.899;0.096;1.506;36393
B315F1;2015/03/04 00:29:48;36393;91;32.9;23.1;2.777;1.809;1.319;2.899;0.096;1.487;36394
B315F1;2015/03/04 00:29:58;36394;92;31.2;24.1;2.780;1.835;1.319;2.880;0.096;1.529;36395
B315F1;2015/03/04 00:30:08;36395;83;32.2;23.7;2.664;1.835;1.312;2.880;0.096;1.500;36396
B315F1;2015/03/04 00:30:18;36396;77;31.6;23.7;2.829;1.819;1.312;2.880;0.083;1.480;36397
B315F1;2015/03/04 00:30:28;36397;89;34.1;23.1;2.767;1.819;1.283;2.880;0.083;1.490;36398
B315F1;2015/03/04 00:30:38;36398;85;30.9;23.2;2.851;1.829;1.283;2.858;0.083;1.480;36399
B315F1;2015/03/04 00:30:48;36399;81;28.7;23.7;2.667;1.829;1.312;2.858;0.083;1.493;36400
B315F1;2015/03/04 00:30:58;36400;84;28.3;23.1;2.864;1.819;1.312;2.858;0.164;1.512;36401
B315F1;2015/03/04 00:31:08;36401;87;31.9;23.6;2.816;1.819;1.258;2.858;0.164;1.483;36402
B315F1;2015/03/04 00:31:18;36402;87;30.3;23.7;2.770;1.825;1.258;2.864;0.164;1.509;36403
B315F1;2015/03/04 00:31:28;36403;88;31.9;23.6;2.816;1.825;1.306;2.864;0.164;1.506;36404
B315F1;2015/03/04 00:31:38;36404;83;33.8;24.1;2.690;1.832;1.306;2.864;0.077;1.493;36405
B315F1;2015/03/04 00:31:48;36405;85;30.9;23.7;2.654;1.832;1.290;2.864;0.077;1.512;36406
B315F1;2015/03/04 00:31:58;36406;83;31.9;23.7;2.693;1.841;1.290;2.845;0.077;1.529;36407
B315F1;2015/03/04 00:32:08;36407;87;28.7;24.3;2.667;1.841;1.306;2.845;0.077;1.519;36408
B315F1;2015/03/04 00:32:18;36408;92;31.6;23.7;2.790;1.819;1.306;2.845;0.093;1.474;36409
B315F1;2015/03/04 00:32:28;36409;85;32.5;23.4;2.764;1.819;1.264;2.845;0.093;1.487;36410
B315F1;2015/03/04 00:32:38;36410;93;31.9;24.1;2.870;1.825;1.264;2.838;0.093;1.500;36411
B315F1;2015/03/04 00:32:48;36411;85;31.2;23.7;2.861;1.825;1.309;2.838;0.093;1.483;36412
B315F1;2015/03/04 00:32:58;36412;85;31.6;24.1;2.835;1.835;1.309;2.838;0.090;1.493;36413
B315F1;2015/03/04 00:33:08;36413;79;34.8;23.1;2.874;1.835;1.312;2.838;0.090;1.474;36414
B315F1;2015/03/04 00:33:18;36414;91;29.6;24.1;2.632;1.832;1.312;2.851;0.090;1.500;36415
B315F1;2015/03/04 00:33:28;36415;88;31.9;23.7;2.809;1.832;1.261;2.851;0.090;1.487;36416
B315F1;2015/03/04 00:33:38;36416;84;33.8;23.9;2.648;1.848;1.261;2.851;0.083;1.487;36417
B315F1;2015/03/04 00:33:48;36417;88;29.0;24.1;2.680;1.848;1.316;2.851;0.083;1.500;36418
B315F1;2015/03/04 00:33:58;36418;82;32.2;23.7;2.867;1.845;1.316;2.841;0.083;1.522;36419
B315F1;2015/03/04 00:34:08;36419;88;27.7;23.9;2.870;1.845;1.267;2.841;0.083;1.509;36420
B315F1;2015/03/04 00:34:18;36420;87;32.9;23.7;2.854;1.812;1.267;2.841;0.093;1.512;36421
B315F1;2015/03/04 00:34:28;36421;82;34.5;23.4;2.703;1.812;1.319;2.841;0.093;1.516;36422
B315F1;2015/03/04 00:34:38;36422;92;31.2;23.7;2.664;1.832;1.319;2.845;0.093;1.490;36423
B315F1;2015/03/04 00:34:48;36423;75;31.2;23.1;2.783;1.832;1.319;2.845;0.093;1.477;36424
B315F1;2015/03/04 00:34:58;36424;84;29.3;23.7;2.658;1.851;1.319;2.845;0.180;1.467;36425
B315F1;2015/03/04 00:35:08;36425;83;32.2;23.7;2.845;1.851;1.274;2.845;0.180;1.474;36426
B315F1;2015/03/04 00:35:18;36426;88;33.8;24.1;2.651;1.851;1.274;2.870;0.180;1.519;36427
B315F1;2015/03/04 00:35:28;36427;88;27.7;23.6;2.719;1.851;1.309;2.870;0.180;1.474;36428
B315F1;2015/03/04 00:35:38;36428;91;31.2;23.7;2.796;1.838;1.309;2.870;0.083;1.509;36429
B315F1;2015/03/04 00:35:48;36429;79;29.0;23.2;2.816;1.838;1.261;2.870;0.083;1.506;36430
B315F1;2015/03/04 00:35:58;36430;93;28.3;23.4;2.867;1.848;1.261;2.838;0.083;1.519;36431
B315F1;2015/03/04 00:36:08;36431;93;33.2;23.6;2.841;1.848;1.254;2.838;0.083;1.522;36432
B315F1;2015/03/04 00:36:18;36432;88;31.2;23.4;2.690;1.848;1.254;2.838;0.158;1.529;36433
B315F1;2015/03/04 00:36:28;36433;88;33.2;23.9;2.683;1.848;1.258;2.838;0.158;1.512;36434
B315F1;2015/03/04 00:36:38;36434;83;30.9;23.4;2.841;1.835;1.258;2.848;0.158;1.480;36435
B315F1;2015/03/04 00:36:48;36435;83;32.9;23.4;2.764;1.835;1.283;2.848;0.158;1.519;36436
B315F1;2015/03/04 00:36:58;36436;83;31.9;23.2;2.854;1.812;1.283;2.848;0.145;1.535;36437
B315F1;2015/03/04 00:37:08;36437;80;30.9;24.1;2.674;1.812;1.261;2.848;0.145;1.512;36438
B315F1;2015/03/04 00:37:18;36438;87;33.2;24.3;2.764;1.812;1.261;2.883;0.145;1.493;36439
B315F1;2015/03/04 00:37:28;36439;88;32.2;23.7;2.864;1.812;1.261;2.883;0.145;1.512;36440
B315F1;2015/03/04 00:37:38;36440;88;31.9;24.1;2.803;1.841;1.261;2.883;0.077;1.503;36441
B315F1;2015/03/04 00:37:48;36441;80;33.5;23.6;2.680;1.841;1.300;2.883;0.077;1.493;36442
B315F1;2015/03/04 00:37:58;36442;88;31.9;24.1;2.670;1.819;1.300;2.887;0.077;1.493;36443
B315F1;2015/03/04 00:38:08;36443;89;31.9;23.6;2.870;1.819;1.258;2.887;0.077;1.500;36444
B315F1;2015/03/04 00:38:18;36444;88;29.3;24.1;2.703;1.822;1.258;2.887;0.083;1.522;36445
B315F1;2015/03/04 00:38:28;36445;88;32.9;23.4;2.864;1.822;1.309;2.887;0.083;1.496;36446
B315F1;2015/03/04 00:38:38;36446;88;28.3;23.7;2.683;1.822;1.309;2.887;0.083;1.506;36447
B315F1;2015/03/04 00:38:48;36447;87;28.7;24.1;2.770;1.822;1.264;2.887;0.083;1.512;36448
B315F1;2015/03/04 00:38:58;36448;85;35.1;23.7;2.664;1.812;1.264;2.887;0.093;1.493;36449
B315F1;2015/03/04 00:39:08;36449;83;32.5;23.2;2.799;1.812;1.319;2.887;0.093;1.480;36450
B315F1;2015/03/04 00:39:18;36450;88;29.0;23.2;2.645;1.832;1.319;2.841;0.093;1.487;36451
B315F1;2015/03/04 00:39:28;36451;84;33.2;23.7;2.822;1.832;1.274;2.841;0.093;1.470;36452
B315F1;2015/03/04 00:39:38;36452;88;30.3;23.1;2.867;1.841;1.274;2.841;0.090;1.509;36453
B315F1;2015/03/04 00:39:48;36453;80;31.9;23.1;2.777;1.841;1.296;2.841;0.090;1.503;36454
B315F1;2015/03/04 00:39:58;36454;79;28.3;23.6;2.832;1.832;1.296;2.841;0.090;1.493;36455
B315F1;2015/03/04 00:40:08;36455;90;34.5;23.1;2.867;1.832;1.309;2.841;0.090;1.470;36456
B315F1;2015/03/04 00:40:18;36456;88;30.3;23.7;2.661;1.832;1.309;2.841;0.090;1.496;36457
B315F1;2015/03/04 00:40:28;36457;89;31.9;23.6;2.796;1.832;1.261;2.841;0.090;1.503;36458
B315F1;2015/03/04 00:40:38;36458;81;32.9;23.7;2.783;1.851;1.261;2.887;0.090;1.506;36459
B315F1;2015/03/04 00:40:48;36459;89;30.9;23.7;2.664;1.851;1.306;2.887;0.090;1.490;36460
B315F1;2015/03/04 00:40:58;36460;76;31.2;23.6;2.822;1.812;1.306;2.887;0.103;1.509;36461
B315F1;2015/03/04 00:41:08;36461;86;31.9;23.7;2.864;1.812;1.322;2.887;0.103;1.477;36462
B315F1;2015/03/04 00:41:18;36462;85;28.3;23.9;2.838;1.816;1.322;2.851;0.103;1.516;36463
B315F1;2015/03/04 00:41:28;36463;92;32.2;23.9;2.835;1.816;1.267;2.851;0.103;1.480;36464
B315F1;2015/03/04 00:41:38;36464;86;31.2;23.7;2.674;1.812;1.267;2.851;0.138;1.519;36465
B315F1;2015/03/04 00:41:48;36465;83;28.3;23.9;2.870;1.812;1.312;2.851;0.138;1.500;36466
B315F1;2015/03/04 00:41:58;36466;87;28.3;23.2;2.651;1.819;1.312;2.848;0.138;1.480;36467
B315F1;2015/03/04 00:42:08;36467;86;28.7;23.7;2.783;1.819;1.316;2.848;0.138;1.477;36468
B315F1;2015/03/04 00:42:18;36468;95;32.5;23.7;2.803;1.845;1.316;2.848;0.080;1.483;36469
B315F1;2015/03/04 00:42:28;36469;91;31.2;23.4;2.777;1.845;1.316;2.848;0.080;1.470;36470
B315F1;2015/03/04 00:42:38;36470;93;29.6;23.7;2.699;1.812;1.316;2.899;0.080;1.509;36471
B315F1;2015/03/04 00:42:48;36471;85;27.7;23.9;2.877;1.812;1.267;2.899;0.080;1.467;36472
B315F1;2015/03/04 00:42:58;36472;84;33.2;23.2;2.816;1.825;1.267;2.899;0.083;1.493;36473
B315F1;2015/03/04 00:43:08;36473;89;32.9;23.4;2.764;1.825;1.270;2.899;0.083;1.470;36474
B315F1;2015/03/04 00:43:18;36474;92;31.6;23.7;2.680;1.851;1.270;2.854;0.083;1.509;36475
B315F1;2015/03/04 00:43:28;36475;83;31.9;24.1;2.845;1.851;1.277;2.854;0.083;1.496;36476
B315F1;2015/03/04 00:43:38;36476;78;30.9;23.9;2.845;1.812;1.277;2.854;0.093;1.490;36477
B315F1;2015/03/04 00:43:48;36477;83;34.5;23.2;2.693;1.812;1.290;2.854;0.093;1.480;36478
B315F1;2015/03/04 00:43:58;36478;83;30.3;24.1;2.758;1.819;1.290;2.848;0.093;1.480;36479
B315F1;2015/03/04 00:44:08;36479;85;30.6;23.2;2.735;1.819;1.319;2.848;0.093;1.474;36480
B315F1;2015/03/04 00:44:18;36480;79;32.5;23.9;2.867;1.851;1.319;2.848;0.112;1.500;36481
B315F1;2015/03/04 00:44:28;36481;83;31.6;23.1;2.783;1.851;1.261;2.848;0.112;1.483;36482
B315F1;2015/03/04 00:44:38;36482;78;31.6;24.1;2.790;1.829;1.261;2.877;0.112;1.474;36483
B315F1;2015/03/04 00:44:48;36483;89;28.0;23.2;2.816;1.829;1.264;2.877;0.112;1.483;36484
B315F1;2015/03/04 00:44:58;36484;88;33.8;24.1;2.645;1.816;1.264;2.877;0.087;1.509;36485
B315F1;2015/03/04 00:45:08;36485;88;31.9;24.1;2.651;1.816;1.280;2.877;0.087;1.506;36486
B315F1;2015/03/04 00:45:18;36486;88;31.9;23.7;2.690;1.812;1.280;2.858;0.087;1.509;36487
B315F1;2015/03/04 00:45:28;36487;88;31.6;24.1;2.864;1.812;1.290;2.858;0.087;1.516;36488
B315F1;2015/03/04 00:45:38;36488;93;31.2;24.1;2.677;1.829;1.290;2.858;0.125;1.493;36489
B315F1;2015/03/04 00:45:48;36489;88;29.0;24.6;2.680;1.829;1.322;2.858;0.125;1.487;36490
B315F1;2015/03/04 00:45:58;36490;91;30.0;23.9;2.729;1.832;1.322;2.887;0.125;1.506;36491
B315F1;2015/03/04 00:46:08;36491;85;33.5;23.4;2.777;1.832;1.316;2.887;0.125;1.512;36492
B315F1;2015/03/04 00:46:18;36492;96;29.0;23.7;2.716;1.832;1.316;2.887;0.087;1.529;36493
B315F1;2015/03/04 00:46:28;36493;82;31.2;23.1;2.770;1.832;1.319;2.887;0.087;1.522;36494
B315F1;2015/03/04 00:46:38;36494;88;30.9;23.4;2.632;1.835;1.319;2.890;0.087;1.490;36495
B315F1;2015/03/04 00:46:48;36495;86;31.2;22.9;2.751;1.835;1.312;2.890;0.087;1.509;36496
B315F1;2015/03/04 00:46:58;36496;85;30.0;24.3;2.783;1.835;1.312;2.890;0.138;1.512;36497
B315F1;2015/03/04 00:47:08;36497;93;32.9;23.4;2.870;1.835;1.312;2.890;0.138;1.496;36498
B315F1;2015/03/04 00:47:18;36498;91;30.6;23.7;2.664;1.845;1.312;2.896;0.138;1.516;36499
B315F1;2015/03/04 00:47:28;36499;83;30.0;23.7;2.829;1.845;1.300;2.896;0.138;1.516;36500
B315F1;2015/03/04 00:47:38;36500;95;31.2;23.6;2.667;1.816;1.300;2.896;0.112;1.500;36501
B315F1;2015/03/04 00:47:48;36501;88;31.2;22.9;2.751;1.816;1.296;2.896;0.112;1.477;36502
B315F1;2015/03/04 00:47:58;36502;91;31.9;23.2;2.838;1.851;1.296;2.896;0.112;1.516;36503
B315F1;2015/03/04 00:48:08;36503;91;28.7;24.1;2.677;1.851;1.264;2.896;0.112;1.467;36504
B315F1;2015/03/04 00:48:18;36504;79;32.2;24.1;2.770;1.829;1.264;2.896;0.093;1.496;36505
B315F1;2015/03/04 00:48:28;36505;83;30.9;23.7;2.877;1.829;1.270;2.896;0.093;1.474;36506
B315F1;2015/03/04 00:48:38;36506;88;29.0;23.6;2.651;1.816;1.270;2.887;0.093;1.477;36507
B315F1;2015/03/04 00:48:48;36507;88;29.0;23.6;2.870;1.816;1.325;2.887;0.093;1.509;36508
B315F1;2015/03/04 00:48:58;36508;89;29.3;23.6;2.754;1.816;1.325;2.887;0.093;1.493;36509
B315F1;2015/03/04 00:49:08;36509;89;34.5;23.2;2.816;1.816;1.261;2.887;0.093;1.470;36510
B315F1;2015/03/04 00:49:18;36510;88;27.7;23.6;2.870;1.848;1.261;2.893;0.093;1.519;36511
B315F1;2015/03/04 00:49:28;36511;89;27.7;23.9;2.661;1.848;1.283;2.893;0.093;1.477;36512
B315F1;2015/03/04 00:49:38;36512;83;34.5;23.9;2.638;1.825;1.283;2.893;0.090;1.490;36513
B315F1;2015/03/04 00:49:48;36513;80;29.6;24.1;2.790;1.825;1.319;2.893;0.090;1.487;36514
B315F1;2015/03/04 00:49:58;36514;87;30.9;24.6;2.845;1.832;1.319;2.883;0.090;1.512;36515
B315F1;2015/03/04 00:50:08;36515;84;32.2;23.7;2.809;1.832;1.287;2.883;0.090;1.487;36516
B315F1;2015/03/04 00:50:18;36516;83;31.9;24.6;2.790;1.832;1.287;2.883;0.096;1.506;36517
B315F1;2015/03/04 00:50:28;36517;83;28.7;23.9;2.806;1.832;1.261;2.883;0.096;1.509;36518
B315F1;2015/03/04 00:50:38;36518;87;34.5;23.7;2.667;1.845;1.261;2.909;0.096;1.506;36519
B315F1;2015/03/04 00:50:48;36519;88;32.5;23.2;2.812;1.845;1.264;2.909;0.096;1.509;36520
B315F1;2015/03/04 00:50:58;36520;78;34.5;24.1;2.677;1.854;1.264;2.909;0.090;1.506;36521
B315F1;2015/03/04 00:51:08;36521;93;30.6;23.2;2.841;1.854;1.264;2.909;0.090;1.490;36522
B315F1;2015/03/04 00:51:18;36522;88;29.0;23.1;2.867;1.838;1.264;2.864;0.090;1.512;36523
B315F1;2015/03/04 00:51:28;36523;93;33.2;23.7;2.870;1.838;1.325;2.864;0.090;1.522;36524
B315F1;2015/03/04 00:51:38;36524;88;30.3;23.6;2.654;1.832;1.325;2.864;0.106;1.506;36525
B315F1;2015/03/04 00:51:48;36525;84;31.2;23.7;2.661;1.832;1.267;2.864;0.106;1.516;36526
B315F1;2015/03/04 00:51:58;36526;93;29.0;23.7;2.651;1.835;1.267;2.861;0.106;1.487;36527
B315F1;2015/03/04 00:52:08;36527;88;32.2;23.7;2.858;1.835;1.261;2.861;0.106;1.506;36528
B315F1;2015/03/04 00:52:18;36528;91;29.0;24.1;2.638;1.848;1.261;2.861;0.080;1.506;36529
B315F1;2015/03/04 00:52:28;36529;86;28.0;23.4;2.745;1.848;1.322;2.861;0.080;1.490;36530
B315F1;2015/03/04 00:52:38;36530;81;31.6;23.7;2.690;1.858;1.322;2.864;0.080;1.516;36531
B315F1;2015/03/04 00:52:48;36531;87;30.0;24.3;2.664;1.858;1.312;2.864;0.080;1.496;36532
B315F1;2015/03/04 00:52:58;36532;96;31.6;23.7;2.835;1.838;1.312;2.864;0.090;1.525;36533
B315F1;2015/03/04 00:53:08;36533;82;30.9;24.1;2.867;1.838;1.264;2.864;0.090;1.483;36534
B315F1;2015/03/04 00:53:18;36534;88;31.2;24.1;2.790;1.854;1.264;2.870;0.090;1.496;36535
B315F1;2015/03/04 00:53:28;36535;84;27.7;23.9;2.648;1.854;1.312;2.870;0.090;1.500;36536
B315F1;2015/03/04 00:53:38;36536;86;29.6;23.7;2.725;1.841;1.312;2.870;0.203;1.503;36537
B315F1;2015/03/04 00:53:48;36537;80;27.7;23.7;2.651;1.841;1.312;2.870;0.203;1.525;36538
B315F1;2015/03/04 00:53:58;36538;93;28.3;23.7;2.690;1.838;1.312;2.877;0.203;1.516;36539
B315F1;2015/03/04 00:54:08;36539;93;30.9;23.2;2.858;1.838;1.270;2.877;0.203;1.490;36540
B315F1;2015/03/04 00:54:18;36540;81;28.3;23.9;2.841;1.822;1.270;2.877;0.170;1.503;36541
B315F1;2015/03/04 00:54:28;36541;79;28.7;23.4;2.667;1.822;1.264;2.877;0.170;1.512;36542
B315F1;2015/03/04 00:54:38;36542;88;31.2;24.3;2.838;1.825;1.264;2.903;0.170;1.483;36543
B315F1;2015/03/04 00:54:48;36543;87;29.0;23.7;2.877;1.825;1.267;2.903;0.170;1.496;36544
B315F1;2015/03/04 00:54:58;36544;88;29.6;24.1;2.651;1.845;1.267;2.903;0.090;1.470;36545
B315F1;2015/03/04 00:55:08;36545;88;28.7;24.1;2.677;1.845;1.309;2.903;0.090;1.496;36546
B315F1;2015/03/04 00:55:18;36546;86;30.3;23.6;2.664;1.816;1.309;2.870;0.090;1.480;36547
B315F1;2015/03/04 00:55:28;36547;87;31.6;23.7;2.877;1.816;1.325;2.870;0.090;1.493;36548
B315F1;2015/03/04 00:55:38;36548;91;34.1;23.7;2.654;1.816;1.325;2.870;0.093;1.493;36549
B315F1;2015/03/04 00:55:48;36549;77;34.8;23.6;2.761;1.816;1.306;2.870;0.093;1.474;36550
B315F1;2015/03/04 00:55:58;36550;88;28.3;23.7;2.632;1.816;1.306;2.854;0.093;1.470;36551
B315F1;2015/03/04 00:56:08;36551;90;31.9;23.6;2.799;1.816;1.261;2.854;0.093;1.483;36552
B315F1;2015/03/04 00:56:18;36552;88;29.0;24.1;2.654;1.832;1.261;2.854;0.083;1.519;36553
B315F1;2015/03/04 00:56:28;36553;83;34.8;23.4;2.719;1.832;1.264;2.854;0.083;1.512;36554
B315F1;2015/03/04 00:56:38;36554;96;31.9;23.9;2.690;1.858;1.264;2.887;0.083;1.480;36555
B315F1;2015/03/04 00:56:48;36555;78;27.7;23.9;2.877;1.858;1.287;2.887;0.083;1.483;36556
B315F1;2015/03/04 00:56:58;36556;90;31.6;24.3;2.809;1.832;1.287;2.887;0.087;1.500;36557
B315F1;2015/03/04 00:57:08;36557;84;34.5;23.6;2.709;1.832;1.306;2.887;0.087;1.493;36558
B315F1;2015/03/04 00:57:18;36558;90;28.7;23.2;2.870;1.816;1.306;2.864;0.087;1.477;36559
B315F1;2015/03/04 00:57:28;36559;84;33.5;23.6;2.748;1.816;1.264;2.864;0.087;1.496;36560
B315F1;2015/03/04 00:57:38;36560;92;31.2;24.1;2.693;1.816;1.264;2.864;0.093;1.480;36561
B315F1;2015/03/04 00:57:48;36561;87;28.7;23.9;2.877;1.816;1.280;2.864;0.093;1.483;36562
B315F1;2015/03/04 00:57:58;36562;84;31.2;23.7;2.783;1.835;1.280;2.870;0.093;1.493;36563
B315F1;2015/03/04 00:58:08;36563;91;31.2;23.1;2.867;1.835;1.325;2.870;0.093;1.490;36564
B315F1;2015/03/04 00:58:18;36564;88;34.5;23.6;2.664;1.854;1.325;2.870;0.096;1.500;36565
B315F1;2015/03/04 00:58:28;36565;80;30.0;24.3;2.677;1.854;1.261;2.870;0.096;1.506;36566
B315F1;2015/03/04 00:58:38;36566;80;31.9;23.9;2.787;1.829;1.261;2.899;0.096;1.500;36567
B315F1;2015/03/04 00:58:48;36567;92;32.9;24.3;2.680;1.829;1.322;2.899;0.096;1.490;36568
B315F1;2015/03/04 00:58:58;36568;83;30.9;23.2;2.638;1.832;1.322;2.899;0.093;1.490;36569
B315F1;2015/03/04 00:59:08;36569;84;33.5;22.9;2.751;1.832;1.270;2.899;0.093;1.493;36570
B315F1;2015/03/04 00:59:18;36570;91;27.7;23.4;2.864;1.838;1.270;2.867;0.093;1.496;36571
B315F1;2015/03/04 00:59:28;36571;93;31.6;22.9;2.867;1.838;1.274;2.867;0.093;1.519;36572
B315F1;2015/03/04 00:59:38;36572;84;29.6;24.1;2.754;1.838;1.274;2.867;0.090;1.506;36573
B315F1;2015/03/04 00:59:48;36573;77;33.2;23.2;2.803;1.838;1.306;2.867;0.090;1.512;36574
B315F1;2015/03/04 00:59:58;36574;88;31.9;24.1;2.825;1.851;1.306;2.861;0.090;1.512;36575
B315F1;2015/03/04 01:00:08;36575;83;30.0;23.6;2.861;1.851;1.274;2.861;0.090;1.519;36576
B315F1;2015/03/04 01:00:18;36576;78;31.6;24.1;2.687;1.841;1.274;2.861;0.132;1.500;36577
B315F1;2015/03/04 01:00:28;36577;92;29.0;23.7;2.674;1.841;1.316;2.861;0.132;1.470;36578
B315F1;2015/03/04 01:00:38;36578;93;30.0;23.9;2.735;1.819;1.316;2.899;0.132;1.519;36579
B315F1;2015/03/04 01:00:48;36579;84;32.5;23.1;2.725;1.819;1.329;2.899;0.132;1.477;36580
B315F1;2015/03/04 01:00:58;36580;90;32.9;23.7;2.741;1.835;1.329;2.899;0.096;1.506;36581
B315F1;2015/03/04 01:01:08;36581;87;35.1;23.6;2.735;1.835;1.267;2.899;0.096;1.487;36582
B315F1;2015/03/04 01:01:18;36582;86;31.9;23.6;2.803;1.848;1.267;2.861;0.096;1.490;36583
B315F1;2015/03/04 01:01:28;36583;87;33.2;23.6;2.799;1.848;1.267;2.861;0.096;1.496;36584
B315F1;2015/03/04 01:01:38;36584;85;32.5;24.1;2.651;1.829;1.267;2.861;0.090;1.509;36585
B315F1;2015/03/04 01:01:48;36585;93;31.6;24.1;2.667;1.829;1.264;2.861;0.090;1.506;36586
B315F1;2015/03/04 01:01:58;36586;80;30.0;24.1;2.690;1.854;1.264;2.861;0.090;1.493;36587
B315F1;2015/03/04 01:02:08;36587;84;34.5;23.4;2.858;1.854;1.300;2.861;0.090;1.483;36588
B315F1;2015/03/04 01:02:18;36588;88;31.2;23.6;2.664;1.848;1.300;2.861;0.090;1.477;36589
B315F1;2015/03/04 01:02:28;36589;83;29.6;23.2;2.680;1.848;1.325;2.861;0.090;1.503;36590
B315F1;2015/03/04 01:02:38;36590;81;33.2;24.6;2.835;1.848;1.325;2.854;0.090;1.519;36591
B315F1;2015/03/04 01:02:48;36591;82;29.0;23.6;2.687;1.848;1.319;2.854;0.090;1.516;36592
B315F1;2015/03/04 01:02:58;36592;90;28.0;24.1;2.783;1.835;1.319;2.854;0.077;1.470;36593
B315F1;2015/03/04 01:03:08;36593;90;30.3;23.9;2.848;1.835;1.267;2.854;0.077;1.470;36594
B315F1;2015/03/04 01:03:18;36594;88;29.0;23.9;2.845;1.841;1.267;2.883;0.077;1.516;36595
B315F1;2015/03/04 01:03:28;36595;84;30.0;23.6;2.825;1.841;1.280;2.883;0.077;1.516;36596
B315F1;2015/03/04 01:03:38;36596;91;32.5;24.1;2.829;1.854;1.280;2.883;0.132;1.483;36597
B315F1;2015/03/04 01:03:48;36597;84;29.6;23.2;2.822;1.854;1.264;2.883;0.132;1.519;36598
B315F1;2015/03/04 01:03:58;36598;95;28.3;23.7;2.851;1.819;1.264;2.909;0.132;1.522;36599
B315F1;2015/03/04 01:04:08;36599;88;30.6;23.4;2.848;1.819;1.325;2.909;0.132;1.493;36600
B315F1;2015/03/04 01:04:18;36600;80;28.7;23.6;2.645;1.851;1.325;2.909;0.087;1.512;36601
B315F1;2015/03/04 01:04:28;36601;93;32.9;23.4;2.748;1.851;1.309;2.909;0.087;1.500;36602
B315F1;2015/03/04 01:04:38;36602;89;31.6;23.7;2.687;1.838;1.309;2.870;0.087;1.487;36603
B315F1;2015/03/04 01:04:48;36603;85;28.7;23.9;2.845;1.838;1.267;2.870;0.087;1.512;36604
B315F1;2015/03/04 01:04:58;36604;92;33.5;23.6;2.729;1.851;1.267;2.870;0.109;1.487;36605
B315F1;2015/03/04 01:05:08;36605;86;29.3;23.2;2.696;1.851;1.283;2.870;0.109;1.519;36606
B315F1;2015/03/04 01:05:18;36606;86;29.0;23.9;2.638;1.858;1.283;2.896;0.109;1.525;36607
B315F1;2015/03/04 01:05:28;36607;90;30.3;23.7;2.780;1.858;1.280;2.896;0.109;1.474;36608
B315F1;2015/03/04 01:05:38;36608;88;31.6;23.7;2.822;1.848;1.280;2.896;0.125;1.500;36609
B315F1;2015/03/04 01:05:48;36609;81;32.5;22.9;2.867;1.848;1.264;2.896;0.125;1.480;36610
B315F1;2015/03/04 01:05:58;36610;90;30.0;23.7;2.751;1.819;1.264;2.864;0.125;1.496;36611
B315F1;2015/03/04 01:06:08;36611;88;31.9;23.6;2.790;1.819;1.303;2.864;0.125;1.470;36612
B315F1;2015/03/04 01:06:18;36612;92;33.2;23.7;2.706;1.819;1.303;2.864;0.096;1.509;36613
B315F1;2015/03/04 01:06:28;36613;91;28.3;24.3;2.664;1.819;1.325;2.864;0.096;1.480;36614
B315F1;2015/03/04 01:06:38;36614;83;33.2;23.9;2.645;1.825;1.325;2.861;0.096;1.477;36615
B315F1;2015/03/04 01:06:48;36615;81;34.8;23.2;2.732;1.825;1.264;2.861;0.096;1.519;36616
B315F1;2015/03/04 01:06:58;36616;90;30.6;23.7;2.664;1.829;1.264;2.861;0.183;1.490;36617
B315F1;2015/03/04 01:07:08;36617;74;28.7;24.3;2.670;1.829;1.316;2.861;0.183;1.503;36618
B315F1;2015/03/04 01:07:18;36618;96;28.3;23.6;2.638;1.848;1.316;2.870;0.183;1.483;36619
B315F1;2015/03/04 01:07:28;36619;87;28.3;23.9;2.664;1.848;1.267;2.870;0.183;1.522;36620
B315F1;2015/03/04 01:07:38;36620;79;30.9;23.6;2.841;1.851;1.267;2.870;0.087;1.529;36621
B315F1;2015/03/04 01:07:48;36621;78;27.7;23.9;2.877;1.851;1.329;2.870;0.087;1.487;36622
B315F1;2015/03/04 01:07:58;36622;90;34.5;23.9;2.658;1.838;1.329;2.899;0.087;1.516;36623
B315F1;2015/03/04 01:08:08;36623;86;28.0;22.9;2.745;1.838;1.264;2.899;0.087;1.525;36624
B315F1;2015/03/04 01:08:18;36624;93;29.0;23.4;2.654;1.854;1.264;2.899;0.090;1.477;36625
B315F1;2015/03/04 01:08:28;36625;81;31.9;23.4;2.877;1.854;1.303;2.899;0.090;1.496;36626
B315F1;2015/03/04 01:08:38;36626;79;32.2;23.7;2.841;1.848;1.303;2.867;0.090;1.496;36627
B315F1;2015/03/04 01:08:48;36627;78;34.8;23.4;2.867;1.848;1.319;2.867;0.090;1.461;36628
B315F1;2015/03/04 01:08:58;36628;88;32.9;23.7;2.745;1.854;1.319;2.867;0.090;1.467;36629
B315F1;2015/03/04 01:09:08;36629;90;32.2;23.9;2.870;1.854;1.319;2.867;0.090;1.480;36630
B315F1;2015/03/04 01:09:18;36630;85;31.6;23.7;2.680;1.835;1.319;2.870;0.090;1.490;36631
B315F1;2015/03/04 01:09:28;36631;85;34.1;23.6;2.877;1.835;1.283;2.870;0.090;1.509;36632
B315F1;2015/03/04 01:09:38;36632;82;28.3;23.6;2.661;1.822;1.283;2.870;0.087;1.516;36633
B315F1;2015/03/04 01:09:48;36633;87;30.3;23.7;2.803;1.822;1.270;2.870;0.087;1.474;36634
B315F1;2015/03/04 01:09:58;36634;92;31.6;23.2;2.854;1.822;1.270;2.870;0.087;1.483;36635
B315F1;2015/03/04 01:10:08;36635;86;27.7;23.7;2.664;1.822;1.267;2.870;0.087;1.490;36636
B315F1;2015/03/04 01:10:18;36636;81;30.6;24.1;2.661;1.858;1.267;2.870;0.112;1.483;36637
B315F1;2015/03/04 01:10:28;36637;82;32.9;24.1;2.816;1.858;1.322;2.870;0.112;1.500;36638
B315F1;2015/03/04 01:10:38;36638;88;30.6;23.7;2.758;1.819;1.322;2.864;0.112;1.519;36639
B315F1;2015/03/04 01:10:48;36639;88;33.5;23.2;2.790;1.819;1.264;2.864;0.112;1.500;36640
B315F1;2015/03/04 01:10:58;36640;78;31.9;24.1;2.745;1.822;1.264;2.864;0.087;1.500;36641
B315F1;2015/03/04 01:11:08;36641;93;34.1;23.7;2.803;1.822;1.329;2.864;0.087;1.483;36642
B315F1;2015/03/04 01:11:18;36642;85;30.0;24.1;2.654;1.819;1.329;2.883;0.087;1.512;36643
B315F1;2015/03/04 01:11:28;36643;89;28.0;23.2;2.735;1.819;1.274;2.883;0.087;1.467;36644
B315F1;2015/03/04 01:11:38;36644;89;29.0;23.6;2.706;1.854;1.274;2.883;0.090;1.496;36645
B315F1;2015/03/04 01:11:48;36645;82;30.9;23.1;2.738;1.854;1.264;2.883;0.090;1.506;36646
B315F1;2015/03/04 01:11:58;36646;89;33.5;23.6;2.664;1.841;1.264;2.883;0.090;1.474;36647
B315F1;2015/03/04 01:12:08;36647;87;32.9;23.1;2.783;1.841;1.300;2.883;0.090;1.503;36648
B315F1;2015/03/04 01:12:18;36648;90;28.7;23.6;2.687;1.861;1.300;2.883;0.090;1.496;36649
B315F1;2015/03/04 01:12:28;36649;87;30.6;23.2;2.848;1.861;1.325;2.883;0.090;1.477;36650
B315F1;2015/03/04 01:12:38;36650;96;32.5;23.9;2.664;1.841;1.325;2.906;0.090;1.490;36651
B315F1;2015/03/04 01:12:48;36651;85;29.3;23.9;2.658;1.841;1.277;2.906;0.090;1.500;36652
B315F1;2015/03/04 01:12:58;36652;85;30.3;23.9;2.870;1.829;1.277;2.906;0.090;1.470;36653
B315F1;2015/03/04 01:13:08;36653;82;31.9;23.4;2.770;1.829;1.270;2.906;0.090;1.461;36654
B315F1;2015/03/04 01:13:18;36654;88;31.6;23.6;2.848;1.822;1.270;2.867;0.090;1.500;36655
B315F1;2015/03/04 01:13:28;36655;88;27.7;23.9;2.658;1.822;1.267;2.867;0.090;1.467;36656
B315F1;2015/03/04 01:13:38;36656;88;30.9;23.2;2.748;1.838;1.267;2.867;0.096;1.470;36657
B315F1;2015/03/04 01:13:48;36657;89;32.9;23.7;2.783;1.838;1.319;2.867;0.096;1.467;36658
B315F1;2015/03/04 01:13:58;36658;91;27.7;23.6;2.664;1.822;1.319;2.890;0.096;1.461;36659
B315F1;2015/03/04 01:14:08;36659;88;32.2;23.7;2.877;1.822;1.270;2.890;0.096;1.461;36660
B315F1;2015/03/04 01:14:18;36660;88;32.9;24.1;2.654;1.832;1.270;2.890;0.109;1.503;36661
B315F1;2015/03/04 01:14:28;36661;76;28.7;24.3;2.667;1.832;1.287;2.890;0.109;1.480;36662
B315F1;2015/03/04 01:14:38;36662;88;27.7;23.2;2.654;1.822;1.287;2.909;0.109;1.474;36663
B315F1;2015/03/04 01:14:48;36663;86;28.7;23.7;2.693;1.822;1.309;2.909;0.109;1.464;36664
B315F1;2015/03/04 01:14:58;36664;91;28.3;23.4;2.845;1.835;1.309;2.909;0.093;1.448;36665
B315F1;2015/03/04 01:15:08;36665;83;30.3;23.9;2.829;1.835;1.290;2.909;0.093;1.438;36666
B315F1;2015/03/04 01:15:18;36666;80;32.2;23.9;2.638;1.825;1.290;2.867;0.093;1.461;36667
B315F1;2015/03/04 01:15:28;36667;90;28.0;23.4;2.738;1.825;1.280;2.867;0.093;1.470;36668
B315F1;2015/03/04 01:15:38;36668;83;31.9;24.1;2.706;1.861;1.280;2.867;0.093;1.487;36669
B315F1;2015/03/04 01:15:48;36669;89;34.5;23.4;2.825;1.861;1.274;2.867;0.093;1.474;36670
B315F1;2015/03/04 01:15:58;36670;84;30.9;23.4;2.864;1.848;1.274;2.867;0.093;1.470;36671
B315F1;2015/03/04 01:16:08;36671;84;31.6;23.7;2.877;1.848;1.325;2.867;0.093;1.467;36672
B315F1;2015/03/04 01:16:18;36672;88;28.3;23.7;2.664;1.861;1.325;2.867;0.090;1.464;36673
B315F1;2015/03/04 01:16:28;36673;75;32.5;23.6;2.690;1.861;1.267;2.867;0.090;1.470;36674
B315F1;2015/03/04 01:16:38;36674;89;32.5;23.7;2.667;1.825;1.267;2.867;0.090;1.461;36675
B315F1;2015/03/04 01:16:48;36675;93;30.0;23.6;2.816;1.825;1.325;2.867;0.090;1.503;36676
B315F1;2015/03/04 01:16:58;36676;81;28.7;23.9;2.864;1.845;1.325;2.867;0.090;1.467;36677
B315F1;2015/03/04 01:17:08;36677;87;31.9;23.6;2.764;1.845;1.270;2.867;0.090;1.470;36678
B315F1;2015/03/04 01:17:18;36678;79;31.9;24.1;2.767;1.841;1.270;2.887;0.090;1.487;36679
B315F1;2015/03/04 01:17:28;36679;93;32.5;23.6;2.709;1.841;1.267;2.887;0.090;1.512;36680
B315F1;2015/03/04 01:17:38;36680;84;30.0;23.7;2.712;1.841;1.267;2.887;0.103;1.487;36681
B315F1;2015/03/04 01:17:48;36681;90;28.3;23.9;2.664;1.841;1.270;2.887;0.103;1.483;36682
B315F1;2015/03/04 01:17:58;36682;90;27.7;23.9;2.845;1.851;1.270;2.919;0.103;1.503;36683
B315F1;2015/03/04 01:18:08;36683;91;31.2;23.7;2.803;1.851;1.332;2.919;0.103;1.503;36684
B315F1;2015/03/04 01:18:18;36684;84;28.3;23.6;2.645;1.848;1.332;2.919;0.093;1.454;36685
B315F1;2015/03/04 01:18:28;36685;85;29.6;24.3;2.803;1.848;1.329;2.919;0.093;1.470;36686
B315F1;2015/03/04 01:18:38;36686;82;28.7;23.9;2.638;1.832;1.329;2.909;0.093;1.461;36687
B315F1;2015/03/04 01:18:48;36687;84;28.0;23.6;2.870;1.832;1.325;2.909;0.093;1.454;36688
B315F1;2015/03/04 01:18:58;36688;85;30.9;23.9;2.806;1.829;1.325;2.909;0.090;1.470;36689
B315F1;2015/03/04 01:19:08;36689;87;30.6;23.2;2.738;1.829;1.332;2.909;0.090;1.483;36690
B315F1;2015/03/04 01:19:18;36690;88;31.2;23.9;2.664;1.864;1.332;2.903;0.090;1.506;36691
B315F1;2015/03/04 01:19:28;36691;88;32.9;24.1;2.799;1.864;1.283;2.903;0.090;1.493;36692
B315F1;2015/03/04 01:19:38;36692;88;28.0;24.1;2.664;1.825;1.283;2.903;0.090;1.490;36693
B315F1;2015/03/04 01:19:48;36693;85;29.0;23.7;2.845;1.825;1.335;2.903;0.090;1.493;36694
B315F1;2015/03/04 01:19:58;36694;85;28.0;23.7;2.799;1.825;1.335;2.864;0.090;1.532;36695
B315F1;2015/03/04 01:20:08;36695;87;27.7;23.7;2.693;1.825;1.332;2.864;0.090;1.532;36696
B315F1;2015/03/04 01:20:18;36696;91;28.0;24.1;2.661;1.851;1.332;2.864;0.119;1.496;36697
B315F1;2015/03/04 01:20:28;36697;81;31.9;24.1;2.864;1.851;1.325;2.864;0.119;1.516;36698
B315F1;2015/03/04 01:20:38;36698;86;27.7;23.1;2.874;1.822;1.325;2.909;0.119;1.509;36699
B315F1;2015/03/04 01:20:48;36699;83;32.2;23.7;2.803;1.822;1.267;2.909;0.119;1.483;36700
B315F1;2015/03/04 01:20:58;36700;89;34.5;23.9;2.645;1.861;1.267;2.909;0.109;1.509;36701
B315F1;2015/03/04 01:21:08;36701;80;29.6;23.1;2.712;1.861;1.296;2.909;0.109;1.503;36702
B315F1;2015/03/04 01:21:18;36702;84;31.2;23.7;2.829;1.838;1.296;2.874;0.109;1.470;36703
B315F1;2015/03/04 01:21:28;36703;88;33.2;23.9;2.680;1.838;1.283;2.874;0.109;1.480;36704
B315F1;2015/03/04 01:21:38;36704;95;29.3;24.1;2.654;1.861;1.283;2.874;0.080;1.493;36705
B315F1;2015/03/04 01:21:48;36705;92;33.5;23.4;2.864;1.861;1.290;2.874;0.080;1.474;36706
B315F1;2015/03/04 01:21:58;36706;77;30.0;23.7;2.861;1.861;1.290;2.909;0.080;1.503;36707
B315F1;2015/03/04 01:22:08;36707;88;30.3;23.4;2.841;1.861;1.335;2.909;0.080;1.516;36708
B315F1;2015/03/04 01:22:18;36708;87;34.5;23.7;2.706;1.825;1.335;2.909;0.083;1.509;36709
B315F1;2015/03/04 01:22:28;36709;79;31.2;23.7;2.809;1.825;1.303;2.909;0.083;1.477;36710
B315F1;2015/03/04 01:22:38;36710;89;28.3;23.2;2.867;1.864;1.303;2.909;0.083;1.522;36711
B315F1;2015/03/04 01:22:48;36711;88;30.6;23.4;2.735;1.864;1.335;2.909;0.083;1.522;36712
B315F1;2015/03/04 01:22:58;36712;88;29.0;23.2;2.654;1.832;1.335;2.909;0.093;1.519;36713
B315F1;2015/03/04 01:23:08;36713;79;28.3;24.1;2.670;1.832;1.332;2.909;0.093;1.470;36714
B315F1;2015/03/04 01:23:18;36714;91;30.3;23.7;2.667;1.841;1.332;2.883;0.093;1.496;36715
B315F1;2015/03/04 01:23:28;36715;78;30.9;23.7;2.651;1.841;1.300;2.883;0.093;1.487;36716
B315F1;2015/03/04 01:23:38;36716;94;30.3;23.6;2.661;1.841;1.300;2.883;0.093;1.490;36717
B315F1;2015/03/04 01:23:48;36717;88;32.5;23.6;2.693;1.841;1.274;2.883;0.093;1.490;36718
B315F1;2015/03/04 01:23:58;36718;78;28.3;23.9;2.632;1.864;1.274;2.890;0.093;1.483;36719
B315F1;2015/03/04 01:24:08;36719;87;27.7;23.7;2.645;1.864;1.283;2.890;0.093;1.496;36720
B315F1;2015/03/04 01:24:18;36720;84;32.5;23.6;2.664;1.825;1.283;2.890;0.096;1.477;36721
B315F1;2015/03/04 01:24:28;36721;84;28.3;23.7;2.654;1.825;1.325;2.890;0.096;1.490;36722
B315F1;2015/03/04 01:24:38;36722;87;32.9;24.1;2.777;1.861;1.325;2.925;0.096;1.464;36723
B315F1;2015/03/04 01:24:48;36723;88;29.6;23.1;2.693;1.861;1.306;2.925;0.096;1.509;36724
B315F1;2015/03/04 01:24:58;36724;94;29.6;23.7;2.654;1.854;1.306;2.925;0.090;1.500;36725
B315F1;2015/03/04 01:25:08;36725;79;31.2;23.4;2.741;1.854;1.274;2.925;0.090;1.487;36726
B315F1;2015/03/04 01:25:18;36726;76;29.3;24.1;2.754;1.841;1.274;2.880;0.090;1.493;36727
B315F1;2015/03/04 01:25:28;36727;84;30.3;23.2;2.741;1.841;1.274;2.880;0.090;1.477;36728
B315F1;2015/03/04 01:25:38;36728;84;28.7;23.7;2.690;1.835;1.274;2.880;0.132;1.464;36729
B315F1;2015/03/04 01:25:48;36729;83;27.7;23.9;2.870;1.835;1.329;2.880;0.132;1.493;36730
B315F1;2015/03/04 01:25:58;36730;91;30.6;23.7;2.754;1.848;1.329;2.874;0.132;1.487;36731
B315F1;2015/03/04 01:26:08;36731;78;31.2;23.4;2.864;1.848;1.277;2.874;0.132;1.480;36732
B315F1;2015/03/04 01:26:18;36732;86;28.7;24.1;2.645;1.851;1.277;2.874;0.145;1.477;36733
B315F1;2015/03/04 01:26:28;36733;88;32.2;23.9;2.858;1.851;1.274;2.874;0.145;1.509;36734
B315F1;2015/03/04 01:26:38;36734;87;30.3;23.6;2.864;1.838;1.274;2.883;0.145;1.477;36735
B315F1;2015/03/04 01:26:48;36735;74;27.7;23.6;2.703;1.838;1.306;2.883;0.145;1.480;36736
B315F1;2015/03/04 01:26:58;36736;92;31.9;24.1;2.680;1.829;1.306;2.883;0.209;1.500;36737
B315F1;2015/03/04 01:27:08;36737;83;30.6;23.7;2.845;1.829;1.332;2.883;0.209;1.493;36738
B315F1;2015/03/04 01:27:18;36738;81;30.3;23.6;2.754;1.829;1.332;2.912;0.209;1.500;36739
B315F1;2015/03/04 01:27:28;36739;90;30.0;23.4;2.870;1.829;1.274;2.912;0.209;1.500;36740
B315F1;2015/03/04 01:27:38;36740;92;30.3;22.9;2.867;1.841;1.274;2.912;0.090;1.493;36741
B315F1;2015/03/04 01:27:48;36741;86;33.5;23.1;2.751;1.841;1.338;2.912;0.090;1.500;36742
B315F1;2015/03/04 01:27:58;36742;89;30.9;23.2;2.841;1.867;1.338;2.867;0.090;1.506;36743
B315F1;2015/03/04 01:28:08;36743;91;30.3;23.7;2.651;1.867;1.277;2.867;0.090;1.512;36744
B315F1;2015/03/04 01:28:18;36744;88;33.2;23.7;2.664;1.851;1.277;2.867;0.112;1.493;36745
B315F1;2015/03/04 01:28:28;36745;85;33.5;23.7;2.783;1.851;1.335;2.867;0.112;1.487;36746
B315F1;2015/03/04 01:28:38;36746;81;33.2;23.9;2.674;1.835;1.335;2.890;0.112;1.500;36747
B315F1;2015/03/04 01:28:48;36747;91;31.9;23.9;2.693;1.835;1.274;2.890;0.112;1.477;36748
B315F1;2015/03/04 01:28:58;36748;87;31.2;23.9;2.741;1.829;1.274;2.890;0.096;1.487;36749
B315F1;2015/03/04 01:29:08;36749;79;30.0;24.1;2.851;1.829;1.287;2.890;0.096;1.519;36750
B315F1;2015/03/04 01:29:18;36750;88;32.9;23.6;2.783;1.867;1.287;2.887;0.096;1.522;36751
B315F1;2015/03/04 01:29:28;36751;77;30.3;23.9;2.799;1.867;1.277;2.887;0.096;1.490;36752
B315F1;2015/03/04 01:29:38;36752;88;32.2;23.7;2.845;1.854;1.277;2.887;0.077;1.487;36753
B315F1;2015/03/04 01:29:48;36753;81;28.7;24.3;2.664;1.854;1.300;2.887;0.077;1.522;36754
B315F1;2015/03/04 01:29:58;36754;82;30.0;24.1;2.754;1.861;1.300;2.909;0.077;1.509;36755
B315F1;2015/03/04 01:30:08;36755;86;34.5;23.6;2.693;1.861;1.325;2.909;0.077;1.483;36756
B315F1;2015/03/04 01:30:18;36756;78;34.5;23.7;2.677;1.854;1.325;2.909;0.177;1.483;36757
B315F1;2015/03/04 01:30:28;36757;79;29.6;24.1;2.796;1.854;1.332;2.909;0.177;1.493;36758
B315F1;2015/03/04 01:30:38;36758;89;31.6;23.7;2.680;1.829;1.332;2.932;0.177;1.519;36759
B315F1;2015/03/04 01:30:48;36759;78;27.7;23.9;2.667;1.829;1.319;2.932;0.177;1.493;36760
B315F1;2015/03/04 01:30:58;36760;89;31.9;23.7;2.767;1.854;1.319;2.932;0.132;1.483;36761
B315F1;2015/03/04 01:31:08;36761;82;33.2;23.2;2.683;1.854;1.267;2.932;0.132;1.509;36762
B315F1;2015/03/04 01:31:18;36762;85;29.6;24.1;2.651;1.845;1.267;2.929;0.132;1.461;36763
B315F1;2015/03/04 01:31:28;36763;83;33.5;23.4;2.783;1.845;1.335;2.929;0.132;1.483;36764
B315F1;2015/03/04 01:31:38;36764;89;30.3;23.2;2.867;1.861;1.335;2.929;0.158;1.458;36765
B315F1;2015/03/04 01:31:48;36765;84;30.9;23.7;2.877;1.861;1.277;2.929;0.158;1.461;36766
B315F1;2015/03/04 01:31:58;36766;88;27.7;23.6;2.664;1.861;1.277;2.880;0.158;1.509;36767
B315F1;2015/03/04 01:32:08;36767;88;30.0;23.4;2.841;1.861;1.277;2.880;0.158;1.500;36768
B315F1;2015/03/04 01:32:18;36768;84;28.7;24.1;2.735;1.848;1.277;2.880;0.080;1.496;36769
B315F1;2015/03/04 01:32:28;36769;78;28.7;23.9;2.845;1.848;1.316;2.880;0.080;1.487;36770
B315F1;2015/03/04 01:32:38;36770;89;31.6;23.2;2.854;1.829;1.316;2.883;0.080;1.461;36771
B315F1;2015/03/04 01:32:48;36771;84;29.3;23.6;2.829;1.829;1.274;2.883;0.080;1.458;36772
B315F1;2015/03/04 01:32:58;36772;90;28.3;23.4;2.690;1.829;1.274;2.883;0.096;1.445;36773
B315F1;2015/03/04 01:33:08;36773;84;32.5;23.2;2.854;1.829;1.319;2.883;0.096;1.483;36774
B315F1;2015/03/04 01:33:18;36774;91;29.0;23.6;2.687;1.829;1.319;2.925;0.096;1.503;36775
B315F1;2015/03/04 01:33:28;36775;90;31.9;23.7;2.809;1.829;1.300;2.925;0.096;1.516;36776
B315F1;2015/03/04 01:33:38;36776;78;31.9;24.1;2.780;1.867;1.300;2.925;0.083;1.490;36777
B315F1;2015/03/04 01:33:48;36777;92;30.0;23.9;2.803;1.867;1.287;2.925;0.083;1.480;36778
B315F1;2015/03/04 01:33:58;36778;86;34.5;24.4;2.638;1.864;1.287;2.874;0.083;1.496;36779
B315F1;2015/03/04 01:34:08;36779;94;27.4;23.7;2.645;1.864;1.277;2.874;0.083;1.477;36780
B315F1;2015/03/04 01:34:18;36780;93;29.3;23.9;2.861;1.851;1.277;2.874;0.096;1.493;36781
B315F1;2015/03/04 01:34:28;36781;84;28.7;23.6;2.693;1.851;1.280;2.874;0.096;1.483;36782
B315F1;2015/03/04 01:34:38;36782;93;32.9;24.1;2.645;1.832;1.280;2.925;0.096;1.487;36783
B315F1;2015/03/04 01:34:48;36783;83;31.9;23.9;2.799;1.832;1.274;2.925;0.096;1.474;36784
B315F1;2015/03/04 01:34:58;36784;77;34.5;24.1;2.667;1.870;1.274;2.925;0.158;1.509;36785
B315F1;2015/03/04 01:35:08;36785;81;30.3;23.4;2.716;1.870;1.335;2.925;0.158;1.490;36786
B315F1;2015/03/04 01:35:18;36786;89;32.2;24.1;2.822;1.864;1.335;2.874;0.158;1.522;36787
B315F1;2015/03/04 01:35:28;36787;80;27.7;23.6;2.645;1.864;1.283;2.874;0.158;1.490;36788
B315F1;2015/03/04 01:35:38;36788;78;30.3;23.9;2.867;1.829;1.283;2.874;0.096;1.474;36789
B315F1;2015/03/04 01:35:48;36789;78;31.9;23.4;2.870;1.829;1.287;2.874;0.096;1.525;36790
B315F1;2015/03/04 01:35:58;36790;88;29.0;23.7;2.651;1.854;1.287;2.925;0.096;1.503;36791
B315F1;2015/03/04 01:36:08;36791;88;28.7;23.9;2.677;1.854;1.277;2.925;0.096;1.503;36792
B315F1;2015/03/04 01:36:18;36792;91;27.7;23.9;2.845;1.867;1.277;2.925;0.080;1.480;36793
B315F1;2015/03/04 01:36:28;36793;78;32.2;23.1;2.870;1.867;1.338;2.925;0.080;1.467;36794
B315F1;2015/03/04 01:36:38;36794;91;32.9;24.1;2.651;1.829;1.338;2.906;0.080;1.480;36795
B315F1;2015/03/04 01:36:48;36795;80;28.7;23.6;2.812;1.829;1.277;2.906;0.080;1.493;36796
B315F1;2015/03/04 01:36:58;36796;93;30.6;23.6;2.845;1.867;1.277;2.906;0.096;1.493;36797
B315F1;2015/03/04 01:37:08;36797;88;33.5;23.4;2.758;1.867;1.283;2.906;0.096;1.519;36798
B315F1;2015/03/04 01:37:18;36798;89;31.9;23.7;2.796;1.867;1.283;2.925;0.096;1.522;36799
B315F1;2015/03/04 01:37:28;36799;84;32.9;23.2;2.758;1.867;1.280;2.925;0.096;1.506;36800
B315F1;2015/03/04 01:37:38;36800;92;31.6;24.3;2.674;1.870;1.280;2.925;0.090;1.487;36801
B315F1;2015/03/04 01:37:48;36801;88;28.7;24.1;2.677;1.870;1.280;2.925;0.090;1.487;36802
B315F1;2015/03/04 01:37:58;36802;88;28.3;23.2;2.867;1.832;1.280;2.877;0.090;1.519;36803
B315F1;2015/03/04 01:38:08;36803;92;31.9;23.9;2.677;1.832;1.280;2.877;0.090;1.506;36804
B315F1;2015/03/04 01:38:18;36804;88;29.0;24.4;2.645;1.838;1.280;2.877;0.164;1.493;36805
B315F1;2015/03/04 01:38:28;36805;84;32.5;23.6;2.803;1.838;1.283;2.877;0.164;1.519;36806
B315F1;2015/03/04 01:38:38;36806;88;33.5;23.7;2.812;1.854;1.283;2.890;0.164;1.503;36807
B315F1;2015/03/04 01:38:48;36807;88;30.3;23.2;2.829;1.854;1.274;2.890;0.164;1.532;36808
B315F1;2015/03/04 01:38:58;36808;83;34.5;23.7;2.677;1.870;1.274;2.890;0.106;1.503;36809
B315F1;2015/03/04 01:39:08;36809;87;32.9;23.7;2.838;1.870;1.274;2.890;0.106;1.503;36810
B315F1;2015/03/04 01:39:18;36810;79;31.2;23.2;2.867;1.870;1.274;2.925;0.106;1.474;36811
B315F1;2015/03/04 01:39:28;36811;88;27.7;24.3;2.693;1.870;1.290;2.925;0.106;1.500;36812
B315F1;2015/03/04 01:39:38;36812;88;32.5;23.7;2.793;1.851;1.290;2.925;0.096;1.509;36813
B315F1;2015/03/04 01:39:48;36813;82;27.7;23.9;2.867;1.851;1.280;2.925;0.096;1.483;36814
B315F1;2015/03/04 01:39:58;36814;93;28.3;23.9;2.841;1.851;1.280;2.929;0.096;1.480;36815
B315F1;2015/03/04 01:40:08;36815;86;30.9;23.4;2.864;1.851;1.280;2.929;0.096;1.503;36816
B315F1;2015/03/04 01:40:18;36816;89;27.7;23.7;2.661;1.832;1.280;2.929;0.090;1.487;36817
B315F1;2015/03/04 01:40:28;36817;83;32.5;23.7;2.809;1.832;1.332;2.929;0.090;1.480;36818
B315F1;2015/03/04 01:40:38;36818;89;29.0;23.9;2.651;1.870;1.332;2.922;0.090;1.493;36819
B315F1;2015/03/04 01:40:48;36819;86;30.3;23.2;2.719;1.870;1.306;2.922;0.090;1.525;36820
B315F1;2015/03/04 01:40:58;36820;85;30.3;23.7;2.664;1.832;1.306;2.922;0.096;1.474;36821
B315F1;2015/03/04 01:41:08;36821;81;30.9;23.9;2.841;1.832;1.316;2.922;0.096;1.474;36822
B315F1;2015/03/04 01:41:18;36822;88;30.3;23.9;2.658;1.854;1.316;2.887;0.096;1.500;36823
B315F1;2015/03/04 01:41:28;36823;93;30.3;23.7;2.858;1.854;1.325;2.887;0.096;1.509;36824
B315F1;2015/03/04 01:41:38;36824;93;30.3;23.2;2.867;1.838;1.325;2.887;0.090;1.477;36825
B315F1;2015/03/04 01:41:48;36825;88;27.7;23.6;2.651;1.838;1.293;2.887;0.090;1.480;36826
B315F1;2015/03/04 01:41:58;36826;92;29.0;23.2;2.877;1.864;1.293;2.925;0.090;1.480;36827
B315F1;2015/03/04 01:42:08;36827;89;33.2;23.6;2.803;1.864;1.335;2.925;0.090;1.467;36828
B315F1;2015/03/04 01:42:18;36828;92;28.0;23.7;2.680;1.832;1.335;2.925;0.096;1.493;36829
B315F1;2015/03/04 01:42:28;36829;90;31.2;23.2;2.758;1.832;1.303;2.925;0.096;1.464;36830
B315F1;2015/03/04 01:42:38;36830;91;28.3;23.6;2.680;1.832;1.303;2.938;0.096;1.496;36831
B315F1;2015/03/04 01:42:48;36831;88;32.9;23.2;2.777;1.832;1.277;2.938;0.096;1.454;36832
B315F1;2015/03/04 01:42:58;36832;88;28.7;24.3;2.709;1.848;1.277;2.938;0.109;1.487;36833
B315F1;2015/03/04 01:43:08;36833;88;27.7;23.7;2.651;1.848;1.290;2.938;0.109;1.506;36834
B315F1;2015/03/04 01:43:18;36834;92;32.9;23.9;2.867;1.832;1.290;2.932;0.109;1.503;36835
B315F1;2015/03/04 01:43:28;36835;81;33.5;23.4;2.764;1.832;1.332;2.932;0.109;1.464;36836
B315F1;2015/03/04 01:43:38;36836;76;30.3;23.9;2.645;1.832;1.332;2.932;0.087;1.503;36837
B315F1;2015/03/04 01:43:48;36837;88;34.8;23.6;2.777;1.832;1.332;2.932;0.087;1.525;36838
B315F1;2015/03/04 01:43:58;36838;91;28.7;24.1;2.645;1.838;1.332;2.916;0.087;1.490;36839
B315F1;2015/03/04 01:44:08;36839;87;32.5;23.2;2.841;1.838;1.280;2.916;0.087;1.500;36840
B315F1;2015/03/04 01:44:18;36840;90;34.8;23.7;2.777;1.858;1.280;2.916;0.164;1.474;36841
B315F1;2015/03/04 01:44:28;36841;88;31.2;23.6;2.877;1.858;1.309;2.916;0.164;1.493;36842
B315F1;2015/03/04 01:44:38;36842;92;30.9;24.1;2.670;1.832;1.309;2.896;0.164;1.496;36843
B315F1;2015/03/04 01:44:48;36843;82;30.3;23.7;2.832;1.832;1.280;2.896;0.164;1.483;36844
B315F1;2015/03/04 01:44:58;36844;85;28.3;23.6;2.664;1.870;1.280;2.896;0.090;1.516;36845
B315F1;2015/03/04 01:45:08;36845;88;34.1;23.4;2.735;1.870;1.280;2.896;0.090;1.532;36846
B315F1;2015/03/04 01:45:18;36846;85;28.3;23.9;2.829;1.870;1.280;2.912;0.090;1.532;36847
B315F1;2015/03/04 01:45:28;36847;87;33.2;23.9;2.870;1.870;1.341;2.912;0.090;1.500;36848
B315F1;2015/03/04 01:45:38;36848;88;30.3;23.7;2.661;1.832;1.341;2.912;0.090;1.529;36849
B315F1;2015/03/04 01:45:48;36849;93;33.8;23.4;2.877;1.832;1.280;2.912;0.090;1.509;36850
B315F1;2015/03/04 01:45:58;36850;90;34.1;23.4;2.654;1.851;1.280;2.893;0.090;1.493;36851
B315F1;2015/03/04 01:46:08;36851;83;31.9;23.6;2.777;1.851;1.341;2.893;0.090;1.509;36852
B315F1;2015/03/04 01:46:18;36852;93;30.0;23.7;2.854;1.832;1.341;2.893;0.093;1.522;36853
B315F1;2015/03/04 01:46:28;36853;87;31.9;23.6;2.651;1.832;1.338;2.893;0.093;1.529;36854
B315F1;2015/03/04 01:46:38;36854;89;31.2;24.1;2.674;1.841;1.338;2.929;0.093;1.483;36855
B315F1;2015/03/04 01:46:48;36855;82;29.6;23.6;2.645;1.841;1.309;2.929;0.093;1.516;36856
B315F1;2015/03/04 01:46:58;36856;89;32.5;23.7;2.651;1.867;1.309;2.929;0.096;1.483;36857
B315F1;2015/03/04 01:47:08;36857;93;28.3;23.9;2.790;1.867;1.280;2.929;0.096;1.506;36858
B315F1;2015/03/04 01:47:18;36858;78;34.8;23.7;2.790;1.864;1.280;2.880;0.096;1.490;36859
B315F1;2015/03/04 01:47:28;36859;84;29.0;23.4;2.783;1.864;1.335;2.880;0.096;1.503;36860
B315F1;2015/03/04 01:47:38;36860;91;33.8;23.9;2.658;1.867;1.335;2.880;0.096;1.483;36861
B315F1;2015/03/04 01:47:48;36861;81;29.3;23.6;2.677;1.867;1.280;2.880;0.096;1.487;36862
B315F1;2015/03/04 01:47:58;36862;91;30.9;23.2;2.867;1.867;1.280;2.909;0.096;1.500;36863
B315F1;2015/03/04 01:48:08;36863;88;32.9;23.4;2.799;1.867;1.296;2.909;0.096;1.474;36864
B315F1;2015/03/04 01:48:18;36864;91;31.6;23.7;2.816;1.870;1.296;2.909;0.158;1.503;36865
B315F1;2015/03/04 01:48:28;36865;86;29.6;23.6;2.803;1.870;1.303;2.909;0.158;1.509;36866
B315F1;2015/03/04 01:48:38;36866;88;32.5;23.6;2.635;1.858;1.303;2.932;0.158;1.506;36867
B315F1;2015/03/04 01:48:48;36867;83;29.0;23.4;2.690;1.858;1.280;2.932;0.158;1.509;36868
B315F1;2015/03/04 01:48:58;36868;90;33.5;23.7;2.709;1.841;1.280;2.932;0.096;1.519;36869
B315F1;2015/03/04 01:49:08;36869;86;29.3;23.7;2.677;1.841;1.312;2.932;0.096;1.519;36870
B315F1;2015/03/04 01:49:18;36870;87;31.6;22.9;2.867;1.832;1.312;2.890;0.096;1.480;36871
B315F1;2015/03/04 01:49:28;36871;85;28.3;24.1;2.654;1.832;1.287;2.890;0.096;1.525;36872
B315F1;2015/03/04 01:49:38;36872;88;31.2;24.1;2.803;1.867;1.287;2.890;0.090;1.503;36873
B315F1;2015/03/04 01:49:48;36873;85;29.0;23.4;2.796;1.867;1.277;2.890;0.090;1.525;36874
B315F1;2015/03/04 01:49:58;36874;89;32.5;23.6;2.783;1.870;1.277;2.929;0.090;1.506;36875
B315F1;2015/03/04 01:50:08;36875;90;30.3;23.9;2.838;1.870;1.341;2.929;0.090;1.490;36876
B315F1;2015/03/04 01:50:18;36876;84;30.0;23.9;2.864;1.870;1.341;2.929;0.083;1.512;36877
B315F1;2015/03/04 01:50:28;36877;93;31.9;23.4;2.770;1.870;1.277;2.929;0.083;1.516;36878
B315F1;2015/03/04 01:50:38;36878;80;32.5;23.6;2.712;1.870;1.277;2.890;0.083;1.509;36879
B315F1;2015/03/04 01:50:48;36879;89;28.3;23.9;2.870;1.870;1.329;2.890;0.083;1.522;36880
B315F1;2015/03/04 01:50:58;36880;94;30.3;24.1;2.658;1.864;1.329;2.890;0.080;1.512;36881
B315F1;2015/03/04 01:51:08;36881;76;28.7;24.3;2.764;1.864;1.290;2.890;0.080;1.545;36882
B315F1;2015/03/04 01:51:18;36882;91;31.9;23.2;2.809;1.848;1.290;2.903;0.080;1.496;36883
B315F1;2015/03/04 01:51:28;36883;85;35.1;22.9;2.699;1.848;1.309;2.903;0.080;1.503;36884
B315F1;2015/03/04 01:51:38;36884;86;33.2;23.2;2.651;1.854;1.309;2.903;0.096;1.496;36885
B315F1;2015/03/04 01:51:48;36885;88;27.7;23.6;2.648;1.854;1.277;2.903;0.096;1.493;36886
B315F1;2015/03/04 01:51:58;36886;94;29.6;23.6;2.651;1.841;1.277;2.938;0.096;1.519;36887
B315F1;2015/03/04 01:52:08;36887;86;30.3;23.7;2.845;1.841;1.316;2.938;0.096;1.512;36888
B315F1;2015/03/04 01:52:18;36888;88;31.6;23.7;2.838;1.835;1.316;2.938;0.090;1.529;36889
B315F1;2015/03/04 01:52:28;36889;80;30.0;23.7;2.816;1.835;1.283;2.938;0.090;1.509;36890
B315F1;2015/03/04 01:52:38;36890;88;33.5;23.7;2.809;1.858;1.283;2.929;0.090;1.512;36891
B315F1;2015/03/04 01:52:48;36891;77;28.0;23.4;2.854;1.858;1.332;2.929;0.090;1.500;36892
B315F1;2015/03/04 01:52:58;36892;88;28.3;23.6;2.851;1.870;1.332;2.929;0.096;1.509;36893
B315F1;2015/03/04 01:53:08;36893;93;29.3;23.6;2.680;1.870;1.309;2.929;0.096;1.529;36894
B315F1;2015/03/04 01:53:18;36894;78;30.3;23.1;2.638;1.874;1.309;2.906;0.096;1.509;36895
B315F1;2015/03/04 01:53:28;36895;89;34.8;23.4;2.877;1.874;1.316;2.906;0.096;1.512;36896
B315F1;2015/03/04 01:53:38;36896;91;30.0;23.9;2.745;1.835;1.316;2.906;0.122;1.496;36897
B315F1;2015/03/04 01:53:48;36897;86;33.5;24.4;2.654;1.835;1.296;2.906;0.122;1.503;36898
B315F1;2015/03/04 01:53:58;36898;87;30.6;24.1;2.761;1.854;1.296;2.899;0.122;1.483;36899
B315F1;2015/03/04 01:54:08;36899;92;33.5;23.2;2.864;1.854;1.338;2.899;0.122;1.477;36900
B315F1;2015/03/04 01:54:18;36900;84;32.5;23.6;2.712;1.835;1.338;2.899;0.119;1.532;36901
B315F1;2015/03/04 01:54:28;36901;89;30.3;23.6;2.809;1.835;1.332;2.899;0.119;1.509;36902
B315F1;2015/03/04 01:54:38;36902;84;32.2;23.7;2.690;1.874;1.332;2.909;0.119;1.493;36903
B315F1;2015/03/04 01:54:48;36903;78;28.0;22.7;2.764;1.874;1.280;2.909;0.119;1.477;36904
B315F1;2015/03/04 01:54:58;36904;88;27.7;23.7;2.638;1.835;1.280;2.909;0.099;1.493;36905
B315F1;2015/03/04 01:55:08;36905;92;30.0;23.4;2.790;1.835;1.296;2.909;0.099;1.500;36906
B315F1;2015/03/04 01:55:18;36906;86;32.2;23.7;2.693;1.845;1.296;2.945;0.099;1.512;36907
B315F1;2015/03/04 01:55:28;36907;76;32.5;23.2;2.706;1.845;1.306;2.945;0.099;1.512;36908
B315F1;2015/03/04 01:55:38;36908;83;31.2;23.9;2.712;1.870;1.306;2.945;0.145;1.496;36909
B315F1;2015/03/04 01:55:48;36909;88;29.6;23.6;2.699;1.870;1.280;2.945;0.145;1.532;36910
B315F1;2015/03/04 01:55:58;36910;82;28.3;23.4;2.741;1.854;1.280;2.941;0.145;1.483;36911
B315F1;2015/03/04 01:56:08;36911;92;28.3;23.7;2.645;1.854;1.329;2.941;0.145;1.467;36912
B315F1;2015/03/04 01:56:18;36912;91;33.2;23.7;2.835;1.841;1.329;2.941;0.090;1.464;36913
B315F1;2015/03/04 01:56:28;36913;80;32.5;23.4;2.741;1.841;1.287;2.941;0.090;1.496;36914
B315F1;2015/03/04 01:56:38;36914;77;28.3;23.6;2.877;1.835;1.287;2.906;0.090;1.470;36915
B315F1;2015/03/04 01:56:48;36915;93;27.4;23.9;2.651;1.835;1.300;2.906;0.090;1.503;36916
B315F1;2015/03/04 01:56:58;36916;88;31.9;23.9;2.719;1.835;1.300;2.906;0.090;1.493;36917
B315F1;2015/03/04 01:57:08;36917;90;28.0;23.4;2.738;1.835;1.290;2.906;0.090;1.506;36918
B315F1;2015/03/04 01:57:18;36918;87;30.0;24.1;2.854;1.835;1.290;2.951;0.090;1.464;36919
B315F1;2015/03/04 01:57:28;36919;91;30.9;23.4;2.667;1.835;1.280;2.951;0.090;1.477;36920
B315F1;2015/03/04 01:57:38;36920;88;27.7;23.6;2.867;1.858;1.280;2.951;0.080;1.464;36921
B315F1;2015/03/04 01:57:48;36921;91;27.7;23.9;2.877;1.858;1.341;2.951;0.080;1.454;36922
B315F1;2015/03/04 01:57:58;36922;93;31.2;23.6;2.829;1.874;1.341;2.916;0.080;1.496;36923
B315F1;2015/03/04 01:58:08;36923;82;31.9;23.7;2.799;1.874;1.290;2.916;0.080;1.506;36924
B315F1;2015/03/04 01:58:18;36924;92;28.3;23.4;2.748;1.838;1.290;2.916;0.145;1.474;36925
B315F1;2015/03/04 01:58:28;36925;84;31.2;23.4;2.835;1.838;1.287;2.916;0.145;1.503;36926
B315F1;2015/03/04 01:58:38;36926;88;31.9;23.9;2.741;1.861;1.287;2.899;0.145;1.509;36927
B315F1;2015/03/04 01:58:48;36927;88;27.7;23.9;2.877;1.861;1.287;2.899;0.145;1.464;36928
B315F1;2015/03/04 01:58:58;36928;80;30.3;23.2;2.874;1.877;1.287;2.899;0.119;1.467;36929
B315F1;2015/03/04 01:59:08;36929;87;30.3;23.6;2.703;1.877;1.345;2.899;0.119;1.487;36930
B315F1;2015/03/04 01:59:18;36930;78;30.6;23.7;2.754;1.835;1.345;2.935;0.119;1.529;36931
B315F1;2015/03/04 01:59:28;36931;78;31.6;23.7;2.664;1.835;1.332;2.935;0.119;1.483;36932
B315F1;2015/03/04 01:59:38;36932;92;28.3;23.9;2.854;1.877;1.332;2.935;0.099;1.493;36933
B315F1;2015/03/04 01:59:48;36933;93;29.6;23.4;2.712;1.877;1.283;2.935;0.099;1.500;36934
B315F1;2015/03/04 01:59:58;36934;93;31.2;24.1;2.796;1.874;1.283;2.893;0.099;1.483;36935
B315F1;2015/03/04 02:00:08;36935;91;32.5;23.7;2.799;1.874;1.332;2.893;0.099;1.490;36936
B315F1;2015/03/04 02:00:18;36936;87;29.6;23.7;2.758;1.858;1.332;2.893;0.090;1.487;36937
B315F1;2015/03/04 02:00:28;36937;91;32.9;23.7;2.877;1.858;1.312;2.893;0.090;1.477;36938
B315F1;2015/03/04 02:00:38;36938;83;32.5;23.9;2.709;1.861;1.312;2.938;0.090;1.509;36939
B315F1;2015/03/04 02:00:48;36939;82;27.7;24.3;2.651;1.861;1.290;2.938;0.090;1.470;36940
B315F1;2015/03/04 02:00:58;36940;92;28.3;23.6;2.819;1.838;1.290;2.938;0.112;1.500;36941
B315F1;2015/03/04 02:01:08;36941;90;32.2;23.1;2.790;1.838;1.296;2.938;0.112;1.509;36942
