B31552;2015/03/01 00:00:01;45453;79;26.7;23.6;2.619;1.667;1.029;2.235;0.000;0.754;45454
B31552;2015/03/01 00:00:11;45454;81;29.3;23.4;2.690;1.683;1.029;2.196;0.000;0.719;45455
B31552;2015/03/01 00:00:21;45455;89;28.7;24.1;2.854;1.683;1.074;2.196;0.000;0.764;45456
B31552;2015/03/01 00:00:31;45456;88;28.7;22.9;2.606;1.690;1.074;2.196;0.000;0.758;45457
B31552;2015/03/01 00:00:41;45457;92;25.1;23.4;2.806;1.690;1.041;2.196;0.000;0.770;45458
B31552;2015/03/01 00:00:51;45458;92;31.2;23.7;2.783;1.674;1.041;2.206;0.000;0.725;45459
B31552;2015/03/01 00:01:01;45459;88;30.6;23.6;2.729;1.674;1.012;2.206;0.000;0.722;45460
B31552;2015/03/01 00:01:11;45460;94;24.5;24.1;2.803;1.696;1.012;2.206;0.000;0.741;45461
B31552;2015/03/01 00:01:21;45461;81;24.8;23.4;2.819;1.696;1.077;2.206;0.000;0.729;45462
B31552;2015/03/01 00:01:31;45462;89;25.8;23.4;2.619;1.661;1.077;2.232;0.000;0.754;45463
B31552;2015/03/01 00:01:41;45463;93;29.3;23.9;2.645;1.661;1.045;2.232;0.000;0.722;45464
B31552;2015/03/01 00:01:51;45464;84;27.0;23.4;2.861;1.687;1.045;2.232;0.000;0.738;45465
B31552;2015/03/01 00:02:01;45465;80;26.1;23.7;2.619;1.687;1.074;2.232;0.000;0.745;45466
B31552;2015/03/01 00:02:11;45466;88;26.7;23.1;2.854;1.703;1.074;2.235;0.000;0.732;45467
B31552;2015/03/01 00:02:21;45467;92;25.8;23.2;2.851;1.703;1.070;2.235;0.000;0.774;45468
B31552;2015/03/01 00:02:31;45468;85;25.1;24.1;2.732;1.690;1.070;2.235;0.000;0.741;45469
B31552;2015/03/01 00:02:41;45469;91;27.7;24.1;2.648;1.690;1.022;2.235;0.000;0.738;45470
B31552;2015/03/01 00:02:51;45470;90;25.1;23.7;2.851;1.674;1.022;2.219;0.000;0.767;45471
B31552;2015/03/01 00:03:01;45471;92;27.4;23.6;2.812;1.674;1.019;2.219;0.000;0.774;45472
B31552;2015/03/01 00:03:11;45472;96;24.8;23.4;2.809;1.667;1.019;2.219;0.000;0.774;45473
B31552;2015/03/01 00:03:21;45473;90;28.7;23.7;2.638;1.667;1.022;2.219;0.000;0.748;45474
B31552;2015/03/01 00:03:31;45474;94;24.8;23.7;2.816;1.690;1.022;2.203;0.000;0.783;45475
B31552;2015/03/01 00:03:41;45475;85;25.4;24.1;2.625;1.690;1.022;2.203;0.000;0.725;45476
B31552;2015/03/01 00:03:51;45476;93;30.3;23.2;2.632;1.677;1.022;2.203;0.006;0.767;45477
B31552;2015/03/01 00:04:01;45477;90;25.1;22.9;2.612;1.677;1.041;2.203;0.006;0.725;45478
B31552;2015/03/01 00:04:11;45478;84;29.0;22.9;2.699;1.667;1.041;2.206;0.006;0.725;45479
B31552;2015/03/01 00:04:21;45479;93;26.7;23.7;2.619;1.667;1.070;2.206;0.006;0.751;45480
B31552;2015/03/01 00:04:31;45480;89;25.1;24.1;2.809;1.716;1.070;2.206;0.006;0.767;45481
B31552;2015/03/01 00:04:41;45481;89;23.8;23.2;2.867;1.716;1.032;2.206;0.006;0.758;45482
B31552;2015/03/01 00:04:51;45482;84;26.4;23.9;2.854;1.709;1.032;2.203;0.006;0.745;45483
B31552;2015/03/01 00:05:01;45483;85;29.3;23.4;2.651;1.709;1.077;2.203;0.006;0.761;45484
B31552;2015/03/01 00:05:11;45484;88;25.8;23.9;2.761;1.693;1.077;2.203;0.000;0.725;45485
B31552;2015/03/01 00:05:21;45485;93;24.8;23.4;2.864;1.693;1.029;2.203;0.000;0.735;45486
B31552;2015/03/01 00:05:31;45486;95;25.8;23.4;2.841;1.690;1.029;2.212;0.000;0.725;45487
B31552;2015/03/01 00:05:41;45487;91;24.5;23.2;2.841;1.690;1.054;2.212;0.000;0.754;45488
B31552;2015/03/01 00:05:51;45488;88;28.3;23.2;2.674;1.699;1.054;2.212;0.000;0.729;45489
B31552;2015/03/01 00:06:01;45489;92;30.0;23.1;2.861;1.699;1.025;2.212;0.000;0.745;45490
B31552;2015/03/01 00:06:11;45490;88;24.1;24.1;2.770;1.716;1.025;2.264;0.000;0.745;45491
B31552;2015/03/01 00:06:21;45491;94;26.1;22.9;2.841;1.716;1.048;2.264;0.000;0.725;45492
B31552;2015/03/01 00:06:31;45492;90;24.5;23.7;2.835;1.683;1.048;2.264;0.000;0.758;45493
B31552;2015/03/01 00:06:41;45493;93;28.7;23.4;2.783;1.683;1.083;2.264;0.000;0.738;45494
B31552;2015/03/01 00:06:51;45494;85;27.4;23.6;2.845;1.696;1.083;2.238;0.000;0.751;45495
B31552;2015/03/01 00:07:01;45495;90;27.0;23.6;2.625;1.696;1.077;2.238;0.000;0.719;45496
B31552;2015/03/01 00:07:11;45496;93;24.1;23.6;2.793;1.667;1.077;2.238;0.093;0.758;45497
B31552;2015/03/01 00:07:21;45497;94;25.8;23.2;2.841;1.667;1.016;2.238;0.093;0.748;45498
B31552;2015/03/01 00:07:31;45498;88;24.5;23.4;2.822;1.709;1.016;2.238;0.093;0.745;45499
B31552;2015/03/01 00:07:41;45499;83;25.8;23.6;2.667;1.709;1.032;2.238;0.093;0.725;45500
B31552;2015/03/01 00:07:51;45500;88;31.2;23.4;2.735;1.709;1.032;2.238;0.000;0.725;45501
B31552;2015/03/01 00:08:01;45501;80;24.5;23.6;2.651;1.709;1.074;2.238;0.000;0.732;45502
B31552;2015/03/01 00:08:11;45502;93;24.5;24.1;2.796;1.677;1.074;2.261;0.000;0.751;45503
B31552;2015/03/01 00:08:21;45503;90;29.6;23.4;2.812;1.677;1.029;2.261;0.000;0.751;45504
B31552;2015/03/01 00:08:31;45504;89;25.1;23.4;2.838;1.667;1.029;2.261;0.000;0.774;45505
B31552;2015/03/01 00:08:41;45505;88;23.8;23.2;2.864;1.667;1.080;2.261;0.000;0.735;45506
B31552;2015/03/01 00:08:51;45506;89;27.4;23.9;2.612;1.699;1.080;2.258;0.000;0.767;45507
B31552;2015/03/01 00:09:01;45507;83;25.1;22.9;2.619;1.699;1.038;2.258;0.000;0.754;45508
B31552;2015/03/01 00:09:11;45508;92;29.6;22.9;2.741;1.670;1.038;2.258;0.000;0.732;45509
B31552;2015/03/01 00:09:21;45509;90;28.0;23.4;2.864;1.670;1.025;2.258;0.000;0.745;45510
B31552;2015/03/01 00:09:31;45510;93;28.7;23.9;2.632;1.699;1.025;2.264;0.000;0.745;45511
B31552;2015/03/01 00:09:41;45511;93;28.0;23.6;2.793;1.699;1.083;2.264;0.000;0.732;45512
B31552;2015/03/01 00:09:51;45512;89;26.4;23.7;2.854;1.696;1.083;2.264;0.000;0.767;45513
B31552;2015/03/01 00:10:01;45513;87;25.1;23.4;2.838;1.696;1.045;2.264;0.000;0.751;45514
B31552;2015/03/01 00:10:11;45514;93;24.5;23.4;2.780;1.706;1.045;2.225;0.000;0.748;45515
B31552;2015/03/01 00:10:21;45515;90;30.3;23.4;2.677;1.706;1.058;2.225;0.000;0.777;45516
B31552;2015/03/01 00:10:31;45516;85;28.3;23.6;2.654;1.670;1.058;2.225;0.000;0.783;45517
B31552;2015/03/01 00:10:41;45517;92;25.4;23.7;2.799;1.670;1.041;2.225;0.000;0.754;45518
B31552;2015/03/01 00:10:51;45518;86;27.7;23.6;2.632;1.677;1.041;2.238;0.000;0.732;45519
B31552;2015/03/01 00:11:01;45519;92;30.6;23.6;2.780;1.677;1.083;2.238;0.000;0.729;45520
B31552;2015/03/01 00:11:11;45520;91;26.7;23.4;2.738;1.693;1.083;2.238;0.000;0.732;45521
B31552;2015/03/01 00:11:21;45521;83;30.6;23.6;2.693;1.693;1.022;2.238;0.000;0.738;45522
B31552;2015/03/01 00:11:31;45522;90;31.2;23.6;2.625;1.670;1.022;2.206;0.000;0.745;45523
B31552;2015/03/01 00:11:41;45523;90;27.7;24.1;2.638;1.670;1.019;2.206;0.000;0.732;45524
B31552;2015/03/01 00:11:51;45524;91;24.5;23.7;2.812;1.680;1.019;2.206;0.000;0.738;45525
B31552;2015/03/01 00:12:01;45525;89;30.6;23.9;2.770;1.680;1.077;2.206;0.000;0.758;45526
B31552;2015/03/01 00:12:11;45526;90;25.8;23.7;2.738;1.683;1.077;2.193;0.000;0.738;45527
B31552;2015/03/01 00:12:21;45527;90;23.8;23.1;2.625;1.683;1.022;2.193;0.000;0.735;45528
B31552;2015/03/01 00:12:31;45528;88;28.0;23.7;2.806;1.699;1.022;2.193;0.000;0.745;45529
B31552;2015/03/01 00:12:41;45529;90;28.0;22.9;2.612;1.699;1.045;2.193;0.000;0.741;45530
B31552;2015/03/01 00:12:51;45530;87;30.6;23.9;2.670;1.709;1.045;2.264;0.000;0.761;45531
B31552;2015/03/01 00:13:01;45531;84;24.8;23.7;2.619;1.709;1.016;2.264;0.000;0.735;45532
B31552;2015/03/01 00:13:11;45532;93;27.7;23.7;2.835;1.706;1.016;2.264;0.000;0.748;45533
B31552;2015/03/01 00:13:21;45533;91;28.7;23.6;2.803;1.706;1.077;2.264;0.000;0.783;45534
B31552;2015/03/01 00:13:31;45534;87;26.7;23.9;2.732;1.683;1.077;2.241;0.000;0.745;45535
B31552;2015/03/01 00:13:41;45535;93;26.1;23.7;2.661;1.683;1.077;2.241;0.000;0.783;45536
B31552;2015/03/01 00:13:51;45536;90;24.5;23.7;2.793;1.706;1.077;2.241;0.000;0.761;45537
B31552;2015/03/01 00:14:01;45537;88;25.1;23.4;2.845;1.706;1.022;2.241;0.000;0.764;45538
B31552;2015/03/01 00:14:11;45538;91;26.7;23.6;2.732;1.683;1.022;2.225;0.000;0.767;45539
B31552;2015/03/01 00:14:21;45539;89;28.0;23.2;2.632;1.683;1.022;2.225;0.000;0.758;45540
B31552;2015/03/01 00:14:31;45540;96;24.8;23.4;2.816;1.706;1.022;2.225;0.000;0.780;45541
B31552;2015/03/01 00:14:41;45541;89;23.8;22.9;2.619;1.706;1.070;2.225;0.000;0.774;45542
B31552;2015/03/01 00:14:51;45542;92;29.3;23.7;2.770;1.670;1.070;2.274;0.000;0.783;45543
B31552;2015/03/01 00:15:01;45543;83;23.8;23.4;2.867;1.670;1.083;2.274;0.000;0.738;45544
B31552;2015/03/01 00:15:11;45544;89;28.7;23.2;2.619;1.709;1.083;2.274;0.000;0.780;45545
B31552;2015/03/01 00:15:21;45545;93;25.1;23.6;2.858;1.709;1.038;2.274;0.000;0.783;45546
B31552;2015/03/01 00:15:31;45546;90;29.6;23.4;2.793;1.670;1.038;2.277;0.000;0.793;45547
B31552;2015/03/01 00:15:41;45547;90;24.1;23.4;2.864;1.670;1.035;2.277;0.000;0.738;45548
B31552;2015/03/01 00:15:51;45548;90;29.6;23.6;2.803;1.712;1.035;2.277;0.022;0.761;45549
B31552;2015/03/01 00:16:01;45549;93;28.7;23.6;2.851;1.712;1.025;2.277;0.022;0.748;45550
B31552;2015/03/01 00:16:11;45550;86;25.8;23.9;2.632;1.667;1.025;2.287;0.022;0.751;45551
B31552;2015/03/01 00:16:21;45551;88;27.4;23.7;2.638;1.667;1.019;2.287;0.022;0.748;45552
B31552;2015/03/01 00:16:31;45552;97;25.1;23.9;2.841;1.693;1.019;2.287;0.000;0.751;45553
B31552;2015/03/01 00:16:41;45553;88;26.4;23.1;2.832;1.693;1.058;2.287;0.000;0.783;45554
B31552;2015/03/01 00:16:51;45554;89;26.7;23.4;2.745;1.670;1.058;2.248;0.000;0.758;45555
B31552;2015/03/01 00:17:01;45555;91;26.7;23.1;2.838;1.670;1.064;2.248;0.000;0.780;45556
B31552;2015/03/01 00:17:11;45556;91;29.0;23.6;2.790;1.709;1.064;2.248;0.019;0.751;45557
B31552;2015/03/01 00:17:21;45557;88;30.6;23.4;2.816;1.709;1.019;2.248;0.019;0.790;45558
B31552;2015/03/01 00:17:31;45558;88;27.4;23.7;2.812;1.677;1.019;2.209;0.019;0.764;45559
B31552;2015/03/01 00:17:41;45559;83;23.8;23.2;2.783;1.677;1.032;2.209;0.019;0.761;45560
B31552;2015/03/01 00:17:51;45560;88;27.7;23.2;2.661;1.664;1.032;2.209;0.006;0.793;45561
B31552;2015/03/01 00:18:01;45561;93;23.8;23.2;2.619;1.664;1.067;2.209;0.006;0.761;45562
B31552;2015/03/01 00:18:11;45562;93;25.8;23.7;2.632;1.709;1.067;2.232;0.006;0.783;45563
B31552;2015/03/01 00:18:21;45563;83;25.1;23.4;2.864;1.709;1.054;2.232;0.006;0.774;45564
B31552;2015/03/01 00:18:31;45564;93;27.4;23.4;2.716;1.703;1.054;2.232;0.000;0.754;45565
B31552;2015/03/01 00:18:41;45565;92;31.2;23.9;2.619;1.703;1.070;2.232;0.000;0.738;45566
B31552;2015/03/01 00:18:51;45566;88;25.8;23.7;2.619;1.693;1.070;2.206;0.000;0.767;45567
B31552;2015/03/01 00:19:01;45567;93;27.0;23.7;2.709;1.693;1.041;2.206;0.000;0.751;45568
B31552;2015/03/01 00:19:11;45568;78;30.6;22.9;2.609;1.683;1.041;2.206;0.000;0.745;45569
B31552;2015/03/01 00:19:21;45569;82;25.1;23.1;2.848;1.683;1.006;2.206;0.000;0.761;45570
B31552;2015/03/01 00:19:31;45570;91;25.8;23.7;2.770;1.661;1.006;2.212;0.000;0.751;45571
B31552;2015/03/01 00:19:41;45571;88;28.0;23.6;2.754;1.661;1.058;2.212;0.000;0.780;45572
B31552;2015/03/01 00:19:51;45572;84;28.7;23.2;2.625;1.683;1.058;2.212;0.019;0.780;45573
B31552;2015/03/01 00:20:01;45573;93;26.4;23.2;2.632;1.683;1.006;2.212;0.019;0.761;45574
B31552;2015/03/01 00:20:11;45574;88;26.7;24.1;2.625;1.696;1.006;2.206;0.019;0.767;45575
B31552;2015/03/01 00:20:21;45575;92;26.7;22.9;2.825;1.696;1.029;2.206;0.019;0.751;45576
B31552;2015/03/01 00:20:31;45576;97;30.3;23.4;2.770;1.674;1.029;2.206;0.000;0.770;45577
B31552;2015/03/01 00:20:41;45577;94;28.7;23.9;2.629;1.674;1.077;2.206;0.000;0.790;45578
B31552;2015/03/01 00:20:51;45578;89;27.4;23.4;2.722;1.661;1.077;2.216;0.000;0.793;45579
B31552;2015/03/01 00:21:01;45579;92;24.8;23.6;2.858;1.661;1.077;2.216;0.000;0.761;45580
B31552;2015/03/01 00:21:11;45580;92;25.1;23.6;2.812;1.683;1.077;2.216;0.003;0.761;45581
B31552;2015/03/01 00:21:21;45581;89;27.0;23.2;2.619;1.683;1.077;2.216;0.003;0.770;45582
B31552;2015/03/01 00:21:31;45582;82;26.7;23.6;2.741;1.661;1.077;2.232;0.003;0.758;45583
B31552;2015/03/01 00:21:41;45583;94;24.5;23.6;2.632;1.661;1.035;2.232;0.003;0.761;45584
B31552;2015/03/01 00:21:51;45584;90;29.3;22.9;2.680;1.703;1.035;2.232;0.000;0.751;45585
B31552;2015/03/01 00:22:01;45585;86;25.8;23.4;2.638;1.703;1.067;2.232;0.000;0.774;45586
B31552;2015/03/01 00:22:11;45586;91;24.1;23.6;2.770;1.699;1.067;2.225;0.000;0.799;45587
B31552;2015/03/01 00:22:21;45587;83;27.4;23.9;2.790;1.699;1.016;2.225;0.000;0.761;45588
B31552;2015/03/01 00:22:31;45588;97;25.1;23.4;2.819;1.661;1.016;2.225;0.000;0.796;45589
B31552;2015/03/01 00:22:41;45589;83;28.7;23.4;2.790;1.661;1.025;2.225;0.000;0.761;45590
B31552;2015/03/01 00:22:51;45590;83;28.0;23.6;2.638;1.696;1.025;2.216;0.000;0.751;45591
B31552;2015/03/01 00:23:01;45591;91;25.1;23.6;2.832;1.696;1.070;2.216;0.000;0.803;45592
B31552;2015/03/01 00:23:11;45592;90;27.0;23.1;2.854;1.696;1.070;2.216;0.000;0.774;45593
B31552;2015/03/01 00:23:21;45593;90;27.4;23.6;2.790;1.696;1.009;2.216;0.000;0.790;45594
B31552;2015/03/01 00:23:31;45594;85;25.1;23.4;2.770;1.690;1.009;2.219;0.000;0.780;45595
B31552;2015/03/01 00:23:41;45595;91;24.8;22.9;2.864;1.690;1.025;2.219;0.000;0.758;45596
B31552;2015/03/01 00:23:51;45596;92;25.8;23.7;2.819;1.661;1.025;2.219;0.006;0.745;45597
B31552;2015/03/01 00:24:01;45597;83;24.8;23.2;2.829;1.661;1.019;2.219;0.006;0.767;45598
B31552;2015/03/01 00:24:11;45598;97;26.7;23.4;2.732;1.664;1.019;2.216;0.006;0.751;45599
B31552;2015/03/01 00:24:21;45599;87;28.3;23.7;2.764;1.664;1.058;2.216;0.006;0.783;45600
B31552;2015/03/01 00:24:31;45600;90;27.7;23.7;2.632;1.674;1.058;2.216;0.000;0.793;45601
B31552;2015/03/01 00:24:41;45601;83;26.4;23.2;2.835;1.674;1.051;2.216;0.000;0.783;45602
B31552;2015/03/01 00:24:51;45602;86;29.0;23.1;2.738;1.670;1.051;2.187;0.000;0.761;45603
B31552;2015/03/01 00:25:01;45603;92;26.4;23.4;2.693;1.670;1.019;2.187;0.000;0.748;45604
B31552;2015/03/01 00:25:11;45604;80;30.6;23.6;2.645;1.667;1.019;2.187;0.000;0.751;45605
B31552;2015/03/01 00:25:21;45605;84;28.0;23.4;2.864;1.667;1.061;2.187;0.000;0.777;45606
B31552;2015/03/01 00:25:31;45606;77;30.3;23.6;2.638;1.696;1.061;2.196;0.000;0.764;45607
B31552;2015/03/01 00:25:41;45607;81;25.8;23.6;2.683;1.696;1.038;2.196;0.000;0.777;45608
B31552;2015/03/01 00:25:51;45608;81;24.8;23.4;2.732;1.687;1.038;2.196;0.006;0.764;45609
B31552;2015/03/01 00:26:01;45609;93;24.5;22.9;2.619;1.687;1.061;2.196;0.006;0.732;45610
B31552;2015/03/01 00:26:11;45610;90;28.7;23.2;2.754;1.651;1.061;2.180;0.006;0.767;45611
B31552;2015/03/01 00:26:21;45611;90;27.4;23.7;2.632;1.651;1.048;2.180;0.006;0.783;45612
B31552;2015/03/01 00:26:31;45612;94;28.0;24.1;2.854;1.693;1.048;2.180;0.051;0.780;45613
B31552;2015/03/01 00:26:41;45613;88;29.3;23.6;2.803;1.693;1.019;2.180;0.051;0.803;45614
B31552;2015/03/01 00:26:51;45614;88;30.0;23.7;2.680;1.696;1.019;2.225;0.051;0.787;45615
B31552;2015/03/01 00:27:01;45615;83;29.0;23.6;2.858;1.696;1.009;2.225;0.051;0.751;45616
B31552;2015/03/01 00:27:11;45616;92;30.0;23.4;2.722;1.654;1.009;2.225;0.000;0.780;45617
B31552;2015/03/01 00:27:21;45617;88;29.3;23.9;2.632;1.654;1.035;2.225;0.000;0.790;45618
B31552;2015/03/01 00:27:31;45618;79;24.1;23.7;2.777;1.696;1.035;2.229;0.000;0.761;45619
B31552;2015/03/01 00:27:41;45619;86;28.7;23.7;2.783;1.696;1.035;2.229;0.000;0.767;45620
B31552;2015/03/01 00:27:51;45620;87;29.0;23.4;2.758;1.699;1.035;2.229;0.000;0.767;45621
B31552;2015/03/01 00:28:01;45621;88;28.0;23.7;2.845;1.699;1.006;2.229;0.000;0.738;45622
B31552;2015/03/01 00:28:11;45622;93;27.7;23.4;2.861;1.677;1.006;2.261;0.000;0.745;45623
B31552;2015/03/01 00:28:21;45623;90;27.4;23.2;2.825;1.677;1.061;2.261;0.000;0.745;45624
B31552;2015/03/01 00:28:31;45624;93;26.7;23.9;2.619;1.683;1.061;2.261;0.000;0.780;45625
B31552;2015/03/01 00:28:41;45625;91;28.7;23.9;2.638;1.683;1.016;2.261;0.000;0.748;45626
B31552;2015/03/01 00:28:51;45626;93;28.0;23.4;2.816;1.674;1.016;2.206;0.000;0.745;45627
B31552;2015/03/01 00:29:01;45627;96;24.5;23.6;2.864;1.674;1.048;2.206;0.000;0.741;45628
B31552;2015/03/01 00:29:11;45628;84;26.1;23.6;2.738;1.703;1.048;2.206;0.019;0.761;45629
B31552;2015/03/01 00:29:21;45629;94;29.3;23.9;2.622;1.703;1.041;2.206;0.019;0.741;45630
B31552;2015/03/01 00:29:31;45630;91;27.7;23.6;2.835;1.683;1.041;2.229;0.019;0.738;45631
B31552;2015/03/01 00:29:41;45631;88;23.8;23.2;2.867;1.683;1.035;2.229;0.019;0.735;45632
B31552;2015/03/01 00:29:51;45632;97;25.1;24.1;2.835;1.670;1.035;2.229;0.000;0.738;45633
B31552;2015/03/01 00:30:01;45633;83;25.8;23.4;2.651;1.670;1.019;2.229;0.000;0.751;45634
B31552;2015/03/01 00:30:11;45634;90;29.3;23.6;2.664;1.680;1.019;2.212;0.000;0.767;45635
B31552;2015/03/01 00:30:21;45635;84;30.6;23.6;2.745;1.680;1.058;2.212;0.000;0.783;45636
B31552;2015/03/01 00:30:31;45636;93;29.0;23.6;2.654;1.696;1.058;2.212;0.019;0.745;45637
B31552;2015/03/01 00:30:41;45637;89;25.1;23.6;2.832;1.696;1.016;2.212;0.019;0.751;45638
B31552;2015/03/01 00:30:51;45638;84;28.7;22.9;2.670;1.661;1.016;2.251;0.019;0.783;45639
B31552;2015/03/01 00:31:01;45639;90;25.8;23.7;2.735;1.661;1.029;2.251;0.019;0.767;45640
B31552;2015/03/01 00:31:11;45640;88;24.1;23.4;2.861;1.703;1.029;2.251;0.000;0.764;45641
B31552;2015/03/01 00:31:21;45641;88;28.7;23.6;2.754;1.703;1.077;2.251;0.000;0.767;45642
B31552;2015/03/01 00:31:31;45642;92;25.8;24.1;2.861;1.661;1.077;2.199;0.000;0.780;45643
B31552;2015/03/01 00:31:41;45643;85;24.5;23.1;2.625;1.661;1.019;2.199;0.000;0.767;45644
B31552;2015/03/01 00:31:51;45644;84;29.3;23.9;2.861;1.693;1.019;2.199;0.000;0.761;45645
B31552;2015/03/01 00:32:01;45645;78;29.6;23.7;2.783;1.693;1.054;2.199;0.000;0.796;45646
B31552;2015/03/01 00:32:11;45646;97;28.7;23.2;2.651;1.696;1.054;2.219;0.000;0.754;45647
B31552;2015/03/01 00:32:21;45647;89;28.7;23.2;2.780;1.696;1.058;2.219;0.000;0.748;45648
B31552;2015/03/01 00:32:31;45648;93;28.3;23.7;2.645;1.696;1.058;2.219;0.019;0.748;45649
B31552;2015/03/01 00:32:41;45649;88;25.8;23.4;2.619;1.696;1.019;2.219;0.019;0.741;45650
B31552;2015/03/01 00:32:51;45650;92;25.8;23.7;2.625;1.693;1.019;2.232;0.019;0.770;45651
B31552;2015/03/01 00:33:01;45651;78;30.0;23.4;2.825;1.693;1.070;2.232;0.019;0.748;45652
B31552;2015/03/01 00:33:11;45652;83;26.7;23.6;2.841;1.664;1.070;2.232;0.000;0.783;45653
B31552;2015/03/01 00:33:21;45653;80;30.3;23.4;2.651;1.664;1.035;2.232;0.000;0.741;45654
B31552;2015/03/01 00:33:31;45654;90;25.4;24.3;2.851;1.680;1.035;2.219;0.000;0.787;45655
B31552;2015/03/01 00:33:41;45655;92;29.3;23.9;2.612;1.680;1.016;2.219;0.000;0.745;45656
B31552;2015/03/01 00:33:51;45656;84;27.7;23.2;2.622;1.683;1.016;2.219;0.000;0.738;45657
B31552;2015/03/01 00:34:01;45657;76;25.1;23.7;2.638;1.683;1.054;2.219;0.000;0.748;45658
B31552;2015/03/01 00:34:11;45658;90;25.1;24.1;2.854;1.674;1.054;2.241;0.000;0.745;45659
B31552;2015/03/01 00:34:21;45659;86;30.0;23.9;2.667;1.674;1.061;2.241;0.000;0.745;45660
B31552;2015/03/01 00:34:31;45660;89;29.3;23.6;2.835;1.703;1.061;2.241;0.000;0.745;45661
B31552;2015/03/01 00:34:41;45661;85;25.1;23.9;2.848;1.703;1.016;2.241;0.000;0.790;45662
B31552;2015/03/01 00:34:51;45662;96;25.1;24.1;2.822;1.709;1.016;2.241;0.000;0.764;45663
B31552;2015/03/01 00:35:01;45663;93;28.7;23.2;2.832;1.709;1.016;2.241;0.000;0.748;45664
B31552;2015/03/01 00:35:11;45664;92;24.5;23.9;2.645;1.677;1.016;2.241;0.022;0.745;45665
B31552;2015/03/01 00:35:21;45665;82;31.2;24.1;2.732;1.677;1.064;2.241;0.022;0.761;45666
B31552;2015/03/01 00:35:31;45666;90;25.1;24.1;2.754;1.674;1.064;2.225;0.022;0.761;45667
B31552;2015/03/01 00:35:41;45667;93;24.8;23.6;2.864;1.674;1.016;2.225;0.022;0.754;45668
B31552;2015/03/01 00:35:51;45668;83;29.0;23.9;2.638;1.677;1.016;2.225;0.006;0.758;45669
B31552;2015/03/01 00:36:01;45669;94;24.5;23.1;2.854;1.677;1.022;2.225;0.006;0.748;45670
B31552;2015/03/01 00:36:11;45670;91;25.8;23.9;2.751;1.690;1.022;2.203;0.006;0.774;45671
B31552;2015/03/01 00:36:21;45671;84;27.4;24.1;2.632;1.690;1.077;2.203;0.006;0.754;45672
B31552;2015/03/01 00:36:31;45672;93;27.0;23.9;2.690;1.696;1.077;2.203;0.000;0.774;45673
B31552;2015/03/01 00:36:41;45673;85;24.5;23.9;2.812;1.696;1.016;2.203;0.000;0.761;45674
B31552;2015/03/01 00:36:51;45674;91;28.0;24.1;2.838;1.706;1.016;2.212;0.000;0.774;45675
B31552;2015/03/01 00:37:01;45675;89;26.7;23.7;2.619;1.706;1.019;2.212;0.000;0.780;45676
B31552;2015/03/01 00:37:11;45676;90;26.7;24.1;2.848;1.706;1.019;2.212;0.000;0.761;45677
B31552;2015/03/01 00:37:21;45677;93;24.8;23.4;2.812;1.706;1.016;2.212;0.000;0.758;45678
B31552;2015/03/01 00:37:31;45678;85;24.5;24.1;2.829;1.664;1.016;2.196;0.000;0.741;45679
B31552;2015/03/01 00:37:41;45679;83;29.6;23.9;2.758;1.664;1.016;2.196;0.000;0.783;45680
B31552;2015/03/01 00:37:51;45680;89;28.7;23.6;2.629;1.690;1.016;2.196;0.019;0.745;45681
B31552;2015/03/01 00:38:01;45681;89;25.8;23.4;2.841;1.690;1.022;2.196;0.019;0.793;45682
B31552;2015/03/01 00:38:11;45682;92;25.4;24.1;2.848;1.664;1.022;2.209;0.019;0.780;45683
B31552;2015/03/01 00:38:21;45683;87;25.1;23.2;2.867;1.664;1.016;2.209;0.019;0.754;45684
B31552;2015/03/01 00:38:31;45684;90;25.8;24.1;2.848;1.693;1.016;2.209;0.000;0.767;45685
B31552;2015/03/01 00:38:41;45685;87;25.1;23.7;2.635;1.693;1.074;2.209;0.000;0.767;45686
B31552;2015/03/01 00:38:51;45686;84;29.0;22.9;2.729;1.706;1.074;2.232;0.000;0.783;45687
B31552;2015/03/01 00:39:01;45687;83;28.3;23.2;2.812;1.706;1.077;2.232;0.000;0.751;45688
B31552;2015/03/01 00:39:11;45688;96;25.4;23.7;2.854;1.664;1.077;2.232;0.019;0.748;45689
B31552;2015/03/01 00:39:21;45689;89;26.4;23.2;2.625;1.664;1.077;2.232;0.019;0.783;45690
B31552;2015/03/01 00:39:31;45690;88;29.6;23.7;2.822;1.664;1.077;2.235;0.019;0.751;45691
B31552;2015/03/01 00:39:41;45691;88;27.4;24.3;2.825;1.664;1.032;2.235;0.019;0.738;45692
B31552;2015/03/01 00:39:51;45692;93;29.0;23.7;2.751;1.667;1.032;2.235;0.000;0.754;45693
B31552;2015/03/01 00:40:01;45693;94;28.3;23.6;2.825;1.667;1.064;2.235;0.000;0.777;45694
B31552;2015/03/01 00:40:11;45694;78;24.5;24.1;2.812;1.680;1.064;2.180;0.000;0.761;45695
B31552;2015/03/01 00:40:21;45695;94;25.8;23.1;2.841;1.680;1.016;2.180;0.000;0.796;45696
B31552;2015/03/01 00:40:31;45696;80;30.3;23.4;2.680;1.706;1.016;2.180;0.019;0.748;45697
B31552;2015/03/01 00:40:41;45697;88;27.0;24.1;2.632;1.706;1.077;2.180;0.019;0.761;45698
B31552;2015/03/01 00:40:51;45698;92;31.2;23.6;2.632;1.690;1.077;2.225;0.019;0.745;45699
B31552;2015/03/01 00:41:01;45699;95;28.3;23.9;2.638;1.690;1.022;2.225;0.019;0.748;45700
B31552;2015/03/01 00:41:11;45700;88;28.0;23.9;2.848;1.683;1.022;2.225;0.000;0.758;45701
B31552;2015/03/01 00:41:21;45701;89;25.4;23.6;2.619;1.683;1.074;2.225;0.000;0.767;45702
B31552;2015/03/01 00:41:31;45702;97;25.1;23.7;2.822;1.661;1.074;2.196;0.000;0.745;45703
B31552;2015/03/01 00:41:41;45703;92;29.0;23.7;2.654;1.661;1.016;2.196;0.000;0.748;45704
B31552;2015/03/01 00:41:51;45704;84;26.7;23.6;2.854;1.661;1.016;2.196;0.022;0.793;45705
B31552;2015/03/01 00:42:01;45705;93;25.4;23.9;2.612;1.661;1.022;2.196;0.022;0.761;45706
B31552;2015/03/01 00:42:11;45706;84;25.1;24.1;2.793;1.667;1.022;2.219;0.022;0.787;45707
B31552;2015/03/01 00:42:21;45707;88;28.0;23.9;2.745;1.667;1.012;2.219;0.022;0.790;45708
B31552;2015/03/01 00:42:31;45708;92;26.4;24.1;2.854;1.661;1.012;2.219;0.006;0.770;45709
B31552;2015/03/01 00:42:41;45709;88;23.8;23.4;2.629;1.661;1.064;2.219;0.006;0.783;45710
B31552;2015/03/01 00:42:51;45710;91;29.3;23.6;2.622;1.670;1.064;2.209;0.006;0.745;45711
B31552;2015/03/01 00:43:01;45711;90;28.7;24.1;2.651;1.670;1.054;2.209;0.006;0.741;45712
B31552;2015/03/01 00:43:11;45712;89;28.3;23.2;2.638;1.677;1.054;2.209;0.006;0.767;45713
B31552;2015/03/01 00:43:21;45713;86;28.7;23.7;2.780;1.677;1.032;2.209;0.006;0.774;45714
B31552;2015/03/01 00:43:31;45714;90;29.0;23.2;2.625;1.699;1.032;2.232;0.006;0.774;45715
B31552;2015/03/01 00:43:41;45715;88;23.8;24.3;2.858;1.699;1.022;2.232;0.006;0.761;45716
B31552;2015/03/01 00:43:51;45716;93;30.0;23.7;2.680;1.703;1.022;2.232;0.000;0.748;45717
B31552;2015/03/01 00:44:01;45717;88;27.4;23.6;2.851;1.703;1.077;2.232;0.000;0.767;45718
B31552;2015/03/01 00:44:11;45718;90;30.3;23.7;2.680;1.674;1.077;2.203;0.000;0.751;45719
B31552;2015/03/01 00:44:21;45719;91;28.7;24.1;2.712;1.674;1.019;2.203;0.000;0.761;45720
B31552;2015/03/01 00:44:31;45720;96;28.7;23.6;2.606;1.670;1.019;2.203;0.000;0.787;45721
B31552;2015/03/01 00:44:41;45721;91;30.0;23.9;2.664;1.670;1.051;2.203;0.000;0.761;45722
B31552;2015/03/01 00:44:51;45722;91;31.2;23.7;2.758;1.687;1.051;2.203;0.000;0.741;45723
B31552;2015/03/01 00:45:01;45723;94;25.4;23.6;2.838;1.687;1.077;2.203;0.000;0.735;45724
B31552;2015/03/01 00:45:11;45724;86;25.8;23.9;2.854;1.670;1.077;2.203;0.000;0.732;45725
B31552;2015/03/01 00:45:21;45725;89;28.0;23.2;2.861;1.670;1.035;2.203;0.000;0.738;45726
B31552;2015/03/01 00:45:31;45726;85;26.7;24.1;2.745;1.693;1.035;2.222;0.000;0.761;45727
B31552;2015/03/01 00:45:41;45727;84;27.7;24.1;2.770;1.693;1.070;2.222;0.000;0.745;45728
B31552;2015/03/01 00:45:51;45728;79;25.4;24.1;2.754;1.687;1.070;2.222;0.000;0.732;45729
B31552;2015/03/01 00:46:01;45729;92;29.3;23.6;2.861;1.687;1.019;2.222;0.000;0.748;45730
B31552;2015/03/01 00:46:11;45730;90;27.4;23.6;2.638;1.661;1.019;2.232;0.000;0.764;45731
B31552;2015/03/01 00:46:21;45731;88;26.7;23.6;2.829;1.661;1.009;2.232;0.000;0.741;45732
B31552;2015/03/01 00:46:31;45732;91;25.1;24.1;2.612;1.699;1.009;2.232;0.000;0.758;45733
B31552;2015/03/01 00:46:41;45733;87;26.4;24.1;2.693;1.699;1.022;2.232;0.000;0.761;45734
B31552;2015/03/01 00:46:51;45734;84;25.4;24.4;2.745;1.674;1.022;2.164;0.000;0.738;45735
B31552;2015/03/01 00:47:01;45735;92;27.0;24.1;2.635;1.674;1.045;2.164;0.000;0.783;45736
B31552;2015/03/01 00:47:11;45736;88;25.8;23.7;2.764;1.690;1.045;2.164;0.080;0.761;45737
B31552;2015/03/01 00:47:21;45737;90;28.7;24.3;2.648;1.690;1.016;2.164;0.080;0.774;45738
B31552;2015/03/01 00:47:31;45738;83;24.8;24.1;2.745;1.696;1.016;2.212;0.080;0.751;45739
B31552;2015/03/01 00:47:41;45739;90;30.6;24.6;2.754;1.696;1.032;2.212;0.080;0.754;45740
B31552;2015/03/01 00:47:51;45740;86;28.0;24.3;2.835;1.661;1.032;2.212;0.006;0.758;45741
B31552;2015/03/01 00:48:01;45741;89;25.4;24.1;2.654;1.661;1.016;2.212;0.006;0.732;45742
B31552;2015/03/01 00:48:11;45742;91;26.7;24.1;2.854;1.693;1.016;2.190;0.006;0.751;45743
B31552;2015/03/01 00:48:21;45743;88;31.2;24.3;2.738;1.693;1.019;2.190;0.006;0.751;45744
B31552;2015/03/01 00:48:31;45744;98;27.4;23.7;2.735;1.677;1.019;2.190;0.000;0.770;45745
B31552;2015/03/01 00:48:41;45745;78;26.4;23.6;2.829;1.677;1.067;2.190;0.000;0.783;45746
B31552;2015/03/01 00:48:51;45746;95;28.7;23.6;2.609;1.706;1.067;2.216;0.000;0.774;45747
B31552;2015/03/01 00:49:01;45747;93;26.4;23.2;2.829;1.706;1.070;2.216;0.000;0.774;45748
B31552;2015/03/01 00:49:11;45748;90;29.0;23.7;2.754;1.703;1.070;2.216;0.000;0.754;45749
B31552;2015/03/01 00:49:21;45749;85;30.6;23.4;2.793;1.703;1.070;2.216;0.000;0.767;45750
B31552;2015/03/01 00:49:31;45750;87;28.7;23.6;2.619;1.699;1.070;2.232;0.000;0.774;45751
B31552;2015/03/01 00:49:41;45751;86;27.7;24.1;2.641;1.699;1.006;2.232;0.000;0.787;45752
B31552;2015/03/01 00:49:51;45752;79;31.6;23.6;2.729;1.670;1.006;2.232;0.000;0.751;45753
B31552;2015/03/01 00:50:01;45753;95;28.0;23.6;2.632;1.670;1.025;2.232;0.000;0.774;45754
B31552;2015/03/01 00:50:11;45754;81;27.0;24.1;2.854;1.661;1.025;2.232;0.000;0.787;45755
B31552;2015/03/01 00:50:21;45755;88;24.8;24.1;2.645;1.661;1.022;2.232;0.000;0.783;45756
B31552;2015/03/01 00:50:31;45756;88;26.1;24.1;2.754;1.661;1.022;2.232;0.000;0.764;45757
B31552;2015/03/01 00:50:41;45757;78;29.3;24.1;2.674;1.661;1.012;2.232;0.000;0.754;45758
B31552;2015/03/01 00:50:51;45758;95;28.0;23.9;2.835;1.699;1.012;2.225;0.000;0.751;45759
B31552;2015/03/01 00:51:01;45759;88;26.7;23.6;2.619;1.699;1.045;2.225;0.000;0.774;45760
B31552;2015/03/01 00:51:11;45760;95;26.7;24.1;2.745;1.658;1.045;2.225;0.019;0.751;45761
B31552;2015/03/01 00:51:21;45761;90;27.4;23.6;2.632;1.658;1.019;2.225;0.019;0.770;45762
B31552;2015/03/01 00:51:31;45762;90;28.0;23.9;2.838;1.674;1.019;2.190;0.019;0.780;45763
B31552;2015/03/01 00:51:41;45763;83;28.7;24.3;2.783;1.674;1.070;2.190;0.019;0.790;45764
B31552;2015/03/01 00:51:51;45764;87;28.0;24.1;2.854;1.687;1.070;2.190;0.006;0.732;45765
B31552;2015/03/01 00:52:01;45765;93;29.6;24.6;2.867;1.687;1.074;2.190;0.006;0.748;45766
B31552;2015/03/01 00:52:11;45766;89;29.3;24.1;2.770;1.696;1.074;2.212;0.006;0.725;45767
B31552;2015/03/01 00:52:21;45767;85;26.7;23.6;2.625;1.696;1.019;2.212;0.006;0.767;45768
B31552;2015/03/01 00:52:31;45768;93;28.0;24.1;2.829;1.674;1.019;2.212;0.000;0.741;45769
B31552;2015/03/01 00:52:41;45769;81;28.0;23.9;2.845;1.674;1.022;2.212;0.000;0.735;45770
B31552;2015/03/01 00:52:51;45770;82;27.7;23.6;2.835;1.667;1.022;2.212;0.000;0.725;45771
B31552;2015/03/01 00:53:01;45771;88;28.3;23.9;2.693;1.667;1.077;2.212;0.000;0.729;45772
B31552;2015/03/01 00:53:11;45772;88;31.6;23.9;2.867;1.706;1.077;2.212;0.000;0.735;45773
B31552;2015/03/01 00:53:21;45773;88;29.3;23.9;2.706;1.706;1.016;2.212;0.000;0.748;45774
B31552;2015/03/01 00:53:31;45774;91;23.8;24.3;2.787;1.699;1.016;2.212;0.000;0.735;45775
B31552;2015/03/01 00:53:41;45775;90;23.8;23.9;2.864;1.699;1.019;2.212;0.000;0.758;45776
B31552;2015/03/01 00:53:51;45776;91;25.8;24.4;2.751;1.693;1.019;2.212;0.000;0.725;45777
B31552;2015/03/01 00:54:01;45777;86;26.4;24.1;2.674;1.693;1.019;2.212;0.000;0.725;45778
B31552;2015/03/01 00:54:11;45778;84;26.7;24.1;2.735;1.683;1.019;2.212;0.000;0.732;45779
B31552;2015/03/01 00:54:21;45779;93;28.7;23.6;2.845;1.683;1.064;2.212;0.000;0.770;45780
B31552;2015/03/01 00:54:31;45780;83;24.8;24.1;2.829;1.664;1.064;2.212;0.000;0.751;45781
B31552;2015/03/01 00:54:41;45781;90;30.6;23.9;2.664;1.664;1.029;2.212;0.000;0.732;45782
B31552;2015/03/01 00:54:51;45782;93;27.7;24.8;2.803;1.674;1.029;2.206;0.000;0.732;45783
B31552;2015/03/01 00:55:01;45783;90;29.0;24.3;2.867;1.674;1.016;2.206;0.000;0.729;45784
B31552;2015/03/01 00:55:11;45784;85;28.0;24.4;2.645;1.699;1.016;2.206;0.045;0.758;45785
B31552;2015/03/01 00:55:21;45785;88;27.7;23.7;2.638;1.699;1.077;2.206;0.045;0.735;45786
B31552;2015/03/01 00:55:31;45786;97;24.5;24.1;2.809;1.664;1.077;2.229;0.045;0.745;45787
B31552;2015/03/01 00:55:41;45787;89;29.0;24.4;2.619;1.664;1.077;2.229;0.045;0.767;45788
B31552;2015/03/01 00:55:51;45788;84;29.3;24.3;2.706;1.667;1.077;2.229;0.000;0.761;45789
B31552;2015/03/01 00:56:01;45789;93;26.4;23.7;2.841;1.667;1.077;2.229;0.000;0.725;45790
B31552;2015/03/01 00:56:11;45790;94;26.7;24.4;2.741;1.696;1.077;2.225;0.000;0.725;45791
B31552;2015/03/01 00:56:21;45791;84;29.3;24.1;2.793;1.696;1.035;2.225;0.000;0.741;45792
B31552;2015/03/01 00:56:31;45792;89;24.5;24.1;2.806;1.696;1.035;2.225;0.000;0.732;45793
B31552;2015/03/01 00:56:41;45793;87;24.8;23.9;2.790;1.696;1.074;2.225;0.000;0.732;45794
B31552;2015/03/01 00:56:51;45794;90;28.7;23.9;2.645;1.693;1.074;2.212;0.000;0.761;45795
B31552;2015/03/01 00:57:01;45795;89;25.1;23.4;2.619;1.693;1.029;2.212;0.000;0.764;45796
B31552;2015/03/01 00:57:11;45796;87;24.1;24.4;2.645;1.696;1.029;2.212;0.006;0.748;45797
B31552;2015/03/01 00:57:21;45797;95;29.3;24.4;2.612;1.696;1.012;2.212;0.006;0.735;45798
B31552;2015/03/01 00:57:31;45798;90;29.0;24.3;2.632;1.664;1.012;2.164;0.006;0.761;45799
B31552;2015/03/01 00:57:41;45799;82;23.8;24.6;2.867;1.664;1.038;2.164;0.006;0.777;45800
B31552;2015/03/01 00:57:51;45800;92;25.8;24.1;2.699;1.687;1.038;2.164;0.000;0.745;45801
B31552;2015/03/01 00:58:01;45801;90;27.4;24.4;2.635;1.687;1.019;2.164;0.000;0.745;45802
B31552;2015/03/01 00:58:11;45802;93;28.7;23.6;2.690;1.677;1.019;2.222;0.000;0.767;45803
B31552;2015/03/01 00:58:21;45803;85;25.8;24.3;2.619;1.677;1.019;2.222;0.000;0.764;45804
B31552;2015/03/01 00:58:31;45804;86;28.7;23.9;2.854;1.670;1.019;2.222;0.000;0.735;45805
B31552;2015/03/01 00:58:41;45805;86;27.0;24.4;2.864;1.670;1.032;2.222;0.000;0.738;45806
B31552;2015/03/01 00:58:51;45806;91;30.3;23.9;2.609;1.693;1.032;2.209;0.000;0.732;45807
B31552;2015/03/01 00:59:01;45807;91;30.3;24.1;2.812;1.693;1.035;2.209;0.000;0.767;45808
B31552;2015/03/01 00:59:11;45808;85;23.8;24.6;2.793;1.687;1.035;2.209;0.022;0.751;45809
B31552;2015/03/01 00:59:21;45809;86;24.5;24.3;2.832;1.687;1.074;2.209;0.022;0.745;45810
B31552;2015/03/01 00:59:31;45810;85;25.1;24.3;2.790;1.674;1.074;2.216;0.022;0.745;45811
B31552;2015/03/01 00:59:41;45811;82;23.8;23.9;2.783;1.674;1.041;2.216;0.022;0.774;45812
B31552;2015/03/01 00:59:51;45812;87;25.4;24.3;2.764;1.667;1.041;2.216;0.032;0.738;45813
B31552;2015/03/01 01:00:01;45813;92;28.0;23.7;2.864;1.667;1.035;2.216;0.032;0.774;45814
B31552;2015/03/01 01:00:11;45814;90;26.7;24.1;2.848;1.667;1.035;2.187;0.032;0.780;45815
B31552;2015/03/01 01:00:21;45815;83;24.8;23.9;2.638;1.667;1.051;2.187;0.032;0.754;45816
B31552;2015/03/01 01:00:31;45816;86;29.6;24.1;2.651;1.703;1.051;2.187;0.009;0.745;45817
B31552;2015/03/01 01:00:41;45817;92;30.6;24.1;2.716;1.703;1.045;2.187;0.009;0.741;45818
B31552;2015/03/01 01:00:51;45818;85;31.2;23.9;2.854;1.703;1.045;2.174;0.009;0.761;45819
B31552;2015/03/01 01:01:01;45819;87;31.2;24.6;2.680;1.703;1.070;2.174;0.009;0.790;45820
B31552;2015/03/01 01:01:11;45820;94;29.3;23.9;2.835;1.696;1.070;2.174;0.000;0.780;45821
B31552;2015/03/01 01:01:21;45821;87;26.1;24.1;2.667;1.696;1.022;2.174;0.000;0.754;45822
B31552;2015/03/01 01:01:31;45822;94;26.7;24.4;2.732;1.670;1.022;2.187;0.000;0.774;45823
B31552;2015/03/01 01:01:41;45823;91;26.7;24.8;2.625;1.670;1.035;2.187;0.000;0.764;45824
B31552;2015/03/01 01:01:51;45824;87;25.8;24.8;2.745;1.680;1.035;2.187;0.000;0.780;45825
B31552;2015/03/01 01:02:01;45825;85;28.3;24.4;2.845;1.680;1.025;2.187;0.000;0.735;45826
B31552;2015/03/01 01:02:11;45826;84;28.3;24.6;2.638;1.677;1.025;2.199;0.000;0.780;45827
B31552;2015/03/01 01:02:21;45827;88;29.3;24.6;2.729;1.677;1.032;2.199;0.000;0.767;45828
B31552;2015/03/01 01:02:31;45828;88;27.0;24.8;2.854;1.716;1.032;2.199;0.019;0.758;45829
B31552;2015/03/01 01:02:41;45829;88;26.4;24.3;2.674;1.716;1.041;2.199;0.019;0.751;45830
B31552;2015/03/01 01:02:51;45830;91;25.1;24.1;2.854;1.716;1.041;2.180;0.019;0.758;45831
B31552;2015/03/01 01:03:01;45831;90;26.4;24.8;2.854;1.716;1.022;2.180;0.019;0.787;45832
B31552;2015/03/01 01:03:11;45832;85;28.7;23.6;2.619;1.709;1.022;2.180;0.000;0.761;45833
B31552;2015/03/01 01:03:21;45833;91;28.0;24.4;2.770;1.709;1.054;2.180;0.000;0.741;45834
B31552;2015/03/01 01:03:31;45834;92;28.7;23.9;2.851;1.693;1.054;2.229;0.000;0.738;45835
B31552;2015/03/01 01:03:41;45835;90;30.6;24.4;2.632;1.693;1.083;2.229;0.000;0.754;45836
B31552;2015/03/01 01:03:51;45836;92;29.3;24.1;2.709;1.706;1.083;2.229;0.006;0.761;45837
B31552;2015/03/01 01:04:01;45837;82;25.1;24.3;2.832;1.706;1.077;2.229;0.006;0.774;45838
B31552;2015/03/01 01:04:11;45838;93;27.0;24.3;2.854;1.677;1.077;2.193;0.006;0.758;45839
B31552;2015/03/01 01:04:21;45839;86;27.7;24.4;2.832;1.677;1.022;2.193;0.006;0.770;45840
B31552;2015/03/01 01:04:31;45840;86;25.1;24.1;2.783;1.674;1.022;2.193;0.019;0.761;45841
B31552;2015/03/01 01:04:41;45841;90;25.4;24.3;2.612;1.674;1.074;2.193;0.019;0.783;45842
B31552;2015/03/01 01:04:51;45842;89;23.8;24.6;2.793;1.674;1.074;2.219;0.019;0.780;45843
B31552;2015/03/01 01:05:01;45843;88;28.3;24.8;2.612;1.674;1.029;2.219;0.019;0.748;45844
B31552;2015/03/01 01:05:11;45844;85;26.4;24.8;2.758;1.699;1.029;2.219;0.009;0.767;45845
B31552;2015/03/01 01:05:21;45845;87;25.1;24.8;2.812;1.699;1.080;2.219;0.009;0.748;45846
B31552;2015/03/01 01:05:31;45846;91;30.0;24.3;2.770;1.674;1.080;2.187;0.009;0.751;45847
B31552;2015/03/01 01:05:41;45847;88;26.4;24.3;2.680;1.674;1.029;2.187;0.009;0.754;45848
B31552;2015/03/01 01:05:51;45848;88;27.0;24.4;2.780;1.699;1.029;2.187;0.064;0.764;45849
B31552;2015/03/01 01:06:01;45849;88;28.0;23.9;2.732;1.699;1.087;2.187;0.064;0.761;45850
B31552;2015/03/01 01:06:11;45850;83;23.8;24.6;2.661;1.709;1.087;2.241;0.064;0.754;45851
B31552;2015/03/01 01:06:21;45851;96;29.0;24.3;2.812;1.709;1.029;2.241;0.064;0.745;45852
B31552;2015/03/01 01:06:31;45852;80;30.3;24.6;2.632;1.712;1.029;2.241;0.012;0.751;45853
B31552;2015/03/01 01:06:41;45853;83;24.5;24.3;2.867;1.712;1.083;2.241;0.012;0.774;45854
B31552;2015/03/01 01:06:51;45854;87;25.8;25.1;2.609;1.722;1.083;2.177;0.012;0.748;45855
B31552;2015/03/01 01:07:01;45855;89;29.0;24.6;2.770;1.722;1.029;2.177;0.012;0.741;45856
B31552;2015/03/01 01:07:11;45856;92;30.0;24.3;2.706;1.722;1.029;2.177;0.000;0.748;45857
B31552;2015/03/01 01:07:21;45857;89;28.3;24.8;2.703;1.722;1.070;2.177;0.000;0.767;45858
B31552;2015/03/01 01:07:31;45858;87;27.4;24.4;2.854;1.699;1.070;2.183;0.000;0.738;45859
B31552;2015/03/01 01:07:41;45859;88;28.0;25.1;2.861;1.699;1.080;2.183;0.000;0.774;45860
B31552;2015/03/01 01:07:51;45860;89;27.4;25.0;2.822;1.725;1.080;2.183;0.000;0.767;45861
B31552;2015/03/01 01:08:01;45861;94;25.1;24.3;2.651;1.725;1.022;2.183;0.000;0.764;45862
B31552;2015/03/01 01:08:11;45862;85;24.5;24.4;2.632;1.706;1.022;2.193;0.000;0.767;45863
B31552;2015/03/01 01:08:21;45863;83;30.0;24.3;2.838;1.706;1.029;2.193;0.000;0.738;45864
B31552;2015/03/01 01:08:31;45864;92;28.7;24.6;2.651;1.725;1.029;2.193;0.006;0.761;45865
B31552;2015/03/01 01:08:41;45865;94;30.9;24.8;2.641;1.725;1.083;2.193;0.006;0.745;45866
B31552;2015/03/01 01:08:51;45866;90;27.7;25.1;2.632;1.703;1.083;2.212;0.006;0.745;45867
B31552;2015/03/01 01:09:01;45867;81;30.0;24.3;2.867;1.703;1.067;2.212;0.006;0.748;45868
B31552;2015/03/01 01:09:11;45868;85;24.5;24.8;2.651;1.706;1.067;2.212;0.000;0.751;45869
B31552;2015/03/01 01:09:21;45869;84;25.1;24.4;2.796;1.706;1.029;2.212;0.000;0.748;45870
B31552;2015/03/01 01:09:31;45870;89;29.3;24.3;2.719;1.722;1.029;2.206;0.000;0.780;45871
B31552;2015/03/01 01:09:41;45871;80;30.0;24.1;2.864;1.722;1.083;2.206;0.000;0.741;45872
B31552;2015/03/01 01:09:51;45872;92;26.1;24.4;2.754;1.693;1.083;2.206;0.000;0.783;45873
B31552;2015/03/01 01:10:01;45873;85;28.7;25.0;2.854;1.693;1.032;2.206;0.000;0.783;45874
B31552;2015/03/01 01:10:11;45874;93;29.3;24.8;2.612;1.706;1.032;2.238;0.000;0.761;45875
B31552;2015/03/01 01:10:21;45875;88;29.3;25.0;2.841;1.706;1.025;2.238;0.000;0.738;45876
B31552;2015/03/01 01:10:31;45876;93;26.7;24.4;2.735;1.719;1.025;2.238;0.000;0.780;45877
B31552;2015/03/01 01:10:41;45877;88;29.3;24.6;2.861;1.719;1.080;2.238;0.000;0.732;45878
B31552;2015/03/01 01:10:51;45878;90;28.7;24.3;2.622;1.683;1.080;2.177;0.000;0.780;45879
B31552;2015/03/01 01:11:01;45879;86;27.0;24.8;2.635;1.683;1.048;2.177;0.000;0.767;45880
B31552;2015/03/01 01:11:11;45880;90;27.4;24.8;2.619;1.699;1.048;2.177;0.000;0.754;45881
B31552;2015/03/01 01:11:21;45881;88;24.1;24.3;2.858;1.699;1.029;2.177;0.000;0.780;45882
B31552;2015/03/01 01:11:31;45882;90;24.5;25.1;2.816;1.683;1.029;2.206;0.000;0.787;45883
B31552;2015/03/01 01:11:41;45883;93;24.8;24.3;2.867;1.683;1.090;2.206;0.000;0.777;45884
B31552;2015/03/01 01:11:51;45884;95;24.8;24.8;2.632;1.712;1.090;2.206;0.025;0.767;45885
B31552;2015/03/01 01:12:01;45885;96;27.4;25.0;2.706;1.712;1.048;2.206;0.025;0.777;45886
B31552;2015/03/01 01:12:11;45886;97;26.7;24.8;2.722;1.706;1.048;2.174;0.025;0.732;45887
B31552;2015/03/01 01:12:21;45887;90;24.8;24.8;2.835;1.706;1.041;2.174;0.025;0.732;45888
B31552;2015/03/01 01:12:31;45888;93;28.3;24.3;2.619;1.722;1.041;2.174;0.006;0.774;45889
B31552;2015/03/01 01:12:41;45889;87;24.5;24.4;2.864;1.722;1.035;2.174;0.006;0.770;45890
B31552;2015/03/01 01:12:51;45890;97;25.1;24.6;2.796;1.687;1.035;2.180;0.006;0.748;45891
B31552;2015/03/01 01:13:01;45891;93;26.1;24.1;2.841;1.687;1.077;2.180;0.006;0.777;45892
B31552;2015/03/01 01:13:11;45892;92;26.7;24.8;2.783;1.729;1.077;2.180;0.000;0.774;45893
B31552;2015/03/01 01:13:21;45893;88;28.3;25.1;2.635;1.729;1.083;2.180;0.000;0.754;45894
B31552;2015/03/01 01:13:31;45894;96;27.0;25.5;2.854;1.706;1.083;2.161;0.000;0.780;45895
B31552;2015/03/01 01:13:41;45895;87;26.7;24.6;2.783;1.706;1.029;2.161;0.000;0.777;45896
B31552;2015/03/01 01:13:51;45896;93;27.4;24.6;2.729;1.719;1.029;2.161;0.000;0.751;45897
B31552;2015/03/01 01:14:01;45897;92;25.8;24.3;2.619;1.719;1.090;2.161;0.000;0.732;45898
B31552;2015/03/01 01:14:11;45898;85;27.7;24.6;2.638;1.712;1.090;2.222;0.000;0.732;45899
B31552;2015/03/01 01:14:21;45899;88;29.3;24.3;2.841;1.712;1.070;2.222;0.000;0.774;45900
B31552;2015/03/01 01:14:31;45900;87;26.7;24.8;2.796;1.732;1.070;2.222;0.112;0.732;45901
B31552;2015/03/01 01:14:41;45901;94;27.4;24.6;2.812;1.732;1.090;2.222;0.112;0.751;45902
B31552;2015/03/01 01:14:51;45902;91;30.6;24.6;2.638;1.712;1.090;2.177;0.112;0.741;45903
B31552;2015/03/01 01:15:01;45903;78;31.9;25.1;2.841;1.712;1.064;2.177;0.112;0.758;45904
B31552;2015/03/01 01:15:11;45904;83;24.5;24.8;2.812;1.703;1.064;2.177;0.000;0.741;45905
B31552;2015/03/01 01:15:21;45905;85;26.7;25.1;2.635;1.703;1.035;2.177;0.000;0.751;45906
B31552;2015/03/01 01:15:31;45906;88;31.2;24.3;2.619;1.732;1.035;2.180;0.000;0.732;45907
B31552;2015/03/01 01:15:41;45907;83;23.8;24.6;2.864;1.732;1.054;2.180;0.000;0.758;45908
B31552;2015/03/01 01:15:51;45908;88;27.4;25.0;2.838;1.725;1.054;2.180;0.019;0.774;45909
B31552;2015/03/01 01:16:01;45909;88;28.0;25.3;2.864;1.725;1.045;2.180;0.019;0.774;45910
B31552;2015/03/01 01:16:11;45910;91;24.5;24.8;2.638;1.722;1.045;2.199;0.019;0.751;45911
B31552;2015/03/01 01:16:21;45911;90;29.3;25.3;2.716;1.722;1.045;2.199;0.019;0.745;45912
B31552;2015/03/01 01:16:31;45912;83;29.6;24.6;2.612;1.699;1.045;2.199;0.000;0.732;45913
B31552;2015/03/01 01:16:41;45913;83;26.4;24.4;2.706;1.699;1.064;2.199;0.000;0.754;45914
B31552;2015/03/01 01:16:51;45914;97;25.8;25.1;2.832;1.690;1.064;2.164;0.000;0.732;45915
B31552;2015/03/01 01:17:01;45915;82;27.0;25.7;2.851;1.690;1.035;2.164;0.000;0.741;45916
B31552;2015/03/01 01:17:11;45916;80;31.2;24.8;2.835;1.690;1.035;2.164;0.000;0.770;45917
B31552;2015/03/01 01:17:21;45917;88;25.4;25.1;2.619;1.690;1.035;2.164;0.000;0.761;45918
B31552;2015/03/01 01:17:31;45918;89;25.1;25.0;2.816;1.725;1.035;2.174;0.000;0.780;45919
B31552;2015/03/01 01:17:41;45919;93;28.0;24.6;2.838;1.725;1.090;2.174;0.000;0.725;45920
B31552;2015/03/01 01:17:51;45920;78;25.1;25.1;2.829;1.732;1.090;2.174;0.000;0.761;45921
B31552;2015/03/01 01:18:01;45921;79;24.8;25.0;2.638;1.732;1.090;2.174;0.000;0.748;45922
B31552;2015/03/01 01:18:11;45922;89;25.8;25.1;2.832;1.690;1.090;2.209;0.000;0.754;45923
B31552;2015/03/01 01:18:21;45923;78;24.5;24.8;2.803;1.690;1.035;2.209;0.000;0.729;45924
B31552;2015/03/01 01:18:31;45924;97;25.4;24.8;2.632;1.706;1.035;2.209;0.000;0.732;45925
B31552;2015/03/01 01:18:41;45925;84;25.8;24.6;2.619;1.706;1.087;2.209;0.000;0.738;45926
B31552;2015/03/01 01:18:51;45926;93;25.4;25.1;2.854;1.693;1.087;2.177;0.000;0.745;45927
B31552;2015/03/01 01:19:01;45927;83;27.0;25.1;2.709;1.693;1.054;2.177;0.000;0.751;45928
B31552;2015/03/01 01:19:11;45928;90;26.1;24.8;2.745;1.732;1.054;2.177;0.093;0.764;45929
B31552;2015/03/01 01:19:21;45929;81;26.1;25.1;2.625;1.732;1.035;2.177;0.093;0.780;45930
B31552;2015/03/01 01:19:31;45930;92;23.8;25.1;2.780;1.722;1.035;2.206;0.093;0.761;45931
B31552;2015/03/01 01:19:41;45931;90;24.5;24.4;2.754;1.722;1.087;2.206;0.093;0.754;45932
B31552;2015/03/01 01:19:51;45932;84;26.4;25.1;2.854;1.729;1.087;2.206;0.000;0.767;45933
B31552;2015/03/01 01:20:01;45933;91;28.7;25.3;2.654;1.729;1.048;2.206;0.000;0.748;45934
B31552;2015/03/01 01:20:11;45934;90;28.3;25.0;2.848;1.699;1.048;2.187;0.000;0.741;45935
B31552;2015/03/01 01:20:21;45935;92;30.0;24.3;2.625;1.699;1.035;2.187;0.000;0.748;45936
B31552;2015/03/01 01:20:31;45936;92;31.2;25.1;2.638;1.712;1.035;2.187;0.006;0.761;45937
B31552;2015/03/01 01:20:41;45937;96;26.7;25.0;2.803;1.712;1.051;2.187;0.006;0.790;45938
B31552;2015/03/01 01:20:51;45938;88;27.0;25.7;2.854;1.696;1.051;2.203;0.006;0.764;45939
B31552;2015/03/01 01:21:01;45939;84;28.7;25.1;2.667;1.696;1.103;2.203;0.006;0.748;45940
B31552;2015/03/01 01:21:11;45940;97;28.7;24.6;2.606;1.719;1.103;2.203;0.006;0.761;45941
B31552;2015/03/01 01:21:21;45941;82;25.1;24.6;2.867;1.719;1.087;2.203;0.006;0.783;45942
B31552;2015/03/01 01:21:31;45942;90;28.7;24.6;2.725;1.699;1.087;2.161;0.006;0.780;45943
B31552;2015/03/01 01:21:41;45943;93;25.1;24.6;2.632;1.699;1.077;2.161;0.006;0.732;45944
B31552;2015/03/01 01:21:51;45944;96;26.4;25.1;2.854;1.722;1.077;2.161;0.006;0.780;45945
B31552;2015/03/01 01:22:01;45945;93;29.0;24.8;2.832;1.722;1.045;2.161;0.006;0.751;45946
B31552;2015/03/01 01:22:11;45946;80;24.5;25.3;2.835;1.712;1.045;2.167;0.006;0.738;45947
B31552;2015/03/01 01:22:21;45947;94;31.2;25.3;2.861;1.712;1.058;2.167;0.006;0.738;45948
B31552;2015/03/01 01:22:31;45948;93;28.0;25.3;2.838;1.732;1.058;2.167;0.106;0.748;45949
B31552;2015/03/01 01:22:41;45949;83;30.6;25.1;2.809;1.732;1.035;2.167;0.106;0.751;45950
B31552;2015/03/01 01:22:51;45950;93;31.2;24.8;2.635;1.693;1.035;2.164;0.106;0.767;45951
B31552;2015/03/01 01:23:01;45951;86;28.3;24.6;2.812;1.693;1.032;2.164;0.106;0.780;45952
B31552;2015/03/01 01:23:11;45952;87;28.3;25.1;2.638;1.693;1.032;2.164;0.006;0.738;45953
B31552;2015/03/01 01:23:21;45953;93;28.7;24.6;2.864;1.693;1.087;2.164;0.006;0.745;45954
B31552;2015/03/01 01:23:31;45954;88;28.7;25.0;2.690;1.729;1.087;2.203;0.006;0.761;45955
B31552;2015/03/01 01:23:41;45955;83;30.6;25.3;2.864;1.729;1.083;2.203;0.006;0.738;45956
B31552;2015/03/01 01:23:51;45956;88;25.4;25.1;2.861;1.732;1.083;2.203;0.000;0.748;45957
B31552;2015/03/01 01:24:01;45957;90;28.3;25.1;2.635;1.732;1.083;2.203;0.000;0.738;45958
B31552;2015/03/01 01:24:11;45958;95;24.8;25.3;2.787;1.729;1.083;2.219;0.000;0.741;45959
B31552;2015/03/01 01:24:21;45959;83;24.5;25.0;2.635;1.729;1.038;2.219;0.000;0.780;45960
B31552;2015/03/01 01:24:31;45960;92;28.0;25.3;2.796;1.719;1.038;2.219;0.000;0.764;45961
B31552;2015/03/01 01:24:41;45961;87;30.0;24.6;2.854;1.719;1.103;2.219;0.000;0.738;45962
B31552;2015/03/01 01:24:51;45962;95;25.1;25.1;2.829;1.696;1.103;2.238;0.000;0.767;45963
B31552;2015/03/01 01:25:01;45963;88;27.7;25.1;2.651;1.696;1.054;2.238;0.000;0.767;45964
B31552;2015/03/01 01:25:11;45964;88;31.2;25.3;2.651;1.712;1.054;2.238;0.000;0.748;45965
B31552;2015/03/01 01:25:21;45965;85;25.1;25.0;2.645;1.712;1.083;2.238;0.000;0.770;45966
B31552;2015/03/01 01:25:31;45966;93;26.7;25.3;2.735;1.738;1.083;2.190;0.000;0.767;45967
B31552;2015/03/01 01:25:41;45967;93;27.7;25.8;2.638;1.738;1.041;2.190;0.000;0.777;45968
B31552;2015/03/01 01:25:51;45968;93;25.1;25.8;2.848;1.741;1.041;2.190;0.000;0.745;45969
B31552;2015/03/01 01:26:01;45969;83;29.0;24.8;2.680;1.741;1.041;2.190;0.000;0.767;45970
B31552;2015/03/01 01:26:11;45970;85;24.8;25.5;2.803;1.738;1.041;2.225;0.000;0.741;45971
B31552;2015/03/01 01:26:21;45971;89;25.1;24.6;2.612;1.738;1.093;2.225;0.000;0.729;45972
B31552;2015/03/01 01:26:31;45972;81;29.6;24.6;2.619;1.732;1.093;2.225;0.000;0.738;45973
B31552;2015/03/01 01:26:41;45973;93;29.3;25.7;2.725;1.732;1.048;2.225;0.000;0.761;45974
B31552;2015/03/01 01:26:51;45974;96;28.3;25.3;2.680;1.722;1.048;2.238;0.000;0.745;45975
B31552;2015/03/01 01:27:01;45975;88;24.8;25.7;2.632;1.722;1.106;2.238;0.000;0.774;45976
B31552;2015/03/01 01:27:11;45976;93;30.3;24.6;2.699;1.732;1.106;2.238;0.087;0.732;45977
B31552;2015/03/01 01:27:21;45977;88;23.8;25.3;2.754;1.732;1.099;2.238;0.087;0.735;45978
B31552;2015/03/01 01:27:31;45978;83;31.2;25.1;2.632;1.716;1.099;2.212;0.087;0.732;45979
B31552;2015/03/01 01:27:41;45979;89;26.4;25.7;2.612;1.716;1.048;2.212;0.087;0.764;45980
B31552;2015/03/01 01:27:51;45980;82;26.4;25.7;2.625;1.732;1.048;2.212;0.000;0.732;45981
B31552;2015/03/01 01:28:01;45981;78;27.4;24.8;2.703;1.732;1.103;2.212;0.000;0.745;45982
B31552;2015/03/01 01:28:11;45982;97;23.8;25.7;2.645;1.745;1.103;2.245;0.000;0.754;45983
B31552;2015/03/01 01:28:21;45983;90;31.9;25.8;2.835;1.745;1.041;2.245;0.000;0.738;45984
B31552;2015/03/01 01:28:31;45984;97;27.4;25.3;2.848;1.738;1.041;2.245;0.019;0.774;45985
B31552;2015/03/01 01:28:41;45985;90;25.1;25.7;2.664;1.738;1.048;2.245;0.019;0.770;45986
B31552;2015/03/01 01:28:51;45986;89;25.8;25.8;2.841;1.729;1.048;2.206;0.019;0.738;45987
B31552;2015/03/01 01:29:01;45987;88;30.3;25.3;2.661;1.729;1.096;2.206;0.019;0.754;45988
B31552;2015/03/01 01:29:11;45988;85;28.0;25.7;2.793;1.741;1.096;2.206;0.000;0.780;45989
B31552;2015/03/01 01:29:21;45989;80;23.8;25.0;2.864;1.741;1.045;2.206;0.000;0.748;45990
B31552;2015/03/01 01:29:31;45990;93;30.3;25.1;2.632;1.735;1.045;2.212;0.000;0.761;45991
B31552;2015/03/01 01:29:41;45991;88;25.8;25.0;2.854;1.735;1.045;2.212;0.000;0.758;45992
B31552;2015/03/01 01:29:51;45992;86;24.5;25.8;2.793;1.716;1.045;2.212;0.000;0.738;45993
B31552;2015/03/01 01:30:01;45993;88;28.7;25.5;2.654;1.716;1.035;2.212;0.000;0.738;45994
B31552;2015/03/01 01:30:11;45994;85;28.0;25.7;2.658;1.725;1.035;2.170;0.000;0.761;45995
B31552;2015/03/01 01:30:21;45995;88;25.8;25.5;2.754;1.725;1.099;2.170;0.000;0.761;45996
B31552;2015/03/01 01:30:31;45996;88;25.8;25.3;2.854;1.709;1.099;2.170;0.019;0.774;45997
B31552;2015/03/01 01:30:41;45997;80;28.0;25.5;2.638;1.709;1.041;2.170;0.019;0.735;45998
B31552;2015/03/01 01:30:51;45998;93;26.4;26.2;2.854;1.712;1.041;2.170;0.019;0.738;45999
B31552;2015/03/01 01:31:01;45999;85;25.4;25.7;2.651;1.712;1.103;2.170;0.019;0.767;46000
B31552;2015/03/01 01:31:11;46000;97;28.0;25.5;2.835;1.722;1.103;2.170;0.116;0.751;46001
B31552;2015/03/01 01:31:21;46001;90;25.1;25.7;2.654;1.722;1.083;2.170;0.116;0.735;46002
B31552;2015/03/01 01:31:31;46002;92;31.2;25.7;2.764;1.745;1.083;2.174;0.116;0.732;46003
B31552;2015/03/01 01:31:41;46003;88;28.7;25.8;2.699;1.745;1.041;2.174;0.116;0.735;46004
B31552;2015/03/01 01:31:51;46004;96;31.6;25.0;2.619;1.706;1.041;2.174;0.000;0.761;46005
B31552;2015/03/01 01:32:01;46005;87;28.0;25.5;2.638;1.706;1.045;2.174;0.000;0.758;46006
B31552;2015/03/01 01:32:11;46006;92;30.0;25.5;2.735;1.732;1.045;2.203;0.000;0.738;46007
B31552;2015/03/01 01:32:21;46007;89;26.7;25.7;2.690;1.732;1.103;2.203;0.000;0.777;46008
B31552;2015/03/01 01:32:31;46008;85;25.4;25.7;2.751;1.735;1.103;2.203;0.000;0.780;46009
B31552;2015/03/01 01:32:41;46009;83;28.7;25.7;2.635;1.735;1.061;2.203;0.000;0.777;46010
B31552;2015/03/01 01:32:51;46010;88;24.8;25.8;2.841;1.722;1.061;2.229;0.000;0.738;46011
B31552;2015/03/01 01:33:01;46011;90;27.7;25.7;2.770;1.722;1.048;2.229;0.000;0.741;46012
B31552;2015/03/01 01:33:11;46012;94;27.0;25.1;2.632;1.722;1.048;2.229;0.000;0.748;46013
B31552;2015/03/01 01:33:21;46013;79;27.4;25.5;2.812;1.722;1.035;2.229;0.000;0.754;46014
B31552;2015/03/01 01:33:31;46014;86;25.1;25.5;2.812;1.719;1.035;2.212;0.000;0.780;46015
B31552;2015/03/01 01:33:41;46015;83;30.0;25.0;2.829;1.719;1.054;2.212;0.000;0.767;46016
B31552;2015/03/01 01:33:51;46016;83;25.1;26.0;2.641;1.745;1.054;2.212;0.006;0.764;46017
B31552;2015/03/01 01:34:01;46017;93;26.7;25.7;2.612;1.745;1.045;2.212;0.006;0.735;46018
B31552;2015/03/01 01:34:11;46018;88;25.1;25.8;2.832;1.745;1.045;2.183;0.006;0.725;46019
B31552;2015/03/01 01:34:21;46019;90;24.8;25.7;2.664;1.745;1.045;2.183;0.006;0.748;46020
B31552;2015/03/01 01:34:31;46020;95;28.3;25.3;2.638;1.716;1.045;2.183;0.112;0.732;46021
B31552;2015/03/01 01:34:41;46021;91;29.0;25.7;2.790;1.716;1.064;2.183;0.112;0.735;46022
B31552;2015/03/01 01:34:51;46022;97;29.0;25.5;2.854;1.748;1.064;2.196;0.112;0.748;46023
B31552;2015/03/01 01:35:01;46023;83;26.4;25.5;2.667;1.748;1.061;2.196;0.112;0.774;46024
B31552;2015/03/01 01:35:11;46024;90;25.8;25.3;2.780;1.716;1.061;2.196;0.000;0.774;46025
B31552;2015/03/01 01:35:21;46025;92;27.0;25.3;2.838;1.716;1.064;2.196;0.000;0.745;46026
B31552;2015/03/01 01:35:31;46026;97;29.6;25.1;2.664;1.741;1.064;2.216;0.000;0.783;46027
B31552;2015/03/01 01:35:41;46027;83;25.1;25.1;2.632;1.741;1.045;2.216;0.000;0.796;46028
B31552;2015/03/01 01:35:51;46028;88;27.0;25.7;2.729;1.716;1.045;2.216;0.000;0.751;46029
B31552;2015/03/01 01:36:01;46029;91;28.7;25.7;2.735;1.716;1.058;2.216;0.000;0.741;46030
B31552;2015/03/01 01:36:11;46030;93;25.1;25.8;2.835;1.745;1.058;2.158;0.000;0.774;46031
B31552;2015/03/01 01:36:21;46031;90;26.1;25.8;2.619;1.745;1.051;2.158;0.000;0.758;46032
B31552;2015/03/01 01:36:31;46032;88;25.8;26.0;2.822;1.706;1.051;2.158;0.000;0.783;46033
B31552;2015/03/01 01:36:41;46033;90;30.9;26.0;2.699;1.706;1.058;2.158;0.000;0.783;46034
B31552;2015/03/01 01:36:51;46034;88;27.4;25.8;2.745;1.706;1.058;2.203;0.000;0.745;46035
B31552;2015/03/01 01:37:01;46035;89;26.1;25.7;2.619;1.706;1.093;2.203;0.000;0.761;46036
B31552;2015/03/01 01:37:11;46036;88;31.6;25.7;2.632;1.709;1.093;2.203;0.000;0.780;46037
B31552;2015/03/01 01:37:21;46037;90;25.1;25.8;2.625;1.709;1.061;2.203;0.000;0.748;46038
B31552;2015/03/01 01:37:31;46038;89;24.1;25.7;2.796;1.735;1.061;2.232;0.000;0.767;46039
B31552;2015/03/01 01:37:41;46039;83;29.3;25.8;2.680;1.735;1.067;2.232;0.000;0.748;46040
B31552;2015/03/01 01:37:51;46040;96;26.4;25.8;2.854;1.732;1.067;2.232;0.006;0.741;46041
B31552;2015/03/01 01:38:01;46041;83;25.1;25.5;2.851;1.732;1.051;2.232;0.006;0.758;46042
B31552;2015/03/01 01:38:11;46042;83;26.4;26.2;2.854;1.745;1.051;2.229;0.006;0.761;46043
B31552;2015/03/01 01:38:21;46043;88;27.4;25.7;2.699;1.745;1.106;2.229;0.006;0.745;46044
B31552;2015/03/01 01:38:31;46044;97;31.2;25.1;2.619;1.741;1.106;2.229;0.019;0.780;46045
B31552;2015/03/01 01:38:41;46045;84;24.5;25.0;2.864;1.741;1.103;2.229;0.019;0.748;46046
B31552;2015/03/01 01:38:51;46046;88;30.6;26.0;2.638;1.732;1.103;2.222;0.019;0.764;46047
B31552;2015/03/01 01:39:01;46047;86;31.9;25.8;2.738;1.732;1.048;2.222;0.019;0.764;46048
B31552;2015/03/01 01:39:11;46048;83;24.5;25.7;2.835;1.754;1.048;2.222;0.006;0.745;46049
B31552;2015/03/01 01:39:21;46049;92;29.3;26.0;2.654;1.754;1.054;2.222;0.006;0.761;46050
B31552;2015/03/01 01:39:31;46050;87;28.0;25.8;2.812;1.738;1.054;2.212;0.006;0.748;46051
B31552;2015/03/01 01:39:41;46051;86;26.1;25.8;2.619;1.738;1.080;2.212;0.006;0.774;46052
B31552;2015/03/01 01:39:51;46052;93;26.4;26.2;2.854;1.754;1.080;2.212;0.006;0.748;46053
B31552;2015/03/01 01:40:01;46053;92;29.0;25.7;2.864;1.754;1.109;2.212;0.006;0.738;46054
B31552;2015/03/01 01:40:11;46054;88;24.5;25.8;2.841;1.712;1.109;2.154;0.006;0.745;46055
B31552;2015/03/01 01:40:21;46055;80;25.1;25.5;2.854;1.712;1.051;2.154;0.006;0.732;46056
B31552;2015/03/01 01:40:31;46056;93;27.4;25.7;2.864;1.716;1.051;2.154;0.000;0.738;46057
B31552;2015/03/01 01:40:41;46057;96;31.2;25.8;2.690;1.716;1.080;2.154;0.000;0.741;46058
B31552;2015/03/01 01:40:51;46058;91;27.7;26.0;2.861;1.751;1.080;2.164;0.000;0.741;46059
B31552;2015/03/01 01:41:01;46059;90;30.3;25.7;2.864;1.751;1.041;2.164;0.000;0.745;46060
B31552;2015/03/01 01:41:11;46060;82;27.4;25.8;2.706;1.722;1.041;2.164;0.019;0.754;46061
B31552;2015/03/01 01:41:21;46061;88;29.0;26.0;2.777;1.722;1.070;2.164;0.019;0.738;46062
B31552;2015/03/01 01:41:31;46062;90;29.0;25.3;2.654;1.732;1.070;2.187;0.019;0.748;46063
B31552;2015/03/01 01:41:41;46063;86;27.0;25.8;2.703;1.732;1.099;2.187;0.019;0.745;46064
B31552;2015/03/01 01:41:51;46064;91;24.5;25.8;2.822;1.738;1.099;2.187;0.000;0.767;46065
B31552;2015/03/01 01:42:01;46065;86;29.6;25.5;2.645;1.738;1.048;2.187;0.000;0.751;46066
B31552;2015/03/01 01:42:11;46066;79;26.7;25.8;2.625;1.706;1.048;2.158;0.000;0.770;46067
B31552;2015/03/01 01:42:21;46067;89;25.1;25.5;2.864;1.706;1.041;2.158;0.000;0.732;46068
B31552;2015/03/01 01:42:31;46068;78;29.0;26.0;2.664;1.748;1.041;2.158;0.000;0.745;46069
B31552;2015/03/01 01:42:41;46069;86;25.1;25.7;2.835;1.748;1.045;2.158;0.000;0.729;46070
B31552;2015/03/01 01:42:51;46070;92;26.7;26.2;2.738;1.745;1.045;2.164;0.000;0.761;46071
B31552;2015/03/01 01:43:01;46071;88;28.3;25.7;2.677;1.745;1.064;2.164;0.000;0.719;46072
B31552;2015/03/01 01:43:11;46072;89;25.1;26.2;2.809;1.722;1.064;2.164;0.003;0.758;46073
B31552;2015/03/01 01:43:21;46073;87;29.6;26.0;2.854;1.722;1.051;2.164;0.003;0.729;46074
B31552;2015/03/01 01:43:31;46074;94;28.0;26.2;2.822;1.732;1.051;2.203;0.003;0.722;46075
B31552;2015/03/01 01:43:41;46075;90;24.5;26.2;2.787;1.732;1.064;2.203;0.003;0.725;46076
B31552;2015/03/01 01:43:51;46076;93;26.1;26.5;2.854;1.719;1.064;2.203;0.000;0.725;46077
B31552;2015/03/01 01:44:01;46077;84;28.7;26.0;2.658;1.719;1.093;2.203;0.000;0.725;46078
B31552;2015/03/01 01:44:11;46078;95;27.0;26.2;2.854;1.748;1.093;2.180;0.000;0.761;46079
B31552;2015/03/01 01:44:21;46079;88;30.0;25.7;2.841;1.748;1.109;2.180;0.000;0.764;46080
B31552;2015/03/01 01:44:31;46080;90;27.4;26.2;2.841;1.751;1.109;2.180;0.000;0.745;46081
B31552;2015/03/01 01:44:41;46081;84;27.0;25.3;2.832;1.751;1.048;2.180;0.000;0.758;46082
B31552;2015/03/01 01:44:51;46082;86;25.1;26.2;2.848;1.712;1.048;2.216;0.000;0.732;46083
B31552;2015/03/01 01:45:01;46083;95;26.4;26.2;2.632;1.712;1.048;2.216;0.000;0.745;46084
B31552;2015/03/01 01:45:11;46084;93;28.3;25.7;2.841;1.735;1.048;2.216;0.000;0.732;46085
B31552;2015/03/01 01:45:21;46085;94;28.7;26.5;2.767;1.735;1.109;2.216;0.000;0.754;46086
B31552;2015/03/01 01:45:31;46086;86;30.3;25.7;2.612;1.745;1.109;2.151;0.000;0.725;46087
B31552;2015/03/01 01:45:41;46087;88;28.7;26.2;2.635;1.745;1.051;2.151;0.000;0.770;46088
B31552;2015/03/01 01:45:51;46088;90;28.0;26.2;2.767;1.751;1.051;2.151;0.000;0.745;46089
B31552;2015/03/01 01:46:01;46089;83;26.4;26.2;2.625;1.751;1.054;2.151;0.000;0.725;46090
B31552;2015/03/01 01:46:11;46090;93;29.3;25.8;2.767;1.735;1.054;2.190;0.000;0.732;46091
B31552;2015/03/01 01:46:21;46091;83;28.7;26.2;2.638;1.735;1.103;2.190;0.000;0.748;46092
B31552;2015/03/01 01:46:31;46092;93;28.0;26.5;2.841;1.751;1.103;2.190;0.000;0.751;46093
B31552;2015/03/01 01:46:41;46093;93;24.5;25.7;2.854;1.751;1.048;2.190;0.000;0.754;46094
B31552;2015/03/01 01:46:51;46094;88;28.7;25.7;2.835;1.751;1.048;2.229;0.000;0.774;46095
B31552;2015/03/01 01:47:01;46095;92;25.1;25.8;2.632;1.751;1.093;2.229;0.000;0.732;46096
B31552;2015/03/01 01:47:11;46096;78;26.4;26.2;2.770;1.712;1.093;2.229;0.000;0.741;46097
B31552;2015/03/01 01:47:21;46097;82;27.4;26.0;2.864;1.712;1.077;2.229;0.000;0.767;46098
B31552;2015/03/01 01:47:31;46098;98;25.8;26.2;2.854;1.741;1.077;2.206;0.000;0.732;46099
B31552;2015/03/01 01:47:41;46099;88;27.7;26.0;2.754;1.741;1.054;2.206;0.000;0.738;46100
B31552;2015/03/01 01:47:51;46100;88;29.3;26.2;2.670;1.716;1.054;2.206;0.006;0.770;46101
B31552;2015/03/01 01:48:01;46101;88;28.7;26.0;2.829;1.716;1.054;2.206;0.006;0.745;46102
B31552;2015/03/01 01:48:11;46102;94;29.0;26.3;2.638;1.716;1.054;2.199;0.006;0.732;46103
B31552;2015/03/01 01:48:21;46103;94;25.1;25.7;2.851;1.716;1.051;2.199;0.006;0.732;46104
B31552;2015/03/01 01:48:31;46104;88;29.6;26.0;2.625;1.751;1.051;2.199;0.019;0.790;46105
B31552;2015/03/01 01:48:41;46105;90;25.1;26.2;2.832;1.751;1.048;2.199;0.019;0.738;46106
B31552;2015/03/01 01:48:51;46106;91;25.1;26.5;2.832;1.716;1.048;2.167;0.019;0.780;46107
B31552;2015/03/01 01:49:01;46107;86;28.7;26.2;2.638;1.716;1.112;2.167;0.019;0.783;46108
B31552;2015/03/01 01:49:11;46108;78;29.6;25.7;2.619;1.751;1.112;2.167;0.009;0.745;46109
B31552;2015/03/01 01:49:21;46109;83;28.3;26.7;2.729;1.751;1.054;2.167;0.009;0.732;46110
B31552;2015/03/01 01:49:31;46110;87;25.1;26.5;2.822;1.751;1.054;2.164;0.009;0.751;46111
B31552;2015/03/01 01:49:41;46111;76;24.8;25.8;2.638;1.751;1.054;2.164;0.009;0.732;46112
B31552;2015/03/01 01:49:51;46112;96;28.0;26.0;2.745;1.758;1.054;2.164;0.000;0.774;46113
B31552;2015/03/01 01:50:01;46113;88;25.1;25.5;2.854;1.758;1.054;2.164;0.000;0.741;46114
B31552;2015/03/01 01:50:11;46114;95;29.3;26.3;2.632;1.741;1.054;2.158;0.000;0.725;46115
B31552;2015/03/01 01:50:21;46115;88;28.7;26.5;2.690;1.741;1.106;2.158;0.000;0.774;46116
B31552;2015/03/01 01:50:31;46116;89;25.1;26.0;2.832;1.716;1.106;2.158;0.022;0.741;46117
B31552;2015/03/01 01:50:41;46117;93;25.4;26.3;2.619;1.716;1.051;2.158;0.022;0.761;46118
B31552;2015/03/01 01:50:51;46118;90;26.4;26.2;2.767;1.716;1.051;2.174;0.022;0.741;46119
B31552;2015/03/01 01:51:01;46119;88;29.6;26.3;2.864;1.716;1.064;2.174;0.022;0.738;46120
B31552;2015/03/01 01:51:11;46120;78;24.5;26.5;2.854;1.748;1.064;2.174;0.025;0.735;46121
B31552;2015/03/01 01:51:21;46121;92;23.8;25.7;2.625;1.748;1.112;2.174;0.025;0.719;46122
B31552;2015/03/01 01:51:31;46122;90;30.6;25.7;2.609;1.729;1.112;2.164;0.025;0.761;46123
B31552;2015/03/01 01:51:41;46123;92;27.0;26.3;2.625;1.729;1.106;2.164;0.025;0.758;46124
B31552;2015/03/01 01:51:51;46124;98;26.4;26.5;2.854;1.754;1.106;2.164;0.006;0.722;46125
B31552;2015/03/01 01:52:01;46125;86;24.5;26.2;2.832;1.754;1.109;2.164;0.006;0.732;46126
B31552;2015/03/01 01:52:11;46126;84;26.7;26.3;2.619;1.729;1.109;2.190;0.006;0.767;46127
B31552;2015/03/01 01:52:21;46127;91;23.8;26.5;2.796;1.729;1.106;2.190;0.006;0.764;46128
B31552;2015/03/01 01:52:31;46128;96;29.3;25.5;2.629;1.738;1.106;2.190;0.000;0.735;46129
B31552;2015/03/01 01:52:41;46129;91;30.0;26.0;2.799;1.738;1.112;2.190;0.000;0.725;46130
B31552;2015/03/01 01:52:51;46130;91;27.0;26.3;2.854;1.732;1.112;2.206;0.000;0.725;46131
B31552;2015/03/01 01:53:01;46131;82;24.1;26.3;2.835;1.732;1.109;2.206;0.000;0.764;46132
B31552;2015/03/01 01:53:11;46132;88;26.1;26.3;2.770;1.741;1.109;2.206;0.000;0.761;46133
B31552;2015/03/01 01:53:21;46133;92;28.0;25.5;2.612;1.741;1.054;2.206;0.000;0.716;46134
B31552;2015/03/01 01:53:31;46134;96;28.3;26.0;2.638;1.712;1.054;2.158;0.000;0.712;46135
B31552;2015/03/01 01:53:41;46135;89;25.1;26.3;2.632;1.712;1.058;2.158;0.000;0.754;46136
B31552;2015/03/01 01:53:51;46136;88;25.8;26.9;2.619;1.758;1.058;2.158;0.000;0.735;46137
B31552;2015/03/01 01:54:01;46137;86;23.8;26.2;2.864;1.758;1.048;2.158;0.000;0.722;46138
B31552;2015/03/01 01:54:11;46138;89;24.5;26.3;2.645;1.751;1.048;2.190;0.000;0.745;46139
B31552;2015/03/01 01:54:21;46139;78;26.7;26.3;2.638;1.751;1.106;2.190;0.000;0.716;46140
B31552;2015/03/01 01:54:31;46140;95;26.7;26.0;2.632;1.732;1.106;2.190;0.000;0.748;46141
B31552;2015/03/01 01:54:41;46141;89;26.4;26.0;2.829;1.732;1.048;2.190;0.000;0.745;46142
B31552;2015/03/01 01:54:51;46142;95;25.8;26.5;2.854;1.712;1.048;2.132;0.000;0.754;46143
B31552;2015/03/01 01:55:01;46143;90;23.8;26.2;2.858;1.712;1.093;2.132;0.000;0.741;46144
B31552;2015/03/01 01:55:11;46144;89;27.0;26.0;2.851;1.716;1.093;2.132;0.000;0.745;46145
B31552;2015/03/01 01:55:21;46145;82;27.7;26.0;2.632;1.716;1.054;2.132;0.000;0.745;46146
B31552;2015/03/01 01:55:31;46146;85;30.0;26.3;2.612;1.741;1.054;2.174;0.000;0.719;46147
B31552;2015/03/01 01:55:41;46147;84;28.7;26.3;2.741;1.741;1.061;2.174;0.000;0.722;46148
B31552;2015/03/01 01:55:51;46148;87;29.6;26.3;2.651;1.754;1.061;2.174;0.000;0.725;46149
B31552;2015/03/01 01:56:01;46149;90;28.7;26.0;2.854;1.754;1.103;2.174;0.000;0.764;46150
B31552;2015/03/01 01:56:11;46150;86;25.8;26.5;2.848;1.754;1.103;2.148;0.000;0.748;46151
B31552;2015/03/01 01:56:21;46151;85;23.8;26.2;2.858;1.754;1.106;2.148;0.000;0.725;46152
B31552;2015/03/01 01:56:31;46152;83;26.7;26.2;2.741;1.725;1.106;2.148;0.000;0.732;46153
B31552;2015/03/01 01:56:41;46153;88;29.3;26.3;2.767;1.725;1.116;2.148;0.000;0.751;46154
B31552;2015/03/01 01:56:51;46154;79;30.3;26.0;2.625;1.741;1.116;2.151;0.000;0.761;46155
B31552;2015/03/01 01:57:01;46155;93;27.7;26.3;2.632;1.741;1.058;2.151;0.000;0.770;46156
B31552;2015/03/01 01:57:11;46156;85;25.1;26.2;2.835;1.741;1.058;2.151;0.000;0.732;46157
B31552;2015/03/01 01:57:21;46157;83;25.1;26.3;2.609;1.741;1.103;2.151;0.000;0.770;46158
B31552;2015/03/01 01:57:31;46158;89;24.5;26.2;2.651;1.758;1.103;2.148;0.000;0.764;46159
B31552;2015/03/01 01:57:41;46159;91;26.4;25.7;2.848;1.758;1.112;2.148;0.000;0.770;46160
B31552;2015/03/01 01:57:51;46160;85;28.0;26.2;2.829;1.729;1.112;2.148;0.000;0.738;46161
B31552;2015/03/01 01:58:01;46161;88;28.7;26.7;2.777;1.729;1.070;2.148;0.000;0.774;46162
B31552;2015/03/01 01:58:11;46162;84;27.4;26.3;2.651;1.745;1.070;2.203;0.000;0.770;46163
B31552;2015/03/01 01:58:21;46163;90;28.7;26.0;2.719;1.745;1.119;2.203;0.000;0.738;46164
B31552;2015/03/01 01:58:31;46164;91;28.0;26.3;2.625;1.722;1.119;2.203;0.125;0.738;46165
B31552;2015/03/01 01:58:41;46165;87;28.7;26.5;2.638;1.722;1.061;2.203;0.125;0.735;46166
B31552;2015/03/01 01:58:51;46166;85;25.8;26.5;2.838;1.735;1.061;2.199;0.125;0.732;46167
B31552;2015/03/01 01:59:01;46167;83;27.0;25.8;2.787;1.735;1.070;2.199;0.125;0.767;46168
B31552;2015/03/01 01:59:11;46168;84;25.1;26.2;2.812;1.748;1.070;2.199;0.000;0.738;46169
B31552;2015/03/01 01:59:21;46169;87;27.4;26.0;2.716;1.748;1.051;2.199;0.000;0.748;46170
B31552;2015/03/01 01:59:31;46170;94;25.1;26.2;2.832;1.748;1.051;2.151;0.000;0.748;46171
B31552;2015/03/01 01:59:41;46171;94;23.8;26.7;2.745;1.748;1.058;2.151;0.000;0.732;46172
B31552;2015/03/01 01:59:51;46172;92;28.0;26.2;2.787;1.735;1.058;2.151;0.000;0.732;46173
B31552;2015/03/01 02:00:01;46173;91;27.7;26.2;2.641;1.735;1.116;2.151;0.000;0.729;46174
B31552;2015/03/01 02:00:11;46174;86;30.3;25.7;2.735;1.719;1.116;2.170;0.000;0.738;46175
B31552;2015/03/01 02:00:21;46175;84;26.7;26.2;2.625;1.719;1.058;2.170;0.000;0.764;46176
B31552;2015/03/01 02:00:31;46176;93;24.5;26.2;2.777;1.748;1.058;2.170;0.000;0.735;46177
B31552;2015/03/01 02:00:41;46177;91;31.2;26.7;2.638;1.748;1.051;2.170;0.000;0.738;46178
B31552;2015/03/01 02:00:51;46178;86;27.4;25.8;2.854;1.716;1.051;2.206;0.000;0.777;46179
B31552;2015/03/01 02:01:01;46179;90;28.7;26.0;2.783;1.716;1.109;2.206;0.000;0.758;46180
B31552;2015/03/01 02:01:11;46180;81;26.1;26.5;2.754;1.738;1.109;2.206;0.019;0.725;46181
B31552;2015/03/01 02:01:21;46181;94;25.8;26.5;2.667;1.738;1.061;2.206;0.019;0.761;46182
