B3155D;2015/03/09 00:00:00;20461;71;31.9;24.4;2.790;1.593;0.845;2.045;0.054;0.880;20462
B3155D;2015/03/09 00:00:10;20462;73;30.0;25.0;2.719;1.599;0.845;2.022;0.054;0.864;20463
B3155D;2015/03/09 00:00:20;20463;79;30.0;25.5;2.619;1.599;0.874;2.022;0.054;0.848;20464
B3155D;2015/03/09 00:00:30;20464;81;32.9;25.0;2.677;1.593;0.874;2.022;0.029;0.848;20465
B3155D;2015/03/09 00:00:40;20465;79;32.5;24.8;2.738;1.593;0.845;2.022;0.029;0.867;20466
B3155D;2015/03/09 00:00:50;20466;87;29.3;24.8;2.745;1.622;0.845;2.038;0.029;0.835;20467
B3155D;2015/03/09 00:01:00;20467;83;30.9;24.3;2.593;1.622;0.845;2.038;0.029;0.825;20468
B3155D;2015/03/09 00:01:10;20468;86;29.3;25.1;2.783;1.587;0.845;2.038;0.016;0.822;20469
B3155D;2015/03/09 00:01:20;20469;72;29.3;25.1;2.799;1.587;0.864;2.038;0.016;0.819;20470
B3155D;2015/03/09 00:01:30;20470;73;31.2;24.8;2.729;1.606;0.864;2.006;0.016;0.848;20471
B3155D;2015/03/09 00:01:40;20471;72;30.6;24.3;2.748;1.606;0.877;2.006;0.016;0.822;20472
B3155D;2015/03/09 00:01:50;20472;72;27.7;24.8;2.751;1.583;0.877;2.006;0.032;0.822;20473
B3155D;2015/03/09 00:02:00;20473;78;31.2;24.6;2.590;1.583;0.867;2.006;0.032;0.829;20474
B3155D;2015/03/09 00:02:10;20474;78;30.6;25.0;2.777;1.590;0.867;1.970;0.032;0.838;20475
B3155D;2015/03/09 00:02:20;20475;75;33.5;24.8;2.612;1.590;0.838;1.970;0.032;0.812;20476
B3155D;2015/03/09 00:02:30;20476;75;31.6;24.3;2.719;1.583;0.838;1.970;0.032;0.809;20477
B3155D;2015/03/09 00:02:40;20477;78;33.5;24.8;2.600;1.583;0.838;1.970;0.032;0.822;20478
B3155D;2015/03/09 00:02:50;20478;80;29.3;24.4;2.790;1.603;0.838;1.951;0.032;0.838;20479
B3155D;2015/03/09 00:03:00;20479;77;32.5;25.0;2.764;1.603;0.887;1.951;0.032;0.835;20480
B3155D;2015/03/09 00:03:10;20480;81;27.7;25.3;2.783;1.590;0.887;1.951;0.022;0.825;20481
B3155D;2015/03/09 00:03:20;20481;80;31.9;24.4;2.787;1.590;0.845;1.951;0.022;0.809;20482
B3155D;2015/03/09 00:03:30;20482;83;31.2;25.1;2.790;1.619;0.845;1.993;0.022;0.809;20483
B3155D;2015/03/09 00:03:40;20483;79;29.6;25.1;2.793;1.619;0.848;1.993;0.022;0.848;20484
B3155D;2015/03/09 00:03:50;20484;81;29.3;25.1;2.751;1.625;0.848;1.993;0.029;0.867;20485
B3155D;2015/03/09 00:04:00;20485;83;30.3;24.6;2.593;1.625;0.848;1.993;0.029;0.838;20486
B3155D;2015/03/09 00:04:10;20486;85;28.0;24.6;2.603;1.622;0.848;2.006;0.029;0.848;20487
B3155D;2015/03/09 00:04:20;20487;75;33.5;25.1;2.677;1.622;0.877;2.006;0.029;0.874;20488
B3155D;2015/03/09 00:04:30;20488;78;31.2;25.0;2.612;1.612;0.877;2.006;0.132;0.848;20489
B3155D;2015/03/09 00:04:40;20489;77;31.2;25.3;2.709;1.612;0.851;2.006;0.132;0.841;20490
B3155D;2015/03/09 00:04:50;20490;79;28.3;25.1;2.777;1.596;0.851;2.022;0.132;0.845;20491
B3155D;2015/03/09 00:05:00;20491;71;31.9;24.3;2.612;1.596;0.883;2.022;0.132;0.845;20492
B3155D;2015/03/09 00:05:10;20492;71;32.9;25.3;2.748;1.606;0.883;2.022;0.019;0.848;20493
B3155D;2015/03/09 00:05:20;20493;79;30.6;25.5;2.745;1.606;0.838;2.022;0.019;0.832;20494
B3155D;2015/03/09 00:05:30;20494;78;30.0;24.4;2.712;1.593;0.838;1.980;0.019;0.870;20495
B3155D;2015/03/09 00:05:40;20495;76;33.2;25.1;2.787;1.593;0.858;1.980;0.019;0.858;20496
B3155D;2015/03/09 00:05:50;20496;82;28.0;24.8;2.770;1.612;0.858;1.980;0.032;0.841;20497
B3155D;2015/03/09 00:06:00;20497;75;29.0;25.0;2.745;1.612;0.838;1.980;0.032;0.825;20498
B3155D;2015/03/09 00:06:10;20498;77;32.5;25.0;2.632;1.612;0.838;1.977;0.032;0.829;20499
B3155D;2015/03/09 00:06:20;20499;74;29.6;24.6;2.619;1.612;0.864;1.977;0.032;0.838;20500
B3155D;2015/03/09 00:06:30;20500;78;33.2;25.1;2.764;1.587;0.864;1.977;0.032;0.874;20501
B3155D;2015/03/09 00:06:40;20501;83;29.6;25.1;2.616;1.587;0.877;1.977;0.032;0.835;20502
B3155D;2015/03/09 00:06:50;20502;84;29.0;25.1;2.600;1.609;0.877;2.003;0.032;0.861;20503
B3155D;2015/03/09 00:07:00;20503;80;31.2;24.8;2.632;1.609;0.883;2.003;0.032;0.825;20504
B3155D;2015/03/09 00:07:10;20504;67;31.6;24.8;2.764;1.599;0.883;2.003;0.029;0.841;20505
B3155D;2015/03/09 00:07:20;20505;71;31.2;25.3;2.732;1.599;0.851;2.003;0.029;0.835;20506
B3155D;2015/03/09 00:07:30;20506;82;29.0;25.3;2.783;1.622;0.851;1.961;0.029;0.848;20507
B3155D;2015/03/09 00:07:40;20507;80;31.6;25.1;2.683;1.622;0.851;1.961;0.029;0.832;20508
B3155D;2015/03/09 00:07:50;20508;73;28.3;25.1;2.641;1.596;0.851;1.961;0.035;0.838;20509
B3155D;2015/03/09 00:08:00;20509;79;28.3;25.3;2.638;1.596;0.887;1.961;0.035;0.822;20510
B3155D;2015/03/09 00:08:10;20510;81;32.9;25.3;2.783;1.616;0.887;1.977;0.035;0.809;20511
B3155D;2015/03/09 00:08:20;20511;74;31.6;25.3;2.738;1.616;0.890;1.977;0.035;0.835;20512
B3155D;2015/03/09 00:08:30;20512;79;33.2;25.0;2.677;1.596;0.890;1.977;0.019;0.822;20513
B3155D;2015/03/09 00:08:40;20513;72;32.5;25.5;2.680;1.596;0.890;1.977;0.019;0.841;20514
B3155D;2015/03/09 00:08:50;20514;78;31.2;24.4;2.790;1.612;0.890;1.967;0.019;0.812;20515
B3155D;2015/03/09 00:09:00;20515;81;29.3;25.1;2.587;1.612;0.841;1.967;0.019;0.832;20516
B3155D;2015/03/09 00:09:10;20516;84;33.8;25.8;2.583;1.596;0.841;1.967;0.029;0.845;20517
B3155D;2015/03/09 00:09:20;20517;76;33.8;25.5;2.725;1.596;0.848;1.967;0.029;0.832;20518
B3155D;2015/03/09 00:09:30;20518;73;29.3;25.3;2.622;1.606;0.848;1.964;0.029;0.816;20519
B3155D;2015/03/09 00:09:40;20519;78;28.7;25.1;2.625;1.606;0.841;1.964;0.029;0.816;20520
B3155D;2015/03/09 00:09:50;20520;73;28.3;25.3;2.787;1.587;0.841;1.964;0.032;0.822;20521
B3155D;2015/03/09 00:10:00;20521;68;33.2;25.5;2.587;1.587;0.848;1.964;0.032;0.835;20522
B3155D;2015/03/09 00:10:10;20522;71;32.5;25.7;2.587;1.606;0.848;1.990;0.032;0.825;20523
B3155D;2015/03/09 00:10:20;20523;80;30.3;25.3;2.790;1.606;0.848;1.990;0.032;0.861;20524
B3155D;2015/03/09 00:10:30;20524;84;33.5;26.3;2.583;1.619;0.848;1.990;0.016;0.829;20525
B3155D;2015/03/09 00:10:40;20525;76;33.5;25.5;2.787;1.619;0.887;1.990;0.016;0.829;20526
B3155D;2015/03/09 00:10:50;20526;85;29.0;24.6;2.612;1.612;0.887;1.977;0.016;0.858;20527
B3155D;2015/03/09 00:11:00;20527;69;30.0;25.0;2.796;1.612;0.893;1.977;0.016;0.848;20528
B3155D;2015/03/09 00:11:10;20528;73;29.3;25.1;2.767;1.622;0.893;1.977;0.009;0.832;20529
B3155D;2015/03/09 00:11:20;20529;73;29.0;24.8;2.787;1.622;0.848;1.977;0.009;0.822;20530
B3155D;2015/03/09 00:11:30;20530;73;30.9;25.3;2.745;1.609;0.848;1.919;0.009;0.822;20531
B3155D;2015/03/09 00:11:40;20531;72;33.8;25.1;2.790;1.609;0.893;1.919;0.009;0.825;20532
B3155D;2015/03/09 00:11:50;20532;76;33.2;25.8;2.625;1.619;0.893;1.919;0.012;0.816;20533
B3155D;2015/03/09 00:12:00;20533;78;28.3;25.1;2.641;1.619;0.893;1.919;0.012;0.812;20534
B3155D;2015/03/09 00:12:10;20534;80;32.2;25.0;2.609;1.619;0.893;1.909;0.012;0.816;20535
B3155D;2015/03/09 00:12:20;20535;83;28.0;25.8;2.787;1.619;0.864;1.909;0.012;0.838;20536
B3155D;2015/03/09 00:12:30;20536;70;29.3;25.7;2.751;1.593;0.864;1.909;0.019;0.845;20537
B3155D;2015/03/09 00:12:40;20537;84;31.2;25.5;2.758;1.593;0.851;1.909;0.019;0.816;20538
B3155D;2015/03/09 00:12:50;20538;79;29.0;26.0;2.787;1.629;0.851;1.954;0.019;0.829;20539
B3155D;2015/03/09 00:13:00;20539;77;29.3;24.6;2.587;1.629;0.880;1.954;0.019;0.854;20540
B3155D;2015/03/09 00:13:10;20540;82;29.6;25.7;2.729;1.632;0.880;1.954;0.058;0.835;20541
B3155D;2015/03/09 00:13:20;20541;84;31.2;25.1;2.745;1.632;0.851;1.954;0.058;0.841;20542
B3155D;2015/03/09 00:13:30;20542;83;33.2;25.1;2.790;1.632;0.851;1.958;0.058;0.864;20543
B3155D;2015/03/09 00:13:40;20543;78;33.8;25.5;2.677;1.632;0.854;1.958;0.058;0.858;20544
B3155D;2015/03/09 00:13:50;20544;87;27.7;25.8;2.612;1.596;0.854;1.958;0.080;0.864;20545
B3155D;2015/03/09 00:14:00;20545;83;34.1;25.3;2.699;1.596;0.854;1.958;0.080;0.832;20546
B3155D;2015/03/09 00:14:10;20546;79;33.2;25.0;2.600;1.606;0.854;1.980;0.080;0.854;20547
B3155D;2015/03/09 00:14:20;20547;79;28.0;25.3;2.758;1.606;0.883;1.980;0.080;0.835;20548
B3155D;2015/03/09 00:14:30;20548;80;30.3;25.3;2.583;1.603;0.883;1.980;0.099;0.835;20549
B3155D;2015/03/09 00:14:40;20549;78;30.3;25.8;2.790;1.603;0.851;1.980;0.099;0.877;20550
B3155D;2015/03/09 00:14:50;20550;78;31.9;25.3;2.619;1.625;0.851;2.025;0.099;0.883;20551
B3155D;2015/03/09 00:15:00;20551;80;27.7;25.5;2.632;1.625;0.900;2.025;0.099;0.864;20552
B3155D;2015/03/09 00:15:10;20552;75;31.2;25.5;2.641;1.612;0.900;2.025;0.045;0.867;20553
B3155D;2015/03/09 00:15:20;20553;78;29.0;25.3;2.600;1.612;0.851;2.025;0.045;0.877;20554
B3155D;2015/03/09 00:15:30;20554;79;31.9;25.0;2.706;1.593;0.851;1.987;0.045;0.841;20555
B3155D;2015/03/09 00:15:40;20555;77;28.3;25.5;2.758;1.593;0.890;1.987;0.045;0.874;20556
B3155D;2015/03/09 00:15:50;20556;84;29.6;25.1;2.606;1.616;0.890;1.987;0.041;0.848;20557
B3155D;2015/03/09 00:16:00;20557;78;31.6;25.3;2.787;1.616;0.851;1.987;0.041;0.848;20558
B3155D;2015/03/09 00:16:10;20558;73;29.0;25.5;2.619;1.596;0.851;1.980;0.041;0.854;20559
B3155D;2015/03/09 00:16:20;20559;78;31.2;26.3;2.790;1.596;0.887;1.980;0.041;0.864;20560
B3155D;2015/03/09 00:16:30;20560;77;30.6;25.0;2.612;1.616;0.887;1.980;0.022;0.877;20561
B3155D;2015/03/09 00:16:40;20561;74;27.4;25.1;2.712;1.616;0.851;1.980;0.022;0.880;20562
B3155D;2015/03/09 00:16:50;20562;87;33.2;25.0;2.732;1.625;0.851;1.977;0.022;0.861;20563
B3155D;2015/03/09 00:17:00;20563;72;31.9;25.8;2.770;1.625;0.867;1.977;0.022;0.854;20564
B3155D;2015/03/09 00:17:10;20564;73;32.5;25.1;2.590;1.599;0.867;1.977;0.025;0.861;20565
B3155D;2015/03/09 00:17:20;20565;79;32.5;25.5;2.787;1.599;0.867;1.977;0.025;0.854;20566
B3155D;2015/03/09 00:17:30;20566;84;33.8;25.8;2.787;1.625;0.867;1.996;0.025;0.890;20567
B3155D;2015/03/09 00:17:40;20567;84;30.6;24.6;2.625;1.625;0.874;1.996;0.025;0.877;20568
B3155D;2015/03/09 00:17:50;20568;78;33.8;25.8;2.758;1.635;0.874;1.996;0.029;0.893;20569
B3155D;2015/03/09 00:18:00;20569;76;34.5;25.3;2.745;1.635;0.858;1.996;0.029;0.874;20570
B3155D;2015/03/09 00:18:10;20570;85;34.8;25.3;2.606;1.625;0.858;2.000;0.029;0.880;20571
B3155D;2015/03/09 00:18:20;20571;77;31.9;25.7;2.783;1.625;0.900;2.000;0.029;0.906;20572
B3155D;2015/03/09 00:18:30;20572;77;28.3;25.3;2.783;1.641;0.900;2.000;0.032;0.900;20573
B3155D;2015/03/09 00:18:40;20573;67;32.5;25.5;2.751;1.641;0.874;2.000;0.032;0.877;20574
B3155D;2015/03/09 00:18:50;20574;83;30.3;24.6;2.609;1.609;0.874;2.012;0.032;0.890;20575
B3155D;2015/03/09 00:19:00;20575;78;31.6;25.1;2.764;1.609;0.896;2.012;0.032;0.874;20576
B3155D;2015/03/09 00:19:10;20576;75;29.6;25.8;2.625;1.638;0.896;2.012;0.045;0.880;20577
B3155D;2015/03/09 00:19:20;20577;75;33.8;25.1;2.667;1.638;0.864;2.012;0.045;0.890;20578
B3155D;2015/03/09 00:19:30;20578;77;31.9;25.1;2.725;1.641;0.864;2.025;0.045;0.883;20579
B3155D;2015/03/09 00:19:40;20579;75;27.7;25.5;2.712;1.641;0.874;2.025;0.045;0.880;20580
B3155D;2015/03/09 00:19:50;20580;82;32.9;25.3;2.593;1.606;0.874;2.025;0.029;0.887;20581
B3155D;2015/03/09 00:20:00;20581;79;27.7;25.0;2.729;1.606;0.861;2.025;0.029;0.887;20582
B3155D;2015/03/09 00:20:10;20582;78;33.2;25.0;2.593;1.612;0.861;2.032;0.029;0.919;20583
B3155D;2015/03/09 00:20:20;20583;80;30.0;25.3;2.758;1.612;0.858;2.032;0.029;0.909;20584
B3155D;2015/03/09 00:20:30;20584;72;28.3;25.3;2.787;1.603;0.858;2.032;0.029;0.922;20585
B3155D;2015/03/09 00:20:40;20585;69;28.0;25.1;2.732;1.603;0.900;2.032;0.029;0.874;20586
B3155D;2015/03/09 00:20:50;20586;72;34.1;24.6;2.590;1.609;0.900;2.003;0.029;0.874;20587
B3155D;2015/03/09 00:21:00;20587;75;30.0;25.5;2.793;1.609;0.903;2.003;0.029;0.900;20588
B3155D;2015/03/09 00:21:10;20588;69;31.6;24.6;2.680;1.609;0.903;2.003;0.038;0.890;20589
B3155D;2015/03/09 00:21:20;20589;76;29.0;25.5;2.654;1.609;0.877;2.003;0.038;0.887;20590
B3155D;2015/03/09 00:21:30;20590;73;31.9;24.6;2.606;1.609;0.877;2.000;0.038;0.877;20591
B3155D;2015/03/09 00:21:40;20591;68;33.2;25.3;2.790;1.609;0.861;2.000;0.038;0.864;20592
B3155D;2015/03/09 00:21:50;20592;72;27.7;25.1;2.790;1.619;0.861;2.000;0.032;0.890;20593
B3155D;2015/03/09 00:22:00;20593;83;27.7;25.7;2.619;1.619;0.861;2.000;0.032;0.880;20594
B3155D;2015/03/09 00:22:10;20594;79;31.2;25.1;2.783;1.641;0.861;2.006;0.032;0.896;20595
B3155D;2015/03/09 00:22:20;20595;72;29.6;25.5;2.664;1.641;0.864;2.006;0.032;0.867;20596
B3155D;2015/03/09 00:22:30;20596;86;31.2;25.7;2.741;1.632;0.864;2.006;0.025;0.909;20597
B3155D;2015/03/09 00:22:40;20597;78;28.0;25.3;2.761;1.632;0.864;2.006;0.025;0.890;20598
B3155D;2015/03/09 00:22:50;20598;74;34.8;25.1;2.606;1.612;0.864;2.009;0.025;0.887;20599
B3155D;2015/03/09 00:23:00;20599;68;33.2;25.7;2.787;1.612;0.867;2.009;0.025;0.925;20600
B3155D;2015/03/09 00:23:10;20600;75;28.3;25.8;2.790;1.625;0.867;2.009;0.099;0.935;20601
B3155D;2015/03/09 00:23:20;20601;72;31.6;25.3;2.729;1.625;0.864;2.009;0.099;0.890;20602
B3155D;2015/03/09 00:23:30;20602;75;28.3;25.7;2.767;1.638;0.864;2.022;0.099;0.900;20603
B3155D;2015/03/09 00:23:40;20603;81;30.3;25.3;2.761;1.638;0.900;2.022;0.099;0.912;20604
B3155D;2015/03/09 00:23:50;20604;81;30.3;25.7;2.590;1.616;0.900;2.022;0.051;0.887;20605
B3155D;2015/03/09 00:24:00;20605;84;30.6;25.5;2.699;1.616;0.864;2.022;0.051;0.912;20606
B3155D;2015/03/09 00:24:10;20606;75;28.3;25.3;2.593;1.635;0.864;2.051;0.051;0.909;20607
B3155D;2015/03/09 00:24:20;20607;76;31.6;25.3;2.783;1.635;0.893;2.051;0.051;0.896;20608
B3155D;2015/03/09 00:24:30;20608;86;31.2;24.4;2.593;1.632;0.893;2.051;0.038;0.900;20609
B3155D;2015/03/09 00:24:40;20609;83;31.9;25.3;2.751;1.632;0.874;2.051;0.038;0.900;20610
B3155D;2015/03/09 00:24:50;20610;74;29.6;25.5;2.635;1.629;0.874;2.035;0.038;0.890;20611
B3155D;2015/03/09 00:25:00;20611;79;29.6;25.3;2.790;1.629;0.909;2.035;0.038;0.867;20612
B3155D;2015/03/09 00:25:10;20612;78;27.0;25.5;2.738;1.629;0.909;2.035;0.016;0.874;20613
B3155D;2015/03/09 00:25:20;20613;77;31.2;25.3;2.680;1.629;0.880;2.035;0.016;0.880;20614
B3155D;2015/03/09 00:25:30;20614;73;30.0;25.0;2.635;1.648;0.880;1.961;0.016;0.874;20615
B3155D;2015/03/09 00:25:40;20615;78;30.6;26.0;2.764;1.648;0.906;1.961;0.016;0.870;20616
B3155D;2015/03/09 00:25:50;20616;82;27.4;25.3;2.783;1.616;0.906;1.961;0.019;0.851;20617
B3155D;2015/03/09 00:26:00;20617;78;34.1;25.7;2.677;1.616;0.880;1.961;0.019;0.877;20618
B3155D;2015/03/09 00:26:10;20618;72;29.0;25.5;2.635;1.619;0.880;1.980;0.019;0.870;20619
B3155D;2015/03/09 00:26:20;20619;73;34.5;25.3;2.680;1.619;0.867;1.980;0.019;0.845;20620
B3155D;2015/03/09 00:26:30;20620;73;32.5;25.1;2.612;1.658;0.867;1.980;0.058;0.851;20621
B3155D;2015/03/09 00:26:40;20621;73;28.0;26.0;2.745;1.658;0.874;1.980;0.058;0.845;20622
B3155D;2015/03/09 00:26:50;20622;78;34.1;26.0;2.777;1.622;0.874;1.974;0.058;0.858;20623
B3155D;2015/03/09 00:27:00;20623;79;33.5;25.7;2.729;1.622;0.919;1.974;0.058;0.825;20624
B3155D;2015/03/09 00:27:10;20624;82;28.3;25.8;2.787;1.645;0.919;1.974;0.029;0.829;20625
B3155D;2015/03/09 00:27:20;20625;78;30.3;25.8;2.719;1.645;0.912;1.974;0.029;0.858;20626
B3155D;2015/03/09 00:27:30;20626;80;29.0;26.2;2.645;1.632;0.912;1.951;0.029;0.848;20627
B3155D;2015/03/09 00:27:40;20627;75;34.5;26.0;2.793;1.632;0.870;1.951;0.029;0.854;20628
B3155D;2015/03/09 00:27:50;20628;86;31.2;25.0;2.619;1.622;0.870;1.951;0.051;0.829;20629
B3155D;2015/03/09 00:28:00;20629;65;29.3;25.8;2.706;1.622;0.874;1.951;0.051;0.812;20630
B3155D;2015/03/09 00:28:10;20630;77;33.8;25.8;2.600;1.654;0.874;1.993;0.051;0.835;20631
B3155D;2015/03/09 00:28:20;20631;73;27.0;25.7;2.612;1.654;0.922;1.993;0.051;0.822;20632
B3155D;2015/03/09 00:28:30;20632;81;30.3;26.0;2.667;1.648;0.922;1.993;0.045;0.819;20633
B3155D;2015/03/09 00:28:40;20633;77;28.3;25.0;2.593;1.648;0.919;1.993;0.045;0.835;20634
B3155D;2015/03/09 00:28:50;20634;74;30.9;25.8;2.735;1.635;0.919;1.951;0.045;0.845;20635
B3155D;2015/03/09 00:29:00;20635;73;29.6;25.7;2.603;1.635;0.903;1.951;0.045;0.825;20636
B3155D;2015/03/09 00:29:10;20636;79;31.2;25.5;2.619;1.641;0.903;1.951;0.022;0.841;20637
B3155D;2015/03/09 00:29:20;20637;83;29.6;25.3;2.780;1.641;0.870;1.951;0.022;0.809;20638
B3155D;2015/03/09 00:29:30;20638;78;33.8;25.3;2.593;1.658;0.870;1.967;0.022;0.803;20639
B3155D;2015/03/09 00:29:40;20639;73;32.2;25.8;2.674;1.658;0.896;1.967;0.022;0.819;20640
B3155D;2015/03/09 00:29:50;20640;83;28.0;25.7;2.619;1.658;0.896;1.967;0.025;0.812;20641
B3155D;2015/03/09 00:30:00;20641;83;31.2;26.0;2.745;1.658;0.912;1.967;0.025;0.825;20642
B3155D;2015/03/09 00:30:10;20642;84;33.8;26.2;2.596;1.625;0.912;1.954;0.025;0.809;20643
B3155D;2015/03/09 00:30:20;20643;78;29.0;25.5;2.635;1.625;0.877;1.954;0.025;0.790;20644
B3155D;2015/03/09 00:30:30;20644;80;33.2;25.3;2.590;1.632;0.877;1.954;0.019;0.793;20645
B3155D;2015/03/09 00:30:40;20645;70;30.6;25.3;2.709;1.632;0.890;1.954;0.019;0.780;20646
B3155D;2015/03/09 00:30:50;20646;86;28.3;26.5;2.612;1.661;0.890;1.929;0.019;0.806;20647
B3155D;2015/03/09 00:31:00;20647;74;30.9;26.3;2.641;1.661;0.887;1.929;0.019;0.780;20648
B3155D;2015/03/09 00:31:10;20648;77;30.6;26.0;2.745;1.661;0.887;1.929;0.061;0.796;20649
B3155D;2015/03/09 00:31:20;20649;77;32.5;25.8;2.641;1.661;0.893;1.929;0.061;0.819;20650
B3155D;2015/03/09 00:31:30;20650;78;29.3;25.8;2.716;1.638;0.893;1.929;0.061;0.790;20651
B3155D;2015/03/09 00:31:40;20651;79;28.3;25.8;2.667;1.638;0.925;1.929;0.061;0.790;20652
B3155D;2015/03/09 00:31:50;20652;78;27.4;26.0;2.745;1.667;0.925;1.929;0.112;0.816;20653
B3155D;2015/03/09 00:32:00;20653;79;27.7;26.2;2.787;1.667;0.883;1.929;0.112;0.835;20654
B3155D;2015/03/09 00:32:10;20654;78;30.6;26.2;2.751;1.661;0.883;1.987;0.112;0.835;20655
B3155D;2015/03/09 00:32:20;20655;73;28.0;26.2;2.619;1.661;0.877;1.987;0.112;0.793;20656
B3155D;2015/03/09 00:32:30;20656;86;30.6;25.3;2.719;1.645;0.877;1.987;0.029;0.832;20657
B3155D;2015/03/09 00:32:40;20657;81;32.9;25.8;2.745;1.645;0.896;1.987;0.029;0.796;20658
B3155D;2015/03/09 00:32:50;20658;78;29.0;26.9;2.625;1.654;0.896;1.941;0.029;0.809;20659
B3155D;2015/03/09 00:33:00;20659;78;31.2;25.7;2.761;1.654;0.874;1.941;0.029;0.783;20660
B3155D;2015/03/09 00:33:10;20660;86;27.7;26.3;2.751;1.648;0.874;1.941;0.019;0.790;20661
B3155D;2015/03/09 00:33:20;20661;78;25.8;26.3;2.629;1.648;0.909;1.941;0.019;0.809;20662
B3155D;2015/03/09 00:33:30;20662;78;30.0;26.2;2.612;1.648;0.909;1.964;0.019;0.806;20663
B3155D;2015/03/09 00:33:40;20663;73;33.2;25.7;2.774;1.648;0.919;1.964;0.019;0.793;20664
B3155D;2015/03/09 00:33:50;20664;73;29.6;26.7;2.632;1.651;0.919;1.964;0.061;0.777;20665
B3155D;2015/03/09 00:34:00;20665;78;29.6;26.5;2.751;1.651;0.929;1.964;0.061;0.764;20666
B3155D;2015/03/09 00:34:10;20666;79;28.3;26.5;2.777;1.667;0.929;1.954;0.061;0.770;20667
B3155D;2015/03/09 00:34:20;20667;71;31.2;26.3;2.790;1.667;0.877;1.954;0.061;0.780;20668
B3155D;2015/03/09 00:34:30;20668;78;27.7;26.5;2.751;1.651;0.877;1.954;0.019;0.787;20669
B3155D;2015/03/09 00:34:40;20669;80;30.6;26.3;2.790;1.651;0.883;1.954;0.019;0.767;20670
B3155D;2015/03/09 00:34:50;20670;78;27.7;26.5;2.770;1.664;0.883;1.967;0.019;0.803;20671
B3155D;2015/03/09 00:35:00;20671;77;28.3;26.2;2.699;1.664;0.916;1.967;0.019;0.774;20672
B3155D;2015/03/09 00:35:10;20672;78;29.6;26.3;2.777;1.667;0.916;1.967;0.067;0.793;20673
B3155D;2015/03/09 00:35:20;20673;71;32.5;26.2;2.729;1.667;0.925;1.967;0.067;0.780;20674
B3155D;2015/03/09 00:35:30;20674;83;30.3;26.0;2.745;1.664;0.925;1.961;0.067;0.790;20675
B3155D;2015/03/09 00:35:40;20675;77;31.9;26.0;2.767;1.664;0.909;1.961;0.067;0.777;20676
B3155D;2015/03/09 00:35:50;20676;82;31.2;26.3;2.625;1.674;0.909;1.961;0.051;0.790;20677
B3155D;2015/03/09 00:36:00;20677;83;30.0;26.3;2.774;1.674;0.883;1.961;0.051;0.783;20678
B3155D;2015/03/09 00:36:10;20678;84;32.9;26.3;2.787;1.661;0.883;1.974;0.051;0.812;20679
B3155D;2015/03/09 00:36:20;20679;77;28.0;26.7;2.641;1.661;0.932;1.974;0.051;0.809;20680
B3155D;2015/03/09 00:36:30;20680;88;32.2;26.2;2.619;1.648;0.932;1.974;0.045;0.832;20681
B3155D;2015/03/09 00:36:40;20681;74;27.0;25.8;2.664;1.648;0.887;1.974;0.045;0.806;20682
B3155D;2015/03/09 00:36:50;20682;72;29.3;26.5;2.790;1.664;0.887;1.967;0.045;0.812;20683
B3155D;2015/03/09 00:37:00;20683;69;31.2;26.3;2.648;1.664;0.890;1.967;0.045;0.825;20684
B3155D;2015/03/09 00:37:10;20684;80;28.3;26.5;2.619;1.674;0.890;1.967;0.061;0.799;20685
B3155D;2015/03/09 00:37:20;20685;78;26.7;26.2;2.593;1.674;0.900;1.967;0.061;0.799;20686
B3155D;2015/03/09 00:37:30;20686;80;30.0;26.5;2.703;1.667;0.900;1.977;0.061;0.832;20687
B3155D;2015/03/09 00:37:40;20687;80;29.3;25.8;2.593;1.667;0.938;1.977;0.061;0.803;20688
B3155D;2015/03/09 00:37:50;20688;81;29.0;25.5;2.735;1.651;0.938;1.977;0.041;0.838;20689
B3155D;2015/03/09 00:38:00;20689;73;28.0;26.0;2.687;1.651;0.935;1.977;0.041;0.845;20690
B3155D;2015/03/09 00:38:10;20690;81;30.0;25.8;2.761;1.648;0.935;2.012;0.041;0.838;20691
B3155D;2015/03/09 00:38:20;20691;64;30.6;26.2;2.625;1.648;0.935;2.012;0.041;0.822;20692
B3155D;2015/03/09 00:38:30;20692;73;29.6;26.5;2.783;1.641;0.935;2.012;0.045;0.870;20693
B3155D;2015/03/09 00:38:40;20693;78;33.2;26.0;2.651;1.641;0.890;2.012;0.045;0.819;20694
B3155D;2015/03/09 00:38:50;20694;78;32.9;26.0;2.758;1.667;0.890;2.022;0.045;0.829;20695
B3155D;2015/03/09 00:39:00;20695;77;32.5;26.2;2.622;1.667;0.925;2.022;0.045;0.861;20696
B3155D;2015/03/09 00:39:10;20696;83;34.1;26.0;2.619;1.667;0.925;2.022;0.087;0.835;20697
B3155D;2015/03/09 00:39:20;20697;76;34.5;25.8;2.751;1.667;0.887;2.022;0.087;0.835;20698
B3155D;2015/03/09 00:39:30;20698;80;33.8;26.5;2.790;1.651;0.887;2.035;0.087;0.848;20699
B3155D;2015/03/09 00:39:40;20699;78;28.0;25.8;2.796;1.651;0.893;2.035;0.087;0.867;20700
B3155D;2015/03/09 00:39:50;20700;78;30.6;25.8;2.770;1.674;0.893;2.035;0.025;0.887;20701
B3155D;2015/03/09 00:40:00;20701;76;34.5;26.2;2.654;1.674;0.887;2.035;0.025;0.851;20702
B3155D;2015/03/09 00:40:10;20702;82;31.9;25.3;2.612;1.677;0.887;2.051;0.025;0.854;20703
B3155D;2015/03/09 00:40:20;20703;79;30.0;26.0;2.790;1.677;0.900;2.051;0.025;0.851;20704
B3155D;2015/03/09 00:40:30;20704;81;31.9;25.7;2.777;1.670;0.900;2.051;0.038;0.883;20705
B3155D;2015/03/09 00:40:40;20705;78;29.6;26.0;2.603;1.670;0.890;2.051;0.038;0.851;20706
B3155D;2015/03/09 00:40:50;20706;78;31.2;25.3;2.619;1.677;0.890;2.045;0.038;0.877;20707
B3155D;2015/03/09 00:41:00;20707;72;29.3;26.0;2.796;1.677;0.929;2.045;0.038;0.854;20708
B3155D;2015/03/09 00:41:10;20708;86;32.5;25.7;2.606;1.677;0.929;2.045;0.045;0.854;20709
B3155D;2015/03/09 00:41:20;20709;78;30.6;25.8;2.709;1.677;0.893;2.045;0.045;0.880;20710
B3155D;2015/03/09 00:41:30;20710;79;28.3;25.8;2.638;1.680;0.893;2.016;0.045;0.870;20711
B3155D;2015/03/09 00:41:40;20711;85;30.0;25.7;2.616;1.680;0.887;2.016;0.045;0.841;20712
B3155D;2015/03/09 00:41:50;20712;81;29.0;25.5;2.587;1.670;0.887;2.016;0.093;0.864;20713
B3155D;2015/03/09 00:42:00;20713;77;29.6;25.1;2.641;1.670;0.935;2.016;0.093;0.835;20714
B3155D;2015/03/09 00:42:10;20714;74;31.2;25.3;2.619;1.670;0.935;2.051;0.093;0.841;20715
B3155D;2015/03/09 00:42:20;20715;80;31.2;26.3;2.799;1.670;0.903;2.051;0.093;0.845;20716
B3155D;2015/03/09 00:42:30;20716;77;33.5;25.3;2.593;1.674;0.903;2.051;0.077;0.848;20717
B3155D;2015/03/09 00:42:40;20717;70;31.9;25.5;2.619;1.674;0.935;2.051;0.077;0.841;20718
B3155D;2015/03/09 00:42:50;20718;78;29.0;25.8;2.600;1.648;0.935;2.045;0.077;0.870;20719
B3155D;2015/03/09 00:43:00;20719;78;30.0;26.3;2.796;1.648;0.903;2.045;0.077;0.893;20720
B3155D;2015/03/09 00:43:10;20720;81;30.3;26.0;2.587;1.677;0.903;2.045;0.093;0.896;20721
B3155D;2015/03/09 00:43:20;20721;80;34.8;25.8;2.796;1.677;0.912;2.045;0.093;0.864;20722
B3155D;2015/03/09 00:43:30;20722;87;33.2;26.2;2.693;1.648;0.912;2.029;0.093;0.887;20723
B3155D;2015/03/09 00:43:40;20723;85;28.3;25.8;2.661;1.648;0.935;2.029;0.093;0.880;20724
B3155D;2015/03/09 00:43:50;20724;83;28.3;26.2;2.761;1.661;0.935;2.029;0.048;0.874;20725
B3155D;2015/03/09 00:44:00;20725;75;27.4;26.0;2.612;1.661;0.893;2.029;0.048;0.867;20726
B3155D;2015/03/09 00:44:10;20726;69;32.2;25.5;2.654;1.664;0.893;2.051;0.048;0.867;20727
B3155D;2015/03/09 00:44:20;20727;79;30.3;25.7;2.593;1.664;0.941;2.051;0.048;0.851;20728
B3155D;2015/03/09 00:44:30;20728;75;28.0;25.1;2.619;1.670;0.941;2.051;0.045;0.867;20729
B3155D;2015/03/09 00:44:40;20729;85;27.7;25.8;2.725;1.670;0.893;2.051;0.045;0.887;20730
B3155D;2015/03/09 00:44:50;20730;80;30.6;25.7;2.764;1.677;0.893;2.035;0.045;0.848;20731
B3155D;2015/03/09 00:45:00;20731;78;32.5;25.5;2.796;1.677;0.896;2.035;0.045;0.874;20732
B3155D;2015/03/09 00:45:10;20732;78;31.9;26.0;2.783;1.648;0.896;2.035;0.080;0.877;20733
B3155D;2015/03/09 00:45:20;20733;73;31.6;25.5;2.761;1.648;0.941;2.035;0.080;0.874;20734
B3155D;2015/03/09 00:45:30;20734;80;33.5;25.7;2.593;1.683;0.941;2.032;0.080;0.848;20735
B3155D;2015/03/09 00:45:40;20735;73;30.0;26.0;2.658;1.683;0.941;2.032;0.080;0.854;20736
B3155D;2015/03/09 00:45:50;20736;80;31.2;26.0;2.654;1.651;0.941;2.032;0.048;0.877;20737
B3155D;2015/03/09 00:46:00;20737;77;33.2;26.0;2.787;1.651;0.935;2.032;0.048;0.838;20738
B3155D;2015/03/09 00:46:10;20738;82;33.8;25.3;2.590;1.687;0.935;2.006;0.048;0.848;20739
B3155D;2015/03/09 00:46:20;20739;78;32.9;25.7;2.619;1.687;0.903;2.006;0.048;0.851;20740
B3155D;2015/03/09 00:46:30;20740;77;34.1;26.0;2.587;1.690;0.903;2.006;0.045;0.874;20741
B3155D;2015/03/09 00:46:40;20741;81;29.0;26.2;2.699;1.690;0.938;2.006;0.045;0.864;20742
B3155D;2015/03/09 00:46:50;20742;77;29.3;26.5;2.670;1.667;0.938;2.045;0.045;0.854;20743
B3155D;2015/03/09 00:47:00;20743;80;28.7;25.8;2.729;1.667;0.935;2.045;0.045;0.893;20744
B3155D;2015/03/09 00:47:10;20744;78;33.2;26.2;2.761;1.654;0.935;2.045;0.045;0.874;20745
B3155D;2015/03/09 00:47:20;20745;79;30.0;25.7;2.764;1.654;0.900;2.045;0.045;0.896;20746
B3155D;2015/03/09 00:47:30;20746;78;29.0;26.0;2.590;1.664;0.900;2.032;0.045;0.864;20747
B3155D;2015/03/09 00:47:40;20747;78;32.5;26.2;2.777;1.664;0.925;2.032;0.045;0.890;20748
B3155D;2015/03/09 00:47:50;20748;75;30.3;25.7;2.693;1.670;0.925;2.032;0.029;0.890;20749
B3155D;2015/03/09 00:48:00;20749;79;27.7;26.0;2.625;1.670;0.900;2.032;0.029;0.864;20750
B3155D;2015/03/09 00:48:10;20750;81;30.3;25.7;2.593;1.658;0.900;2.029;0.029;0.870;20751
B3155D;2015/03/09 00:48:20;20751;77;28.3;25.7;2.612;1.658;0.929;2.029;0.029;0.896;20752
B3155D;2015/03/09 00:48:30;20752;77;32.5;26.2;2.622;1.670;0.929;2.029;0.058;0.909;20753
B3155D;2015/03/09 00:48:40;20753;78;30.9;25.7;2.587;1.670;0.945;2.029;0.058;0.890;20754
B3155D;2015/03/09 00:48:50;20754;81;27.4;26.0;2.596;1.651;0.945;2.009;0.058;0.890;20755
B3155D;2015/03/09 00:49:00;20755;75;30.3;25.8;2.703;1.651;0.929;2.009;0.058;0.864;20756
B3155D;2015/03/09 00:49:10;20756;83;31.6;25.0;2.732;1.654;0.929;2.009;0.067;0.870;20757
B3155D;2015/03/09 00:49:20;20757;82;29.6;25.7;2.712;1.654;0.900;2.009;0.067;0.874;20758
B3155D;2015/03/09 00:49:30;20758;85;30.0;26.3;2.596;1.651;0.900;2.003;0.067;0.870;20759
B3155D;2015/03/09 00:49:40;20759;68;32.9;25.8;2.635;1.651;0.919;2.003;0.067;0.864;20760
B3155D;2015/03/09 00:49:50;20760;87;29.6;25.8;2.777;1.661;0.919;2.003;0.038;0.861;20761
B3155D;2015/03/09 00:50:00;20761;76;29.3;25.7;2.593;1.661;0.929;2.003;0.038;0.893;20762
B3155D;2015/03/09 00:50:10;20762;74;30.0;26.0;2.641;1.680;0.929;2.029;0.038;0.896;20763
B3155D;2015/03/09 00:50:20;20763;78;31.2;25.8;2.664;1.680;0.922;2.029;0.038;0.887;20764
B3155D;2015/03/09 00:50:30;20764;80;27.7;25.8;2.790;1.654;0.922;2.029;0.038;0.864;20765
B3155D;2015/03/09 00:50:40;20765;66;30.6;25.8;2.770;1.654;0.903;2.029;0.038;0.900;20766
B3155D;2015/03/09 00:50:50;20766;79;30.0;25.3;2.619;1.677;0.903;2.006;0.038;0.883;20767
B3155D;2015/03/09 00:51:00;20767;74;29.3;25.7;2.777;1.677;0.951;2.006;0.038;0.867;20768
B3155D;2015/03/09 00:51:10;20768;73;29.0;25.7;2.748;1.670;0.951;2.006;0.087;0.883;20769
B3155D;2015/03/09 00:51:20;20769;78;29.6;25.3;2.774;1.670;0.929;2.006;0.087;0.870;20770
B3155D;2015/03/09 00:51:30;20770;82;30.6;25.8;2.758;1.687;0.929;2.003;0.087;0.896;20771
B3155D;2015/03/09 00:51:40;20771;84;31.9;25.5;2.619;1.687;0.945;2.003;0.087;0.858;20772
B3155D;2015/03/09 00:51:50;20772;73;31.9;26.2;2.774;1.693;0.945;2.003;0.058;0.864;20773
B3155D;2015/03/09 00:52:00;20773;82;30.3;25.1;2.619;1.693;0.906;2.003;0.058;0.851;20774
B3155D;2015/03/09 00:52:10;20774;80;28.3;25.7;2.587;1.664;0.906;2.016;0.058;0.854;20775
B3155D;2015/03/09 00:52:20;20775;65;32.9;25.8;2.790;1.664;0.948;2.016;0.058;0.864;20776
B3155D;2015/03/09 00:52:30;20776;80;33.2;25.5;2.722;1.664;0.948;2.016;0.138;0.854;20777
B3155D;2015/03/09 00:52:40;20777;76;31.2;25.8;2.716;1.664;0.951;2.016;0.138;0.887;20778
B3155D;2015/03/09 00:52:50;20778;81;27.7;25.7;2.761;1.690;0.951;2.029;0.138;0.867;20779
B3155D;2015/03/09 00:53:00;20779;78;27.7;26.0;2.787;1.690;0.935;2.029;0.138;0.870;20780
B3155D;2015/03/09 00:53:10;20780;76;29.6;25.8;2.783;1.670;0.935;2.029;0.048;0.858;20781
B3155D;2015/03/09 00:53:20;20781;77;27.7;26.2;2.635;1.670;0.903;2.029;0.048;0.883;20782
B3155D;2015/03/09 00:53:30;20782;76;28.0;26.2;2.790;1.680;0.903;2.022;0.048;0.867;20783
B3155D;2015/03/09 00:53:40;20783;78;29.3;25.8;2.793;1.680;0.912;2.022;0.048;0.877;20784
B3155D;2015/03/09 00:53:50;20784;73;32.5;25.3;2.699;1.680;0.912;2.022;0.025;0.851;20785
B3155D;2015/03/09 00:54:00;20785;84;28.3;25.7;2.693;1.680;0.922;2.022;0.025;0.877;20786
B3155D;2015/03/09 00:54:10;20786;75;29.6;25.8;2.783;1.683;0.922;2.032;0.025;0.854;20787
B3155D;2015/03/09 00:54:20;20787;75;30.3;25.3;2.603;1.683;0.909;2.032;0.025;0.887;20788
B3155D;2015/03/09 00:54:30;20788;77;33.8;25.7;2.612;1.696;0.909;2.032;0.035;0.867;20789
B3155D;2015/03/09 00:54:40;20789;68;30.3;25.3;2.600;1.696;0.929;2.032;0.035;0.851;20790
B3155D;2015/03/09 00:54:50;20790;83;32.2;25.3;2.638;1.696;0.929;2.025;0.035;0.861;20791
B3155D;2015/03/09 00:55:00;20791;84;31.2;26.2;2.648;1.696;0.906;2.025;0.035;0.851;20792
B3155D;2015/03/09 00:55:10;20792;75;30.6;26.0;2.764;1.683;0.906;2.025;0.045;0.874;20793
B3155D;2015/03/09 00:55:20;20793;81;34.5;25.8;2.719;1.683;0.903;2.025;0.045;0.867;20794
B3155D;2015/03/09 00:55:30;20794;88;27.7;26.0;2.790;1.661;0.903;2.009;0.045;0.867;20795
B3155D;2015/03/09 00:55:40;20795;78;27.4;25.5;2.725;1.661;0.951;2.009;0.045;0.854;20796
B3155D;2015/03/09 00:55:50;20796;81;30.6;25.5;2.619;1.661;0.951;2.009;0.070;0.896;20797
B3155D;2015/03/09 00:56:00;20797;75;31.6;25.1;2.603;1.661;0.945;2.009;0.070;0.854;20798
B3155D;2015/03/09 00:56:10;20798;79;31.2;25.7;2.725;1.693;0.945;2.041;0.070;0.906;20799
B3155D;2015/03/09 00:56:20;20799;79;29.6;25.5;2.609;1.693;0.903;2.041;0.070;0.864;20800
B3155D;2015/03/09 00:56:30;20800;79;28.3;25.8;2.619;1.696;0.903;2.041;0.080;0.883;20801
B3155D;2015/03/09 00:56:40;20801;79;33.8;26.0;2.696;1.696;0.948;2.041;0.080;0.903;20802
B3155D;2015/03/09 00:56:50;20802;68;29.0;26.0;2.593;1.661;0.948;2.012;0.080;0.900;20803
B3155D;2015/03/09 00:57:00;20803;79;29.0;25.7;2.738;1.661;0.906;2.012;0.080;0.880;20804
B3155D;2015/03/09 00:57:10;20804;83;32.5;25.7;2.664;1.693;0.906;2.012;0.045;0.867;20805
B3155D;2015/03/09 00:57:20;20805;77;29.3;25.5;2.719;1.693;0.903;2.012;0.045;0.861;20806
B3155D;2015/03/09 00:57:30;20806;79;31.9;25.7;2.677;1.683;0.903;1.996;0.045;0.893;20807
B3155D;2015/03/09 00:57:40;20807;83;32.5;25.8;2.751;1.683;0.903;1.996;0.045;0.851;20808
B3155D;2015/03/09 00:57:50;20808;83;31.9;25.7;2.638;1.696;0.903;1.996;0.035;0.867;20809
B3155D;2015/03/09 00:58:00;20809;78;33.2;25.8;2.790;1.696;0.903;1.996;0.035;0.851;20810
B3155D;2015/03/09 00:58:10;20810;76;29.3;26.2;2.735;1.693;0.903;1.993;0.035;0.877;20811
B3155D;2015/03/09 00:58:20;20811;84;27.4;25.5;2.758;1.693;0.906;1.993;0.035;0.854;20812
B3155D;2015/03/09 00:58:30;20812;83;31.2;25.5;2.693;1.687;0.906;1.993;0.035;0.835;20813
B3155D;2015/03/09 00:58:40;20813;84;31.2;25.7;2.680;1.687;0.929;1.993;0.035;0.832;20814
B3155D;2015/03/09 00:58:50;20814;76;33.5;25.7;2.699;1.661;0.929;1.983;0.035;0.838;20815
B3155D;2015/03/09 00:59:00;20815;78;30.6;25.3;2.709;1.661;0.906;1.983;0.035;0.867;20816
B3155D;2015/03/09 00:59:10;20816;73;32.5;26.2;2.783;1.677;0.906;1.983;0.051;0.858;20817
B3155D;2015/03/09 00:59:20;20817;83;31.9;26.3;2.793;1.677;0.951;1.983;0.051;0.838;20818
B3155D;2015/03/09 00:59:30;20818;84;32.5;25.7;2.754;1.683;0.951;1.987;0.051;0.851;20819
B3155D;2015/03/09 00:59:40;20819;83;29.0;26.3;2.790;1.683;0.903;1.987;0.051;0.838;20820
B3155D;2015/03/09 00:59:50;20820;85;33.8;25.3;2.600;1.693;0.903;1.987;0.051;0.870;20821
B3155D;2015/03/09 01:00:00;20821;78;29.0;26.0;2.783;1.693;0.951;1.987;0.051;0.851;20822
B3155D;2015/03/09 01:00:10;20822;69;30.0;26.0;2.645;1.683;0.951;2.012;0.051;0.870;20823
B3155D;2015/03/09 01:00:20;20823;76;30.6;25.8;2.729;1.683;0.951;2.012;0.051;0.867;20824
B3155D;2015/03/09 01:00:30;20824;78;33.8;26.0;2.600;1.661;0.951;2.012;0.051;0.880;20825
B3155D;2015/03/09 01:00:40;20825;83;30.0;25.7;2.790;1.661;0.916;2.012;0.051;0.858;20826
B3155D;2015/03/09 01:00:50;20826;77;29.0;26.5;2.783;1.680;0.916;1.990;0.051;0.854;20827
B3155D;2015/03/09 01:01:00;20827;78;31.9;25.5;2.790;1.680;0.938;1.990;0.051;0.835;20828
B3155D;2015/03/09 01:01:10;20828;70;31.6;25.7;2.651;1.670;0.938;1.990;0.029;0.858;20829
B3155D;2015/03/09 01:01:20;20829;74;33.8;25.8;2.725;1.670;0.951;1.990;0.029;0.838;20830
B3155D;2015/03/09 01:01:30;20830;83;31.9;26.2;2.741;1.693;0.951;1.987;0.029;0.835;20831
B3155D;2015/03/09 01:01:40;20831;83;29.3;25.5;2.654;1.693;0.903;1.987;0.029;0.854;20832
B3155D;2015/03/09 01:01:50;20832;88;31.6;25.5;2.764;1.693;0.903;1.987;0.025;0.838;20833
B3155D;2015/03/09 01:02:00;20833;74;33.2;26.3;2.796;1.693;0.951;1.987;0.025;0.854;20834
B3155D;2015/03/09 01:02:10;20834;78;29.3;26.2;2.774;1.674;0.951;1.964;0.025;0.832;20835
B3155D;2015/03/09 01:02:20;20835;70;28.0;26.0;2.777;1.674;0.922;1.964;0.025;0.809;20836
B3155D;2015/03/09 01:02:30;20836;78;26.7;25.8;2.612;1.690;0.922;1.964;0.035;0.809;20837
B3155D;2015/03/09 01:02:40;20837;79;30.6;25.5;2.761;1.690;0.935;1.964;0.035;0.832;20838
B3155D;2015/03/09 01:02:50;20838;78;30.3;26.2;2.690;1.680;0.935;1.987;0.035;0.809;20839
B3155D;2015/03/09 01:03:00;20839;78;28.3;25.8;2.619;1.680;0.903;1.987;0.035;0.787;20840
B3155D;2015/03/09 01:03:10;20840;87;27.4;26.9;2.587;1.680;0.903;1.987;0.025;0.825;20841
B3155D;2015/03/09 01:03:20;20841;69;27.4;26.3;2.622;1.680;0.951;1.987;0.025;0.793;20842
B3155D;2015/03/09 01:03:30;20842;80;31.2;26.0;2.661;1.699;0.951;1.941;0.025;0.790;20843
B3155D;2015/03/09 01:03:40;20843;76;34.5;26.2;2.758;1.699;0.929;1.941;0.025;0.787;20844
B3155D;2015/03/09 01:03:50;20844;83;32.5;26.2;2.593;1.696;0.929;1.941;0.016;0.806;20845
B3155D;2015/03/09 01:04:00;20845;81;28.3;26.5;2.770;1.696;0.935;1.941;0.016;0.793;20846
B3155D;2015/03/09 01:04:10;20846;78;28.0;26.2;2.593;1.696;0.935;1.945;0.016;0.793;20847
B3155D;2015/03/09 01:04:20;20847;73;27.0;26.5;2.683;1.696;0.906;1.945;0.016;0.799;20848
B3155D;2015/03/09 01:04:30;20848;79;31.2;26.7;2.719;1.690;0.906;1.945;0.025;0.803;20849
B3155D;2015/03/09 01:04:40;20849;68;32.2;26.5;2.629;1.690;0.906;1.945;0.025;0.790;20850
B3155D;2015/03/09 01:04:50;20850;81;27.7;26.5;2.777;1.664;0.906;1.958;0.025;0.793;20851
B3155D;2015/03/09 01:05:00;20851;79;31.9;25.7;2.587;1.664;0.909;1.958;0.025;0.806;20852
B3155D;2015/03/09 01:05:10;20852;73;31.2;26.3;2.600;1.696;0.909;1.958;0.032;0.825;20853
B3155D;2015/03/09 01:05:20;20853;75;30.0;26.0;2.790;1.696;0.929;1.958;0.032;0.787;20854
B3155D;2015/03/09 01:05:30;20854;69;30.6;26.3;2.690;1.674;0.929;1.964;0.032;0.799;20855
B3155D;2015/03/09 01:05:40;20855;70;29.0;26.5;2.703;1.674;0.935;1.964;0.032;0.832;20856
B3155D;2015/03/09 01:05:50;20856;69;31.2;26.5;2.790;1.699;0.935;1.964;0.029;0.806;20857
B3155D;2015/03/09 01:06:00;20857;74;29.0;26.2;2.603;1.699;0.906;1.964;0.029;0.799;20858
B3155D;2015/03/09 01:06:10;20858;79;31.6;26.2;2.751;1.699;0.906;2.016;0.029;0.822;20859
B3155D;2015/03/09 01:06:20;20859;76;34.5;26.5;2.709;1.699;0.909;2.016;0.029;0.812;20860
B3155D;2015/03/09 01:06:30;20860;84;31.2;26.3;2.745;1.664;0.909;2.016;0.038;0.816;20861
B3155D;2015/03/09 01:06:40;20861;73;29.0;26.5;2.719;1.664;0.916;2.016;0.038;0.816;20862
B3155D;2015/03/09 01:06:50;20862;79;27.7;26.5;2.612;1.664;0.916;1.961;0.038;0.816;20863
B3155D;2015/03/09 01:07:00;20863;72;30.0;26.0;2.790;1.664;0.954;1.961;0.038;0.848;20864
B3155D;2015/03/09 01:07:10;20864;81;30.6;26.2;2.600;1.699;0.954;1.961;0.080;0.809;20865
B3155D;2015/03/09 01:07:20;20865;78;29.0;26.5;2.654;1.699;0.922;1.961;0.080;0.832;20866
B3155D;2015/03/09 01:07:30;20866;69;30.0;26.5;2.751;1.683;0.922;1.983;0.080;0.799;20867
B3155D;2015/03/09 01:07:40;20867;77;26.7;26.5;2.632;1.683;0.951;1.983;0.080;0.806;20868
B3155D;2015/03/09 01:07:50;20868;81;32.5;26.5;2.645;1.670;0.951;1.983;0.016;0.790;20869
B3155D;2015/03/09 01:08:00;20869;77;31.2;26.3;2.774;1.670;0.922;1.983;0.016;0.809;20870
B3155D;2015/03/09 01:08:10;20870;84;28.7;26.7;2.767;1.693;0.922;1.938;0.016;0.803;20871
B3155D;2015/03/09 01:08:20;20871;76;26.4;26.2;2.612;1.693;0.951;1.938;0.016;0.816;20872
B3155D;2015/03/09 01:08:30;20872;76;30.6;26.2;2.706;1.687;0.951;1.938;0.025;0.796;20873
B3155D;2015/03/09 01:08:40;20873;84;32.2;26.5;2.790;1.687;0.935;1.938;0.025;0.799;20874
B3155D;2015/03/09 01:08:50;20874;79;33.2;25.8;2.680;1.667;0.935;1.961;0.025;0.819;20875
B3155D;2015/03/09 01:09:00;20875;78;28.3;26.2;2.600;1.667;0.945;1.961;0.025;0.806;20876
B3155D;2015/03/09 01:09:10;20876;87;30.9;26.5;2.677;1.664;0.945;1.961;0.025;0.790;20877
B3155D;2015/03/09 01:09:20;20877;78;30.3;26.3;2.645;1.664;0.945;1.961;0.025;0.799;20878
B3155D;2015/03/09 01:09:30;20878;78;27.7;26.9;2.600;1.664;0.945;1.929;0.025;0.793;20879
B3155D;2015/03/09 01:09:40;20879;79;32.2;27.0;2.651;1.664;0.929;1.929;0.025;0.812;20880
B3155D;2015/03/09 01:09:50;20880;87;30.9;26.9;2.777;1.699;0.929;1.929;0.022;0.806;20881
B3155D;2015/03/09 01:10:00;20881;78;31.6;26.9;2.793;1.699;0.912;1.929;0.022;0.835;20882
B3155D;2015/03/09 01:10:10;20882;87;30.0;26.9;2.667;1.703;0.912;1.967;0.022;0.809;20883
B3155D;2015/03/09 01:10:20;20883;78;30.3;26.9;2.790;1.703;0.922;1.967;0.022;0.845;20884
B3155D;2015/03/09 01:10:30;20884;77;29.0;27.2;2.764;1.690;0.922;1.967;0.132;0.825;20885
B3155D;2015/03/09 01:10:40;20885;77;30.9;27.0;2.625;1.690;0.909;1.967;0.132;0.832;20886
B3155D;2015/03/09 01:10:50;20886;73;28.3;26.9;2.619;1.703;0.909;1.993;0.132;0.816;20887
B3155D;2015/03/09 01:11:00;20887;79;29.0;26.7;2.600;1.703;0.906;1.993;0.132;0.809;20888
B3155D;2015/03/09 01:11:10;20888;83;29.6;26.9;2.583;1.664;0.906;1.993;0.025;0.825;20889
B3155D;2015/03/09 01:11:20;20889;74;29.0;26.9;2.593;1.664;0.958;1.993;0.025;0.819;20890
B3155D;2015/03/09 01:11:30;20890;86;27.4;26.5;2.587;1.690;0.958;1.974;0.025;0.851;20891
B3155D;2015/03/09 01:11:40;20891;79;31.2;26.5;2.748;1.690;0.909;1.974;0.025;0.816;20892
B3155D;2015/03/09 01:11:50;20892;81;30.3;26.0;2.603;1.664;0.909;1.974;0.038;0.845;20893
B3155D;2015/03/09 01:12:00;20893;77;30.9;26.2;2.632;1.664;0.929;1.974;0.038;0.819;20894
B3155D;2015/03/09 01:12:10;20894;73;29.6;26.3;2.687;1.696;0.929;1.996;0.038;0.809;20895
B3155D;2015/03/09 01:12:20;20895;79;29.0;26.2;2.690;1.696;0.938;1.996;0.038;0.803;20896
B3155D;2015/03/09 01:12:30;20896;80;26.4;26.9;2.751;1.664;0.938;1.996;0.016;0.816;20897
B3155D;2015/03/09 01:12:40;20897;78;30.3;26.5;2.780;1.664;0.951;1.996;0.016;0.787;20898
B3155D;2015/03/09 01:12:50;20898;78;28.3;26.3;2.767;1.699;0.951;1.954;0.016;0.790;20899
B3155D;2015/03/09 01:13:00;20899;79;30.6;25.7;2.748;1.699;0.922;1.954;0.016;0.812;20900
B3155D;2015/03/09 01:13:10;20900;82;28.0;26.3;2.587;1.677;0.922;1.954;0.022;0.819;20901
B3155D;2015/03/09 01:13:20;20901;76;26.7;26.3;2.651;1.677;0.951;1.954;0.022;0.793;20902
B3155D;2015/03/09 01:13:30;20902;82;27.4;26.5;2.770;1.693;0.951;1.929;0.022;0.812;20903
B3155D;2015/03/09 01:13:40;20903;77;30.3;26.0;2.587;1.693;0.916;1.929;0.022;0.809;20904
B3155D;2015/03/09 01:13:50;20904;80;28.3;26.0;2.641;1.667;0.916;1.929;0.029;0.796;20905
B3155D;2015/03/09 01:14:00;20905;80;31.2;27.0;2.706;1.667;0.916;1.929;0.029;0.793;20906
B3155D;2015/03/09 01:14:10;20906;81;28.3;26.9;2.777;1.696;0.916;1.941;0.029;0.796;20907
B3155D;2015/03/09 01:14:20;20907;75;30.9;27.4;2.787;1.696;0.958;1.941;0.029;0.809;20908
B3155D;2015/03/09 01:14:30;20908;79;29.0;26.9;2.770;1.693;0.958;1.941;0.025;0.777;20909
B3155D;2015/03/09 01:14:40;20909;79;27.4;26.7;2.661;1.693;0.906;1.941;0.025;0.799;20910
B3155D;2015/03/09 01:14:50;20910;78;31.2;27.0;2.619;1.706;0.906;1.961;0.025;0.812;20911
B3155D;2015/03/09 01:15:00;20911;78;30.6;26.7;2.748;1.706;0.958;1.961;0.025;0.812;20912
B3155D;2015/03/09 01:15:10;20912;83;33.2;27.0;2.612;1.693;0.958;1.961;0.035;0.787;20913
B3155D;2015/03/09 01:15:20;20913;82;31.2;26.7;2.748;1.693;0.906;1.961;0.035;0.812;20914
B3155D;2015/03/09 01:15:30;20914;81;28.7;27.0;2.703;1.680;0.906;1.945;0.035;0.819;20915
B3155D;2015/03/09 01:15:40;20915;80;27.7;26.9;2.612;1.680;0.919;1.945;0.035;0.793;20916
B3155D;2015/03/09 01:15:50;20916;79;31.9;26.9;2.783;1.699;0.919;1.945;0.035;0.812;20917
B3155D;2015/03/09 01:16:00;20917;84;30.0;26.7;2.619;1.699;0.929;1.945;0.035;0.796;20918
B3155D;2015/03/09 01:16:10;20918;84;33.8;26.5;2.703;1.699;0.929;1.954;0.035;0.832;20919
B3155D;2015/03/09 01:16:20;20919;73;29.6;26.7;2.667;1.699;0.906;1.954;0.035;0.793;20920
B3155D;2015/03/09 01:16:30;20920;80;31.2;26.5;2.641;1.699;0.906;1.954;0.029;0.832;20921
B3155D;2015/03/09 01:16:40;20921;71;31.2;26.3;2.787;1.699;0.932;1.954;0.029;0.799;20922
B3155D;2015/03/09 01:16:50;20922;79;31.6;26.9;2.774;1.664;0.932;1.970;0.029;0.825;20923
B3155D;2015/03/09 01:17:00;20923;81;32.5;26.5;2.667;1.664;0.951;1.970;0.029;0.796;20924
B3155D;2015/03/09 01:17:10;20924;80;29.6;26.3;2.612;1.699;0.951;1.970;0.016;0.777;20925
B3155D;2015/03/09 01:17:20;20925;76;30.9;27.2;2.790;1.699;0.951;1.970;0.016;0.777;20926
B3155D;2015/03/09 01:17:30;20926;81;31.9;26.0;2.738;1.699;0.951;1.919;0.016;0.806;20927
B3155D;2015/03/09 01:17:40;20927;83;31.2;26.7;2.790;1.699;0.951;1.919;0.016;0.796;20928
B3155D;2015/03/09 01:17:50;20928;80;31.2;26.5;2.680;1.683;0.951;1.919;0.016;0.764;20929
B3155D;2015/03/09 01:18:00;20929;78;28.0;27.4;2.793;1.683;0.906;1.919;0.016;0.796;20930
B3155D;2015/03/09 01:18:10;20930;84;29.6;26.7;2.580;1.664;0.906;1.954;0.016;0.764;20931
B3155D;2015/03/09 01:18:20;20931;80;30.3;27.0;2.732;1.664;0.951;1.954;0.016;0.780;20932
B3155D;2015/03/09 01:18:30;20932;78;27.0;27.0;2.716;1.674;0.951;1.954;0.051;0.770;20933
B3155D;2015/03/09 01:18:40;20933;70;27.0;26.9;2.732;1.674;0.929;1.954;0.051;0.761;20934
B3155D;2015/03/09 01:18:50;20934;77;31.2;26.3;2.629;1.699;0.929;1.941;0.051;0.770;20935
B3155D;2015/03/09 01:19:00;20935;67;29.0;26.5;2.661;1.699;0.906;1.941;0.051;0.761;20936
B3155D;2015/03/09 01:19:10;20936;86;33.8;26.9;2.580;1.687;0.906;1.941;0.025;0.777;20937
B3155D;2015/03/09 01:19:20;20937;80;30.0;27.4;2.783;1.687;0.912;1.941;0.025;0.812;20938
B3155D;2015/03/09 01:19:30;20938;73;30.9;27.0;2.638;1.699;0.912;1.983;0.025;0.783;20939
B3155D;2015/03/09 01:19:40;20939;77;30.9;26.2;2.593;1.699;0.922;1.983;0.025;0.799;20940
B3155D;2015/03/09 01:19:50;20940;80;28.7;26.9;2.593;1.696;0.922;1.983;0.048;0.819;20941
B3155D;2015/03/09 01:20:00;20941;77;27.0;26.7;2.612;1.696;0.961;1.983;0.048;0.793;20942
B3155D;2015/03/09 01:20:11;20942;78;32.5;27.4;2.767;1.690;0.961;1.993;0.048;0.783;20943
B3155D;2015/03/09 01:20:20;20943;73;31.9;26.3;2.774;1.690;0.919;1.993;0.048;0.806;20944
B3155D;2015/03/09 01:20:30;20944;79;28.7;27.4;2.745;1.667;0.919;1.993;0.029;0.825;20945
B3155D;2015/03/09 01:20:40;20945;78;28.0;27.2;2.703;1.667;0.961;1.993;0.029;0.825;20946
B3155D;2015/03/09 01:20:50;20946;80;30.6;26.7;2.600;1.670;0.961;2.006;0.029;0.832;20947
B3155D;2015/03/09 01:21:00;20947;75;32.2;27.4;2.725;1.670;0.958;2.006;0.029;0.819;20948
B3155D;2015/03/09 01:21:10;20948;84;30.3;26.7;2.612;1.687;0.958;2.006;0.035;0.812;20949
B3155D;2015/03/09 01:21:20;20949;67;26.4;26.7;2.667;1.687;0.951;2.006;0.035;0.812;20950
B3155D;2015/03/09 01:21:30;20950;85;28.3;27.2;2.600;1.667;0.951;1.983;0.035;0.790;20951
B3155D;2015/03/09 01:21:40;20951;75;32.5;26.9;2.793;1.667;0.912;1.983;0.035;0.829;20952
B3155D;2015/03/09 01:21:50;20952;74;29.3;26.7;2.754;1.664;0.912;1.983;0.058;0.806;20953
B3155D;2015/03/09 01:22:00;20953;83;30.9;26.5;2.587;1.664;0.954;1.983;0.058;0.803;20954
B3155D;2015/03/09 01:22:10;20954;76;29.6;26.3;2.600;1.677;0.954;1.935;0.058;0.787;20955
B3155D;2015/03/09 01:22:20;20955;78;32.5;27.0;2.641;1.677;0.909;1.935;0.058;0.796;20956
B3155D;2015/03/09 01:22:30;20956;80;31.2;27.0;2.651;1.696;0.909;1.935;0.125;0.780;20957
B3155D;2015/03/09 01:22:40;20957;70;27.0;26.5;2.693;1.696;0.916;1.935;0.125;0.777;20958
B3155D;2015/03/09 01:22:50;20958;72;30.0;26.9;2.674;1.687;0.916;1.938;0.125;0.783;20959
B3155D;2015/03/09 01:23:00;20959;73;30.9;27.0;2.706;1.687;0.906;1.938;0.125;0.774;20960
B3155D;2015/03/09 01:23:10;20960;77;31.9;26.9;2.712;1.667;0.906;1.938;0.022;0.774;20961
B3155D;2015/03/09 01:23:20;20961;81;27.7;26.7;2.777;1.667;0.938;1.938;0.022;0.796;20962
B3155D;2015/03/09 01:23:30;20962;81;28.0;26.5;2.593;1.667;0.938;1.961;0.022;0.770;20963
B3155D;2015/03/09 01:23:40;20963;68;27.7;26.9;2.738;1.667;0.958;1.961;0.022;0.777;20964
B3155D;2015/03/09 01:23:50;20964;77;30.3;26.5;2.638;1.667;0.958;1.961;0.016;0.819;20965
B3155D;2015/03/09 01:24:00;20965;81;29.0;27.4;2.770;1.667;0.954;1.961;0.016;0.806;20966
B3155D;2015/03/09 01:24:10;20966;83;28.0;27.4;2.580;1.680;0.954;1.974;0.016;0.832;20967
B3155D;2015/03/09 01:24:20;20967;69;30.6;26.9;2.790;1.680;0.909;1.974;0.016;0.803;20968
B3155D;2015/03/09 01:24:30;20968;69;31.6;26.3;2.764;1.703;0.909;1.974;0.029;0.825;20969
B3155D;2015/03/09 01:24:40;20969;71;31.2;27.0;2.693;1.703;0.958;1.974;0.029;0.838;20970
B3155D;2015/03/09 01:24:50;20970;75;30.3;26.3;2.603;1.699;0.958;2.003;0.029;0.822;20971
B3155D;2015/03/09 01:25:00;20971;72;29.3;26.7;2.593;1.699;0.919;2.003;0.029;0.832;20972
B3155D;2015/03/09 01:25:10;20972;78;28.7;26.9;2.764;1.696;0.919;2.003;0.038;0.806;20973
B3155D;2015/03/09 01:25:20;20973;66;29.3;26.7;2.664;1.696;0.906;2.003;0.038;0.806;20974
B3155D;2015/03/09 01:25:30;20974;85;28.7;26.3;2.761;1.696;0.906;1.970;0.038;0.803;20975
B3155D;2015/03/09 01:25:40;20975;78;30.9;26.5;2.603;1.696;0.929;1.970;0.038;0.803;20976
B3155D;2015/03/09 01:25:50;20976;80;27.0;27.4;2.764;1.703;0.929;1.970;0.035;0.812;20977
B3155D;2015/03/09 01:26:00;20977;81;28.7;26.9;2.732;1.703;0.909;1.970;0.035;0.829;20978
B3155D;2015/03/09 01:26:10;20978;78;28.7;26.9;2.783;1.690;0.909;2.000;0.035;0.822;20979
B3155D;2015/03/09 01:26:20;20979;83;30.9;26.9;2.751;1.690;0.945;2.000;0.035;0.803;20980
B3155D;2015/03/09 01:26:30;20980;68;31.9;27.0;2.593;1.680;0.945;2.000;0.074;0.838;20981
B3155D;2015/03/09 01:26:40;20981;74;30.6;26.5;2.790;1.680;0.909;2.000;0.074;0.848;20982
B3155D;2015/03/09 01:26:50;20982;78;28.3;27.2;2.603;1.699;0.909;1.996;0.074;0.816;20983
B3155D;2015/03/09 01:27:00;20983;73;32.2;26.9;2.748;1.699;0.954;1.996;0.074;0.819;20984
B3155D;2015/03/09 01:27:10;20984;77;30.0;26.7;2.593;1.680;0.954;1.996;0.029;0.822;20985
B3155D;2015/03/09 01:27:20;20985;78;28.3;26.7;2.593;1.680;0.948;1.996;0.029;0.799;20986
B3155D;2015/03/09 01:27:30;20986;78;27.7;26.9;2.787;1.667;0.948;1.964;0.029;0.832;20987
B3155D;2015/03/09 01:27:40;20987;82;29.0;26.7;2.664;1.667;0.906;1.964;0.029;0.835;20988
B3155D;2015/03/09 01:27:50;20988;80;27.7;26.5;2.606;1.674;0.906;1.964;0.045;0.819;20989
B3155D;2015/03/09 01:28:00;20989;68;30.3;26.9;2.735;1.674;0.951;1.964;0.045;0.793;20990
B3155D;2015/03/09 01:28:10;20990;68;28.3;26.9;2.625;1.706;0.951;1.935;0.045;0.819;20991
B3155D;2015/03/09 01:28:20;20991;83;28.3;26.3;2.593;1.706;0.916;1.935;0.045;0.777;20992
B3155D;2015/03/09 01:28:30;20992;70;28.0;26.5;2.593;1.667;0.916;1.935;0.022;0.803;20993
B3155D;2015/03/09 01:28:40;20993;78;27.0;26.7;2.600;1.667;0.909;1.935;0.022;0.793;20994
B3155D;2015/03/09 01:28:50;20994;83;28.3;27.9;2.645;1.667;0.909;1.919;0.022;0.803;20995
B3155D;2015/03/09 01:29:00;20995;72;31.9;26.9;2.790;1.667;0.958;1.919;0.022;0.809;20996
B3155D;2015/03/09 01:29:10;20996;76;27.4;26.9;2.603;1.693;0.958;1.919;0.022;0.812;20997
B3155D;2015/03/09 01:29:20;20997;76;26.7;26.9;2.609;1.693;0.929;1.919;0.022;0.803;20998
B3155D;2015/03/09 01:29:30;20998;78;30.6;27.4;2.600;1.703;0.929;1.922;0.022;0.787;20999
B3155D;2015/03/09 01:29:40;20999;74;29.6;26.3;2.748;1.703;0.961;1.922;0.022;0.796;21000
B3155D;2015/03/09 01:29:50;21000;80;30.0;27.2;2.738;1.706;0.961;1.922;0.022;0.790;21001
B3155D;2015/03/09 01:30:00;21001;78;28.3;27.4;2.651;1.706;0.922;1.922;0.022;0.780;21002
B3155D;2015/03/09 01:30:10;21002;81;29.6;27.0;2.612;1.706;0.922;1.938;0.022;0.829;21003
B3155D;2015/03/09 01:30:20;21003;76;27.7;27.2;2.635;1.706;0.948;1.938;0.022;0.799;21004
B3155D;2015/03/09 01:30:30;21004;78;28.0;26.9;2.629;1.670;0.948;1.938;0.016;0.809;21005
B3155D;2015/03/09 01:30:40;21005;68;29.0;27.4;2.632;1.670;0.935;1.938;0.016;0.806;21006
B3155D;2015/03/09 01:30:50;21006;75;27.4;27.4;2.783;1.677;0.935;1.951;0.016;0.812;21007
B3155D;2015/03/09 01:31:00;21007;73;29.0;27.2;2.790;1.677;0.916;1.951;0.016;0.799;21008
B3155D;2015/03/09 01:31:10;21008;79;31.6;26.7;2.612;1.680;0.916;1.951;0.025;0.812;21009
B3155D;2015/03/09 01:31:20;21009;79;29.6;26.3;2.616;1.680;0.912;1.951;0.025;0.796;21010
B3155D;2015/03/09 01:31:30;21010;87;30.0;26.9;2.667;1.674;0.912;1.945;0.025;0.812;21011
B3155D;2015/03/09 01:31:40;21011;81;31.9;26.7;2.790;1.674;0.916;1.945;0.025;0.816;21012
B3155D;2015/03/09 01:31:50;21012;79;27.7;27.0;2.709;1.667;0.916;1.945;0.041;0.812;21013
B3155D;2015/03/09 01:32:00;21013;75;28.3;26.7;2.606;1.667;0.961;1.945;0.041;0.809;21014
B3155D;2015/03/09 01:32:10;21014;83;31.2;26.3;2.612;1.687;0.961;1.954;0.041;0.796;21015
B3155D;2015/03/09 01:32:20;21015;74;27.7;27.2;2.774;1.687;0.912;1.954;0.041;0.806;21016
B3155D;2015/03/09 01:32:30;21016;76;33.5;26.7;2.593;1.667;0.912;1.954;0.035;0.783;21017
B3155D;2015/03/09 01:32:40;21017;78;32.2;26.9;2.593;1.667;0.948;1.954;0.035;0.816;21018
B3155D;2015/03/09 01:32:50;21018;80;28.3;27.2;2.606;1.693;0.948;1.925;0.035;0.806;21019
B3155D;2015/03/09 01:33:00;21019;76;31.9;27.0;2.658;1.693;0.916;1.925;0.035;0.822;21020
B3155D;2015/03/09 01:33:10;21020;87;31.6;27.0;2.587;1.696;0.916;1.925;0.025;0.806;21021
B3155D;2015/03/09 01:33:20;21021;78;26.4;27.0;2.741;1.696;0.961;1.925;0.025;0.806;21022
B3155D;2015/03/09 01:33:30;21022;80;28.7;27.2;2.783;1.696;0.961;1.922;0.025;0.806;21023
B3155D;2015/03/09 01:33:40;21023;80;29.0;26.7;2.790;1.696;0.935;1.922;0.025;0.790;21024
B3155D;2015/03/09 01:33:50;21024;78;33.8;26.9;2.580;1.690;0.935;1.922;0.087;0.816;21025
B3155D;2015/03/09 01:34:00;21025;78;32.5;27.2;2.764;1.690;0.935;1.922;0.087;0.806;21026
B3155D;2015/03/09 01:34:10;21026;75;32.9;27.2;2.751;1.703;0.935;1.912;0.087;0.790;21027
B3155D;2015/03/09 01:34:20;21027;78;31.9;26.5;2.793;1.703;0.941;1.912;0.087;0.799;21028
B3155D;2015/03/09 01:34:30;21028;80;28.3;27.2;2.751;1.670;0.941;1.912;0.025;0.790;21029
B3155D;2015/03/09 01:34:40;21029;72;31.6;27.0;2.632;1.670;0.964;1.912;0.025;0.790;21030
B3155D;2015/03/09 01:34:50;21030;79;31.9;27.4;2.641;1.670;0.964;1.922;0.025;0.799;21031
B3155D;2015/03/09 01:35:00;21031;73;27.0;26.9;2.680;1.670;0.929;1.922;0.025;0.829;21032
B3155D;2015/03/09 01:35:10;21032;84;30.6;27.4;2.732;1.693;0.929;1.922;0.035;0.832;21033
B3155D;2015/03/09 01:35:20;21033;74;31.6;27.0;2.754;1.693;0.912;1.922;0.035;0.803;21034
B3155D;2015/03/09 01:35:30;21034;77;29.6;27.6;2.783;1.687;0.912;1.980;0.035;0.825;21035
B3155D;2015/03/09 01:35:40;21035;77;29.0;26.9;2.587;1.687;0.958;1.980;0.035;0.819;21036
B3155D;2015/03/09 01:35:50;21036;78;29.0;27.4;2.767;1.693;0.958;1.980;0.045;0.861;21037
B3155D;2015/03/09 01:36:00;21037;67;31.2;27.2;2.745;1.693;0.932;1.980;0.045;0.816;21038
B3155D;2015/03/09 01:36:10;21038;76;27.7;27.2;2.777;1.674;0.932;1.948;0.045;0.832;21039
B3155D;2015/03/09 01:36:20;21039;81;29.0;26.7;2.619;1.674;0.912;1.948;0.045;0.825;21040
B3155D;2015/03/09 01:36:30;21040;80;31.2;26.3;2.612;1.699;0.912;1.948;0.132;0.845;21041
B3155D;2015/03/09 01:36:40;21041;74;28.3;26.7;2.687;1.699;0.909;1.948;0.132;0.799;21042
B3155D;2015/03/09 01:36:50;21042;83;27.4;27.2;2.600;1.667;0.909;1.970;0.132;0.819;21043
B3155D;2015/03/09 01:37:00;21043;77;29.6;27.0;2.632;1.667;0.909;1.970;0.132;0.790;21044
B3155D;2015/03/09 01:37:10;21044;78;28.3;27.0;2.706;1.703;0.909;1.970;0.058;0.790;21045
B3155D;2015/03/09 01:37:20;21045;73;31.2;26.7;2.764;1.703;0.961;1.970;0.058;0.799;21046
B3155D;2015/03/09 01:37:30;21046;75;27.4;27.2;2.751;1.706;0.961;1.945;0.058;0.787;21047
B3155D;2015/03/09 01:37:40;21047;76;31.9;26.5;2.780;1.706;0.932;1.945;0.058;0.787;21048
B3155D;2015/03/09 01:37:50;21048;75;31.2;27.2;2.774;1.693;0.932;1.945;0.029;0.790;21049
B3155D;2015/03/09 01:38:00;21049;77;30.6;27.2;2.790;1.693;0.916;1.945;0.029;0.777;21050
B3155D;2015/03/09 01:38:10;21050;76;29.3;27.4;2.758;1.690;0.916;1.925;0.029;0.787;21051
B3155D;2015/03/09 01:38:20;21051;72;27.7;27.0;2.761;1.690;0.964;1.925;0.029;0.777;21052
B3155D;2015/03/09 01:38:30;21052;88;27.4;26.9;2.777;1.677;0.964;1.925;0.022;0.812;21053
B3155D;2015/03/09 01:38:40;21053;65;31.2;27.0;2.748;1.677;0.954;1.925;0.022;0.770;21054
B3155D;2015/03/09 01:38:50;21054;77;31.2;27.6;2.722;1.690;0.954;1.919;0.022;0.812;21055
B3155D;2015/03/09 01:39:00;21055;81;30.0;27.2;2.787;1.690;0.958;1.919;0.022;0.793;21056
B3155D;2015/03/09 01:39:10;21056;78;30.9;27.0;2.690;1.683;0.958;1.919;0.058;0.783;21057
B3155D;2015/03/09 01:39:20;21057;79;28.3;27.0;2.790;1.683;0.951;1.919;0.058;0.803;21058
B3155D;2015/03/09 01:39:30;21058;83;28.3;27.2;2.787;1.683;0.951;1.970;0.058;0.799;21059
B3155D;2015/03/09 01:39:40;21059;72;26.4;26.9;2.703;1.683;0.919;1.970;0.058;0.787;21060
B3155D;2015/03/09 01:39:50;21060;85;28.0;26.7;2.777;1.706;0.919;1.970;0.035;0.806;21061
B3155D;2015/03/09 01:40:00;21061;77;28.3;27.0;2.709;1.706;0.912;1.970;0.035;0.787;21062
B3155D;2015/03/09 01:40:10;21062;85;30.6;26.7;2.606;1.709;0.912;1.954;0.035;0.819;21063
B3155D;2015/03/09 01:40:20;21063;80;32.5;27.4;2.709;1.709;0.964;1.954;0.035;0.812;21064
B3155D;2015/03/09 01:40:30;21064;77;33.2;26.9;2.612;1.696;0.964;1.954;0.041;0.796;21065
B3155D;2015/03/09 01:40:40;21065;77;28.0;27.4;2.764;1.696;0.929;1.954;0.041;0.829;21066
B3155D;2015/03/09 01:40:50;21066;68;33.2;27.4;2.722;1.699;0.929;1.980;0.041;0.832;21067
B3155D;2015/03/09 01:41:00;21067;73;30.6;27.0;2.790;1.699;0.964;1.980;0.041;0.809;21068
B3155D;2015/03/09 01:41:10;21068;80;26.4;27.4;2.664;1.690;0.964;1.980;0.029;0.783;21069
B3155D;2015/03/09 01:41:20;21069;84;29.6;26.7;2.587;1.690;0.916;1.980;0.029;0.793;21070
B3155D;2015/03/09 01:41:30;21070;72;27.4;27.2;2.783;1.674;0.916;1.929;0.029;0.780;21071
B3155D;2015/03/09 01:41:40;21071;73;28.3;27.2;2.770;1.674;0.961;1.929;0.029;0.799;21072
B3155D;2015/03/09 01:41:50;21072;73;29.6;26.9;2.777;1.670;0.961;1.929;0.051;0.774;21073
B3155D;2015/03/09 01:42:00;21073;72;30.0;26.5;2.593;1.670;0.916;1.929;0.051;0.770;21074
B3155D;2015/03/09 01:42:10;21074;75;30.0;27.0;2.580;1.699;0.916;1.919;0.051;0.787;21075
B3155D;2015/03/09 01:42:20;21075;73;32.5;26.9;2.712;1.699;0.964;1.919;0.051;0.796;21076
B3155D;2015/03/09 01:42:30;21076;72;29.0;27.0;2.661;1.706;0.964;1.919;0.038;0.799;21077
B3155D;2015/03/09 01:42:40;21077;77;27.7;27.2;2.725;1.706;0.916;1.919;0.038;0.809;21078
B3155D;2015/03/09 01:42:50;21078;70;31.2;27.6;2.719;1.680;0.916;1.974;0.038;0.819;21079
B3155D;2015/03/09 01:43:00;21079;78;30.3;27.2;2.783;1.680;0.916;1.974;0.038;0.803;21080
B3155D;2015/03/09 01:43:10;21080;83;29.3;27.6;2.738;1.683;0.916;1.974;0.038;0.819;21081
B3155D;2015/03/09 01:43:20;21081;81;26.7;27.6;2.693;1.683;0.954;1.974;0.038;0.829;21082
B3155D;2015/03/09 01:43:30;21082;78;31.6;27.4;2.632;1.674;0.954;1.974;0.038;0.832;21083
B3155D;2015/03/09 01:43:40;21083;80;29.3;26.9;2.748;1.674;0.961;1.974;0.038;0.829;21084
B3155D;2015/03/09 01:43:50;21084;82;30.0;27.2;2.745;1.693;0.961;1.974;0.041;0.825;21085
B3155D;2015/03/09 01:44:00;21085;72;28.7;27.2;2.667;1.693;0.948;1.974;0.041;0.799;21086
B3155D;2015/03/09 01:44:10;21086;77;30.6;26.5;2.593;1.677;0.948;1.970;0.041;0.845;21087
B3155D;2015/03/09 01:44:20;21087;65;30.6;26.9;2.774;1.677;0.919;1.970;0.041;0.854;21088
B3155D;2015/03/09 01:44:30;21088;72;29.6;26.9;2.777;1.687;0.919;1.970;0.106;0.845;21089
B3155D;2015/03/09 01:44:40;21089;83;27.0;27.0;2.787;1.687;0.938;1.970;0.106;0.816;21090
B3155D;2015/03/09 01:44:50;21090;83;29.3;27.2;2.777;1.690;0.938;2.006;0.106;0.858;21091
B3155D;2015/03/09 01:45:00;21091;73;32.2;27.4;2.680;1.690;0.925;2.006;0.106;0.867;21092
B3155D;2015/03/09 01:45:10;21092;78;31.2;27.4;2.632;1.699;0.925;2.006;0.035;0.845;21093
B3155D;2015/03/09 01:45:20;21093;79;28.7;27.4;2.625;1.699;0.958;2.006;0.035;0.864;21094
B3155D;2015/03/09 01:45:30;21094;79;32.2;27.2;2.619;1.690;0.958;2.009;0.035;0.870;21095
B3155D;2015/03/09 01:45:40;21095;82;29.6;26.3;2.787;1.690;0.948;2.009;0.035;0.874;21096
B3155D;2015/03/09 01:45:50;21096;83;27.7;27.4;2.790;1.699;0.948;2.009;0.038;0.848;21097
B3155D;2015/03/09 01:46:00;21097;80;29.3;27.2;2.725;1.699;0.958;2.009;0.038;0.874;21098
B3155D;2015/03/09 01:46:10;21098;83;28.3;27.0;2.787;1.687;0.958;2.003;0.038;0.851;21099
B3155D;2015/03/09 01:46:20;21099;78;29.0;26.7;2.667;1.687;0.919;2.003;0.038;0.867;21100
B3155D;2015/03/09 01:46:30;21100;71;29.3;26.9;2.783;1.674;0.919;2.003;0.058;0.877;21101
B3155D;2015/03/09 01:46:40;21101;76;32.5;27.2;2.790;1.674;0.916;2.003;0.058;0.835;21102
B3155D;2015/03/09 01:46:50;21102;72;30.3;26.7;2.603;1.703;0.916;2.016;0.058;0.851;21103
B3155D;2015/03/09 01:47:00;21103;73;30.0;27.0;2.787;1.703;0.964;2.016;0.058;0.841;21104
B3155D;2015/03/09 01:47:10;21104;80;27.7;26.9;2.783;1.680;0.964;2.016;0.058;0.874;21105
B3155D;2015/03/09 01:47:20;21105;77;29.6;26.5;2.648;1.680;0.929;2.016;0.058;0.848;21106
B3155D;2015/03/09 01:47:30;21106;77;27.4;27.2;2.674;1.699;0.929;1.987;0.058;0.893;21107
B3155D;2015/03/09 01:47:40;21107;75;32.2;27.2;2.735;1.699;0.929;1.987;0.058;0.845;21108
B3155D;2015/03/09 01:47:50;21108;77;29.3;26.9;2.583;1.683;0.929;1.987;0.038;0.870;21109
B3155D;2015/03/09 01:48:00;21109;70;30.0;26.9;2.600;1.683;0.945;1.987;0.038;0.851;21110
B3155D;2015/03/09 01:48:10;21110;78;32.9;26.9;2.748;1.690;0.945;1.993;0.038;0.883;21111
B3155D;2015/03/09 01:48:20;21111;78;34.5;26.9;2.703;1.690;0.916;1.993;0.038;0.848;21112
B3155D;2015/03/09 01:48:30;21112;82;29.3;26.9;2.596;1.699;0.916;1.993;0.038;0.877;21113
B3155D;2015/03/09 01:48:40;21113;81;28.3;26.7;2.651;1.699;0.951;1.993;0.038;0.851;21114
B3155D;2015/03/09 01:48:50;21114;88;29.6;27.2;2.625;1.680;0.951;1.993;0.038;0.845;21115
B3155D;2015/03/09 01:49:00;21115;84;27.7;26.7;2.603;1.680;0.967;1.993;0.038;0.858;21116
B3155D;2015/03/09 01:49:10;21116;72;29.3;26.9;2.745;1.706;0.967;1.993;0.032;0.877;21117
B3155D;2015/03/09 01:49:20;21117;79;33.2;27.0;2.641;1.706;0.922;1.993;0.032;0.877;21118
B3155D;2015/03/09 01:49:30;21118;79;31.6;26.7;2.674;1.687;0.922;2.012;0.032;0.867;21119
B3155D;2015/03/09 01:49:40;21119;67;33.2;26.5;2.609;1.687;0.912;2.012;0.032;0.864;21120
B3155D;2015/03/09 01:49:50;21120;79;30.0;26.9;2.612;1.703;0.912;2.012;0.038;0.870;21121
B3155D;2015/03/09 01:50:00;21121;75;30.6;26.0;2.783;1.703;0.964;2.012;0.038;0.858;21122
B3155D;2015/03/09 01:50:10;21122;88;28.3;27.0;2.729;1.677;0.964;2.012;0.038;0.858;21123
B3155D;2015/03/09 01:50:20;21123;81;28.3;26.7;2.600;1.677;0.958;2.012;0.038;0.851;21124
B3155D;2015/03/09 01:50:30;21124;75;32.9;27.2;2.625;1.674;0.958;2.012;0.058;0.854;21125
B3155D;2015/03/09 01:50:40;21125;79;33.5;27.2;2.709;1.674;0.929;2.012;0.058;0.861;21126
B3155D;2015/03/09 01:50:50;21126;83;31.2;26.9;2.716;1.677;0.929;2.032;0.058;0.883;21127
B3155D;2015/03/09 01:51:00;21127;77;30.0;27.0;2.725;1.677;0.964;2.032;0.058;0.851;21128
B3155D;2015/03/09 01:51:10;21128;74;33.2;26.9;2.693;1.706;0.964;2.032;0.038;0.880;21129
B3155D;2015/03/09 01:51:20;21129;78;30.0;26.7;2.748;1.706;0.932;2.032;0.038;0.858;21130
B3155D;2015/03/09 01:51:30;21130;83;30.3;26.3;2.706;1.699;0.932;2.012;0.038;0.851;21131
B3155D;2015/03/09 01:51:40;21131;81;32.5;26.5;2.790;1.699;0.961;2.012;0.038;0.848;21132
B3155D;2015/03/09 01:51:50;21132;82;27.7;26.7;2.787;1.677;0.961;2.012;0.035;0.870;21133
B3155D;2015/03/09 01:52:00;21133;77;29.3;26.9;2.641;1.677;0.919;2.012;0.035;0.858;21134
B3155D;2015/03/09 01:52:10;21134;84;31.2;26.7;2.719;1.674;0.919;1.958;0.035;0.845;21135
B3155D;2015/03/09 01:52:20;21135;72;32.5;27.0;2.654;1.674;0.919;1.958;0.035;0.848;21136
B3155D;2015/03/09 01:52:30;21136;88;30.6;26.7;2.619;1.674;0.919;1.958;0.058;0.864;21137
B3155D;2015/03/09 01:52:40;21137;76;27.7;26.7;2.616;1.674;0.961;1.958;0.058;0.867;21138
B3155D;2015/03/09 01:52:50;21138;79;27.4;27.2;2.777;1.703;0.961;1.987;0.058;0.835;21139
B3155D;2015/03/09 01:53:00;21139;73;29.6;26.0;2.748;1.703;0.964;1.987;0.058;0.867;21140
B3155D;2015/03/09 01:53:10;21140;78;30.6;26.9;2.774;1.687;0.964;1.987;0.029;0.838;21141
B3155D;2015/03/09 01:53:20;21141;79;27.7;27.0;2.593;1.687;0.932;1.987;0.029;0.858;21142
B3155D;2015/03/09 01:53:30;21142;81;30.0;26.7;2.612;1.699;0.932;1.977;0.029;0.858;21143
B3155D;2015/03/09 01:53:40;21143;83;30.6;26.3;2.748;1.699;0.912;1.977;0.029;0.822;21144
B3155D;2015/03/09 01:53:50;21144;79;28.0;26.3;2.600;1.712;0.912;1.977;0.038;0.845;21145
B3155D;2015/03/09 01:54:00;21145;83;32.9;27.2;2.764;1.712;0.912;1.977;0.038;0.864;21146
B3155D;2015/03/09 01:54:10;21146;84;27.0;27.2;2.783;1.677;0.912;2.012;0.038;0.838;21147
B3155D;2015/03/09 01:54:20;21147;73;29.0;26.5;2.590;1.677;0.951;2.012;0.038;0.825;21148
B3155D;2015/03/09 01:54:30;21148;80;32.5;26.5;2.674;1.683;0.951;2.012;0.038;0.877;21149
B3155D;2015/03/09 01:54:40;21149;68;30.6;26.3;2.593;1.683;0.964;2.012;0.038;0.851;21150
B3155D;2015/03/09 01:54:50;21150;81;31.9;27.0;2.580;1.690;0.964;1.990;0.038;0.870;21151
B3155D;2015/03/09 01:55:00;21151;78;31.9;26.5;2.748;1.690;0.958;1.990;0.038;0.832;21152
B3155D;2015/03/09 01:55:10;21152;81;29.3;26.7;2.712;1.706;0.958;1.990;0.058;0.841;21153
B3155D;2015/03/09 01:55:20;21153;72;30.6;26.3;2.764;1.706;0.916;1.990;0.058;0.829;21154
B3155D;2015/03/09 01:55:30;21154;74;30.0;26.9;2.777;1.680;0.916;1.993;0.058;0.854;21155
B3155D;2015/03/09 01:55:40;21155;72;30.3;27.2;2.761;1.680;0.935;1.993;0.058;0.832;21156
B3155D;2015/03/09 01:55:50;21156;77;32.9;26.5;2.593;1.674;0.935;1.993;0.041;0.832;21157
B3155D;2015/03/09 01:56:00;21157;80;32.5;27.0;2.587;1.674;0.912;1.993;0.041;0.816;21158
B3155D;2015/03/09 01:56:10;21158;78;29.0;27.2;2.758;1.709;0.912;1.961;0.041;0.838;21159
B3155D;2015/03/09 01:56:20;21159;70;28.7;27.2;2.625;1.709;0.909;1.961;0.041;0.832;21160
B3155D;2015/03/09 01:56:30;21160;79;32.2;26.9;2.625;1.687;0.909;1.961;0.061;0.829;21161
B3155D;2015/03/09 01:56:40;21161;75;27.7;27.0;2.677;1.687;0.958;1.961;0.061;0.799;21162
B3155D;2015/03/09 01:56:50;21162;83;28.3;27.2;2.777;1.706;0.958;1.967;0.061;0.816;21163
B3155D;2015/03/09 01:57:00;21163;72;29.0;27.2;2.738;1.706;0.922;1.967;0.061;0.819;21164
B3155D;2015/03/09 01:57:10;21164;85;29.6;27.6;2.600;1.703;0.922;1.967;0.045;0.803;21165
B3155D;2015/03/09 01:57:20;21165;78;31.2;27.0;2.770;1.703;0.912;1.967;0.045;0.829;21166
B3155D;2015/03/09 01:57:30;21166;80;27.4;27.4;2.783;1.696;0.912;1.980;0.045;0.816;21167
B3155D;2015/03/09 01:57:40;21167;68;33.8;26.9;2.690;1.696;0.929;1.980;0.045;0.832;21168
B3155D;2015/03/09 01:57:50;21168;84;33.8;27.6;2.787;1.709;0.929;1.980;0.058;0.799;21169
B3155D;2015/03/09 01:58:00;21169;78;26.7;27.2;2.600;1.709;0.919;1.980;0.058;0.812;21170
B3155D;2015/03/09 01:58:10;21170;68;28.7;27.4;2.767;1.706;0.919;1.987;0.058;0.812;21171
B3155D;2015/03/09 01:58:20;21171;84;31.6;27.4;2.699;1.706;0.922;1.987;0.058;0.809;21172
B3155D;2015/03/09 01:58:30;21172;83;28.3;27.4;2.777;1.712;0.922;1.987;0.035;0.825;21173
B3155D;2015/03/09 01:58:40;21173;78;29.6;26.7;2.787;1.712;0.916;1.987;0.035;0.796;21174
B3155D;2015/03/09 01:58:50;21174;83;32.9;27.4;2.751;1.699;0.916;1.958;0.035;0.822;21175
B3155D;2015/03/09 01:59:00;21175;79;31.2;27.0;2.770;1.699;0.932;1.958;0.035;0.829;21176
B3155D;2015/03/09 01:59:10;21176;77;30.0;27.0;2.619;1.696;0.932;1.958;0.096;0.835;21177
B3155D;2015/03/09 01:59:20;21177;77;33.2;27.0;2.690;1.696;0.935;1.958;0.096;0.812;21178
B3155D;2015/03/09 01:59:30;21178;84;30.9;27.0;2.777;1.683;0.935;1.987;0.096;0.848;21179
B3155D;2015/03/09 01:59:40;21179;75;29.6;26.7;2.754;1.683;0.929;1.987;0.096;0.841;21180
B3155D;2015/03/09 01:59:50;21180;88;31.9;27.2;2.777;1.683;0.929;1.987;0.074;0.845;21181
