B31558;2015/03/01 00:00:08;10151;87;23.8;23.6;2.490;1.496;0.983;2.299;0.061;1.419;10152
B31558;2015/03/01 00:00:18;10152;81;31.6;23.4;2.651;1.529;0.983;2.299;0.000;1.393;10153
B31558;2015/03/01 00:00:28;10153;91;33.8;23.1;2.596;1.529;0.948;2.299;0.000;1.396;10154
B31558;2015/03/01 00:00:38;10154;76;32.9;23.7;2.483;1.535;0.948;2.377;0.000;1.403;10155
B31558;2015/03/01 00:00:48;10155;88;26.1;23.1;2.741;1.535;0.929;2.377;0.000;1.370;10156
B31558;2015/03/01 00:00:58;10156;80;22.5;23.4;2.458;1.496;0.929;2.377;0.009;1.358;10157
B31558;2015/03/01 00:01:08;10157;82;30.0;23.4;2.470;1.496;0.977;2.377;0.009;1.348;10158
B31558;2015/03/01 00:01:18;10158;83;26.4;23.4;2.493;1.506;0.977;2.329;0.009;1.403;10159
B31558;2015/03/01 00:01:28;10159;82;24.5;23.6;2.509;1.506;0.967;2.329;0.009;1.367;10160
B31558;2015/03/01 00:01:38;10160;74;30.6;23.7;2.658;1.509;0.967;2.329;0.009;1.358;10161
B31558;2015/03/01 00:01:48;10161;78;30.9;23.7;2.500;1.509;0.922;2.329;0.009;1.377;10162
B31558;2015/03/01 00:01:58;10162;83;29.0;23.4;2.538;1.496;0.922;2.325;0.009;1.409;10163
B31558;2015/03/01 00:02:08;10163;80;29.6;23.7;2.574;1.496;0.948;2.325;0.009;1.364;10164
B31558;2015/03/01 00:02:18;10164;86;23.8;23.4;2.477;1.545;0.948;2.325;0.009;1.364;10165
B31558;2015/03/01 00:02:28;10165;75;26.4;22.7;2.732;1.545;0.929;2.325;0.009;1.358;10166
B31558;2015/03/01 00:02:38;10166;81;25.4;23.4;2.490;1.500;0.929;2.332;0.009;1.370;10167
B31558;2015/03/01 00:02:48;10167;86;33.5;22.5;2.616;1.500;0.929;2.332;0.009;1.354;10168
B31558;2015/03/01 00:02:58;10168;79;26.4;23.7;2.464;1.522;0.929;2.332;0.151;1.361;10169
B31558;2015/03/01 00:03:08;10169;83;26.4;23.6;2.519;1.522;0.922;2.332;0.151;1.354;10170
B31558;2015/03/01 00:03:18;10170;83;26.1;23.7;2.629;1.525;0.922;2.325;0.151;1.338;10171
B31558;2015/03/01 00:03:28;10171;71;27.7;22.7;2.741;1.525;0.935;2.325;0.151;1.393;10172
B31558;2015/03/01 00:03:38;10172;86;28.3;23.7;2.648;1.503;0.935;2.325;0.000;1.367;10173
B31558;2015/03/01 00:03:48;10173;89;25.8;22.9;2.696;1.503;0.983;2.325;0.000;1.345;10174
B31558;2015/03/01 00:03:58;10174;83;29.6;23.7;2.632;1.519;0.983;2.325;0.000;1.380;10175
B31558;2015/03/01 00:04:08;10175;76;26.4;23.1;2.483;1.519;0.990;2.325;0.000;1.348;10176
B31558;2015/03/01 00:04:18;10176;91;30.9;23.7;2.741;1.506;0.990;2.325;0.016;1.358;10177
B31558;2015/03/01 00:04:28;10177;78;32.9;23.6;2.696;1.506;0.925;2.325;0.016;1.364;10178
B31558;2015/03/01 00:04:38;10178;78;26.7;23.6;2.496;1.541;0.925;2.319;0.016;1.393;10179
B31558;2015/03/01 00:04:48;10179;74;24.5;24.6;2.683;1.541;0.983;2.319;0.016;1.364;10180
B31558;2015/03/01 00:04:58;10180;89;23.8;23.2;2.732;1.519;0.983;2.319;0.016;1.380;10181
B31558;2015/03/01 00:05:08;10181;83;24.1;23.6;2.558;1.519;0.980;2.319;0.016;1.383;10182
B31558;2015/03/01 00:05:18;10182;85;27.7;23.2;2.493;1.516;0.980;2.367;0.016;1.419;10183
B31558;2015/03/01 00:05:28;10183;78;33.5;22.7;2.619;1.516;0.974;2.367;0.016;1.419;10184
B31558;2015/03/01 00:05:38;10184;81;29.0;22.9;2.574;1.529;0.974;2.367;0.022;1.380;10185
B31558;2015/03/01 00:05:48;10185;75;33.8;22.7;2.606;1.529;0.951;2.367;0.022;1.387;10186
B31558;2015/03/01 00:05:58;10186;75;29.0;23.7;2.674;1.500;0.951;2.325;0.022;1.345;10187
B31558;2015/03/01 00:06:08;10187;81;29.0;23.6;2.512;1.500;0.938;2.325;0.022;1.396;10188
B31558;2015/03/01 00:06:18;10188;84;24.5;23.1;2.490;1.512;0.938;2.325;0.006;1.390;10189
B31558;2015/03/01 00:06:28;10189;73;30.9;23.4;2.490;1.512;0.980;2.325;0.006;1.399;10190
B31558;2015/03/01 00:06:38;10190;77;27.7;23.7;2.648;1.500;0.980;2.390;0.006;1.338;10191
B31558;2015/03/01 00:06:48;10191;87;26.1;22.5;2.741;1.500;0.935;2.390;0.006;1.374;10192
B31558;2015/03/01 00:06:58;10192;82;29.0;23.2;2.699;1.551;0.935;2.390;0.000;1.377;10193
B31558;2015/03/01 00:07:08;10193;88;26.4;23.2;2.516;1.551;0.954;2.390;0.000;1.367;10194
B31558;2015/03/01 00:07:18;10194;91;25.8;22.7;2.732;1.516;0.954;2.335;0.000;1.399;10195
B31558;2015/03/01 00:07:28;10195;80;31.9;22.7;2.661;1.516;0.990;2.335;0.000;1.367;10196
B31558;2015/03/01 00:07:38;10196;90;25.8;23.6;2.490;1.500;0.990;2.335;0.119;1.361;10197
B31558;2015/03/01 00:07:48;10197;80;29.0;23.4;2.509;1.500;0.980;2.335;0.119;1.364;10198
B31558;2015/03/01 00:07:58;10198;83;29.3;23.7;2.564;1.503;0.980;2.370;0.119;1.387;10199
B31558;2015/03/01 00:08:08;10199;88;27.7;23.7;2.706;1.503;0.977;2.370;0.119;1.374;10200
B31558;2015/03/01 00:08:18;10200;88;22.5;23.2;2.500;1.516;0.977;2.370;0.067;1.361;10201
B31558;2015/03/01 00:08:28;10201;88;30.0;23.4;2.532;1.516;0.919;2.370;0.067;1.387;10202
B31558;2015/03/01 00:08:38;10202;80;28.0;23.4;2.509;1.519;0.919;2.296;0.067;1.409;10203
B31558;2015/03/01 00:08:48;10203;81;28.7;23.4;2.687;1.519;0.961;2.296;0.067;1.377;10204
B31558;2015/03/01 00:08:58;10204;93;31.9;23.7;2.564;1.512;0.961;2.296;0.000;1.377;10205
B31558;2015/03/01 00:09:08;10205;90;24.8;23.6;2.535;1.512;0.980;2.296;0.000;1.370;10206
B31558;2015/03/01 00:09:18;10206;88;24.8;23.1;2.461;1.512;0.980;2.354;0.000;1.387;10207
B31558;2015/03/01 00:09:28;10207;89;25.8;23.4;2.535;1.512;0.932;2.354;0.000;1.383;10208
B31558;2015/03/01 00:09:38;10208;73;29.0;22.9;2.699;1.545;0.932;2.354;0.009;1.383;10209
B31558;2015/03/01 00:09:48;10209;82;34.5;22.9;2.635;1.545;0.990;2.354;0.009;1.354;10210
B31558;2015/03/01 00:09:58;10210;78;23.2;23.6;2.522;1.535;0.990;2.325;0.009;1.338;10211
B31558;2015/03/01 00:10:08;10211;78;22.5;23.2;2.500;1.535;0.932;2.325;0.009;1.377;10212
B31558;2015/03/01 00:10:18;10212;88;27.0;23.7;2.493;1.525;0.932;2.325;0.006;1.345;10213
B31558;2015/03/01 00:10:28;10213;88;31.9;23.6;2.477;1.525;0.938;2.325;0.006;1.351;10214
B31558;2015/03/01 00:10:38;10214;75;29.3;22.9;2.477;1.522;0.938;2.335;0.006;1.387;10215
B31558;2015/03/01 00:10:48;10215;78;29.0;23.4;2.493;1.522;0.932;2.335;0.006;1.341;10216
B31558;2015/03/01 00:10:58;10216;91;26.1;22.7;2.741;1.503;0.932;2.335;0.022;1.354;10217
B31558;2015/03/01 00:11:08;10217;83;25.4;22.7;2.703;1.503;0.983;2.335;0.022;1.387;10218
B31558;2015/03/01 00:11:18;10218;92;23.2;23.2;2.622;1.516;0.983;2.319;0.022;1.354;10219
B31558;2015/03/01 00:11:28;10219;86;30.6;23.6;2.741;1.516;0.980;2.319;0.022;1.367;10220
B31558;2015/03/01 00:11:38;10220;80;25.8;23.2;2.480;1.516;0.980;2.319;0.000;1.374;10221
B31558;2015/03/01 00:11:48;10221;82;28.0;23.4;2.470;1.516;0.983;2.319;0.000;1.383;10222
B31558;2015/03/01 00:11:58;10222;85;27.0;23.2;2.629;1.516;0.983;2.354;0.000;1.367;10223
B31558;2015/03/01 00:12:08;10223;85;30.6;23.4;2.477;1.516;0.964;2.354;0.000;1.380;10224
B31558;2015/03/01 00:12:18;10224;93;29.6;23.7;2.564;1.522;0.964;2.354;0.000;1.396;10225
B31558;2015/03/01 00:12:28;10225;89;23.2;23.4;2.529;1.522;0.929;2.354;0.000;1.377;10226
B31558;2015/03/01 00:12:38;10226;73;33.5;23.6;2.490;1.516;0.929;2.341;0.000;1.416;10227
B31558;2015/03/01 00:12:48;10227;85;23.5;23.7;2.477;1.516;0.925;2.341;0.000;1.406;10228
B31558;2015/03/01 00:12:58;10228;80;30.3;23.9;2.509;1.516;0.925;2.341;0.000;1.406;10229
B31558;2015/03/01 00:13:08;10229;88;31.9;23.6;2.729;1.516;0.935;2.341;0.000;1.396;10230
B31558;2015/03/01 00:13:18;10230;90;30.0;23.4;2.706;1.512;0.935;2.358;0.000;1.399;10231
B31558;2015/03/01 00:13:28;10231;88;22.2;23.9;2.670;1.512;0.996;2.358;0.000;1.364;10232
B31558;2015/03/01 00:13:38;10232;85;22.5;23.2;2.716;1.506;0.996;2.358;0.035;1.370;10233
B31558;2015/03/01 00:13:48;10233;83;32.5;22.9;2.577;1.506;0.980;2.358;0.035;1.361;10234
B31558;2015/03/01 00:13:58;10234;88;24.8;23.6;2.464;1.512;0.980;2.316;0.035;1.387;10235
B31558;2015/03/01 00:14:08;10235;75;28.3;23.2;2.464;1.512;0.996;2.316;0.035;1.406;10236
B31558;2015/03/01 00:14:18;10236;81;26.1;23.2;2.467;1.522;0.996;2.316;0.022;1.396;10237
B31558;2015/03/01 00:14:28;10237;84;28.0;23.7;2.748;1.522;0.974;2.316;0.022;1.406;10238
B31558;2015/03/01 00:14:38;10238;88;33.2;23.4;2.603;1.532;0.974;2.312;0.022;1.403;10239
B31558;2015/03/01 00:14:48;10239;81;29.6;23.4;2.470;1.532;0.932;2.312;0.022;1.361;10240
B31558;2015/03/01 00:14:58;10240;79;23.2;23.4;2.470;1.548;0.932;2.312;0.006;1.390;10241
B31558;2015/03/01 00:15:08;10241;83;30.6;23.4;2.477;1.548;0.993;2.312;0.006;1.380;10242
B31558;2015/03/01 00:15:18;10242;92;32.5;23.7;2.477;1.532;0.993;2.354;0.006;1.406;10243
B31558;2015/03/01 00:15:28;10243;83;24.5;23.6;2.487;1.532;0.996;2.354;0.006;1.409;10244
B31558;2015/03/01 00:15:38;10244;80;30.6;23.9;2.509;1.509;0.996;2.354;0.022;1.367;10245
B31558;2015/03/01 00:15:48;10245;82;33.2;22.7;2.732;1.509;0.932;2.354;0.022;1.364;10246
B31558;2015/03/01 00:15:58;10246;92;25.8;23.2;2.738;1.522;0.932;2.341;0.022;1.380;10247
B31558;2015/03/01 00:16:08;10247;85;31.2;23.1;2.680;1.522;0.935;2.341;0.022;1.406;10248
B31558;2015/03/01 00:16:18;10248;85;28.0;23.4;2.493;1.506;0.935;2.341;0.012;1.377;10249
B31558;2015/03/01 00:16:28;10249;86;28.3;23.2;2.464;1.506;0.951;2.341;0.012;1.380;10250
B31558;2015/03/01 00:16:38;10250;83;28.7;23.7;2.529;1.545;0.951;2.312;0.012;1.380;10251
B31558;2015/03/01 00:16:48;10251;79;26.7;23.4;2.661;1.545;0.987;2.312;0.012;1.370;10252
B31558;2015/03/01 00:16:58;10252;86;22.5;23.7;2.487;1.519;0.987;2.312;0.077;1.435;10253
B31558;2015/03/01 00:17:08;10253;85;25.4;23.6;2.522;1.519;0.929;2.312;0.077;1.419;10254
B31558;2015/03/01 00:17:18;10254;87;31.9;23.7;2.699;1.532;0.929;2.296;0.077;1.383;10255
B31558;2015/03/01 00:17:28;10255;86;26.4;23.4;2.670;1.532;0.922;2.296;0.077;1.380;10256
B31558;2015/03/01 00:17:38;10256;84;32.9;23.4;2.545;1.496;0.922;2.296;0.000;1.370;10257
B31558;2015/03/01 00:17:48;10257;85;31.6;23.7;2.493;1.496;0.929;2.296;0.000;1.403;10258
B31558;2015/03/01 00:17:58;10258;93;23.2;23.7;2.532;1.512;0.929;2.319;0.000;1.377;10259
B31558;2015/03/01 00:18:08;10259;83;32.5;23.6;2.570;1.512;0.916;2.319;0.000;1.361;10260
B31558;2015/03/01 00:18:18;10260;92;26.7;23.4;2.725;1.525;0.916;2.319;0.019;1.374;10261
B31558;2015/03/01 00:18:28;10261;83;29.0;23.7;2.470;1.525;0.948;2.319;0.019;1.358;10262
B31558;2015/03/01 00:18:38;10262;81;25.1;23.7;2.519;1.506;0.948;2.364;0.019;1.367;10263
B31558;2015/03/01 00:18:48;10263;92;24.5;23.9;2.525;1.506;0.961;2.364;0.019;1.354;10264
B31558;2015/03/01 00:18:58;10264;78;23.8;23.7;2.458;1.496;0.961;2.364;0.000;1.354;10265
B31558;2015/03/01 00:19:08;10265;81;31.2;23.2;2.741;1.496;0.922;2.364;0.000;1.396;10266
B31558;2015/03/01 00:19:18;10266;83;22.5;23.4;2.541;1.541;0.922;2.351;0.000;1.345;10267
B31558;2015/03/01 00:19:28;10267;77;25.1;23.6;2.532;1.541;0.935;2.351;0.000;1.345;10268
B31558;2015/03/01 00:19:38;10268;79;25.8;23.4;2.493;1.529;0.935;2.351;0.006;1.377;10269
B31558;2015/03/01 00:19:48;10269;79;30.3;23.4;2.493;1.529;0.980;2.351;0.006;1.393;10270
B31558;2015/03/01 00:19:58;10270;81;23.8;23.4;2.590;1.496;0.980;2.377;0.006;1.377;10271
B31558;2015/03/01 00:20:08;10271;74;30.6;23.7;2.748;1.496;0.938;2.377;0.006;1.367;10272
B31558;2015/03/01 00:20:18;10272;93;26.1;23.7;2.483;1.509;0.938;2.377;0.000;1.374;10273
B31558;2015/03/01 00:20:28;10273;83;24.8;23.9;2.525;1.509;0.987;2.377;0.000;1.370;10274
B31558;2015/03/01 00:20:38;10274;84;33.8;23.2;2.503;1.516;0.987;2.312;0.000;1.380;10275
B31558;2015/03/01 00:20:48;10275;86;23.2;23.2;2.551;1.516;0.919;2.312;0.000;1.387;10276
B31558;2015/03/01 00:20:58;10276;87;29.3;22.9;2.693;1.548;0.919;2.312;0.006;1.396;10277
B31558;2015/03/01 00:21:08;10277;83;25.1;23.7;2.535;1.548;0.925;2.312;0.006;1.390;10278
B31558;2015/03/01 00:21:18;10278;75;28.7;23.6;2.500;1.525;0.925;2.345;0.006;1.403;10279
B31558;2015/03/01 00:21:28;10279;87;33.2;23.2;2.551;1.525;0.938;2.345;0.006;1.380;10280
B31558;2015/03/01 00:21:38;10280;88;23.8;23.6;2.464;1.500;0.938;2.345;0.025;1.374;10281
B31558;2015/03/01 00:21:48;10281;80;22.5;23.6;2.509;1.500;0.948;2.345;0.025;1.393;10282
B31558;2015/03/01 00:21:58;10282;88;30.6;23.7;2.667;1.519;0.948;2.351;0.025;1.374;10283
B31558;2015/03/01 00:22:08;10283;70;23.5;23.4;2.532;1.519;0.983;2.351;0.025;1.403;10284
B31558;2015/03/01 00:22:18;10284;88;23.5;23.6;2.674;1.496;0.983;2.351;0.006;1.403;10285
B31558;2015/03/01 00:22:28;10285;73;33.2;23.2;2.741;1.496;0.922;2.351;0.006;1.399;10286
B31558;2015/03/01 00:22:38;10286;83;32.5;23.7;2.470;1.538;0.922;2.332;0.006;1.380;10287
B31558;2015/03/01 00:22:48;10287;88;24.8;23.6;2.532;1.538;0.919;2.332;0.006;1.374;10288
B31558;2015/03/01 00:22:58;10288;82;26.4;23.4;2.516;1.496;0.919;2.332;0.006;1.370;10289
B31558;2015/03/01 00:23:08;10289;89;27.7;23.7;2.500;1.496;0.916;2.332;0.006;1.399;10290
B31558;2015/03/01 00:23:18;10290;90;22.5;23.7;2.690;1.500;0.916;2.293;0.006;1.399;10291
B31558;2015/03/01 00:23:28;10291;82;25.1;23.1;2.629;1.500;0.916;2.293;0.006;1.377;10292
B31558;2015/03/01 00:23:38;10292;78;23.8;23.4;2.722;1.500;0.916;2.293;0.006;1.416;10293
B31558;2015/03/01 00:23:48;10293;88;22.5;24.1;2.525;1.500;0.935;2.293;0.006;1.419;10294
B31558;2015/03/01 00:23:58;10294;84;26.4;22.9;2.738;1.493;0.935;2.335;0.006;1.425;10295
B31558;2015/03/01 00:24:08;10295;85;27.7;23.4;2.522;1.493;0.922;2.335;0.006;1.358;10296
B31558;2015/03/01 00:24:18;10296;83;23.2;23.6;2.712;1.496;0.922;2.335;0.006;1.364;10297
B31558;2015/03/01 00:24:28;10297;72;33.2;23.1;2.645;1.496;0.929;2.335;0.006;1.383;10298
B31558;2015/03/01 00:24:38;10298;73;30.6;24.3;2.738;1.496;0.929;2.338;0.006;1.374;10299
B31558;2015/03/01 00:24:48;10299;83;27.0;23.2;2.735;1.496;0.929;2.338;0.006;1.406;10300
B31558;2015/03/01 00:24:58;10300;89;26.4;23.7;2.635;1.525;0.929;2.338;0.009;1.396;10301
B31558;2015/03/01 00:25:08;10301;91;29.3;23.7;2.748;1.525;0.929;2.338;0.009;1.374;10302
B31558;2015/03/01 00:25:18;10302;93;30.6;23.4;2.606;1.529;0.929;2.303;0.009;1.380;10303
B31558;2015/03/01 00:25:28;10303;83;27.7;23.7;2.467;1.529;0.974;2.303;0.009;1.390;10304
B31558;2015/03/01 00:25:38;10304;82;24.8;23.7;2.487;1.532;0.974;2.303;0.025;1.409;10305
B31558;2015/03/01 00:25:48;10305;83;31.9;23.9;2.706;1.532;0.916;2.303;0.025;1.390;10306
B31558;2015/03/01 00:25:58;10306;93;26.1;23.9;2.732;1.493;0.916;2.316;0.025;1.390;10307
B31558;2015/03/01 00:26:08;10307;81;22.9;23.9;2.519;1.493;0.916;2.316;0.025;1.387;10308
B31558;2015/03/01 00:26:18;10308;90;28.7;23.2;2.706;1.512;0.916;2.316;0.009;1.370;10309
B31558;2015/03/01 00:26:28;10309;89;31.2;23.4;2.716;1.512;0.909;2.316;0.009;1.377;10310
B31558;2015/03/01 00:26:38;10310;83;23.8;23.1;2.487;1.496;0.909;2.348;0.009;1.377;10311
B31558;2015/03/01 00:26:48;10311;83;22.5;23.6;2.622;1.496;0.935;2.348;0.009;1.377;10312
B31558;2015/03/01 00:26:58;10312;83;30.0;23.1;2.735;1.541;0.935;2.348;0.035;1.377;10313
B31558;2015/03/01 00:27:08;10313;70;24.8;23.2;2.596;1.541;0.945;2.348;0.035;1.390;10314
B31558;2015/03/01 00:27:18;10314;83;22.9;23.6;2.519;1.493;0.945;2.316;0.035;1.367;10315
B31558;2015/03/01 00:27:28;10315;73;22.5;23.7;2.629;1.493;0.967;2.316;0.035;1.422;10316
B31558;2015/03/01 00:27:38;10316;83;28.0;23.9;2.638;1.541;0.967;2.316;0.006;1.393;10317
B31558;2015/03/01 00:27:48;10317;83;33.2;23.4;2.738;1.541;0.980;2.316;0.006;1.406;10318
B31558;2015/03/01 00:27:58;10318;83;23.2;23.4;2.512;1.500;0.980;2.316;0.006;1.403;10319
B31558;2015/03/01 00:28:08;10319;72;22.5;23.6;2.519;1.500;0.919;2.316;0.006;1.399;10320
B31558;2015/03/01 00:28:18;10320;88;30.0;23.7;2.648;1.538;0.919;2.316;0.006;1.374;10321
B31558;2015/03/01 00:28:28;10321;89;30.9;23.1;2.722;1.538;0.961;2.316;0.006;1.367;10322
B31558;2015/03/01 00:28:38;10322;83;28.3;23.9;2.680;1.496;0.961;2.358;0.006;1.383;10323
B31558;2015/03/01 00:28:48;10323;84;30.0;23.2;2.470;1.496;0.916;2.358;0.006;1.377;10324
B31558;2015/03/01 00:28:58;10324;83;23.2;23.4;2.470;1.516;0.916;2.358;0.099;1.390;10325
B31558;2015/03/01 00:29:08;10325;84;30.6;23.7;2.741;1.516;0.964;2.358;0.099;1.354;10326
B31558;2015/03/01 00:29:18;10326;88;27.7;23.6;2.596;1.496;0.964;2.338;0.099;1.380;10327
B31558;2015/03/01 00:29:28;10327;87;29.0;23.7;2.506;1.496;0.922;2.338;0.099;1.354;10328
B31558;2015/03/01 00:29:38;10328;88;28.3;23.4;2.522;1.519;0.922;2.338;0.067;1.416;10329
B31558;2015/03/01 00:29:48;10329;72;22.5;23.9;2.496;1.519;0.945;2.338;0.067;1.377;10330
B31558;2015/03/01 00:29:58;10330;81;30.6;24.3;2.687;1.529;0.945;2.319;0.067;1.354;10331
B31558;2015/03/01 00:30:08;10331;88;27.7;23.4;2.616;1.529;0.977;2.319;0.067;1.367;10332
B31558;2015/03/01 00:30:18;10332;74;25.8;23.2;2.732;1.500;0.977;2.319;0.041;1.416;10333
B31558;2015/03/01 00:30:28;10333;88;27.0;23.4;2.622;1.500;0.916;2.319;0.041;1.432;10334
B31558;2015/03/01 00:30:38;10334;87;28.0;23.4;2.699;1.512;0.916;2.325;0.041;1.406;10335
B31558;2015/03/01 00:30:48;10335;89;25.1;23.2;2.703;1.512;0.977;2.325;0.041;1.403;10336
B31558;2015/03/01 00:30:58;10336;72;26.1;24.1;2.490;1.535;0.977;2.325;0.000;1.387;10337
B31558;2015/03/01 00:31:08;10337;78;24.8;23.7;2.667;1.535;0.932;2.325;0.000;1.412;10338
B31558;2015/03/01 00:31:18;10338;83;30.6;23.9;2.625;1.500;0.932;2.293;0.000;1.393;10339
B31558;2015/03/01 00:31:28;10339;76;28.7;23.6;2.709;1.500;0.925;2.293;0.000;1.412;10340
B31558;2015/03/01 00:31:38;10340;93;33.2;23.9;2.648;1.500;0.925;2.293;0.009;1.403;10341
B31558;2015/03/01 00:31:48;10341;83;27.7;23.6;2.512;1.500;0.922;2.293;0.009;1.412;10342
B31558;2015/03/01 00:31:58;10342;82;28.0;24.3;2.670;1.525;0.922;2.306;0.009;1.419;10343
B31558;2015/03/01 00:32:08;10343;86;22.5;23.2;2.532;1.525;0.941;2.306;0.009;1.412;10344
B31558;2015/03/01 00:32:18;10344;87;30.9;23.9;2.616;1.538;0.941;2.306;0.000;1.396;10345
B31558;2015/03/01 00:32:28;10345;93;24.5;23.1;2.619;1.538;0.922;2.306;0.000;1.390;10346
B31558;2015/03/01 00:32:38;10346;73;24.5;23.2;2.729;1.506;0.922;2.309;0.000;1.429;10347
B31558;2015/03/01 00:32:48;10347;90;31.2;23.7;2.741;1.506;0.961;2.309;0.000;1.377;10348
B31558;2015/03/01 00:32:58;10348;88;24.5;23.6;2.464;1.516;0.961;2.309;0.006;1.396;10349
B31558;2015/03/01 00:33:08;10349;80;24.5;23.6;2.535;1.516;0.929;2.309;0.006;1.403;10350
B31558;2015/03/01 00:33:18;10350;81;25.4;23.7;2.483;1.532;0.929;2.329;0.006;1.367;10351
B31558;2015/03/01 00:33:28;10351;87;31.2;23.7;2.741;1.532;0.925;2.329;0.006;1.406;10352
B31558;2015/03/01 00:33:38;10352;88;31.2;23.9;2.509;1.538;0.925;2.329;0.009;1.364;10353
B31558;2015/03/01 00:33:48;10353;80;32.2;23.6;2.464;1.538;0.922;2.329;0.009;1.406;10354
B31558;2015/03/01 00:33:58;10354;83;25.1;23.4;2.735;1.503;0.922;2.335;0.009;1.406;10355
B31558;2015/03/01 00:34:08;10355;84;29.3;23.4;2.687;1.503;0.945;2.335;0.009;1.367;10356
B31558;2015/03/01 00:34:18;10356;85;26.1;23.6;2.732;1.525;0.945;2.335;0.054;1.367;10357
B31558;2015/03/01 00:34:28;10357;89;24.8;23.6;2.525;1.525;0.925;2.335;0.054;1.399;10358
B31558;2015/03/01 00:34:38;10358;88;23.2;23.9;2.680;1.525;0.925;2.316;0.054;1.390;10359
B31558;2015/03/01 00:34:48;10359;86;27.7;23.7;2.690;1.525;0.922;2.316;0.054;1.383;10360
B31558;2015/03/01 00:34:58;10360;82;23.8;23.2;2.716;1.525;0.922;2.316;0.025;1.358;10361
B31558;2015/03/01 00:35:08;10361;90;25.8;23.7;2.709;1.525;0.925;2.316;0.025;1.383;10362
B31558;2015/03/01 00:35:18;10362;85;31.2;24.1;2.719;1.541;0.925;2.338;0.025;1.351;10363
B31558;2015/03/01 00:35:28;10363;76;29.3;23.7;2.741;1.541;0.948;2.338;0.025;1.387;10364
B31558;2015/03/01 00:35:38;10364;83;27.4;23.4;2.732;1.519;0.948;2.338;0.054;1.380;10365
B31558;2015/03/01 00:35:48;10365;87;27.4;23.4;2.648;1.519;0.961;2.338;0.054;1.361;10366
B31558;2015/03/01 00:35:58;10366;91;22.5;23.7;2.464;1.548;0.961;2.306;0.054;1.377;10367
B31558;2015/03/01 00:36:08;10367;77;27.7;23.7;2.500;1.548;0.970;2.306;0.054;1.390;10368
B31558;2015/03/01 00:36:18;10368;79;22.5;24.1;2.464;1.506;0.970;2.306;0.009;1.361;10369
B31558;2015/03/01 00:36:28;10369;78;22.5;23.4;2.525;1.506;0.922;2.306;0.009;1.370;10370
B31558;2015/03/01 00:36:38;10370;83;26.1;24.1;2.629;1.541;0.922;2.322;0.009;1.406;10371
B31558;2015/03/01 00:36:48;10371;80;28.3;23.7;2.467;1.541;0.922;2.322;0.009;1.367;10372
B31558;2015/03/01 00:36:58;10372;78;24.1;23.6;2.487;1.500;0.922;2.322;0.029;1.358;10373
B31558;2015/03/01 00:37:08;10373;86;29.3;23.2;2.661;1.500;0.925;2.322;0.029;1.364;10374
B31558;2015/03/01 00:37:18;10374;84;23.2;23.9;2.693;1.512;0.925;2.322;0.029;1.380;10375
B31558;2015/03/01 00:37:28;10375;80;32.2;23.7;2.716;1.512;0.990;2.322;0.029;1.390;10376
B31558;2015/03/01 00:37:38;10376;77;33.8;23.4;2.509;1.509;0.990;2.322;0.022;1.367;10377
B31558;2015/03/01 00:37:48;10377;85;33.2;23.4;2.564;1.509;0.925;2.322;0.022;1.387;10378
B31558;2015/03/01 00:37:58;10378;88;32.5;24.1;2.545;1.522;0.925;2.367;0.022;1.390;10379
B31558;2015/03/01 00:38:08;10379;78;27.4;23.4;2.641;1.522;0.925;2.367;0.022;1.393;10380
B31558;2015/03/01 00:38:18;10380;70;29.3;23.7;2.719;1.545;0.925;2.367;0.012;1.358;10381
B31558;2015/03/01 00:38:28;10381;75;24.5;23.9;2.490;1.545;0.935;2.367;0.012;1.354;10382
B31558;2015/03/01 00:38:38;10382;91;22.5;23.6;2.496;1.503;0.935;2.345;0.012;1.396;10383
B31558;2015/03/01 00:38:48;10383;92;22.5;23.9;2.512;1.503;0.980;2.345;0.012;1.393;10384
B31558;2015/03/01 00:38:58;10384;85;22.5;23.6;2.580;1.503;0.980;2.345;0.041;1.387;10385
B31558;2015/03/01 00:39:08;10385;78;22.2;23.9;2.674;1.503;0.929;2.345;0.041;1.374;10386
B31558;2015/03/01 00:39:18;10386;88;33.2;23.7;2.470;1.522;0.929;2.306;0.041;1.422;10387
B31558;2015/03/01 00:39:28;10387;83;30.3;23.4;2.496;1.522;0.938;2.306;0.041;1.367;10388
B31558;2015/03/01 00:39:38;10388;82;30.6;24.3;2.677;1.535;0.938;2.306;0.025;1.370;10389
B31558;2015/03/01 00:39:48;10389;87;30.6;24.1;2.735;1.535;0.929;2.306;0.025;1.409;10390
B31558;2015/03/01 00:39:58;10390;89;25.8;23.6;2.483;1.503;0.929;2.303;0.025;1.390;10391
B31558;2015/03/01 00:40:08;10391;87;26.4;23.6;2.470;1.503;0.932;2.303;0.025;1.370;10392
B31558;2015/03/01 00:40:18;10392;78;26.1;23.2;2.470;1.538;0.932;2.303;0.006;1.377;10393
B31558;2015/03/01 00:40:28;10393;74;33.5;23.2;2.722;1.538;0.932;2.303;0.006;1.374;10394
B31558;2015/03/01 00:40:38;10394;85;23.8;23.1;2.716;1.503;0.932;2.312;0.006;1.406;10395
B31558;2015/03/01 00:40:48;10395;87;32.5;23.4;2.667;1.503;0.977;2.312;0.006;1.390;10396
B31558;2015/03/01 00:40:58;10396;89;28.3;23.6;2.719;1.545;0.977;2.312;0.016;1.406;10397
B31558;2015/03/01 00:41:08;10397;92;23.2;23.6;2.506;1.545;0.929;2.312;0.016;1.383;10398
B31558;2015/03/01 00:41:18;10398;87;23.2;24.1;2.474;1.500;0.929;2.306;0.016;1.416;10399
B31558;2015/03/01 00:41:28;10399;86;25.4;23.7;2.487;1.500;0.922;2.306;0.016;1.416;10400
B31558;2015/03/01 00:41:38;10400;78;23.5;24.4;2.525;1.519;0.922;2.306;0.006;1.399;10401
B31558;2015/03/01 00:41:48;10401;87;28.3;23.6;2.670;1.519;0.935;2.306;0.006;1.380;10402
B31558;2015/03/01 00:41:58;10402;89;31.9;24.1;2.722;1.516;0.935;2.335;0.006;1.377;10403
B31558;2015/03/01 00:42:08;10403;85;24.5;23.2;2.583;1.516;0.967;2.335;0.006;1.367;10404
B31558;2015/03/01 00:42:18;10404;84;26.7;23.2;2.725;1.541;0.967;2.335;0.009;1.393;10405
B31558;2015/03/01 00:42:28;10405;87;27.4;23.9;2.532;1.541;0.916;2.335;0.009;1.412;10406
B31558;2015/03/01 00:42:38;10406;83;25.8;23.7;2.490;1.545;0.916;2.306;0.009;1.370;10407
B31558;2015/03/01 00:42:48;10407;73;31.9;23.7;2.709;1.545;0.980;2.306;0.009;1.380;10408
B31558;2015/03/01 00:42:58;10408;74;25.4;24.1;2.493;1.500;0.980;2.306;0.016;1.370;10409
B31558;2015/03/01 00:43:08;10409;78;28.0;24.1;2.712;1.500;0.935;2.306;0.016;1.370;10410
B31558;2015/03/01 00:43:18;10410;90;28.0;24.1;2.522;1.529;0.935;2.319;0.016;1.364;10411
B31558;2015/03/01 00:43:28;10411;77;33.8;23.4;2.619;1.529;0.925;2.319;0.016;1.370;10412
B31558;2015/03/01 00:43:38;10412;89;23.2;23.6;2.703;1.532;0.925;2.319;0.087;1.412;10413
B31558;2015/03/01 00:43:48;10413;83;23.2;24.3;2.622;1.532;0.916;2.319;0.087;1.406;10414
B31558;2015/03/01 00:43:58;10414;88;23.8;23.7;2.580;1.548;0.916;2.351;0.087;1.370;10415
B31558;2015/03/01 00:44:08;10415;83;23.5;23.7;2.467;1.548;0.929;2.351;0.087;1.393;10416
B31558;2015/03/01 00:44:18;10416;84;26.1;23.7;2.506;1.516;0.929;2.351;0.016;1.412;10417
B31558;2015/03/01 00:44:28;10417;84;30.6;23.9;2.729;1.516;0.990;2.351;0.016;1.383;10418
B31558;2015/03/01 00:44:38;10418;88;23.8;23.7;2.483;1.506;0.990;2.303;0.016;1.396;10419
B31558;2015/03/01 00:44:48;10419;83;22.5;23.7;2.500;1.506;0.990;2.303;0.016;1.406;10420
B31558;2015/03/01 00:44:58;10420;83;32.9;24.1;2.470;1.509;0.990;2.303;0.000;1.403;10421
B31558;2015/03/01 00:45:08;10421;81;33.5;23.4;2.641;1.509;0.938;2.303;0.000;1.370;10422
B31558;2015/03/01 00:45:18;10422;76;30.6;24.3;2.635;1.500;0.938;2.345;0.000;1.367;10423
B31558;2015/03/01 00:45:28;10423;88;30.6;23.7;2.735;1.500;0.929;2.345;0.000;1.399;10424
B31558;2015/03/01 00:45:38;10424;93;23.5;22.9;2.738;1.509;0.929;2.345;0.000;1.390;10425
B31558;2015/03/01 00:45:48;10425;89;22.5;23.9;2.509;1.509;0.925;2.345;0.000;1.370;10426
B31558;2015/03/01 00:45:58;10426;90;23.8;23.7;2.477;1.551;0.925;2.306;0.000;1.412;10427
B31558;2015/03/01 00:46:08;10427;83;25.8;23.9;2.493;1.551;0.925;2.306;0.000;1.380;10428
B31558;2015/03/01 00:46:18;10428;91;29.3;23.6;2.638;1.500;0.925;2.306;0.012;1.396;10429
B31558;2015/03/01 00:46:28;10429;90;29.6;24.1;2.709;1.500;0.932;2.306;0.012;1.409;10430
B31558;2015/03/01 00:46:38;10430;88;24.8;23.7;2.470;1.509;0.932;2.290;0.012;1.390;10431
B31558;2015/03/01 00:46:48;10431;82;30.6;23.7;2.477;1.509;0.938;2.290;0.012;1.409;10432
B31558;2015/03/01 00:46:58;10432;84;23.5;23.6;2.719;1.522;0.938;2.290;0.029;1.399;10433
B31558;2015/03/01 00:47:08;10433;91;28.3;23.1;2.741;1.522;0.983;2.290;0.029;1.367;10434
B31558;2015/03/01 00:47:18;10434;86;28.0;24.1;2.616;1.506;0.983;2.287;0.029;1.399;10435
B31558;2015/03/01 00:47:28;10435;83;23.5;23.7;2.522;1.506;0.925;2.287;0.029;1.358;10436
B31558;2015/03/01 00:47:38;10436;87;23.2;23.7;2.509;1.500;0.925;2.287;0.035;1.364;10437
B31558;2015/03/01 00:47:48;10437;91;29.0;24.4;2.503;1.500;0.919;2.287;0.035;1.364;10438
B31558;2015/03/01 00:47:58;10438;88;23.8;23.9;2.664;1.519;0.919;2.322;0.035;1.380;10439
B31558;2015/03/01 00:48:08;10439;91;30.6;23.7;2.709;1.519;0.964;2.322;0.035;1.367;10440
B31558;2015/03/01 00:48:18;10440;82;31.6;24.1;2.577;1.525;0.964;2.322;0.000;1.419;10441
B31558;2015/03/01 00:48:28;10441;87;29.6;23.4;2.709;1.525;0.925;2.322;0.000;1.370;10442
B31558;2015/03/01 00:48:38;10442;85;31.2;23.7;2.725;1.519;0.925;2.306;0.000;1.377;10443
B31558;2015/03/01 00:48:48;10443;81;31.6;23.4;2.741;1.519;0.922;2.306;0.000;1.370;10444
B31558;2015/03/01 00:48:58;10444;93;31.6;23.7;2.558;1.532;0.922;2.306;0.006;1.380;10445
B31558;2015/03/01 00:49:08;10445;85;27.0;23.7;2.474;1.532;0.925;2.306;0.006;1.399;10446
B31558;2015/03/01 00:49:18;10446;83;22.5;23.4;2.464;1.496;0.925;2.316;0.006;1.406;10447
B31558;2015/03/01 00:49:28;10447;83;28.0;23.9;2.716;1.496;0.929;2.316;0.006;1.387;10448
B31558;2015/03/01 00:49:38;10448;81;28.7;24.1;2.687;1.496;0.929;2.316;0.009;1.390;10449
B31558;2015/03/01 00:49:48;10449;89;30.9;24.1;2.741;1.496;0.916;2.316;0.009;1.406;10450
B31558;2015/03/01 00:49:58;10450;88;25.8;23.2;2.732;1.522;0.916;2.316;0.009;1.419;10451
B31558;2015/03/01 00:50:08;10451;90;24.8;23.4;2.709;1.522;0.929;2.316;0.009;1.403;10452
B31558;2015/03/01 00:50:18;10452;83;28.0;23.7;2.470;1.535;0.929;2.316;0.012;1.399;10453
B31558;2015/03/01 00:50:28;10453;80;26.4;23.6;2.593;1.535;0.964;2.316;0.012;1.377;10454
B31558;2015/03/01 00:50:38;10454;93;31.9;24.1;2.658;1.496;0.964;2.341;0.012;1.383;10455
B31558;2015/03/01 00:50:48;10455;82;32.9;23.4;2.741;1.496;0.980;2.341;0.012;1.374;10456
B31558;2015/03/01 00:50:58;10456;90;28.3;23.6;2.625;1.496;0.980;2.341;0.000;1.377;10457
B31558;2015/03/01 00:51:08;10457;78;23.5;24.1;2.470;1.496;0.964;2.341;0.000;1.403;10458
B31558;2015/03/01 00:51:18;10458;77;26.4;23.4;2.738;1.529;0.964;2.325;0.000;1.419;10459
B31558;2015/03/01 00:51:28;10459;83;31.9;23.7;2.741;1.529;0.977;2.325;0.000;1.419;10460
B31558;2015/03/01 00:51:38;10460;84;27.0;23.4;2.738;1.512;0.977;2.325;0.132;1.364;10461
B31558;2015/03/01 00:51:48;10461;79;31.9;23.7;2.741;1.512;0.922;2.325;0.132;1.409;10462
B31558;2015/03/01 00:51:58;10462;71;29.3;23.9;2.696;1.503;0.922;2.332;0.132;1.370;10463
B31558;2015/03/01 00:52:08;10463;80;23.5;23.9;2.732;1.503;0.983;2.332;0.132;1.409;10464
B31558;2015/03/01 00:52:18;10464;83;30.6;23.9;2.477;1.519;0.983;2.332;0.000;1.419;10465
B31558;2015/03/01 00:52:28;10465;77;31.9;24.1;2.477;1.519;0.922;2.332;0.000;1.361;10466
B31558;2015/03/01 00:52:38;10466;85;30.6;23.9;2.661;1.500;0.922;2.306;0.000;1.399;10467
B31558;2015/03/01 00:52:48;10467;88;31.9;24.1;2.748;1.500;0.983;2.306;0.000;1.364;10468
B31558;2015/03/01 00:52:58;10468;78;29.6;23.9;2.480;1.503;0.983;2.306;0.000;1.396;10469
B31558;2015/03/01 00:53:08;10469;80;34.5;23.7;2.606;1.503;0.919;2.306;0.000;1.387;10470
B31558;2015/03/01 00:53:18;10470;84;33.2;24.3;2.564;1.529;0.919;2.296;0.000;1.416;10471
B31558;2015/03/01 00:53:28;10471;88;26.4;24.3;2.525;1.529;0.964;2.296;0.000;1.425;10472
B31558;2015/03/01 00:53:38;10472;85;28.7;23.6;2.687;1.500;0.964;2.296;0.154;1.380;10473
B31558;2015/03/01 00:53:48;10473;88;22.5;23.9;2.500;1.500;0.919;2.296;0.154;1.399;10474
B31558;2015/03/01 00:53:58;10474;84;25.4;23.7;2.738;1.516;0.919;2.280;0.154;1.429;10475
B31558;2015/03/01 00:54:08;10475;87;30.0;24.3;2.480;1.516;0.919;2.280;0.154;1.380;10476
B31558;2015/03/01 00:54:18;10476;88;29.6;24.1;2.535;1.516;0.919;2.280;0.045;1.380;10477
B31558;2015/03/01 00:54:28;10477;78;23.8;24.4;2.512;1.516;0.941;2.280;0.045;1.383;10478
B31558;2015/03/01 00:54:38;10478;83;27.7;23.7;2.545;1.535;0.941;2.341;0.045;1.390;10479
B31558;2015/03/01 00:54:48;10479;79;28.7;23.6;2.622;1.535;0.980;2.341;0.045;1.387;10480
B31558;2015/03/01 00:54:58;10480;93;23.2;24.1;2.458;1.503;0.980;2.341;0.006;1.367;10481
B31558;2015/03/01 00:55:08;10481;83;23.2;23.9;2.474;1.503;0.929;2.341;0.006;1.370;10482
B31558;2015/03/01 00:55:18;10482;77;25.8;23.4;2.738;1.500;0.929;2.296;0.006;1.374;10483
B31558;2015/03/01 00:55:28;10483;81;30.6;24.1;2.470;1.500;0.916;2.296;0.006;1.367;10484
B31558;2015/03/01 00:55:38;10484;93;30.6;24.6;2.629;1.512;0.916;2.296;0.006;1.380;10485
B31558;2015/03/01 00:55:48;10485;85;22.5;24.3;2.532;1.512;0.922;2.296;0.006;1.403;10486
B31558;2015/03/01 00:55:58;10486;83;29.0;23.7;2.732;1.551;0.922;2.312;0.006;1.367;10487
B31558;2015/03/01 00:56:08;10487;89;31.9;24.1;2.729;1.551;0.922;2.312;0.006;1.358;10488
B31558;2015/03/01 00:56:18;10488;77;25.1;23.7;2.480;1.548;0.922;2.312;0.012;1.403;10489
B31558;2015/03/01 00:56:28;10489;85;28.3;23.7;2.467;1.548;0.990;2.312;0.012;1.403;10490
B31558;2015/03/01 00:56:38;10490;88;27.4;24.1;2.500;1.541;0.990;2.309;0.012;1.380;10491
B31558;2015/03/01 00:56:48;10491;80;26.4;24.1;2.487;1.541;0.993;2.309;0.012;1.377;10492
B31558;2015/03/01 00:56:58;10492;81;31.9;24.1;2.670;1.538;0.993;2.309;0.000;1.416;10493
B31558;2015/03/01 00:57:08;10493;83;31.9;23.7;2.748;1.538;0.941;2.309;0.000;1.364;10494
B31558;2015/03/01 00:57:18;10494;77;28.0;24.4;2.635;1.529;0.941;2.351;0.000;1.429;10495
B31558;2015/03/01 00:57:28;10495;81;31.2;23.4;2.674;1.529;0.932;2.351;0.000;1.367;10496
B31558;2015/03/01 00:57:38;10496;88;23.2;24.3;2.477;1.558;0.932;2.351;0.006;1.364;10497
B31558;2015/03/01 00:57:48;10497;84;32.5;24.1;2.674;1.558;0.948;2.351;0.006;1.374;10498
B31558;2015/03/01 00:57:58;10498;88;23.2;24.3;2.458;1.519;0.948;2.335;0.006;1.399;10499
B31558;2015/03/01 00:58:08;10499;83;30.3;24.1;2.706;1.519;0.993;2.335;0.006;1.361;10500
B31558;2015/03/01 00:58:18;10500;81;25.1;23.9;2.738;1.532;0.993;2.335;0.006;1.422;10501
B31558;2015/03/01 00:58:28;10501;83;26.4;23.6;2.712;1.532;0.929;2.335;0.006;1.412;10502
B31558;2015/03/01 00:58:38;10502;83;24.5;24.4;2.722;1.506;0.929;2.354;0.006;1.393;10503
B31558;2015/03/01 00:58:48;10503;71;24.1;24.3;2.561;1.506;0.958;2.354;0.006;1.412;10504
B31558;2015/03/01 00:58:58;10504;78;33.8;24.1;2.577;1.519;0.958;2.354;0.000;1.370;10505
B31558;2015/03/01 00:59:08;10505;81;34.5;23.4;2.616;1.519;0.932;2.354;0.000;1.383;10506
B31558;2015/03/01 00:59:18;10506;78;34.5;24.1;2.496;1.512;0.932;2.303;0.000;1.399;10507
B31558;2015/03/01 00:59:28;10507;78;28.3;24.1;2.564;1.512;0.938;2.303;0.000;1.370;10508
B31558;2015/03/01 00:59:38;10508;88;32.2;24.1;2.699;1.506;0.938;2.303;0.009;1.387;10509
B31558;2015/03/01 00:59:48;10509;88;22.5;24.4;2.516;1.506;0.980;2.303;0.009;1.416;10510
B31558;2015/03/01 00:59:58;10510;93;23.2;24.1;2.564;1.512;0.980;2.303;0.009;1.422;10511
B31558;2015/03/01 01:00:08;10511;77;29.6;24.4;2.709;1.512;0.929;2.303;0.009;1.364;10512
B31558;2015/03/01 01:00:18;10512;82;24.8;24.3;2.519;1.522;0.929;2.303;0.009;1.390;10513
B31558;2015/03/01 01:00:28;10513;81;23.5;24.4;2.674;1.522;0.954;2.303;0.009;1.399;10514
B31558;2015/03/01 01:00:38;10514;80;24.8;24.1;2.477;1.506;0.954;2.351;0.009;1.383;10515
B31558;2015/03/01 01:00:48;10515;83;32.5;23.9;2.483;1.506;0.980;2.351;0.009;1.370;10516
B31558;2015/03/01 01:00:58;10516;87;29.3;24.1;2.493;1.561;0.980;2.351;0.006;1.377;10517
B31558;2015/03/01 01:01:08;10517;83;25.4;23.9;2.574;1.561;0.929;2.351;0.006;1.416;10518
B31558;2015/03/01 01:01:18;10518;78;23.2;24.4;2.470;1.506;0.929;2.293;0.006;1.403;10519
B31558;2015/03/01 01:01:28;10519;76;30.6;24.1;2.496;1.506;0.932;2.293;0.006;1.425;10520
B31558;2015/03/01 01:01:38;10520;85;23.2;23.9;2.467;1.532;0.932;2.293;0.016;1.387;10521
B31558;2015/03/01 01:01:48;10521;82;26.1;23.4;2.709;1.532;0.964;2.293;0.016;1.377;10522
B31558;2015/03/01 01:01:58;10522;90;30.9;24.3;2.738;1.525;0.964;2.296;0.016;1.422;10523
B31558;2015/03/01 01:02:08;10523;81;34.5;23.7;2.606;1.525;0.964;2.296;0.016;1.380;10524
B31558;2015/03/01 01:02:18;10524;78;22.5;23.7;2.729;1.541;0.964;2.296;0.000;1.432;10525
B31558;2015/03/01 01:02:28;10525;83;26.4;24.1;2.477;1.541;0.938;2.296;0.000;1.419;10526
B31558;2015/03/01 01:02:38;10526;81;31.6;24.1;2.564;1.506;0.938;2.341;0.000;1.406;10527
B31558;2015/03/01 01:02:48;10527;88;25.1;24.1;2.525;1.506;0.996;2.341;0.000;1.416;10528
B31558;2015/03/01 01:02:58;10528;73;30.6;24.3;2.706;1.525;0.996;2.341;0.009;1.419;10529
B31558;2015/03/01 01:03:08;10529;86;30.6;24.4;2.716;1.525;0.941;2.341;0.009;1.429;10530
B31558;2015/03/01 01:03:18;10530;88;30.9;24.6;2.496;1.509;0.941;2.303;0.009;1.425;10531
B31558;2015/03/01 01:03:28;10531;78;25.1;23.9;2.487;1.509;0.964;2.303;0.009;1.377;10532
B31558;2015/03/01 01:03:38;10532;79;24.5;24.6;2.487;1.541;0.964;2.303;0.041;1.412;10533
B31558;2015/03/01 01:03:48;10533;84;32.2;24.3;2.693;1.541;0.929;2.303;0.041;1.409;10534
B31558;2015/03/01 01:03:58;10534;92;23.8;23.7;2.687;1.509;0.929;2.299;0.041;1.383;10535
B31558;2015/03/01 01:04:08;10535;89;33.8;23.7;2.709;1.509;0.938;2.299;0.041;1.419;10536
B31558;2015/03/01 01:04:18;10536;93;30.0;24.6;2.696;1.548;0.938;2.299;0.009;1.416;10537
B31558;2015/03/01 01:04:28;10537;76;30.3;24.6;2.722;1.548;1.003;2.299;0.009;1.387;10538
B31558;2015/03/01 01:04:38;10538;93;28.0;24.4;2.496;1.522;1.003;2.348;0.009;1.390;10539
B31558;2015/03/01 01:04:48;10539;85;26.4;24.6;2.474;1.522;0.938;2.348;0.009;1.435;10540
B31558;2015/03/01 01:04:58;10540;85;28.0;23.7;2.490;1.554;0.938;2.348;0.016;1.403;10541
B31558;2015/03/01 01:05:08;10541;79;29.6;24.3;2.477;1.554;0.941;2.348;0.016;1.422;10542
B31558;2015/03/01 01:05:18;10542;92;25.8;23.9;2.741;1.519;0.941;2.309;0.016;1.425;10543
B31558;2015/03/01 01:05:28;10543;81;30.9;24.4;2.609;1.519;0.935;2.309;0.016;1.416;10544
B31558;2015/03/01 01:05:38;10544;84;24.8;24.4;2.490;1.564;0.935;2.309;0.006;1.422;10545
B31558;2015/03/01 01:05:48;10545;86;23.8;24.6;2.603;1.564;0.990;2.309;0.006;1.364;10546
B31558;2015/03/01 01:05:58;10546;84;26.7;24.1;2.712;1.522;0.990;2.345;0.006;1.406;10547
B31558;2015/03/01 01:06:08;10547;80;31.9;24.4;2.661;1.522;0.961;2.345;0.006;1.370;10548
B31558;2015/03/01 01:06:18;10548;85;25.1;24.4;2.645;1.541;0.961;2.345;0.148;1.409;10549
B31558;2015/03/01 01:06:28;10549;79;34.1;23.9;2.658;1.541;0.961;2.345;0.148;1.377;10550
B31558;2015/03/01 01:06:38;10550;88;31.6;24.4;2.483;1.519;0.961;2.335;0.148;1.383;10551
B31558;2015/03/01 01:06:48;10551;90;27.7;23.9;2.641;1.519;0.980;2.335;0.148;1.367;10552
B31558;2015/03/01 01:06:58;10552;83;24.8;24.8;2.699;1.512;0.980;2.335;0.029;1.412;10553
B31558;2015/03/01 01:07:08;10553;88;25.1;23.7;2.729;1.512;0.938;2.335;0.029;1.364;10554
B31558;2015/03/01 01:07:18;10554;90;23.2;24.3;2.458;1.535;0.938;2.332;0.029;1.374;10555
B31558;2015/03/01 01:07:28;10555;84;30.0;24.8;2.741;1.535;0.941;2.332;0.029;1.406;10556
B31558;2015/03/01 01:07:38;10556;79;32.9;24.6;2.464;1.512;0.941;2.332;0.025;1.425;10557
B31558;2015/03/01 01:07:48;10557;87;31.9;24.1;2.648;1.512;0.954;2.332;0.025;1.387;10558
B31558;2015/03/01 01:07:58;10558;83;27.4;24.6;2.490;1.512;0.954;2.309;0.025;1.412;10559
B31558;2015/03/01 01:08:08;10559;83;29.6;24.6;2.470;1.512;0.941;2.309;0.025;1.380;10560
B31558;2015/03/01 01:08:18;10560;83;25.4;24.8;2.470;1.516;0.941;2.309;0.035;1.380;10561
B31558;2015/03/01 01:08:28;10561;88;23.5;24.6;2.483;1.516;0.938;2.309;0.035;1.377;10562
B31558;2015/03/01 01:08:38;10562;90;29.3;24.6;2.732;1.525;0.938;2.299;0.035;1.425;10563
B31558;2015/03/01 01:08:48;10563;91;33.2;24.8;2.558;1.525;1.000;2.299;0.035;1.422;10564
B31558;2015/03/01 01:08:58;10564;79;30.0;24.4;2.719;1.538;1.000;2.299;0.074;1.377;10565
B31558;2015/03/01 01:09:08;10565;86;28.7;24.1;2.661;1.538;0.938;2.299;0.074;1.403;10566
B31558;2015/03/01 01:09:18;10566;84;28.3;24.6;2.654;1.538;0.938;2.338;0.074;1.419;10567
B31558;2015/03/01 01:09:28;10567;75;22.9;25.3;2.680;1.538;0.974;2.338;0.074;1.422;10568
B31558;2015/03/01 01:09:38;10568;78;29.6;25.1;2.606;1.561;0.974;2.338;0.000;1.387;10569
B31558;2015/03/01 01:09:48;10569;81;24.8;23.9;2.593;1.561;0.945;2.338;0.000;1.393;10570
B31558;2015/03/01 01:09:58;10570;87;23.2;25.0;2.470;1.519;0.945;2.299;0.000;1.380;10571
B31558;2015/03/01 01:10:08;10571;92;32.5;25.3;2.548;1.519;0.993;2.299;0.000;1.403;10572
B31558;2015/03/01 01:10:18;10572;73;27.0;24.8;2.729;1.570;0.993;2.299;0.012;1.399;10573
B31558;2015/03/01 01:10:28;10573;78;30.3;24.6;2.722;1.570;0.954;2.299;0.012;1.399;10574
B31558;2015/03/01 01:10:38;10574;82;33.5;24.8;2.477;1.516;0.954;2.329;0.012;1.399;10575
B31558;2015/03/01 01:10:48;10575;77;32.5;23.6;2.641;1.516;0.954;2.329;0.012;1.374;10576
B31558;2015/03/01 01:10:58;10576;88;25.8;24.4;2.735;1.554;0.954;2.329;0.106;1.419;10577
B31558;2015/03/01 01:11:08;10577;82;33.8;24.1;2.735;1.554;0.961;2.329;0.106;1.374;10578
B31558;2015/03/01 01:11:18;10578;78;29.0;24.6;2.525;1.548;0.961;2.351;0.106;1.438;10579
B31558;2015/03/01 01:11:28;10579;80;27.4;24.4;2.732;1.548;0.945;2.351;0.106;1.422;10580
B31558;2015/03/01 01:11:38;10580;80;31.9;24.6;2.680;1.525;0.945;2.351;0.000;1.380;10581
B31558;2015/03/01 01:11:48;10581;92;31.9;24.1;2.709;1.525;0.964;2.351;0.000;1.425;10582
B31558;2015/03/01 01:11:58;10582;88;25.1;24.8;2.712;1.519;0.964;2.322;0.000;1.377;10583
B31558;2015/03/01 01:12:08;10583;93;32.5;24.1;2.529;1.519;0.941;2.322;0.000;1.416;10584
B31558;2015/03/01 01:12:18;10584;88;31.6;24.6;2.645;1.519;0.941;2.322;0.012;1.406;10585
B31558;2015/03/01 01:12:28;10585;88;32.5;25.3;2.522;1.519;0.987;2.322;0.012;1.364;10586
B31558;2015/03/01 01:12:38;10586;90;29.3;24.4;2.464;1.567;0.987;2.354;0.012;1.374;10587
B31558;2015/03/01 01:12:48;10587;75;23.5;24.8;2.687;1.567;0.967;2.354;0.012;1.374;10588
B31558;2015/03/01 01:12:58;10588;78;25.8;23.9;2.738;1.545;0.967;2.354;0.029;1.383;10589
B31558;2015/03/01 01:13:08;10589;89;27.7;25.0;2.522;1.545;0.961;2.354;0.029;1.367;10590
B31558;2015/03/01 01:13:18;10590;83;23.8;23.9;2.661;1.519;0.961;2.335;0.029;1.419;10591
B31558;2015/03/01 01:13:28;10591;76;33.2;24.4;2.699;1.519;0.932;2.335;0.029;1.396;10592
B31558;2015/03/01 01:13:38;10592;89;24.5;24.4;2.706;1.529;0.932;2.335;0.041;1.432;10593
B31558;2015/03/01 01:13:48;10593;81;30.6;24.6;2.480;1.529;0.932;2.335;0.041;1.370;10594
B31558;2015/03/01 01:13:58;10594;86;30.6;25.0;2.712;1.548;0.932;2.319;0.041;1.383;10595
B31558;2015/03/01 01:14:08;10595;78;27.7;24.3;2.616;1.548;1.003;2.319;0.041;1.364;10596
B31558;2015/03/01 01:14:18;10596;88;33.2;25.0;2.493;1.525;1.003;2.319;0.000;1.383;10597
B31558;2015/03/01 01:14:28;10597;83;24.1;25.5;2.532;1.525;0.964;2.319;0.000;1.429;10598
B31558;2015/03/01 01:14:38;10598;74;28.7;25.1;2.545;1.519;0.964;2.345;0.000;1.406;10599
B31558;2015/03/01 01:14:48;10599;88;25.1;25.1;2.487;1.519;0.948;2.345;0.000;1.367;10600
B31558;2015/03/01 01:14:58;10600;83;25.1;24.3;2.741;1.561;0.948;2.345;0.006;1.380;10601
B31558;2015/03/01 01:15:08;10601;84;26.4;24.3;2.632;1.561;0.941;2.345;0.006;1.396;10602
B31558;2015/03/01 01:15:18;10602;79;23.2;24.8;2.732;1.561;0.941;2.338;0.006;1.367;10603
B31558;2015/03/01 01:15:28;10603;83;31.2;24.8;2.538;1.561;0.983;2.338;0.006;1.364;10604
B31558;2015/03/01 01:15:38;10604;91;27.7;25.0;2.496;1.564;0.983;2.338;0.032;1.367;10605
B31558;2015/03/01 01:15:48;10605;81;30.3;25.0;2.509;1.564;0.954;2.338;0.032;1.364;10606
B31558;2015/03/01 01:15:58;10606;78;25.1;24.8;2.741;1.548;0.954;2.338;0.032;1.396;10607
B31558;2015/03/01 01:16:08;10607;81;26.4;25.1;2.483;1.548;0.993;2.338;0.032;1.390;10608
B31558;2015/03/01 01:16:18;10608;71;26.1;25.0;2.477;1.567;0.993;2.338;0.119;1.361;10609
B31558;2015/03/01 01:16:28;10609;88;32.9;25.3;2.525;1.567;0.983;2.338;0.119;1.412;10610
B31558;2015/03/01 01:16:38;10610;90;22.9;24.8;2.738;1.567;0.983;2.277;0.119;1.387;10611
B31558;2015/03/01 01:16:48;10611;89;32.9;25.7;2.699;1.567;0.948;2.277;0.119;1.387;10612
B31558;2015/03/01 01:16:58;10612;90;25.4;25.0;2.741;1.545;0.948;2.277;0.000;1.383;10613
B31558;2015/03/01 01:17:08;10613;82;28.0;25.7;2.641;1.545;0.964;2.277;0.000;1.377;10614
B31558;2015/03/01 01:17:18;10614;78;33.8;25.1;2.493;1.554;0.964;2.332;0.000;1.409;10615
B31558;2015/03/01 01:17:28;10615;85;32.5;25.7;2.670;1.554;0.993;2.332;0.000;1.367;10616
B31558;2015/03/01 01:17:38;10616;79;27.4;24.6;2.687;1.529;0.993;2.332;0.000;1.370;10617
B31558;2015/03/01 01:17:48;10617;76;28.7;24.8;2.512;1.529;0.932;2.332;0.000;1.393;10618
B31558;2015/03/01 01:17:58;10618;91;22.5;24.8;2.719;1.551;0.932;2.280;0.000;1.370;10619
B31558;2015/03/01 01:18:08;10619;88;30.6;25.3;2.477;1.551;0.948;2.280;0.000;1.393;10620
B31558;2015/03/01 01:18:18;10620;80;33.2;25.7;2.741;1.529;0.948;2.280;0.019;1.377;10621
B31558;2015/03/01 01:18:28;10621;91;26.4;24.4;2.493;1.529;0.932;2.280;0.019;1.409;10622
B31558;2015/03/01 01:18:38;10622;90;29.0;24.6;2.509;1.558;0.932;2.290;0.019;1.354;10623
B31558;2015/03/01 01:18:48;10623;88;30.3;25.1;2.706;1.558;1.000;2.290;0.019;1.354;10624
B31558;2015/03/01 01:18:58;10624;86;28.7;25.0;2.509;1.570;1.000;2.290;0.009;1.406;10625
B31558;2015/03/01 01:19:08;10625;86;25.8;24.1;2.558;1.570;0.935;2.290;0.009;1.377;10626
B31558;2015/03/01 01:19:18;10626;83;30.6;25.3;2.683;1.548;0.935;2.290;0.009;1.412;10627
B31558;2015/03/01 01:19:28;10627;81;23.5;25.1;2.529;1.548;0.941;2.290;0.009;1.390;10628
B31558;2015/03/01 01:19:38;10628;89;24.5;25.1;2.470;1.541;0.941;2.290;0.016;1.406;10629
B31558;2015/03/01 01:19:48;10629;85;27.4;25.1;2.503;1.541;0.941;2.290;0.016;1.406;10630
B31558;2015/03/01 01:19:58;10630;74;32.5;24.8;2.503;1.545;0.941;2.322;0.016;1.377;10631
B31558;2015/03/01 01:20:08;10631;84;31.9;25.1;2.474;1.545;1.009;2.322;0.016;1.370;10632
B31558;2015/03/01 01:20:18;10632;74;27.0;25.0;2.632;1.558;1.009;2.322;0.054;1.380;10633
B31558;2015/03/01 01:20:28;10633;82;22.5;24.8;2.712;1.558;0.996;2.322;0.054;1.380;10634
B31558;2015/03/01 01:20:38;10634;74;27.4;25.1;2.503;1.529;0.996;2.287;0.054;1.377;10635
B31558;2015/03/01 01:20:48;10635;83;27.4;24.4;2.661;1.529;0.958;2.287;0.054;1.377;10636
B31558;2015/03/01 01:20:58;10636;79;25.8;24.8;2.496;1.574;0.958;2.287;0.016;1.367;10637
B31558;2015/03/01 01:21:08;10637;79;31.2;25.1;2.467;1.574;0.964;2.287;0.016;1.403;10638
B31558;2015/03/01 01:21:18;10638;93;23.8;24.6;2.687;1.545;0.964;2.306;0.016;1.358;10639
B31558;2015/03/01 01:21:28;10639;90;31.6;25.1;2.748;1.545;0.945;2.306;0.016;1.361;10640
B31558;2015/03/01 01:21:38;10640;83;31.6;25.1;2.516;1.567;0.945;2.306;0.029;1.361;10641
B31558;2015/03/01 01:21:48;10641;86;31.2;24.8;2.696;1.567;0.948;2.306;0.029;1.399;10642
B31558;2015/03/01 01:21:58;10642;84;26.7;24.8;2.464;1.535;0.948;2.290;0.029;1.399;10643
B31558;2015/03/01 01:22:08;10643;88;28.3;25.1;2.693;1.535;1.016;2.290;0.029;1.361;10644
B31558;2015/03/01 01:22:18;10644;76;32.9;25.1;2.474;1.558;1.016;2.290;0.016;1.370;10645
B31558;2015/03/01 01:22:28;10645;86;27.4;25.3;2.464;1.558;0.948;2.290;0.016;1.399;10646
B31558;2015/03/01 01:22:38;10646;87;33.5;24.8;2.738;1.561;0.948;2.322;0.016;1.396;10647
B31558;2015/03/01 01:22:48;10647;90;31.6;24.8;2.729;1.561;1.016;2.322;0.016;1.377;10648
B31558;2015/03/01 01:22:58;10648;83;25.4;24.8;2.661;1.554;1.016;2.322;0.132;1.416;10649
B31558;2015/03/01 01:23:08;10649;88;26.1;24.8;2.483;1.554;1.012;2.322;0.132;1.367;10650
B31558;2015/03/01 01:23:18;10650;88;30.0;24.6;2.738;1.567;1.012;2.293;0.132;1.422;10651
B31558;2015/03/01 01:23:28;10651;79;31.6;25.1;2.722;1.567;0.951;2.293;0.132;1.367;10652
B31558;2015/03/01 01:23:38;10652;75;30.6;25.7;2.654;1.529;0.951;2.293;0.012;1.370;10653
B31558;2015/03/01 01:23:48;10653;83;23.8;25.3;2.509;1.529;1.016;2.293;0.012;1.390;10654
B31558;2015/03/01 01:23:58;10654;83;23.2;24.8;2.693;1.541;1.016;2.287;0.012;1.412;10655
B31558;2015/03/01 01:24:08;10655;78;31.9;25.1;2.729;1.541;0.958;2.287;0.012;1.370;10656
B31558;2015/03/01 01:24:18;10656;76;26.4;25.0;2.470;1.574;0.958;2.287;0.080;1.387;10657
B31558;2015/03/01 01:24:28;10657;84;31.9;25.1;2.670;1.574;0.954;2.287;0.080;1.364;10658
B31558;2015/03/01 01:24:38;10658;86;26.7;25.0;2.706;1.574;0.954;2.303;0.080;1.387;10659
B31558;2015/03/01 01:24:48;10659;83;28.7;24.4;2.509;1.574;0.951;2.303;0.080;1.364;10660
B31558;2015/03/01 01:24:58;10660;86;23.8;25.0;2.554;1.561;0.951;2.303;0.087;1.377;10661
B31558;2015/03/01 01:25:08;10661;74;26.1;24.6;2.609;1.561;1.009;2.303;0.087;1.361;10662
B31558;2015/03/01 01:25:18;10662;78;30.6;24.8;2.525;1.574;1.009;2.345;0.087;1.377;10663
B31558;2015/03/01 01:25:28;10663;81;27.4;25.1;2.496;1.574;0.974;2.345;0.087;1.335;10664
B31558;2015/03/01 01:25:38;10664;93;25.4;24.6;2.738;1.538;0.974;2.345;0.006;1.370;10665
B31558;2015/03/01 01:25:48;10665;87;28.0;25.7;2.748;1.538;0.980;2.345;0.006;1.329;10666
B31558;2015/03/01 01:25:58;10666;87;23.8;25.7;2.664;1.567;0.980;2.341;0.006;1.335;10667
B31558;2015/03/01 01:26:08;10667;89;22.5;25.8;2.496;1.567;0.941;2.341;0.006;1.332;10668
B31558;2015/03/01 01:26:18;10668;82;31.2;25.8;2.551;1.577;0.941;2.341;0.025;1.332;10669
B31558;2015/03/01 01:26:28;10669;80;25.1;25.7;2.487;1.577;0.941;2.341;0.025;1.370;10670
B31558;2015/03/01 01:26:38;10670;82;26.7;25.3;2.706;1.580;0.941;2.325;0.025;1.335;10671
B31558;2015/03/01 01:26:48;10671;83;22.9;25.3;2.525;1.580;0.948;2.325;0.025;1.380;10672
B31558;2015/03/01 01:26:58;10672;72;23.2;25.5;2.554;1.532;0.948;2.325;0.006;1.338;10673
B31558;2015/03/01 01:27:08;10673;85;28.3;24.8;2.496;1.532;0.954;2.325;0.006;1.377;10674
B31558;2015/03/01 01:27:18;10674;85;26.7;25.0;2.490;1.538;0.954;2.351;0.006;1.354;10675
B31558;2015/03/01 01:27:28;10675;90;25.4;25.0;2.548;1.538;1.016;2.351;0.006;1.399;10676
B31558;2015/03/01 01:27:38;10676;84;25.1;25.0;2.529;1.577;1.016;2.351;0.016;1.367;10677
B31558;2015/03/01 01:27:48;10677;84;24.8;24.6;2.609;1.577;0.954;2.351;0.016;1.351;10678
B31558;2015/03/01 01:27:58;10678;88;26.7;24.6;2.470;1.548;0.954;2.351;0.016;1.370;10679
B31558;2015/03/01 01:28:08;10679;78;24.1;25.0;2.632;1.548;0.961;2.351;0.016;1.387;10680
B31558;2015/03/01 01:28:18;10680;80;29.3;25.7;2.738;1.551;0.961;2.351;0.006;1.412;10681
B31558;2015/03/01 01:28:28;10681;86;32.9;24.8;2.670;1.551;1.016;2.351;0.006;1.422;10682
B31558;2015/03/01 01:28:38;10682;83;25.8;25.0;2.735;1.574;1.016;2.338;0.006;1.387;10683
B31558;2015/03/01 01:28:48;10683;81;22.9;25.7;2.635;1.574;0.954;2.338;0.006;1.419;10684
B31558;2015/03/01 01:28:58;10684;85;27.0;25.5;2.487;1.541;0.954;2.338;0.009;1.406;10685
B31558;2015/03/01 01:29:08;10685;88;30.9;25.3;2.722;1.541;0.961;2.338;0.009;1.396;10686
B31558;2015/03/01 01:29:18;10686;83;27.4;25.3;2.738;1.545;0.961;2.283;0.009;1.438;10687
B31558;2015/03/01 01:29:28;10687;78;25.1;25.8;2.487;1.545;0.951;2.283;0.009;1.383;10688
B31558;2015/03/01 01:29:38;10688;89;24.8;25.5;2.722;1.535;0.951;2.283;0.000;1.383;10689
B31558;2015/03/01 01:29:48;10689;84;26.4;25.1;2.474;1.535;0.948;2.283;0.000;1.419;10690
B31558;2015/03/01 01:29:58;10690;84;30.6;25.7;2.635;1.564;0.948;2.312;0.000;1.403;10691
B31558;2015/03/01 01:30:08;10691;88;27.4;25.1;2.641;1.564;0.954;2.312;0.000;1.370;10692
B31558;2015/03/01 01:30:18;10692;87;22.5;25.7;2.458;1.535;0.954;2.312;0.000;1.370;10693
B31558;2015/03/01 01:30:28;10693;81;32.5;25.3;2.661;1.535;0.980;2.312;0.000;1.416;10694
B31558;2015/03/01 01:30:38;10694;93;30.0;25.0;2.483;1.577;0.980;2.254;0.000;1.380;10695
B31558;2015/03/01 01:30:48;10695;74;27.0;25.1;2.729;1.577;0.967;2.254;0.000;1.380;10696
B31558;2015/03/01 01:30:58;10696;88;28.7;25.8;2.551;1.545;0.967;2.254;0.006;1.377;10697
B31558;2015/03/01 01:31:08;10697;88;28.3;25.7;2.467;1.545;0.967;2.254;0.006;1.383;10698
B31558;2015/03/01 01:31:18;10698;79;25.4;25.0;2.738;1.564;0.967;2.287;0.006;1.399;10699
B31558;2015/03/01 01:31:28;10699;83;23.8;25.3;2.483;1.564;0.948;2.287;0.006;1.425;10700
B31558;2015/03/01 01:31:38;10700;80;28.7;25.7;2.709;1.551;0.948;2.287;0.067;1.406;10701
B31558;2015/03/01 01:31:48;10701;91;21.9;25.8;2.622;1.551;1.006;2.287;0.067;1.409;10702
B31558;2015/03/01 01:31:58;10702;87;28.0;25.7;2.732;1.541;1.006;2.303;0.067;1.412;10703
B31558;2015/03/01 01:32:08;10703;75;26.4;24.8;2.496;1.541;0.954;2.303;0.067;1.393;10704
B31558;2015/03/01 01:32:18;10704;78;22.9;25.5;2.458;1.567;0.954;2.303;0.061;1.409;10705
B31558;2015/03/01 01:32:28;10705;80;29.3;25.5;2.693;1.567;0.948;2.303;0.061;1.393;10706
B31558;2015/03/01 01:32:38;10706;77;27.4;25.5;2.490;1.570;0.948;2.338;0.061;1.419;10707
B31558;2015/03/01 01:32:48;10707;88;23.2;26.3;2.512;1.570;1.009;2.338;0.061;1.367;10708
B31558;2015/03/01 01:32:58;10708;87;31.6;25.5;2.506;1.561;1.009;2.338;0.022;1.416;10709
B31558;2015/03/01 01:33:08;10709;82;27.0;25.1;2.616;1.561;0.954;2.338;0.022;1.351;10710
B31558;2015/03/01 01:33:18;10710;88;22.5;25.7;2.519;1.538;0.954;2.306;0.022;1.348;10711
B31558;2015/03/01 01:33:28;10711;77;28.0;25.3;2.741;1.538;0.951;2.306;0.022;1.387;10712
B31558;2015/03/01 01:33:38;10712;78;26.4;25.1;2.483;1.583;0.951;2.306;0.012;1.354;10713
B31558;2015/03/01 01:33:48;10713;80;33.2;25.3;2.699;1.583;0.967;2.306;0.012;1.416;10714
B31558;2015/03/01 01:33:58;10714;92;31.6;25.5;2.593;1.545;0.967;2.306;0.012;1.380;10715
B31558;2015/03/01 01:34:08;10715;83;32.5;25.1;2.577;1.545;0.967;2.306;0.012;1.374;10716
B31558;2015/03/01 01:34:18;10716;81;24.5;25.7;2.493;1.561;0.967;2.306;0.016;1.374;10717
B31558;2015/03/01 01:34:28;10717;89;22.5;25.3;2.616;1.561;0.954;2.306;0.016;1.361;10718
B31558;2015/03/01 01:34:38;10718;89;32.5;25.8;2.483;1.545;0.954;2.293;0.016;1.409;10719
B31558;2015/03/01 01:34:48;10719;88;33.2;25.0;2.661;1.545;0.948;2.293;0.016;1.406;10720
B31558;2015/03/01 01:34:58;10720;89;23.2;25.5;2.683;1.538;0.948;2.293;0.006;1.393;10721
B31558;2015/03/01 01:35:08;10721;81;26.1;25.7;2.551;1.538;1.016;2.293;0.006;1.390;10722
B31558;2015/03/01 01:35:18;10722;90;26.7;25.1;2.735;1.587;1.016;2.290;0.006;1.370;10723
B31558;2015/03/01 01:35:28;10723;81;29.6;25.8;2.493;1.587;0.987;2.290;0.006;1.416;10724
B31558;2015/03/01 01:35:38;10724;93;28.7;25.0;2.719;1.551;0.987;2.290;0.035;1.399;10725
B31558;2015/03/01 01:35:48;10725;86;26.4;25.7;2.532;1.551;0.951;2.290;0.035;1.380;10726
B31558;2015/03/01 01:35:58;10726;86;25.1;25.8;2.464;1.541;0.951;2.299;0.035;1.361;10727
B31558;2015/03/01 01:36:08;10727;85;30.6;25.5;2.735;1.541;0.954;2.299;0.035;1.390;10728
B31558;2015/03/01 01:36:18;10728;78;23.8;25.7;2.590;1.541;0.954;2.299;0.006;1.361;10729
B31558;2015/03/01 01:36:28;10729;83;22.2;26.0;2.503;1.541;0.980;2.299;0.006;1.370;10730
B31558;2015/03/01 01:36:38;10730;78;28.3;25.8;2.506;1.583;0.980;2.338;0.006;1.367;10731
B31558;2015/03/01 01:36:48;10731;91;23.5;26.0;2.567;1.583;0.961;2.338;0.006;1.390;10732
B31558;2015/03/01 01:36:58;10732;81;31.9;25.8;2.590;1.558;0.961;2.338;0.006;1.377;10733
B31558;2015/03/01 01:37:08;10733;87;29.3;25.7;2.741;1.558;1.009;2.338;0.006;1.403;10734
B31558;2015/03/01 01:37:18;10734;83;30.6;26.2;2.609;1.548;1.009;2.287;0.006;1.351;10735
B31558;2015/03/01 01:37:28;10735;82;31.9;25.5;2.683;1.548;0.951;2.287;0.006;1.387;10736
B31558;2015/03/01 01:37:38;10736;83;23.2;25.5;2.464;1.545;0.951;2.287;0.051;1.399;10737
B31558;2015/03/01 01:37:48;10737;73;27.0;26.3;2.477;1.545;0.948;2.287;0.051;1.364;10738
B31558;2015/03/01 01:37:58;10738;85;25.1;25.7;2.470;1.561;0.948;2.309;0.051;1.409;10739
B31558;2015/03/01 01:38:08;10739;92;27.7;25.8;2.470;1.561;0.948;2.309;0.051;1.370;10740
B31558;2015/03/01 01:38:18;10740;80;30.9;25.3;2.667;1.577;0.948;2.309;0.012;1.377;10741
B31558;2015/03/01 01:38:28;10741;88;25.1;25.7;2.483;1.577;1.012;2.309;0.012;1.361;10742
B31558;2015/03/01 01:38:38;10742;92;30.6;26.0;2.687;1.545;1.012;2.319;0.012;1.393;10743
B31558;2015/03/01 01:38:48;10743;80;32.5;24.8;2.670;1.545;0.961;2.319;0.012;1.380;10744
B31558;2015/03/01 01:38:58;10744;82;24.1;25.1;2.716;1.583;0.961;2.319;0.009;1.364;10745
B31558;2015/03/01 01:39:08;10745;78;23.2;25.7;2.596;1.583;0.951;2.319;0.009;1.370;10746
B31558;2015/03/01 01:39:18;10746;89;26.7;25.0;2.477;1.551;0.951;2.293;0.009;1.364;10747
B31558;2015/03/01 01:39:28;10747;89;24.1;25.0;2.729;1.551;0.954;2.293;0.009;1.380;10748
B31558;2015/03/01 01:39:38;10748;88;26.1;25.5;2.493;1.558;0.954;2.293;0.006;1.354;10749
B31558;2015/03/01 01:39:48;10749;76;29.0;25.7;2.496;1.558;0.961;2.293;0.006;1.348;10750
B31558;2015/03/01 01:39:58;10750;87;23.2;25.7;2.512;1.583;0.961;2.303;0.006;1.396;10751
B31558;2015/03/01 01:40:08;10751;86;29.6;25.8;2.467;1.583;0.948;2.303;0.006;1.361;10752
B31558;2015/03/01 01:40:18;10752;85;27.4;25.0;2.470;1.577;0.948;2.303;0.006;1.345;10753
B31558;2015/03/01 01:40:28;10753;82;31.9;25.8;2.470;1.577;0.948;2.303;0.006;1.335;10754
B31558;2015/03/01 01:40:38;10754;78;31.6;25.8;2.741;1.551;0.948;2.306;0.006;1.387;10755
B31558;2015/03/01 01:40:48;10755;80;26.1;25.3;2.596;1.551;0.974;2.306;0.006;1.345;10756
B31558;2015/03/01 01:40:58;10756;81;22.5;26.0;2.500;1.558;0.974;2.306;0.029;1.380;10757
B31558;2015/03/01 01:41:08;10757;80;29.6;25.8;2.722;1.558;1.009;2.306;0.029;1.345;10758
B31558;2015/03/01 01:41:18;10758;85;29.3;26.2;2.674;1.577;1.009;2.309;0.029;1.370;10759
B31558;2015/03/01 01:41:28;10759;79;23.8;26.0;2.522;1.577;1.009;2.309;0.029;1.351;10760
B31558;2015/03/01 01:41:38;10760;88;24.8;25.8;2.470;1.561;1.009;2.309;0.000;1.364;10761
B31558;2015/03/01 01:41:48;10761;84;31.9;25.8;2.693;1.561;0.951;2.309;0.000;1.374;10762
B31558;2015/03/01 01:41:58;10762;93;29.3;26.0;2.667;1.574;0.951;2.338;0.000;1.345;10763
B31558;2015/03/01 01:42:08;10763;77;28.0;26.3;2.503;1.574;0.951;2.338;0.000;1.351;10764
B31558;2015/03/01 01:42:18;10764;88;29.3;26.0;2.693;1.548;0.951;2.338;0.009;1.361;10765
B31558;2015/03/01 01:42:28;10765;92;31.6;25.8;2.619;1.548;0.948;2.338;0.009;1.374;10766
B31558;2015/03/01 01:42:38;10766;83;30.6;25.8;2.590;1.567;0.948;2.309;0.009;1.406;10767
B31558;2015/03/01 01:42:48;10767;78;32.9;25.7;2.661;1.567;0.954;2.309;0.009;1.393;10768
B31558;2015/03/01 01:42:58;10768;86;22.9;26.0;2.474;1.596;0.954;2.309;0.009;1.396;10769
B31558;2015/03/01 01:43:08;10769;82;31.2;25.1;2.658;1.596;1.003;2.309;0.009;1.374;10770
B31558;2015/03/01 01:43:18;10770;81;22.5;26.2;2.619;1.551;1.003;2.306;0.009;1.393;10771
B31558;2015/03/01 01:43:28;10771;70;28.0;26.3;2.509;1.551;0.961;2.306;0.009;1.341;10772
B31558;2015/03/01 01:43:38;10772;86;23.8;25.8;2.696;1.551;0.961;2.306;0.006;1.390;10773
B31558;2015/03/01 01:43:48;10773;92;32.5;25.8;2.567;1.551;0.948;2.306;0.006;1.341;10774
B31558;2015/03/01 01:43:58;10774;93;29.0;26.0;2.545;1.545;0.948;2.312;0.006;1.338;10775
B31558;2015/03/01 01:44:08;10775;82;24.1;26.7;2.525;1.545;0.993;2.312;0.006;1.341;10776
B31558;2015/03/01 01:44:18;10776;83;26.4;25.5;2.458;1.545;0.993;2.312;0.000;1.374;10777
B31558;2015/03/01 01:44:28;10777;82;27.4;25.5;2.570;1.545;0.954;2.312;0.000;1.338;10778
B31558;2015/03/01 01:44:38;10778;88;26.1;25.5;2.725;1.551;0.954;2.303;0.000;1.380;10779
B31558;2015/03/01 01:44:48;10779;91;28.7;25.0;2.641;1.551;1.009;2.303;0.000;1.403;10780
B31558;2015/03/01 01:44:58;10780;88;33.2;25.8;2.696;1.574;1.009;2.303;0.025;1.374;10781
B31558;2015/03/01 01:45:08;10781;91;22.9;26.0;2.509;1.574;1.003;2.303;0.025;1.380;10782
B31558;2015/03/01 01:45:18;10782;81;25.4;25.5;2.483;1.567;1.003;2.261;0.025;1.351;10783
B31558;2015/03/01 01:45:28;10783;78;28.7;25.5;2.629;1.567;1.012;2.261;0.025;1.351;10784
B31558;2015/03/01 01:45:38;10784;83;24.5;25.7;2.477;1.567;1.012;2.261;0.061;1.387;10785
B31558;2015/03/01 01:45:48;10785;89;31.2;26.2;2.483;1.567;1.009;2.261;0.061;1.367;10786
B31558;2015/03/01 01:45:58;10786;82;32.9;26.3;2.477;1.590;1.009;2.264;0.061;1.354;10787
B31558;2015/03/01 01:46:08;10787;88;29.0;26.0;2.519;1.590;0.951;2.264;0.061;1.364;10788
B31558;2015/03/01 01:46:18;10788;80;25.8;26.2;2.470;1.596;0.951;2.264;0.119;1.335;10789
B31558;2015/03/01 01:46:28;10789;84;24.8;26.0;2.603;1.596;0.961;2.264;0.119;1.367;10790
B31558;2015/03/01 01:46:38;10790;89;26.4;26.3;2.512;1.554;0.961;2.274;0.119;1.374;10791
B31558;2015/03/01 01:46:48;10791;90;31.2;25.7;2.741;1.554;0.961;2.274;0.119;1.380;10792
B31558;2015/03/01 01:46:58;10792;87;33.2;26.2;2.716;1.561;0.961;2.274;0.077;1.374;10793
B31558;2015/03/01 01:47:08;10793;83;23.5;26.2;2.477;1.561;1.012;2.274;0.077;1.361;10794
B31558;2015/03/01 01:47:18;10794;91;31.6;26.0;2.641;1.580;1.012;2.277;0.077;1.345;10795
B31558;2015/03/01 01:47:28;10795;90;26.4;25.8;2.483;1.580;0.964;2.277;0.077;1.338;10796
B31558;2015/03/01 01:47:38;10796;74;22.5;26.2;2.696;1.570;0.964;2.277;0.025;1.393;10797
B31558;2015/03/01 01:47:48;10797;86;30.6;25.7;2.480;1.570;1.009;2.277;0.025;1.374;10798
B31558;2015/03/01 01:47:58;10798;80;27.0;25.7;2.477;1.590;1.009;2.351;0.025;1.374;10799
B31558;2015/03/01 01:48:08;10799;77;30.0;26.2;2.525;1.590;0.951;2.351;0.025;1.351;10800
B31558;2015/03/01 01:48:18;10800;83;32.5;26.0;2.506;1.596;0.951;2.351;0.006;1.367;10801
B31558;2015/03/01 01:48:28;10801;81;24.1;26.0;2.567;1.596;0.980;2.351;0.006;1.354;10802
B31558;2015/03/01 01:48:38;10802;83;26.1;25.1;2.738;1.580;0.980;2.332;0.006;1.351;10803
B31558;2015/03/01 01:48:48;10803;80;31.6;25.7;2.722;1.580;1.016;2.332;0.006;1.348;10804
B31558;2015/03/01 01:48:58;10804;89;30.6;26.3;2.674;1.551;1.016;2.332;0.067;1.345;10805
B31558;2015/03/01 01:49:08;10805;83;30.3;25.8;2.735;1.551;0.983;2.332;0.067;1.387;10806
B31558;2015/03/01 01:49:18;10806;93;31.6;26.0;2.732;1.548;0.983;2.264;0.067;1.354;10807
B31558;2015/03/01 01:49:28;10807;85;26.7;25.8;2.532;1.548;1.022;2.264;0.067;1.348;10808
B31558;2015/03/01 01:49:38;10808;93;30.0;25.7;2.483;1.580;1.022;2.264;0.012;1.383;10809
B31558;2015/03/01 01:49:48;10809;84;29.3;26.0;2.729;1.580;1.019;2.264;0.012;1.351;10810
B31558;2015/03/01 01:49:58;10810;88;23.2;25.8;2.467;1.587;1.019;2.283;0.012;1.354;10811
B31558;2015/03/01 01:50:08;10811;83;23.5;26.3;2.496;1.587;1.019;2.283;0.012;1.374;10812
B31558;2015/03/01 01:50:18;10812;85;28.0;25.7;2.680;1.548;1.019;2.283;0.041;1.364;10813
B31558;2015/03/01 01:50:28;10813;80;28.3;26.0;2.493;1.548;0.983;2.283;0.041;1.393;10814
B31558;2015/03/01 01:50:38;10814;84;25.8;25.8;2.738;1.548;0.983;2.283;0.041;1.370;10815
B31558;2015/03/01 01:50:48;10815;79;30.9;25.8;2.696;1.548;1.006;2.283;0.041;1.361;10816
B31558;2015/03/01 01:50:58;10816;80;30.9;26.0;2.709;1.561;1.006;2.283;0.000;1.377;10817
B31558;2015/03/01 01:51:08;10817;75;33.2;25.8;2.725;1.561;1.006;2.283;0.000;1.374;10818
B31558;2015/03/01 01:51:18;10818;88;24.8;26.2;2.487;1.577;1.006;2.248;0.000;1.364;10819
B31558;2015/03/01 01:51:28;10819;84;26.4;26.2;2.470;1.577;0.990;2.248;0.000;1.370;10820
B31558;2015/03/01 01:51:38;10820;88;24.1;26.0;2.503;1.596;0.990;2.248;0.006;1.367;10821
B31558;2015/03/01 01:51:48;10821;89;29.3;26.2;2.706;1.596;0.980;2.248;0.006;1.403;10822
B31558;2015/03/01 01:51:58;10822;91;22.5;26.2;2.464;1.570;0.980;2.258;0.006;1.377;10823
B31558;2015/03/01 01:52:08;10823;88;27.0;25.7;2.603;1.570;0.967;2.258;0.006;1.367;10824
B31558;2015/03/01 01:52:18;10824;82;23.2;26.3;2.458;1.567;0.967;2.258;0.012;1.380;10825
B31558;2015/03/01 01:52:28;10825;88;25.8;26.2;2.464;1.567;1.022;2.258;0.012;1.370;10826
B31558;2015/03/01 01:52:38;10826;82;28.0;26.3;2.464;1.551;1.022;2.322;0.012;1.383;10827
B31558;2015/03/01 01:52:48;10827;78;29.6;26.2;2.477;1.551;0.954;2.322;0.012;1.374;10828
B31558;2015/03/01 01:52:58;10828;87;23.8;26.2;2.458;1.583;0.954;2.322;0.006;1.374;10829
B31558;2015/03/01 01:53:08;10829;77;29.0;26.2;2.654;1.583;0.951;2.322;0.006;1.399;10830
B31558;2015/03/01 01:53:18;10830;92;23.2;26.3;2.658;1.570;0.951;2.296;0.006;1.399;10831
B31558;2015/03/01 01:53:28;10831;88;30.6;26.5;2.716;1.570;0.967;2.296;0.006;1.361;10832
B31558;2015/03/01 01:53:38;10832;84;32.2;26.2;2.512;1.548;0.967;2.296;0.099;1.383;10833
B31558;2015/03/01 01:53:48;10833;77;27.7;25.7;2.577;1.548;0.961;2.296;0.099;1.406;10834
B31558;2015/03/01 01:53:58;10834;77;28.0;26.5;2.687;1.548;0.961;2.341;0.099;1.370;10835
B31558;2015/03/01 01:54:08;10835;83;23.5;26.2;2.477;1.548;0.958;2.341;0.099;1.383;10836
B31558;2015/03/01 01:54:18;10836;79;30.3;26.5;2.738;1.580;0.958;2.341;0.035;1.367;10837
B31558;2015/03/01 01:54:28;10837;91;26.1;26.0;2.519;1.580;0.996;2.341;0.035;1.403;10838
B31558;2015/03/01 01:54:38;10838;86;28.0;25.5;2.732;1.590;0.996;2.290;0.035;1.364;10839
B31558;2015/03/01 01:54:48;10839;80;30.9;25.8;2.493;1.590;0.974;2.290;0.035;1.393;10840
B31558;2015/03/01 01:54:58;10840;78;23.2;26.5;2.577;1.574;0.974;2.290;0.006;1.396;10841
B31558;2015/03/01 01:55:08;10841;79;26.7;26.3;2.470;1.574;1.019;2.290;0.006;1.377;10842
B31558;2015/03/01 01:55:18;10842;87;33.2;26.5;2.587;1.548;1.019;2.309;0.006;1.387;10843
B31558;2015/03/01 01:55:28;10843;88;29.0;26.2;2.741;1.548;1.025;2.309;0.006;1.374;10844
B31558;2015/03/01 01:55:38;10844;73;23.2;25.8;2.490;1.554;1.025;2.309;0.022;1.425;10845
B31558;2015/03/01 01:55:48;10845;83;25.4;25.8;2.596;1.554;0.961;2.309;0.022;1.409;10846
B31558;2015/03/01 01:55:58;10846;87;24.1;26.3;2.480;1.599;0.961;2.303;0.022;1.370;10847
B31558;2015/03/01 01:56:08;10847;83;30.0;26.2;2.748;1.599;1.025;2.303;0.022;1.374;10848
B31558;2015/03/01 01:56:18;10848;82;22.5;25.7;2.493;1.548;1.025;2.303;0.112;1.387;10849
B31558;2015/03/01 01:56:28;10849;73;32.2;25.8;2.693;1.548;1.000;2.303;0.112;1.387;10850
B31558;2015/03/01 01:56:38;10850;86;26.4;25.8;2.477;1.567;1.000;2.274;0.112;1.396;10851
B31558;2015/03/01 01:56:48;10851;85;31.9;26.0;2.667;1.567;0.980;2.274;0.112;1.403;10852
B31558;2015/03/01 01:56:58;10852;90;24.8;25.7;2.522;1.558;0.980;2.274;0.006;1.370;10853
B31558;2015/03/01 01:57:08;10853;81;32.5;25.8;2.719;1.558;1.022;2.274;0.006;1.370;10854
B31558;2015/03/01 01:57:18;10854;84;25.8;25.5;2.732;1.590;1.022;2.261;0.006;1.374;10855
B31558;2015/03/01 01:57:28;10855;78;22.5;26.7;2.522;1.590;0.961;2.261;0.006;1.387;10856
B31558;2015/03/01 01:57:38;10856;83;26.7;26.2;2.622;1.574;0.961;2.261;0.035;1.377;10857
B31558;2015/03/01 01:57:48;10857;83;30.9;26.2;2.716;1.574;0.974;2.261;0.035;1.348;10858
B31558;2015/03/01 01:57:58;10858;92;32.2;26.0;2.658;1.593;0.974;2.309;0.035;1.377;10859
B31558;2015/03/01 01:58:08;10859;86;29.6;26.3;2.741;1.593;0.983;2.309;0.035;1.338;10860
B31558;2015/03/01 01:58:18;10860;79;26.7;26.7;2.483;1.554;0.983;2.309;0.016;1.374;10861
B31558;2015/03/01 01:58:28;10861;83;23.8;26.0;2.490;1.554;0.974;2.309;0.016;1.393;10862
B31558;2015/03/01 01:58:38;10862;88;24.8;26.3;2.738;1.554;0.974;2.290;0.016;1.341;10863
B31558;2015/03/01 01:58:48;10863;89;30.9;26.2;2.735;1.554;0.983;2.290;0.016;1.341;10864
B31558;2015/03/01 01:58:58;10864;89;25.4;25.5;2.477;1.551;0.983;2.290;0.048;1.387;10865
B31558;2015/03/01 01:59:08;10865;86;22.9;26.5;2.674;1.551;0.974;2.290;0.048;1.338;10866
B31558;2015/03/01 01:59:18;10866;92;23.8;26.3;2.600;1.567;0.974;2.280;0.048;1.387;10867
B31558;2015/03/01 01:59:28;10867;86;30.3;26.2;2.464;1.567;0.974;2.280;0.048;1.358;10868
B31558;2015/03/01 01:59:38;10868;84;28.0;26.2;2.464;1.580;0.974;2.280;0.009;1.396;10869
B31558;2015/03/01 01:59:48;10869;91;31.2;25.8;2.641;1.580;0.954;2.280;0.009;1.390;10870
B31558;2015/03/01 01:59:58;10870;84;27.7;26.2;2.654;1.587;0.954;2.290;0.009;1.412;10871
B31558;2015/03/01 02:00:08;10871;77;30.6;26.2;2.712;1.587;1.003;2.290;0.009;1.406;10872
B31558;2015/03/01 02:00:18;10872;88;25.1;26.3;2.490;1.551;1.003;2.290;0.009;1.396;10873
B31558;2015/03/01 02:00:28;10873;91;24.1;26.9;2.509;1.551;0.958;2.290;0.009;1.364;10874
B31558;2015/03/01 02:00:38;10874;91;22.2;26.3;2.716;1.599;0.958;2.293;0.009;1.374;10875
B31558;2015/03/01 02:00:48;10875;83;31.9;26.2;2.587;1.599;1.016;2.293;0.009;1.393;10876
