B315F1;2015/03/07 00:00:07;3212;85;25.8;23.1;2.712;1.438;0.980;1.822;0.009;1.409;3213
B315F1;2015/03/07 00:00:17;3213;91;27.0;22.7;2.858;1.438;0.961;1.822;0.009;1.429;3214
B315F1;2015/03/07 00:00:28;3214;85;27.7;23.4;2.745;1.403;0.961;1.812;0.009;1.390;3215
B315F1;2015/03/07 00:00:37;3215;88;29.0;23.6;2.680;1.403;0.945;1.812;0.009;1.419;3216
B315F1;2015/03/07 00:00:47;3216;91;26.7;23.7;2.829;1.412;0.945;1.812;0.006;1.416;3217
B315F1;2015/03/07 00:00:57;3217;89;30.0;23.4;2.625;1.412;0.945;1.812;0.006;1.419;3218
B315F1;2015/03/07 00:01:07;3218;88;26.1;23.7;2.667;1.416;0.945;1.790;0.006;1.383;3219
B315F1;2015/03/07 00:01:17;3219;88;26.4;23.2;2.803;1.416;0.996;1.790;0.006;1.380;3220
B315F1;2015/03/07 00:01:27;3220;86;30.0;22.7;2.806;1.416;0.996;1.790;0.000;1.399;3221
B315F1;2015/03/07 00:01:37;3221;86;25.4;23.6;2.667;1.416;0.945;1.790;0.000;1.409;3222
B315F1;2015/03/07 00:01:47;3222;83;24.8;23.4;2.738;1.393;0.945;1.780;0.000;1.383;3223
B315F1;2015/03/07 00:01:57;3223;89;29.3;23.7;2.858;1.393;0.974;1.780;0.000;1.370;3224
B315F1;2015/03/07 00:02:07;3224;87;31.2;23.9;2.816;1.396;0.974;1.780;0.000;1.396;3225
B315F1;2015/03/07 00:02:17;3225;87;26.4;22.9;2.783;1.396;0.941;1.780;0.000;1.364;3226
B315F1;2015/03/07 00:02:28;3226;81;30.3;23.1;2.658;1.396;0.941;1.803;0.000;1.399;3227
B315F1;2015/03/07 00:02:37;3227;83;28.3;23.6;2.641;1.396;0.954;1.803;0.000;1.412;3228
B315F1;2015/03/07 00:02:47;3228;83;27.0;23.4;2.703;1.416;0.954;1.803;0.006;1.374;3229
B315F1;2015/03/07 00:02:57;3229;84;25.1;22.9;2.758;1.416;0.941;1.803;0.006;1.406;3230
B315F1;2015/03/07 00:03:07;3230;88;24.5;23.6;2.635;1.416;0.941;1.783;0.006;1.393;3231
B315F1;2015/03/07 00:03:17;3231;89;26.4;22.7;2.864;1.416;0.951;1.783;0.006;1.416;3232
B315F1;2015/03/07 00:03:27;3232;81;25.1;23.7;2.658;1.412;0.951;1.783;0.070;1.399;3233
B315F1;2015/03/07 00:03:37;3233;84;25.4;22.9;2.858;1.412;0.970;1.783;0.070;1.374;3234
B315F1;2015/03/07 00:03:48;3234;83;28.7;23.4;2.858;1.399;0.970;1.787;0.070;1.396;3235
B315F1;2015/03/07 00:03:57;3235;89;25.8;23.6;2.664;1.399;0.996;1.787;0.070;1.403;3236
B315F1;2015/03/07 00:04:07;3236;91;28.7;23.7;2.777;1.406;0.996;1.787;0.022;1.383;3237
B315F1;2015/03/07 00:04:17;3237;82;27.7;23.6;2.825;1.406;0.945;1.787;0.022;1.393;3238
B315F1;2015/03/07 00:04:28;3238;90;27.4;23.4;2.841;1.412;0.945;1.793;0.022;1.399;3239
B315F1;2015/03/07 00:04:37;3239;80;27.0;22.9;2.858;1.412;0.951;1.793;0.022;1.425;3240
B315F1;2015/03/07 00:04:47;3240;88;28.7;23.2;2.761;1.429;0.951;1.793;0.000;1.393;3241
B315F1;2015/03/07 00:04:57;3241;83;26.1;22.9;2.732;1.429;0.945;1.793;0.000;1.419;3242
B315F1;2015/03/07 00:05:08;3242;90;31.2;22.9;2.632;1.396;0.945;1.793;0.000;1.409;3243
B315F1;2015/03/07 00:05:17;3243;91;26.4;23.2;2.770;1.396;0.945;1.793;0.000;1.416;3244
B315F1;2015/03/07 00:05:27;3244;90;27.0;23.4;2.709;1.429;0.945;1.793;0.022;1.425;3245
B315F1;2015/03/07 00:05:37;3245;83;27.0;23.2;2.751;1.429;0.948;1.793;0.022;1.374;3246
B315F1;2015/03/07 00:05:48;3246;94;31.9;23.2;2.854;1.399;0.948;1.812;0.022;1.377;3247
B315F1;2015/03/07 00:05:57;3247;89;32.2;23.2;2.632;1.399;0.993;1.812;0.022;1.380;3248
B315F1;2015/03/07 00:06:07;3248;93;25.8;23.6;2.667;1.403;0.993;1.812;0.000;1.383;3249
B315F1;2015/03/07 00:06:17;3249;83;27.4;23.4;2.793;1.403;0.980;1.812;0.000;1.383;3250
B315F1;2015/03/07 00:06:28;3250;90;32.5;23.7;2.858;1.425;0.980;1.829;0.000;1.429;3251
B315F1;2015/03/07 00:06:37;3251;81;28.0;23.7;2.799;1.425;0.941;1.829;0.000;1.429;3252
B315F1;2015/03/07 00:06:47;3252;87;30.6;22.9;2.851;1.393;0.941;1.829;0.006;1.419;3253
B315F1;2015/03/07 00:06:57;3253;92;30.3;23.6;2.641;1.393;1.000;1.829;0.006;1.377;3254
B315F1;2015/03/07 00:07:08;3254;88;26.4;23.6;2.667;1.419;1.000;1.787;0.006;1.406;3255
B315F1;2015/03/07 00:07:17;3255;80;30.0;23.4;2.667;1.419;0.954;1.787;0.006;1.383;3256
B315F1;2015/03/07 00:07:27;3256;87;29.6;23.2;2.835;1.399;0.954;1.787;0.022;1.370;3257
B315F1;2015/03/07 00:07:37;3257;92;26.4;22.9;2.761;1.399;0.954;1.787;0.022;1.416;3258
B315F1;2015/03/07 00:07:48;3258;93;27.7;22.7;2.654;1.396;0.954;1.787;0.022;1.416;3259
B315F1;2015/03/07 00:07:57;3259;87;26.4;23.2;2.770;1.396;0.941;1.787;0.022;1.399;3260
B315F1;2015/03/07 00:08:07;3260;88;30.9;23.1;2.648;1.396;0.941;1.787;0.035;1.435;3261
B315F1;2015/03/07 00:08:17;3261;81;27.4;22.7;2.812;1.396;0.970;1.787;0.035;1.383;3262
B315F1;2015/03/07 00:08:28;3262;83;31.2;23.6;2.832;1.396;0.970;1.822;0.035;1.412;3263
B315F1;2015/03/07 00:08:37;3263;88;28.7;23.4;2.664;1.396;0.941;1.822;0.035;1.390;3264
B315F1;2015/03/07 00:08:47;3264;90;26.7;23.7;2.674;1.390;0.941;1.822;0.000;1.383;3265
B315F1;2015/03/07 00:08:57;3265;88;28.0;23.1;2.658;1.390;0.941;1.822;0.000;1.396;3266
B315F1;2015/03/07 00:09:08;3266;83;28.7;23.2;2.848;1.406;0.941;1.777;0.000;1.419;3267
B315F1;2015/03/07 00:09:17;3267;87;26.4;23.6;2.764;1.406;0.987;1.777;0.000;1.425;3268
B315F1;2015/03/07 00:09:27;3268;84;27.7;22.7;2.625;1.406;0.987;1.777;0.006;1.403;3269
B315F1;2015/03/07 00:09:37;3269;89;24.8;23.9;2.641;1.406;1.003;1.777;0.006;1.383;3270
B315F1;2015/03/07 00:09:48;3270;89;26.4;23.4;2.632;1.429;1.003;1.803;0.006;1.377;3271
B315F1;2015/03/07 00:09:57;3271;84;24.8;23.2;2.667;1.429;0.987;1.803;0.006;1.380;3272
B315F1;2015/03/07 00:10:07;3272;83;30.6;23.6;2.835;1.393;0.987;1.803;0.106;1.412;3273
B315F1;2015/03/07 00:10:17;3273;81;24.8;23.7;2.706;1.393;0.954;1.803;0.106;1.399;3274
B315F1;2015/03/07 00:10:28;3274;91;29.0;22.9;2.835;1.435;0.954;1.822;0.106;1.406;3275
B315F1;2015/03/07 00:10:37;3275;83;29.3;23.1;2.632;1.435;0.967;1.822;0.106;1.383;3276
B315F1;2015/03/07 00:10:47;3276;80;28.7;23.2;2.761;1.438;0.967;1.822;0.006;1.409;3277
B315F1;2015/03/07 00:10:57;3277;84;29.3;23.4;2.629;1.438;0.996;1.822;0.006;1.396;3278
B315F1;2015/03/07 00:11:08;3278;94;27.7;23.4;2.751;1.393;0.996;1.761;0.006;1.412;3279
B315F1;2015/03/07 00:11:17;3279;87;24.8;23.6;2.680;1.393;0.987;1.761;0.006;1.390;3280
B315F1;2015/03/07 00:11:27;3280;86;25.8;23.6;2.783;1.425;0.987;1.761;0.000;1.409;3281
B315F1;2015/03/07 00:11:37;3281;83;26.4;22.9;2.761;1.425;0.977;1.761;0.000;1.409;3282
B315F1;2015/03/07 00:11:48;3282;88;28.7;23.1;2.858;1.396;0.977;1.803;0.000;1.380;3283
B315F1;2015/03/07 00:11:57;3283;82;28.7;23.2;2.635;1.396;0.980;1.803;0.000;1.387;3284
B315F1;2015/03/07 00:12:07;3284;85;25.8;23.4;2.796;1.422;0.980;1.803;0.006;1.419;3285
B315F1;2015/03/07 00:12:17;3285;75;29.3;23.2;2.851;1.422;0.954;1.803;0.006;1.374;3286
B315F1;2015/03/07 00:12:28;3286;92;24.8;23.1;2.651;1.429;0.954;1.770;0.006;1.396;3287
B315F1;2015/03/07 00:12:37;3287;83;29.6;23.4;2.758;1.429;0.948;1.770;0.006;1.422;3288
B315F1;2015/03/07 00:12:47;3288;88;24.8;23.4;2.648;1.393;0.948;1.770;0.000;1.399;3289
B315F1;2015/03/07 00:12:57;3289;77;29.0;23.6;2.680;1.393;0.941;1.770;0.000;1.374;3290
B315F1;2015/03/07 00:13:08;3290;88;29.0;22.7;2.835;1.425;0.941;1.809;0.000;1.409;3291
B315F1;2015/03/07 00:13:17;3291;87;28.7;23.4;2.851;1.425;0.941;1.809;0.000;1.406;3292
B315F1;2015/03/07 00:13:27;3292;90;28.0;23.9;2.764;1.409;0.941;1.809;0.000;1.390;3293
B315F1;2015/03/07 00:13:37;3293;80;27.4;22.7;2.858;1.409;0.974;1.809;0.000;1.364;3294
B315F1;2015/03/07 00:13:48;3294;89;24.8;23.4;2.648;1.390;0.974;1.822;0.000;1.390;3295
B315F1;2015/03/07 00:13:57;3295;93;29.3;23.4;2.851;1.390;0.977;1.822;0.000;1.396;3296
B315F1;2015/03/07 00:14:07;3296;87;26.7;23.2;2.716;1.403;0.977;1.822;0.000;1.403;3297
B315F1;2015/03/07 00:14:17;3297;84;28.0;23.2;2.654;1.403;0.945;1.822;0.000;1.370;3298
B315F1;2015/03/07 00:14:28;3298;81;29.3;23.6;2.835;1.419;0.945;1.787;0.000;1.403;3299
B315F1;2015/03/07 00:14:37;3299;87;30.6;23.4;2.861;1.419;0.945;1.787;0.000;1.387;3300
B315F1;2015/03/07 00:14:47;3300;83;27.0;23.4;2.745;1.419;0.945;1.787;0.000;1.390;3301
B315F1;2015/03/07 00:14:57;3301;88;32.5;23.2;2.825;1.419;1.003;1.787;0.000;1.393;3302
B315F1;2015/03/07 00:15:08;3302;88;32.5;23.4;2.858;1.390;1.003;1.774;0.000;1.403;3303
B315F1;2015/03/07 00:15:17;3303;90;29.6;23.2;2.745;1.390;1.000;1.774;0.000;1.380;3304
B315F1;2015/03/07 00:15:27;3304;88;24.8;23.7;2.664;1.399;1.000;1.774;0.000;1.416;3305
B315F1;2015/03/07 00:15:37;3305;83;27.4;23.6;2.832;1.399;0.948;1.774;0.000;1.403;3306
B315F1;2015/03/07 00:15:48;3306;85;27.4;22.9;2.638;1.406;0.948;1.780;0.000;1.396;3307
B315F1;2015/03/07 00:15:57;3307;78;26.4;23.1;2.861;1.406;0.948;1.780;0.000;1.393;3308
B315F1;2015/03/07 00:16:07;3308;86;27.4;22.9;2.625;1.416;0.948;1.780;0.000;1.403;3309
B315F1;2015/03/07 00:16:17;3309;91;26.1;22.9;2.748;1.416;0.941;1.780;0.000;1.416;3310
B315F1;2015/03/07 00:16:28;3310;80;24.8;23.1;2.645;1.429;0.941;1.812;0.000;1.393;3311
B315F1;2015/03/07 00:16:37;3311;85;31.2;23.4;2.674;1.429;0.951;1.812;0.000;1.383;3312
B315F1;2015/03/07 00:16:47;3312;88;26.1;23.4;2.777;1.403;0.951;1.812;0.093;1.393;3313
B315F1;2015/03/07 00:16:57;3313;76;25.4;23.2;2.832;1.403;0.964;1.812;0.093;1.367;3314
B315F1;2015/03/07 00:17:08;3314;89;28.7;23.4;2.854;1.396;0.964;1.800;0.093;1.416;3315
B315F1;2015/03/07 00:17:17;3315;93;29.0;23.6;2.809;1.396;0.993;1.800;0.093;1.358;3316
B315F1;2015/03/07 00:17:27;3316;92;25.1;23.6;2.651;1.396;0.993;1.800;0.006;1.390;3317
B315F1;2015/03/07 00:17:37;3317;88;26.7;23.4;2.835;1.396;0.967;1.800;0.006;1.383;3318
B315F1;2015/03/07 00:17:48;3318;83;28.0;24.6;2.851;1.393;0.967;1.780;0.006;1.387;3319
B315F1;2015/03/07 00:17:57;3319;94;27.7;22.5;2.819;1.393;0.948;1.780;0.006;1.367;3320
B315F1;2015/03/07 00:18:07;3320;76;25.1;23.4;2.645;1.412;0.948;1.780;0.006;1.409;3321
B315F1;2015/03/07 00:18:17;3321;81;32.5;22.9;2.809;1.412;0.945;1.780;0.006;1.380;3322
B315F1;2015/03/07 00:18:28;3322;87;28.7;22.9;2.832;1.390;0.945;1.774;0.006;1.377;3323
B315F1;2015/03/07 00:18:37;3323;86;31.9;23.1;2.625;1.390;0.987;1.774;0.006;1.399;3324
B315F1;2015/03/07 00:18:47;3324;96;25.1;23.4;2.645;1.403;0.987;1.774;0.000;1.390;3325
B315F1;2015/03/07 00:18:57;3325;82;24.8;23.2;2.667;1.403;0.967;1.774;0.000;1.390;3326
B315F1;2015/03/07 00:19:08;3326;95;27.4;23.6;2.719;1.425;0.967;1.796;0.000;1.416;3327
B315F1;2015/03/07 00:19:17;3327;91;28.7;23.4;2.722;1.425;0.987;1.796;0.000;1.406;3328
B315F1;2015/03/07 00:19:27;3328;91;29.3;23.2;2.783;1.406;0.987;1.796;0.000;1.370;3329
B315F1;2015/03/07 00:19:37;3329;86;26.4;22.9;2.803;1.406;0.935;1.796;0.000;1.416;3330
B315F1;2015/03/07 00:19:48;3330;83;25.8;23.4;2.729;1.396;0.935;1.803;0.000;1.387;3331
B315F1;2015/03/07 00:19:57;3331;83;30.0;23.2;2.738;1.396;0.974;1.803;0.000;1.387;3332
B315F1;2015/03/07 00:20:07;3332;92;27.0;23.4;2.825;1.419;0.974;1.803;0.048;1.419;3333
B315F1;2015/03/07 00:20:17;3333;87;25.8;23.2;2.667;1.419;0.948;1.803;0.048;1.358;3334
B315F1;2015/03/07 00:20:28;3334;87;29.3;22.7;2.854;1.387;0.948;1.774;0.048;1.367;3335
B315F1;2015/03/07 00:20:37;3335;92;29.0;23.6;2.687;1.387;0.941;1.774;0.048;1.367;3336
B315F1;2015/03/07 00:20:47;3336;92;29.6;23.2;2.858;1.416;0.941;1.774;0.016;1.390;3337
B315F1;2015/03/07 00:20:57;3337;88;25.1;22.9;2.738;1.416;0.970;1.774;0.016;1.370;3338
B315F1;2015/03/07 00:21:08;3338;94;27.7;23.2;2.812;1.409;0.970;1.800;0.016;1.367;3339
B315F1;2015/03/07 00:21:17;3339;93;25.4;22.9;2.732;1.409;0.974;1.800;0.016;1.364;3340
B315F1;2015/03/07 00:21:27;3340;86;30.3;22.7;2.651;1.409;0.974;1.800;0.006;1.380;3341
B315F1;2015/03/07 00:21:37;3341;83;32.2;23.4;2.667;1.409;0.961;1.800;0.006;1.396;3342
B315F1;2015/03/07 00:21:48;3342;89;25.8;23.2;2.716;1.416;0.961;1.780;0.006;1.390;3343
B315F1;2015/03/07 00:21:57;3343;93;26.1;22.7;2.790;1.416;1.006;1.780;0.006;1.367;3344
B315F1;2015/03/07 00:22:07;3344;87;24.8;23.6;2.664;1.409;1.006;1.780;0.006;1.409;3345
B315F1;2015/03/07 00:22:17;3345;90;28.7;23.1;2.864;1.409;0.951;1.780;0.006;1.374;3346
B315F1;2015/03/07 00:22:28;3346;96;24.8;23.6;2.648;1.412;0.951;1.832;0.006;1.393;3347
B315F1;2015/03/07 00:22:37;3347;88;27.4;23.2;2.651;1.412;0.951;1.832;0.006;1.383;3348
B315F1;2015/03/07 00:22:47;3348;82;27.4;22.7;2.664;1.409;0.951;1.832;0.000;1.367;3349
B315F1;2015/03/07 00:22:57;3349;88;30.9;23.2;2.635;1.409;0.987;1.832;0.000;1.419;3350
B315F1;2015/03/07 00:23:08;3350;80;25.4;23.4;2.770;1.419;0.987;1.793;0.000;1.399;3351
B315F1;2015/03/07 00:23:17;3351;81;27.0;23.7;2.770;1.419;0.990;1.793;0.000;1.422;3352
B315F1;2015/03/07 00:23:27;3352;94;29.6;23.4;2.812;1.393;0.990;1.793;0.080;1.425;3353
B315F1;2015/03/07 00:23:37;3353;93;24.8;23.6;2.667;1.393;0.951;1.793;0.080;1.412;3354
B315F1;2015/03/07 00:23:48;3354;88;28.7;23.7;2.770;1.425;0.951;1.825;0.080;1.412;3355
B315F1;2015/03/07 00:23:57;3355;81;26.1;23.1;2.783;1.425;0.948;1.825;0.080;1.396;3356
B315F1;2015/03/07 00:24:07;3356;89;29.3;23.2;2.629;1.390;0.948;1.825;0.000;1.396;3357
B315F1;2015/03/07 00:24:17;3357;78;28.7;22.5;2.722;1.390;0.961;1.825;0.000;1.393;3358
B315F1;2015/03/07 00:24:28;3358;89;30.9;23.2;2.848;1.393;0.961;1.835;0.000;1.403;3359
B315F1;2015/03/07 00:24:37;3359;87;30.3;23.2;2.638;1.393;0.954;1.835;0.000;1.406;3360
B315F1;2015/03/07 00:24:47;3360;86;27.4;22.5;2.670;1.435;0.954;1.835;0.000;1.377;3361
B315F1;2015/03/07 00:24:57;3361;89;24.8;23.6;2.674;1.435;0.951;1.835;0.000;1.412;3362
B315F1;2015/03/07 00:25:08;3362;88;29.3;23.6;2.854;1.393;0.951;1.835;0.000;1.416;3363
B315F1;2015/03/07 00:25:17;3363;86;24.8;23.6;2.677;1.393;1.006;1.835;0.000;1.396;3364
B315F1;2015/03/07 00:25:27;3364;93;29.6;23.6;2.838;1.393;1.006;1.835;0.029;1.383;3365
B315F1;2015/03/07 00:25:37;3365;88;29.3;23.4;2.651;1.393;0.964;1.835;0.029;1.416;3366
B315F1;2015/03/07 00:25:48;3366;83;30.3;22.7;2.854;1.425;0.964;1.812;0.029;1.412;3367
B315F1;2015/03/07 00:25:57;3367;93;29.6;23.2;2.651;1.425;1.009;1.812;0.029;1.396;3368
B315F1;2015/03/07 00:26:07;3368;88;25.8;23.4;2.667;1.419;1.009;1.812;0.006;1.416;3369
B315F1;2015/03/07 00:26:17;3369;92;29.6;23.4;2.654;1.419;1.009;1.812;0.006;1.435;3370
B315F1;2015/03/07 00:26:28;3370;93;25.1;23.4;2.645;1.396;1.009;1.825;0.006;1.412;3371
B315F1;2015/03/07 00:26:37;3371;86;28.3;23.2;2.658;1.396;0.954;1.825;0.006;1.399;3372
B315F1;2015/03/07 00:26:47;3372;92;28.7;23.4;2.864;1.412;0.954;1.825;0.006;1.396;3373
B315F1;2015/03/07 00:26:57;3373;80;32.9;22.7;2.838;1.412;0.948;1.825;0.006;1.429;3374
B315F1;2015/03/07 00:27:08;3374;91;28.7;22.7;2.654;1.399;0.948;1.812;0.006;1.406;3375
B315F1;2015/03/07 00:27:17;3375;85;26.1;23.2;2.751;1.399;0.980;1.812;0.006;1.399;3376
B315F1;2015/03/07 00:27:27;3376;79;30.6;23.2;2.825;1.432;0.980;1.812;0.000;1.432;3377
B315F1;2015/03/07 00:27:37;3377;81;31.2;23.4;2.635;1.432;0.945;1.812;0.000;1.425;3378
B315F1;2015/03/07 00:27:48;3378;90;27.0;23.7;2.693;1.390;0.945;1.832;0.000;1.419;3379
B315F1;2015/03/07 00:27:57;3379;93;28.3;23.7;2.699;1.390;0.945;1.832;0.000;1.403;3380
B315F1;2015/03/07 00:28:07;3380;83;32.5;23.7;2.745;1.403;0.945;1.832;0.000;1.393;3381
B315F1;2015/03/07 00:28:17;3381;86;28.3;23.4;2.651;1.403;1.006;1.832;0.000;1.422;3382
B315F1;2015/03/07 00:28:28;3382;86;29.0;23.4;2.861;1.393;1.006;1.832;0.000;1.403;3383
B315F1;2015/03/07 00:28:37;3383;88;29.0;23.6;2.699;1.393;0.954;1.832;0.000;1.435;3384
B315F1;2015/03/07 00:28:47;3384;90;29.3;23.7;2.803;1.432;0.954;1.832;0.000;1.435;3385
B315F1;2015/03/07 00:28:57;3385;81;28.7;22.7;2.841;1.432;1.009;1.832;0.000;1.406;3386
B315F1;2015/03/07 00:29:08;3386;83;26.7;23.2;2.835;1.435;1.009;1.819;0.000;1.396;3387
B315F1;2015/03/07 00:29:17;3387;89;24.8;23.2;2.803;1.435;0.954;1.819;0.000;1.399;3388
B315F1;2015/03/07 00:29:27;3388;85;29.0;23.1;2.845;1.412;0.954;1.819;0.000;1.441;3389
B315F1;2015/03/07 00:29:37;3389;85;31.6;23.6;2.664;1.412;1.009;1.819;0.000;1.422;3390
B315F1;2015/03/07 00:29:48;3390;89;28.7;23.7;2.764;1.416;1.009;1.841;0.000;1.438;3391
B315F1;2015/03/07 00:29:57;3391;93;24.8;23.2;2.664;1.416;0.954;1.841;0.000;1.393;3392
B315F1;2015/03/07 00:30:07;3392;78;30.6;23.6;2.816;1.419;0.954;1.841;0.000;1.441;3393
B315F1;2015/03/07 00:30:17;3393;86;29.3;23.4;2.629;1.419;0.958;1.841;0.000;1.403;3394
B315F1;2015/03/07 00:30:28;3394;94;24.8;23.1;2.651;1.432;0.958;1.819;0.000;1.425;3395
B315F1;2015/03/07 00:30:37;3395;84;30.9;23.4;2.641;1.432;0.958;1.819;0.000;1.412;3396
B315F1;2015/03/07 00:30:47;3396;91;24.8;23.4;2.741;1.438;0.958;1.819;0.000;1.435;3397
B315F1;2015/03/07 00:30:57;3397;88;30.0;23.2;2.709;1.438;1.016;1.819;0.000;1.393;3398
B315F1;2015/03/07 00:31:08;3398;88;29.6;23.4;2.816;1.441;1.016;1.845;0.000;1.432;3399
B315F1;2015/03/07 00:31:17;3399;88;29.3;23.4;2.832;1.441;0.970;1.845;0.000;1.399;3400
B315F1;2015/03/07 00:31:27;3400;83;30.6;23.1;2.854;1.438;0.970;1.845;0.016;1.416;3401
B315F1;2015/03/07 00:31:37;3401;88;25.8;23.6;2.664;1.438;0.977;1.845;0.016;1.419;3402
B315F1;2015/03/07 00:31:48;3402;92;24.8;23.6;2.648;1.422;0.977;1.874;0.016;1.425;3403
B315F1;2015/03/07 00:31:57;3403;83;30.0;23.4;2.635;1.422;0.954;1.874;0.016;1.429;3404
B315F1;2015/03/07 00:32:07;3404;89;28.7;22.9;2.651;1.419;0.954;1.874;0.000;1.448;3405
B315F1;2015/03/07 00:32:17;3405;88;25.1;23.1;2.706;1.419;1.006;1.874;0.000;1.403;3406
B315F1;2015/03/07 00:32:28;3406;83;27.0;22.9;2.693;1.393;1.006;1.825;0.000;1.390;3407
B315F1;2015/03/07 00:32:37;3407;86;26.4;23.6;2.651;1.393;0.964;1.825;0.000;1.429;3408
B315F1;2015/03/07 00:32:47;3408;91;25.1;23.4;2.658;1.438;0.964;1.825;0.006;1.409;3409
B315F1;2015/03/07 00:32:57;3409;85;30.9;23.2;2.629;1.438;0.990;1.825;0.006;1.396;3410
B315F1;2015/03/07 00:33:08;3410;88;27.7;22.9;2.625;1.396;0.990;1.838;0.006;1.393;3411
B315F1;2015/03/07 00:33:17;3411;89;30.9;23.1;2.858;1.396;1.016;1.838;0.006;1.412;3412
B315F1;2015/03/07 00:33:27;3412;86;28.7;22.9;2.832;1.425;1.016;1.838;0.022;1.429;3413
B315F1;2015/03/07 00:33:37;3413;88;29.3;23.2;2.690;1.425;0.980;1.838;0.022;1.419;3414
B315F1;2015/03/07 00:33:48;3414;88;28.7;23.1;2.858;1.419;0.980;1.803;0.022;1.425;3415
B315F1;2015/03/07 00:33:57;3415;87;29.0;23.4;2.651;1.419;1.016;1.803;0.022;1.390;3416
B315F1;2015/03/07 00:34:07;3416;94;26.4;23.1;2.654;1.416;1.016;1.803;0.000;1.419;3417
B315F1;2015/03/07 00:34:17;3417;81;31.6;23.2;2.703;1.416;0.990;1.803;0.000;1.425;3418
B315F1;2015/03/07 00:34:28;3418;83;31.2;23.1;2.622;1.429;0.990;1.838;0.000;1.445;3419
B315F1;2015/03/07 00:34:37;3419;83;28.3;23.2;2.641;1.429;0.958;1.838;0.000;1.403;3420
B315F1;2015/03/07 00:34:47;3420;83;32.5;23.2;2.706;1.441;0.958;1.838;0.006;1.445;3421
B315F1;2015/03/07 00:34:57;3421;87;25.4;23.6;2.664;1.441;0.980;1.838;0.006;1.412;3422
B315F1;2015/03/07 00:35:08;3422;90;27.0;22.9;2.706;1.399;0.980;1.809;0.006;1.429;3423
B315F1;2015/03/07 00:35:17;3423;84;29.0;23.2;2.838;1.399;0.964;1.809;0.006;1.451;3424
B315F1;2015/03/07 00:35:27;3424;75;28.3;22.7;2.625;1.406;0.964;1.809;0.000;1.432;3425
B315F1;2015/03/07 00:35:37;3425;90;26.7;22.7;2.790;1.406;0.967;1.809;0.000;1.412;3426
B315F1;2015/03/07 00:35:48;3426;88;27.4;22.9;2.699;1.403;0.967;1.861;0.000;1.448;3427
B315F1;2015/03/07 00:35:57;3427;83;27.0;22.2;2.667;1.403;0.967;1.861;0.000;1.422;3428
B315F1;2015/03/07 00:36:07;3428;93;29.3;23.4;2.806;1.416;0.967;1.861;0.022;1.412;3429
B315F1;2015/03/07 00:36:17;3429;93;29.3;22.7;2.858;1.416;1.029;1.861;0.022;1.425;3430
B315F1;2015/03/07 00:36:28;3430;91;31.2;22.7;2.864;1.422;1.029;1.867;0.022;1.412;3431
B315F1;2015/03/07 00:36:37;3431;86;30.6;23.1;2.864;1.422;1.019;1.867;0.022;1.435;3432
B315F1;2015/03/07 00:36:47;3432;89;30.9;23.2;2.845;1.403;1.019;1.867;0.000;1.461;3433
B315F1;2015/03/07 00:36:57;3433;82;29.6;23.1;2.677;1.403;0.970;1.867;0.000;1.406;3434
B315F1;2015/03/07 00:37:08;3434;82;30.3;22.7;2.664;1.422;0.970;1.893;0.000;1.403;3435
B315F1;2015/03/07 00:37:17;3435;87;25.4;22.7;2.829;1.422;0.980;1.893;0.000;1.441;3436
B315F1;2015/03/07 00:37:28;3436;88;26.4;22.7;2.632;1.419;0.980;1.893;0.009;1.409;3437
B315F1;2015/03/07 00:37:37;3437;90;28.3;22.5;2.641;1.419;0.961;1.893;0.009;1.448;3438
B315F1;2015/03/07 00:37:48;3438;92;30.0;23.1;2.645;1.399;0.961;1.896;0.009;1.416;3439
B315F1;2015/03/07 00:37:57;3439;92;26.4;22.9;2.764;1.399;0.964;1.896;0.009;1.419;3440
B315F1;2015/03/07 00:38:07;3440;94;25.1;23.2;2.641;1.406;0.964;1.896;0.000;1.429;3441
B315F1;2015/03/07 00:38:17;3441;78;24.8;22.9;2.680;1.406;0.983;1.896;0.000;1.406;3442
B315F1;2015/03/07 00:38:28;3442;87;29.3;23.4;2.758;1.399;0.983;1.883;0.000;1.422;3443
B315F1;2015/03/07 00:38:37;3443;93;31.6;23.1;2.667;1.399;0.958;1.883;0.000;1.406;3444
B315F1;2015/03/07 00:38:48;3444;89;25.8;23.2;2.648;1.425;0.958;1.883;0.000;1.425;3445
B315F1;2015/03/07 00:38:57;3445;88;32.5;22.5;2.803;1.425;0.967;1.883;0.000;1.416;3446
B315F1;2015/03/07 00:39:08;3446;88;25.4;22.9;2.645;1.406;0.967;1.845;0.000;1.412;3447
B315F1;2015/03/07 00:39:17;3447;88;32.5;22.9;2.835;1.406;1.009;1.845;0.000;1.438;3448
B315F1;2015/03/07 00:39:28;3448;85;26.4;22.7;2.625;1.399;1.009;1.845;0.006;1.416;3449
B315F1;2015/03/07 00:39:37;3449;78;28.3;22.9;2.835;1.399;1.016;1.845;0.006;1.451;3450
B315F1;2015/03/07 00:39:48;3450;86;28.0;22.9;2.629;1.441;1.016;1.864;0.006;1.429;3451
B315F1;2015/03/07 00:39:57;3451;85;29.0;22.9;2.745;1.441;1.022;1.864;0.006;1.432;3452
B315F1;2015/03/07 00:40:08;3452;88;30.9;22.7;2.651;1.403;1.022;1.864;0.006;1.441;3453
B315F1;2015/03/07 00:40:17;3453;91;30.9;22.7;2.632;1.403;0.980;1.864;0.006;1.432;3454
B315F1;2015/03/07 00:40:28;3454;92;26.1;22.7;2.661;1.425;0.980;1.861;0.006;1.451;3455
B315F1;2015/03/07 00:40:37;3455;88;28.0;23.1;2.819;1.425;0.967;1.861;0.006;1.441;3456
B315F1;2015/03/07 00:40:48;3456;85;29.3;22.5;2.854;1.425;0.967;1.861;0.000;1.454;3457
B315F1;2015/03/07 00:40:57;3457;91;25.1;23.2;2.683;1.425;0.993;1.861;0.000;1.425;3458
B315F1;2015/03/07 00:41:08;3458;83;30.6;23.6;2.829;1.409;0.993;1.883;0.000;1.416;3459
B315F1;2015/03/07 00:41:17;3459;74;27.0;22.4;2.790;1.409;0.987;1.883;0.000;1.406;3460
B315F1;2015/03/07 00:41:28;3460;83;29.3;22.9;2.864;1.438;0.987;1.883;0.077;1.429;3461
B315F1;2015/03/07 00:41:37;3461;87;30.9;22.7;2.864;1.438;0.964;1.883;0.077;1.448;3462
B315F1;2015/03/07 00:41:48;3462;93;26.4;23.2;2.699;1.399;0.964;1.900;0.077;1.429;3463
B315F1;2015/03/07 00:41:57;3463;92;29.3;22.9;2.864;1.399;1.016;1.900;0.077;1.448;3464
B315F1;2015/03/07 00:42:08;3464;79;26.1;22.7;2.812;1.412;1.016;1.900;0.000;1.454;3465
B315F1;2015/03/07 00:42:17;3465;88;28.7;22.7;2.832;1.412;1.009;1.900;0.000;1.438;3466
B315F1;2015/03/07 00:42:28;3466;87;25.8;23.1;2.654;1.409;1.009;1.874;0.000;1.454;3467
B315F1;2015/03/07 00:42:37;3467;89;25.1;23.2;2.803;1.409;0.961;1.874;0.000;1.441;3468
B315F1;2015/03/07 00:42:48;3468;88;27.7;23.1;2.745;1.409;0.961;1.874;0.016;1.454;3469
B315F1;2015/03/07 00:42:57;3469;82;28.3;23.2;2.645;1.409;0.954;1.874;0.016;1.461;3470
B315F1;2015/03/07 00:43:08;3470;88;27.7;22.9;2.625;1.429;0.954;1.858;0.016;1.412;3471
B315F1;2015/03/07 00:43:17;3471;83;29.0;22.7;2.725;1.429;0.961;1.858;0.016;1.432;3472
B315F1;2015/03/07 00:43:28;3472;78;27.0;22.9;2.687;1.406;0.961;1.858;0.000;1.422;3473
B315F1;2015/03/07 00:43:37;3473;92;26.1;23.2;2.816;1.406;0.967;1.858;0.000;1.409;3474
B315F1;2015/03/07 00:43:48;3474;94;28.0;23.7;2.829;1.399;0.967;1.858;0.000;1.432;3475
B315F1;2015/03/07 00:43:57;3475;81;25.1;23.2;2.680;1.399;1.016;1.858;0.000;1.461;3476
B315F1;2015/03/07 00:44:08;3476;84;26.4;22.7;2.667;1.419;1.016;1.858;0.000;1.458;3477
B315F1;2015/03/07 00:44:17;3477;90;27.0;22.7;2.864;1.419;0.961;1.858;0.000;1.454;3478
B315F1;2015/03/07 00:44:28;3478;88;25.1;23.4;2.741;1.441;0.961;1.825;0.000;1.458;3479
B315F1;2015/03/07 00:44:37;3479;89;28.0;23.1;2.645;1.441;0.974;1.825;0.000;1.416;3480
B315F1;2015/03/07 00:44:48;3480;86;25.4;22.5;2.645;1.425;0.974;1.825;0.006;1.429;3481
B315F1;2015/03/07 00:44:57;3481;91;28.3;23.6;2.651;1.425;0.974;1.825;0.006;1.406;3482
B315F1;2015/03/07 00:45:08;3482;85;27.7;22.7;2.816;1.403;0.974;1.822;0.006;1.419;3483
B315F1;2015/03/07 00:45:17;3483;88;27.0;22.4;2.864;1.403;0.954;1.822;0.006;1.445;3484
B315F1;2015/03/07 00:45:28;3484;87;32.2;23.6;2.835;1.396;0.954;1.822;0.006;1.403;3485
B315F1;2015/03/07 00:45:37;3485;93;29.0;22.9;2.632;1.396;0.948;1.822;0.006;1.438;3486
B315F1;2015/03/07 00:45:48;3486;88;27.0;22.7;2.629;1.393;0.948;1.825;0.006;1.412;3487
B315F1;2015/03/07 00:45:57;3487;83;32.5;22.9;2.645;1.393;0.951;1.825;0.006;1.425;3488
B315F1;2015/03/07 00:46:08;3488;88;26.4;23.1;2.719;1.399;0.951;1.825;0.019;1.412;3489
B315F1;2015/03/07 00:46:17;3489;92;28.7;22.9;2.864;1.399;0.996;1.825;0.019;1.403;3490
B315F1;2015/03/07 00:46:28;3490;89;30.0;22.4;2.758;1.425;0.996;1.816;0.019;1.409;3491
B315F1;2015/03/07 00:46:37;3491;82;29.0;22.7;2.677;1.425;0.951;1.816;0.019;1.396;3492
B315F1;2015/03/07 00:46:48;3492;84;25.8;23.2;2.703;1.399;0.951;1.816;0.003;1.406;3493
B315F1;2015/03/07 00:46:57;3493;84;30.6;22.5;2.635;1.399;0.954;1.816;0.003;1.406;3494
B315F1;2015/03/07 00:47:08;3494;87;29.0;23.1;2.783;1.422;0.954;1.851;0.003;1.438;3495
B315F1;2015/03/07 00:47:17;3495;90;26.1;22.9;2.764;1.422;0.967;1.851;0.003;1.422;3496
B315F1;2015/03/07 00:47:28;3496;82;30.9;22.2;2.735;1.396;0.967;1.851;0.006;1.409;3497
B315F1;2015/03/07 00:47:37;3497;85;27.7;22.5;2.851;1.396;0.996;1.851;0.006;1.416;3498
B315F1;2015/03/07 00:47:48;3498;84;27.4;23.1;2.758;1.406;0.996;1.816;0.006;1.412;3499
B315F1;2015/03/07 00:47:57;3499;88;27.0;23.1;2.658;1.406;0.948;1.816;0.006;1.393;3500
B315F1;2015/03/07 00:48:08;3500;93;26.7;23.1;2.822;1.396;0.948;1.816;0.022;1.406;3501
B315F1;2015/03/07 00:48:17;3501;94;26.7;22.5;2.864;1.396;0.945;1.816;0.022;1.435;3502
B315F1;2015/03/07 00:48:28;3502;83;28.7;22.5;2.835;1.419;0.945;1.845;0.022;1.416;3503
B315F1;2015/03/07 00:48:37;3503;86;27.7;22.5;2.829;1.419;0.951;1.845;0.022;1.406;3504
B315F1;2015/03/07 00:48:48;3504;82;29.0;22.9;2.667;1.393;0.951;1.845;0.000;1.429;3505
B315F1;2015/03/07 00:48:57;3505;88;24.8;23.1;2.809;1.393;0.964;1.845;0.000;1.396;3506
B315F1;2015/03/07 00:49:08;3506;84;29.0;22.9;2.625;1.393;0.964;1.800;0.000;1.396;3507
B315F1;2015/03/07 00:49:17;3507;93;31.2;22.9;2.858;1.393;0.945;1.800;0.000;1.393;3508
B315F1;2015/03/07 00:49:28;3508;91;25.4;23.4;2.690;1.399;0.945;1.800;0.022;1.383;3509
B315F1;2015/03/07 00:49:37;3509;90;24.1;23.2;2.683;1.399;1.000;1.800;0.022;1.416;3510
B315F1;2015/03/07 00:49:48;3510;83;25.8;22.7;2.632;1.432;1.000;1.825;0.022;1.422;3511
B315F1;2015/03/07 00:49:57;3511;90;26.1;23.1;2.738;1.432;0.941;1.825;0.022;1.429;3512
B315F1;2015/03/07 00:50:08;3512;87;26.4;23.2;2.629;1.399;0.941;1.825;0.016;1.383;3513
B315F1;2015/03/07 00:50:17;3513;83;29.6;23.7;2.858;1.399;1.003;1.825;0.016;1.419;3514
B315F1;2015/03/07 00:50:28;3514;93;27.4;23.6;2.706;1.425;1.003;1.809;0.016;1.380;3515
B315F1;2015/03/07 00:50:37;3515;78;24.8;22.9;2.851;1.425;0.945;1.809;0.016;1.393;3516
B315F1;2015/03/07 00:50:48;3516;76;26.1;23.1;2.635;1.393;0.945;1.809;0.041;1.377;3517
B315F1;2015/03/07 00:50:57;3517;84;27.7;23.1;2.641;1.393;0.993;1.809;0.041;1.387;3518
B315F1;2015/03/07 00:51:08;3518;84;31.2;22.9;2.858;1.396;0.993;1.796;0.041;1.380;3519
B315F1;2015/03/07 00:51:17;3519;83;30.6;22.7;2.864;1.396;0.987;1.796;0.041;1.387;3520
B315F1;2015/03/07 00:51:28;3520;88;30.6;23.4;2.816;1.435;0.987;1.796;0.006;1.383;3521
B315F1;2015/03/07 00:51:37;3521;93;28.0;23.1;2.832;1.435;0.941;1.796;0.006;1.403;3522
B315F1;2015/03/07 00:51:48;3522;91;30.0;22.9;2.832;1.432;0.941;1.793;0.006;1.390;3523
B315F1;2015/03/07 00:51:57;3523;89;26.1;22.7;2.777;1.432;0.948;1.793;0.006;1.412;3524
B315F1;2015/03/07 00:52:08;3524;88;28.3;23.7;2.761;1.406;0.948;1.793;0.009;1.380;3525
B315F1;2015/03/07 00:52:17;3525;90;25.1;22.7;2.706;1.406;0.983;1.793;0.009;1.409;3526
B315F1;2015/03/07 00:52:28;3526;88;26.7;23.2;2.638;1.412;0.983;1.783;0.009;1.432;3527
B315F1;2015/03/07 00:52:37;3527;84;26.4;22.9;2.770;1.412;0.996;1.783;0.009;1.370;3528
B315F1;2015/03/07 00:52:48;3528;91;26.1;23.2;2.829;1.412;0.996;1.783;0.000;1.406;3529
B315F1;2015/03/07 00:52:57;3529;84;28.7;22.9;2.864;1.412;0.941;1.783;0.000;1.374;3530
B315F1;2015/03/07 00:53:08;3530;89;30.0;23.1;2.648;1.429;0.941;1.793;0.000;1.412;3531
B315F1;2015/03/07 00:53:17;3531;88;25.8;23.6;2.796;1.429;0.948;1.793;0.000;1.396;3532
B315F1;2015/03/07 00:53:28;3532;84;27.4;23.4;2.625;1.393;0.948;1.793;0.035;1.396;3533
B315F1;2015/03/07 00:53:37;3533;80;26.4;22.7;2.764;1.393;0.935;1.793;0.035;1.403;3534
B315F1;2015/03/07 00:53:48;3534;91;27.4;22.9;2.719;1.383;0.935;1.809;0.035;1.399;3535
B315F1;2015/03/07 00:53:57;3535;84;28.7;23.1;2.767;1.383;0.932;1.809;0.035;1.396;3536
B315F1;2015/03/07 00:54:08;3536;92;32.5;23.6;2.858;1.425;0.932;1.809;0.000;1.416;3537
B315F1;2015/03/07 00:54:17;3537;88;26.1;22.7;2.851;1.425;0.935;1.809;0.000;1.370;3538
B315F1;2015/03/07 00:54:28;3538;88;30.3;23.2;2.799;1.425;0.935;1.793;0.000;1.387;3539
B315F1;2015/03/07 00:54:37;3539;93;31.2;23.1;2.864;1.425;0.941;1.793;0.000;1.364;3540
B315F1;2015/03/07 00:54:48;3540;87;28.3;22.4;2.825;1.399;0.941;1.793;0.000;1.396;3541
B315F1;2015/03/07 00:54:57;3541;87;24.8;23.6;2.677;1.399;0.958;1.793;0.000;1.422;3542
B315F1;2015/03/07 00:55:08;3542;84;26.7;23.4;2.835;1.422;0.958;1.848;0.000;1.416;3543
B315F1;2015/03/07 00:55:17;3543;86;26.1;22.7;2.851;1.422;0.954;1.848;0.000;1.406;3544
B315F1;2015/03/07 00:55:28;3544;83;24.8;22.9;2.641;1.416;0.954;1.848;0.000;1.399;3545
B315F1;2015/03/07 00:55:37;3545;91;29.6;23.1;2.661;1.416;1.000;1.848;0.000;1.396;3546
B315F1;2015/03/07 00:55:48;3546;88;27.4;22.7;2.703;1.390;1.000;1.829;0.000;1.412;3547
B315F1;2015/03/07 00:55:57;3547;92;29.3;23.1;2.651;1.390;0.948;1.829;0.000;1.390;3548
B315F1;2015/03/07 00:56:08;3548;88;27.4;23.2;2.625;1.396;0.948;1.829;0.000;1.406;3549
B315F1;2015/03/07 00:56:17;3549;91;29.3;22.5;2.858;1.396;0.964;1.829;0.000;1.429;3550
B315F1;2015/03/07 00:56:28;3550;85;28.7;22.9;2.796;1.419;0.964;1.796;0.000;1.396;3551
B315F1;2015/03/07 00:56:37;3551;78;29.6;23.2;2.651;1.419;0.941;1.796;0.000;1.390;3552
B315F1;2015/03/07 00:56:48;3552;85;28.3;22.4;2.632;1.422;0.941;1.796;0.019;1.409;3553
B315F1;2015/03/07 00:56:57;3553;94;28.3;23.2;2.641;1.422;0.977;1.796;0.019;1.387;3554
B315F1;2015/03/07 00:57:08;3554;89;29.6;22.7;2.861;1.422;0.977;1.793;0.019;1.393;3555
B315F1;2015/03/07 00:57:17;3555;88;26.4;23.2;2.777;1.422;0.948;1.793;0.019;1.387;3556
B315F1;2015/03/07 00:57:28;3556;83;28.3;22.4;2.664;1.387;0.948;1.793;0.000;1.390;3557
B315F1;2015/03/07 00:57:37;3557;85;25.4;22.9;2.745;1.387;0.990;1.793;0.000;1.380;3558
B315F1;2015/03/07 00:57:48;3558;94;28.3;22.7;2.625;1.425;0.990;1.790;0.000;1.412;3559
B315F1;2015/03/07 00:57:57;3559;87;24.8;23.2;2.696;1.425;0.987;1.790;0.000;1.425;3560
B315F1;2015/03/07 00:58:08;3560;82;25.8;23.2;2.667;1.425;0.987;1.790;0.019;1.390;3561
B315F1;2015/03/07 00:58:17;3561;93;27.4;23.6;2.770;1.425;0.932;1.790;0.019;1.403;3562
B315F1;2015/03/07 00:58:28;3562;88;25.8;22.9;2.645;1.387;0.932;1.832;0.019;1.425;3563
B315F1;2015/03/07 00:58:37;3563;89;24.8;23.1;2.677;1.387;0.974;1.832;0.019;1.429;3564
B315F1;2015/03/07 00:58:48;3564;90;25.1;23.1;2.667;1.412;0.974;1.832;0.000;1.406;3565
B315F1;2015/03/07 00:58:57;3565;93;27.0;22.5;2.851;1.412;0.974;1.832;0.000;1.374;3566
B315F1;2015/03/07 00:59:08;3566;92;29.0;23.6;2.816;1.396;0.974;1.806;0.000;1.399;3567
B315F1;2015/03/07 00:59:17;3567;90;24.8;23.2;2.796;1.396;0.964;1.806;0.000;1.396;3568
B315F1;2015/03/07 00:59:28;3568;77;25.8;23.1;2.693;1.403;0.964;1.806;0.006;1.416;3569
B315F1;2015/03/07 00:59:37;3569;94;28.3;22.9;2.645;1.403;0.964;1.806;0.006;1.374;3570
B315F1;2015/03/07 00:59:48;3570;88;26.7;23.1;2.822;1.393;0.964;1.767;0.006;1.406;3571
B315F1;2015/03/07 00:59:57;3571;79;31.6;22.7;2.641;1.393;0.961;1.767;0.006;1.367;3572
B315F1;2015/03/07 01:00:08;3572;92;31.2;23.6;2.841;1.387;0.961;1.767;0.000;1.383;3573
B315F1;2015/03/07 01:00:17;3573;88;30.3;23.6;2.641;1.387;0.996;1.767;0.000;1.374;3574
B315F1;2015/03/07 01:00:28;3574;86;26.4;23.1;2.719;1.390;0.996;1.806;0.000;1.383;3575
B315F1;2015/03/07 01:00:37;3575;82;28.3;23.4;2.651;1.390;0.987;1.806;0.000;1.393;3576
B315F1;2015/03/07 01:00:48;3576;88;27.0;23.1;2.680;1.406;0.987;1.806;0.000;1.377;3577
B315F1;2015/03/07 01:00:57;3577;83;25.8;23.2;2.783;1.406;0.996;1.806;0.000;1.358;3578
B315F1;2015/03/07 01:01:08;3578;94;26.7;23.4;2.745;1.387;0.996;1.787;0.000;1.393;3579
B315F1;2015/03/07 01:01:17;3579;90;27.7;23.2;2.648;1.387;0.951;1.787;0.000;1.409;3580
B315F1;2015/03/07 01:01:28;3580;94;29.0;23.1;2.661;1.393;0.951;1.787;0.009;1.367;3581
B315F1;2015/03/07 01:01:37;3581;83;25.8;22.9;2.851;1.393;0.948;1.787;0.009;1.354;3582
B315F1;2015/03/07 01:01:48;3582;76;25.8;23.4;2.812;1.396;0.948;1.770;0.009;1.370;3583
B315F1;2015/03/07 01:01:57;3583;87;31.6;23.4;2.654;1.396;0.945;1.770;0.009;1.358;3584
B315F1;2015/03/07 01:02:08;3584;88;27.0;23.2;2.703;1.390;0.945;1.770;0.003;1.361;3585
B315F1;2015/03/07 01:02:17;3585;93;30.9;23.4;2.622;1.390;0.954;1.770;0.003;1.393;3586
B315F1;2015/03/07 01:02:28;3586;90;29.3;23.6;2.790;1.396;0.954;1.767;0.003;1.377;3587
B315F1;2015/03/07 01:02:37;3587;78;29.3;23.6;2.864;1.396;0.935;1.767;0.003;1.374;3588
B315F1;2015/03/07 01:02:48;3588;88;25.1;23.4;2.741;1.380;0.935;1.767;0.006;1.380;3589
B315F1;2015/03/07 01:02:57;3589;87;30.3;23.2;2.629;1.380;0.990;1.767;0.006;1.370;3590
B315F1;2015/03/07 01:03:08;3590;79;28.7;23.4;2.851;1.399;0.990;1.761;0.006;1.380;3591
B315F1;2015/03/07 01:03:17;3591;88;24.8;23.7;2.693;1.399;0.961;1.761;0.006;1.409;3592
B315F1;2015/03/07 01:03:28;3592;88;27.7;23.7;2.758;1.422;0.961;1.761;0.077;1.393;3593
B315F1;2015/03/07 01:03:37;3593;83;29.6;23.2;2.641;1.422;0.987;1.761;0.077;1.351;3594
B315F1;2015/03/07 01:03:48;3594;84;29.3;22.7;2.645;1.422;0.987;1.774;0.077;1.383;3595
B315F1;2015/03/07 01:03:57;3595;89;29.3;22.9;2.864;1.422;0.990;1.774;0.077;1.361;3596
B315F1;2015/03/07 01:04:08;3596;80;25.1;23.1;2.767;1.406;0.990;1.774;0.003;1.377;3597
B315F1;2015/03/07 01:04:17;3597;83;24.8;23.6;2.674;1.406;0.948;1.774;0.003;1.351;3598
B315F1;2015/03/07 01:04:28;3598;88;29.3;23.2;2.858;1.406;0.948;1.738;0.003;1.393;3599
B315F1;2015/03/07 01:04:37;3599;90;30.9;23.1;2.825;1.406;0.941;1.738;0.003;1.364;3600
B315F1;2015/03/07 01:04:48;3600;90;25.1;23.4;2.719;1.429;0.941;1.738;0.006;1.390;3601
B315F1;2015/03/07 01:04:57;3601;79;28.0;23.4;2.712;1.429;0.996;1.738;0.006;1.348;3602
B315F1;2015/03/07 01:05:08;3602;87;25.1;23.4;2.641;1.406;0.996;1.758;0.006;1.345;3603
B315F1;2015/03/07 01:05:17;3603;83;29.3;23.6;2.864;1.406;0.980;1.758;0.006;1.383;3604
B315F1;2015/03/07 01:05:28;3604;93;28.7;23.4;2.777;1.425;0.980;1.758;0.051;1.387;3605
B315F1;2015/03/07 01:05:37;3605;94;26.1;23.2;2.748;1.425;0.945;1.758;0.051;1.380;3606
B315F1;2015/03/07 01:05:48;3606;80;31.2;23.9;2.841;1.429;0.945;1.748;0.051;1.377;3607
B315F1;2015/03/07 01:05:57;3607;86;25.8;23.6;2.661;1.429;1.000;1.748;0.051;1.374;3608
B315F1;2015/03/07 01:06:08;3608;93;27.4;23.2;2.745;1.412;1.000;1.748;0.009;1.354;3609
B315F1;2015/03/07 01:06:17;3609;90;24.5;23.7;2.690;1.412;0.945;1.748;0.009;1.374;3610
B315F1;2015/03/07 01:06:28;3610;84;29.6;23.6;2.835;1.390;0.945;1.767;0.009;1.383;3611
B315F1;2015/03/07 01:06:37;3611;83;28.3;23.2;2.709;1.390;0.993;1.767;0.009;1.374;3612
B315F1;2015/03/07 01:06:48;3612;95;25.8;23.6;2.770;1.429;0.993;1.767;0.006;1.374;3613
B315F1;2015/03/07 01:06:57;3613;88;28.3;23.1;2.825;1.429;0.964;1.767;0.006;1.377;3614
B315F1;2015/03/07 01:07:08;3614;95;26.4;23.2;2.670;1.390;0.964;1.751;0.006;1.374;3615
B315F1;2015/03/07 01:07:17;3615;88;29.3;23.2;2.825;1.390;0.970;1.751;0.006;1.361;3616
B315F1;2015/03/07 01:07:28;3616;90;25.8;22.9;2.632;1.387;0.970;1.751;0.016;1.338;3617
B315F1;2015/03/07 01:07:37;3617;88;28.7;23.4;2.851;1.387;0.935;1.751;0.016;1.338;3618
B315F1;2015/03/07 01:07:48;3618;82;30.9;23.2;2.625;1.403;0.935;1.800;0.016;1.348;3619
B315F1;2015/03/07 01:07:57;3619;78;27.4;22.7;2.816;1.403;0.993;1.800;0.016;1.325;3620
B315F1;2015/03/07 01:08:08;3620;82;27.4;23.1;2.619;1.409;0.993;1.800;0.006;1.345;3621
B315F1;2015/03/07 01:08:17;3621;93;31.2;23.2;2.641;1.409;0.964;1.800;0.006;1.377;3622
B315F1;2015/03/07 01:08:28;3622;78;29.3;22.9;2.645;1.399;0.964;1.745;0.006;1.351;3623
B315F1;2015/03/07 01:08:37;3623;75;27.7;23.2;2.777;1.399;0.932;1.745;0.006;1.329;3624
B315F1;2015/03/07 01:08:48;3624;88;30.9;23.1;2.825;1.396;0.932;1.745;0.000;1.370;3625
B315F1;2015/03/07 01:08:57;3625;93;25.4;23.2;2.783;1.396;0.990;1.745;0.000;1.329;3626
B315F1;2015/03/07 01:09:08;3626;93;27.0;23.2;2.829;1.416;0.990;1.777;0.000;1.377;3627
B315F1;2015/03/07 01:09:17;3627;87;24.8;22.7;2.854;1.416;0.941;1.777;0.000;1.325;3628
B315F1;2015/03/07 01:09:28;3628;84;29.3;23.6;2.816;1.409;0.941;1.777;0.006;1.348;3629
B315F1;2015/03/07 01:09:37;3629;86;31.2;23.1;2.654;1.409;0.938;1.777;0.006;1.338;3630
B315F1;2015/03/07 01:09:48;3630;91;26.4;23.4;2.841;1.393;0.938;1.735;0.006;1.361;3631
B315F1;2015/03/07 01:09:57;3631;94;27.0;23.1;2.816;1.393;0.993;1.735;0.006;1.370;3632
B315F1;2015/03/07 01:10:08;3632;90;31.9;23.6;2.854;1.390;0.993;1.735;0.006;1.367;3633
B315F1;2015/03/07 01:10:17;3633;83;26.4;22.9;2.825;1.390;0.974;1.735;0.006;1.332;3634
B315F1;2015/03/07 01:10:28;3634;88;26.4;23.2;2.632;1.387;0.974;1.735;0.006;1.374;3635
B315F1;2015/03/07 01:10:37;3635;83;28.3;23.6;2.625;1.387;0.954;1.735;0.006;1.351;3636
B315F1;2015/03/07 01:10:48;3636;83;29.6;23.2;2.645;1.383;0.954;1.735;0.000;1.354;3637
B315F1;2015/03/07 01:10:57;3637;77;30.9;23.6;2.851;1.383;0.993;1.735;0.000;1.354;3638
B315F1;2015/03/07 01:11:08;3638;81;30.6;23.6;2.829;1.425;0.993;1.729;0.000;1.361;3639
B315F1;2015/03/07 01:11:17;3639;91;25.1;24.1;2.738;1.425;0.990;1.729;0.000;1.341;3640
B315F1;2015/03/07 01:11:28;3640;88;28.0;23.6;2.625;1.406;0.990;1.729;0.009;1.332;3641
B315F1;2015/03/07 01:11:37;3641;83;25.4;23.2;2.864;1.406;0.935;1.729;0.009;1.329;3642
B315F1;2015/03/07 01:11:48;3642;78;27.0;23.4;2.729;1.399;0.935;1.741;0.009;1.332;3643
B315F1;2015/03/07 01:11:57;3643;78;25.4;22.7;2.777;1.399;0.935;1.741;0.009;1.345;3644
B315F1;2015/03/07 01:12:08;3644;96;24.8;23.1;2.645;1.387;0.935;1.741;0.000;1.335;3645
B315F1;2015/03/07 01:12:17;3645;88;26.1;22.9;2.858;1.387;0.974;1.741;0.000;1.345;3646
B315F1;2015/03/07 01:12:28;3646;89;30.0;23.2;2.793;1.390;0.974;1.741;0.000;1.361;3647
B315F1;2015/03/07 01:12:37;3647;81;28.7;23.4;2.845;1.390;0.961;1.741;0.000;1.351;3648
B315F1;2015/03/07 01:12:48;3648;95;26.1;23.4;2.677;1.412;0.961;1.741;0.006;1.377;3649
B315F1;2015/03/07 01:12:57;3649;84;29.6;23.7;2.625;1.412;1.000;1.741;0.006;1.361;3650
B315F1;2015/03/07 01:13:08;3650;88;27.0;23.1;2.680;1.383;1.000;1.783;0.006;1.396;3651
B315F1;2015/03/07 01:13:17;3651;87;28.7;23.2;2.635;1.383;0.974;1.783;0.006;1.390;3652
B315F1;2015/03/07 01:13:28;3652;91;31.2;23.2;2.851;1.425;0.974;1.783;0.093;1.351;3653
B315F1;2015/03/07 01:13:37;3653;90;32.5;22.5;2.832;1.425;0.941;1.783;0.093;1.354;3654
B315F1;2015/03/07 01:13:48;3654;88;26.4;23.1;2.632;1.406;0.941;1.741;0.093;1.351;3655
B315F1;2015/03/07 01:13:57;3655;91;26.4;23.6;2.658;1.406;0.996;1.741;0.093;1.348;3656
B315F1;2015/03/07 01:14:08;3656;83;30.9;23.6;2.829;1.399;0.996;1.741;0.054;1.341;3657
B315F1;2015/03/07 01:14:17;3657;85;24.8;23.2;2.745;1.399;0.977;1.741;0.054;1.380;3658
B315F1;2015/03/07 01:14:28;3658;91;24.8;23.4;2.745;1.387;0.977;1.758;0.054;1.364;3659
B315F1;2015/03/07 01:14:37;3659;90;27.7;23.2;2.770;1.387;0.990;1.758;0.054;1.354;3660
B315F1;2015/03/07 01:14:48;3660;96;27.4;23.4;2.622;1.422;0.990;1.758;0.006;1.390;3661
B315F1;2015/03/07 01:14:57;3661;95;24.8;23.2;2.841;1.422;0.935;1.758;0.006;1.380;3662
B315F1;2015/03/07 01:15:08;3662;96;25.1;23.4;2.632;1.396;0.935;1.770;0.006;1.377;3663
B315F1;2015/03/07 01:15:17;3663;92;27.4;23.1;2.632;1.396;0.938;1.770;0.006;1.367;3664
B315F1;2015/03/07 01:15:28;3664;85;30.9;24.3;2.632;1.383;0.938;1.770;0.016;1.393;3665
B315F1;2015/03/07 01:15:37;3665;88;23.8;23.6;2.790;1.383;0.980;1.770;0.016;1.370;3666
B315F1;2015/03/07 01:15:48;3666;87;27.4;23.7;2.758;1.380;0.980;1.725;0.016;1.370;3667
B315F1;2015/03/07 01:15:57;3667;88;24.1;23.9;2.674;1.380;0.987;1.725;0.016;1.383;3668
B315F1;2015/03/07 01:16:08;3668;82;31.2;22.9;2.858;1.403;0.987;1.725;0.000;1.367;3669
B315F1;2015/03/07 01:16:17;3669;90;29.3;23.4;2.648;1.403;0.938;1.725;0.000;1.341;3670
B315F1;2015/03/07 01:16:28;3670;92;25.8;23.4;2.729;1.416;0.938;1.758;0.000;1.361;3671
B315F1;2015/03/07 01:16:37;3671;88;29.6;23.4;2.858;1.416;0.941;1.758;0.000;1.364;3672
B315F1;2015/03/07 01:16:48;3672;87;25.1;23.4;2.638;1.390;0.941;1.758;0.000;1.338;3673
B315F1;2015/03/07 01:16:57;3673;85;26.7;23.1;2.812;1.390;0.935;1.758;0.000;1.325;3674
B315F1;2015/03/07 01:17:08;3674;92;31.2;23.6;2.612;1.403;0.935;1.722;0.000;1.341;3675
B315F1;2015/03/07 01:17:17;3675;85;29.0;22.7;2.738;1.403;0.935;1.722;0.000;1.341;3676
B315F1;2015/03/07 01:17:28;3676;89;29.3;22.9;2.858;1.387;0.935;1.722;0.006;1.361;3677
B315F1;2015/03/07 01:17:37;3677;88;28.0;23.1;2.625;1.387;0.941;1.722;0.006;1.348;3678
B315F1;2015/03/07 01:17:48;3678;79;26.7;23.7;2.829;1.390;0.941;1.774;0.006;1.341;3679
B315F1;2015/03/07 01:17:57;3679;92;29.0;23.4;2.658;1.390;0.941;1.774;0.006;1.341;3680
B315F1;2015/03/07 01:18:08;3680;88;31.2;23.6;2.645;1.380;0.941;1.774;0.006;1.390;3681
B315F1;2015/03/07 01:18:17;3681;88;25.4;23.2;2.864;1.380;0.935;1.774;0.006;1.370;3682
B315F1;2015/03/07 01:18:28;3682;79;27.7;23.4;2.622;1.393;0.935;1.751;0.006;1.370;3683
B315F1;2015/03/07 01:18:37;3683;93;24.8;23.7;2.690;1.393;0.929;1.751;0.006;1.374;3684
B315F1;2015/03/07 01:18:48;3684;86;26.1;23.7;2.716;1.416;0.929;1.751;0.006;1.341;3685
B315F1;2015/03/07 01:18:57;3685;94;23.8;23.2;2.835;1.416;0.935;1.751;0.006;1.338;3686
B315F1;2015/03/07 01:19:08;3686;83;23.8;22.9;2.832;1.387;0.935;1.780;0.006;1.358;3687
B315F1;2015/03/07 01:19:17;3687;88;28.7;23.1;2.851;1.387;0.990;1.780;0.006;1.332;3688
B315F1;2015/03/07 01:19:28;3688;75;25.4;23.6;2.796;1.396;0.990;1.780;0.006;1.374;3689
B315F1;2015/03/07 01:19:37;3689;78;29.6;23.7;2.725;1.396;0.980;1.780;0.006;1.319;3690
B315F1;2015/03/07 01:19:48;3690;88;30.3;23.2;2.645;1.399;0.980;1.729;0.006;1.341;3691
B315F1;2015/03/07 01:19:57;3691;86;24.1;23.6;2.677;1.399;0.938;1.729;0.006;1.370;3692
B315F1;2015/03/07 01:20:08;3692;87;25.1;23.4;2.725;1.390;0.938;1.729;0.029;1.345;3693
B315F1;2015/03/07 01:20:17;3693;85;26.4;22.5;2.819;1.390;0.990;1.729;0.029;1.332;3694
B315F1;2015/03/07 01:20:28;3694;86;30.9;23.6;2.825;1.393;0.990;1.758;0.029;1.338;3695
B315F1;2015/03/07 01:20:37;3695;87;26.4;23.4;2.832;1.393;0.961;1.758;0.029;1.345;3696
B315F1;2015/03/07 01:20:48;3696;84;24.8;23.4;2.648;1.399;0.961;1.758;0.000;1.345;3697
B315F1;2015/03/07 01:20:57;3697;83;24.1;23.9;2.638;1.399;0.932;1.758;0.000;1.332;3698
B315F1;2015/03/07 01:21:08;3698;78;26.4;23.2;2.625;1.406;0.932;1.712;0.000;1.351;3699
B315F1;2015/03/07 01:21:17;3699;83;29.6;23.7;2.658;1.406;0.980;1.712;0.000;1.338;3700
B315F1;2015/03/07 01:21:28;3700;88;25.8;23.6;2.651;1.422;0.980;1.712;0.000;1.322;3701
B315F1;2015/03/07 01:21:37;3701;85;23.8;22.9;2.719;1.422;0.935;1.712;0.000;1.319;3702
B315F1;2015/03/07 01:21:48;3702;93;26.1;23.7;2.719;1.387;0.935;1.725;0.000;1.364;3703
B315F1;2015/03/07 01:21:57;3703;89;24.1;23.9;2.732;1.387;0.935;1.725;0.000;1.358;3704
B315F1;2015/03/07 01:22:08;3704;81;29.3;23.1;2.641;1.412;0.935;1.725;0.000;1.377;3705
B315F1;2015/03/07 01:22:17;3705;87;27.4;23.4;2.845;1.412;0.929;1.725;0.000;1.319;3706
B315F1;2015/03/07 01:22:28;3706;92;24.1;23.6;2.651;1.403;0.929;1.719;0.000;1.338;3707
B315F1;2015/03/07 01:22:37;3707;78;25.1;22.9;2.745;1.403;0.925;1.719;0.000;1.316;3708
B315F1;2015/03/07 01:22:48;3708;88;24.8;23.6;2.667;1.380;0.925;1.719;0.000;1.316;3709
B315F1;2015/03/07 01:22:57;3709;88;28.0;23.4;2.654;1.380;0.932;1.719;0.000;1.325;3710
B315F1;2015/03/07 01:23:08;3710;88;30.0;23.4;2.632;1.406;0.932;1.745;0.000;1.329;3711
B315F1;2015/03/07 01:23:17;3711;83;26.4;23.2;2.651;1.406;0.954;1.745;0.000;1.370;3712
B315F1;2015/03/07 01:23:28;3712;95;28.7;23.2;2.619;1.406;0.954;1.745;0.022;1.338;3713
B315F1;2015/03/07 01:23:37;3713;93;24.8;24.1;2.745;1.406;0.941;1.745;0.022;1.361;3714
B315F1;2015/03/07 01:23:48;3714;93;27.4;23.2;2.645;1.396;0.941;1.716;0.022;1.319;3715
B315F1;2015/03/07 01:23:57;3715;88;27.7;23.6;2.645;1.396;0.967;1.716;0.022;1.348;3716
B315F1;2015/03/07 01:24:08;3716;84;29.3;22.9;2.638;1.403;0.967;1.716;0.006;1.351;3717
B315F1;2015/03/07 01:24:17;3717;77;26.4;23.6;2.651;1.403;0.938;1.716;0.006;1.335;3718
B315F1;2015/03/07 01:24:28;3718;87;26.4;23.4;2.619;1.377;0.938;1.706;0.006;1.345;3719
B315F1;2015/03/07 01:24:37;3719;91;29.3;23.4;2.851;1.377;0.929;1.706;0.006;1.325;3720
B315F1;2015/03/07 01:24:48;3720;89;28.3;23.2;2.851;1.412;0.929;1.706;0.016;1.325;3721
B315F1;2015/03/07 01:24:57;3721;90;29.0;23.2;2.751;1.412;0.945;1.706;0.016;1.361;3722
B315F1;2015/03/07 01:25:08;3722;86;24.8;23.6;2.738;1.380;0.945;1.719;0.016;1.329;3723
B315F1;2015/03/07 01:25:17;3723;90;27.4;22.9;2.829;1.380;0.932;1.719;0.016;1.312;3724
B315F1;2015/03/07 01:25:28;3724;85;24.1;23.2;2.645;1.396;0.932;1.719;0.000;1.332;3725
B315F1;2015/03/07 01:25:37;3725;88;26.4;23.1;2.825;1.396;0.938;1.719;0.000;1.325;3726
B315F1;2015/03/07 01:25:48;3726;93;28.3;23.9;2.841;1.393;0.938;1.725;0.000;1.364;3727
B315F1;2015/03/07 01:25:57;3727;95;23.8;23.7;2.622;1.393;0.945;1.725;0.000;1.335;3728
B315F1;2015/03/07 01:26:08;3728;95;26.4;22.7;2.619;1.383;0.945;1.725;0.006;1.348;3729
B315F1;2015/03/07 01:26:17;3729;83;27.0;22.7;2.819;1.383;1.000;1.725;0.006;1.335;3730
B315F1;2015/03/07 01:26:28;3730;83;25.8;23.4;2.677;1.399;1.000;1.761;0.006;1.325;3731
B315F1;2015/03/07 01:26:37;3731;93;26.4;23.6;2.651;1.399;0.935;1.761;0.006;1.351;3732
B315F1;2015/03/07 01:26:48;3732;88;23.8;23.7;2.658;1.416;0.935;1.761;0.025;1.338;3733
B315F1;2015/03/07 01:26:57;3733;75;29.6;23.4;2.677;1.416;0.932;1.761;0.025;1.329;3734
B315F1;2015/03/07 01:27:08;3734;89;25.1;23.6;2.719;1.422;0.932;1.716;0.025;1.354;3735
B315F1;2015/03/07 01:27:17;3735;88;27.7;23.4;2.851;1.422;0.932;1.716;0.025;1.335;3736
B315F1;2015/03/07 01:27:28;3736;89;24.5;23.6;2.754;1.419;0.932;1.716;0.009;1.338;3737
B315F1;2015/03/07 01:27:37;3737;81;24.8;23.6;2.699;1.419;0.938;1.716;0.009;1.341;3738
B315F1;2015/03/07 01:27:48;3738;83;24.8;23.6;2.664;1.377;0.938;1.745;0.009;1.358;3739
B315F1;2015/03/07 01:27:57;3739;80;28.0;23.4;2.625;1.377;0.980;1.745;0.009;1.354;3740
B315F1;2015/03/07 01:28:08;3740;87;25.1;23.7;2.822;1.377;0.980;1.745;0.093;1.367;3741
B315F1;2015/03/07 01:28:17;3741;87;26.4;23.6;2.651;1.377;0.941;1.745;0.093;1.341;3742
B315F1;2015/03/07 01:28:28;3742;92;24.5;23.6;2.648;1.393;0.941;1.741;0.093;1.358;3743
B315F1;2015/03/07 01:28:37;3743;78;26.4;23.9;2.793;1.393;0.951;1.741;0.093;1.319;3744
B315F1;2015/03/07 01:28:48;3744;80;27.4;22.7;2.667;1.422;0.951;1.741;0.006;1.316;3745
B315F1;2015/03/07 01:28:57;3745;82;27.4;23.1;2.816;1.422;0.941;1.741;0.006;1.335;3746
B315F1;2015/03/07 01:29:08;3746;87;27.0;23.4;2.625;1.393;0.941;1.729;0.006;1.364;3747
B315F1;2015/03/07 01:29:17;3747;85;26.4;22.7;2.812;1.393;0.990;1.729;0.006;1.335;3748
B315F1;2015/03/07 01:29:28;3748;92;30.9;23.6;2.841;1.396;0.990;1.729;0.006;1.338;3749
B315F1;2015/03/07 01:29:37;3749;79;31.6;23.1;2.625;1.396;0.932;1.729;0.006;1.358;3750
B315F1;2015/03/07 01:29:48;3750;88;26.7;23.4;2.754;1.393;0.932;1.725;0.006;1.345;3751
B315F1;2015/03/07 01:29:57;3751;83;27.4;23.2;2.651;1.393;0.954;1.725;0.006;1.370;3752
B315F1;2015/03/07 01:30:08;3752;92;29.6;23.2;2.619;1.380;0.954;1.725;0.022;1.325;3753
B315F1;2015/03/07 01:30:17;3753;87;28.0;23.4;2.664;1.380;0.945;1.725;0.022;1.345;3754
B315F1;2015/03/07 01:30:28;3754;80;28.3;23.9;2.858;1.390;0.945;1.722;0.022;1.329;3755
B315F1;2015/03/07 01:30:37;3755;81;29.0;23.2;2.680;1.390;0.932;1.722;0.022;1.325;3756
B315F1;2015/03/07 01:30:48;3756;89;30.0;22.9;2.619;1.390;0.932;1.722;0.035;1.329;3757
B315F1;2015/03/07 01:30:57;3757;84;28.0;23.7;2.670;1.390;0.954;1.722;0.035;1.332;3758
B315F1;2015/03/07 01:31:08;3758;84;31.2;23.9;2.729;1.377;0.954;1.745;0.035;1.325;3759
B315F1;2015/03/07 01:31:17;3759;89;26.4;23.1;2.829;1.377;0.929;1.745;0.035;1.361;3760
B315F1;2015/03/07 01:31:28;3760;88;26.1;23.7;2.706;1.403;0.929;1.745;0.067;1.370;3761
B315F1;2015/03/07 01:31:37;3761;94;27.0;23.7;2.651;1.403;0.925;1.745;0.067;1.351;3762
B315F1;2015/03/07 01:31:48;3762;86;30.9;22.9;2.858;1.370;0.925;1.748;0.067;1.329;3763
B315F1;2015/03/07 01:31:57;3763;91;24.1;23.7;2.693;1.370;0.929;1.748;0.067;1.338;3764
B315F1;2015/03/07 01:32:08;3764;94;29.3;23.1;2.664;1.399;0.929;1.748;0.000;1.351;3765
B315F1;2015/03/07 01:32:17;3765;87;26.1;22.7;2.864;1.399;0.948;1.748;0.000;1.341;3766
B315F1;2015/03/07 01:32:28;3766;92;28.7;23.7;2.783;1.409;0.948;1.764;0.000;1.341;3767
B315F1;2015/03/07 01:32:37;3767;88;29.6;23.1;2.635;1.409;0.980;1.764;0.000;1.332;3768
B315F1;2015/03/07 01:32:48;3768;86;28.7;23.2;2.809;1.383;0.980;1.764;0.006;1.345;3769
B315F1;2015/03/07 01:32:57;3769;94;29.6;23.4;2.667;1.383;0.938;1.764;0.006;1.367;3770
B315F1;2015/03/07 01:33:08;3770;84;27.0;22.9;2.683;1.370;0.938;1.793;0.006;1.354;3771
B315F1;2015/03/07 01:33:17;3771;88;24.8;22.9;2.774;1.370;0.925;1.793;0.006;1.348;3772
B315F1;2015/03/07 01:33:28;3772;88;31.9;22.9;2.625;1.374;0.925;1.793;0.022;1.358;3773
B315F1;2015/03/07 01:33:37;3773;84;30.9;23.6;2.870;1.374;0.958;1.793;0.022;1.332;3774
B315F1;2015/03/07 01:33:48;3774;86;28.0;24.1;2.632;1.422;0.958;1.770;0.022;1.370;3775
B315F1;2015/03/07 01:33:57;3775;88;24.8;23.7;2.832;1.422;0.948;1.770;0.022;1.332;3776
B315F1;2015/03/07 01:34:08;3776;82;24.8;23.4;2.648;1.383;0.948;1.770;0.077;1.354;3777
B315F1;2015/03/07 01:34:17;3777;88;29.3;23.2;2.632;1.383;0.948;1.770;0.077;1.351;3778
B315F1;2015/03/07 01:34:28;3778;88;30.9;23.4;2.664;1.419;0.948;1.761;0.077;1.380;3779
B315F1;2015/03/07 01:34:37;3779;90;30.6;23.1;2.654;1.419;0.948;1.761;0.077;1.367;3780
B315F1;2015/03/07 01:34:48;3780;80;26.4;23.1;2.735;1.370;0.948;1.761;0.000;1.325;3781
B315F1;2015/03/07 01:34:57;3781;86;27.7;22.5;2.835;1.370;0.948;1.761;0.000;1.361;3782
B315F1;2015/03/07 01:35:08;3782;90;24.8;22.9;2.654;1.416;0.948;1.748;0.000;1.338;3783
B315F1;2015/03/07 01:35:17;3783;88;30.6;23.4;2.641;1.416;0.983;1.748;0.000;1.370;3784
B315F1;2015/03/07 01:35:28;3784;81;25.8;23.2;2.812;1.387;0.983;1.748;0.000;1.348;3785
B315F1;2015/03/07 01:35:37;3785;85;24.1;22.9;2.745;1.387;0.941;1.748;0.000;1.345;3786
B315F1;2015/03/07 01:35:48;3786;92;29.3;23.2;2.835;1.396;0.941;1.780;0.000;1.358;3787
B315F1;2015/03/07 01:35:57;3787;82;28.7;23.4;2.864;1.396;0.948;1.780;0.000;1.341;3788
B315F1;2015/03/07 01:36:08;3788;79;30.0;22.4;2.703;1.377;0.948;1.780;0.006;1.351;3789
B315F1;2015/03/07 01:36:17;3789;88;28.3;23.1;2.845;1.377;0.954;1.780;0.006;1.332;3790
B315F1;2015/03/07 01:36:28;3790;88;25.4;23.1;2.658;1.403;0.954;1.751;0.006;1.370;3791
B315F1;2015/03/07 01:36:37;3791;86;29.3;23.4;2.864;1.403;0.938;1.751;0.006;1.341;3792
B315F1;2015/03/07 01:36:48;3792;79;31.2;23.9;2.741;1.377;0.938;1.751;0.054;1.374;3793
B315F1;2015/03/07 01:36:57;3793;78;26.4;22.7;2.841;1.377;0.967;1.751;0.054;1.345;3794
B315F1;2015/03/07 01:37:08;3794;88;30.6;23.2;2.829;1.377;0.967;1.754;0.054;1.338;3795
B315F1;2015/03/07 01:37:17;3795;85;26.1;22.9;2.764;1.377;0.977;1.754;0.054;1.332;3796
B315F1;2015/03/07 01:37:28;3796;84;31.2;23.2;2.858;1.412;0.977;1.754;0.006;1.361;3797
B315F1;2015/03/07 01:37:37;3797;87;31.6;23.1;2.632;1.412;0.961;1.754;0.006;1.341;3798
B315F1;2015/03/07 01:37:48;3798;88;30.6;23.1;2.835;1.383;0.961;1.774;0.006;1.341;3799
B315F1;2015/03/07 01:37:57;3799;81;26.1;22.7;2.858;1.383;0.980;1.774;0.006;1.345;3800
B315F1;2015/03/07 01:38:08;3800;93;25.1;23.4;2.645;1.377;0.980;1.774;0.000;1.364;3801
B315F1;2015/03/07 01:38:17;3801;83;28.3;23.6;2.725;1.377;0.990;1.774;0.000;1.383;3802
B315F1;2015/03/07 01:38:28;3802;91;30.6;24.1;2.841;1.393;0.990;1.732;0.000;1.364;3803
B315F1;2015/03/07 01:38:37;3803;79;24.5;22.7;2.851;1.393;0.935;1.732;0.000;1.338;3804
B315F1;2015/03/07 01:38:48;3804;93;28.3;23.1;2.770;1.387;0.935;1.732;0.016;1.341;3805
B315F1;2015/03/07 01:38:57;3805;89;29.3;23.1;2.851;1.387;0.941;1.732;0.016;1.367;3806
B315F1;2015/03/07 01:39:08;3806;93;24.5;23.4;2.651;1.409;0.941;1.774;0.016;1.374;3807
B315F1;2015/03/07 01:39:17;3807;87;31.9;23.1;2.832;1.409;0.996;1.774;0.016;1.341;3808
B315F1;2015/03/07 01:39:28;3808;89;26.4;23.1;2.751;1.377;0.996;1.774;0.006;1.338;3809
B315F1;2015/03/07 01:39:37;3809;85;25.1;23.6;2.777;1.377;0.958;1.774;0.006;1.354;3810
B315F1;2015/03/07 01:39:48;3810;88;29.3;23.2;2.619;1.393;0.958;1.725;0.006;1.338;3811
B315F1;2015/03/07 01:39:57;3811;88;25.4;23.4;2.667;1.393;0.954;1.725;0.006;1.354;3812
B315F1;2015/03/07 01:40:08;3812;80;27.4;23.2;2.854;1.422;0.954;1.725;0.000;1.374;3813
B315F1;2015/03/07 01:40:17;3813;89;27.7;23.1;2.638;1.422;0.938;1.725;0.000;1.361;3814
B315F1;2015/03/07 01:40:28;3814;88;29.6;23.4;2.835;1.403;0.938;1.774;0.000;1.380;3815
B315F1;2015/03/07 01:40:37;3815;88;30.3;23.1;2.635;1.403;0.996;1.774;0.000;1.393;3816
B315F1;2015/03/07 01:40:48;3816;93;25.8;23.4;2.799;1.403;0.996;1.774;0.016;1.358;3817
B315F1;2015/03/07 01:40:57;3817;88;29.3;23.1;2.825;1.403;0.993;1.774;0.016;1.393;3818
B315F1;2015/03/07 01:41:08;3818;87;28.7;23.4;2.864;1.409;0.993;1.761;0.016;1.393;3819
B315F1;2015/03/07 01:41:17;3819;89;29.0;23.4;2.674;1.409;0.961;1.761;0.016;1.358;3820
B315F1;2015/03/07 01:41:28;3820;84;26.4;23.4;2.625;1.412;0.961;1.761;0.009;1.380;3821
B315F1;2015/03/07 01:41:37;3821;86;26.1;23.2;2.783;1.412;0.948;1.761;0.009;1.341;3822
B315F1;2015/03/07 01:41:48;3822;87;25.8;23.6;2.799;1.429;0.948;1.764;0.009;1.399;3823
B315F1;2015/03/07 01:41:57;3823;91;24.5;23.6;2.812;1.429;0.996;1.764;0.009;1.387;3824
B315F1;2015/03/07 01:42:08;3824;88;28.7;23.4;2.864;1.380;0.996;1.764;0.029;1.380;3825
B315F1;2015/03/07 01:42:17;3825;87;26.7;23.1;2.796;1.380;0.996;1.764;0.029;1.387;3826
B315F1;2015/03/07 01:42:28;3826;88;26.4;23.1;2.635;1.383;0.996;1.758;0.029;1.399;3827
B315F1;2015/03/07 01:42:37;3827;91;26.7;22.7;2.774;1.383;0.941;1.758;0.029;1.361;3828
B315F1;2015/03/07 01:42:48;3828;88;27.0;23.4;2.625;1.409;0.941;1.758;0.022;1.374;3829
B315F1;2015/03/07 01:42:57;3829;86;29.6;22.7;2.641;1.409;0.990;1.758;0.022;1.338;3830
B315F1;2015/03/07 01:43:08;3830;89;30.3;23.1;2.809;1.377;0.990;1.790;0.022;1.351;3831
B315F1;2015/03/07 01:43:17;3831;87;29.6;23.4;2.851;1.377;0.941;1.790;0.022;1.348;3832
B315F1;2015/03/07 01:43:28;3832;96;25.8;23.4;2.712;1.396;0.941;1.790;0.000;1.358;3833
B315F1;2015/03/07 01:43:37;3833;82;24.5;23.2;2.832;1.396;0.964;1.790;0.000;1.403;3834
B315F1;2015/03/07 01:43:48;3834;81;24.8;23.4;2.648;1.387;0.964;1.812;0.000;1.387;3835
B315F1;2015/03/07 01:43:57;3835;83;31.9;23.4;2.829;1.387;0.948;1.812;0.000;1.383;3836
B315F1;2015/03/07 01:44:08;3836;87;30.6;23.1;2.864;1.393;0.948;1.812;0.019;1.406;3837
B315F1;2015/03/07 01:44:17;3837;87;24.8;22.7;2.864;1.393;0.941;1.812;0.019;1.377;3838
B315F1;2015/03/07 01:44:28;3838;84;25.1;23.4;2.758;1.387;0.941;1.790;0.019;1.399;3839
B315F1;2015/03/07 01:44:37;3839;91;24.8;22.7;2.845;1.387;0.941;1.790;0.019;1.367;3840
B315F1;2015/03/07 01:44:48;3840;93;24.5;23.1;2.645;1.412;0.941;1.790;0.000;1.403;3841
B315F1;2015/03/07 01:44:57;3841;81;29.0;23.1;2.661;1.412;1.003;1.790;0.000;1.351;3842
B315F1;2015/03/07 01:45:08;3842;86;30.9;22.9;2.861;1.390;1.003;1.780;0.000;1.358;3843
B315F1;2015/03/07 01:45:17;3843;87;30.6;23.2;2.858;1.390;1.003;1.780;0.000;1.393;3844
B315F1;2015/03/07 01:45:28;3844;88;31.9;23.2;2.632;1.387;1.003;1.780;0.022;1.416;3845
B315F1;2015/03/07 01:45:37;3845;83;24.8;23.2;2.683;1.387;0.954;1.780;0.022;1.406;3846
B315F1;2015/03/07 01:45:48;3846;88;31.2;22.9;2.854;1.390;0.954;1.816;0.022;1.383;3847
B315F1;2015/03/07 01:45:57;3847;93;28.3;22.7;2.864;1.390;1.006;1.816;0.022;1.396;3848
B315F1;2015/03/07 01:46:08;3848;79;25.8;23.2;2.661;1.419;1.006;1.816;0.009;1.374;3849
B315F1;2015/03/07 01:46:17;3849;83;29.3;23.2;2.864;1.419;0.951;1.816;0.009;1.383;3850
B315F1;2015/03/07 01:46:28;3850;85;29.6;23.4;2.816;1.390;0.951;1.793;0.009;1.370;3851
B315F1;2015/03/07 01:46:37;3851;91;26.4;22.7;2.825;1.390;1.006;1.793;0.009;1.364;3852
B315F1;2015/03/07 01:46:48;3852;87;29.6;23.6;2.829;1.393;1.006;1.793;0.000;1.370;3853
B315F1;2015/03/07 01:46:57;3853;94;29.3;23.2;2.629;1.393;0.990;1.793;0.000;1.364;3854
B315F1;2015/03/07 01:47:08;3854;88;26.7;23.1;2.703;1.387;0.990;1.751;0.000;1.367;3855
B315F1;2015/03/07 01:47:17;3855;82;26.1;22.5;2.809;1.387;0.961;1.751;0.000;1.358;3856
B315F1;2015/03/07 01:47:28;3856;92;26.7;23.2;2.751;1.425;0.961;1.751;0.099;1.364;3857
B315F1;2015/03/07 01:47:37;3857;81;29.3;22.9;2.864;1.425;0.941;1.751;0.099;1.364;3858
B315F1;2015/03/07 01:47:48;3858;87;30.0;22.7;2.648;1.383;0.941;1.777;0.099;1.380;3859
B315F1;2015/03/07 01:47:57;3859;94;29.3;22.9;2.625;1.383;0.964;1.777;0.099;1.403;3860
B315F1;2015/03/07 01:48:08;3860;90;30.3;23.6;2.829;1.393;0.964;1.777;0.006;1.370;3861
B315F1;2015/03/07 01:48:17;3861;88;31.9;23.4;2.845;1.393;0.996;1.777;0.006;1.390;3862
B315F1;2015/03/07 01:48:28;3862;93;28.3;22.7;2.632;1.390;0.996;1.780;0.006;1.396;3863
B315F1;2015/03/07 01:48:37;3863;93;25.1;23.9;2.654;1.390;1.003;1.780;0.006;1.354;3864
B315F1;2015/03/07 01:48:48;3864;88;25.1;23.1;2.635;1.412;1.003;1.780;0.022;1.399;3865
B315F1;2015/03/07 01:48:57;3865;82;26.4;22.7;2.783;1.412;0.961;1.780;0.022;1.387;3866
B315F1;2015/03/07 01:49:08;3866;89;27.4;22.7;2.654;1.380;0.961;1.803;0.022;1.380;3867
B315F1;2015/03/07 01:49:17;3867;89;29.6;23.1;2.667;1.380;0.945;1.803;0.022;1.364;3868
B315F1;2015/03/07 01:49:28;3868;80;27.0;22.9;2.677;1.396;0.945;1.803;0.006;1.380;3869
B315F1;2015/03/07 01:49:37;3869;78;29.3;22.7;2.858;1.396;0.993;1.803;0.006;1.403;3870
B315F1;2015/03/07 01:49:48;3870;91;27.7;23.1;2.625;1.419;0.993;1.754;0.006;1.370;3871
B315F1;2015/03/07 01:49:57;3871;94;27.4;22.2;2.693;1.419;1.003;1.754;0.006;1.406;3872
B315F1;2015/03/07 01:50:08;3872;90;27.7;22.7;2.667;1.419;1.003;1.754;0.000;1.406;3873
B315F1;2015/03/07 01:50:17;3873;83;28.7;22.7;2.851;1.419;0.954;1.754;0.000;1.351;3874
B315F1;2015/03/07 01:50:28;3874;93;25.1;23.2;2.638;1.419;0.954;1.800;0.000;1.361;3875
B315F1;2015/03/07 01:50:37;3875;88;26.1;22.5;2.722;1.419;0.996;1.800;0.000;1.390;3876
B315F1;2015/03/07 01:50:48;3876;86;29.6;23.6;2.829;1.393;0.996;1.800;0.000;1.341;3877
B315F1;2015/03/07 01:50:57;3877;87;27.4;23.2;2.838;1.393;1.006;1.800;0.000;1.354;3878
B315F1;2015/03/07 01:51:08;3878;84;30.6;22.7;2.832;1.412;1.006;1.767;0.000;1.358;3879
B315F1;2015/03/07 01:51:17;3879;80;27.0;22.4;2.809;1.412;1.012;1.767;0.000;1.348;3880
B315F1;2015/03/07 01:51:28;3880;88;25.4;23.2;2.816;1.406;1.012;1.767;0.009;1.374;3881
B315F1;2015/03/07 01:51:37;3881;84;32.5;22.7;2.822;1.406;1.009;1.767;0.009;1.367;3882
B315F1;2015/03/07 01:51:48;3882;96;29.3;22.9;2.864;1.399;1.009;1.777;0.009;1.393;3883
B315F1;2015/03/07 01:51:57;3883;91;31.2;23.2;2.645;1.399;0.964;1.777;0.009;1.377;3884
B315F1;2015/03/07 01:52:08;3884;89;30.6;23.1;2.816;1.396;0.964;1.777;0.009;1.393;3885
B315F1;2015/03/07 01:52:17;3885;93;27.4;22.7;2.835;1.396;0.964;1.777;0.009;1.396;3886
B315F1;2015/03/07 01:52:28;3886;93;27.4;23.2;2.719;1.416;0.964;1.816;0.009;1.406;3887
B315F1;2015/03/07 01:52:37;3887;89;26.7;23.6;2.783;1.416;1.019;1.816;0.009;1.367;3888
B315F1;2015/03/07 01:52:48;3888;86;25.8;22.9;2.767;1.412;1.019;1.816;0.022;1.380;3889
B315F1;2015/03/07 01:52:57;3889;88;30.9;23.1;2.625;1.412;0.996;1.816;0.022;1.396;3890
B315F1;2015/03/07 01:53:08;3890;78;25.8;22.9;2.822;1.390;0.996;1.800;0.022;1.377;3891
B315F1;2015/03/07 01:53:17;3891;78;24.8;22.9;2.690;1.390;0.974;1.800;0.022;1.399;3892
B315F1;2015/03/07 01:53:28;3892;92;28.7;23.1;2.803;1.425;0.974;1.800;0.035;1.393;3893
B315F1;2015/03/07 01:53:37;3893;86;30.6;23.4;2.651;1.425;0.954;1.800;0.035;1.374;3894
B315F1;2015/03/07 01:53:48;3894;92;25.1;23.4;2.767;1.406;0.954;1.832;0.035;1.406;3895
B315F1;2015/03/07 01:53:57;3895;84;31.2;22.9;2.870;1.406;0.958;1.832;0.035;1.399;3896
B315F1;2015/03/07 01:54:08;3896;88;26.7;23.1;2.816;1.387;0.958;1.832;0.009;1.377;3897
B315F1;2015/03/07 01:54:17;3897;87;26.7;23.2;2.658;1.387;0.967;1.832;0.009;1.399;3898
B315F1;2015/03/07 01:54:28;3898;88;27.4;23.1;2.851;1.393;0.967;1.790;0.009;1.377;3899
B315F1;2015/03/07 01:54:37;3899;88;31.6;23.1;2.635;1.393;0.977;1.790;0.009;1.367;3900
B315F1;2015/03/07 01:54:48;3900;86;27.4;23.1;2.758;1.435;0.977;1.790;0.009;1.387;3901
B315F1;2015/03/07 01:54:57;3901;76;24.8;23.1;2.845;1.435;0.980;1.790;0.009;1.364;3902
B315F1;2015/03/07 01:55:08;3902;88;29.6;22.7;2.748;1.432;0.980;1.806;0.009;1.364;3903
B315F1;2015/03/07 01:55:17;3903;76;28.3;23.1;2.735;1.432;0.967;1.806;0.009;1.361;3904
B315F1;2015/03/07 01:55:28;3904;83;25.8;22.9;2.641;1.393;0.967;1.806;0.006;1.358;3905
B315F1;2015/03/07 01:55:37;3905;93;24.8;22.9;2.738;1.393;0.990;1.806;0.006;1.380;3906
B315F1;2015/03/07 01:55:48;3906;91;30.0;22.7;2.625;1.393;0.990;1.809;0.006;1.377;3907
B315F1;2015/03/07 01:55:57;3907;85;25.1;22.9;2.716;1.393;0.996;1.809;0.006;1.387;3908
B315F1;2015/03/07 01:56:08;3908;82;24.8;22.9;2.651;1.406;0.996;1.809;0.000;1.370;3909
B315F1;2015/03/07 01:56:17;3909;92;28.3;23.2;2.641;1.406;0.961;1.809;0.000;1.390;3910
B315F1;2015/03/07 01:56:28;3910;83;32.5;22.9;2.864;1.390;0.961;1.822;0.000;1.422;3911
B315F1;2015/03/07 01:56:37;3911;88;29.0;22.7;2.677;1.390;1.012;1.822;0.000;1.403;3912
B315F1;2015/03/07 01:56:48;3912;85;27.7;23.1;2.854;1.422;1.012;1.822;0.000;1.377;3913
B315F1;2015/03/07 01:56:57;3913;92;30.0;22.9;2.651;1.422;0.974;1.822;0.000;1.412;3914
B315F1;2015/03/07 01:57:08;3914;96;31.9;23.2;2.625;1.396;0.974;1.819;0.000;1.393;3915
B315F1;2015/03/07 01:57:17;3915;86;27.4;22.2;2.832;1.396;0.961;1.819;0.000;1.390;3916
B315F1;2015/03/07 01:57:28;3916;87;29.6;23.4;2.816;1.406;0.961;1.819;0.000;1.416;3917
B315F1;2015/03/07 01:57:37;3917;94;24.8;23.4;2.677;1.406;0.961;1.819;0.000;1.383;3918
B315F1;2015/03/07 01:57:48;3918;88;27.4;23.4;2.738;1.403;0.961;1.787;0.000;1.383;3919
B315F1;2015/03/07 01:57:57;3919;80;28.7;22.7;2.632;1.403;0.964;1.787;0.000;1.387;3920
B315F1;2015/03/07 01:58:08;3920;88;25.1;22.7;2.654;1.419;0.964;1.787;0.000;1.403;3921
B315F1;2015/03/07 01:58:17;3921;86;30.9;23.2;2.690;1.419;0.967;1.787;0.000;1.429;3922
B315F1;2015/03/07 01:58:28;3922;85;30.9;22.4;2.654;1.416;0.967;1.819;0.000;1.399;3923
B315F1;2015/03/07 01:58:37;3923;86;30.6;23.1;2.816;1.416;0.967;1.819;0.000;1.422;3924
B315F1;2015/03/07 01:58:48;3924;85;26.1;22.7;2.667;1.399;0.967;1.819;0.000;1.406;3925
B315F1;2015/03/07 01:58:57;3925;86;28.0;23.2;2.806;1.399;0.980;1.819;0.000;1.403;3926
B315F1;2015/03/07 01:59:08;3926;91;24.8;22.9;2.651;1.429;0.980;1.845;0.000;1.406;3927
B315F1;2015/03/07 01:59:17;3927;88;27.4;22.2;2.838;1.429;1.003;1.845;0.000;1.419;3928
B315F1;2015/03/07 01:59:28;3928;79;28.3;22.5;2.629;1.390;1.003;1.845;0.000;1.396;3929
B315F1;2015/03/07 01:59:37;3929;80;28.3;22.9;2.651;1.390;1.009;1.845;0.000;1.380;3930
B315F1;2015/03/07 01:59:48;3930;92;26.4;23.1;2.703;1.429;1.009;1.809;0.000;1.412;3931
B315F1;2015/03/07 01:59:57;3931;84;30.3;23.1;2.690;1.429;0.958;1.809;0.000;1.425;3932
B315F1;2015/03/07 02:00:08;3932;92;25.1;22.7;2.654;1.406;0.958;1.809;0.000;1.412;3933
B315F1;2015/03/07 02:00:17;3933;85;31.9;23.1;2.864;1.406;0.967;1.809;0.000;1.406;3934
