B3155D;2015/03/04 00:00:24;0;1;32.2;21.1;2.393;-1.000;-1.000;-1.000;-1.000;0.770;1
B3155D;2015/03/04 00:00:43;1;75;31.6;21.5;2.703;-1.000;-1.000;-1.000;-1.000;0.845;2
B3155D;2015/03/04 00:00:53;2;72;31.9;21.8;2.667;1.551;-1.000;2.732;-1.000;0.883;3
B3155D;2015/03/04 00:01:03;3;56;28.7;21.1;2.719;1.551;1.019;2.732;-1.000;0.919;4
B3155D;2015/03/04 00:01:13;4;62;30.6;21.8;2.754;1.603;1.019;2.732;0.129;0.935;5
B3155D;2015/03/04 00:01:23;5;63;31.9;21.5;2.570;1.603;1.035;2.732;0.129;0.970;6
B3155D;2015/03/04 00:01:33;6;73;32.9;21.3;2.632;1.680;1.035;2.661;0.129;1.009;7
B3155D;2015/03/04 00:01:43;7;63;30.3;21.3;2.638;1.680;1.016;2.661;0.129;1.019;8
B3155D;2015/03/04 00:01:53;8;70;30.0;21.8;2.748;1.732;1.016;2.661;0.119;1.009;9
B3155D;2015/03/04 00:02:03;9;68;32.5;21.3;2.645;1.732;1.041;2.661;0.119;1.045;10
B3155D;2015/03/04 00:24:07;0;1;27.0;20.8;2.535;-1.000;-1.000;-1.000;-1.000;0.635;1
B3155D;2015/03/04 00:24:25;1;88;32.5;21.1;2.696;-1.000;-1.000;-1.000;-1.000;0.703;2
B3155D;2015/03/04 00:24:36;2;67;29.6;21.5;2.570;1.490;-1.000;2.677;-1.000;0.687;3
B3155D;2015/03/04 00:24:46;3;61;28.7;20.8;2.580;1.490;1.012;2.677;-1.000;0.770;4
B3155D;2015/03/04 00:24:56;4;63;29.6;21.8;2.603;1.570;1.012;2.677;0.151;0.793;5
B3155D;2015/03/04 00:25:06;5;58;33.8;22.0;2.735;1.570;1.012;2.677;0.151;0.841;6
B3155D;2015/03/04 00:25:16;6;68;29.3;21.5;2.706;1.629;1.012;2.651;0.151;0.870;7
B3155D;2015/03/04 00:25:26;7;66;31.6;21.1;2.600;1.629;1.006;2.651;0.151;0.848;8
B3155D;2015/03/04 00:36:07;0;1;27.4;20.8;2.435;-1.000;-1.000;-1.000;-1.000;0.416;1
B3155D;2015/03/04 00:36:25;1;75;29.0;21.1;2.496;-1.000;-1.000;-1.000;-1.000;0.522;2
B3155D;2015/03/04 00:36:36;2;68;33.8;21.7;2.564;1.387;-1.000;2.667;-1.000;0.593;3
B3155D;2015/03/04 00:36:46;3;52;29.3;21.5;2.651;1.387;1.070;2.667;-1.000;0.670;4
B3155D;2015/03/04 00:36:56;4;68;28.0;21.1;2.645;1.490;1.070;2.667;0.190;0.729;5
B3155D;2015/03/04 00:48:07;0;1;29.0;21.3;2.367;-1.000;-1.000;-1.000;-1.000;0.493;1
B3155D;2015/03/04 00:48:25;1;82;33.2;21.0;2.687;-1.000;-1.000;-1.000;-1.000;0.596;2
B3155D;2015/03/04 00:48:36;2;68;27.7;20.6;2.535;1.432;-1.000;2.648;-1.000;0.690;3
B3155D;2015/03/04 00:48:46;3;70;32.2;22.4;2.551;1.432;1.067;2.648;-1.000;0.748;4
B3155D;2015/03/04 00:48:56;4;60;28.7;21.5;2.548;1.529;1.067;2.648;0.164;0.854;5
B3155D;2015/03/04 00:49:06;5;58;29.3;21.1;2.580;1.529;1.016;2.648;0.164;0.858;6
B3155D;2015/03/04 00:49:16;6;77;31.9;21.5;2.554;1.609;1.016;2.600;0.164;0.900;7
B3155D;2015/03/04 00:49:26;7;67;31.6;21.0;2.712;1.609;1.045;2.600;0.164;0.958;8
B3155D;2015/03/04 00:49:36;8;68;28.7;21.0;2.596;1.648;1.045;2.600;0.135;1.019;9
B3155D;2015/03/04 00:49:46;9;54;31.6;21.1;2.651;1.648;1.061;2.600;0.135;1.032;10
B3155D;2015/03/04 00:49:56;10;71;33.5;21.5;2.677;1.712;1.061;2.641;0.135;1.038;11
B3155D;2015/03/04 00:50:06;11;58;32.9;21.0;2.712;1.712;1.009;2.641;0.135;1.077;12
B3155D;2015/03/04 00:50:16;12;64;29.3;21.3;2.590;1.699;1.009;2.641;0.180;1.090;13
B3155D;2015/03/04 01:00:13;0;1;31.6;21.1;2.361;-1.000;-1.000;-1.000;-1.000;0.454;1
B3155D;2015/03/04 01:00:31;1;84;29.6;20.8;2.596;-1.000;-1.000;-1.000;-1.000;0.548;2
B3155D;2015/03/04 01:00:42;2;66;27.0;21.7;2.574;1.390;-1.000;2.658;-1.000;0.606;3
B3155D;2015/03/04 01:00:52;3;64;28.0;21.7;2.712;1.390;1.077;2.658;-1.000;0.700;4
B3155D;2015/03/04 01:01:02;4;63;32.9;21.8;2.564;1.519;1.077;2.658;0.177;0.764;5
B3155D;2015/03/04 01:01:12;5;70;30.6;22.0;2.535;1.519;1.048;2.658;0.177;0.799;6
B3155D;2015/03/04 01:01:22;6;71;27.4;21.0;2.545;1.587;1.048;2.609;0.177;0.806;7
B3155D;2015/03/04 01:01:32;7;63;33.8;21.0;2.619;1.587;1.054;2.609;0.177;0.858;8
B3155D;2015/03/04 01:01:42;8;67;29.0;21.0;2.651;1.654;1.054;2.609;0.148;0.864;9
B3155D;2015/03/04 01:01:52;9;61;30.6;21.1;2.706;1.654;1.016;2.609;0.148;0.867;10
B3155D;2015/03/04 01:02:02;10;64;32.2;21.3;2.670;1.709;1.016;2.683;0.148;0.903;11
B3155D;2015/03/04 01:02:12;11;67;29.0;21.7;2.709;1.709;1.032;2.683;0.148;0.935;12
B3155D;2015/03/04 01:02:22;12;64;29.6;21.0;2.580;1.712;1.032;2.683;0.125;0.906;13
B3155D;2015/03/04 01:02:32;13;59;31.6;21.1;2.725;1.712;1.032;2.683;0.125;0.925;14
B3155D;2015/03/04 01:02:42;14;68;32.2;21.7;2.703;1.748;1.032;2.680;0.125;0.916;15
B3155D;2015/03/04 01:02:52;15;67;28.0;21.5;2.738;1.748;1.041;2.680;0.125;0.954;16
B3155D;2015/03/04 01:03:02;16;60;28.3;21.7;2.677;1.751;1.041;2.680;0.125;0.925;17
B3155D;2015/03/04 01:03:12;17;56;30.9;21.5;2.741;1.751;1.061;2.680;0.125;0.938;18
B3155D;2015/03/04 01:03:22;18;58;31.9;21.5;2.716;1.754;1.061;2.699;0.125;0.970;19
B3155D;2015/03/04 01:03:32;19;53;31.6;21.3;2.725;1.754;1.041;2.699;0.125;0.948;20
B3155D;2015/03/04 01:03:42;20;65;29.6;21.3;2.732;1.758;1.041;2.699;0.122;0.974;21
B3155D;2015/03/04 01:03:52;21;68;30.9;21.5;2.677;1.758;1.054;2.699;0.122;0.951;22
B3155D;2015/03/04 01:04:02;22;65;29.3;21.0;2.619;1.777;1.054;2.706;0.122;0.977;23
B3155D;2015/03/04 01:04:12;23;61;27.4;21.0;2.580;1.777;1.022;2.706;0.122;1.000;24
B3155D;2015/03/04 01:04:22;24;64;29.3;21.3;2.561;1.780;1.022;2.706;0.106;1.003;25
B3155D;2015/03/04 01:04:32;25;53;31.6;21.3;2.706;1.780;1.032;2.706;0.106;0.964;26
B3155D;2015/03/04 01:04:42;26;70;29.0;21.3;2.709;1.777;1.032;2.693;0.106;0.996;27
B3155D;2015/03/04 01:04:52;27;64;29.0;22.0;2.690;1.777;1.019;2.693;0.106;0.996;28
B3155D;2015/03/04 01:05:02;28;66;30.9;21.5;2.735;1.774;1.019;2.693;0.116;1.019;29
B3155D;2015/03/04 01:05:12;29;62;28.0;21.8;2.664;1.774;1.012;2.693;0.116;1.048;30
B3155D;2015/03/04 01:05:22;30;65;30.3;21.5;2.567;1.774;1.012;2.706;0.116;1.019;31
B3155D;2015/03/04 01:05:32;31;60;29.6;21.7;2.732;1.774;1.016;2.706;0.116;0.993;32
B3155D;2015/03/04 01:05:42;32;75;29.6;20.6;2.651;1.777;1.016;2.706;0.116;1.022;33
B3155D;2015/03/04 01:05:52;33;73;32.5;21.1;2.725;1.777;1.012;2.706;0.116;1.019;34
B3155D;2015/03/04 01:06:02;34;78;30.6;21.7;2.645;1.796;1.012;2.741;0.116;1.045;35
B3155D;2015/03/04 01:06:12;35;74;31.9;21.5;2.719;1.796;1.016;2.741;0.116;1.016;36
B3155D;2015/03/04 01:06:22;36;71;28.3;21.5;2.735;1.770;1.016;2.741;0.112;1.054;37
B3155D;2015/03/04 01:06:32;37;62;29.6;22.0;2.603;1.770;1.064;2.741;0.112;1.058;38
B3155D;2015/03/04 01:06:42;38;66;30.3;21.3;2.583;1.790;1.064;2.706;0.112;1.051;39
B3155D;2015/03/04 01:06:52;39;65;29.3;20.8;2.638;1.790;1.038;2.706;0.112;1.045;40
B3155D;2015/03/04 01:07:02;40;65;31.9;21.8;2.554;1.796;1.038;2.706;0.161;1.038;41
B3155D;2015/03/04 01:07:12;41;63;30.0;21.0;2.587;1.796;1.012;2.706;0.161;1.090;42
B3155D;2015/03/04 01:07:22;42;65;30.0;21.1;2.722;1.783;1.012;2.732;0.161;1.041;43
B3155D;2015/03/04 01:07:32;43;70;30.9;21.5;2.706;1.783;1.064;2.732;0.161;1.061;44
B3155D;2015/03/04 01:07:42;44;66;29.3;21.3;2.716;1.767;1.064;2.732;0.116;1.083;45
B3155D;2015/03/04 01:07:52;45;61;30.3;21.5;2.677;1.767;1.012;2.732;0.116;1.067;46
B3155D;2015/03/04 01:08:02;46;65;31.9;21.0;2.712;1.780;1.012;2.699;0.116;1.083;47
B3155D;2015/03/04 01:08:12;47;66;29.3;21.3;2.741;1.780;1.012;2.699;0.116;1.093;48
B3155D;2015/03/04 01:08:22;48;68;32.9;22.2;2.738;1.770;1.012;2.699;0.119;1.087;49
B3155D;2015/03/04 01:08:32;49;61;28.7;21.0;2.600;1.770;1.032;2.699;0.119;1.116;50
B3155D;2015/03/04 01:08:42;50;62;30.9;21.0;2.590;1.770;1.032;2.732;0.119;1.087;51
B3155D;2015/03/04 01:08:52;51;52;34.1;21.1;2.745;1.770;1.054;2.732;0.119;1.106;52
B3155D;2015/03/04 01:09:02;52;59;30.6;21.3;2.735;1.774;1.054;2.732;0.109;1.119;53
B3155D;2015/03/04 01:09:12;53;62;29.3;21.7;2.687;1.774;1.016;2.732;0.109;1.096;54
B3155D;2015/03/04 01:09:22;54;68;33.2;21.3;2.648;1.793;1.016;2.706;0.109;1.129;55
B3155D;2015/03/04 01:09:32;55;64;31.2;21.7;2.741;1.793;1.038;2.706;0.109;1.119;56
B3155D;2015/03/04 01:09:42;56;60;31.6;21.7;2.722;1.803;1.038;2.706;0.106;1.116;57
B3155D;2015/03/04 01:09:52;57;56;29.3;21.3;2.745;1.803;1.012;2.706;0.106;1.087;58
B3155D;2015/03/04 01:10:02;58;69;29.3;20.8;2.583;1.780;1.012;2.709;0.106;1.109;59
B3155D;2015/03/04 01:10:12;59;58;28.0;21.1;2.741;1.780;1.022;2.709;0.106;1.099;60
B3155D;2015/03/04 01:10:22;60;60;31.2;21.5;2.574;1.806;1.022;2.709;0.151;1.090;61
B3155D;2015/03/04 01:10:32;61;61;33.2;21.3;2.600;1.806;1.058;2.709;0.151;1.093;62
B3155D;2015/03/04 01:10:42;62;64;29.3;21.1;2.554;1.793;1.058;2.725;0.151;1.116;63
B3155D;2015/03/04 01:10:52;63;57;28.0;21.5;2.699;1.793;1.048;2.725;0.151;1.106;64
B3155D;2015/03/04 01:11:02;64;72;28.7;21.1;2.722;1.774;1.048;2.725;0.112;1.141;65
B3155D;2015/03/04 01:11:12;65;60;29.0;21.3;2.580;1.774;1.061;2.725;0.112;1.129;66
B3155D;2015/03/04 01:11:22;66;71;29.0;21.1;2.735;1.787;1.061;2.741;0.112;1.116;67
B3155D;2015/03/04 01:11:32;67;68;28.7;21.0;2.577;1.787;1.045;2.741;0.112;1.106;68
B3155D;2015/03/04 01:11:42;68;67;29.3;22.0;2.716;1.806;1.045;2.741;0.112;1.138;69
B3155D;2015/03/04 01:11:52;69;61;32.9;21.7;2.603;1.806;1.022;2.741;0.112;1.138;70
B3155D;2015/03/04 01:12:02;70;67;34.1;21.7;2.696;1.800;1.022;2.719;0.112;1.158;71
B3155D;2015/03/04 01:12:12;71;61;31.6;21.3;2.564;1.800;1.035;2.719;0.112;1.164;72
B3155D;2015/03/04 01:12:22;72;70;30.3;21.0;2.596;1.796;1.035;2.719;0.099;1.122;73
B3155D;2015/03/04 01:12:32;73;61;30.3;21.5;2.558;1.796;1.025;2.719;0.099;1.135;74
B3155D;2015/03/04 01:12:42;74;67;31.2;21.7;2.690;1.809;1.025;2.719;0.099;1.164;75
B3155D;2015/03/04 01:12:52;75;68;33.2;21.5;2.577;1.809;1.029;2.719;0.099;1.129;76
B3155D;2015/03/04 01:13:02;76;73;32.2;21.3;2.712;1.790;1.029;2.719;0.203;1.119;77
B3155D;2015/03/04 01:13:12;77;63;28.3;21.5;2.706;1.790;1.016;2.719;0.203;1.132;78
B3155D;2015/03/04 01:13:22;78;60;30.9;21.1;2.719;1.816;1.016;2.748;0.203;1.135;79
B3155D;2015/03/04 01:13:32;79;63;33.2;21.1;2.725;1.816;1.016;2.748;0.203;1.119;80
B3155D;2015/03/04 01:13:42;80;70;31.2;21.1;2.554;1.790;1.016;2.748;0.109;1.148;81
B3155D;2015/03/04 01:13:52;81;66;31.2;21.3;2.632;1.790;1.045;2.748;0.109;1.148;82
B3155D;2015/03/04 01:14:02;82;66;31.2;21.5;2.558;1.790;1.045;2.719;0.109;1.164;83
B3155D;2015/03/04 01:14:12;83;58;30.0;21.1;2.580;1.790;1.012;2.719;0.109;1.145;84
B3155D;2015/03/04 01:14:22;84;69;32.5;21.7;2.729;1.812;1.012;2.719;0.203;1.174;85
B3155D;2015/03/04 01:14:32;85;58;28.3;21.0;2.664;1.812;1.064;2.719;0.203;1.138;86
B3155D;2015/03/04 01:14:42;86;65;30.6;21.5;2.574;1.783;1.064;2.741;0.203;1.145;87
B3155D;2015/03/04 01:14:52;87;58;30.0;21.5;2.709;1.783;1.025;2.741;0.203;1.125;88
B3155D;2015/03/04 01:15:02;88;64;31.6;21.8;2.651;1.816;1.025;2.741;0.141;1.138;89
B3155D;2015/03/04 01:15:12;89;59;27.4;20.6;2.587;1.816;1.012;2.741;0.141;1.174;90
B3155D;2015/03/04 01:15:22;90;61;29.0;21.7;2.703;1.796;1.012;2.719;0.141;1.177;91
B3155D;2015/03/04 01:15:32;91;64;30.0;21.1;2.745;1.796;1.061;2.719;0.141;1.158;92
B3155D;2015/03/04 01:15:42;92;60;31.6;21.3;2.561;1.783;1.061;2.719;0.106;1.193;93
B3155D;2015/03/04 01:15:52;93;66;31.6;21.7;2.670;1.783;1.016;2.719;0.106;1.216;94
B3155D;2015/03/04 01:16:02;94;77;31.9;21.1;2.590;1.783;1.016;2.706;0.106;1.193;95
B3155D;2015/03/04 01:16:12;95;58;32.5;21.8;2.745;1.783;1.029;2.706;0.106;1.216;96
B3155D;2015/03/04 01:16:22;96;73;28.3;22.2;2.696;1.800;1.029;2.706;0.106;1.229;97
B3155D;2015/03/04 01:16:32;97;63;30.9;21.5;2.722;1.800;1.051;2.706;0.106;1.245;98
B3155D;2015/03/04 01:16:42;98;58;30.3;20.6;2.629;1.806;1.051;2.712;0.106;1.216;99
B3155D;2015/03/04 01:16:52;99;57;29.3;20.6;2.741;1.806;1.061;2.712;0.106;1.212;100
B3155D;2015/03/04 01:17:02;100;69;32.9;22.0;2.583;1.809;1.061;2.712;0.109;1.251;101
B3155D;2015/03/04 01:17:12;101;58;30.9;21.3;2.745;1.809;1.025;2.712;0.109;1.235;102
B3155D;2015/03/04 01:17:22;102;73;30.6;21.5;2.696;1.783;1.025;2.719;0.109;1.235;103
B3155D;2015/03/04 01:17:32;103;58;30.9;21.5;2.580;1.783;1.019;2.719;0.109;1.235;104
B3155D;2015/03/04 01:17:42;104;62;30.0;21.1;2.719;1.816;1.019;2.719;0.187;1.251;105
B3155D;2015/03/04 01:17:52;105;66;28.3;20.6;2.729;1.816;1.061;2.719;0.187;1.187;106
B3155D;2015/03/04 01:18:02;106;76;28.7;21.0;2.622;1.806;1.061;2.754;0.187;1.209;107
B3155D;2015/03/04 01:18:12;107;63;27.7;21.7;2.706;1.806;1.035;2.754;0.187;1.232;108
B3155D;2015/03/04 01:18:22;108;66;29.3;21.0;2.635;1.803;1.035;2.754;0.099;1.203;109
B3155D;2015/03/04 01:18:32;109;68;32.2;21.0;2.741;1.803;1.064;2.754;0.099;1.180;110
B3155D;2015/03/04 01:18:42;110;63;27.4;21.8;2.583;1.819;1.064;2.732;0.099;1.199;111
B3155D;2015/03/04 01:18:52;111;59;28.3;20.8;2.600;1.819;1.064;2.732;0.099;1.164;112
B3155D;2015/03/04 01:19:02;112;64;28.3;21.3;2.590;1.819;1.064;2.732;0.093;1.167;113
B3155D;2015/03/04 01:19:12;113;68;29.0;21.5;2.693;1.819;1.061;2.732;0.093;1.190;114
B3155D;2015/03/04 01:19:22;114;66;30.9;21.7;2.745;1.803;1.061;2.751;0.093;1.225;115
B3155D;2015/03/04 01:19:32;115;68;28.7;20.8;2.654;1.803;1.022;2.751;0.093;1.196;116
B3155D;2015/03/04 01:19:42;116;73;33.2;21.5;2.735;1.796;1.022;2.751;0.161;1.206;117
B3155D;2015/03/04 01:19:52;117;61;33.8;21.3;2.583;1.796;1.016;2.751;0.161;1.222;118
B3155D;2015/03/04 01:20:02;118;69;31.6;21.0;2.712;1.800;1.016;2.719;0.161;1.199;119
B3155D;2015/03/04 01:20:12;119;51;28.7;20.8;2.587;1.800;1.016;2.719;0.161;1.209;120
B3155D;2015/03/04 01:20:22;120;77;31.9;20.6;2.729;1.806;1.016;2.719;0.106;1.241;121
B3155D;2015/03/04 01:20:32;121;56;30.9;21.3;2.751;1.806;1.022;2.719;0.106;1.254;122
B3155D;2015/03/04 01:20:42;122;53;31.2;21.5;2.580;1.822;1.022;2.754;0.106;1.248;123
B3155D;2015/03/04 01:20:52;123;59;28.0;21.5;2.738;1.822;1.016;2.754;0.106;1.209;124
B3155D;2015/03/04 01:21:02;124;75;30.9;21.0;2.690;1.787;1.016;2.754;0.106;1.222;125
B3155D;2015/03/04 01:21:12;125;62;30.0;20.6;2.735;1.787;1.022;2.754;0.106;1.212;126
B3155D;2015/03/04 01:21:22;126;73;30.3;21.0;2.654;1.822;1.022;2.738;0.106;1.199;127
B3155D;2015/03/04 01:21:32;127;70;29.3;21.3;2.580;1.822;1.025;2.738;0.106;1.203;128
B3155D;2015/03/04 01:21:42;128;61;30.3;21.1;2.738;1.809;1.025;2.738;0.106;1.235;129
B3155D;2015/03/04 01:21:52;129;54;30.9;21.1;2.609;1.809;1.058;2.738;0.106;1.203;130
B3155D;2015/03/04 01:22:02;130;70;31.6;22.0;2.577;1.790;1.058;2.741;0.106;1.180;131
B3155D;2015/03/04 01:22:12;131;72;30.6;21.7;2.748;1.790;1.035;2.741;0.106;1.219;132
B3155D;2015/03/04 01:22:22;132;61;32.2;21.7;2.741;1.825;1.035;2.741;0.116;1.229;133
B3155D;2015/03/04 01:22:32;133;56;28.7;20.8;2.645;1.825;1.058;2.741;0.116;1.229;134
B3155D;2015/03/04 01:22:42;134;77;31.2;21.5;2.651;1.825;1.058;2.729;0.116;1.245;135
B3155D;2015/03/04 01:22:52;135;59;31.9;21.7;2.745;1.825;1.035;2.729;0.116;1.245;136
B3155D;2015/03/04 01:23:02;136;71;30.9;21.0;2.729;1.812;1.035;2.729;0.099;1.248;137
B3155D;2015/03/04 01:23:12;137;55;28.0;21.7;2.745;1.812;1.048;2.729;0.099;1.258;138
B3155D;2015/03/04 01:23:22;138;71;32.5;21.0;2.706;1.790;1.048;2.761;0.099;1.248;139
B3155D;2015/03/04 01:23:32;139;65;32.9;21.5;2.558;1.790;1.067;2.761;0.099;1.241;140
B3155D;2015/03/04 01:23:42;140;68;28.7;21.8;2.741;1.812;1.067;2.761;0.161;1.274;141
B3155D;2015/03/04 01:23:52;141;54;31.6;21.3;2.725;1.812;1.054;2.761;0.161;1.251;142
B3155D;2015/03/04 01:24:02;142;71;32.9;21.5;2.741;1.790;1.054;2.738;0.161;1.261;143
B3155D;2015/03/04 01:24:12;143;62;32.5;21.1;2.716;1.790;1.029;2.738;0.161;1.267;144
B3155D;2015/03/04 01:24:22;144;71;33.2;21.3;2.741;1.819;1.029;2.738;0.099;1.248;145
B3155D;2015/03/04 01:24:32;145;63;31.6;21.1;2.619;1.819;1.016;2.738;0.099;1.254;146
B3155D;2015/03/04 01:24:42;146;66;33.2;21.0;2.567;1.816;1.016;2.751;0.099;1.238;147
B3155D;2015/03/04 01:24:52;147;61;28.0;21.0;2.564;1.816;1.019;2.751;0.099;1.283;148
B3155D;2015/03/04 01:25:02;148;76;32.2;21.1;2.558;1.819;1.019;2.751;0.154;1.261;149
B3155D;2015/03/04 01:25:12;149;63;28.7;21.1;2.690;1.819;1.061;2.751;0.154;1.277;150
B3155D;2015/03/04 01:25:22;150;65;30.9;21.1;2.590;1.803;1.061;2.725;0.154;1.309;151
B3155D;2015/03/04 01:25:32;151;63;31.2;21.5;2.567;1.803;1.022;2.725;0.154;1.248;152
B3155D;2015/03/04 01:25:42;152;67;30.3;21.0;2.680;1.809;1.022;2.725;0.151;1.277;153
B3155D;2015/03/04 01:25:52;153;58;33.8;21.3;2.745;1.809;1.022;2.725;0.151;1.316;154
B3155D;2015/03/04 01:26:02;154;67;31.6;21.1;2.580;1.819;1.022;2.709;0.151;1.303;155
B3155D;2015/03/04 01:26:12;155;61;30.9;20.8;2.729;1.819;1.019;2.709;0.151;1.267;156
B3155D;2015/03/04 01:26:22;156;63;32.2;21.5;2.680;1.825;1.019;2.709;0.193;1.322;157
B3155D;2015/03/04 01:26:32;157;58;33.2;21.1;2.745;1.825;1.022;2.709;0.193;1.283;158
B3155D;2015/03/04 01:26:42;158;72;28.7;21.5;2.738;1.825;1.022;2.712;0.193;1.274;159
B3155D;2015/03/04 01:26:52;159;63;32.5;21.5;2.574;1.825;1.070;2.712;0.193;1.322;160
B3155D;2015/03/04 01:27:02;160;63;32.5;21.3;2.719;1.793;1.070;2.712;0.112;1.319;161
B3155D;2015/03/04 01:27:12;161;67;28.7;21.0;2.587;1.793;1.016;2.712;0.112;1.303;162
B3155D;2015/03/04 01:27:22;162;68;28.7;21.3;2.596;1.822;1.016;2.761;0.112;1.293;163
B3155D;2015/03/04 01:27:32;163;64;28.7;20.6;2.745;1.822;1.064;2.761;0.112;1.300;164
B3155D;2015/03/04 01:27:42;164;73;29.6;21.5;2.580;1.819;1.064;2.761;0.099;1.309;165
B3155D;2015/03/04 01:27:52;165;68;31.9;21.5;2.561;1.819;1.064;2.761;0.099;1.325;166
B3155D;2015/03/04 01:28:02;166;68;28.7;21.0;2.554;1.822;1.064;2.729;0.099;1.306;167
B3155D;2015/03/04 01:28:12;167;65;30.0;21.7;2.748;1.822;1.054;2.729;0.099;1.303;168
B3155D;2015/03/04 01:28:22;168;70;31.6;21.1;2.712;1.793;1.054;2.729;0.103;1.351;169
B3155D;2015/03/04 01:28:32;169;61;28.7;21.0;2.645;1.793;1.019;2.729;0.103;1.332;170
B3155D;2015/03/04 01:28:42;170;69;30.9;21.5;2.735;1.819;1.019;2.719;0.103;1.332;171
B3155D;2015/03/04 01:28:52;171;62;29.6;21.7;2.735;1.819;1.045;2.719;0.103;1.300;172
B3155D;2015/03/04 01:29:02;172;63;29.3;21.3;2.654;1.809;1.045;2.719;0.093;1.290;173
B3155D;2015/03/04 01:29:12;173;60;29.3;20.8;2.625;1.809;1.048;2.719;0.093;1.287;174
B3155D;2015/03/04 01:29:22;174;61;31.9;21.5;2.590;1.806;1.048;2.767;0.093;1.306;175
B3155D;2015/03/04 01:29:32;175;63;31.2;21.1;2.725;1.806;1.038;2.767;0.093;1.345;176
B3155D;2015/03/04 01:29:42;176;68;31.6;21.3;2.745;1.825;1.038;2.767;0.099;1.306;177
B3155D;2015/03/04 01:29:52;177;62;28.7;20.6;2.612;1.825;1.067;2.767;0.099;1.303;178
B3155D;2015/03/04 01:30:02;178;66;33.5;21.3;2.729;1.825;1.067;2.761;0.099;1.332;179
B3155D;2015/03/04 01:30:12;179;72;28.7;21.5;2.703;1.825;1.067;2.761;0.099;1.325;180
B3155D;2015/03/04 01:30:22;180;66;29.3;21.3;2.645;1.793;1.067;2.761;0.129;1.309;181
B3155D;2015/03/04 01:30:32;181;67;33.5;20.8;2.577;1.793;1.022;2.761;0.129;1.306;182
B3155D;2015/03/04 01:30:42;182;73;30.0;21.3;2.745;1.806;1.022;2.761;0.129;1.316;183
B3155D;2015/03/04 01:30:52;183;67;29.0;21.0;2.719;1.806;1.077;2.761;0.129;1.341;184
B3155D;2015/03/04 01:31:02;184;73;32.2;21.3;2.583;1.829;1.077;2.761;0.112;1.335;185
B3155D;2015/03/04 01:31:12;185;67;31.9;21.3;2.745;1.829;1.051;2.761;0.112;1.309;186
B3155D;2015/03/04 01:31:22;186;59;32.5;21.3;2.706;1.812;1.051;2.767;0.112;1.341;187
B3155D;2015/03/04 01:31:32;187;62;28.3;21.0;2.612;1.812;1.070;2.767;0.112;1.361;188
B3155D;2015/03/04 01:31:42;188;67;29.3;21.1;2.558;1.812;1.070;2.767;0.093;1.332;189
B3155D;2015/03/04 01:31:52;189;68;31.6;21.5;2.709;1.812;1.025;2.767;0.093;1.332;190
B3155D;2015/03/04 01:32:02;190;67;29.3;21.7;2.729;1.796;1.025;2.732;0.093;1.370;191
B3155D;2015/03/04 01:32:12;191;56;31.9;21.3;2.751;1.796;1.022;2.732;0.093;1.319;192
B3155D;2015/03/04 01:32:22;192;58;30.0;21.5;2.680;1.819;1.022;2.732;0.116;1.351;193
B3155D;2015/03/04 01:32:32;193;65;33.5;20.6;2.619;1.819;1.025;2.732;0.116;1.383;194
B3155D;2015/03/04 01:32:42;194;63;29.3;21.1;2.741;1.825;1.025;2.738;0.116;1.351;195
B3155D;2015/03/04 01:32:52;195;63;31.2;21.1;2.587;1.825;1.045;2.738;0.116;1.396;196
B3155D;2015/03/04 01:33:02;196;78;31.9;21.5;2.709;1.803;1.045;2.738;0.099;1.361;197
B3155D;2015/03/04 01:33:12;197;68;34.5;21.5;2.745;1.803;1.054;2.738;0.099;1.380;198
B3155D;2015/03/04 01:33:22;198;73;29.3;21.5;2.729;1.816;1.054;2.735;0.099;1.383;199
B3155D;2015/03/04 01:33:32;199;67;30.3;20.8;2.587;1.816;1.022;2.735;0.099;1.383;200
B3155D;2015/03/04 01:33:42;200;65;32.5;21.5;2.570;1.829;1.022;2.735;0.151;1.364;201
B3155D;2015/03/04 01:33:52;201;58;30.0;21.1;2.748;1.829;1.029;2.735;0.151;1.393;202
B3155D;2015/03/04 01:34:02;202;62;28.3;21.3;2.593;1.825;1.029;2.767;0.151;1.412;203
B3155D;2015/03/04 01:34:12;203;63;29.6;21.5;2.738;1.825;1.038;2.767;0.151;1.403;204
B3155D;2015/03/04 01:34:22;204;64;34.5;20.6;2.741;1.796;1.038;2.767;0.161;1.406;205
B3155D;2015/03/04 01:34:32;205;68;30.0;21.1;2.561;1.796;1.048;2.767;0.161;1.399;206
B3155D;2015/03/04 01:34:42;206;73;31.2;21.5;2.606;1.825;1.048;2.745;0.161;1.393;207
B3155D;2015/03/04 01:34:52;207;63;30.3;21.1;2.699;1.825;1.070;2.745;0.161;1.406;208
B3155D;2015/03/04 01:35:02;208;59;28.0;21.5;2.561;1.816;1.070;2.745;0.106;1.364;209
B3155D;2015/03/04 01:35:12;209;58;29.3;21.7;2.719;1.816;1.051;2.745;0.106;1.377;210
B3155D;2015/03/04 01:35:22;210;78;32.9;21.3;2.729;1.822;1.051;2.780;0.106;1.412;211
B3155D;2015/03/04 01:35:32;211;62;32.5;21.8;2.738;1.822;1.025;2.780;0.106;1.374;212
B3155D;2015/03/04 01:35:42;212;69;30.9;21.1;2.706;1.816;1.025;2.780;0.099;1.335;213
B3155D;2015/03/04 01:35:52;213;68;30.9;21.1;2.732;1.816;1.051;2.780;0.099;1.393;214
B3155D;2015/03/04 01:36:02;214;67;31.2;21.1;2.567;1.829;1.051;2.735;0.099;1.364;215
B3155D;2015/03/04 01:36:12;215;63;30.0;20.8;2.751;1.829;1.077;2.735;0.099;1.361;216
B3155D;2015/03/04 01:36:22;216;73;28.0;21.1;2.703;1.812;1.077;2.735;0.099;1.322;217
B3155D;2015/03/04 01:36:32;217;61;31.6;21.0;2.738;1.812;1.074;2.735;0.099;1.364;218
B3155D;2015/03/04 01:36:42;218;68;28.7;21.3;2.703;1.832;1.074;2.735;0.099;1.341;219
B3155D;2015/03/04 01:36:52;219;64;31.6;21.0;2.745;1.832;1.041;2.735;0.099;1.370;220
B3155D;2015/03/04 01:37:02;220;71;32.9;21.0;2.554;1.832;1.041;2.735;0.135;1.348;221
B3155D;2015/03/04 01:37:12;221;63;28.7;21.5;2.687;1.832;1.054;2.735;0.135;1.370;222
B3155D;2015/03/04 01:37:22;222;68;32.9;21.3;2.645;1.816;1.054;2.761;0.135;1.383;223
B3155D;2015/03/04 01:37:32;223;72;30.9;21.1;2.693;1.816;1.025;2.761;0.135;1.374;224
B3155D;2015/03/04 01:37:42;224;63;29.3;21.5;2.745;1.829;1.025;2.761;0.103;1.403;225
B3155D;2015/03/04 01:37:52;225;67;34.1;21.5;2.712;1.829;1.025;2.761;0.103;1.399;226
B3155D;2015/03/04 01:38:02;226;78;32.9;21.8;2.741;1.832;1.025;2.725;0.103;1.393;227
B3155D;2015/03/04 01:38:12;227;67;29.3;21.3;2.577;1.832;1.067;2.725;0.103;1.390;228
B3155D;2015/03/04 01:38:22;228;73;28.7;21.0;2.680;1.825;1.067;2.725;0.132;1.399;229
B3155D;2015/03/04 01:38:32;229;61;29.0;21.5;2.741;1.825;1.064;2.725;0.132;1.403;230
B3155D;2015/03/04 01:38:42;230;69;31.9;21.7;2.661;1.800;1.064;2.764;0.132;1.438;231
B3155D;2015/03/04 01:38:52;231;67;29.3;21.0;2.606;1.800;1.022;2.764;0.132;1.412;232
B3155D;2015/03/04 01:39:02;232;60;30.3;21.3;2.716;1.800;1.022;2.764;0.109;1.429;233
B3155D;2015/03/04 01:39:12;233;56;29.3;21.1;2.570;1.800;1.035;2.764;0.109;1.458;234
B3155D;2015/03/04 01:39:22;234;62;30.0;21.5;2.635;1.829;1.035;2.774;0.109;1.445;235
B3155D;2015/03/04 01:39:32;235;60;31.6;21.1;2.680;1.829;1.074;2.774;0.109;1.458;236
B3155D;2015/03/04 01:39:42;236;67;33.8;21.0;2.654;1.809;1.074;2.774;0.187;1.483;237
B3155D;2015/03/04 01:39:52;237;53;29.6;21.7;2.754;1.809;1.061;2.774;0.187;1.464;238
B3155D;2015/03/04 01:40:02;238;76;32.5;21.0;2.725;1.800;1.061;2.758;0.187;1.467;239
B3155D;2015/03/04 01:40:12;239;70;29.0;21.0;2.554;1.800;1.025;2.758;0.187;1.432;240
B3155D;2015/03/04 01:40:22;240;73;28.0;20.8;2.577;1.832;1.025;2.758;0.112;1.467;241
B3155D;2015/03/04 01:48:07;0;1;29.0;20.8;2.429;-1.000;-1.000;-1.000;-1.000;0.974;1
B3155D;2015/03/04 01:48:26;1;77;31.9;21.0;2.509;-1.000;-1.000;-1.000;-1.000;1.054;2
B3155D;2015/03/04 01:48:36;2;69;27.4;20.8;2.745;1.548;-1.000;2.738;-1.000;1.029;3
B3155D;2015/03/04 01:48:46;3;54;29.3;21.7;2.567;1.548;1.035;2.738;-1.000;1.064;4
B3155D;2015/03/04 01:48:56;4;68;29.3;21.1;2.564;1.616;1.035;2.738;0.154;1.093;5
B3155D;2015/03/04 01:49:06;5;58;28.3;21.0;2.583;1.616;1.035;2.738;0.154;1.106;6
B3155D;2015/03/04 01:49:16;6;70;32.5;21.1;2.738;1.709;1.035;2.699;0.154;1.112;7
B3155D;2015/03/04 01:49:26;7;68;30.0;20.8;2.558;1.709;1.035;2.699;0.154;1.145;8
B3155D;2015/03/04 01:49:36;8;64;31.6;20.8;2.635;1.722;1.035;2.699;0.125;1.203;9
B3155D;2015/03/04 01:49:46;9;63;29.6;21.3;2.558;1.722;1.029;2.699;0.125;1.174;10
B3155D;2015/03/04 01:49:56;10;67;29.0;20.6;2.670;1.774;1.029;2.716;0.125;1.141;11
B3155D;2015/03/04 01:50:06;11;54;29.3;21.0;2.570;1.774;1.041;2.716;0.125;1.193;12
B3155D;2015/03/04 01:50:16;12;69;32.9;21.0;2.590;1.793;1.041;2.716;0.116;1.193;13
B3155D;2015/03/04 01:50:26;13;66;32.9;21.3;2.729;1.793;1.080;2.716;0.116;1.183;14
B3155D;2015/03/04 01:50:36;14;67;31.6;21.5;2.603;1.783;1.080;2.748;0.116;1.199;15
B3155D;2015/03/04 01:50:46;15;59;28.0;20.8;2.554;1.783;1.045;2.748;0.116;1.170;16
B3155D;2015/03/04 01:50:56;16;65;33.5;21.1;2.567;1.806;1.045;2.748;0.099;1.174;17
B3155D;2015/03/04 01:51:06;17;68;28.3;20.6;2.745;1.806;1.058;2.748;0.099;1.174;18
B3155D;2015/03/04 01:51:16;18;63;28.0;21.5;2.567;1.783;1.058;2.774;0.099;1.141;19
B3155D;2015/03/04 01:51:26;19;63;31.2;21.0;2.716;1.783;1.032;2.774;0.099;1.183;20
B3155D;2015/03/04 01:51:36;20;63;29.6;20.3;2.735;1.780;1.032;2.774;0.099;1.167;21
B3155D;2015/03/04 01:51:46;21;68;31.9;21.1;2.745;1.780;1.029;2.774;0.099;1.154;22
B3155D;2015/03/04 01:51:56;22;67;28.3;21.1;2.722;1.819;1.029;2.748;0.099;1.180;23
B3155D;2015/03/04 01:52:06;23;69;31.6;21.8;2.651;1.819;1.029;2.748;0.099;1.164;24
B3155D;2015/03/04 01:52:16;24;73;29.3;21.3;2.719;1.816;1.029;2.748;0.129;1.167;25
B3155D;2015/03/04 01:52:26;25;55;31.2;21.7;2.570;1.816;1.041;2.748;0.129;1.209;26
B3155D;2015/03/04 01:52:36;26;69;31.2;20.8;2.609;1.812;1.041;2.735;0.129;1.187;27
B3155D;2015/03/04 01:52:46;27;63;34.1;21.5;2.741;1.812;1.074;2.735;0.129;1.151;28
B3155D;2015/03/04 01:52:56;28;65;30.6;21.0;2.596;1.809;1.074;2.735;0.116;1.145;29
B3155D;2015/03/04 01:53:06;29;68;30.0;21.1;2.735;1.809;1.070;2.735;0.116;1.196;30
B3155D;2015/03/04 01:53:16;30;68;32.2;21.5;2.587;1.793;1.070;2.741;0.116;1.161;31
B3155D;2015/03/04 01:53:26;31;65;29.0;21.3;2.641;1.793;1.032;2.741;0.116;1.180;32
B3155D;2015/03/04 01:53:36;32;73;30.3;20.6;2.651;1.793;1.032;2.741;0.119;1.196;33
B3155D;2015/03/04 01:53:46;33;63;28.7;21.7;2.580;1.793;1.032;2.741;0.119;1.170;34
B3155D;2015/03/04 01:53:56;34;70;29.3;21.0;2.564;1.816;1.032;2.745;0.119;1.190;35
B3155D;2015/03/04 01:54:06;35;68;29.0;21.1;2.596;1.816;1.048;2.745;0.119;1.216;36
B3155D;2015/03/04 01:54:16;36;68;30.3;21.1;2.596;1.793;1.048;2.745;0.109;1.183;37
B3155D;2015/03/04 01:54:26;37;53;29.6;21.1;2.645;1.793;1.070;2.745;0.109;1.212;38
B3155D;2015/03/04 01:54:36;38;64;29.6;21.3;2.593;1.806;1.070;2.735;0.109;1.216;39
B3155D;2015/03/04 01:54:46;39;64;32.2;21.1;2.738;1.806;1.025;2.735;0.109;1.238;40
B3155D;2015/03/04 01:54:56;40;69;30.0;21.1;2.735;1.803;1.025;2.735;0.203;1.245;41
B3155D;2015/03/04 01:55:06;41;72;31.6;21.1;2.638;1.803;1.080;2.735;0.203;1.290;42
B3155D;2015/03/04 01:55:16;42;72;30.9;21.5;2.583;1.822;1.080;2.780;0.203;1.248;43
B3155D;2015/03/04 01:55:26;43;58;28.0;21.5;2.745;1.822;1.032;2.780;0.203;1.209;44
B3155D;2015/03/04 01:55:36;44;58;27.4;21.3;2.596;1.806;1.032;2.780;0.125;1.212;45
B3155D;2015/03/04 01:55:46;45;63;32.2;21.0;2.706;1.806;1.025;2.780;0.125;1.209;46
B3155D;2015/03/04 01:55:56;46;61;28.0;21.5;2.564;1.832;1.025;2.741;0.125;1.219;47
B3155D;2015/03/04 01:56:06;47;66;29.6;21.7;2.745;1.832;1.041;2.741;0.125;1.212;48
B3155D;2015/03/04 01:56:16;48;66;29.0;21.1;2.729;1.825;1.041;2.741;0.109;1.251;49
B3155D;2015/03/04 01:56:26;49;61;29.6;21.5;2.612;1.825;1.051;2.741;0.109;1.216;50
B3155D;2015/03/04 01:56:36;50;62;33.5;21.7;2.716;1.822;1.051;2.787;0.109;1.251;51
B3155D;2015/03/04 01:56:46;51;68;31.6;21.5;2.745;1.822;1.070;2.787;0.109;1.232;52
B3155D;2015/03/04 01:56:56;52;61;31.6;21.5;2.722;1.825;1.070;2.787;0.093;1.232;53
B3155D;2015/03/04 01:57:06;53;56;29.3;21.8;2.570;1.825;1.032;2.787;0.093;1.229;54
B3155D;2015/03/04 01:57:16;54;71;29.3;21.7;2.706;1.819;1.032;2.761;0.093;1.241;55
B3155D;2015/03/04 01:57:26;55;64;33.2;21.7;2.587;1.819;1.077;2.761;0.093;1.212;56
B3155D;2015/03/04 01:57:36;56;60;30.9;21.5;2.583;1.829;1.077;2.761;0.145;1.251;57
B3155D;2015/03/04 01:57:46;57;64;33.8;21.1;2.732;1.829;1.067;2.761;0.145;1.267;58
B3155D;2015/03/04 01:57:56;58;63;34.1;21.1;2.745;1.819;1.067;2.783;0.145;1.222;59
B3155D;2015/03/04 01:58:06;59;52;33.8;21.0;2.587;1.819;1.070;2.783;0.145;1.261;60
B3155D;2015/03/04 01:58:16;60;65;28.7;21.5;2.699;1.825;1.070;2.783;0.154;1.248;61
B3155D;2015/03/04 01:58:26;61;59;32.5;21.5;2.706;1.825;1.029;2.783;0.154;1.258;62
B3155D;2015/03/04 01:58:36;62;55;31.2;21.5;2.590;1.803;1.029;2.761;0.154;1.225;63
B3155D;2015/03/04 01:58:46;63;62;32.2;21.7;2.661;1.803;1.038;2.761;0.154;1.248;64
B3155D;2015/03/04 01:58:56;64;62;32.5;21.8;2.632;1.809;1.038;2.761;0.174;1.261;65
B3155D;2015/03/04 01:59:06;65;58;28.3;21.0;2.587;1.809;1.077;2.761;0.174;1.261;66
B3155D;2015/03/04 01:59:16;66;68;30.6;21.7;2.741;1.829;1.077;2.780;0.174;1.287;67
B3155D;2015/03/04 01:59:26;67;65;30.6;21.5;2.664;1.829;1.067;2.780;0.174;1.277;68
B3155D;2015/03/04 01:59:36;68;66;30.6;21.5;2.558;1.832;1.067;2.780;0.116;1.264;69
B3155D;2015/03/04 01:59:46;69;56;29.6;21.7;2.754;1.832;1.029;2.780;0.116;1.309;70
B3155D;2015/03/04 01:59:56;70;74;29.3;22.0;2.735;1.812;1.029;2.770;0.116;1.290;71
B3155D;2015/03/04 02:00:06;71;68;28.0;21.7;2.696;1.812;1.041;2.770;0.116;1.254;72
B3155D;2015/03/04 02:00:16;72;66;32.9;21.1;2.570;1.838;1.041;2.770;0.125;1.258;73
B3155D;2015/03/04 02:00:26;73;54;28.0;21.1;2.738;1.838;1.029;2.770;0.125;1.274;74
B3155D;2015/03/04 02:00:36;74;68;30.3;21.8;2.703;1.822;1.029;2.790;0.125;1.280;75
B3155D;2015/03/04 02:00:46;75;59;30.3;21.1;2.754;1.822;1.025;2.790;0.125;1.293;76
B3155D;2015/03/04 02:00:56;76;78;28.3;21.8;2.745;1.832;1.025;2.790;0.174;1.300;77
B3155D;2015/03/04 02:01:06;77;61;32.2;21.1;2.703;1.832;1.041;2.790;0.174;1.283;78
B3155D;2015/03/04 02:01:16;78;68;32.5;21.3;2.596;1.838;1.041;2.790;0.174;1.306;79
B3155D;2015/03/04 02:01:26;79;62;30.3;20.8;2.612;1.838;1.061;2.790;0.174;1.367;80
B3155D;2015/03/04 02:01:36;80;68;30.6;21.5;2.735;1.819;1.061;2.790;0.109;1.364;81
B3155D;2015/03/04 02:01:46;81;64;34.5;21.3;2.609;1.819;1.077;2.790;0.109;1.367;82
B3155D;2015/03/04 02:01:56;82;64;34.8;21.3;2.622;1.829;1.077;2.758;0.109;1.351;83
B3155D;2015/03/04 02:02:06;83;57;31.2;21.7;2.735;1.829;1.032;2.758;0.109;1.345;84
B3155D;2015/03/04 02:02:16;84;64;30.0;21.5;2.735;1.806;1.032;2.758;0.099;1.322;85
B3155D;2015/03/04 02:02:26;85;68;28.0;21.1;2.748;1.806;1.025;2.758;0.099;1.348;86
B3155D;2015/03/04 02:02:36;86;66;28.7;21.0;2.709;1.803;1.025;2.783;0.099;1.341;87
B3155D;2015/03/04 02:02:46;87;67;29.3;21.0;2.583;1.803;1.035;2.783;0.099;1.329;88
B3155D;2015/03/04 02:02:56;88;74;30.6;21.7;2.587;1.825;1.035;2.783;0.119;1.338;89
B3155D;2015/03/04 02:03:06;89;51;31.9;21.3;2.735;1.825;1.029;2.783;0.119;1.332;90
B3155D;2015/03/04 02:03:16;90;65;32.2;21.5;2.670;1.803;1.029;2.787;0.119;1.341;91
B3155D;2015/03/04 02:03:26;91;63;28.7;21.0;2.583;1.803;1.074;2.787;0.119;1.341;92
B3155D;2015/03/04 02:03:36;92;68;28.7;21.7;2.606;1.819;1.074;2.787;0.106;1.309;93
B3155D;2015/03/04 02:03:46;93;62;28.0;21.8;2.706;1.819;1.054;2.787;0.106;1.329;94
B3155D;2015/03/04 02:03:56;94;59;29.6;20.8;2.577;1.806;1.054;2.787;0.106;1.358;95
B3155D;2015/03/04 02:04:06;95;52;30.0;21.3;2.735;1.806;1.083;2.787;0.106;1.319;96
B3155D;2015/03/04 02:04:16;96;72;28.3;21.0;2.722;1.803;1.083;2.787;0.125;1.309;97
B3155D;2015/03/04 02:04:26;97;67;33.2;21.0;2.748;1.803;1.054;2.787;0.125;1.322;98
B3155D;2015/03/04 02:04:36;98;68;29.0;21.3;2.609;1.806;1.054;2.764;0.125;1.370;99
B3155D;2015/03/04 02:04:46;99;53;33.5;21.7;2.667;1.806;1.083;2.764;0.125;1.387;100
B3155D;2015/03/04 02:04:56;100;67;31.6;21.1;2.570;1.819;1.083;2.764;0.122;1.348;101
B3155D;2015/03/04 02:05:06;101;66;31.9;21.0;2.751;1.819;1.035;2.764;0.122;1.370;102
B3155D;2015/03/04 02:05:16;102;62;33.2;21.5;2.719;1.822;1.035;2.754;0.122;1.406;103
B3155D;2015/03/04 02:05:26;103;61;27.7;21.0;2.680;1.822;1.070;2.754;0.122;1.425;104
B3155D;2015/03/04 02:05:36;104;71;31.6;21.3;2.683;1.838;1.070;2.754;0.099;1.396;105
B3155D;2015/03/04 02:05:46;105;63;30.3;21.5;2.725;1.838;1.074;2.754;0.099;1.383;106
B3155D;2015/03/04 02:05:56;106;65;32.5;21.1;2.741;1.838;1.074;2.764;0.099;1.416;107
B3155D;2015/03/04 02:06:06;107;60;30.3;21.7;2.667;1.838;1.083;2.764;0.099;1.364;108
B3155D;2015/03/04 02:06:16;108;80;32.2;20.6;2.570;1.812;1.083;2.764;0.112;1.399;109
B3155D;2015/03/04 02:06:26;109;70;30.6;21.0;2.583;1.812;1.038;2.764;0.112;1.351;110
B3155D;2015/03/04 02:06:36;110;62;32.2;21.0;2.570;1.803;1.038;2.748;0.112;1.335;111
B3155D;2015/03/04 02:06:46;111;60;29.0;21.3;2.654;1.803;1.054;2.748;0.112;1.312;112
B3155D;2015/03/04 02:06:56;112;66;28.0;21.0;2.561;1.838;1.054;2.748;0.199;1.325;113
B3155D;2015/03/04 02:07:06;113;56;29.0;21.0;2.625;1.838;1.032;2.748;0.199;1.319;114
B3155D;2015/03/04 02:07:16;114;61;30.3;22.0;2.558;1.829;1.032;2.780;0.199;1.351;115
B3155D;2015/03/04 02:07:26;115;62;30.9;21.5;2.712;1.829;1.032;2.780;0.199;1.338;116
B3155D;2015/03/04 02:07:36;116;67;31.6;21.5;2.580;1.806;1.032;2.780;0.109;1.387;117
B3155D;2015/03/04 02:07:46;117;56;32.2;21.8;2.745;1.806;1.035;2.780;0.109;1.364;118
B3155D;2015/03/04 02:07:56;118;68;29.3;22.0;2.738;1.838;1.035;2.767;0.109;1.390;119
B3155D;2015/03/04 02:08:06;119;72;29.3;21.5;2.751;1.838;1.077;2.767;0.109;1.364;120
B3155D;2015/03/04 02:08:16;120;58;31.2;21.5;2.741;1.812;1.077;2.767;0.145;1.383;121
B3155D;2015/03/04 02:08:26;121;64;31.9;21.5;2.754;1.812;1.074;2.767;0.145;1.341;122
B3155D;2015/03/04 02:08:36;122;61;30.9;22.0;2.564;1.816;1.074;2.796;0.145;1.377;123
B3155D;2015/03/04 02:08:46;123;59;28.0;21.5;2.754;1.816;1.029;2.796;0.145;1.432;124
B3155D;2015/03/04 02:08:56;124;64;31.9;21.5;2.745;1.835;1.029;2.796;0.161;1.406;125
B3155D;2015/03/04 02:09:06;125;62;32.2;21.1;2.712;1.835;1.038;2.796;0.161;1.422;126
B3155D;2015/03/04 02:09:16;126;68;29.3;21.5;2.738;1.841;1.038;2.783;0.161;1.409;127
B3155D;2015/03/04 02:09:26;127;59;28.7;21.8;2.558;1.841;1.032;2.783;0.161;1.432;128
B3155D;2015/03/04 02:09:36;128;71;32.2;21.8;2.741;1.809;1.032;2.783;0.109;1.396;129
B3155D;2015/03/04 02:09:46;129;66;28.3;21.1;2.625;1.809;1.080;2.783;0.109;1.422;130
B3155D;2015/03/04 02:09:56;130;65;32.2;21.8;2.745;1.841;1.080;2.751;0.109;1.403;131
B3155D;2015/03/04 02:10:06;131;67;29.0;21.5;2.712;1.841;1.035;2.751;0.109;1.422;132
B3155D;2015/03/04 02:10:16;132;63;30.3;21.5;2.741;1.819;1.035;2.751;0.164;1.409;133
B3155D;2015/03/04 02:10:26;133;70;28.0;21.1;2.745;1.819;1.083;2.751;0.164;1.399;134
B3155D;2015/03/04 02:10:36;134;63;31.2;20.6;2.645;1.838;1.083;2.793;0.164;1.406;135
B3155D;2015/03/04 02:10:46;135;59;31.2;21.7;2.732;1.838;1.054;2.793;0.164;1.406;136
B3155D;2015/03/04 02:10:56;136;63;28.7;21.3;2.567;1.825;1.054;2.793;0.099;1.429;137
B3155D;2015/03/04 02:11:06;137;64;30.9;21.5;2.683;1.825;1.035;2.793;0.099;1.416;138
B3155D;2015/03/04 02:11:16;138;69;30.6;21.8;2.745;1.809;1.035;2.770;0.099;1.425;139
B3155D;2015/03/04 02:11:26;139;68;28.3;21.7;2.580;1.809;1.054;2.770;0.099;1.448;140
B3155D;2015/03/04 02:11:36;140;67;30.0;21.0;2.570;1.829;1.054;2.770;0.212;1.435;141
B3155D;2015/03/04 02:11:46;141;58;29.0;21.1;2.600;1.829;1.041;2.770;0.212;1.451;142
B3155D;2015/03/04 02:11:56;142;78;32.9;21.5;2.577;1.841;1.041;2.799;0.212;1.390;143
B3155D;2015/03/04 02:12:06;143;58;29.6;21.3;2.732;1.841;1.032;2.799;0.212;1.370;144
B3155D;2015/03/04 02:12:16;144;73;30.0;21.1;2.729;1.819;1.032;2.799;0.099;1.399;145
B3155D;2015/03/04 02:12:26;145;62;28.7;20.8;2.719;1.819;1.074;2.799;0.099;1.403;146
B3155D;2015/03/04 02:12:36;146;70;30.3;21.3;2.722;1.841;1.074;2.809;0.099;1.422;147
B3155D;2015/03/04 02:12:46;147;68;28.3;21.0;2.593;1.841;1.077;2.809;0.099;1.399;148
B3155D;2015/03/04 02:12:56;148;70;34.1;21.1;2.722;1.838;1.077;2.809;0.099;1.432;149
B3155D;2015/03/04 02:13:06;149;68;28.7;20.6;2.690;1.838;1.074;2.809;0.099;1.438;150
B3155D;2015/03/04 02:13:16;150;66;32.2;21.5;2.551;1.809;1.074;2.767;0.099;1.454;151
B3155D;2015/03/04 02:13:26;151;56;30.0;20.4;2.580;1.809;1.077;2.767;0.099;1.403;152
B3155D;2015/03/04 02:13:36;152;62;26.7;21.1;2.696;1.812;1.077;2.767;0.093;1.419;153
B3155D;2015/03/04 02:13:46;153;65;29.0;20.8;2.612;1.812;1.041;2.767;0.093;1.445;154
B3155D;2015/03/04 02:13:56;154;63;30.9;21.5;2.596;1.819;1.041;2.783;0.093;1.429;155
B3155D;2015/03/04 02:14:06;155;60;32.2;21.1;2.719;1.819;1.032;2.783;0.093;1.412;156
B3155D;2015/03/04 02:14:16;156;67;30.9;21.3;2.741;1.845;1.032;2.783;0.141;1.393;157
B3155D;2015/03/04 02:14:26;157;58;30.6;21.3;2.570;1.845;1.032;2.783;0.141;1.370;158
B3155D;2015/03/04 02:14:36;158;65;33.5;21.1;2.741;1.829;1.032;2.780;0.141;1.412;159
B3155D;2015/03/04 02:14:46;159;66;30.6;21.3;2.754;1.829;1.083;2.780;0.141;1.409;160
B3155D;2015/03/04 02:14:56;160;69;28.7;21.0;2.729;1.809;1.083;2.780;0.122;1.416;161
B3155D;2015/03/04 02:15:06;161;59;30.3;21.3;2.558;1.809;1.048;2.780;0.122;1.403;162
B3155D;2015/03/04 02:15:16;162;64;31.9;21.0;2.564;1.845;1.048;2.767;0.122;1.435;163
B3155D;2015/03/04 02:15:26;163;62;32.9;21.3;2.654;1.845;1.035;2.767;0.122;1.396;164
B3155D;2015/03/04 02:15:36;164;67;30.9;21.3;2.558;1.835;1.035;2.767;0.099;1.425;165
B3155D;2015/03/04 02:15:46;165;68;28.0;21.0;2.741;1.835;1.032;2.767;0.099;1.451;166
B3155D;2015/03/04 02:15:56;166;75;28.7;21.3;2.558;1.835;1.032;2.764;0.099;1.470;167
B3155D;2015/03/04 02:16:06;167;57;30.3;21.1;2.632;1.835;1.080;2.764;0.099;1.438;168
B3155D;2015/03/04 02:16:16;168;63;28.7;20.4;2.570;1.825;1.080;2.764;0.093;1.441;169
B3155D;2015/03/04 02:16:26;169;50;33.5;21.3;2.674;1.825;1.051;2.764;0.093;1.461;170
B3155D;2015/03/04 02:16:36;170;74;31.6;21.3;2.600;1.845;1.051;2.806;0.093;1.458;171
B3155D;2015/03/04 02:16:46;171;64;30.0;21.1;2.719;1.845;1.080;2.806;0.093;1.422;172
B3155D;2015/03/04 02:16:56;172;68;32.5;21.3;2.603;1.829;1.080;2.806;0.187;1.480;173
B3155D;2015/03/04 02:17:06;173;58;28.3;21.5;2.554;1.829;1.083;2.806;0.187;1.467;174
B3155D;2015/03/04 02:17:16;174;78;30.0;21.5;2.696;1.845;1.083;2.767;0.187;1.445;175
B3155D;2015/03/04 02:17:26;175;58;32.2;21.1;2.751;1.845;1.032;2.767;0.187;1.483;176
B3155D;2015/03/04 02:17:36;176;64;30.9;21.0;2.745;1.809;1.032;2.767;0.093;1.483;177
B3155D;2015/03/04 02:17:46;177;60;29.6;21.3;2.670;1.809;1.080;2.767;0.093;1.490;178
B3155D;2015/03/04 02:17:56;178;70;32.2;21.5;2.616;1.809;1.080;2.767;0.093;1.493;179
B3155D;2015/03/04 02:18:06;179;64;29.3;21.5;2.745;1.809;1.083;2.767;0.093;1.474;180
B3155D;2015/03/04 02:18:16;180;62;34.1;21.0;2.570;1.848;1.083;2.767;0.161;1.429;181
B3155D;2015/03/04 02:18:26;181;59;30.0;21.3;2.729;1.848;1.083;2.767;0.161;1.467;182
B3155D;2015/03/04 02:18:36;182;73;31.9;21.5;2.596;1.812;1.083;2.790;0.161;1.406;183
B3155D;2015/03/04 02:18:46;183;57;31.2;21.7;2.587;1.812;1.041;2.790;0.161;1.412;184
B3155D;2015/03/04 02:18:56;184;67;28.7;21.3;2.745;1.822;1.041;2.790;0.093;1.441;185
B3155D;2015/03/04 02:19:06;185;53;34.1;21.1;2.716;1.822;1.070;2.790;0.093;1.403;186
B3155D;2015/03/04 02:19:16;186;69;31.2;21.5;2.683;1.812;1.070;2.754;0.093;1.419;187
B3155D;2015/03/04 02:19:26;187;60;34.5;22.2;2.712;1.812;1.080;2.754;0.093;1.406;188
B3155D;2015/03/04 02:19:36;188;73;30.0;21.3;2.712;1.822;1.080;2.754;0.093;1.419;189
B3155D;2015/03/04 02:19:46;189;56;31.9;21.0;2.558;1.822;1.041;2.754;0.093;1.448;190
B3155D;2015/03/04 02:19:56;190;72;29.6;21.1;2.590;1.835;1.041;2.774;0.093;1.441;191
B3155D;2015/03/04 02:20:06;191;60;29.6;21.3;2.754;1.835;1.083;2.774;0.093;1.429;192
B3155D;2015/03/04 02:20:16;192;57;29.0;21.1;2.741;1.845;1.083;2.774;0.116;1.480;193
B3155D;2015/03/04 02:20:26;193;66;33.8;21.7;2.677;1.845;1.035;2.774;0.116;1.458;194
B3155D;2015/03/04 02:20:36;194;63;33.2;21.0;2.603;1.835;1.035;2.790;0.116;1.503;195
B3155D;2015/03/04 02:20:46;195;68;28.7;21.1;2.664;1.835;1.077;2.790;0.116;1.470;196
B3155D;2015/03/04 02:20:56;196;63;30.0;21.3;2.741;1.829;1.077;2.790;0.106;1.519;197
B3155D;2015/03/04 02:21:06;197;67;33.5;21.5;2.567;1.829;1.074;2.790;0.106;1.503;198
B3155D;2015/03/04 02:21:16;198;68;28.7;21.1;2.706;1.812;1.074;2.764;0.106;1.500;199
B3155D;2015/03/04 02:21:26;199;64;28.7;21.0;2.606;1.812;1.048;2.764;0.106;1.490;200
B3155D;2015/03/04 02:21:36;200;73;29.3;21.0;2.606;1.841;1.048;2.764;0.125;1.538;201
B3155D;2015/03/04 02:21:46;201;56;28.0;21.1;2.712;1.841;1.041;2.764;0.125;1.506;202
B3155D;2015/03/04 02:21:56;202;70;32.9;21.1;2.561;1.832;1.041;2.812;0.125;1.503;203
B3155D;2015/03/04 02:22:06;203;56;33.2;20.6;2.645;1.832;1.035;2.812;0.125;1.538;204
B3155D;2015/03/04 02:22:16;204;71;33.2;21.5;2.596;1.832;1.035;2.812;0.099;1.529;205
B3155D;2015/03/04 02:22:26;205;51;30.9;21.1;2.703;1.832;1.035;2.812;0.099;1.558;206
B3155D;2015/03/04 02:22:36;206;68;32.2;21.5;2.567;1.829;1.035;2.809;0.099;1.561;207
B3155D;2015/03/04 02:22:46;207;63;30.6;21.1;2.745;1.829;1.035;2.809;0.099;1.574;208
B3155D;2015/03/04 02:22:56;208;67;32.9;21.1;2.745;1.832;1.035;2.809;0.141;1.567;209
B3155D;2015/03/04 02:24:07;0;1;28.0;21.0;2.545;-1.000;-1.000;-1.000;-1.000;0.722;1
B3155D;2015/03/04 02:24:25;1;86;32.2;20.8;2.532;-1.000;-1.000;-1.000;-1.000;0.799;2
B3155D;2015/03/04 02:24:36;2;70;30.3;21.7;2.732;1.503;-1.000;2.732;-1.000;0.864;3
B3155D;2015/03/04 02:24:46;3;57;29.3;21.3;2.593;1.503;1.051;2.732;-1.000;0.909;4
B3155D;2015/03/04 02:24:56;4;67;30.3;21.5;2.677;1.583;1.051;2.732;0.138;0.970;5
B3155D;2015/03/04 02:25:06;5;64;29.3;21.7;2.558;1.583;1.061;2.732;0.138;0.951;6
B3155D;2015/03/04 02:25:16;6;68;30.3;20.6;2.703;1.703;1.061;2.722;0.138;1.009;7
B3155D;2015/03/04 02:25:26;7;70;28.3;20.4;2.564;1.703;1.087;2.722;0.138;0.990;8
B3155D;2015/03/04 02:25:36;8;64;30.6;21.5;2.583;1.729;1.087;2.722;0.129;1.012;9
B3155D;2015/03/04 02:25:46;9;62;32.9;21.1;2.741;1.729;1.087;2.722;0.129;1.064;10
B3155D;2015/03/04 02:25:56;10;69;31.2;22.0;2.716;1.758;1.087;2.751;0.129;1.099;11
B3155D;2015/03/04 02:26:06;11;65;30.0;21.1;2.554;1.758;1.045;2.751;0.129;1.093;12
B3155D;2015/03/04 02:26:16;12;68;30.0;21.0;2.551;1.787;1.045;2.751;0.119;1.077;13
B3155D;2015/03/04 02:26:26;13;74;30.6;21.3;2.738;1.787;1.038;2.751;0.119;1.122;14
B3155D;2015/03/04 02:26:36;14;67;31.2;21.3;2.677;1.767;1.038;2.770;0.119;1.087;15
B3155D;2015/03/04 02:26:46;15;63;34.8;21.3;2.664;1.767;1.090;2.770;0.119;1.138;16
B3155D;2015/03/04 02:26:56;16;73;29.6;21.0;2.629;1.774;1.090;2.770;0.112;1.167;17
B3155D;2015/03/04 02:27:06;17;63;28.7;21.0;2.577;1.774;1.038;2.770;0.112;1.132;18
B3155D;2015/03/04 02:27:16;18;68;33.5;21.3;2.564;1.812;1.038;2.741;0.112;1.158;19
B3155D;2015/03/04 02:27:26;19;60;30.3;21.1;2.677;1.812;1.035;2.741;0.112;1.151;20
B3155D;2015/03/04 02:27:36;20;68;27.4;21.0;2.622;1.783;1.035;2.741;0.106;1.164;21
B3155D;2015/03/04 02:27:46;21;56;30.0;21.0;2.583;1.783;1.070;2.741;0.106;1.145;22
B3155D;2015/03/04 02:27:56;22;68;31.6;21.5;2.741;1.819;1.070;2.745;0.106;1.170;23
B3155D;2015/03/04 02:28:06;23;66;31.2;21.1;2.748;1.819;1.048;2.745;0.106;1.145;24
B3155D;2015/03/04 02:28:16;24;67;32.2;21.1;2.741;1.806;1.048;2.745;0.141;1.196;25
B3155D;2015/03/04 02:28:26;25;56;32.2;21.3;2.651;1.806;1.035;2.745;0.141;1.158;26
B3155D;2015/03/04 02:28:36;26;71;28.7;21.5;2.716;1.825;1.035;2.793;0.141;1.170;27
B3155D;2015/03/04 02:28:46;27;67;32.2;21.3;2.706;1.825;1.054;2.793;0.141;1.167;28
B3155D;2015/03/04 02:28:56;28;63;30.3;21.7;2.709;1.809;1.054;2.793;0.164;1.209;29
B3155D;2015/03/04 02:29:06;29;58;33.5;21.1;2.745;1.809;1.074;2.793;0.164;1.180;30
B3155D;2015/03/04 02:29:16;30;67;30.0;21.5;2.716;1.829;1.074;2.770;0.164;1.222;31
B3155D;2015/03/04 02:29:26;31;64;28.7;20.8;2.629;1.829;1.087;2.770;0.164;1.206;32
B3155D;2015/03/04 02:29:36;32;67;34.1;21.8;2.716;1.812;1.087;2.770;0.112;1.203;33
B3155D;2015/03/04 02:29:46;33;62;31.9;21.7;2.677;1.812;1.035;2.770;0.112;1.206;34
B3155D;2015/03/04 02:29:56;34;61;28.3;21.7;2.583;1.800;1.035;2.799;0.112;1.219;35
B3155D;2015/03/04 02:30:06;35;68;30.0;21.7;2.593;1.800;1.093;2.799;0.112;1.212;36
B3155D;2015/03/04 02:30:16;36;69;30.9;21.5;2.741;1.822;1.093;2.799;0.125;1.216;37
B3155D;2015/03/04 02:30:26;37;62;32.2;21.1;2.751;1.822;1.038;2.799;0.125;1.209;38
B3155D;2015/03/04 02:30:36;38;68;28.7;21.0;2.680;1.829;1.038;2.790;0.125;1.196;39
B3155D;2015/03/04 02:30:46;39;55;33.5;21.0;2.741;1.829;1.038;2.790;0.125;1.190;40
B3155D;2015/03/04 02:30:56;40;63;34.1;21.5;2.651;1.816;1.038;2.790;0.109;1.203;41
B3155D;2015/03/04 02:31:06;41;55;28.7;21.0;2.567;1.816;1.077;2.790;0.109;1.203;42
B3155D;2015/03/04 02:31:16;42;69;30.9;21.5;2.570;1.803;1.077;2.790;0.109;1.219;43
B3155D;2015/03/04 02:31:26;43;61;28.3;21.3;2.712;1.803;1.077;2.790;0.109;1.216;44
B3155D;2015/03/04 02:31:36;44;68;32.5;20.6;2.622;1.819;1.077;2.790;0.099;1.235;45
B3155D;2015/03/04 02:31:46;45;51;32.9;21.3;2.593;1.819;1.035;2.790;0.099;1.232;46
B3155D;2015/03/04 02:31:56;46;61;32.9;21.3;2.670;1.835;1.035;2.770;0.099;1.232;47
B3155D;2015/03/04 02:32:06;47;53;30.0;21.1;2.664;1.835;1.087;2.770;0.099;1.212;48
B3155D;2015/03/04 02:32:16;48;70;30.9;21.0;2.593;1.806;1.087;2.770;0.099;1.254;49
B3155D;2015/03/04 02:32:26;49;63;31.2;21.1;2.561;1.806;1.083;2.770;0.099;1.232;50
B3155D;2015/03/04 02:32:36;50;72;29.3;22.0;2.745;1.812;1.083;2.774;0.099;1.219;51
B3155D;2015/03/04 02:32:46;51;67;28.7;21.1;2.645;1.812;1.041;2.774;0.099;1.235;52
B3155D;2015/03/04 02:32:56;52;67;32.9;21.0;2.732;1.829;1.041;2.774;0.129;1.238;53
B3155D;2015/03/04 02:33:06;53;63;33.2;21.7;2.619;1.829;1.064;2.774;0.129;1.238;54
B3155D;2015/03/04 02:33:16;54;62;30.0;21.3;2.596;1.806;1.064;2.790;0.129;1.235;55
B3155D;2015/03/04 02:33:26;55;53;29.3;20.6;2.716;1.806;1.038;2.790;0.129;1.212;56
B3155D;2015/03/04 02:33:36;56;57;30.0;21.3;2.745;1.841;1.038;2.790;0.109;1.235;57
B3155D;2015/03/04 02:33:46;57;67;34.1;21.0;2.696;1.841;1.077;2.790;0.109;1.225;58
B3155D;2015/03/04 02:33:56;58;74;29.0;20.3;2.703;1.838;1.077;2.770;0.109;1.254;59
B3155D;2015/03/04 02:34:06;59;72;34.5;21.1;2.738;1.838;1.083;2.770;0.109;1.258;60
B3155D;2015/03/04 02:34:16;60;67;32.2;21.0;2.564;1.838;1.083;2.770;0.161;1.277;61
B3155D;2015/03/04 02:34:26;61;63;31.6;20.8;2.745;1.838;1.041;2.770;0.161;1.277;62
B3155D;2015/03/04 02:34:36;62;62;28.7;20.6;2.741;1.841;1.041;2.799;0.161;1.300;63
B3155D;2015/03/04 02:34:46;63;59;32.9;21.0;2.603;1.841;1.087;2.799;0.161;1.245;64
B3155D;2015/03/04 02:34:56;64;63;28.7;21.3;2.680;1.841;1.087;2.799;0.125;1.277;65
B3155D;2015/03/04 02:35:06;65;56;29.6;20.6;2.645;1.841;1.080;2.799;0.125;1.261;66
B3155D;2015/03/04 02:35:16;66;72;32.9;21.3;2.709;1.841;1.080;2.770;0.125;1.293;67
B3155D;2015/03/04 02:35:26;67;63;31.2;21.1;2.587;1.841;1.070;2.770;0.125;1.251;68
B3155D;2015/03/04 02:35:36;68;73;30.3;21.5;2.558;1.841;1.070;2.770;0.122;1.267;69
B3155D;2015/03/04 02:35:46;69;73;33.2;21.3;2.580;1.841;1.083;2.770;0.122;1.267;70
B3155D;2015/03/04 02:35:56;70;73;29.6;21.0;2.712;1.838;1.083;2.774;0.122;1.287;71
B3155D;2015/03/04 02:36:06;71;67;32.2;20.8;2.709;1.838;1.041;2.774;0.122;1.254;72
B3155D;2015/03/04 02:36:16;72;64;33.5;21.1;2.567;1.835;1.041;2.774;0.112;1.290;73
B3155D;2015/03/04 02:36:26;73;62;29.3;21.1;2.741;1.835;1.041;2.774;0.112;1.261;74
B3155D;2015/03/04 02:36:36;74;74;28.0;20.8;2.658;1.809;1.041;2.790;0.112;1.258;75
B3155D;2015/03/04 02:36:46;75;68;30.3;20.8;2.751;1.809;1.058;2.790;0.112;1.261;76
B3155D;2015/03/04 02:36:56;76;54;30.9;21.1;2.564;1.841;1.058;2.790;0.199;1.267;77
B3155D;2015/03/04 02:37:06;77;58;30.9;21.0;2.751;1.841;1.035;2.790;0.199;1.241;78
B3155D;2015/03/04 02:37:16;78;68;30.0;21.5;2.570;1.838;1.035;2.777;0.199;1.274;79
B3155D;2015/03/04 02:37:26;79;73;31.2;21.7;2.693;1.838;1.077;2.777;0.199;1.261;80
B3155D;2015/03/04 02:37:36;80;68;32.9;21.1;2.719;1.809;1.077;2.777;0.112;1.280;81
B3155D;2015/03/04 02:37:46;81;65;30.0;21.0;2.651;1.809;1.064;2.777;0.112;1.251;82
B3155D;2015/03/04 02:37:56;82;59;32.2;21.1;2.716;1.838;1.064;2.812;0.112;1.248;83
B3155D;2015/03/04 02:38:06;83;67;32.9;20.6;2.751;1.838;1.038;2.812;0.112;1.229;84
B3155D;2015/03/04 02:38:16;84;67;29.3;21.5;2.745;1.845;1.038;2.812;0.125;1.251;85
B3155D;2015/03/04 02:38:26;85;59;33.8;20.8;2.677;1.845;1.058;2.812;0.125;1.245;86
B3155D;2015/03/04 02:38:36;86;70;34.1;21.5;2.745;1.838;1.058;2.796;0.125;1.261;87
B3155D;2015/03/04 02:38:46;87;61;32.5;21.1;2.567;1.838;1.041;2.796;0.125;1.270;88
B3155D;2015/03/04 02:38:56;88;60;31.6;21.3;2.745;1.812;1.041;2.796;0.154;1.287;89
B3155D;2015/03/04 02:39:06;89;53;29.6;21.5;2.619;1.812;1.090;2.796;0.154;1.258;90
B3155D;2015/03/04 02:39:16;90;73;30.9;21.0;2.564;1.848;1.090;2.819;0.154;1.290;91
B3155D;2015/03/04 02:39:26;91;68;31.2;21.1;2.580;1.848;1.090;2.819;0.154;1.283;92
B3155D;2015/03/04 02:39:36;92;69;30.6;21.1;2.745;1.845;1.090;2.819;0.112;1.280;93
B3155D;2015/03/04 02:39:46;93;62;30.3;21.0;2.606;1.845;1.038;2.819;0.112;1.245;94
B3155D;2015/03/04 02:39:56;94;67;29.3;21.3;2.706;1.832;1.038;2.809;0.112;1.316;95
B3155D;2015/03/04 02:40:06;95;63;28.7;20.6;2.751;1.832;1.041;2.809;0.112;1.287;96
B3155D;2015/03/04 02:40:16;96;72;29.6;20.8;2.725;1.816;1.041;2.809;0.187;1.329;97
B3155D;2015/03/04 02:40:26;97;73;29.0;21.3;2.616;1.816;1.070;2.809;0.187;1.303;98
B3155D;2015/03/04 02:40:36;98;78;34.1;21.7;2.696;1.841;1.070;2.787;0.187;1.325;99
B3155D;2015/03/04 02:40:46;99;70;33.2;21.3;2.716;1.841;1.090;2.787;0.187;1.312;100
B3155D;2015/03/04 02:40:56;100;78;33.2;21.7;2.745;1.812;1.090;2.787;0.203;1.312;101
B3155D;2015/03/04 02:41:06;101;69;30.6;21.3;2.648;1.812;1.061;2.787;0.203;1.325;102
B3155D;2015/03/04 02:41:16;102;68;34.8;21.3;2.551;1.829;1.061;2.787;0.203;1.345;103
B3155D;2015/03/04 02:41:26;103;73;31.6;21.1;2.709;1.829;1.041;2.787;0.203;1.332;104
B3155D;2015/03/04 02:41:36;104;77;34.8;21.3;2.725;1.848;1.041;2.787;0.154;1.364;105
B3155D;2015/03/04 02:41:46;105;67;31.6;20.8;2.558;1.848;1.045;2.787;0.154;1.354;106
B3155D;2015/03/04 02:41:56;106;74;31.9;21.5;2.590;1.835;1.045;2.787;0.154;1.383;107
B3155D;2015/03/04 02:42:06;107;68;31.6;21.1;2.719;1.835;1.058;2.787;0.154;1.338;108
B3155D;2015/03/04 02:42:16;108;70;32.9;21.1;2.735;1.848;1.058;2.787;0.109;1.364;109
B3155D;2015/03/04 02:42:26;109;61;28.7;21.0;2.580;1.848;1.038;2.787;0.109;1.361;110
B3155D;2015/03/04 02:42:36;110;76;28.3;20.6;2.664;1.848;1.038;2.812;0.109;1.370;111
B3155D;2015/03/04 02:42:46;111;65;30.9;20.8;2.716;1.848;1.087;2.812;0.109;1.338;112
B3155D;2015/03/04 02:42:56;112;75;32.2;21.5;2.590;1.848;1.087;2.812;0.125;1.370;113
B3155D;2015/03/04 02:43:06;113;66;30.0;20.8;2.751;1.848;1.038;2.812;0.125;1.338;114
B3155D;2015/03/04 02:43:16;114;69;30.3;21.5;2.564;1.832;1.038;2.777;0.125;1.354;115
B3155D;2015/03/04 02:43:26;115;68;31.6;22.0;2.738;1.832;1.048;2.777;0.125;1.341;116
B3155D;2015/03/04 02:43:36;116;72;29.3;21.0;2.716;1.835;1.048;2.777;0.125;1.380;117
B3155D;2015/03/04 02:43:46;117;53;30.0;21.1;2.751;1.835;1.058;2.777;0.125;1.377;118
B3155D;2015/03/04 02:43:56;118;68;31.9;21.1;2.745;1.829;1.058;2.767;0.125;1.380;119
B3155D;2015/03/04 02:44:06;119;63;28.0;21.1;2.719;1.829;1.087;2.767;0.125;1.364;120
B3155D;2015/03/04 02:44:16;120;62;28.7;20.3;2.745;1.832;1.087;2.767;0.154;1.393;121
B3155D;2015/03/04 02:44:26;121;52;29.3;20.8;2.654;1.832;1.067;2.767;0.154;1.383;122
B3155D;2015/03/04 02:44:36;122;63;31.6;21.0;2.564;1.838;1.067;2.787;0.154;1.412;123
B3155D;2015/03/04 02:44:46;123;64;31.2;21.3;2.738;1.838;1.054;2.787;0.154;1.406;124
B3155D;2015/03/04 02:44:56;124;65;30.0;21.5;2.577;1.848;1.054;2.787;0.161;1.445;125
B3155D;2015/03/04 02:45:06;125;55;28.3;20.4;2.712;1.848;1.038;2.787;0.161;1.441;126
B3155D;2015/03/04 02:45:16;126;68;32.2;21.3;2.654;1.848;1.038;2.806;0.161;1.477;127
B3155D;2015/03/04 02:45:26;127;63;32.9;20.6;2.741;1.848;1.087;2.806;0.161;1.429;128
B3155D;2015/03/04 02:45:36;128;72;30.9;21.1;2.622;1.848;1.087;2.806;0.106;1.474;129
B3155D;2015/03/04 02:45:46;129;54;31.6;21.0;2.732;1.848;1.038;2.806;0.106;1.445;130
B3155D;2015/03/04 02:45:56;130;72;33.5;21.1;2.703;1.841;1.038;2.770;0.106;1.470;131
B3155D;2015/03/04 02:46:06;131;69;30.0;20.6;2.674;1.841;1.048;2.770;0.106;1.464;132
B3155D;2015/03/04 02:46:16;132;73;31.6;20.8;2.593;1.838;1.048;2.770;0.093;1.474;133
B3155D;2015/03/04 02:46:26;133;56;27.4;21.0;2.712;1.838;1.083;2.770;0.093;1.464;134
B3155D;2015/03/04 02:46:36;134;61;28.7;20.3;2.670;1.816;1.083;2.790;0.093;1.461;135
B3155D;2015/03/04 02:46:46;135;55;33.8;21.0;2.677;1.816;1.090;2.790;0.093;1.425;136
B3155D;2015/03/04 02:46:56;136;66;29.3;21.3;2.583;1.845;1.090;2.790;0.122;1.493;137
B3155D;2015/03/04 02:47:06;137;68;28.7;20.6;2.625;1.845;1.035;2.790;0.122;1.429;138
B3155D;2015/03/04 02:47:16;138;72;30.0;21.5;2.693;1.816;1.035;2.812;0.122;1.467;139
B3155D;2015/03/04 02:47:26;139;58;29.6;21.3;2.632;1.816;1.041;2.812;0.122;1.445;140
B3155D;2015/03/04 02:47:36;140;73;30.3;21.5;2.603;1.816;1.041;2.812;0.135;1.470;141
B3155D;2015/03/04 02:47:46;141;70;30.0;20.8;2.561;1.816;1.041;2.812;0.135;1.422;142
B3155D;2015/03/04 02:47:56;142;62;28.3;21.0;2.712;1.829;1.041;2.803;0.135;1.403;143
B3155D;2015/03/04 02:48:06;143;63;32.5;21.1;2.741;1.829;1.054;2.803;0.135;1.403;144
B3155D;2015/03/04 02:48:16;144;73;29.0;20.3;2.690;1.816;1.054;2.803;0.199;1.387;145
B3155D;2015/03/04 02:48:26;145;62;32.2;20.8;2.738;1.816;1.074;2.803;0.199;1.374;146
B3155D;2015/03/04 02:48:36;146;71;31.6;20.8;2.745;1.822;1.074;2.796;0.199;1.403;147
B3155D;2015/03/04 02:48:46;147;75;31.2;21.3;2.554;1.822;1.083;2.796;0.199;1.374;148
B3155D;2015/03/04 02:48:56;148;65;29.6;20.6;2.596;1.825;1.083;2.796;0.106;1.425;149
B3155D;2015/03/04 02:49:06;149;57;33.2;20.8;2.667;1.825;1.070;2.796;0.106;1.422;150
B3155D;2015/03/04 02:49:16;150;64;32.5;21.0;2.664;1.845;1.070;2.819;0.106;1.445;151
B3155D;2015/03/04 02:49:26;151;66;30.9;21.3;2.741;1.845;1.061;2.819;0.106;1.412;152
B3155D;2015/03/04 02:49:36;152;71;28.3;22.0;2.712;1.832;1.061;2.819;0.106;1.425;153
B3155D;2015/03/04 02:49:46;153;58;31.6;21.1;2.567;1.832;1.041;2.819;0.106;1.445;154
B3155D;2015/03/04 02:49:56;154;61;33.8;21.3;2.554;1.825;1.041;2.780;0.106;1.464;155
B3155D;2015/03/04 02:50:06;155;58;30.9;20.8;2.703;1.825;1.077;2.780;0.106;1.454;156
B3155D;2015/03/04 02:50:16;156;63;30.9;21.1;2.558;1.835;1.077;2.780;0.087;1.470;157
B3155D;2015/03/04 02:50:26;157;59;30.0;20.8;2.619;1.835;1.054;2.780;0.087;1.458;158
B3155D;2015/03/04 02:50:36;158;61;31.2;21.5;2.745;1.841;1.054;2.825;0.087;1.435;159
B3155D;2015/03/04 02:50:46;159;63;28.3;21.3;2.725;1.841;1.054;2.825;0.087;1.461;160
B3155D;2015/03/04 02:50:56;160;68;30.6;21.5;2.680;1.819;1.054;2.825;0.099;1.441;161
B3155D;2015/03/04 02:51:06;161;60;29.3;21.7;2.625;1.819;1.083;2.825;0.099;1.454;162
B3155D;2015/03/04 02:51:16;162;66;30.0;21.5;2.638;1.854;1.083;2.819;0.099;1.467;163
B3155D;2015/03/04 02:51:26;163;68;34.1;21.8;2.751;1.854;1.090;2.819;0.099;1.467;164
B3155D;2015/03/04 02:51:36;164;62;31.9;21.8;2.677;1.819;1.090;2.819;0.187;1.474;165
B3155D;2015/03/04 02:51:46;165;59;28.0;21.8;2.748;1.819;1.090;2.819;0.187;1.509;166
B3155D;2015/03/04 02:51:56;166;61;32.5;21.3;2.706;1.851;1.090;2.787;0.187;1.454;167
B3155D;2015/03/04 02:52:06;167;65;30.0;21.8;2.738;1.851;1.090;2.787;0.187;1.474;168
B3155D;2015/03/04 02:52:16;168;69;30.6;22.0;2.741;1.835;1.090;2.787;0.116;1.474;169
B3155D;2015/03/04 02:52:26;169;68;34.1;21.7;2.629;1.835;1.093;2.787;0.116;1.464;170
B3155D;2015/03/04 02:52:36;170;63;30.3;21.3;2.729;1.838;1.093;2.774;0.116;1.480;171
B3155D;2015/03/04 02:52:46;171;56;33.8;21.5;2.729;1.838;1.048;2.774;0.116;1.516;172
B3155D;2015/03/04 02:52:56;172;69;32.2;21.7;2.606;1.845;1.048;2.774;0.112;1.483;173
B3155D;2015/03/04 02:53:06;173;68;30.0;21.1;2.719;1.845;1.041;2.774;0.112;1.467;174
B3155D;2015/03/04 02:53:16;174;67;29.3;21.1;2.570;1.841;1.041;2.809;0.112;1.480;175
B3155D;2015/03/04 02:53:26;175;58;29.3;20.6;2.587;1.841;1.090;2.809;0.112;1.467;176
B3155D;2015/03/04 02:53:36;176;73;30.9;21.5;2.716;1.819;1.090;2.809;0.096;1.429;177
B3155D;2015/03/04 02:53:46;177;62;29.6;21.1;2.706;1.819;1.051;2.809;0.096;1.448;178
B3155D;2015/03/04 02:53:56;178;66;31.9;21.7;2.745;1.819;1.051;2.803;0.096;1.441;179
B3155D;2015/03/04 02:54:06;179;67;30.0;21.3;2.729;1.819;1.041;2.803;0.096;1.458;180
B3155D;2015/03/04 02:54:16;180;66;34.1;21.3;2.745;1.854;1.041;2.803;0.125;1.412;181
B3155D;2015/03/04 02:54:26;181;65;27.7;21.5;2.748;1.854;1.061;2.803;0.125;1.435;182
B3155D;2015/03/04 02:54:36;182;73;27.7;21.0;2.716;1.845;1.061;2.822;0.125;1.406;183
B3155D;2015/03/04 02:54:46;183;64;30.9;21.3;2.693;1.845;1.090;2.822;0.125;1.396;184
B3155D;2015/03/04 02:54:56;184;71;30.3;20.8;2.619;1.819;1.090;2.822;0.145;1.380;185
B3155D;2015/03/04 02:55:06;185;63;30.0;21.0;2.587;1.819;1.077;2.822;0.145;1.377;186
B3155D;2015/03/04 02:55:16;186;66;30.9;20.6;2.716;1.851;1.077;2.812;0.145;1.364;187
B3155D;2015/03/04 02:55:26;187;61;31.2;21.3;2.570;1.851;1.035;2.812;0.145;1.383;188
B3155D;2015/03/04 02:55:36;188;67;30.6;21.5;2.745;1.819;1.035;2.812;0.103;1.399;189
B3155D;2015/03/04 02:55:46;189;63;33.8;21.7;2.751;1.819;1.070;2.812;0.103;1.390;190
B3155D;2015/03/04 02:55:56;190;75;27.4;21.0;2.722;1.848;1.070;2.803;0.103;1.358;191
B3155D;2015/03/04 02:56:06;191;67;31.2;21.0;2.558;1.848;1.087;2.803;0.103;1.393;192
B3155D;2015/03/04 02:56:16;192;66;30.6;21.3;2.716;1.841;1.087;2.803;0.116;1.348;193
B3155D;2015/03/04 02:56:26;193;53;32.2;20.8;2.729;1.841;1.077;2.803;0.116;1.380;194
B3155D;2015/03/04 02:56:36;194;58;29.6;21.1;2.716;1.845;1.077;2.790;0.116;1.358;195
B3155D;2015/03/04 02:56:46;195;63;32.2;21.1;2.554;1.845;1.090;2.790;0.116;1.351;196
B3155D;2015/03/04 02:56:56;196;76;33.5;21.3;2.732;1.819;1.090;2.790;0.122;1.361;197
B3155D;2015/03/04 02:57:06;197;71;29.0;21.7;2.625;1.819;1.064;2.790;0.122;1.354;198
B3155D;2015/03/04 02:57:16;198;73;32.9;21.1;2.670;1.848;1.064;2.780;0.122;1.406;199
B3155D;2015/03/04 02:57:26;199;55;30.3;21.7;2.693;1.848;1.041;2.780;0.122;1.380;200
B3155D;2015/03/04 02:57:36;200;77;32.9;21.3;2.590;1.819;1.041;2.780;0.154;1.422;201
B3155D;2015/03/04 02:57:46;201;73;33.8;21.1;2.732;1.819;1.041;2.780;0.154;1.358;202
B3155D;2015/03/04 02:57:56;202;73;28.7;21.5;2.577;1.854;1.041;2.803;0.154;1.390;203
B3155D;2015/03/04 02:58:06;203;68;29.0;21.3;2.580;1.854;1.087;2.803;0.154;1.354;204
B3155D;2015/03/04 02:58:16;204;76;34.1;21.5;2.590;1.829;1.087;2.803;0.103;1.409;205
B3155D;2015/03/04 02:58:26;205;59;31.6;21.7;2.745;1.829;1.090;2.803;0.103;1.387;206
B3155D;2015/03/04 02:58:36;206;73;31.9;22.0;2.719;1.825;1.090;2.796;0.103;1.422;207
B3155D;2015/03/04 02:58:46;207;71;29.6;21.3;2.658;1.825;1.048;2.796;0.103;1.387;208
B3155D;2015/03/04 02:58:56;208;78;34.5;21.3;2.745;1.835;1.048;2.796;0.112;1.412;209
B3155D;2015/03/04 02:59:06;209;73;31.6;21.3;2.709;1.835;1.061;2.796;0.112;1.425;210
B3155D;2015/03/04 02:59:16;210;67;32.5;22.0;2.745;1.835;1.061;2.812;0.112;1.458;211
B3155D;2015/03/04 02:59:26;211;68;30.6;21.8;2.741;1.835;1.093;2.812;0.112;1.409;212
B3155D;2015/03/04 02:59:36;212;68;29.3;21.7;2.670;1.835;1.093;2.812;0.148;1.464;213
B3155D;2015/03/04 02:59:46;213;65;30.3;21.5;2.651;1.835;1.096;2.812;0.148;1.419;214
B3155D;2015/03/04 02:59:56;214;66;32.2;21.8;2.677;1.829;1.096;2.796;0.148;1.474;215
B3155D;2015/03/04 03:00:06;215;58;28.0;21.7;2.709;1.829;1.096;2.796;0.148;1.435;216
B3155D;2015/03/04 03:00:16;216;68;32.2;21.3;2.745;1.819;1.096;2.796;0.174;1.445;217
B3155D;2015/03/04 03:00:26;217;60;32.5;21.3;2.745;1.819;1.041;2.796;0.174;1.393;218
B3155D;2015/03/04 03:00:36;218;67;29.6;20.6;2.670;1.829;1.041;2.787;0.174;1.445;219
B3155D;2015/03/04 03:00:46;219;62;29.3;20.6;2.703;1.829;1.077;2.787;0.174;1.419;220
B3155D;2015/03/04 03:00:56;220;73;28.7;21.3;2.596;1.848;1.077;2.787;0.125;1.432;221
B3155D;2015/03/04 03:01:06;221;65;32.5;21.1;2.738;1.848;1.038;2.787;0.125;1.387;222
B3155D;2015/03/04 03:01:16;222;68;33.5;21.1;2.690;1.822;1.038;2.832;0.125;1.419;223
B3155D;2015/03/04 03:01:26;223;67;32.9;21.0;2.741;1.822;1.038;2.832;0.125;1.419;224
B3155D;2015/03/04 03:01:36;224;71;29.6;21.5;2.745;1.819;1.038;2.832;0.125;1.467;225
B3155D;2015/03/04 03:01:46;225;62;32.2;21.1;2.745;1.819;1.080;2.832;0.125;1.454;226
B3155D;2015/03/04 03:01:56;226;64;28.7;21.3;2.583;1.845;1.080;2.825;0.125;1.454;227
B3155D;2015/03/04 03:02:06;227;57;30.9;21.3;2.645;1.845;1.090;2.825;0.125;1.474;228
B3155D;2015/03/04 03:02:16;228;65;29.3;21.3;2.741;1.819;1.090;2.825;0.161;1.509;229
B3155D;2015/03/04 03:02:26;229;72;29.3;21.3;2.741;1.819;1.041;2.825;0.161;1.464;230
B3155D;2015/03/04 03:02:36;230;62;31.6;21.5;2.577;1.848;1.041;2.803;0.161;1.522;231
B3155D;2015/03/04 03:02:46;231;60;34.1;21.5;2.729;1.848;1.041;2.803;0.161;1.477;232
B3155D;2015/03/04 03:02:56;232;63;32.9;21.1;2.606;1.822;1.041;2.803;0.132;1.506;233
B3155D;2015/03/04 03:03:06;233;62;29.6;21.8;2.590;1.822;1.038;2.803;0.132;1.480;234
B3155D;2015/03/04 03:03:16;234;58;29.6;21.1;2.651;1.819;1.038;2.790;0.132;1.496;235
B3155D;2015/03/04 03:03:26;235;72;29.6;21.1;2.738;1.819;1.041;2.790;0.132;1.512;236
B3155D;2015/03/04 03:03:36;236;74;32.5;21.3;2.564;1.845;1.041;2.790;0.112;1.496;237
B3155D;2015/03/04 03:03:46;237;68;31.6;21.1;2.745;1.845;1.038;2.790;0.112;1.493;238
B3155D;2015/03/04 03:03:56;238;70;31.9;21.3;2.609;1.851;1.038;2.803;0.112;1.541;239
B3155D;2015/03/04 03:04:06;239;68;28.7;21.1;2.680;1.851;1.077;2.803;0.112;1.483;240
B3155D;2015/03/04 03:04:16;240;68;29.6;21.1;2.745;1.819;1.077;2.803;0.099;1.490;241
B3155D;2015/03/04 03:04:26;241;53;32.2;21.1;2.751;1.819;1.090;2.803;0.099;1.467;242
B3155D;2015/03/04 03:04:36;242;68;30.0;21.1;2.745;1.851;1.090;2.796;0.099;1.493;243
B3155D;2015/03/04 03:04:46;243;60;31.6;21.0;2.570;1.851;1.067;2.796;0.099;1.474;244
B3155D;2015/03/04 03:04:56;244;73;29.3;20.6;2.564;1.822;1.067;2.796;0.161;1.532;245
B3155D;2015/03/04 03:05:06;245;70;30.9;21.3;2.729;1.822;1.051;2.796;0.161;1.483;246
B3155D;2015/03/04 03:05:16;246;77;30.6;21.1;2.558;1.822;1.051;2.822;0.161;1.535;247
B3155D;2015/03/04 03:05:26;247;66;32.5;20.6;2.751;1.822;1.080;2.822;0.161;1.483;248
B3155D;2015/03/04 03:05:36;248;78;28.3;21.0;2.716;1.819;1.080;2.822;0.099;1.522;249
B3155D;2015/03/04 03:05:46;249;63;33.2;20.1;2.687;1.819;1.070;2.822;0.099;1.509;250
B3155D;2015/03/04 03:05:56;250;65;32.5;20.8;2.651;1.819;1.070;2.796;0.099;1.541;251
B3155D;2015/03/04 03:06:06;251;60;28.0;21.0;2.625;1.819;1.041;2.796;0.099;1.535;252
B3155D;2015/03/04 03:06:16;252;66;31.6;21.1;2.558;1.851;1.041;2.796;0.116;1.561;253
B3155D;2015/03/04 03:06:26;253;58;32.5;21.3;2.574;1.851;1.041;2.796;0.116;1.532;254
B3155D;2015/03/04 03:06:36;254;71;31.9;21.1;2.680;1.829;1.041;2.825;0.116;1.577;255
B3155D;2015/03/04 03:06:46;255;64;30.0;20.8;2.751;1.829;1.074;2.825;0.116;1.567;256
B3155D;2015/03/04 03:06:56;256;59;32.2;20.8;2.603;1.822;1.074;2.825;0.145;1.587;257
B3155D;2015/03/04 03:07:06;257;54;31.2;20.8;2.683;1.822;1.041;2.825;0.145;1.554;258
B3155D;2015/03/04 03:07:16;258;68;28.7;21.0;2.729;1.841;1.041;2.819;0.145;1.587;259
B3155D;2015/03/04 03:07:26;259;54;28.7;20.6;2.600;1.841;1.048;2.819;0.145;1.554;260
B3155D;2015/03/04 03:12:07;0;1;30.6;21.1;2.487;-1.000;-1.000;-1.000;-1.000;0.987;1
B3155D;2015/03/04 03:12:26;1;80;33.2;20.8;2.635;-1.000;-1.000;-1.000;-1.000;1.054;2
B3155D;2015/03/04 03:12:36;2;72;30.6;20.4;2.699;1.564;-1.000;2.770;-1.000;1.054;3
B3155D;2015/03/04 03:12:46;3;70;30.9;20.4;2.741;1.564;1.099;2.770;-1.000;1.106;4
B3155D;2015/03/04 03:12:56;4;63;29.3;20.8;2.725;1.658;1.099;2.770;0.148;1.099;5
B3155D;2015/03/04 03:13:06;5;58;32.5;21.1;2.583;1.658;1.054;2.770;0.148;1.154;6
B3155D;2015/03/04 03:13:16;6;70;29.6;20.3;2.735;1.735;1.054;2.754;0.148;1.151;7
B3155D;2015/03/04 03:13:26;7;59;34.1;20.8;2.693;1.735;1.054;2.754;0.148;1.148;8
B3155D;2015/03/04 03:13:36;8;68;30.6;21.3;2.564;1.777;1.054;2.754;0.112;1.119;9
B3155D;2015/03/04 03:13:46;9;62;30.3;20.8;2.716;1.777;1.090;2.754;0.112;1.112;10
B3155D;2015/03/04 03:13:56;10;61;30.0;21.1;2.570;1.783;1.090;2.787;0.112;1.132;11
B3155D;2015/03/04 03:14:06;11;53;30.0;21.1;2.587;1.783;1.048;2.787;0.112;1.132;12
B3155D;2015/03/04 03:14:16;12;67;33.5;20.8;2.732;1.777;1.048;2.787;0.112;1.119;13
B3155D;2015/03/04 03:14:26;13;59;29.3;20.8;2.719;1.777;1.041;2.787;0.112;1.122;14
B3155D;2015/03/04 03:14:36;14;71;31.6;21.1;2.661;1.783;1.041;2.806;0.112;1.135;15
B3155D;2015/03/04 03:14:46;15;71;27.4;20.1;2.667;1.783;1.090;2.806;0.112;1.129;16
B3155D;2015/03/04 03:14:56;16;73;31.9;21.0;2.583;1.793;1.090;2.806;0.161;1.158;17
B3155D;2015/03/04 03:15:06;17;68;28.0;21.7;2.748;1.793;1.090;2.806;0.161;1.106;18
B3155D;2015/03/04 03:15:16;18;67;30.3;20.6;2.722;1.796;1.090;2.783;0.161;1.132;19
B3155D;2015/03/04 03:15:26;19;64;29.0;21.8;2.583;1.796;1.054;2.783;0.161;1.122;20
B3155D;2015/03/04 03:15:36;20;68;31.9;21.3;2.745;1.829;1.054;2.783;0.112;1.138;21
B3155D;2015/03/04 03:15:46;21;63;32.2;21.0;2.741;1.829;1.041;2.783;0.112;1.119;22
B3155D;2015/03/04 03:15:56;22;64;28.3;21.1;2.564;1.803;1.041;2.806;0.112;1.122;23
B3155D;2015/03/04 03:16:06;23;63;32.5;20.6;2.745;1.803;1.070;2.806;0.112;1.116;24
B3155D;2015/03/04 03:16:16;24;59;32.2;21.3;2.741;1.825;1.070;2.806;0.106;1.174;25
B3155D;2015/03/04 03:16:26;25;64;29.0;21.3;2.587;1.825;1.058;2.806;0.106;1.190;26
B3155D;2015/03/04 03:16:36;26;64;30.3;20.6;2.683;1.825;1.058;2.796;0.106;1.193;27
B3155D;2015/03/04 03:16:46;27;53;29.6;21.1;2.558;1.825;1.058;2.796;0.106;1.170;28
B3155D;2015/03/04 03:16:56;28;71;29.3;21.0;2.570;1.809;1.058;2.796;0.129;1.229;29
B3155D;2015/03/04 03:17:06;29;67;30.0;20.8;2.732;1.809;1.054;2.796;0.129;1.180;30
B3155D;2015/03/04 03:17:16;30;72;29.6;20.3;2.690;1.809;1.054;2.809;0.129;1.219;31
B3155D;2015/03/04 03:17:26;31;66;30.0;20.8;2.735;1.809;1.061;2.809;0.129;1.190;32
B3155D;2015/03/04 03:17:36;32;70;31.9;21.1;2.554;1.825;1.061;2.809;0.161;1.180;33
B3155D;2015/03/04 03:17:46;33;64;34.8;21.3;2.732;1.825;1.093;2.809;0.161;1.183;34
B3155D;2015/03/04 03:17:56;34;71;29.3;21.3;2.719;1.809;1.093;2.812;0.161;1.254;35
B3155D;2015/03/04 03:18:06;35;63;30.3;21.5;2.629;1.809;1.038;2.812;0.161;1.248;36
B3155D;2015/03/04 03:18:16;36;63;29.6;21.5;2.716;1.812;1.038;2.812;0.158;1.222;37
B3155D;2015/03/04 03:18:26;37;66;28.7;20.6;2.706;1.812;1.041;2.812;0.158;1.258;38
B3155D;2015/03/04 03:18:36;38;71;31.2;21.8;2.741;1.822;1.041;2.809;0.158;1.225;39
B3155D;2015/03/04 03:18:46;39;65;32.2;21.5;2.554;1.822;1.083;2.809;0.158;1.254;40
B3155D;2015/03/04 03:18:56;40;65;32.2;21.7;2.722;1.841;1.083;2.809;0.106;1.270;41
B3155D;2015/03/04 03:19:06;41;62;32.2;21.5;2.583;1.841;1.045;2.809;0.106;1.232;42
B3155D;2015/03/04 03:19:16;42;67;31.9;21.0;2.603;1.829;1.045;2.816;0.106;1.212;43
B3155D;2015/03/04 03:19:26;43;68;29.6;20.4;2.645;1.829;1.038;2.816;0.106;1.251;44
B3155D;2015/03/04 03:19:36;44;61;30.6;20.8;2.641;1.841;1.038;2.816;0.119;1.245;45
B3155D;2015/03/04 03:19:46;45;74;29.6;21.0;2.593;1.841;1.077;2.816;0.119;1.229;46
B3155D;2015/03/04 03:19:56;46;71;30.9;20.6;2.564;1.841;1.077;2.790;0.119;1.219;47
B3155D;2015/03/04 03:20:06;47;73;31.2;21.0;2.574;1.841;1.038;2.790;0.119;1.229;48
B3155D;2015/03/04 03:20:16;48;69;34.1;21.5;2.593;1.848;1.038;2.790;0.106;1.248;49
B3155D;2015/03/04 03:20:26;49;74;31.6;20.8;2.745;1.848;1.090;2.790;0.106;1.238;50
B3155D;2015/03/04 03:20:36;50;77;29.3;21.5;2.564;1.829;1.090;2.780;0.106;1.264;51
B3155D;2015/03/04 03:20:46;51;67;34.1;21.3;2.703;1.829;1.041;2.780;0.106;1.235;52
B3155D;2015/03/04 03:20:56;52;73;30.6;21.3;2.664;1.841;1.041;2.780;0.106;1.238;53
B3155D;2015/03/04 03:21:06;53;67;28.3;21.0;2.735;1.841;1.090;2.780;0.106;1.225;54
B3155D;2015/03/04 03:21:16;54;78;30.9;21.1;2.625;1.841;1.090;2.787;0.106;1.229;55
B3155D;2015/03/04 03:21:26;55;63;30.0;21.3;2.745;1.841;1.041;2.787;0.106;1.225;56
B3155D;2015/03/04 03:21:36;56;73;30.6;21.5;2.619;1.848;1.041;2.787;0.151;1.232;57
B3155D;2015/03/04 03:21:46;57;73;27.4;21.1;2.561;1.848;1.058;2.787;0.151;1.225;58
B3155D;2015/03/04 03:21:56;58;78;31.9;21.1;2.741;1.848;1.058;2.822;0.151;1.193;59
B3155D;2015/03/04 03:22:06;59;56;31.2;21.1;2.664;1.848;1.093;2.822;0.151;1.238;60
B3155D;2015/03/04 03:22:16;60;69;29.3;20.3;2.745;1.838;1.093;2.822;0.154;1.258;61
B3155D;2015/03/04 03:22:26;61;56;29.3;20.6;2.619;1.838;1.090;2.822;0.154;1.235;62
B3155D;2015/03/04 03:22:36;62;58;28.7;20.8;2.716;1.835;1.090;2.812;0.154;1.251;63
B3155D;2015/03/04 03:22:46;63;57;31.2;20.8;2.567;1.835;1.045;2.812;0.154;1.235;64
B3155D;2015/03/04 03:22:56;64;61;33.5;21.1;2.558;1.816;1.045;2.812;0.141;1.232;65
B3155D;2015/03/04 03:23:06;65;67;33.8;21.1;2.745;1.816;1.080;2.812;0.141;1.229;66
B3155D;2015/03/04 03:23:16;66;63;31.6;21.5;2.590;1.816;1.080;2.816;0.141;1.238;67
B3155D;2015/03/04 03:23:26;67;63;29.3;21.3;2.558;1.816;1.083;2.816;0.141;1.193;68
B3155D;2015/03/04 03:23:36;68;60;29.0;20.8;2.554;1.838;1.083;2.816;0.148;1.216;69
B3155D;2015/03/04 03:23:46;69;63;28.0;20.6;2.629;1.838;1.041;2.816;0.148;1.196;70
B3155D;2015/03/04 03:23:56;70;59;30.6;20.3;2.577;1.838;1.041;2.790;0.148;1.167;71
B3155D;2015/03/04 03:24:06;71;70;31.9;21.0;2.600;1.838;1.054;2.790;0.148;1.164;72
B3155D;2015/03/04 03:24:16;72;73;33.2;20.6;2.741;1.819;1.054;2.790;0.135;1.209;73
B3155D;2015/03/04 03:24:26;73;64;29.6;21.5;2.680;1.819;1.054;2.790;0.135;1.212;74
B3155D;2015/03/04 03:24:36;74;74;31.6;21.1;2.729;1.819;1.054;2.780;0.135;1.216;75
B3155D;2015/03/04 03:24:46;75;63;33.8;20.8;2.751;1.819;1.051;2.780;0.135;1.199;76
B3155D;2015/03/04 03:24:56;76;68;30.9;21.3;2.564;1.829;1.051;2.780;0.103;1.254;77
B3155D;2015/03/04 03:25:06;77;59;31.2;21.5;2.580;1.829;1.090;2.780;0.103;1.232;78
B3155D;2015/03/04 03:25:16;78;68;31.6;21.5;2.670;1.851;1.090;2.783;0.103;1.241;79
B3155D;2015/03/04 03:25:26;79;68;28.0;21.0;2.587;1.851;1.041;2.783;0.103;1.251;80
B3155D;2015/03/04 03:25:36;80;73;32.9;21.1;2.554;1.845;1.041;2.783;0.177;1.270;81
B3155D;2015/03/04 03:25:46;81;59;31.6;21.1;2.616;1.845;1.090;2.783;0.177;1.267;82
B3155D;2015/03/04 03:25:56;82;66;30.0;21.1;2.593;1.825;1.090;2.790;0.177;1.300;83
B3155D;2015/03/04 03:26:06;83;63;30.9;21.5;2.754;1.825;1.048;2.790;0.177;1.267;84
B3155D;2015/03/04 03:26:16;84;64;30.3;20.8;2.654;1.822;1.048;2.790;0.125;1.303;85
B3155D;2015/03/04 03:26:26;85;63;29.6;21.7;2.619;1.822;1.070;2.790;0.125;1.306;86
B3155D;2015/03/04 03:26:36;86;62;29.6;21.5;2.735;1.819;1.070;2.787;0.125;1.325;87
B3155D;2015/03/04 03:26:46;87;56;32.5;20.8;2.567;1.819;1.096;2.787;0.125;1.316;88
B3155D;2015/03/04 03:26:56;88;66;30.0;21.0;2.567;1.825;1.096;2.787;0.112;1.335;89
B3155D;2015/03/04 03:27:06;89;67;31.6;21.0;2.567;1.825;1.070;2.787;0.112;1.300;90
B3155D;2015/03/04 03:27:16;90;66;30.3;21.5;2.622;1.835;1.070;2.780;0.112;1.316;91
B3155D;2015/03/04 03:27:26;91;68;34.5;21.7;2.703;1.835;1.041;2.780;0.112;1.332;92
B3155D;2015/03/04 03:27:36;92;63;30.3;21.0;2.664;1.845;1.041;2.780;0.116;1.335;93
B3155D;2015/03/04 03:27:46;93;64;32.9;21.1;2.696;1.845;1.080;2.780;0.116;1.351;94
B3155D;2015/03/04 03:27:56;94;63;30.3;20.6;2.670;1.819;1.080;2.790;0.116;1.303;95
B3155D;2015/03/04 03:28:06;95;63;28.3;20.6;2.632;1.819;1.038;2.790;0.116;1.341;96
B3155D;2015/03/04 03:28:16;96;69;29.6;21.0;2.709;1.841;1.038;2.790;0.141;1.335;97
B3155D;2015/03/04 03:28:26;97;69;30.3;21.5;2.583;1.841;1.064;2.790;0.141;1.341;98
B3155D;2015/03/04 03:28:36;98;78;32.9;21.7;2.600;1.819;1.064;2.803;0.141;1.325;99
B3155D;2015/03/04 03:28:46;99;69;31.2;21.1;2.577;1.819;1.045;2.803;0.141;1.361;100
B3155D;2015/03/04 03:28:56;100;63;34.1;21.3;2.754;1.845;1.045;2.803;0.119;1.345;101
B3155D;2015/03/04 03:29:06;101;53;32.9;21.1;2.745;1.845;1.041;2.803;0.119;1.383;102
B3155D;2015/03/04 03:29:16;102;73;31.2;20.3;2.670;1.854;1.041;2.767;0.119;1.383;103
B3155D;2015/03/04 03:29:26;103;65;33.8;21.1;2.729;1.854;1.045;2.767;0.119;1.348;104
B3155D;2015/03/04 03:29:36;104;55;29.3;20.6;2.732;1.848;1.045;2.767;0.087;1.374;105
B3155D;2015/03/04 03:29:46;105;53;29.3;20.6;2.593;1.848;1.061;2.767;0.087;1.387;106
B3155D;2015/03/04 03:29:56;106;65;32.2;21.3;2.741;1.835;1.061;2.806;0.087;1.370;107
B3155D;2015/03/04 03:30:06;107;58;33.5;20.8;2.690;1.835;1.074;2.806;0.087;1.380;108
B3155D;2015/03/04 03:30:16;108;78;30.9;20.6;2.570;1.819;1.074;2.806;0.093;1.403;109
B3155D;2015/03/04 03:30:26;109;68;30.9;20.8;2.696;1.819;1.054;2.806;0.093;1.422;110
B3155D;2015/03/04 03:30:36;110;72;30.3;21.0;2.590;1.845;1.054;2.777;0.093;1.390;111
B3155D;2015/03/04 03:30:46;111;58;31.6;21.3;2.687;1.845;1.048;2.777;0.093;1.393;112
B3155D;2015/03/04 03:30:56;112;58;30.0;21.5;2.716;1.822;1.048;2.777;0.145;1.396;113
B3155D;2015/03/04 03:31:06;113;55;28.0;21.1;2.745;1.822;1.083;2.777;0.145;1.406;114
B3155D;2015/03/04 03:31:16;114;68;28.3;21.5;2.745;1.822;1.083;2.790;0.145;1.419;115
B3155D;2015/03/04 03:31:26;115;53;28.0;21.0;2.661;1.822;1.080;2.790;0.145;1.425;116
B3155D;2015/03/04 03:31:36;116;79;28.7;22.0;2.587;1.838;1.080;2.790;0.099;1.448;117
B3155D;2015/03/04 03:31:46;117;73;32.9;21.3;2.741;1.838;1.058;2.790;0.099;1.458;118
B3155D;2015/03/04 03:31:56;118;79;28.3;21.5;2.554;1.825;1.058;2.793;0.099;1.419;119
B3155D;2015/03/04 03:32:06;119;72;32.5;21.1;2.558;1.825;1.048;2.793;0.099;1.435;120
B3155D;2015/03/04 03:32:16;120;66;30.3;20.6;2.735;1.845;1.048;2.793;0.112;1.387;121
B3155D;2015/03/04 03:32:26;121;65;28.7;20.8;2.754;1.845;1.080;2.793;0.112;1.406;122
B3155D;2015/03/04 03:32:36;122;68;32.2;21.5;2.706;1.851;1.080;2.835;0.112;1.390;123
B3155D;2015/03/04 03:32:46;123;63;32.9;21.5;2.719;1.851;1.090;2.835;0.112;1.390;124
B3155D;2015/03/04 03:32:56;124;68;28.0;21.5;2.648;1.848;1.090;2.835;0.141;1.364;125
B3155D;2015/03/04 03:33:06;125;66;29.0;21.1;2.706;1.848;1.083;2.835;0.141;1.370;126
B3155D;2015/03/04 03:33:16;126;71;30.3;21.3;2.670;1.832;1.083;2.832;0.141;1.354;127
B3155D;2015/03/04 03:33:26;127;63;29.6;21.5;2.745;1.832;1.048;2.832;0.141;1.406;128
B3155D;2015/03/04 03:33:36;128;78;31.2;21.1;2.738;1.838;1.048;2.832;0.148;1.380;129
B3155D;2015/03/04 03:33:46;129;60;33.5;21.3;2.703;1.838;1.048;2.832;0.148;1.390;130
B3155D;2015/03/04 03:33:56;130;66;30.3;20.6;2.606;1.851;1.048;2.816;0.148;1.412;131
B3155D;2015/03/04 03:34:06;131;53;32.5;20.8;2.725;1.851;1.038;2.816;0.148;1.412;132
B3155D;2015/03/04 03:34:16;132;60;29.3;21.1;2.735;1.851;1.038;2.816;0.099;1.406;133
B3155D;2015/03/04 03:34:26;133;70;29.3;20.4;2.619;1.851;1.083;2.816;0.099;1.441;134
B3155D;2015/03/04 03:34:36;134;67;31.9;21.1;2.677;1.848;1.083;2.806;0.099;1.412;135
B3155D;2015/03/04 03:34:46;135;65;28.3;21.1;2.741;1.848;1.054;2.806;0.099;1.412;136
B3155D;2015/03/04 03:34:56;136;68;28.0;20.8;2.564;1.822;1.054;2.806;0.093;1.412;137
B3155D;2015/03/04 03:35:06;137;67;31.9;20.4;2.670;1.822;1.054;2.806;0.093;1.403;138
B3155D;2015/03/04 03:35:16;138;71;29.6;21.0;2.712;1.822;1.054;2.825;0.093;1.361;139
B3155D;2015/03/04 03:35:26;139;63;28.0;20.8;2.745;1.822;1.045;2.825;0.093;1.374;140
B3155D;2015/03/04 03:35:36;140;65;32.2;21.1;2.580;1.848;1.045;2.825;0.174;1.383;141
B3155D;2015/03/04 03:35:46;141;57;29.3;20.4;2.583;1.848;1.090;2.825;0.174;1.367;142
B3155D;2015/03/04 03:35:56;142;62;32.9;20.8;2.745;1.848;1.090;2.787;0.174;1.387;143
B3155D;2015/03/04 03:36:06;143;62;30.9;21.1;2.732;1.848;1.090;2.787;0.174;1.396;144
B3155D;2015/03/04 03:36:16;144;69;31.2;20.4;2.654;1.845;1.090;2.787;0.093;1.399;145
B3155D;2015/03/04 03:36:26;145;50;34.5;21.1;2.683;1.845;1.093;2.787;0.093;1.435;146
B3155D;2015/03/04 03:36:36;146;73;28.7;21.1;2.587;1.845;1.093;2.787;0.093;1.412;147
B3155D;2015/03/04 03:36:46;147;67;31.2;21.3;2.677;1.845;1.041;2.787;0.093;1.409;148
B3155D;2015/03/04 03:36:56;148;56;31.9;21.1;2.561;1.854;1.041;2.787;0.122;1.403;149
B3155D;2015/03/04 03:37:06;149;68;32.2;21.1;2.732;1.854;1.083;2.787;0.122;1.409;150
B3155D;2015/03/04 03:37:16;150;63;33.5;21.1;2.751;1.851;1.083;2.770;0.122;1.441;151
B3155D;2015/03/04 03:37:26;151;52;30.0;20.1;2.638;1.851;1.074;2.770;0.122;1.474;152
B3155D;2015/03/04 03:37:36;152;68;29.3;21.3;2.577;1.845;1.074;2.770;0.112;1.461;153
B3155D;2015/03/04 03:37:46;153;64;30.0;20.4;2.570;1.845;1.096;2.770;0.112;1.487;154
B3155D;2015/03/04 03:37:56;154;65;30.0;20.8;2.654;1.845;1.096;2.819;0.112;1.438;155
B3155D;2015/03/04 03:38:06;155;65;31.9;21.3;2.748;1.845;1.041;2.819;0.112;1.461;156
B3155D;2015/03/04 03:38:16;156;72;31.2;21.0;2.619;1.822;1.041;2.819;0.093;1.483;157
B3155D;2015/03/04 03:38:26;157;68;28.0;21.3;2.690;1.822;1.041;2.819;0.093;1.454;158
B3155D;2015/03/04 03:38:36;158;75;29.3;21.0;2.558;1.848;1.041;2.793;0.093;1.432;159
B3155D;2015/03/04 03:38:46;159;68;30.6;20.8;2.722;1.848;1.093;2.793;0.093;1.474;160
B3155D;2015/03/04 03:38:56;160;74;29.3;21.7;2.725;1.848;1.093;2.793;0.099;1.429;161
B3155D;2015/03/04 03:39:06;161;63;30.0;21.3;2.670;1.848;1.090;2.793;0.099;1.477;162
B3155D;2015/03/04 03:39:16;162;58;31.6;21.1;2.616;1.845;1.090;2.835;0.099;1.464;163
B3155D;2015/03/04 03:39:26;163;53;29.6;21.3;2.590;1.845;1.090;2.835;0.099;1.445;164
B3155D;2015/03/04 03:39:36;164;70;29.3;20.6;2.716;1.851;1.090;2.835;0.103;1.419;165
B3155D;2015/03/04 03:39:46;165;65;28.7;20.6;2.754;1.851;1.038;2.835;0.103;1.458;166
B3155D;2015/03/04 03:39:56;166;72;32.2;21.1;2.725;1.851;1.038;2.832;0.103;1.432;167
B3155D;2015/03/04 03:40:06;167;67;29.3;21.0;2.661;1.851;1.096;2.832;0.103;1.480;168
B3155D;2015/03/04 03:40:16;168;65;28.7;21.0;2.741;1.851;1.096;2.832;0.119;1.438;169
B3155D;2015/03/04 03:40:26;169;49;34.1;20.8;2.725;1.851;1.090;2.832;0.119;1.470;170
B3155D;2015/03/04 03:40:36;170;66;28.7;20.4;2.590;1.822;1.090;2.835;0.119;1.464;171
B3155D;2015/03/04 03:40:46;171;61;33.8;20.4;2.725;1.822;1.070;2.835;0.119;1.474;172
B3155D;2015/03/04 03:40:56;172;68;29.6;21.0;2.564;1.854;1.070;2.835;0.125;1.461;173
B3155D;2015/03/04 03:41:06;173;72;31.2;21.0;2.580;1.854;1.074;2.835;0.125;1.500;174
B3155D;2015/03/04 03:41:16;174;63;31.2;20.8;2.677;1.822;1.074;2.796;0.125;1.438;175
B3155D;2015/03/04 03:41:26;175;68;30.0;20.8;2.680;1.822;1.090;2.796;0.125;1.483;176
B3155D;2015/03/04 03:41:36;176;69;31.2;20.3;2.664;1.825;1.090;2.796;0.099;1.474;177
B3155D;2015/03/04 03:41:46;177;73;29.3;20.8;2.712;1.825;1.064;2.796;0.099;1.461;178
B3155D;2015/03/04 03:41:56;178;72;34.8;20.6;2.558;1.832;1.064;2.809;0.099;1.477;179
B3155D;2015/03/04 03:42:06;179;68;34.1;21.3;2.709;1.832;1.045;2.809;0.099;1.474;180
B3155D;2015/03/04 03:42:16;180;73;29.3;20.6;2.554;1.819;1.045;2.809;0.093;1.503;181
B3155D;2015/03/04 03:42:26;181;64;29.0;21.0;2.570;1.819;1.041;2.809;0.093;1.503;182
B3155D;2015/03/04 03:42:36;182;64;30.6;21.1;2.567;1.851;1.041;2.780;0.093;1.525;183
B3155D;2015/03/04 03:42:46;183;59;32.5;20.6;2.738;1.851;1.041;2.780;0.093;1.509;184
B3155D;2015/03/04 03:42:56;184;68;30.0;21.1;2.735;1.848;1.041;2.780;0.187;1.522;185
B3155D;2015/03/04 03:43:06;185;53;32.5;20.8;2.745;1.848;1.058;2.780;0.187;1.477;186
B3155D;2015/03/04 03:43:16;186;73;32.2;21.0;2.564;1.854;1.058;2.799;0.187;1.487;187
B3155D;2015/03/04 03:43:26;187;63;29.3;20.6;2.593;1.854;1.067;2.799;0.187;1.474;188
B3155D;2015/03/04 03:43:36;188;73;29.6;20.6;2.745;1.835;1.067;2.799;0.093;1.506;189
B3155D;2015/03/04 03:43:46;189;62;32.9;20.4;2.567;1.835;1.087;2.799;0.093;1.461;190
B3155D;2015/03/04 03:43:56;190;68;31.9;21.7;2.567;1.825;1.087;2.829;0.093;1.477;191
B3155D;2015/03/04 03:44:06;191;64;29.0;20.6;2.754;1.825;1.041;2.829;0.093;1.474;192
B3155D;2015/03/04 03:44:16;192;68;31.2;21.0;2.593;1.822;1.041;2.829;0.087;1.509;193
B3155D;2015/03/04 03:44:26;193;62;31.2;21.1;2.558;1.822;1.038;2.829;0.087;1.454;194
B3155D;2015/03/04 03:44:36;194;78;29.3;21.0;2.712;1.819;1.038;2.829;0.087;1.506;195
B3155D;2015/03/04 03:44:46;195;59;31.6;20.4;2.751;1.819;1.048;2.829;0.087;1.503;196
B3155D;2015/03/04 03:44:56;196;64;28.7;20.6;2.703;1.854;1.048;2.829;0.193;1.532;197
B3155D;2015/03/04 03:45:06;197;63;29.6;21.7;2.745;1.854;1.061;2.829;0.193;1.474;198
B3155D;2015/03/04 03:45:16;198;58;30.9;21.1;2.577;1.822;1.061;2.832;0.193;1.490;199
B3155D;2015/03/04 03:45:26;199;68;28.3;20.4;2.606;1.822;1.077;2.832;0.193;1.464;200
B3155D;2015/03/04 03:45:36;200;73;33.2;20.8;2.570;1.829;1.077;2.832;0.093;1.474;201
B3155D;2015/03/04 03:45:46;201;66;34.1;20.8;2.754;1.829;1.077;2.832;0.093;1.464;202
B3155D;2015/03/04 03:45:56;202;72;29.6;20.8;2.741;1.854;1.077;2.832;0.093;1.509;203
B3155D;2015/03/04 03:46:06;203;63;28.3;20.3;2.606;1.854;1.048;2.832;0.093;1.487;204
B3155D;2015/03/04 03:46:16;204;58;31.6;21.3;2.561;1.819;1.048;2.832;0.141;1.516;205
B3155D;2015/03/04 03:46:26;205;66;33.8;20.8;2.680;1.819;1.083;2.832;0.141;1.490;206
B3155D;2015/03/04 03:46:36;206;73;34.1;20.8;2.619;1.841;1.083;2.803;0.141;1.509;207
B3155D;2015/03/04 03:46:46;207;58;32.5;21.1;2.570;1.841;1.041;2.803;0.141;1.474;208
B3155D;2015/03/04 03:46:56;208;64;30.9;20.8;2.683;1.845;1.041;2.803;0.093;1.480;209
B3155D;2015/03/04 03:47:06;209;58;33.5;20.8;2.693;1.845;1.041;2.803;0.093;1.461;210
B3155D;2015/03/04 03:47:16;210;60;30.9;21.3;2.745;1.851;1.041;2.832;0.093;1.519;211
B3155D;2015/03/04 03:47:26;211;61;29.3;20.4;2.693;1.851;1.090;2.832;0.093;1.470;212
B3155D;2015/03/04 03:47:36;212;68;29.3;21.0;2.735;1.822;1.090;2.832;0.106;1.506;213
B3155D;2015/03/04 03:47:46;213;64;33.8;20.8;2.706;1.822;1.074;2.832;0.106;1.503;214
B3155D;2015/03/04 03:47:56;214;73;28.7;21.0;2.590;1.854;1.074;2.825;0.106;1.506;215
B3155D;2015/03/04 03:48:06;215;60;30.3;21.1;2.570;1.854;1.064;2.825;0.106;1.529;216
B3155D;2015/03/04 03:48:16;216;69;34.1;21.0;2.751;1.845;1.064;2.825;0.093;1.538;217
B3155D;2015/03/04 03:48:26;217;59;33.8;21.0;2.758;1.845;1.093;2.825;0.093;1.532;218
B3155D;2015/03/04 03:48:36;218;68;28.7;21.5;2.674;1.848;1.093;2.812;0.093;1.525;219
B3155D;2015/03/04 03:48:46;219;67;28.0;21.7;2.751;1.848;1.048;2.812;0.093;1.490;220
B3155D;2015/03/04 03:48:56;220;72;29.3;20.8;2.716;1.822;1.048;2.812;0.099;1.545;221
B3155D;2015/03/04 03:49:06;221;73;30.9;20.4;2.706;1.822;1.054;2.812;0.099;1.509;222
B3155D;2015/03/04 03:49:16;222;67;29.6;20.6;2.722;1.819;1.054;2.796;0.099;1.509;223
B3155D;2015/03/04 03:49:26;223;60;29.6;21.0;2.570;1.819;1.087;2.796;0.099;1.519;224
B3155D;2015/03/04 03:49:36;224;64;29.3;20.3;2.619;1.848;1.087;2.796;0.099;1.554;225
B3155D;2015/03/04 03:49:46;225;62;31.2;20.8;2.564;1.848;1.038;2.796;0.099;1.538;226
B3155D;2015/03/04 03:49:56;226;60;32.2;21.3;2.564;1.819;1.038;2.809;0.099;1.541;227
B3155D;2015/03/04 03:50:06;227;63;29.3;21.0;2.593;1.819;1.064;2.809;0.099;1.522;228
B3155D;2015/03/04 03:50:16;228;67;30.0;20.6;2.580;1.841;1.064;2.809;0.116;1.590;229
B3155D;2015/03/04 03:50:26;229;59;30.6;20.6;2.580;1.841;1.051;2.809;0.116;1.545;230
B3155D;2015/03/04 03:50:36;230;70;31.6;21.0;2.716;1.854;1.051;2.835;0.116;1.541;231
B3155D;2015/03/04 03:50:46;231;64;30.3;20.8;2.609;1.854;1.041;2.835;0.116;1.580;232
