B31558;2015/03/08 00:00:01;11821;81;26.7;24.4;2.729;1.270;0.709;1.180;0.006;1.006;11822
B31558;2015/03/08 00:00:11;11822;80;27.0;24.4;2.438;1.261;0.709;1.222;0.006;1.012;11823
B31558;2015/03/08 00:00:21;11823;80;26.7;24.3;2.703;1.261;0.758;1.222;0.006;0.987;11824
B31558;2015/03/08 00:00:31;11824;87;26.1;24.4;2.529;1.296;0.758;1.222;0.000;0.990;11825
B31558;2015/03/08 00:00:41;11825;89;26.1;24.6;2.709;1.296;0.722;1.222;0.000;1.029;11826
B31558;2015/03/08 00:00:51;11826;73;20.6;23.9;2.538;1.300;0.722;1.193;0.000;1.012;11827
B31558;2015/03/08 00:01:01;11827;80;21.2;23.9;2.467;1.300;0.716;1.193;0.000;0.980;11828
B31558;2015/03/08 00:01:11;11828;71;26.1;24.1;2.467;1.296;0.716;1.193;0.093;1.025;11829
B31558;2015/03/08 00:01:21;11829;85;21.6;23.7;2.532;1.296;0.700;1.193;0.093;1.000;11830
B31558;2015/03/08 00:01:31;11830;84;23.8;24.4;2.438;1.267;0.700;1.209;0.093;0.990;11831
B31558;2015/03/08 00:01:41;11831;74;22.9;23.9;2.635;1.267;0.758;1.209;0.093;0.990;11832
B31558;2015/03/08 00:01:51;11832;87;23.8;24.4;2.677;1.296;0.758;1.209;0.003;1.025;11833
B31558;2015/03/08 00:02:01;11833;83;23.8;23.7;2.593;1.296;0.696;1.209;0.003;0.983;11834
B31558;2015/03/08 00:02:11;11834;80;23.5;24.6;2.696;1.261;0.696;1.187;0.003;1.035;11835
B31558;2015/03/08 00:02:21;11835;84;18.3;24.3;2.577;1.261;0.751;1.187;0.003;0.977;11836
B31558;2015/03/08 00:02:31;11836;88;20.9;24.1;2.464;1.264;0.751;1.187;0.016;0.993;11837
B31558;2015/03/08 00:02:41;11837;80;24.5;24.4;2.699;1.264;0.693;1.187;0.016;0.980;11838
B31558;2015/03/08 00:02:51;11838;83;25.4;23.9;2.496;1.267;0.693;1.209;0.016;1.000;11839
B31558;2015/03/08 00:03:01;11839;83;17.7;24.6;2.487;1.267;0.751;1.209;0.016;1.000;11840
B31558;2015/03/08 00:03:11;11840;78;28.7;24.3;2.574;1.280;0.751;1.209;0.000;0.980;11841
B31558;2015/03/08 00:03:21;11841;78;26.7;24.1;2.725;1.280;0.696;1.209;0.000;0.977;11842
B31558;2015/03/08 00:03:31;11842;91;26.7;24.3;2.458;1.283;0.696;1.225;0.000;0.993;11843
B31558;2015/03/08 00:03:41;11843;74;18.7;24.6;2.467;1.283;0.693;1.225;0.000;0.987;11844
B31558;2015/03/08 00:03:51;11844;87;25.4;24.4;2.477;1.267;0.693;1.225;0.000;1.019;11845
B31558;2015/03/08 00:04:01;11845;88;18.0;24.6;2.503;1.267;0.693;1.225;0.000;0.993;11846
B31558;2015/03/08 00:04:11;11846;86;20.6;24.1;2.706;1.248;0.693;1.183;0.000;1.045;11847
B31558;2015/03/08 00:04:21;11847;84;20.9;24.3;2.532;1.248;0.696;1.183;0.000;1.016;11848
B31558;2015/03/08 00:04:31;11848;83;22.2;23.9;2.706;1.258;0.696;1.183;0.009;1.012;11849
B31558;2015/03/08 00:04:41;11849;80;22.5;23.9;2.487;1.258;0.690;1.183;0.009;0.983;11850
B31558;2015/03/08 00:04:51;11850;79;20.3;24.4;2.725;1.251;0.690;1.193;0.009;1.022;11851
B31558;2015/03/08 00:05:01;11851;86;21.2;23.7;2.596;1.251;0.703;1.193;0.009;1.000;11852
B31558;2015/03/08 00:05:11;11852;90;18.7;23.7;2.725;1.254;0.703;1.193;0.009;1.016;11853
B31558;2015/03/08 00:05:21;11853;83;19.3;24.3;2.454;1.254;0.690;1.193;0.009;0.983;11854
B31558;2015/03/08 00:05:31;11854;79;28.0;24.3;2.680;1.300;0.690;1.229;0.009;1.000;11855
B31558;2015/03/08 00:05:41;11855;81;26.7;24.8;2.690;1.300;0.735;1.229;0.009;1.000;11856
B31558;2015/03/08 00:05:51;11856;83;26.7;24.6;2.609;1.300;0.735;1.229;0.000;1.025;11857
B31558;2015/03/08 00:06:01;11857;78;25.4;24.4;2.722;1.300;0.703;1.229;0.000;1.000;11858
B31558;2015/03/08 00:06:11;11858;83;23.5;24.4;2.438;1.254;0.703;1.193;0.000;1.006;11859
B31558;2015/03/08 00:06:21;11859;81;17.7;25.0;2.470;1.254;0.748;1.193;0.000;0.987;11860
B31558;2015/03/08 00:06:31;11860;79;22.5;25.0;2.490;1.274;0.748;1.193;0.000;1.012;11861
B31558;2015/03/08 00:06:41;11861;74;24.5;24.6;2.470;1.274;0.690;1.193;0.000;1.012;11862
B31558;2015/03/08 00:06:51;11862;81;21.2;24.1;2.674;1.251;0.690;1.180;0.000;1.000;11863
B31558;2015/03/08 00:07:01;11863;88;27.4;24.6;2.467;1.251;0.687;1.180;0.000;0.980;11864
B31558;2015/03/08 00:07:11;11864;88;26.1;24.4;2.487;1.251;0.687;1.180;0.003;1.019;11865
B31558;2015/03/08 00:07:21;11865;82;25.1;24.1;2.587;1.251;0.709;1.180;0.003;0.977;11866
B31558;2015/03/08 00:07:31;11866;85;22.9;24.4;2.722;1.264;0.709;1.174;0.003;1.012;11867
B31558;2015/03/08 00:07:41;11867;83;18.7;23.9;2.458;1.264;0.722;1.174;0.003;0.980;11868
B31558;2015/03/08 00:07:51;11868;82;25.4;25.1;2.722;1.264;0.722;1.174;0.006;0.993;11869
B31558;2015/03/08 00:08:01;11869;83;21.2;23.7;2.609;1.264;0.696;1.174;0.006;0.993;11870
B31558;2015/03/08 00:08:11;11870;88;18.7;24.4;2.712;1.287;0.696;1.203;0.006;1.009;11871
B31558;2015/03/08 00:08:21;11871;83;19.6;24.4;2.722;1.287;0.690;1.203;0.006;1.012;11872
B31558;2015/03/08 00:08:31;11872;83;27.4;24.4;2.696;1.270;0.690;1.203;0.000;1.003;11873
B31558;2015/03/08 00:08:41;11873;86;18.7;24.4;2.525;1.270;0.751;1.203;0.000;0.974;11874
B31558;2015/03/08 00:08:51;11874;87;25.4;25.0;2.583;1.274;0.751;1.225;0.000;1.012;11875
B31558;2015/03/08 00:09:01;11875;83;21.6;23.9;2.467;1.274;0.741;1.225;0.000;0.987;11876
B31558;2015/03/08 00:09:11;11876;83;21.2;25.0;2.600;1.248;0.741;1.225;0.000;1.016;11877
B31558;2015/03/08 00:09:21;11877;74;22.2;24.1;2.570;1.248;0.732;1.225;0.000;1.012;11878
B31558;2015/03/08 00:09:31;11878;78;19.6;23.7;2.719;1.306;0.732;1.229;0.000;0.996;11879
B31558;2015/03/08 00:09:41;11879;85;24.5;24.8;2.661;1.306;0.748;1.229;0.000;1.009;11880
B31558;2015/03/08 00:09:51;11880;86;23.2;25.0;2.616;1.264;0.748;1.229;0.000;0.996;11881
B31558;2015/03/08 00:10:01;11881;69;26.7;24.4;2.648;1.264;0.700;1.229;0.000;1.003;11882
B31558;2015/03/08 00:10:11;11882;82;24.1;24.6;2.645;1.270;0.700;1.196;0.000;0.996;11883
B31558;2015/03/08 00:10:21;11883;83;23.5;24.6;2.506;1.270;0.683;1.196;0.000;1.016;11884
B31558;2015/03/08 00:10:31;11884;79;21.9;24.4;2.706;1.258;0.683;1.196;0.006;1.006;11885
B31558;2015/03/08 00:10:41;11885;74;25.8;24.6;2.690;1.258;0.690;1.196;0.006;0.983;11886
B31558;2015/03/08 00:10:51;11886;89;22.5;24.4;2.558;1.277;0.690;1.183;0.006;0.980;11887
B31558;2015/03/08 00:11:01;11887;78;27.4;23.9;2.641;1.277;0.703;1.183;0.006;1.022;11888
B31558;2015/03/08 00:11:11;11888;81;22.2;24.3;2.438;1.264;0.703;1.183;0.016;1.003;11889
B31558;2015/03/08 00:11:21;11889;83;20.0;25.5;2.509;1.264;0.687;1.183;0.016;1.022;11890
B31558;2015/03/08 00:11:31;11890;77;25.4;24.3;2.709;1.277;0.687;1.183;0.016;0.983;11891
B31558;2015/03/08 00:11:41;11891;75;24.1;24.8;2.667;1.277;0.687;1.183;0.016;0.990;11892
B31558;2015/03/08 00:11:51;11892;83;27.0;24.8;2.703;1.283;0.687;1.183;0.003;1.022;11893
B31558;2015/03/08 00:12:01;11893;78;17.4;24.6;2.583;1.283;0.732;1.183;0.003;0.980;11894
B31558;2015/03/08 00:12:11;11894;72;23.8;24.4;2.500;1.270;0.732;1.183;0.003;0.977;11895
B31558;2015/03/08 00:12:21;11895;79;23.2;24.6;2.470;1.270;0.693;1.183;0.003;1.003;11896
B31558;2015/03/08 00:12:31;11896;90;22.9;25.7;2.661;1.264;0.693;1.183;0.000;0.993;11897
B31558;2015/03/08 00:12:41;11897;77;22.5;23.9;2.474;1.264;0.687;1.183;0.000;1.009;11898
B31558;2015/03/08 00:12:51;11898;77;23.2;24.6;2.596;1.290;0.687;1.180;0.000;0.983;11899
B31558;2015/03/08 00:13:01;11899;88;17.0;25.1;2.622;1.290;0.716;1.180;0.000;0.977;11900
B31558;2015/03/08 00:13:11;11900;81;21.6;24.8;2.496;1.251;0.716;1.180;0.025;1.006;11901
B31558;2015/03/08 00:13:21;11901;74;26.7;24.4;2.583;1.251;0.687;1.180;0.025;1.009;11902
B31558;2015/03/08 00:13:31;11902;77;20.9;24.6;2.667;1.283;0.687;1.222;0.025;0.974;11903
B31558;2015/03/08 00:13:41;11903;75;18.7;24.3;2.532;1.283;0.680;1.222;0.025;0.970;11904
B31558;2015/03/08 00:13:51;11904;79;22.2;24.8;2.477;1.277;0.680;1.222;0.000;1.022;11905
B31558;2015/03/08 00:14:01;11905;78;25.4;24.1;2.696;1.277;0.683;1.222;0.000;0.993;11906
B31558;2015/03/08 00:14:11;11906;85;24.5;24.3;2.654;1.254;0.683;1.199;0.000;1.003;11907
B31558;2015/03/08 00:14:21;11907;74;19.0;25.3;2.496;1.254;0.683;1.199;0.000;0.967;11908
B31558;2015/03/08 00:14:31;11908;81;18.7;24.3;2.722;1.274;0.683;1.199;0.009;0.990;11909
B31558;2015/03/08 00:14:41;11909;86;17.4;24.6;2.483;1.274;0.683;1.199;0.009;0.958;11910
B31558;2015/03/08 00:14:51;11910;88;24.1;24.6;2.696;1.270;0.683;1.193;0.009;1.000;11911
B31558;2015/03/08 00:15:01;11911;88;24.8;24.3;2.648;1.270;0.722;1.193;0.009;0.977;11912
B31558;2015/03/08 00:15:11;11912;80;24.5;24.8;2.545;1.267;0.722;1.193;0.000;1.016;11913
B31558;2015/03/08 00:15:21;11913;89;17.0;24.4;2.703;1.267;0.680;1.193;0.000;1.003;11914
B31558;2015/03/08 00:15:31;11914;89;24.8;24.8;2.470;1.267;0.680;1.187;0.000;0.983;11915
B31558;2015/03/08 00:15:41;11915;86;23.5;25.5;2.632;1.267;0.690;1.187;0.000;1.000;11916
B31558;2015/03/08 00:15:51;11916;82;21.2;24.6;2.680;1.283;0.690;1.187;0.000;0.977;11917
B31558;2015/03/08 00:16:01;11917;89;18.0;25.3;2.487;1.283;0.680;1.187;0.000;0.977;11918
B31558;2015/03/08 00:16:11;11918;81;24.1;24.6;2.596;1.264;0.680;1.235;0.000;0.993;11919
B31558;2015/03/08 00:16:21;11919;81;28.3;24.8;2.716;1.264;0.690;1.235;0.000;0.970;11920
B31558;2015/03/08 00:16:31;11920;78;19.6;24.4;2.451;1.248;0.690;1.235;0.000;1.016;11921
B31558;2015/03/08 00:16:41;11921;80;20.3;25.5;2.670;1.248;0.738;1.235;0.000;0.987;11922
B31558;2015/03/08 00:16:51;11922;84;19.6;24.8;2.606;1.251;0.738;1.203;0.000;0.977;11923
B31558;2015/03/08 00:17:01;11923;84;19.3;25.0;2.470;1.251;0.716;1.203;0.000;0.970;11924
B31558;2015/03/08 00:17:11;11924;93;17.4;24.6;2.612;1.254;0.716;1.203;0.000;1.000;11925
B31558;2015/03/08 00:17:21;11925;77;20.6;25.0;2.500;1.254;0.690;1.203;0.000;0.990;11926
B31558;2015/03/08 00:17:31;11926;73;17.4;24.8;2.670;1.254;0.690;1.203;0.000;0.990;11927
B31558;2015/03/08 00:17:41;11927;84;22.5;24.4;2.667;1.254;0.677;1.203;0.000;1.003;11928
B31558;2015/03/08 00:17:51;11928;81;21.2;23.9;2.603;1.274;0.677;1.203;0.000;0.967;11929
B31558;2015/03/08 00:18:01;11929;75;24.5;24.4;2.670;1.274;0.680;1.203;0.000;1.003;11930
B31558;2015/03/08 00:18:11;11930;78;21.2;24.8;2.725;1.248;0.680;1.180;0.000;0.961;11931
B31558;2015/03/08 00:18:21;11931;80;21.9;24.4;2.451;1.248;0.680;1.180;0.000;1.009;11932
B31558;2015/03/08 00:18:31;11932;80;25.4;24.6;2.629;1.258;0.680;1.180;0.099;0.977;11933
B31558;2015/03/08 00:18:41;11933;77;28.3;24.8;2.712;1.258;0.677;1.180;0.099;0.993;11934
B31558;2015/03/08 00:18:51;11934;90;26.7;24.4;2.722;1.245;0.677;1.164;0.099;0.977;11935
B31558;2015/03/08 00:19:01;11935;84;23.5;25.0;2.470;1.245;0.677;1.164;0.099;0.987;11936
B31558;2015/03/08 00:19:11;11936;80;27.4;24.4;2.448;1.251;0.677;1.164;0.003;0.990;11937
B31558;2015/03/08 00:19:21;11937;78;27.4;24.3;2.667;1.251;0.712;1.164;0.003;1.003;11938
B31558;2015/03/08 00:19:31;11938;83;26.4;25.0;2.477;1.245;0.712;1.225;0.003;0.967;11939
B31558;2015/03/08 00:19:41;11939;86;21.6;24.6;2.503;1.245;0.674;1.225;0.003;0.990;11940
B31558;2015/03/08 00:19:51;11940;80;24.8;24.6;2.561;1.261;0.674;1.225;0.000;0.977;11941
B31558;2015/03/08 00:20:01;11941;78;26.1;24.8;2.725;1.261;0.677;1.225;0.000;0.987;11942
B31558;2015/03/08 00:20:11;11942;88;20.9;24.6;2.674;1.241;0.677;1.170;0.000;0.990;11943
B31558;2015/03/08 00:20:21;11943;78;17.4;25.0;2.474;1.241;0.674;1.170;0.000;0.970;11944
B31558;2015/03/08 00:20:31;11944;85;21.9;24.1;2.632;1.248;0.674;1.170;0.003;1.003;11945
B31558;2015/03/08 00:20:41;11945;81;26.1;24.8;2.670;1.248;0.690;1.170;0.003;0.993;11946
B31558;2015/03/08 00:20:51;11946;79;26.7;25.0;2.712;1.248;0.690;1.170;0.003;0.980;11947
B31558;2015/03/08 00:21:01;11947;81;25.4;24.3;2.674;1.248;0.706;1.170;0.003;0.977;11948
B31558;2015/03/08 00:21:11;11948;88;26.7;24.4;2.445;1.241;0.706;1.170;0.006;1.003;11949
B31558;2015/03/08 00:21:21;11949;88;21.2;23.9;2.477;1.241;0.674;1.170;0.006;1.025;11950
B31558;2015/03/08 00:21:31;11950;78;20.0;24.8;2.706;1.270;0.674;1.158;0.006;0.970;11951
B31558;2015/03/08 00:21:41;11951;83;17.7;24.6;2.609;1.270;0.674;1.158;0.006;0.974;11952
B31558;2015/03/08 00:21:51;11952;84;18.0;23.9;2.722;1.270;0.674;1.158;0.000;0.970;11953
B31558;2015/03/08 00:22:01;11953;84;20.3;24.4;2.458;1.270;0.674;1.158;0.000;0.967;11954
B31558;2015/03/08 00:22:11;11954;90;27.4;24.6;2.493;1.280;0.674;1.216;0.000;1.012;11955
B31558;2015/03/08 00:22:21;11955;88;24.1;25.1;2.487;1.280;0.738;1.216;0.000;0.990;11956
B31558;2015/03/08 00:22:31;11956;79;17.0;24.3;2.709;1.280;0.738;1.216;0.009;1.003;11957
B31558;2015/03/08 00:22:41;11957;81;18.0;25.1;2.467;1.280;0.738;1.216;0.009;0.996;11958
B31558;2015/03/08 00:22:51;11958;77;23.8;24.8;2.635;1.251;0.738;1.216;0.009;1.016;11959
B31558;2015/03/08 00:23:01;11959;84;17.7;25.0;2.496;1.251;0.693;1.216;0.009;0.974;11960
B31558;2015/03/08 00:23:11;11960;83;22.5;24.6;2.474;1.283;0.693;1.216;0.006;0.970;11961
B31558;2015/03/08 00:23:21;11961;78;18.0;25.0;2.606;1.283;0.680;1.216;0.006;1.025;11962
B31558;2015/03/08 00:23:31;11962;80;27.4;25.1;2.606;1.245;0.680;1.229;0.006;1.012;11963
B31558;2015/03/08 00:23:41;11963;78;21.9;24.4;2.709;1.245;0.677;1.229;0.006;0.983;11964
B31558;2015/03/08 00:23:51;11964;80;19.3;24.1;2.451;1.293;0.677;1.229;0.000;0.980;11965
B31558;2015/03/08 00:24:01;11965;74;20.9;24.1;2.674;1.293;0.716;1.229;0.000;0.977;11966
B31558;2015/03/08 00:24:11;11966;80;28.0;24.3;2.722;1.287;0.716;1.193;0.000;1.006;11967
B31558;2015/03/08 00:24:21;11967;78;21.6;24.6;2.448;1.287;0.719;1.193;0.000;1.019;11968
B31558;2015/03/08 00:24:31;11968;81;19.3;24.3;2.722;1.248;0.719;1.193;0.006;0.983;11969
B31558;2015/03/08 00:24:41;11969;88;26.7;24.8;2.583;1.248;0.680;1.193;0.006;0.990;11970
B31558;2015/03/08 00:24:51;11970;70;28.3;24.8;2.509;1.274;0.680;1.248;0.006;0.970;11971
B31558;2015/03/08 00:25:01;11971;73;26.1;25.0;2.709;1.274;0.719;1.248;0.006;0.993;11972
B31558;2015/03/08 00:25:11;11972;91;26.7;25.1;2.722;1.293;0.719;1.248;0.000;0.964;11973
B31558;2015/03/08 00:25:21;11973;81;20.6;24.8;2.729;1.293;0.725;1.248;0.000;0.996;11974
B31558;2015/03/08 00:25:31;11974;92;21.6;25.3;2.722;1.283;0.725;1.183;0.000;0.974;11975
B31558;2015/03/08 00:25:41;11975;86;21.2;25.0;2.512;1.283;0.674;1.183;0.000;0.970;11976
B31558;2015/03/08 00:25:51;11976;82;23.8;24.8;2.699;1.293;0.674;1.183;0.006;1.016;11977
B31558;2015/03/08 00:26:01;11977;71;23.5;24.3;2.703;1.293;0.683;1.183;0.006;0.983;11978
B31558;2015/03/08 00:26:11;11978;75;27.0;24.6;2.470;1.245;0.683;1.183;0.006;1.000;11979
B31558;2015/03/08 00:26:21;11979;78;17.4;24.6;2.500;1.245;0.674;1.183;0.006;1.009;11980
B31558;2015/03/08 00:26:31;11980;87;21.6;24.8;2.712;1.274;0.674;1.183;0.000;0.990;11981
B31558;2015/03/08 00:26:41;11981;75;17.4;25.0;2.558;1.274;0.732;1.183;0.000;0.974;11982
B31558;2015/03/08 00:26:51;11982;93;23.8;24.8;2.712;1.267;0.732;1.187;0.000;0.983;11983
B31558;2015/03/08 00:27:01;11983;83;26.4;24.1;2.709;1.267;0.677;1.187;0.000;0.977;11984
B31558;2015/03/08 00:27:11;11984;88;18.7;23.9;2.625;1.261;0.677;1.187;0.003;0.993;11985
B31558;2015/03/08 00:27:21;11985;79;18.3;24.6;2.496;1.261;0.687;1.187;0.003;1.003;11986
B31558;2015/03/08 00:27:31;11986;88;22.5;24.3;2.645;1.254;0.687;1.183;0.003;0.970;11987
B31558;2015/03/08 00:27:41;11987;76;17.7;25.0;2.570;1.254;0.696;1.183;0.003;0.996;11988
B31558;2015/03/08 00:27:51;11988;80;27.0;24.6;2.470;1.248;0.696;1.183;0.000;1.019;11989
B31558;2015/03/08 00:28:01;11989;83;26.7;24.1;2.729;1.248;0.696;1.183;0.000;1.012;11990
B31558;2015/03/08 00:28:11;11990;91;19.6;24.3;2.712;1.248;0.696;1.190;0.000;0.996;11991
B31558;2015/03/08 00:28:21;11991;86;23.2;24.4;2.632;1.248;0.690;1.190;0.000;1.029;11992
B31558;2015/03/08 00:28:31;11992;85;20.6;24.8;2.712;1.245;0.690;1.190;0.006;1.032;11993
B31558;2015/03/08 00:28:41;11993;80;21.6;24.4;2.506;1.245;0.674;1.190;0.006;1.012;11994
B31558;2015/03/08 00:28:51;11994;80;22.9;25.3;2.641;1.283;0.674;1.238;0.006;1.019;11995
B31558;2015/03/08 00:29:01;11995;83;28.0;24.8;2.654;1.283;0.738;1.238;0.006;1.006;11996
B31558;2015/03/08 00:29:11;11996;82;26.4;25.1;2.470;1.261;0.738;1.238;0.022;1.003;11997
B31558;2015/03/08 00:29:21;11997;76;17.0;25.0;2.487;1.261;0.725;1.238;0.022;1.003;11998
B31558;2015/03/08 00:29:31;11998;78;20.6;24.8;2.699;1.290;0.725;1.177;0.022;1.009;11999
B31558;2015/03/08 00:29:41;11999;88;19.0;24.4;2.464;1.290;0.719;1.177;0.022;0.996;12000
B31558;2015/03/08 00:29:51;12000;80;27.4;25.1;2.477;1.251;0.719;1.177;0.006;0.996;12001
B31558;2015/03/08 00:30:01;12001;81;20.0;24.8;2.445;1.251;0.674;1.177;0.006;1.025;12002
B31558;2015/03/08 00:30:11;12002;87;22.5;24.4;2.470;1.293;0.674;1.193;0.006;0.990;12003
B31558;2015/03/08 00:30:21;12003;83;22.2;23.9;2.603;1.293;0.716;1.193;0.006;1.029;12004
B31558;2015/03/08 00:30:31;12004;87;20.3;24.1;2.477;1.248;0.716;1.193;0.003;1.029;12005
B31558;2015/03/08 00:30:41;12005;74;20.3;25.1;2.496;1.248;0.709;1.193;0.003;0.990;12006
B31558;2015/03/08 00:30:51;12006;81;26.4;24.8;2.458;1.264;0.709;1.174;0.003;1.025;12007
B31558;2015/03/08 00:31:01;12007;85;17.4;25.0;2.567;1.264;0.667;1.174;0.003;0.980;12008
B31558;2015/03/08 00:31:11;12008;86;26.1;25.1;2.551;1.245;0.667;1.174;0.041;1.012;12009
B31558;2015/03/08 00:31:21;12009;82;26.4;24.4;2.641;1.245;0.696;1.174;0.041;1.000;12010
B31558;2015/03/08 00:31:31;12010;78;18.0;24.3;2.696;1.251;0.696;1.167;0.041;0.996;12011
B31558;2015/03/08 00:31:41;12011;80;23.5;23.9;2.619;1.251;0.667;1.167;0.041;1.038;12012
B31558;2015/03/08 00:31:51;12012;90;27.4;24.6;2.641;1.270;0.667;1.167;0.000;1.003;12013
B31558;2015/03/08 00:32:01;12013;85;24.1;24.8;2.606;1.270;0.677;1.167;0.000;0.996;12014
B31558;2015/03/08 00:32:11;12014;78;19.6;24.8;2.699;1.245;0.677;1.167;0.000;1.003;12015
B31558;2015/03/08 00:32:21;12015;79;24.5;24.4;2.674;1.245;0.667;1.167;0.000;1.016;12016
B31558;2015/03/08 00:32:31;12016;92;23.8;24.8;2.470;1.300;0.667;1.167;0.000;0.990;12017
B31558;2015/03/08 00:32:41;12017;82;25.4;24.3;2.635;1.300;0.667;1.167;0.000;1.016;12018
B31558;2015/03/08 00:32:51;12018;74;17.4;24.4;2.661;1.290;0.667;1.219;0.000;0.983;12019
B31558;2015/03/08 00:33:01;12019;84;19.3;24.6;2.670;1.290;0.725;1.219;0.000;0.993;12020
B31558;2015/03/08 00:33:11;12020;73;18.0;24.4;2.641;1.241;0.725;1.219;0.000;1.016;12021
B31558;2015/03/08 00:33:21;12021;78;25.1;24.6;2.470;1.241;0.667;1.219;0.000;1.048;12022
B31558;2015/03/08 00:33:31;12022;76;20.6;24.6;2.438;1.261;0.667;1.187;0.000;1.038;12023
B31558;2015/03/08 00:33:41;12023;68;22.5;24.6;2.703;1.261;0.732;1.187;0.000;1.006;12024
B31558;2015/03/08 00:33:51;12024;84;17.4;24.6;2.464;1.248;0.732;1.187;0.000;1.000;12025
B31558;2015/03/08 00:34:01;12025;81;25.4;24.4;2.593;1.248;0.670;1.187;0.000;0.993;12026
B31558;2015/03/08 00:34:11;12026;80;17.4;24.4;2.722;1.264;0.670;1.167;0.000;0.993;12027
B31558;2015/03/08 00:34:21;12027;80;26.7;24.3;2.732;1.264;0.696;1.167;0.000;1.029;12028
B31558;2015/03/08 00:34:31;12028;68;16.7;24.3;2.722;1.241;0.696;1.167;0.006;1.012;12029
B31558;2015/03/08 00:34:41;12029;77;20.0;24.4;2.461;1.241;0.667;1.167;0.006;0.983;12030
B31558;2015/03/08 00:34:51;12030;82;26.1;25.3;2.625;1.254;0.667;1.167;0.006;1.041;12031
B31558;2015/03/08 00:35:01;12031;88;20.0;25.0;2.648;1.254;0.725;1.167;0.006;0.996;12032
B31558;2015/03/08 00:35:11;12032;91;17.4;24.8;2.722;1.261;0.725;1.167;0.000;1.022;12033
B31558;2015/03/08 00:35:21;12033;76;22.5;24.6;2.474;1.261;0.680;1.167;0.000;1.022;12034
B31558;2015/03/08 00:35:31;12034;74;20.6;24.4;2.699;1.245;0.680;1.164;0.000;0.993;12035
B31558;2015/03/08 00:35:41;12035;79;20.9;23.9;2.474;1.245;0.667;1.164;0.000;1.016;12036
B31558;2015/03/08 00:35:51;12036;73;28.7;24.4;2.458;1.248;0.667;1.164;0.006;1.016;12037
B31558;2015/03/08 00:36:01;12037;87;18.7;24.4;2.448;1.248;0.670;1.164;0.006;0.974;12038
B31558;2015/03/08 00:36:11;12038;83;18.7;24.3;2.454;1.264;0.670;1.222;0.006;1.006;12039
B31558;2015/03/08 00:36:21;12039;80;25.8;24.6;2.725;1.264;0.696;1.222;0.006;1.016;12040
B31558;2015/03/08 00:36:31;12040;89;26.4;25.1;2.574;1.251;0.696;1.222;0.006;0.970;12041
B31558;2015/03/08 00:36:41;12041;83;22.2;23.9;2.483;1.251;0.732;1.222;0.006;0.987;12042
B31558;2015/03/08 00:36:51;12042;92;19.3;24.8;2.654;1.248;0.732;1.216;0.006;0.993;12043
B31558;2015/03/08 00:37:01;12043;81;25.1;24.4;2.696;1.248;0.670;1.216;0.006;1.006;12044
B31558;2015/03/08 00:37:11;12044;86;21.6;24.3;2.645;1.241;0.670;1.216;0.006;0.967;12045
B31558;2015/03/08 00:37:21;12045;87;25.1;25.0;2.474;1.241;0.670;1.216;0.006;1.016;12046
B31558;2015/03/08 00:37:31;12046;93;19.6;25.1;2.512;1.267;0.670;1.219;0.006;0.993;12047
B31558;2015/03/08 00:37:41;12047;89;24.5;25.1;2.722;1.267;0.732;1.219;0.006;0.970;12048
B31558;2015/03/08 00:37:51;12048;70;21.6;24.8;2.719;1.270;0.732;1.219;0.000;0.983;12049
B31558;2015/03/08 00:38:01;12049;80;17.4;25.1;2.480;1.270;0.667;1.219;0.000;1.016;12050
B31558;2015/03/08 00:38:11;12050;90;22.2;24.6;2.477;1.248;0.667;1.203;0.000;1.000;12051
B31558;2015/03/08 00:38:21;12051;84;21.2;23.9;2.522;1.248;0.732;1.203;0.000;0.970;12052
B31558;2015/03/08 00:38:31;12052;83;21.2;24.8;2.696;1.241;0.732;1.203;0.000;0.980;12053
B31558;2015/03/08 00:38:41;12053;75;23.8;24.8;2.690;1.241;0.735;1.203;0.000;1.003;12054
B31558;2015/03/08 00:38:51;12054;78;19.6;24.4;2.670;1.248;0.735;1.235;0.000;1.012;12055
B31558;2015/03/08 00:39:01;12055;87;19.6;24.8;2.461;1.248;0.719;1.235;0.000;1.009;12056
B31558;2015/03/08 00:39:11;12056;84;24.8;24.6;2.616;1.258;0.719;1.235;0.000;1.022;12057
B31558;2015/03/08 00:39:21;12057;81;22.9;25.1;2.467;1.258;0.677;1.235;0.000;0.987;12058
B31558;2015/03/08 00:39:31;12058;84;19.3;24.8;2.667;1.238;0.677;1.167;0.000;1.032;12059
B31558;2015/03/08 00:39:41;12059;82;27.0;24.3;2.729;1.238;0.696;1.167;0.000;0.974;12060
B31558;2015/03/08 00:39:51;12060;88;26.1;25.1;2.477;1.251;0.696;1.167;0.000;0.977;12061
B31558;2015/03/08 00:40:01;12061;79;23.2;24.6;2.496;1.251;0.729;1.167;0.000;0.980;12062
B31558;2015/03/08 00:40:11;12062;76;21.6;24.8;2.722;1.241;0.729;1.216;0.000;1.025;12063
B31558;2015/03/08 00:40:21;12063;88;24.1;24.8;2.561;1.241;0.696;1.216;0.000;1.006;12064
B31558;2015/03/08 00:40:31;12064;81;26.1;24.6;2.590;1.238;0.696;1.216;0.000;0.983;12065
B31558;2015/03/08 00:40:41;12065;74;20.6;24.6;2.448;1.238;0.725;1.216;0.000;1.000;12066
B31558;2015/03/08 00:40:51;12066;82;20.0;24.8;2.709;1.290;0.725;1.187;0.000;1.012;12067
B31558;2015/03/08 00:41:01;12067;83;27.0;25.0;2.448;1.290;0.667;1.187;0.000;1.022;12068
B31558;2015/03/08 00:41:11;12068;86;28.0;24.3;2.458;1.277;0.667;1.187;0.000;1.003;12069
B31558;2015/03/08 00:41:21;12069;74;20.3;25.3;2.512;1.277;0.667;1.187;0.000;0.974;12070
B31558;2015/03/08 00:41:31;12070;84;20.0;25.0;2.487;1.248;0.667;1.216;0.000;1.025;12071
B31558;2015/03/08 00:41:41;12071;80;17.7;25.0;2.596;1.248;0.667;1.216;0.000;0.970;12072
B31558;2015/03/08 00:41:51;12072;91;28.7;24.6;2.580;1.241;0.667;1.216;0.099;0.970;12073
B31558;2015/03/08 00:42:01;12073;77;16.7;25.0;2.474;1.241;0.667;1.216;0.099;1.003;12074
B31558;2015/03/08 00:42:11;12074;90;17.0;24.1;2.725;1.277;0.667;1.167;0.099;0.970;12075
B31558;2015/03/08 00:42:21;12075;80;26.1;24.8;2.619;1.277;0.667;1.167;0.099;1.025;12076
B31558;2015/03/08 00:42:31;12076;78;18.7;24.3;2.464;1.258;0.667;1.167;0.000;0.974;12077
B31558;2015/03/08 00:42:41;12077;75;28.0;25.1;2.483;1.258;0.677;1.167;0.000;0.980;12078
B31558;2015/03/08 00:42:51;12078;79;27.0;25.1;2.606;1.241;0.677;1.219;0.000;1.019;12079
B31558;2015/03/08 00:43:01;12079;80;21.2;24.4;2.603;1.241;0.725;1.219;0.000;1.009;12080
B31558;2015/03/08 00:43:11;12080;92;21.2;24.3;2.699;1.293;0.725;1.219;0.016;0.993;12081
B31558;2015/03/08 00:43:21;12081;74;22.5;24.4;2.583;1.293;0.706;1.219;0.016;1.022;12082
B31558;2015/03/08 00:43:31;12082;75;21.9;25.0;2.554;1.251;0.706;1.174;0.016;0.996;12083
B31558;2015/03/08 00:43:41;12083;81;17.0;25.3;2.474;1.251;0.722;1.174;0.016;0.993;12084
B31558;2015/03/08 00:43:51;12084;82;18.0;24.4;2.638;1.283;0.722;1.174;0.000;0.977;12085
B31558;2015/03/08 00:44:01;12085;78;25.1;24.8;2.729;1.283;0.667;1.174;0.000;0.993;12086
B31558;2015/03/08 00:44:11;12086;82;19.0;24.3;2.719;1.245;0.667;1.161;0.000;1.025;12087
B31558;2015/03/08 00:44:21;12087;76;28.3;25.0;2.722;1.245;0.664;1.161;0.000;0.996;12088
B31558;2015/03/08 00:44:31;12088;87;22.9;24.6;2.693;1.248;0.664;1.161;0.000;1.038;12089
B31558;2015/03/08 00:44:41;12089;82;18.7;24.6;2.529;1.248;0.677;1.161;0.000;0.980;12090
B31558;2015/03/08 00:44:51;12090;81;22.9;24.8;2.448;1.290;0.677;1.164;0.000;1.032;12091
B31558;2015/03/08 00:45:01;12091;85;25.1;25.0;2.451;1.290;0.677;1.164;0.000;1.029;12092
B31558;2015/03/08 00:45:11;12092;89;19.3;24.8;2.696;1.293;0.677;1.164;0.006;0.990;12093
B31558;2015/03/08 00:45:21;12093;76;17.7;24.6;2.596;1.293;0.667;1.164;0.006;1.016;12094
B31558;2015/03/08 00:45:31;12094;81;25.4;25.1;2.629;1.290;0.667;1.193;0.006;0.974;12095
B31558;2015/03/08 00:45:41;12095;83;19.6;24.6;2.535;1.290;0.700;1.193;0.006;0.990;12096
B31558;2015/03/08 00:45:51;12096;85;23.5;24.8;2.496;1.245;0.700;1.193;0.000;0.996;12097
B31558;2015/03/08 00:46:01;12097;83;17.0;24.6;2.545;1.245;0.729;1.193;0.000;1.022;12098
B31558;2015/03/08 00:46:11;12098;85;25.4;25.0;2.722;1.248;0.729;1.174;0.000;0.974;12099
B31558;2015/03/08 00:46:21;12099;68;19.3;24.3;2.512;1.248;0.667;1.174;0.000;0.987;12100
B31558;2015/03/08 00:46:31;12100;83;17.0;25.0;2.709;1.258;0.667;1.174;0.006;1.022;12101
B31558;2015/03/08 00:46:41;12101;80;18.3;24.3;2.519;1.258;0.677;1.174;0.006;0.996;12102
B31558;2015/03/08 00:46:51;12102;80;21.6;24.3;2.703;1.248;0.677;1.190;0.006;1.000;12103
B31558;2015/03/08 00:47:01;12103;79;23.2;25.0;2.667;1.248;0.677;1.190;0.006;1.006;12104
B31558;2015/03/08 00:47:11;12104;80;24.1;24.6;2.648;1.251;0.677;1.190;0.000;1.016;12105
B31558;2015/03/08 00:47:21;12105;90;26.7;24.8;2.509;1.251;0.670;1.190;0.000;0.980;12106
B31558;2015/03/08 00:47:31;12106;89;18.0;24.8;2.661;1.248;0.670;1.170;0.000;1.009;12107
B31558;2015/03/08 00:47:41;12107;87;21.2;24.6;2.512;1.248;0.664;1.170;0.000;0.961;12108
B31558;2015/03/08 00:47:51;12108;81;24.5;25.0;2.709;1.248;0.664;1.170;0.000;1.012;12109
B31558;2015/03/08 00:48:01;12109;88;19.3;24.6;2.590;1.248;0.725;1.170;0.000;0.970;12110
B31558;2015/03/08 00:48:11;12110;92;18.7;24.8;2.661;1.283;0.725;1.212;0.000;0.977;12111
B31558;2015/03/08 00:48:21;12111;75;25.1;24.8;2.622;1.283;0.670;1.212;0.000;0.980;12112
B31558;2015/03/08 00:48:31;12112;87;27.0;25.1;2.587;1.254;0.670;1.212;0.006;0.970;12113
B31558;2015/03/08 00:48:41;12113;86;19.6;25.5;2.635;1.254;0.725;1.212;0.006;0.983;12114
B31558;2015/03/08 00:48:51;12114;76;25.8;25.0;2.635;1.290;0.725;1.174;0.006;1.003;12115
B31558;2015/03/08 00:49:01;12115;70;25.4;24.8;2.545;1.290;0.670;1.174;0.006;0.990;12116
B31558;2015/03/08 00:49:11;12116;93;24.1;25.1;2.625;1.241;0.670;1.174;0.000;1.006;12117
B31558;2015/03/08 00:49:21;12117;81;24.8;25.1;2.464;1.241;0.725;1.174;0.000;1.000;12118
B31558;2015/03/08 00:49:31;12118;77;24.5;25.3;2.616;1.241;0.725;1.199;0.000;0.967;12119
B31558;2015/03/08 00:49:41;12119;81;25.8;24.8;2.509;1.241;0.664;1.199;0.000;1.003;12120
B31558;2015/03/08 00:49:51;12120;75;18.7;24.1;2.719;1.261;0.664;1.199;0.000;0.964;12121
B31558;2015/03/08 00:50:01;12121;88;21.6;24.4;2.493;1.261;0.670;1.199;0.000;0.977;12122
B31558;2015/03/08 00:50:11;12122;82;26.7;24.8;2.458;1.241;0.670;1.164;0.000;1.009;12123
B31558;2015/03/08 00:50:21;12123;80;18.3;25.1;2.538;1.241;0.677;1.164;0.000;0.990;12124
B31558;2015/03/08 00:50:31;12124;83;20.9;25.0;2.587;1.241;0.677;1.164;0.016;0.987;12125
B31558;2015/03/08 00:50:41;12125;69;20.3;24.6;2.596;1.241;0.658;1.164;0.016;0.970;12126
B31558;2015/03/08 00:50:51;12126;86;20.0;25.3;2.445;1.254;0.658;1.158;0.016;1.012;12127
B31558;2015/03/08 00:51:01;12127;83;26.7;25.3;2.719;1.254;0.664;1.158;0.016;0.967;12128
B31558;2015/03/08 00:51:11;12128;81;21.2;25.1;2.464;1.241;0.664;1.158;0.016;0.987;12129
B31558;2015/03/08 00:51:21;12129;89;17.4;25.1;2.470;1.241;0.658;1.158;0.016;1.009;12130
B31558;2015/03/08 00:51:31;12130;79;28.3;25.1;2.493;1.270;0.658;1.154;0.016;1.025;12131
B31558;2015/03/08 00:51:41;12131;89;18.3;25.5;2.477;1.270;0.667;1.154;0.016;0.977;12132
B31558;2015/03/08 00:51:51;12132;85;26.4;25.3;2.609;1.300;0.667;1.154;0.000;0.996;12133
B31558;2015/03/08 00:52:01;12133;86;27.4;24.3;2.729;1.300;0.661;1.154;0.000;0.990;12134
B31558;2015/03/08 00:52:11;12134;88;24.1;25.1;2.564;1.245;0.661;1.151;0.000;0.990;12135
B31558;2015/03/08 00:52:21;12135;84;20.9;25.0;2.512;1.245;0.719;1.151;0.000;0.970;12136
B31558;2015/03/08 00:52:31;12136;84;21.6;24.6;2.641;1.274;0.719;1.151;0.054;1.009;12137
B31558;2015/03/08 00:52:41;12137;81;25.8;25.0;2.448;1.274;0.677;1.151;0.054;0.990;12138
B31558;2015/03/08 00:52:51;12138;80;26.1;25.0;2.606;1.290;0.677;1.148;0.054;0.993;12139
B31558;2015/03/08 00:53:01;12139;80;20.9;24.8;2.564;1.290;0.670;1.148;0.054;1.009;12140
B31558;2015/03/08 00:53:11;12140;88;22.9;25.7;2.641;1.280;0.670;1.148;0.000;1.009;12141
B31558;2015/03/08 00:53:21;12141;80;20.3;25.3;2.496;1.280;0.709;1.148;0.000;0.977;12142
B31558;2015/03/08 00:53:31;12142;84;22.5;24.6;2.438;1.261;0.709;1.212;0.000;0.967;12143
B31558;2015/03/08 00:53:41;12143;81;26.7;25.1;2.716;1.261;0.719;1.212;0.000;0.983;12144
B31558;2015/03/08 00:53:51;12144;89;26.1;25.3;2.509;1.293;0.719;1.212;0.000;0.964;12145
B31558;2015/03/08 00:54:01;12145;75;20.6;25.3;2.454;1.293;0.706;1.212;0.000;0.967;12146
B31558;2015/03/08 00:54:11;12146;74;24.1;25.1;2.570;1.238;0.706;1.187;0.000;0.974;12147
B31558;2015/03/08 00:54:21;12147;83;28.0;24.8;2.696;1.238;0.658;1.187;0.000;0.961;12148
B31558;2015/03/08 00:54:31;12148;90;19.3;24.8;2.658;1.290;0.658;1.187;0.003;1.016;12149
B31558;2015/03/08 00:54:41;12149;84;27.4;25.3;2.719;1.290;0.706;1.187;0.003;1.016;12150
B31558;2015/03/08 00:54:51;12150;83;19.6;25.3;2.438;1.241;0.706;1.183;0.003;1.029;12151
B31558;2015/03/08 00:55:01;12151;71;24.8;25.1;2.677;1.241;0.661;1.183;0.003;0.983;12152
B31558;2015/03/08 00:55:11;12152;90;21.2;25.5;2.458;1.283;0.661;1.183;0.000;0.983;12153
B31558;2015/03/08 00:55:21;12153;88;28.7;25.1;2.703;1.283;0.719;1.183;0.000;0.990;12154
B31558;2015/03/08 00:55:31;12154;85;27.4;25.3;2.577;1.245;0.719;1.158;0.000;0.980;12155
B31558;2015/03/08 00:55:41;12155;74;24.1;25.5;2.716;1.245;0.670;1.158;0.000;0.977;12156
B31558;2015/03/08 00:55:51;12156;76;20.3;24.4;2.580;1.283;0.670;1.158;0.029;0.970;12157
B31558;2015/03/08 00:56:01;12157;84;22.5;24.3;2.596;1.283;0.680;1.158;0.029;0.964;12158
B31558;2015/03/08 00:56:11;12158;81;22.5;25.3;2.590;1.251;0.680;1.174;0.029;0.980;12159
B31558;2015/03/08 00:56:21;12159;79;20.6;25.1;2.483;1.251;0.664;1.174;0.029;0.974;12160
B31558;2015/03/08 00:56:31;12160;88;20.6;25.5;2.448;1.261;0.664;1.174;0.009;0.977;12161
B31558;2015/03/08 00:56:41;12161;80;25.4;25.0;2.722;1.261;0.664;1.174;0.009;0.987;12162
B31558;2015/03/08 00:56:51;12162;90;25.4;25.5;2.493;1.270;0.664;1.180;0.009;0.970;12163
B31558;2015/03/08 00:57:01;12163;81;21.6;24.4;2.467;1.270;0.706;1.180;0.009;0.970;12164
B31558;2015/03/08 00:57:11;12164;81;20.3;25.3;2.458;1.261;0.706;1.180;0.009;1.012;12165
B31558;2015/03/08 00:57:21;12165;85;28.7;24.8;2.596;1.261;0.725;1.180;0.009;0.967;12166
B31558;2015/03/08 00:57:31;12166;84;27.0;25.0;2.603;1.261;0.725;1.158;0.009;0.987;12167
B31558;2015/03/08 00:57:41;12167;74;26.7;25.3;2.729;1.261;0.667;1.158;0.009;1.019;12168
B31558;2015/03/08 00:57:51;12168;73;23.5;25.1;2.545;1.267;0.667;1.158;0.016;0.967;12169
B31558;2015/03/08 00:58:01;12169;80;18.3;24.6;2.648;1.267;0.664;1.158;0.016;1.025;12170
B31558;2015/03/08 00:58:11;12170;91;20.6;25.1;2.454;1.267;0.664;1.158;0.016;0.970;12171
B31558;2015/03/08 00:58:21;12171;75;26.7;24.8;2.590;1.267;0.677;1.158;0.016;0.990;12172
B31558;2015/03/08 00:58:31;12172;83;20.0;25.0;2.448;1.267;0.677;1.158;0.000;0.961;12173
B31558;2015/03/08 00:58:41;12173;72;22.2;24.3;2.622;1.267;0.664;1.158;0.000;0.990;12174
B31558;2015/03/08 00:58:51;12174;88;21.9;25.3;2.464;1.293;0.664;1.222;0.000;1.000;12175
B31558;2015/03/08 00:59:01;12175;82;19.6;25.1;2.454;1.293;0.667;1.222;0.000;0.996;12176
B31558;2015/03/08 00:59:11;12176;77;20.6;25.0;2.445;1.267;0.667;1.222;0.000;0.961;12177
B31558;2015/03/08 00:59:21;12177;86;16.7;25.0;2.470;1.267;0.690;1.222;0.000;0.954;12178
B31558;2015/03/08 00:59:31;12178;85;17.7;25.3;2.483;1.293;0.690;1.158;0.000;0.980;12179
B31558;2015/03/08 00:59:41;12179;79;21.9;25.1;2.564;1.293;0.667;1.158;0.000;0.954;12180
B31558;2015/03/08 00:59:51;12180;81;20.0;25.1;2.612;1.248;0.667;1.158;0.009;0.987;12181
B31558;2015/03/08 01:00:01;12181;84;23.5;25.5;2.496;1.248;0.667;1.158;0.009;1.006;12182
B31558;2015/03/08 01:00:11;12182;90;26.7;25.5;2.464;1.258;0.667;1.225;0.009;1.003;12183
B31558;2015/03/08 01:00:21;12183;77;26.7;24.8;2.545;1.258;0.696;1.225;0.009;0.951;12184
B31558;2015/03/08 01:00:31;12184;74;28.3;25.1;2.693;1.274;0.696;1.225;0.000;0.964;12185
B31558;2015/03/08 01:00:41;12185;75;18.0;25.8;2.496;1.274;0.664;1.225;0.000;0.977;12186
B31558;2015/03/08 01:00:51;12186;73;21.2;25.1;2.709;1.277;0.664;1.229;0.000;1.000;12187
B31558;2015/03/08 01:01:01;12187;91;18.7;25.5;2.483;1.277;0.719;1.229;0.000;1.009;12188
B31558;2015/03/08 01:01:11;12188;83;23.8;25.1;2.625;1.283;0.719;1.229;0.006;0.970;12189
B31558;2015/03/08 01:01:21;12189;83;20.0;25.0;2.519;1.283;0.725;1.229;0.006;1.009;12190
B31558;2015/03/08 01:01:31;12190;77;23.8;25.5;2.470;1.290;0.725;1.164;0.006;0.964;12191
B31558;2015/03/08 01:01:41;12191;72;18.0;25.5;2.496;1.290;0.667;1.164;0.006;0.967;12192
B31558;2015/03/08 01:01:51;12192;82;18.0;25.0;2.625;1.248;0.667;1.164;0.080;1.016;12193
B31558;2015/03/08 01:02:01;12193;80;26.7;25.3;2.461;1.248;0.732;1.164;0.080;0.970;12194
B31558;2015/03/08 01:02:11;12194;93;20.0;25.3;2.635;1.261;0.732;1.212;0.080;0.996;12195
B31558;2015/03/08 01:02:21;12195;72;17.7;25.7;2.609;1.261;0.667;1.212;0.080;0.977;12196
B31558;2015/03/08 01:02:31;12196;85;20.3;25.0;2.699;1.254;0.667;1.212;0.000;0.993;12197
B31558;2015/03/08 01:02:41;12197;78;16.7;25.7;2.590;1.254;0.667;1.212;0.000;0.983;12198
B31558;2015/03/08 01:02:51;12198;81;20.6;25.0;2.667;1.283;0.667;1.229;0.000;0.983;12199
B31558;2015/03/08 01:03:01;12199;84;20.6;25.7;2.496;1.283;0.677;1.229;0.000;0.977;12200
B31558;2015/03/08 01:03:11;12200;83;20.9;25.5;2.464;1.274;0.677;1.229;0.000;0.964;12201
B31558;2015/03/08 01:03:21;12201;79;23.8;25.1;2.467;1.274;0.677;1.229;0.000;0.987;12202
B31558;2015/03/08 01:03:31;12202;90;19.0;25.5;2.464;1.277;0.677;1.180;0.000;0.983;12203
B31558;2015/03/08 01:03:41;12203;83;26.7;24.8;2.500;1.277;0.690;1.180;0.000;0.974;12204
B31558;2015/03/08 01:03:51;12204;91;27.0;25.5;2.706;1.306;0.690;1.180;0.009;0.977;12205
B31558;2015/03/08 01:04:01;12205;78;24.5;25.5;2.474;1.306;0.674;1.180;0.009;0.977;12206
B31558;2015/03/08 01:04:11;12206;82;17.4;25.5;2.451;1.254;0.674;1.170;0.009;0.974;12207
B31558;2015/03/08 01:04:21;12207;80;24.5;25.3;2.493;1.254;0.683;1.170;0.009;0.974;12208
B31558;2015/03/08 01:04:31;12208;81;28.0;25.3;2.661;1.261;0.683;1.170;0.000;1.009;12209
B31558;2015/03/08 01:04:41;12209;88;21.9;25.1;2.696;1.261;0.677;1.170;0.000;0.980;12210
B31558;2015/03/08 01:04:51;12210;90;18.3;25.1;2.445;1.270;0.677;1.177;0.000;0.990;12211
B31558;2015/03/08 01:05:01;12211;80;26.1;24.8;2.500;1.270;0.712;1.177;0.000;0.958;12212
B31558;2015/03/08 01:05:11;12212;88;22.9;25.8;2.600;1.270;0.712;1.177;0.006;0.983;12213
B31558;2015/03/08 01:05:21;12213;74;20.9;25.0;2.696;1.270;0.732;1.177;0.006;0.961;12214
B31558;2015/03/08 01:05:31;12214;85;21.6;25.8;2.625;1.312;0.732;1.167;0.006;0.954;12215
B31558;2015/03/08 01:05:41;12215;82;26.1;25.3;2.716;1.312;0.690;1.167;0.006;0.954;12216
B31558;2015/03/08 01:05:51;12216;78;20.6;25.0;2.693;1.274;0.690;1.167;0.000;0.987;12217
B31558;2015/03/08 01:06:01;12217;83;26.1;25.0;2.593;1.274;0.712;1.167;0.000;0.983;12218
B31558;2015/03/08 01:06:11;12218;79;23.5;25.1;2.509;1.258;0.712;1.170;0.000;1.003;12219
B31558;2015/03/08 01:06:21;12219;83;21.9;24.8;2.606;1.258;0.667;1.170;0.000;0.993;12220
B31558;2015/03/08 01:06:31;12220;83;20.9;25.7;2.506;1.270;0.667;1.170;0.000;0.993;12221
B31558;2015/03/08 01:06:41;12221;89;25.8;25.5;2.625;1.270;0.683;1.170;0.000;1.000;12222
B31558;2015/03/08 01:06:51;12222;78;18.0;25.5;2.438;1.267;0.683;1.219;0.000;0.990;12223
B31558;2015/03/08 01:07:01;12223;81;21.6;25.1;2.445;1.267;0.664;1.219;0.000;1.009;12224
B31558;2015/03/08 01:07:11;12224;79;17.0;25.0;2.458;1.254;0.664;1.219;0.006;1.009;12225
B31558;2015/03/08 01:07:21;12225;89;20.9;25.1;2.674;1.254;0.719;1.219;0.006;0.970;12226
B31558;2015/03/08 01:07:31;12226;93;19.6;25.0;2.709;1.264;0.719;1.151;0.006;1.016;12227
B31558;2015/03/08 01:07:41;12227;81;19.6;24.8;2.596;1.264;0.690;1.151;0.006;0.980;12228
B31558;2015/03/08 01:07:51;12228;90;18.7;24.6;2.719;1.248;0.690;1.151;0.016;0.990;12229
B31558;2015/03/08 01:08:01;12229;81;19.3;25.1;2.464;1.248;0.732;1.151;0.016;0.987;12230
B31558;2015/03/08 01:08:11;12230;84;26.7;25.7;2.529;1.296;0.732;1.154;0.016;0.983;12231
B31558;2015/03/08 01:08:21;12231;86;22.2;24.6;2.622;1.296;0.670;1.154;0.016;1.003;12232
B31558;2015/03/08 01:08:31;12232;81;21.6;25.3;2.464;1.267;0.670;1.154;0.067;0.977;12233
B31558;2015/03/08 01:08:41;12233;84;24.1;25.3;2.474;1.267;0.683;1.154;0.067;0.977;12234
B31558;2015/03/08 01:08:51;12234;86;17.4;24.6;2.722;1.309;0.683;1.148;0.067;1.003;12235
B31558;2015/03/08 01:09:01;12235;88;19.6;25.3;2.525;1.309;0.712;1.148;0.067;0.967;12236
B31558;2015/03/08 01:09:11;12236;84;19.6;25.7;2.458;1.254;0.712;1.148;0.009;0.974;12237
B31558;2015/03/08 01:09:21;12237;86;18.7;25.7;2.467;1.254;0.677;1.148;0.009;1.009;12238
B31558;2015/03/08 01:09:31;12238;72;20.6;25.5;2.687;1.264;0.677;1.190;0.009;1.003;12239
B31558;2015/03/08 01:09:41;12239;84;24.5;25.3;2.658;1.264;0.729;1.190;0.009;0.977;12240
B31558;2015/03/08 01:09:51;12240;85;17.4;25.5;2.483;1.270;0.729;1.190;0.016;0.967;12241
B31558;2015/03/08 01:10:01;12241;83;23.8;25.8;2.690;1.270;0.690;1.190;0.016;0.980;12242
B31558;2015/03/08 01:10:11;12242;88;20.6;25.5;2.506;1.296;0.690;1.190;0.016;1.016;12243
B31558;2015/03/08 01:10:21;12243;71;22.9;25.0;2.703;1.296;0.683;1.190;0.016;0.993;12244
B31558;2015/03/08 01:10:31;12244;83;23.8;25.1;2.506;1.264;0.683;1.190;0.000;0.993;12245
B31558;2015/03/08 01:10:41;12245;80;25.4;25.0;2.699;1.264;0.674;1.190;0.000;1.009;12246
B31558;2015/03/08 01:10:51;12246;78;22.9;25.7;2.712;1.258;0.674;1.222;0.000;0.964;12247
B31558;2015/03/08 01:11:01;12247;80;20.6;25.8;2.451;1.258;0.677;1.222;0.000;0.980;12248
B31558;2015/03/08 01:11:11;12248;81;20.0;25.3;2.445;1.290;0.677;1.222;0.016;0.961;12249
B31558;2015/03/08 01:11:21;12249;80;19.6;24.6;2.551;1.290;0.674;1.222;0.016;0.964;12250
B31558;2015/03/08 01:11:31;12250;88;23.5;25.8;2.516;1.287;0.674;1.219;0.016;0.977;12251
B31558;2015/03/08 01:11:41;12251;75;22.2;24.8;2.483;1.287;0.738;1.219;0.016;0.967;12252
B31558;2015/03/08 01:11:51;12252;93;21.9;25.3;2.687;1.258;0.738;1.219;0.006;0.987;12253
B31558;2015/03/08 01:12:01;12253;81;18.3;25.0;2.648;1.258;0.680;1.219;0.006;0.974;12254
B31558;2015/03/08 01:12:11;12254;74;24.8;25.7;2.587;1.293;0.680;1.167;0.006;0.954;12255
B31558;2015/03/08 01:12:21;12255;70;17.7;25.3;2.464;1.293;0.738;1.167;0.006;0.954;12256
B31558;2015/03/08 01:12:31;12256;85;25.1;25.3;2.496;1.300;0.738;1.167;0.000;0.987;12257
B31558;2015/03/08 01:12:41;12257;79;25.8;25.5;2.729;1.300;0.674;1.167;0.000;0.951;12258
B31558;2015/03/08 01:12:51;12258;81;26.1;25.5;2.470;1.277;0.674;1.203;0.000;1.000;12259
B31558;2015/03/08 01:13:01;12259;87;18.0;25.3;2.461;1.277;0.674;1.203;0.000;0.964;12260
B31558;2015/03/08 01:13:11;12260;86;20.0;25.3;2.680;1.258;0.674;1.203;0.000;0.970;12261
B31558;2015/03/08 01:13:21;12261;87;18.0;25.7;2.458;1.258;0.732;1.203;0.000;0.996;12262
B31558;2015/03/08 01:13:31;12262;89;20.6;26.5;2.661;1.296;0.732;1.164;0.000;0.987;12263
B31558;2015/03/08 01:13:41;12263;76;16.7;25.3;2.564;1.296;0.690;1.164;0.000;0.970;12264
B31558;2015/03/08 01:13:51;12264;83;20.6;25.0;2.670;1.300;0.690;1.164;0.006;0.964;12265
B31558;2015/03/08 01:14:01;12265;82;19.6;25.5;2.458;1.300;0.683;1.164;0.006;0.948;12266
B31558;2015/03/08 01:14:11;12266;85;21.2;25.7;2.438;1.316;0.683;1.232;0.006;0.958;12267
B31558;2015/03/08 01:14:21;12267;78;21.2;25.0;2.512;1.316;0.690;1.232;0.006;0.954;12268
B31558;2015/03/08 01:14:31;12268;91;22.9;25.0;2.661;1.264;0.690;1.232;0.006;0.987;12269
B31558;2015/03/08 01:14:41;12269;80;20.9;24.6;2.609;1.264;0.680;1.232;0.006;0.951;12270
B31558;2015/03/08 01:14:51;12270;85;27.0;25.3;2.474;1.258;0.680;1.190;0.006;0.990;12271
B31558;2015/03/08 01:15:01;12271;87;16.7;25.7;2.470;1.258;0.674;1.190;0.006;0.990;12272
B31558;2015/03/08 01:15:11;12272;76;24.5;25.1;2.567;1.258;0.674;1.190;0.000;0.954;12273
B31558;2015/03/08 01:15:21;12273;78;26.1;24.8;2.667;1.258;0.725;1.190;0.000;0.990;12274
B31558;2015/03/08 01:15:31;12274;87;25.4;25.3;2.600;1.274;0.725;1.174;0.000;0.974;12275
B31558;2015/03/08 01:15:41;12275;80;22.5;25.1;2.722;1.274;0.735;1.174;0.000;0.951;12276
B31558;2015/03/08 01:15:51;12276;86;28.0;24.8;2.564;1.261;0.735;1.174;0.000;0.961;12277
B31558;2015/03/08 01:16:01;12277;87;24.8;25.8;2.458;1.261;0.680;1.174;0.000;0.945;12278
B31558;2015/03/08 01:16:11;12278;85;25.8;25.5;2.719;1.261;0.680;1.193;0.000;0.954;12279
B31558;2015/03/08 01:16:21;12279;70;19.0;25.5;2.496;1.261;0.696;1.193;0.000;0.996;12280
B31558;2015/03/08 01:16:31;12280;83;24.1;24.8;2.648;1.287;0.696;1.193;0.006;0.967;12281
B31558;2015/03/08 01:16:41;12281;80;22.5;25.3;2.487;1.287;0.690;1.193;0.006;0.980;12282
B31558;2015/03/08 01:16:51;12282;78;24.5;25.3;2.583;1.306;0.690;1.216;0.006;0.980;12283
B31558;2015/03/08 01:17:01;12283;80;21.2;24.8;2.470;1.306;0.677;1.216;0.006;0.948;12284
B31558;2015/03/08 01:17:11;12284;82;19.3;25.1;2.712;1.254;0.677;1.216;0.006;0.974;12285
B31558;2015/03/08 01:17:21;12285;88;19.0;25.3;2.632;1.254;0.745;1.216;0.006;0.945;12286
B31558;2015/03/08 01:17:31;12286;84;18.7;24.6;2.722;1.258;0.745;1.158;0.006;0.964;12287
B31558;2015/03/08 01:17:41;12287;75;24.5;25.1;2.690;1.258;0.741;1.158;0.006;0.961;12288
B31558;2015/03/08 01:17:51;12288;92;23.2;25.8;2.712;1.254;0.741;1.158;0.000;0.974;12289
B31558;2015/03/08 01:18:01;12289;83;25.4;25.3;2.690;1.254;0.732;1.158;0.000;0.964;12290
B31558;2015/03/08 01:18:11;12290;88;20.0;25.3;2.561;1.277;0.732;1.190;0.000;0.996;12291
B31558;2015/03/08 01:18:21;12291;77;25.4;25.1;2.729;1.277;0.738;1.190;0.000;0.996;12292
B31558;2015/03/08 01:18:31;12292;87;22.2;25.3;2.448;1.300;0.738;1.190;0.000;0.954;12293
B31558;2015/03/08 01:18:41;12293;80;20.6;25.5;2.441;1.300;0.680;1.190;0.000;1.006;12294
B31558;2015/03/08 01:18:51;12294;81;26.7;25.5;2.548;1.254;0.680;1.151;0.000;0.977;12295
B31558;2015/03/08 01:19:01;12295;83;26.7;24.8;2.654;1.254;0.680;1.151;0.000;0.996;12296
B31558;2015/03/08 01:19:11;12296;82;22.2;25.5;2.448;1.258;0.680;1.151;0.000;1.012;12297
B31558;2015/03/08 01:19:21;12297;84;16.7;25.3;2.616;1.258;0.677;1.151;0.000;0.974;12298
B31558;2015/03/08 01:19:31;12298;82;20.6;25.3;2.445;1.290;0.677;1.196;0.000;0.970;12299
B31558;2015/03/08 01:19:41;12299;80;27.4;25.5;2.693;1.290;0.687;1.196;0.000;0.951;12300
B31558;2015/03/08 01:19:51;12300;80;26.4;25.1;2.477;1.274;0.687;1.196;0.003;0.954;12301
B31558;2015/03/08 01:20:01;12301;83;22.2;25.1;2.677;1.274;0.677;1.196;0.003;0.951;12302
B31558;2015/03/08 01:20:11;12302;89;27.4;25.5;2.674;1.254;0.677;1.151;0.003;0.958;12303
B31558;2015/03/08 01:20:21;12303;68;18.3;25.5;2.622;1.254;0.690;1.151;0.003;1.006;12304
B31558;2015/03/08 01:20:31;12304;93;17.7;25.5;2.696;1.274;0.690;1.151;0.000;0.970;12305
B31558;2015/03/08 01:20:41;12305;83;27.0;25.5;2.687;1.274;0.674;1.151;0.000;0.983;12306
B31558;2015/03/08 01:20:51;12306;76;17.4;25.0;2.709;1.270;0.674;1.145;0.000;0.958;12307
B31558;2015/03/08 01:21:01;12307;79;28.3;25.0;2.709;1.270;0.690;1.145;0.000;0.983;12308
B31558;2015/03/08 01:21:11;12308;73;21.9;25.1;2.448;1.283;0.690;1.145;0.000;0.967;12309
B31558;2015/03/08 01:21:21;12309;82;26.7;24.8;2.493;1.283;0.693;1.145;0.000;0.974;12310
B31558;2015/03/08 01:21:31;12310;79;21.6;25.5;2.548;1.296;0.693;1.154;0.000;0.954;12311
B31558;2015/03/08 01:21:41;12311;83;18.3;25.5;2.506;1.296;0.683;1.154;0.000;0.958;12312
B31558;2015/03/08 01:21:51;12312;88;23.5;25.8;2.516;1.303;0.683;1.154;0.000;0.987;12313
B31558;2015/03/08 01:22:01;12313;89;17.4;25.7;2.558;1.303;0.745;1.154;0.000;0.964;12314
B31558;2015/03/08 01:22:11;12314;87;25.1;25.8;2.496;1.283;0.745;1.187;0.000;0.948;12315
B31558;2015/03/08 01:22:21;12315;80;20.9;24.8;2.461;1.283;0.703;1.187;0.000;0.945;12316
B31558;2015/03/08 01:22:31;12316;74;20.6;25.3;2.674;1.258;0.703;1.187;0.000;0.951;12317
B31558;2015/03/08 01:22:41;12317;79;26.4;25.3;2.722;1.258;0.683;1.187;0.000;0.945;12318
B31558;2015/03/08 01:22:51;12318;84;24.5;25.5;2.687;1.277;0.683;1.161;0.000;0.980;12319
B31558;2015/03/08 01:23:01;12319;84;19.3;25.3;2.454;1.277;0.745;1.161;0.000;0.990;12320
B31558;2015/03/08 01:23:11;12320;81;22.5;25.3;2.458;1.290;0.745;1.161;0.000;0.974;12321
B31558;2015/03/08 01:23:21;12321;84;21.2;25.5;2.506;1.290;0.696;1.161;0.000;0.951;12322
B31558;2015/03/08 01:23:31;12322;85;23.5;25.3;2.699;1.290;0.696;1.174;0.000;0.983;12323
B31558;2015/03/08 01:23:41;12323;83;24.5;25.1;2.722;1.290;0.680;1.174;0.000;0.945;12324
B31558;2015/03/08 01:23:51;12324;87;18.0;25.1;2.722;1.267;0.680;1.174;0.000;0.948;12325
B31558;2015/03/08 01:24:01;12325;81;18.0;25.7;2.583;1.267;0.683;1.174;0.000;0.961;12326
B31558;2015/03/08 01:24:11;12326;81;16.7;25.1;2.529;1.312;0.683;1.177;0.000;0.954;12327
B31558;2015/03/08 01:24:21;12327;85;19.6;25.7;2.467;1.312;0.683;1.177;0.000;0.990;12328
B31558;2015/03/08 01:24:31;12328;83;20.0;25.5;2.490;1.306;0.683;1.177;0.000;0.958;12329
B31558;2015/03/08 01:24:41;12329;81;20.9;25.0;2.696;1.306;0.680;1.177;0.000;0.983;12330
B31558;2015/03/08 01:24:51;12330;83;23.5;25.0;2.696;1.270;0.680;1.203;0.000;0.996;12331
B31558;2015/03/08 01:25:01;12331;80;19.6;25.1;2.461;1.270;0.738;1.203;0.000;0.954;12332
B31558;2015/03/08 01:25:11;12332;80;25.4;25.3;2.722;1.300;0.738;1.203;0.009;0.977;12333
B31558;2015/03/08 01:25:21;12333;78;18.0;25.3;2.532;1.300;0.738;1.203;0.009;0.951;12334
B31558;2015/03/08 01:25:31;12334;88;23.5;25.1;2.632;1.312;0.738;1.170;0.009;0.958;12335
B31558;2015/03/08 01:25:41;12335;83;24.1;24.4;2.487;1.312;0.706;1.170;0.009;0.941;12336
B31558;2015/03/08 01:25:51;12336;83;22.5;25.0;2.696;1.254;0.706;1.170;0.000;0.958;12337
B31558;2015/03/08 01:26:01;12337;78;20.6;25.7;2.506;1.254;0.683;1.170;0.000;0.987;12338
B31558;2015/03/08 01:26:11;12338;79;25.1;25.3;2.503;1.264;0.683;1.141;0.000;0.954;12339
B31558;2015/03/08 01:26:21;12339;82;24.8;25.7;2.725;1.264;0.690;1.141;0.000;0.987;12340
B31558;2015/03/08 01:26:31;12340;78;27.4;25.3;2.480;1.290;0.690;1.141;0.099;0.980;12341
B31558;2015/03/08 01:26:41;12341;78;19.3;25.7;2.635;1.290;0.725;1.141;0.099;0.977;12342
B31558;2015/03/08 01:26:51;12342;82;20.3;25.5;2.454;1.280;0.725;1.177;0.099;0.941;12343
B31558;2015/03/08 01:27:01;12343;84;16.7;26.0;2.470;1.280;0.693;1.177;0.099;0.983;12344
B31558;2015/03/08 01:27:11;12344;90;24.8;25.3;2.709;1.261;0.693;1.177;0.000;0.961;12345
B31558;2015/03/08 01:27:21;12345;73;24.5;25.1;2.474;1.261;0.722;1.177;0.000;0.951;12346
B31558;2015/03/08 01:27:31;12346;88;27.4;25.5;2.480;1.267;0.722;1.199;0.000;0.977;12347
B31558;2015/03/08 01:27:41;12347;89;17.0;25.7;2.477;1.267;0.712;1.199;0.000;0.974;12348
B31558;2015/03/08 01:27:51;12348;81;27.7;25.3;2.661;1.254;0.712;1.199;0.000;0.967;12349
B31558;2015/03/08 01:28:01;12349;77;16.7;25.5;2.487;1.254;0.680;1.199;0.000;0.983;12350
B31558;2015/03/08 01:28:11;12350;84;24.1;25.3;2.609;1.251;0.680;1.180;0.000;0.948;12351
B31558;2015/03/08 01:28:21;12351;86;17.4;25.7;2.500;1.251;0.690;1.180;0.000;0.945;12352
B31558;2015/03/08 01:28:31;12352;84;20.0;25.7;2.496;1.267;0.690;1.180;0.000;0.983;12353
B31558;2015/03/08 01:28:41;12353;76;24.5;25.5;2.703;1.267;0.677;1.180;0.000;0.941;12354
B31558;2015/03/08 01:28:51;12354;81;17.4;25.3;2.674;1.280;0.677;1.141;0.000;0.958;12355
B31558;2015/03/08 01:29:01;12355;78;23.5;25.7;2.470;1.280;0.719;1.141;0.000;0.935;12356
B31558;2015/03/08 01:29:11;12356;89;22.5;25.0;2.445;1.283;0.719;1.141;0.006;0.977;12357
B31558;2015/03/08 01:29:21;12357;84;28.3;25.0;2.699;1.283;0.738;1.141;0.006;0.938;12358
B31558;2015/03/08 01:29:31;12358;78;25.1;25.3;2.496;1.274;0.738;1.138;0.006;0.945;12359
B31558;2015/03/08 01:29:41;12359;74;21.2;25.5;2.451;1.274;0.674;1.138;0.006;0.948;12360
B31558;2015/03/08 01:29:51;12360;78;17.0;24.8;2.674;1.248;0.674;1.138;0.003;0.951;12361
B31558;2015/03/08 01:30:01;12361;77;26.1;25.3;2.654;1.248;0.735;1.138;0.003;0.961;12362
B31558;2015/03/08 01:30:11;12362;86;20.0;25.3;2.458;1.248;0.735;1.138;0.003;1.009;12363
B31558;2015/03/08 01:30:21;12363;83;25.4;25.1;2.716;1.248;0.719;1.138;0.003;0.974;12364
B31558;2015/03/08 01:30:31;12364;82;20.6;25.3;2.500;1.251;0.719;1.138;0.000;0.964;12365
B31558;2015/03/08 01:30:41;12365;73;25.4;24.8;2.680;1.251;0.670;1.138;0.000;0.974;12366
B31558;2015/03/08 01:30:51;12366;91;17.4;25.1;2.451;1.245;0.670;1.135;0.000;0.977;12367
B31558;2015/03/08 01:31:01;12367;80;26.1;24.8;2.683;1.245;0.674;1.135;0.000;0.990;12368
B31558;2015/03/08 01:31:11;12368;81;18.7;25.3;2.438;1.261;0.674;1.135;0.006;0.964;12369
B31558;2015/03/08 01:31:21;12369;89;24.1;25.3;2.661;1.261;0.677;1.135;0.006;0.974;12370
B31558;2015/03/08 01:31:31;12370;71;19.6;25.7;2.522;1.306;0.677;1.145;0.006;0.967;12371
B31558;2015/03/08 01:31:41;12371;87;28.0;25.7;2.451;1.306;0.680;1.145;0.006;0.951;12372
B31558;2015/03/08 01:31:51;12372;78;22.5;25.3;2.616;1.248;0.680;1.145;0.067;0.967;12373
B31558;2015/03/08 01:32:01;12373;76;20.9;24.6;2.512;1.248;0.677;1.145;0.067;0.961;12374
B31558;2015/03/08 01:32:11;12374;71;18.7;25.3;2.493;1.270;0.677;1.167;0.067;0.977;12375
B31558;2015/03/08 01:32:21;12375;88;27.4;25.3;2.690;1.270;0.683;1.167;0.067;1.009;12376
B31558;2015/03/08 01:32:31;12376;82;19.6;25.1;2.458;1.270;0.683;1.167;0.006;0.964;12377
B31558;2015/03/08 01:32:41;12377;71;21.6;25.0;2.674;1.270;0.677;1.167;0.006;0.974;12378
B31558;2015/03/08 01:32:51;12378;78;26.4;25.1;2.490;1.251;0.677;1.190;0.006;0.967;12379
B31558;2015/03/08 01:33:01;12379;78;19.6;25.3;2.509;1.251;0.690;1.190;0.006;0.945;12380
B31558;2015/03/08 01:33:11;12380;83;20.0;25.5;2.616;1.270;0.690;1.190;0.000;0.996;12381
B31558;2015/03/08 01:33:21;12381;76;16.7;25.3;2.483;1.270;0.696;1.190;0.000;0.951;12382
B31558;2015/03/08 01:33:31;12382;81;18.7;25.0;2.458;1.248;0.696;1.203;0.000;0.951;12383
B31558;2015/03/08 01:33:41;12383;88;27.7;25.5;2.722;1.248;0.690;1.203;0.000;0.987;12384
B31558;2015/03/08 01:33:51;12384;80;25.4;25.5;2.603;1.251;0.690;1.203;0.000;0.967;12385
B31558;2015/03/08 01:34:01;12385;88;21.6;25.8;2.645;1.251;0.674;1.203;0.000;0.977;12386
B31558;2015/03/08 01:34:11;12386;90;23.5;25.1;2.445;1.274;0.674;1.196;0.000;0.980;12387
B31558;2015/03/08 01:34:21;12387;70;20.9;25.0;2.509;1.274;0.674;1.196;0.000;0.961;12388
B31558;2015/03/08 01:34:31;12388;80;17.4;24.6;2.722;1.264;0.674;1.196;0.000;0.945;12389
B31558;2015/03/08 01:34:41;12389;78;16.7;25.3;2.470;1.264;0.683;1.196;0.000;0.941;12390
B31558;2015/03/08 01:34:51;12390;84;26.1;25.8;2.687;1.261;0.683;1.151;0.000;0.980;12391
B31558;2015/03/08 01:35:01;12391;83;18.3;25.7;2.487;1.261;0.690;1.151;0.000;1.003;12392
B31558;2015/03/08 01:35:11;12392;85;19.3;24.8;2.719;1.270;0.690;1.151;0.000;0.996;12393
B31558;2015/03/08 01:35:21;12393;83;26.7;25.3;2.690;1.270;0.680;1.151;0.000;0.954;12394
B31558;2015/03/08 01:35:31;12394;84;20.0;25.5;2.487;1.274;0.680;1.180;0.000;0.951;12395
B31558;2015/03/08 01:35:41;12395;73;19.6;25.1;2.458;1.274;0.732;1.180;0.000;0.945;12396
B31558;2015/03/08 01:35:51;12396;82;22.5;25.1;2.622;1.261;0.732;1.180;0.000;0.967;12397
B31558;2015/03/08 01:36:01;12397;81;16.7;25.1;2.470;1.261;0.725;1.180;0.000;0.964;12398
B31558;2015/03/08 01:36:11;12398;76;23.5;25.3;2.470;1.277;0.725;1.141;0.000;1.009;12399
B31558;2015/03/08 01:36:21;12399;77;18.0;25.7;2.596;1.277;0.706;1.141;0.000;0.948;12400
B31558;2015/03/08 01:36:31;12400;81;25.8;25.7;2.622;1.283;0.706;1.141;0.067;0.990;12401
B31558;2015/03/08 01:36:41;12401;89;22.2;24.6;2.622;1.283;0.738;1.141;0.067;0.983;12402
B31558;2015/03/08 01:36:51;12402;87;28.7;25.8;2.680;1.254;0.738;1.141;0.067;0.948;12403
B31558;2015/03/08 01:37:01;12403;70;20.0;25.1;2.712;1.254;0.680;1.141;0.067;0.983;12404
B31558;2015/03/08 01:37:11;12404;78;24.5;26.0;2.625;1.283;0.680;1.141;0.000;0.961;12405
B31558;2015/03/08 01:37:21;12405;84;20.9;24.6;2.658;1.283;0.732;1.141;0.000;0.954;12406
B31558;2015/03/08 01:37:31;12406;91;19.3;25.0;2.696;1.248;0.732;1.129;0.000;0.951;12407
B31558;2015/03/08 01:37:41;12407;71;17.0;24.6;2.500;1.248;0.732;1.129;0.000;0.961;12408
B31558;2015/03/08 01:37:51;12408;83;19.6;25.7;2.500;1.283;0.732;1.129;0.000;0.945;12409
B31558;2015/03/08 01:38:01;12409;80;23.8;25.1;2.461;1.283;0.670;1.129;0.000;0.948;12410
B31558;2015/03/08 01:38:11;12410;81;24.1;25.3;2.574;1.277;0.670;1.125;0.000;0.974;12411
B31558;2015/03/08 01:38:21;12411;84;26.7;25.3;2.687;1.277;0.674;1.125;0.000;0.941;12412
B31558;2015/03/08 01:38:31;12412;90;27.7;25.1;2.506;1.245;0.674;1.125;0.009;0.961;12413
B31558;2015/03/08 01:38:41;12413;88;18.0;25.5;2.470;1.245;0.690;1.125;0.009;0.990;12414
B31558;2015/03/08 01:38:51;12414;90;18.0;24.6;2.712;1.267;0.690;1.129;0.009;0.970;12415
B31558;2015/03/08 01:39:01;12415;86;17.0;25.7;2.558;1.267;0.732;1.129;0.009;0.977;12416
B31558;2015/03/08 01:39:11;12416;84;26.1;25.3;2.564;1.287;0.732;1.129;0.000;0.980;12417
B31558;2015/03/08 01:39:21;12417;88;22.9;25.1;2.729;1.287;0.706;1.129;0.000;0.967;12418
B31558;2015/03/08 01:39:31;12418;90;20.9;25.0;2.661;1.267;0.706;1.135;0.000;0.967;12419
B31558;2015/03/08 01:39:41;12419;81;20.6;24.6;2.670;1.267;0.670;1.135;0.000;0.974;12420
B31558;2015/03/08 01:39:51;12420;86;23.2;25.5;2.577;1.283;0.670;1.135;0.000;1.003;12421
B31558;2015/03/08 01:40:01;12421;88;24.8;25.3;2.451;1.283;0.719;1.135;0.000;1.009;12422
B31558;2015/03/08 01:40:11;12422;74;18.0;25.0;2.467;1.287;0.719;1.190;0.000;0.983;12423
B31558;2015/03/08 01:40:21;12423;79;28.0;25.3;2.448;1.287;0.680;1.190;0.000;0.974;12424
B31558;2015/03/08 01:40:31;12424;81;24.5;25.5;2.574;1.283;0.680;1.190;0.035;0.993;12425
B31558;2015/03/08 01:40:41;12425;88;28.0;25.1;2.445;1.283;0.683;1.190;0.035;0.967;12426
B31558;2015/03/08 01:40:51;12426;85;20.0;25.3;2.574;1.264;0.683;1.145;0.035;0.958;12427
B31558;2015/03/08 01:41:01;12427;86;25.1;25.1;2.467;1.264;0.674;1.145;0.035;0.958;12428
B31558;2015/03/08 01:41:11;12428;73;24.8;25.3;2.645;1.261;0.674;1.145;0.000;1.006;12429
B31558;2015/03/08 01:41:21;12429;90;17.4;25.5;2.596;1.261;0.712;1.145;0.000;0.964;12430
B31558;2015/03/08 01:41:31;12430;78;26.7;25.5;2.641;1.264;0.712;1.141;0.000;0.993;12431
B31558;2015/03/08 01:41:41;12431;82;17.4;26.0;2.477;1.264;0.674;1.141;0.000;0.987;12432
B31558;2015/03/08 01:41:51;12432;85;16.7;25.1;2.725;1.300;0.674;1.141;0.003;0.961;12433
B31558;2015/03/08 01:42:01;12433;84;18.7;24.8;2.461;1.300;0.674;1.141;0.003;0.983;12434
B31558;2015/03/08 01:42:11;12434;88;20.9;25.8;2.632;1.267;0.674;1.203;0.003;0.954;12435
B31558;2015/03/08 01:42:21;12435;71;25.4;25.1;2.696;1.267;0.732;1.203;0.003;0.967;12436
B31558;2015/03/08 01:42:31;12436;83;20.0;25.5;2.493;1.270;0.732;1.203;0.016;0.967;12437
B31558;2015/03/08 01:42:41;12437;70;22.5;25.3;2.458;1.270;0.719;1.203;0.016;0.977;12438
B31558;2015/03/08 01:42:51;12438;90;19.0;25.3;2.448;1.267;0.719;1.145;0.016;0.948;12439
B31558;2015/03/08 01:43:01;12439;73;20.0;25.5;2.506;1.267;0.725;1.145;0.016;0.977;12440
B31558;2015/03/08 01:43:11;12440;82;22.9;25.0;2.548;1.248;0.725;1.145;0.022;0.974;12441
B31558;2015/03/08 01:43:21;12441;71;19.0;24.6;2.538;1.248;0.712;1.145;0.022;0.990;12442
B31558;2015/03/08 01:43:31;12442;83;26.1;25.7;2.687;1.283;0.712;1.138;0.022;0.977;12443
B31558;2015/03/08 01:43:41;12443;78;19.3;25.0;2.538;1.283;0.690;1.138;0.022;0.964;12444
B31558;2015/03/08 01:43:51;12444;87;25.1;25.5;2.500;1.261;0.690;1.138;0.016;0.948;12445
B31558;2015/03/08 01:44:01;12445;78;20.9;25.0;2.696;1.261;0.677;1.138;0.016;0.951;12446
B31558;2015/03/08 01:44:11;12446;78;19.6;25.3;2.438;1.261;0.677;1.122;0.016;0.964;12447
B31558;2015/03/08 01:44:21;12447;83;25.8;25.3;2.454;1.261;0.725;1.122;0.016;1.000;12448
B31558;2015/03/08 01:44:31;12448;83;26.1;25.3;2.625;1.241;0.725;1.122;0.000;1.006;12449
B31558;2015/03/08 01:44:41;12449;80;22.9;25.0;2.729;1.241;0.725;1.122;0.000;0.993;12450
B31558;2015/03/08 01:44:51;12450;78;21.9;26.3;2.629;1.290;0.725;1.145;0.000;0.974;12451
B31558;2015/03/08 01:45:01;12451;87;19.6;24.8;2.470;1.290;0.725;1.145;0.000;1.000;12452
B31558;2015/03/08 01:45:11;12452;83;27.0;25.3;2.577;1.293;0.725;1.145;0.000;0.977;12453
B31558;2015/03/08 01:45:21;12453;73;26.7;25.7;2.648;1.293;0.667;1.145;0.000;1.000;12454
B31558;2015/03/08 01:45:31;12454;90;18.0;25.3;2.696;1.267;0.667;1.187;0.000;1.006;12455
B31558;2015/03/08 01:45:41;12455;80;17.7;25.7;2.461;1.267;0.670;1.187;0.000;0.974;12456
B31558;2015/03/08 01:45:51;12456;76;28.0;25.0;2.680;1.251;0.670;1.187;0.061;0.954;12457
B31558;2015/03/08 01:46:01;12457;84;19.6;25.5;2.461;1.251;0.670;1.187;0.061;0.954;12458
B31558;2015/03/08 01:46:11;12458;81;22.2;26.0;2.722;1.258;0.670;1.174;0.061;1.009;12459
B31558;2015/03/08 01:46:21;12459;77;16.7;25.3;2.635;1.258;0.722;1.174;0.061;0.967;12460
B31558;2015/03/08 01:46:31;12460;82;18.7;25.0;2.719;1.251;0.722;1.174;0.006;1.000;12461
B31558;2015/03/08 01:46:41;12461;85;26.4;25.8;2.722;1.251;0.667;1.174;0.006;0.996;12462
B31558;2015/03/08 01:46:51;12462;87;18.0;25.5;2.467;1.254;0.667;1.180;0.006;0.954;12463
B31558;2015/03/08 01:47:01;12463;73;23.8;25.3;2.722;1.254;0.693;1.180;0.006;0.961;12464
B31558;2015/03/08 01:47:11;12464;73;17.0;25.5;2.438;1.280;0.693;1.180;0.000;0.993;12465
B31558;2015/03/08 01:47:21;12465;87;22.2;25.0;2.590;1.280;0.729;1.180;0.000;0.948;12466
B31558;2015/03/08 01:47:31;12466;90;20.6;25.3;2.483;1.280;0.729;1.199;0.000;0.945;12467
B31558;2015/03/08 01:47:41;12467;82;24.1;25.7;2.680;1.280;0.670;1.199;0.000;0.945;12468
B31558;2015/03/08 01:47:51;12468;74;21.6;26.0;2.722;1.280;0.670;1.199;0.006;0.948;12469
B31558;2015/03/08 01:48:01;12469;81;26.1;25.0;2.635;1.280;0.670;1.199;0.006;0.945;12470
B31558;2015/03/08 01:48:11;12470;92;25.8;26.0;2.603;1.248;0.670;1.145;0.006;0.958;12471
B31558;2015/03/08 01:48:21;12471;81;27.4;25.1;2.709;1.248;0.667;1.145;0.006;0.941;12472
B31558;2015/03/08 01:48:31;12472;86;21.6;25.5;2.470;1.270;0.667;1.145;0.000;0.964;12473
B31558;2015/03/08 01:48:41;12473;88;28.0;25.7;2.612;1.270;0.725;1.145;0.000;0.941;12474
B31558;2015/03/08 01:48:51;12474;79;17.4;25.7;2.470;1.283;0.725;1.164;0.000;0.945;12475
B31558;2015/03/08 01:49:01;12475;77;17.4;25.7;2.583;1.283;0.670;1.164;0.000;0.929;12476
B31558;2015/03/08 01:49:11;12476;91;21.2;25.5;2.467;1.283;0.670;1.164;0.000;0.967;12477
B31558;2015/03/08 01:49:21;12477;68;17.4;25.7;2.470;1.283;0.735;1.164;0.000;0.935;12478
B31558;2015/03/08 01:49:31;12478;76;17.4;25.5;2.477;1.274;0.735;1.145;0.000;0.948;12479
B31558;2015/03/08 01:49:41;12479;79;20.0;26.0;2.648;1.274;0.690;1.145;0.000;0.954;12480
B31558;2015/03/08 01:49:51;12480;87;22.2;25.5;2.448;1.280;0.690;1.145;0.000;0.958;12481
B31558;2015/03/08 01:50:01;12481;78;17.0;26.0;2.487;1.280;0.703;1.145;0.000;0.938;12482
B31558;2015/03/08 01:50:11;12482;85;18.0;25.1;2.454;1.248;0.703;1.199;0.000;0.935;12483
B31558;2015/03/08 01:50:21;12483;72;26.7;25.8;2.722;1.248;0.680;1.199;0.000;0.935;12484
B31558;2015/03/08 01:50:31;12484;85;18.7;25.7;2.438;1.290;0.680;1.199;0.000;0.945;12485
B31558;2015/03/08 01:50:41;12485;73;20.0;25.7;2.516;1.290;0.667;1.199;0.000;0.983;12486
B31558;2015/03/08 01:50:51;12486;84;17.7;25.3;2.445;1.248;0.667;1.135;0.000;0.932;12487
B31558;2015/03/08 01:51:01;12487;81;25.4;25.3;2.448;1.248;0.664;1.135;0.000;0.948;12488
B31558;2015/03/08 01:51:11;12488;83;20.6;25.5;2.467;1.277;0.664;1.135;0.000;0.980;12489
B31558;2015/03/08 01:51:21;12489;77;22.2;24.8;2.477;1.277;0.664;1.135;0.000;0.929;12490
B31558;2015/03/08 01:51:31;12490;84;16.7;25.7;2.722;1.287;0.664;1.138;0.000;0.941;12491
B31558;2015/03/08 01:51:41;12491;78;19.6;25.7;2.448;1.287;0.664;1.138;0.000;0.961;12492
B31558;2015/03/08 01:51:51;12492;79;25.1;25.7;2.641;1.248;0.664;1.138;0.000;0.938;12493
B31558;2015/03/08 01:52:01;12493;71;21.2;25.3;2.619;1.248;0.690;1.138;0.000;0.958;12494
B31558;2015/03/08 01:52:11;12494;81;28.0;25.7;2.670;1.261;0.690;1.138;0.000;0.958;12495
B31558;2015/03/08 01:52:21;12495;86;24.8;25.3;2.699;1.261;0.677;1.138;0.000;0.935;12496
B31558;2015/03/08 01:52:31;12496;74;20.6;25.8;2.496;1.296;0.677;1.138;0.000;0.954;12497
B31558;2015/03/08 01:52:41;12497;83;24.8;25.8;2.709;1.296;0.683;1.138;0.000;0.941;12498
B31558;2015/03/08 01:52:51;12498;78;24.5;25.3;2.716;1.303;0.683;1.135;0.000;0.941;12499
B31558;2015/03/08 01:53:01;12499;78;22.5;25.0;2.545;1.303;0.725;1.135;0.000;0.941;12500
B31558;2015/03/08 01:53:11;12500;75;16.7;24.8;2.722;1.290;0.725;1.135;0.000;0.954;12501
B31558;2015/03/08 01:53:21;12501;78;22.5;25.1;2.690;1.290;0.664;1.135;0.000;0.948;12502
B31558;2015/03/08 01:53:31;12502;81;18.0;25.3;2.722;1.248;0.664;1.135;0.000;0.948;12503
B31558;2015/03/08 01:53:41;12503;84;26.1;25.3;2.609;1.248;0.664;1.135;0.000;0.945;12504
B31558;2015/03/08 01:53:51;12504;82;24.5;25.7;2.458;1.300;0.664;1.135;0.000;0.948;12505
B31558;2015/03/08 01:54:01;12505;74;24.5;25.3;2.480;1.300;0.683;1.135;0.000;0.990;12506
B31558;2015/03/08 01:54:11;12506;73;25.8;25.7;2.548;1.270;0.683;1.129;0.000;1.003;12507
B31558;2015/03/08 01:54:21;12507;88;20.3;26.0;2.445;1.270;0.677;1.129;0.000;0.958;12508
B31558;2015/03/08 01:54:31;12508;81;24.1;25.8;2.583;1.267;0.677;1.129;0.000;0.961;12509
B31558;2015/03/08 01:54:41;12509;80;19.3;25.5;2.661;1.267;0.706;1.129;0.000;0.948;12510
B31558;2015/03/08 01:54:51;12510;89;20.3;25.5;2.451;1.264;0.706;1.132;0.000;0.993;12511
B31558;2015/03/08 01:55:01;12511;88;17.4;25.7;2.509;1.264;0.664;1.132;0.000;0.951;12512
B31558;2015/03/08 01:55:11;12512;86;22.5;25.5;2.632;1.274;0.664;1.132;0.000;0.958;12513
B31558;2015/03/08 01:55:21;12513;79;24.8;25.7;2.458;1.274;0.661;1.132;0.000;1.003;12514
B31558;2015/03/08 01:55:31;12514;86;17.4;25.0;2.722;1.283;0.661;1.187;0.000;1.016;12515
B31558;2015/03/08 01:55:41;12515;76;24.5;25.8;2.729;1.283;0.725;1.187;0.000;1.009;12516
B31558;2015/03/08 01:55:51;12516;85;28.0;25.1;2.699;1.254;0.725;1.187;0.000;0.983;12517
B31558;2015/03/08 01:56:01;12517;78;17.0;25.3;2.496;1.254;0.664;1.187;0.000;0.987;12518
B31558;2015/03/08 01:56:11;12518;81;22.5;25.7;2.477;1.245;0.664;1.122;0.000;0.996;12519
B31558;2015/03/08 01:56:21;12519;87;17.4;25.3;2.500;1.245;0.693;1.122;0.000;1.003;12520
B31558;2015/03/08 01:56:31;12520;82;17.4;25.7;2.725;1.254;0.693;1.122;0.000;0.977;12521
B31558;2015/03/08 01:56:41;12521;83;22.9;25.3;2.567;1.254;0.725;1.122;0.000;0.980;12522
B31558;2015/03/08 01:56:51;12522;88;27.7;25.8;2.641;1.290;0.725;1.132;0.000;1.016;12523
B31558;2015/03/08 01:57:01;12523;86;23.5;25.7;2.480;1.290;0.706;1.132;0.000;0.993;12524
B31558;2015/03/08 01:57:11;12524;76;23.8;25.3;2.487;1.248;0.706;1.132;0.029;1.016;12525
B31558;2015/03/08 01:57:21;12525;73;26.4;25.0;2.609;1.248;0.712;1.132;0.029;1.022;12526
B31558;2015/03/08 01:57:31;12526;91;20.3;25.0;2.687;1.261;0.712;1.135;0.029;1.016;12527
B31558;2015/03/08 01:57:41;12527;79;20.3;25.3;2.661;1.261;0.670;1.135;0.029;0.987;12528
B31558;2015/03/08 01:57:51;12528;83;18.7;25.5;2.712;1.274;0.670;1.135;0.000;1.009;12529
B31558;2015/03/08 01:58:01;12529;82;17.4;25.8;2.474;1.274;0.664;1.135;0.000;0.974;12530
B31558;2015/03/08 01:58:11;12530;88;20.6;26.0;2.654;1.248;0.664;1.132;0.000;0.980;12531
B31558;2015/03/08 01:58:21;12531;85;18.0;25.7;2.487;1.248;0.712;1.132;0.000;0.961;12532
B31558;2015/03/08 01:58:31;12532;74;19.0;25.3;2.512;1.251;0.712;1.132;0.009;0.967;12533
B31558;2015/03/08 01:58:41;12533;81;28.0;25.8;2.474;1.251;0.732;1.132;0.009;0.964;12534
B31558;2015/03/08 01:58:51;12534;81;19.3;26.0;2.496;1.270;0.732;1.164;0.009;0.964;12535
B31558;2015/03/08 01:59:01;12535;91;20.9;24.8;2.487;1.270;0.693;1.164;0.009;0.996;12536
B31558;2015/03/08 01:59:11;12536;80;17.4;25.3;2.474;1.283;0.693;1.164;0.093;0.958;12537
B31558;2015/03/08 01:59:21;12537;77;27.4;25.5;2.709;1.283;0.670;1.164;0.093;0.987;12538
B31558;2015/03/08 01:59:31;12538;73;20.6;26.0;2.493;1.251;0.670;1.135;0.093;0.977;12539
B31558;2015/03/08 01:59:41;12539;68;16.7;25.5;2.483;1.251;0.680;1.135;0.093;1.006;12540
B31558;2015/03/08 01:59:51;12540;83;23.5;25.7;2.464;1.283;0.680;1.135;0.000;0.964;12541
