B31552;2015/03/06 00:00:06;88653;88;26.7;21.8;2.877;1.909;1.245;3.096;0.170;1.203;88654
B31552;2015/03/06 00:00:16;88654;95;27.4;21.8;2.638;1.916;1.245;3.116;0.170;1.199;88655
B31552;2015/03/06 00:00:26;88655;88;29.3;21.8;2.780;1.916;1.277;3.116;0.170;1.145;88656
B31552;2015/03/06 00:00:36;88656;84;31.2;22.0;2.651;1.932;1.277;3.116;0.103;1.183;88657
B31552;2015/03/06 00:00:46;88657;90;32.5;22.0;2.638;1.932;1.238;3.116;0.103;1.187;88658
B31552;2015/03/06 00:00:56;88658;84;29.0;21.5;2.648;1.929;1.238;3.067;0.103;1.148;88659
B31552;2015/03/06 00:01:06;88659;89;30.6;21.5;2.816;1.929;1.212;3.067;0.103;1.167;88660
B31552;2015/03/06 00:01:16;88660;88;29.3;22.4;2.867;1.938;1.212;3.067;0.106;1.145;88661
B31552;2015/03/06 00:01:26;88661;93;27.4;22.2;2.880;1.938;1.229;3.067;0.106;1.141;88662
B31552;2015/03/06 00:01:36;88662;95;29.6;21.8;2.738;1.951;1.229;3.119;0.106;1.148;88663
B31552;2015/03/06 00:01:46;88663;84;30.3;22.4;2.674;1.951;1.238;3.119;0.106;1.190;88664
B31552;2015/03/06 00:01:56;88664;87;31.9;22.2;2.706;1.938;1.238;3.119;0.096;1.151;88665
B31552;2015/03/06 00:02:06;88665;93;28.0;21.8;2.693;1.938;1.222;3.119;0.096;1.151;88666
B31552;2015/03/06 00:02:16;88666;94;29.3;22.2;2.748;1.906;1.222;3.119;0.096;1.177;88667
B31552;2015/03/06 00:02:26;88667;88;31.2;22.4;2.864;1.906;1.274;3.119;0.096;1.199;88668
B31552;2015/03/06 00:02:36;88668;93;27.4;22.0;2.635;1.906;1.274;3.119;0.170;1.174;88669
B31552;2015/03/06 00:02:46;88669;84;30.6;22.2;2.783;1.906;1.212;3.119;0.170;1.183;88670
B31552;2015/03/06 00:02:56;88670;97;31.2;21.5;2.638;1.906;1.212;3.112;0.170;1.190;88671
B31552;2015/03/06 00:03:06;88671;85;27.0;21.3;2.777;1.906;1.238;3.112;0.170;1.164;88672
B31552;2015/03/06 00:03:16;88672;92;26.7;22.4;2.658;1.929;1.238;3.112;0.106;1.174;88673
B31552;2015/03/06 00:03:26;88673;85;26.7;22.0;2.864;1.929;1.216;3.112;0.106;1.170;88674
B31552;2015/03/06 00:03:36;88674;97;29.3;22.4;2.729;1.945;1.216;3.067;0.106;1.138;88675
B31552;2015/03/06 00:03:46;88675;86;31.2;22.0;2.877;1.945;1.280;3.067;0.106;1.135;88676
B31552;2015/03/06 00:03:56;88676;91;30.6;21.5;2.651;1.906;1.280;3.067;0.103;1.145;88677
B31552;2015/03/06 00:04:06;88677;92;29.0;21.8;2.654;1.906;1.245;3.067;0.103;1.187;88678
B31552;2015/03/06 00:04:16;88678;93;29.6;21.8;2.877;1.935;1.245;3.116;0.103;1.180;88679
B31552;2015/03/06 00:04:26;88679;89;32.5;22.0;2.651;1.935;1.212;3.116;0.103;1.148;88680
B31552;2015/03/06 00:04:36;88680;85;32.9;22.0;2.725;1.951;1.212;3.116;0.096;1.151;88681
B31552;2015/03/06 00:04:46;88681;94;27.0;22.0;2.651;1.951;1.222;3.116;0.096;1.183;88682
B31552;2015/03/06 00:04:56;88682;94;30.9;21.8;2.664;1.909;1.222;3.119;0.096;1.177;88683
B31552;2015/03/06 00:05:06;88683;92;30.6;21.8;2.835;1.909;1.274;3.119;0.096;1.190;88684
B31552;2015/03/06 00:05:16;88684;78;28.0;22.9;2.645;1.919;1.274;3.119;0.125;1.180;88685
B31552;2015/03/06 00:05:26;88685;90;30.9;22.0;2.729;1.919;1.216;3.119;0.125;1.167;88686
B31552;2015/03/06 00:05:36;88686;96;28.0;22.0;2.877;1.941;1.216;3.116;0.125;1.145;88687
B31552;2015/03/06 00:05:46;88687;87;26.4;21.8;2.812;1.941;1.280;3.116;0.125;1.125;88688
B31552;2015/03/06 00:05:56;88688;90;31.9;22.0;2.754;1.932;1.280;3.116;0.099;1.170;88689
B31552;2015/03/06 00:06:06;88689;94;32.5;22.0;2.796;1.932;1.235;3.116;0.099;1.148;88690
B31552;2015/03/06 00:06:16;88690;96;31.2;21.8;2.632;1.938;1.235;3.119;0.099;1.132;88691
B31552;2015/03/06 00:06:26;88691;92;27.7;22.2;2.645;1.938;1.216;3.119;0.099;1.132;88692
B31552;2015/03/06 00:06:36;88692;96;26.1;22.0;2.816;1.922;1.216;3.119;0.148;1.148;88693
B31552;2015/03/06 00:06:46;88693;93;29.6;21.5;2.638;1.922;1.219;3.119;0.148;1.177;88694
B31552;2015/03/06 00:06:56;88694;90;29.3;22.2;2.783;1.929;1.219;3.080;0.148;1.167;88695
B31552;2015/03/06 00:07:06;88695;93;29.0;22.2;2.654;1.929;1.216;3.080;0.148;1.138;88696
B31552;2015/03/06 00:07:16;88696;94;30.3;21.8;2.835;1.951;1.216;3.080;0.090;1.145;88697
B31552;2015/03/06 00:07:26;88697;91;32.5;22.2;2.645;1.951;1.216;3.080;0.090;1.145;88698
B31552;2015/03/06 00:07:36;88698;88;27.0;22.0;2.861;1.909;1.216;3.119;0.090;1.145;88699
B31552;2015/03/06 00:07:46;88699;92;28.3;21.5;2.867;1.909;1.267;3.119;0.090;1.151;88700
B31552;2015/03/06 00:07:56;88700;93;28.7;21.5;2.658;1.909;1.267;3.119;0.106;1.151;88701
B31552;2015/03/06 00:08:06;88701;92;27.7;21.3;2.880;1.909;1.258;3.119;0.106;1.145;88702
B31552;2015/03/06 00:08:16;88702;85;30.3;21.8;2.625;1.941;1.258;3.083;0.106;1.190;88703
B31552;2015/03/06 00:08:26;88703;86;30.3;22.4;2.690;1.941;1.238;3.083;0.106;1.183;88704
B31552;2015/03/06 00:08:36;88704;92;28.3;22.0;2.880;1.922;1.238;3.083;0.099;1.170;88705
B31552;2015/03/06 00:08:46;88705;92;31.9;22.2;2.677;1.922;1.216;3.083;0.099;1.167;88706
B31552;2015/03/06 00:08:56;88706;93;28.7;22.2;2.783;1.909;1.216;3.116;0.099;1.174;88707
B31552;2015/03/06 00:09:06;88707;88;26.4;22.0;2.864;1.909;1.238;3.116;0.099;1.177;88708
B31552;2015/03/06 00:09:16;88708;89;28.3;22.5;2.874;1.938;1.238;3.116;0.103;1.132;88709
B31552;2015/03/06 00:09:26;88709;89;30.9;22.4;2.838;1.938;1.245;3.116;0.103;1.141;88710
B31552;2015/03/06 00:09:36;88710;90;32.5;22.4;2.651;1.951;1.245;3.125;0.103;1.148;88711
B31552;2015/03/06 00:09:46;88711;84;30.0;21.8;2.841;1.951;1.229;3.125;0.103;1.145;88712
B31552;2015/03/06 00:09:56;88712;88;27.0;22.0;2.854;1.948;1.229;3.125;0.099;1.187;88713
B31552;2015/03/06 00:10:06;88713;90;29.3;22.0;2.767;1.948;1.225;3.125;0.099;1.190;88714
B31552;2015/03/06 00:10:16;88714;96;26.4;22.2;2.822;1.938;1.225;3.125;0.099;1.180;88715
B31552;2015/03/06 00:10:26;88715;88;28.3;21.8;2.645;1.938;1.270;3.125;0.099;1.180;88716
B31552;2015/03/06 00:10:36;88716;88;31.6;21.5;2.735;1.954;1.270;3.125;0.106;1.180;88717
B31552;2015/03/06 00:10:46;88717;93;31.9;21.8;2.654;1.954;1.216;3.125;0.106;1.190;88718
B31552;2015/03/06 00:10:56;88718;93;30.0;22.4;2.848;1.945;1.216;3.093;0.106;1.167;88719
B31552;2015/03/06 00:11:06;88719;90;27.7;22.2;2.654;1.945;1.270;3.093;0.106;1.180;88720
B31552;2015/03/06 00:11:16;88720;88;29.0;21.8;2.654;1.941;1.270;3.093;0.161;1.158;88721
B31552;2015/03/06 00:11:26;88721;95;27.0;21.5;2.864;1.941;1.212;3.093;0.161;1.183;88722
B31552;2015/03/06 00:11:36;88722;81;29.0;22.5;2.654;1.916;1.212;3.103;0.161;1.151;88723
B31552;2015/03/06 00:11:46;88723;83;32.5;22.0;2.670;1.916;1.254;3.103;0.161;1.154;88724
B31552;2015/03/06 00:11:56;88724;91;32.5;21.3;2.632;1.938;1.254;3.103;0.099;1.138;88725
B31552;2015/03/06 00:12:06;88725;83;29.0;21.7;2.874;1.938;1.277;3.103;0.099;1.180;88726
B31552;2015/03/06 00:12:16;88726;84;29.6;22.0;2.867;1.932;1.277;3.087;0.099;1.196;88727
B31552;2015/03/06 00:12:26;88727;93;28.3;22.0;2.651;1.932;1.264;3.087;0.099;1.145;88728
B31552;2015/03/06 00:12:36;88728;88;33.2;22.0;2.861;1.912;1.264;3.087;0.122;1.164;88729
B31552;2015/03/06 00:12:46;88729;88;31.9;21.8;2.848;1.912;1.274;3.087;0.122;1.154;88730
B31552;2015/03/06 00:12:56;88730;86;28.3;22.5;2.651;1.912;1.274;3.129;0.122;1.177;88731
B31552;2015/03/06 00:13:06;88731;91;26.4;21.8;2.870;1.912;1.216;3.129;0.122;1.154;88732
B31552;2015/03/06 00:13:16;88732;96;31.9;21.8;2.658;1.919;1.216;3.129;0.106;1.174;88733
B31552;2015/03/06 00:13:26;88733;91;27.7;22.4;2.638;1.919;1.212;3.129;0.106;1.132;88734
B31552;2015/03/06 00:13:36;88734;90;27.0;22.4;2.838;1.925;1.212;3.125;0.106;1.174;88735
B31552;2015/03/06 00:13:46;88735;97;31.9;21.8;2.687;1.925;1.219;3.125;0.106;1.148;88736
B31552;2015/03/06 00:13:56;88736;87;28.3;21.8;2.877;1.922;1.219;3.125;0.090;1.161;88737
B31552;2015/03/06 00:14:06;88737;84;30.6;21.8;2.716;1.922;1.235;3.125;0.090;1.135;88738
B31552;2015/03/06 00:14:16;88738;91;32.9;22.4;2.861;1.941;1.235;3.119;0.090;1.138;88739
B31552;2015/03/06 00:14:26;88739;94;31.2;22.2;2.783;1.941;1.222;3.119;0.090;1.170;88740
B31552;2015/03/06 00:14:36;88740;93;32.5;21.8;2.845;1.954;1.222;3.119;0.103;1.154;88741
B31552;2015/03/06 00:14:46;88741;93;30.0;22.2;2.864;1.954;1.248;3.119;0.103;1.174;88742
B31552;2015/03/06 00:14:56;88742;88;30.6;22.0;2.712;1.929;1.248;3.109;0.103;1.148;88743
B31552;2015/03/06 00:15:06;88743;91;30.6;22.4;2.680;1.929;1.219;3.109;0.103;1.158;88744
B31552;2015/03/06 00:15:16;88744;98;29.3;22.4;2.722;1.916;1.219;3.109;0.170;1.138;88745
B31552;2015/03/06 00:15:26;88745;90;29.6;21.8;2.854;1.916;1.222;3.109;0.170;1.161;88746
B31552;2015/03/06 00:15:36;88746;93;31.2;21.7;2.864;1.916;1.222;3.077;0.170;1.145;88747
B31552;2015/03/06 00:15:46;88747;91;31.9;22.4;2.729;1.916;1.235;3.077;0.170;1.164;88748
B31552;2015/03/06 00:15:56;88748;85;30.0;22.0;2.658;1.916;1.235;3.077;0.132;1.151;88749
B31552;2015/03/06 00:16:06;88749;87;27.0;21.3;2.880;1.916;1.216;3.077;0.132;1.164;88750
B31552;2015/03/06 00:16:16;88750;91;30.6;22.2;2.706;1.932;1.216;3.096;0.132;1.141;88751
B31552;2015/03/06 00:16:26;88751;97;33.2;22.4;2.674;1.932;1.274;3.096;0.132;1.145;88752
B31552;2015/03/06 00:16:36;88752;87;30.3;21.5;2.696;1.958;1.274;3.096;0.103;1.141;88753
B31552;2015/03/06 00:16:46;88753;80;30.0;22.2;2.880;1.958;1.283;3.096;0.103;1.135;88754
B31552;2015/03/06 00:16:56;88754;81;29.6;22.0;2.864;1.932;1.283;3.080;0.103;1.151;88755
B31552;2015/03/06 00:17:06;88755;88;31.6;22.4;2.854;1.932;1.232;3.080;0.103;1.167;88756
B31552;2015/03/06 00:17:16;88756;88;27.7;22.4;2.867;1.954;1.232;3.080;0.099;1.141;88757
B31552;2015/03/06 00:17:26;88757;83;30.0;23.2;2.829;1.954;1.241;3.080;0.099;1.138;88758
B31552;2015/03/06 00:17:36;88758;97;32.5;21.5;2.629;1.948;1.241;3.129;0.099;1.170;88759
B31552;2015/03/06 00:17:46;88759;93;31.2;22.4;2.680;1.948;1.222;3.129;0.099;1.151;88760
B31552;2015/03/06 00:17:56;88760;98;28.7;22.7;2.877;1.958;1.222;3.129;0.103;1.196;88761
B31552;2015/03/06 00:18:06;88761;89;28.0;22.0;2.645;1.958;1.238;3.129;0.103;1.154;88762
B31552;2015/03/06 00:18:16;88762;89;31.6;21.5;2.651;1.929;1.238;3.129;0.103;1.183;88763
B31552;2015/03/06 00:18:26;88763;90;28.0;22.4;2.729;1.929;1.222;3.129;0.103;1.158;88764
B31552;2015/03/06 00:18:36;88764;93;31.6;21.5;2.712;1.958;1.222;3.129;0.112;1.141;88765
B31552;2015/03/06 00:18:46;88765;91;28.7;22.4;2.654;1.958;1.222;3.129;0.112;1.148;88766
B31552;2015/03/06 00:18:56;88766;87;30.6;22.0;2.748;1.941;1.222;3.129;0.112;1.161;88767
B31552;2015/03/06 00:19:06;88767;95;26.7;22.0;2.851;1.941;1.283;3.129;0.112;1.138;88768
B31552;2015/03/06 00:19:16;88768;96;32.9;21.8;2.632;1.941;1.283;3.129;0.090;1.132;88769
B31552;2015/03/06 00:19:26;88769;93;32.5;22.2;2.645;1.941;1.270;3.129;0.090;1.167;88770
B31552;2015/03/06 00:19:36;88770;97;28.7;22.2;2.780;1.916;1.270;3.135;0.090;1.180;88771
B31552;2015/03/06 00:19:46;88771;79;29.3;21.8;2.670;1.916;1.270;3.135;0.090;1.151;88772
B31552;2015/03/06 00:19:56;88772;88;29.6;21.5;2.854;1.954;1.270;3.135;0.229;1.151;88773
B31552;2015/03/06 00:20:06;88773;86;28.7;22.0;2.732;1.954;1.222;3.135;0.229;1.190;88774
B31552;2015/03/06 00:20:16;88774;93;27.0;22.4;2.796;1.945;1.222;3.109;0.229;1.158;88775
B31552;2015/03/06 00:20:26;88775;90;27.7;22.0;2.651;1.945;1.225;3.109;0.229;1.161;88776
B31552;2015/03/06 00:20:36;88776;87;32.2;22.2;2.654;1.958;1.225;3.109;0.112;1.190;88777
B31552;2015/03/06 00:20:46;88777;88;31.9;22.4;2.864;1.958;1.232;3.109;0.112;1.138;88778
B31552;2015/03/06 00:20:56;88778;86;29.0;22.4;2.867;1.951;1.232;3.138;0.112;1.174;88779
B31552;2015/03/06 00:21:06;88779;87;30.0;21.7;2.816;1.951;1.245;3.138;0.112;1.138;88780
B31552;2015/03/06 00:21:16;88780;88;29.3;22.9;2.854;1.916;1.245;3.138;0.099;1.167;88781
B31552;2015/03/06 00:21:26;88781;96;30.6;22.0;2.758;1.916;1.219;3.138;0.099;1.141;88782
B31552;2015/03/06 00:21:36;88782;88;31.9;21.8;2.845;1.961;1.219;3.135;0.099;1.167;88783
B31552;2015/03/06 00:21:46;88783;88;33.2;22.4;2.867;1.961;1.241;3.135;0.099;1.170;88784
B31552;2015/03/06 00:21:56;88784;85;28.7;22.0;2.783;1.958;1.241;3.135;0.138;1.145;88785
B31552;2015/03/06 00:22:06;88785;89;30.6;22.4;2.690;1.958;1.283;3.135;0.138;1.138;88786
B31552;2015/03/06 00:22:16;88786;79;29.3;22.0;2.874;1.958;1.283;3.093;0.138;1.187;88787
B31552;2015/03/06 00:22:26;88787;93;27.4;21.5;2.880;1.958;1.274;3.093;0.138;1.138;88788
B31552;2015/03/06 00:22:36;88788;96;31.6;21.8;2.658;1.916;1.274;3.093;0.096;1.174;88789
B31552;2015/03/06 00:22:46;88789;90;31.2;22.2;2.796;1.916;1.258;3.093;0.096;1.132;88790
B31552;2015/03/06 00:22:56;88790;95;28.7;21.7;2.809;1.948;1.258;3.087;0.096;1.132;88791
B31552;2015/03/06 00:23:06;88791;78;27.4;22.0;2.680;1.948;1.280;3.087;0.096;1.151;88792
B31552;2015/03/06 00:23:16;88792;95;31.6;21.8;2.641;1.958;1.280;3.087;0.112;1.145;88793
B31552;2015/03/06 00:23:26;88793;95;30.6;22.5;2.770;1.958;1.277;3.087;0.112;1.167;88794
B31552;2015/03/06 00:23:36;88794;90;29.6;22.4;2.677;1.919;1.277;3.122;0.112;1.154;88795
B31552;2015/03/06 00:23:46;88795;84;30.3;22.0;2.693;1.919;1.267;3.122;0.112;1.183;88796
B31552;2015/03/06 00:23:56;88796;90;30.3;21.5;2.651;1.961;1.267;3.122;0.161;1.151;88797
B31552;2015/03/06 00:24:06;88797;78;31.2;22.4;2.690;1.961;1.222;3.122;0.161;1.187;88798
B31552;2015/03/06 00:24:16;88798;98;29.0;21.7;2.829;1.954;1.222;3.135;0.161;1.135;88799
B31552;2015/03/06 00:24:26;88799;83;27.4;22.4;2.680;1.954;1.245;3.135;0.161;1.158;88800
B31552;2015/03/06 00:24:36;88800;78;33.8;21.8;2.864;1.951;1.245;3.135;0.122;1.167;88801
B31552;2015/03/06 00:24:46;88801;88;26.4;21.8;2.883;1.951;1.267;3.135;0.122;1.135;88802
B31552;2015/03/06 00:24:56;88802;91;27.0;22.5;2.867;1.951;1.267;3.080;0.122;1.132;88803
B31552;2015/03/06 00:25:06;88803;79;29.3;21.5;2.867;1.951;1.283;3.080;0.122;1.177;88804
B31552;2015/03/06 00:25:16;88804;88;30.0;22.4;2.664;1.922;1.283;3.080;0.135;1.151;88805
B31552;2015/03/06 00:25:26;88805;88;28.3;21.5;2.880;1.922;1.232;3.080;0.135;1.177;88806
B31552;2015/03/06 00:25:36;88806;97;29.0;21.7;2.867;1.958;1.232;3.106;0.135;1.135;88807
B31552;2015/03/06 00:25:46;88807;94;31.2;21.8;2.825;1.958;1.241;3.106;0.135;1.187;88808
B31552;2015/03/06 00:25:56;88808;87;33.2;21.8;2.703;1.951;1.241;3.106;0.106;1.187;88809
B31552;2015/03/06 00:26:06;88809;88;26.4;21.8;2.803;1.951;1.245;3.106;0.106;1.138;88810
B31552;2015/03/06 00:26:16;88810;85;30.0;21.8;2.654;1.951;1.245;3.109;0.106;1.145;88811
B31552;2015/03/06 00:26:26;88811;88;31.6;21.8;2.854;1.951;1.283;3.109;0.106;1.187;88812
B31552;2015/03/06 00:26:36;88812;90;27.0;22.4;2.629;1.945;1.283;3.109;0.106;1.164;88813
B31552;2015/03/06 00:26:46;88813;92;31.2;22.5;2.780;1.945;1.254;3.109;0.106;1.170;88814
B31552;2015/03/06 00:26:56;88814;90;26.4;22.2;2.816;1.919;1.254;3.138;0.106;1.145;88815
B31552;2015/03/06 00:27:06;88815;90;30.0;21.8;2.803;1.919;1.241;3.138;0.106;1.135;88816
B31552;2015/03/06 00:27:16;88816;97;29.0;21.8;2.664;1.961;1.241;3.138;0.116;1.167;88817
B31552;2015/03/06 00:27:26;88817;87;33.5;22.4;2.674;1.961;1.225;3.138;0.116;1.138;88818
B31552;2015/03/06 00:27:36;88818;92;29.3;22.5;2.745;1.961;1.225;3.112;0.116;1.174;88819
B31552;2015/03/06 00:27:46;88819;87;28.7;22.0;2.761;1.961;1.238;3.112;0.116;1.183;88820
B31552;2015/03/06 00:27:56;88820;95;32.9;22.5;2.880;1.922;1.238;3.112;0.112;1.158;88821
B31552;2015/03/06 00:28:06;88821;88;31.2;22.0;2.841;1.922;1.277;3.112;0.112;1.158;88822
B31552;2015/03/06 00:28:16;88822;93;29.6;21.8;2.854;1.961;1.277;3.145;0.112;1.151;88823
B31552;2015/03/06 00:28:26;88823;95;26.4;21.3;2.783;1.961;1.277;3.145;0.112;1.125;88824
B31552;2015/03/06 00:28:36;88824;95;29.0;21.8;2.670;1.919;1.277;3.145;0.096;1.158;88825
B31552;2015/03/06 00:28:46;88825;85;30.0;22.5;2.812;1.919;1.216;3.145;0.096;1.145;88826
B31552;2015/03/06 00:28:56;88826;90;29.0;22.0;2.880;1.932;1.216;3.090;0.096;1.132;88827
B31552;2015/03/06 00:29:06;88827;80;30.6;22.4;2.680;1.932;1.241;3.090;0.096;1.135;88828
B31552;2015/03/06 00:29:16;88828;93;28.0;21.5;2.651;1.964;1.241;3.090;0.112;1.132;88829
B31552;2015/03/06 00:29:26;88829;92;33.2;22.2;2.770;1.964;1.280;3.090;0.112;1.151;88830
B31552;2015/03/06 00:29:36;88830;92;32.5;22.0;2.880;1.961;1.280;3.122;0.112;1.154;88831
B31552;2015/03/06 00:29:46;88831;90;30.0;22.2;2.848;1.961;1.283;3.122;0.112;1.151;88832
B31552;2015/03/06 00:29:56;88832;93;32.5;22.7;2.835;1.922;1.283;3.122;0.093;1.154;88833
B31552;2015/03/06 00:30:06;88833;91;28.3;21.5;2.880;1.922;1.251;3.122;0.093;1.135;88834
B31552;2015/03/06 00:30:16;88834;86;30.0;22.0;2.796;1.961;1.251;3.116;0.093;1.151;88835
B31552;2015/03/06 00:30:26;88835;80;27.0;22.4;2.638;1.961;1.238;3.116;0.093;1.158;88836
B31552;2015/03/06 00:30:36;88836;93;31.9;21.5;2.758;1.929;1.238;3.116;0.103;1.164;88837
B31552;2015/03/06 00:30:46;88837;89;27.4;21.7;2.777;1.929;1.277;3.116;0.103;1.138;88838
B31552;2015/03/06 00:30:56;88838;85;30.6;22.0;2.709;1.941;1.277;3.090;0.103;1.167;88839
B31552;2015/03/06 00:31:06;88839;82;28.3;22.2;2.654;1.941;1.277;3.090;0.103;1.167;88840
B31552;2015/03/06 00:31:16;88840;84;32.2;21.8;2.880;1.961;1.277;3.090;0.093;1.158;88841
B31552;2015/03/06 00:31:26;88841;83;32.5;22.4;2.677;1.961;1.241;3.090;0.093;1.164;88842
B31552;2015/03/06 00:31:36;88842;87;28.7;22.2;2.651;1.964;1.241;3.116;0.093;1.158;88843
B31552;2015/03/06 00:31:46;88843;89;27.0;22.5;2.687;1.964;1.274;3.116;0.093;1.187;88844
B31552;2015/03/06 00:31:56;88844;92;31.6;22.4;2.664;1.958;1.274;3.116;0.096;1.148;88845
B31552;2015/03/06 00:32:06;88845;82;30.6;22.2;2.854;1.958;1.245;3.116;0.096;1.129;88846
B31552;2015/03/06 00:32:16;88846;88;27.4;22.0;2.858;1.958;1.245;3.148;0.096;1.132;88847
B31552;2015/03/06 00:32:26;88847;86;30.6;21.8;2.848;1.958;1.251;3.148;0.096;1.167;88848
B31552;2015/03/06 00:32:36;88848;91;27.7;22.2;2.793;1.941;1.251;3.148;0.103;1.132;88849
B31552;2015/03/06 00:32:46;88849;83;28.3;22.0;2.645;1.941;1.274;3.148;0.103;1.167;88850
B31552;2015/03/06 00:32:56;88850;87;33.2;21.5;2.758;1.951;1.274;3.109;0.103;1.158;88851
B31552;2015/03/06 00:33:06;88851;87;31.2;22.4;2.851;1.951;1.283;3.109;0.103;1.145;88852
B31552;2015/03/06 00:33:16;88852;91;28.3;22.0;2.880;1.922;1.283;3.109;0.161;1.154;88853
B31552;2015/03/06 00:33:26;88853;88;27.0;22.0;2.729;1.922;1.229;3.109;0.161;1.132;88854
B31552;2015/03/06 00:33:36;88854;91;30.6;21.5;2.690;1.964;1.229;3.122;0.161;1.158;88855
B31552;2015/03/06 00:33:46;88855;90;31.9;22.4;2.880;1.964;1.225;3.122;0.161;1.145;88856
B31552;2015/03/06 00:33:56;88856;88;30.6;22.0;2.716;1.935;1.225;3.122;0.170;1.145;88857
B31552;2015/03/06 00:34:06;88857;93;26.4;22.0;2.832;1.935;1.232;3.122;0.170;1.138;88858
B31552;2015/03/06 00:34:16;88858;93;27.4;22.0;2.803;1.925;1.232;3.135;0.170;1.180;88859
B31552;2015/03/06 00:34:26;88859;79;27.0;22.2;2.754;1.925;1.225;3.135;0.170;1.158;88860
B31552;2015/03/06 00:34:36;88860;93;27.7;22.2;2.812;1.964;1.225;3.135;0.112;1.151;88861
B31552;2015/03/06 00:34:46;88861;88;26.7;21.8;2.654;1.964;1.274;3.135;0.112;1.125;88862
B31552;2015/03/06 00:34:56;88862;97;29.3;22.5;2.654;1.954;1.274;3.090;0.112;1.174;88863
B31552;2015/03/06 00:35:06;88863;96;31.2;22.7;2.809;1.954;1.277;3.090;0.112;1.132;88864
B31552;2015/03/06 00:35:16;88864;92;27.7;22.4;2.854;1.935;1.277;3.090;0.112;1.148;88865
B31552;2015/03/06 00:35:26;88865;77;31.2;22.5;2.809;1.935;1.241;3.090;0.112;1.132;88866
B31552;2015/03/06 00:35:36;88866;91;31.2;22.2;2.658;1.945;1.241;3.135;0.112;1.148;88867
B31552;2015/03/06 00:35:46;88867;90;27.4;22.0;2.699;1.945;1.277;3.135;0.112;1.158;88868
B31552;2015/03/06 00:35:56;88868;98;30.3;22.2;2.635;1.951;1.277;3.135;0.154;1.125;88869
B31552;2015/03/06 00:36:06;88869;92;27.7;21.8;2.880;1.951;1.287;3.135;0.154;1.129;88870
B31552;2015/03/06 00:36:16;88870;89;27.0;22.0;2.861;1.964;1.287;3.112;0.154;1.141;88871
B31552;2015/03/06 00:36:26;88871;87;32.5;22.0;2.851;1.964;1.238;3.112;0.154;1.161;88872
B31552;2015/03/06 00:36:36;88872;89;32.5;22.0;2.861;1.964;1.238;3.112;0.125;1.132;88873
B31552;2015/03/06 00:36:46;88873;96;26.4;22.0;2.880;1.964;1.258;3.112;0.125;1.177;88874
B31552;2015/03/06 00:36:56;88874;91;30.6;22.5;2.687;1.922;1.258;3.116;0.125;1.177;88875
B31552;2015/03/06 00:37:06;88875;83;30.6;22.5;2.764;1.922;1.290;3.116;0.125;1.132;88876
B31552;2015/03/06 00:37:16;88876;97;30.0;22.0;2.690;1.964;1.290;3.116;0.135;1.151;88877
B31552;2015/03/06 00:37:26;88877;88;31.9;22.4;2.745;1.964;1.287;3.116;0.135;1.148;88878
B31552;2015/03/06 00:37:36;88878;87;30.6;22.2;2.654;1.922;1.287;3.122;0.135;1.158;88879
B31552;2015/03/06 00:37:46;88879;88;29.0;21.7;2.780;1.922;1.219;3.122;0.135;1.122;88880
B31552;2015/03/06 00:37:56;88880;89;29.3;22.5;2.874;1.964;1.219;3.122;0.096;1.132;88881
B31552;2015/03/06 00:38:06;88881;90;29.6;21.8;2.680;1.964;1.264;3.122;0.096;1.138;88882
B31552;2015/03/06 00:38:16;88882;82;30.0;22.4;2.683;1.932;1.264;3.106;0.096;1.170;88883
B31552;2015/03/06 00:38:26;88883;96;30.3;22.4;2.674;1.932;1.235;3.106;0.096;1.158;88884
B31552;2015/03/06 00:38:36;88884;78;31.9;22.4;2.658;1.925;1.235;3.106;0.135;1.145;88885
B31552;2015/03/06 00:38:46;88885;92;32.5;22.2;2.651;1.925;1.245;3.106;0.135;1.129;88886
B31552;2015/03/06 00:38:56;88886;97;27.4;22.4;2.854;1.929;1.245;3.151;0.135;1.174;88887
B31552;2015/03/06 00:39:06;88887;90;27.0;22.0;2.654;1.929;1.251;3.151;0.135;1.158;88888
B31552;2015/03/06 00:39:16;88888;83;30.3;21.8;2.629;1.958;1.251;3.151;0.135;1.174;88889
B31552;2015/03/06 00:39:26;88889;94;27.7;21.3;2.764;1.958;1.229;3.151;0.135;1.154;88890
B31552;2015/03/06 00:39:36;88890;82;27.0;22.4;2.638;1.958;1.229;3.141;0.135;1.138;88891
B31552;2015/03/06 00:39:46;88891;89;30.9;21.8;2.783;1.958;1.222;3.141;0.135;1.141;88892
B31552;2015/03/06 00:39:56;88892;90;30.6;21.5;2.761;1.951;1.222;3.141;0.106;1.151;88893
B31552;2015/03/06 00:40:06;88893;93;27.0;22.2;2.848;1.951;1.254;3.141;0.106;1.122;88894
B31552;2015/03/06 00:40:16;88894;97;26.4;22.5;2.822;1.929;1.254;3.141;0.106;1.161;88895
B31552;2015/03/06 00:40:26;88895;93;30.0;21.8;2.822;1.929;1.238;3.141;0.106;1.170;88896
B31552;2015/03/06 00:40:36;88896;82;28.7;22.0;2.793;1.925;1.238;3.141;0.112;1.138;88897
B31552;2015/03/06 00:40:46;88897;89;31.9;21.8;2.835;1.925;1.241;3.141;0.112;1.135;88898
B31552;2015/03/06 00:40:56;88898;91;30.3;21.8;2.683;1.941;1.241;3.100;0.112;1.164;88899
B31552;2015/03/06 00:41:06;88899;90;27.0;22.2;2.877;1.941;1.241;3.100;0.112;1.161;88900
B31552;2015/03/06 00:41:16;88900;94;31.2;22.2;2.664;1.954;1.241;3.100;0.222;1.174;88901
B31552;2015/03/06 00:41:26;88901;96;27.0;21.8;2.696;1.954;1.222;3.100;0.222;1.164;88902
B31552;2015/03/06 00:41:36;88902;98;31.6;21.7;2.874;1.948;1.222;3.103;0.222;1.167;88903
B31552;2015/03/06 00:41:46;88903;89;27.0;21.8;2.825;1.948;1.222;3.103;0.222;1.154;88904
B31552;2015/03/06 00:41:56;88904;93;27.7;22.0;2.880;1.925;1.222;3.103;0.112;1.161;88905
B31552;2015/03/06 00:42:06;88905;97;31.2;21.8;2.690;1.925;1.225;3.103;0.112;1.148;88906
B31552;2015/03/06 00:42:16;88906;86;27.0;22.2;2.848;1.925;1.225;3.122;0.112;1.161;88907
B31552;2015/03/06 00:42:26;88907;86;26.4;21.7;2.796;1.925;1.264;3.122;0.112;1.174;88908
B31552;2015/03/06 00:42:36;88908;88;31.2;21.5;2.809;1.964;1.264;3.122;0.099;1.125;88909
B31552;2015/03/06 00:42:46;88909;80;31.6;21.8;2.841;1.964;1.229;3.122;0.099;1.138;88910
B31552;2015/03/06 00:42:56;88910;94;32.5;21.5;2.645;1.945;1.229;3.141;0.099;1.177;88911
B31552;2015/03/06 00:43:06;88911;88;29.0;21.5;2.880;1.945;1.251;3.141;0.099;1.164;88912
B31552;2015/03/06 00:43:16;88912;97;28.3;22.4;2.877;1.964;1.251;3.141;0.154;1.135;88913
B31552;2015/03/06 00:43:26;88913;82;29.6;21.7;2.845;1.964;1.222;3.141;0.154;1.125;88914
B31552;2015/03/06 00:43:36;88914;86;32.5;21.8;2.632;1.961;1.222;3.093;0.154;1.122;88915
B31552;2015/03/06 00:43:46;88915;82;26.4;21.8;2.883;1.961;1.283;3.093;0.154;1.145;88916
B31552;2015/03/06 00:43:56;88916;90;26.4;22.0;2.812;1.954;1.283;3.093;0.183;1.158;88917
B31552;2015/03/06 00:44:06;88917;94;27.7;22.0;2.638;1.954;1.245;3.093;0.183;1.129;88918
B31552;2015/03/06 00:44:16;88918;88;31.2;22.2;2.658;1.951;1.245;3.148;0.183;1.151;88919
B31552;2015/03/06 00:44:26;88919;95;29.0;21.8;2.764;1.951;1.277;3.148;0.183;1.158;88920
B31552;2015/03/06 00:44:36;88920;88;30.6;21.8;2.654;1.961;1.277;3.148;0.093;1.158;88921
B31552;2015/03/06 00:44:46;88921;85;29.0;22.4;2.790;1.961;1.225;3.148;0.093;1.145;88922
B31552;2015/03/06 00:44:56;88922;88;31.9;21.5;2.645;1.925;1.225;3.154;0.093;1.132;88923
B31552;2015/03/06 00:45:06;88923;93;27.4;21.3;2.883;1.925;1.222;3.154;0.093;1.154;88924
B31552;2015/03/06 00:45:16;88924;81;30.0;22.0;2.816;1.967;1.222;3.154;0.090;1.164;88925
B31552;2015/03/06 00:45:26;88925;85;27.0;22.0;2.638;1.967;1.222;3.154;0.090;1.151;88926
B31552;2015/03/06 00:45:36;88926;90;27.0;21.8;2.851;1.958;1.222;3.103;0.090;1.174;88927
B31552;2015/03/06 00:45:46;88927;88;29.6;21.7;2.758;1.958;1.235;3.103;0.090;1.164;88928
B31552;2015/03/06 00:45:56;88928;85;27.0;22.2;2.754;1.970;1.235;3.103;0.109;1.154;88929
B31552;2015/03/06 00:46:06;88929;91;31.6;21.8;2.741;1.970;1.283;3.103;0.109;1.154;88930
B31552;2015/03/06 00:46:16;88930;92;30.0;22.0;2.680;1.929;1.283;3.151;0.109;1.119;88931
B31552;2015/03/06 00:46:26;88931;91;29.0;22.0;2.706;1.929;1.277;3.151;0.109;1.145;88932
B31552;2015/03/06 00:46:36;88932;90;32.5;21.8;2.629;1.935;1.277;3.151;0.170;1.132;88933
B31552;2015/03/06 00:46:46;88933;96;31.9;22.2;2.770;1.935;1.229;3.151;0.170;1.161;88934
B31552;2015/03/06 00:46:56;88934;88;27.7;22.4;2.629;1.958;1.229;3.103;0.170;1.129;88935
B31552;2015/03/06 00:47:06;88935;83;27.4;21.8;2.883;1.958;1.235;3.103;0.170;1.164;88936
B31552;2015/03/06 00:47:16;88936;93;28.0;22.4;2.645;1.925;1.235;3.103;0.099;1.167;88937
B31552;2015/03/06 00:47:26;88937;89;31.9;22.4;2.709;1.925;1.245;3.103;0.099;1.148;88938
B31552;2015/03/06 00:47:36;88938;82;27.7;22.0;2.809;1.929;1.245;3.129;0.099;1.138;88939
B31552;2015/03/06 00:47:46;88939;96;30.0;21.5;2.822;1.929;1.225;3.129;0.099;1.170;88940
B31552;2015/03/06 00:47:56;88940;91;27.0;22.5;2.877;1.967;1.225;3.129;0.093;1.170;88941
B31552;2015/03/06 00:48:06;88941;95;27.7;21.8;2.783;1.967;1.290;3.129;0.093;1.119;88942
B31552;2015/03/06 00:48:16;88942;83;26.4;22.2;2.822;1.932;1.290;3.112;0.093;1.119;88943
B31552;2015/03/06 00:48:26;88943;87;28.7;22.0;2.654;1.932;1.241;3.112;0.093;1.141;88944
B31552;2015/03/06 00:48:36;88944;93;30.0;22.4;2.670;1.961;1.241;3.112;0.109;1.145;88945
B31552;2015/03/06 00:48:46;88945;96;27.4;21.5;2.880;1.961;1.258;3.112;0.109;1.158;88946
B31552;2015/03/06 00:48:56;88946;93;31.2;21.7;2.874;1.951;1.258;3.141;0.109;1.180;88947
B31552;2015/03/06 00:49:06;88947;82;27.0;22.0;2.677;1.951;1.248;3.141;0.109;1.170;88948
B31552;2015/03/06 00:49:16;88948;80;28.0;21.5;2.638;1.929;1.248;3.141;0.135;1.148;88949
B31552;2015/03/06 00:49:26;88949;91;28.3;21.5;2.867;1.929;1.277;3.141;0.135;1.141;88950
B31552;2015/03/06 00:49:36;88950;93;32.5;21.7;2.874;1.935;1.277;3.103;0.135;1.170;88951
B31552;2015/03/06 00:49:46;88951;90;27.4;21.8;2.880;1.935;1.241;3.103;0.135;1.154;88952
B31552;2015/03/06 00:49:56;88952;83;29.6;22.2;2.758;1.954;1.241;3.103;0.125;1.129;88953
B31552;2015/03/06 00:50:06;88953;88;26.4;22.2;2.829;1.954;1.254;3.103;0.125;1.158;88954
B31552;2015/03/06 00:50:16;88954;98;30.0;22.4;2.867;1.958;1.254;3.141;0.125;1.164;88955
B31552;2015/03/06 00:50:26;88955;88;30.6;22.0;2.725;1.958;1.238;3.141;0.125;1.112;88956
B31552;2015/03/06 00:50:36;88956;91;27.7;22.4;2.874;1.932;1.238;3.141;0.135;1.151;88957
B31552;2015/03/06 00:50:46;88957;92;31.9;22.5;2.809;1.932;1.222;3.141;0.135;1.119;88958
B31552;2015/03/06 00:50:56;88958;93;27.4;22.0;2.812;1.967;1.222;3.151;0.135;1.125;88959
B31552;2015/03/06 00:51:06;88959;88;28.7;22.2;2.654;1.967;1.270;3.151;0.135;1.129;88960
B31552;2015/03/06 00:51:16;88960;83;30.0;22.4;2.822;1.964;1.270;3.151;0.093;1.129;88961
B31552;2015/03/06 00:51:26;88961;96;30.6;21.8;2.787;1.964;1.238;3.151;0.093;1.164;88962
B31552;2015/03/06 00:51:36;88962;87;27.7;22.4;2.638;1.964;1.238;3.154;0.093;1.180;88963
B31552;2015/03/06 00:51:46;88963;87;28.3;21.3;2.783;1.964;1.261;3.154;0.093;1.161;88964
B31552;2015/03/06 00:51:56;88964;90;29.3;22.2;2.770;1.961;1.261;3.154;0.103;1.167;88965
B31552;2015/03/06 00:52:06;88965;88;26.4;22.0;2.864;1.961;1.229;3.154;0.103;1.148;88966
B31552;2015/03/06 00:52:16;88966;91;27.0;22.0;2.819;1.958;1.229;3.112;0.103;1.119;88967
B31552;2015/03/06 00:52:26;88967;91;31.2;22.5;2.819;1.958;1.232;3.112;0.103;1.148;88968
B31552;2015/03/06 00:52:36;88968;96;31.6;21.8;2.651;1.929;1.232;3.112;0.096;1.148;88969
B31552;2015/03/06 00:52:46;88969;92;27.4;21.8;2.638;1.929;1.270;3.112;0.096;1.158;88970
B31552;2015/03/06 00:52:56;88970;88;29.3;22.4;2.758;1.970;1.270;3.148;0.096;1.154;88971
B31552;2015/03/06 00:53:06;88971;88;33.2;22.2;2.770;1.970;1.277;3.148;0.096;1.158;88972
B31552;2015/03/06 00:53:16;88972;87;28.0;22.0;2.854;1.938;1.277;3.148;0.122;1.119;88973
B31552;2015/03/06 00:53:26;88973;91;28.7;21.5;2.645;1.938;1.261;3.148;0.122;1.145;88974
B31552;2015/03/06 00:53:36;88974;98;27.7;22.4;2.867;1.964;1.261;3.103;0.122;1.154;88975
B31552;2015/03/06 00:53:46;88975;88;30.3;22.0;2.680;1.964;1.264;3.103;0.122;1.154;88976
B31552;2015/03/06 00:53:56;88976;93;32.5;22.4;2.645;1.964;1.264;3.103;0.103;1.135;88977
B31552;2015/03/06 00:54:06;88977;90;31.6;22.0;2.687;1.964;1.258;3.103;0.103;1.145;88978
B31552;2015/03/06 00:54:16;88978;93;27.0;22.4;2.867;1.958;1.258;3.141;0.103;1.158;88979
B31552;2015/03/06 00:54:26;88979;95;26.4;22.0;2.654;1.958;1.225;3.141;0.103;1.145;88980
B31552;2015/03/06 00:54:36;88980;84;28.7;21.7;2.854;1.929;1.225;3.141;0.154;1.125;88981
B31552;2015/03/06 00:54:46;88981;94;32.5;22.0;2.638;1.929;1.270;3.141;0.154;1.112;88982
B31552;2015/03/06 00:54:56;88982;87;30.9;21.8;2.848;1.951;1.270;3.103;0.154;1.129;88983
B31552;2015/03/06 00:55:06;88983;85;29.0;22.4;2.654;1.951;1.245;3.103;0.154;1.122;88984
B31552;2015/03/06 00:55:16;88984;83;30.0;22.2;2.690;1.961;1.245;3.103;0.170;1.119;88985
B31552;2015/03/06 00:55:26;88985;88;28.3;22.0;2.703;1.961;1.290;3.103;0.170;1.141;88986
B31552;2015/03/06 00:55:36;88986;89;32.5;21.5;2.658;1.929;1.290;3.122;0.170;1.119;88987
B31552;2015/03/06 00:55:46;88987;88;27.7;22.0;2.638;1.929;1.229;3.122;0.170;1.161;88988
B31552;2015/03/06 00:55:56;88988;94;32.5;21.7;2.848;1.954;1.229;3.122;0.109;1.141;88989
B31552;2015/03/06 00:56:06;88989;94;27.0;21.7;2.845;1.954;1.251;3.122;0.109;1.122;88990
B31552;2015/03/06 00:56:16;88990;93;30.6;22.4;2.770;1.958;1.251;3.125;0.109;1.129;88991
B31552;2015/03/06 00:56:26;88991;90;27.0;22.4;2.674;1.958;1.287;3.125;0.109;1.158;88992
B31552;2015/03/06 00:56:36;88992;93;28.3;22.0;2.877;1.954;1.287;3.125;0.170;1.141;88993
B31552;2015/03/06 00:56:46;88993;93;29.3;21.8;2.854;1.954;1.229;3.125;0.170;1.119;88994
B31552;2015/03/06 00:56:56;88994;96;29.6;22.4;2.758;1.964;1.229;3.135;0.170;1.148;88995
B31552;2015/03/06 00:57:06;88995;92;26.7;22.0;2.858;1.964;1.267;3.135;0.170;1.125;88996
B31552;2015/03/06 00:57:16;88996;97;30.3;21.5;2.693;1.958;1.267;3.135;0.122;1.125;88997
B31552;2015/03/06 00:57:26;88997;94;31.9;21.5;2.841;1.958;1.229;3.135;0.122;1.154;88998
B31552;2015/03/06 00:57:36;88998;83;26.4;22.5;2.838;1.967;1.229;3.158;0.122;1.122;88999
B31552;2015/03/06 00:57:46;88999;85;31.9;22.9;2.880;1.967;1.280;3.158;0.122;1.145;89000
B31552;2015/03/06 00:57:56;89000;91;27.4;22.5;2.877;1.974;1.280;3.158;0.109;1.129;89001
B31552;2015/03/06 00:58:06;89001;93;26.4;22.2;2.658;1.974;1.287;3.158;0.109;1.154;89002
B31552;2015/03/06 00:58:16;89002;97;28.7;22.4;2.651;1.932;1.287;3.112;0.109;1.129;89003
B31552;2015/03/06 00:58:26;89003;89;30.3;22.4;2.677;1.932;1.290;3.112;0.109;1.135;89004
B31552;2015/03/06 00:58:36;89004;89;26.1;22.4;2.848;1.945;1.290;3.112;0.122;1.116;89005
B31552;2015/03/06 00:58:46;89005;93;29.0;22.0;2.638;1.945;1.225;3.112;0.122;1.154;89006
B31552;2015/03/06 00:58:56;89006;87;27.0;22.2;2.822;1.932;1.225;3.103;0.122;1.135;89007
B31552;2015/03/06 00:59:06;89007;83;26.4;22.4;2.858;1.932;1.229;3.103;0.122;1.135;89008
B31552;2015/03/06 00:59:16;89008;88;30.3;21.8;2.635;1.970;1.229;3.103;0.135;1.116;89009
B31552;2015/03/06 00:59:26;89009;87;28.0;22.4;2.848;1.970;1.229;3.103;0.135;1.154;89010
B31552;2015/03/06 00:59:36;89010;90;28.7;22.5;2.780;1.967;1.229;3.141;0.135;1.129;89011
B31552;2015/03/06 00:59:46;89011;92;26.7;22.5;2.645;1.967;1.232;3.141;0.135;1.167;89012
B31552;2015/03/06 00:59:56;89012;92;30.6;22.2;2.758;1.929;1.232;3.141;0.099;1.138;89013
B31552;2015/03/06 01:00:06;89013;88;31.2;22.4;2.822;1.929;1.245;3.141;0.099;1.125;89014
B31552;2015/03/06 01:00:16;89014;89;26.4;22.4;2.835;1.958;1.245;3.125;0.099;1.119;89015
B31552;2015/03/06 01:00:26;89015;85;29.0;22.4;2.658;1.958;1.238;3.125;0.099;1.132;89016
B31552;2015/03/06 01:00:36;89016;91;27.4;22.4;2.812;1.974;1.238;3.125;0.103;1.106;89017
B31552;2015/03/06 01:00:46;89017;90;30.0;22.4;2.783;1.974;1.283;3.125;0.103;1.112;89018
B31552;2015/03/06 01:00:56;89018;92;29.3;22.0;2.783;1.932;1.283;3.106;0.103;1.154;89019
B31552;2015/03/06 01:01:06;89019;87;27.0;22.2;2.645;1.932;1.248;3.106;0.103;1.151;89020
B31552;2015/03/06 01:01:16;89020;86;29.3;21.8;2.783;1.974;1.248;3.106;0.164;1.119;89021
B31552;2015/03/06 01:01:26;89021;88;29.3;22.0;2.661;1.974;1.225;3.106;0.164;1.122;89022
B31552;2015/03/06 01:01:36;89022;84;33.8;21.5;2.677;1.958;1.225;3.125;0.164;1.119;89023
B31552;2015/03/06 01:01:46;89023;96;26.4;21.7;2.822;1.958;1.293;3.125;0.164;1.158;89024
B31552;2015/03/06 01:01:56;89024;84;31.6;21.8;2.725;1.958;1.293;3.125;0.138;1.119;89025
B31552;2015/03/06 01:02:06;89025;93;31.2;22.2;2.790;1.958;1.232;3.125;0.138;1.122;89026
B31552;2015/03/06 01:02:16;89026;94;30.6;22.0;2.754;1.932;1.232;3.141;0.138;1.112;89027
B31552;2015/03/06 01:02:26;89027;91;27.0;21.8;2.838;1.932;1.270;3.141;0.138;1.125;89028
B31552;2015/03/06 01:02:36;89028;87;28.0;22.2;2.806;1.970;1.270;3.141;0.138;1.116;89029
B31552;2015/03/06 01:02:46;89029;84;29.6;21.5;2.651;1.970;1.225;3.141;0.138;1.109;89030
B31552;2015/03/06 01:02:56;89030;91;30.0;22.0;2.664;1.958;1.225;3.129;0.138;1.141;89031
B31552;2015/03/06 01:03:06;89031;86;26.7;22.0;2.680;1.958;1.232;3.129;0.138;1.135;89032
B31552;2015/03/06 01:03:16;89032;89;29.3;21.7;2.819;1.958;1.232;3.129;0.103;1.154;89033
B31552;2015/03/06 01:03:26;89033;85;29.0;21.5;2.867;1.958;1.229;3.129;0.103;1.132;89034
B31552;2015/03/06 01:03:36;89034;88;26.4;22.4;2.635;1.967;1.229;3.158;0.103;1.135;89035
B31552;2015/03/06 01:03:46;89035;83;31.2;22.5;2.783;1.967;1.238;3.158;0.103;1.158;89036
B31552;2015/03/06 01:03:56;89036;88;30.6;22.4;2.861;1.958;1.238;3.158;0.099;1.119;89037
B31552;2015/03/06 01:04:06;89037;87;30.3;22.5;2.664;1.958;1.235;3.158;0.099;1.154;89038
B31552;2015/03/06 01:04:16;89038;90;30.0;22.4;2.841;1.961;1.235;3.158;0.099;1.138;89039
B31552;2015/03/06 01:04:26;89039;80;27.0;22.0;2.806;1.961;1.264;3.158;0.099;1.164;89040
B31552;2015/03/06 01:04:36;89040;85;30.0;22.5;2.677;1.941;1.264;3.158;0.109;1.125;89041
B31552;2015/03/06 01:04:46;89041;88;32.5;22.5;2.667;1.941;1.238;3.158;0.109;1.119;89042
B31552;2015/03/06 01:04:56;89042;95;27.0;22.0;2.841;1.958;1.238;3.122;0.109;1.119;89043
B31552;2015/03/06 01:05:06;89043;85;28.0;22.0;2.867;1.958;1.274;3.122;0.109;1.125;89044
B31552;2015/03/06 01:05:16;89044;89;28.7;22.0;2.783;1.958;1.274;3.122;0.093;1.119;89045
B31552;2015/03/06 01:05:26;89045;90;26.4;21.5;2.887;1.958;1.232;3.122;0.093;1.151;89046
B31552;2015/03/06 01:05:36;89046;91;32.5;22.0;2.854;1.932;1.232;3.122;0.093;1.138;89047
B31552;2015/03/06 01:05:46;89047;88;27.0;22.2;2.658;1.932;1.232;3.122;0.093;1.141;89048
B31552;2015/03/06 01:05:56;89048;87;28.7;22.5;2.777;1.935;1.232;3.122;0.154;1.135;89049
B31552;2015/03/06 01:06:06;89049;91;29.0;22.2;2.825;1.935;1.232;3.122;0.154;1.148;89050
B31552;2015/03/06 01:06:16;89050;82;31.2;21.8;2.658;1.935;1.232;3.112;0.154;1.112;89051
B31552;2015/03/06 01:06:26;89051;85;31.9;22.0;2.841;1.935;1.229;3.112;0.154;1.125;89052
B31552;2015/03/06 01:06:36;89052;90;27.0;22.2;2.783;1.951;1.229;3.112;0.106;1.148;89053
B31552;2015/03/06 01:06:46;89053;88;31.9;22.2;2.796;1.951;1.290;3.112;0.106;1.129;89054
B31552;2015/03/06 01:06:56;89054;91;28.3;22.0;2.796;1.935;1.290;3.145;0.106;1.170;89055
B31552;2015/03/06 01:07:06;89055;90;29.0;22.0;2.754;1.935;1.232;3.145;0.106;1.141;89056
B31552;2015/03/06 01:07:16;89056;80;29.6;22.4;2.838;1.935;1.232;3.145;0.103;1.148;89057
B31552;2015/03/06 01:07:26;89057;85;28.7;22.0;2.661;1.935;1.283;3.145;0.103;1.135;89058
B31552;2015/03/06 01:07:36;89058;83;30.0;22.0;2.654;1.974;1.283;3.122;0.103;1.154;89059
B31552;2015/03/06 01:07:46;89059;87;29.0;22.0;2.764;1.974;1.232;3.122;0.103;1.148;89060
B31552;2015/03/06 01:07:56;89060;95;27.4;22.4;2.845;1.945;1.232;3.122;0.099;1.145;89061
B31552;2015/03/06 01:08:06;89061;92;31.9;21.8;2.829;1.945;1.232;3.122;0.099;1.151;89062
B31552;2015/03/06 01:08:16;89062;94;31.6;21.8;2.638;1.974;1.232;3.151;0.099;1.112;89063
B31552;2015/03/06 01:08:26;89063;88;30.9;22.9;2.793;1.974;1.280;3.151;0.099;1.112;89064
B31552;2015/03/06 01:08:36;89064;86;31.6;21.8;2.645;1.948;1.280;3.151;0.093;1.158;89065
B31552;2015/03/06 01:08:46;89065;78;33.5;22.4;2.661;1.948;1.238;3.151;0.093;1.125;89066
B31552;2015/03/06 01:08:56;89066;92;28.3;22.5;2.880;1.977;1.238;3.106;0.093;1.119;89067
B31552;2015/03/06 01:09:06;89067;90;26.4;21.8;2.883;1.977;1.229;3.106;0.093;1.122;89068
B31552;2015/03/06 01:09:16;89068;97;33.2;22.2;2.835;1.977;1.229;3.106;0.103;1.116;89069
B31552;2015/03/06 01:09:26;89069;83;26.7;22.4;2.677;1.977;1.245;3.106;0.103;1.109;89070
B31552;2015/03/06 01:09:36;89070;86;27.0;22.5;2.848;1.970;1.245;3.148;0.103;1.125;89071
B31552;2015/03/06 01:09:46;89071;85;28.7;22.2;2.654;1.970;1.248;3.148;0.103;1.112;89072
B31552;2015/03/06 01:09:56;89072;96;27.4;22.7;2.635;1.935;1.248;3.148;0.170;1.135;89073
B31552;2015/03/06 01:10:06;89073;83;26.4;21.8;2.887;1.935;1.232;3.148;0.170;1.119;89074
B31552;2015/03/06 01:10:16;89074;92;29.0;22.4;2.658;1.974;1.232;3.141;0.170;1.119;89075
B31552;2015/03/06 01:10:26;89075;88;32.2;22.5;2.703;1.974;1.296;3.141;0.170;1.151;89076
B31552;2015/03/06 01:10:36;89076;87;30.9;22.4;2.677;1.970;1.296;3.141;0.096;1.148;89077
B31552;2015/03/06 01:10:46;89077;85;28.7;22.4;2.658;1.970;1.296;3.141;0.096;1.119;89078
B31552;2015/03/06 01:10:56;89078;93;30.6;21.8;2.880;1.935;1.296;3.122;0.096;1.151;89079
B31552;2015/03/06 01:11:06;89079;78;30.6;22.5;2.816;1.935;1.245;3.122;0.096;1.145;89080
B31552;2015/03/06 01:11:16;89080;96;27.4;22.5;2.854;1.961;1.245;3.122;0.148;1.109;89081
B31552;2015/03/06 01:11:26;89081;85;29.6;21.8;2.867;1.961;1.254;3.122;0.148;1.141;89082
B31552;2015/03/06 01:11:36;89082;90;30.0;22.0;2.848;1.945;1.254;3.135;0.148;1.129;89083
B31552;2015/03/06 01:11:46;89083;92;30.6;22.4;2.719;1.945;1.293;3.135;0.148;1.109;89084
B31552;2015/03/06 01:11:56;89084;92;27.0;22.0;2.719;1.961;1.293;3.135;0.170;1.145;89085
B31552;2015/03/06 01:12:06;89085;83;31.6;22.5;2.703;1.961;1.254;3.135;0.170;1.138;89086
B31552;2015/03/06 01:12:16;89086;90;31.2;21.8;2.645;1.967;1.254;3.164;0.170;1.112;89087
B31552;2015/03/06 01:12:26;89087;88;31.6;22.4;2.690;1.967;1.290;3.164;0.170;1.164;89088
B31552;2015/03/06 01:12:36;89088;88;31.6;21.7;2.651;1.935;1.290;3.164;0.109;1.122;89089
B31552;2015/03/06 01:12:46;89089;92;32.5;22.4;2.838;1.935;1.229;3.164;0.109;1.119;89090
B31552;2015/03/06 01:12:56;89090;93;31.9;22.0;2.696;1.970;1.229;3.145;0.109;1.129;89091
B31552;2015/03/06 01:13:06;89091;83;27.0;21.7;2.867;1.970;1.283;3.145;0.109;1.112;89092
B31552;2015/03/06 01:13:16;89092;93;31.2;21.8;2.877;1.948;1.283;3.145;0.170;1.141;89093
B31552;2015/03/06 01:13:26;89093;77;29.6;22.4;2.658;1.948;1.287;3.145;0.170;1.112;89094
B31552;2015/03/06 01:13:36;89094;93;31.2;21.5;2.645;1.945;1.287;3.116;0.170;1.154;89095
B31552;2015/03/06 01:13:46;89095;87;26.4;22.0;2.677;1.945;1.283;3.116;0.170;1.112;89096
B31552;2015/03/06 01:13:56;89096;89;27.0;22.0;2.848;1.974;1.283;3.116;0.116;1.112;89097
B31552;2015/03/06 01:14:06;89097;90;28.7;22.2;2.658;1.974;1.235;3.116;0.116;1.151;89098
B31552;2015/03/06 01:14:16;89098;88;29.6;21.5;2.812;1.977;1.235;3.161;0.116;1.125;89099
B31552;2015/03/06 01:14:26;89099;91;30.0;22.5;2.799;1.977;1.283;3.161;0.116;1.135;89100
B31552;2015/03/06 01:14:36;89100;88;31.6;22.5;2.680;1.938;1.283;3.161;0.167;1.158;89101
B31552;2015/03/06 01:14:46;89101;88;31.2;21.8;2.854;1.938;1.290;3.161;0.167;1.103;89102
B31552;2015/03/06 01:14:56;89102;88;31.9;22.5;2.690;1.967;1.290;3.106;0.167;1.109;89103
B31552;2015/03/06 01:15:06;89103;96;26.4;22.2;2.729;1.967;1.296;3.106;0.167;1.135;89104
B31552;2015/03/06 01:15:16;89104;90;28.7;22.4;2.790;1.977;1.296;3.106;0.106;1.119;89105
B31552;2015/03/06 01:15:26;89105;83;30.6;22.5;2.864;1.977;1.248;3.106;0.106;1.093;89106
B31552;2015/03/06 01:15:36;89106;89;28.7;22.4;2.767;1.977;1.248;3.161;0.106;1.112;89107
B31552;2015/03/06 01:15:46;89107;93;30.6;22.4;2.867;1.977;1.277;3.161;0.106;1.106;89108
B31552;2015/03/06 01:15:56;89108;93;30.3;22.7;2.683;1.970;1.277;3.161;0.161;1.099;89109
B31552;2015/03/06 01:16:06;89109;85;27.0;22.2;2.841;1.970;1.232;3.161;0.161;1.112;89110
B31552;2015/03/06 01:16:16;89110;91;30.0;22.7;2.796;1.967;1.232;3.161;0.161;1.109;89111
B31552;2015/03/06 01:16:26;89111;90;26.4;22.2;2.870;1.967;1.232;3.161;0.161;1.116;89112
B31552;2015/03/06 01:16:36;89112;95;30.3;22.2;2.712;1.977;1.232;3.161;0.099;1.122;89113
B31552;2015/03/06 01:16:46;89113;93;31.2;22.9;2.783;1.977;1.235;3.161;0.099;1.135;89114
B31552;2015/03/06 01:16:56;89114;83;32.9;22.9;2.854;1.980;1.235;3.141;0.099;1.122;89115
B31552;2015/03/06 01:17:06;89115;92;27.0;22.2;2.645;1.980;1.235;3.141;0.099;1.132;89116
B31552;2015/03/06 01:17:16;89116;92;31.2;22.4;2.806;1.948;1.235;3.141;0.145;1.158;89117
B31552;2015/03/06 01:17:26;89117;91;28.3;21.7;2.758;1.948;1.261;3.141;0.145;1.109;89118
B31552;2015/03/06 01:17:36;89118;97;26.4;22.0;2.845;1.951;1.261;3.125;0.145;1.138;89119
B31552;2015/03/06 01:17:46;89119;80;26.7;22.0;2.703;1.951;1.235;3.125;0.145;1.135;89120
B31552;2015/03/06 01:17:56;89120;89;30.3;21.8;2.645;1.974;1.235;3.125;0.141;1.148;89121
B31552;2015/03/06 01:18:06;89121;88;31.9;22.2;2.816;1.974;1.232;3.125;0.141;1.167;89122
B31552;2015/03/06 01:18:16;89122;93;31.2;22.2;2.680;1.961;1.232;3.125;0.141;1.119;89123
B31552;2015/03/06 01:18:26;89123;90;30.6;22.5;2.690;1.961;1.235;3.125;0.141;1.135;89124
B31552;2015/03/06 01:18:36;89124;90;28.3;23.1;2.880;1.974;1.235;3.125;0.090;1.106;89125
B31552;2015/03/06 01:18:46;89125;95;30.6;22.4;2.741;1.974;1.287;3.125;0.090;1.122;89126
B31552;2015/03/06 01:18:56;89126;93;29.6;22.2;2.767;1.977;1.287;3.119;0.090;1.106;89127
B31552;2015/03/06 01:19:06;89127;91;28.3;21.5;2.880;1.977;1.293;3.119;0.090;1.145;89128
B31552;2015/03/06 01:19:16;89128;84;27.7;22.0;2.874;1.983;1.293;3.119;0.154;1.132;89129
B31552;2015/03/06 01:19:26;89129;87;31.9;22.4;2.687;1.983;1.238;3.119;0.154;1.145;89130
B31552;2015/03/06 01:19:36;89130;89;32.5;22.7;2.877;1.938;1.238;3.103;0.154;1.109;89131
B31552;2015/03/06 01:19:46;89131;88;29.3;22.4;2.677;1.938;1.245;3.103;0.154;1.145;89132
B31552;2015/03/06 01:19:56;89132;92;32.9;21.8;2.738;1.970;1.245;3.103;0.109;1.145;89133
B31552;2015/03/06 01:20:06;89133;86;27.4;22.4;2.645;1.970;1.296;3.103;0.109;1.125;89134
B31552;2015/03/06 01:20:16;89134;91;30.0;22.0;2.722;1.938;1.296;3.154;0.109;1.119;89135
B31552;2015/03/06 01:20:26;89135;94;30.0;22.2;2.680;1.938;1.235;3.154;0.109;1.135;89136
B31552;2015/03/06 01:20:36;89136;88;30.0;22.7;2.677;1.938;1.235;3.154;0.099;1.141;89137
B31552;2015/03/06 01:20:46;89137;87;31.2;22.0;2.693;1.938;1.296;3.154;0.099;1.109;89138
B31552;2015/03/06 01:20:56;89138;98;27.7;22.4;2.877;1.983;1.296;3.135;0.099;1.125;89139
B31552;2015/03/06 01:21:06;89139;83;28.3;21.8;2.777;1.983;1.238;3.135;0.099;1.096;89140
B31552;2015/03/06 01:21:16;89140;91;31.6;22.2;2.638;1.977;1.238;3.135;0.090;1.129;89141
B31552;2015/03/06 01:21:26;89141;78;26.4;21.5;2.651;1.977;1.296;3.135;0.090;1.129;89142
B31552;2015/03/06 01:21:36;89142;90;32.5;22.2;2.629;1.964;1.296;3.167;0.090;1.135;89143
B31552;2015/03/06 01:21:46;89143;91;29.0;21.8;2.887;1.964;1.232;3.167;0.090;1.125;89144
B31552;2015/03/06 01:21:56;89144;92;29.6;22.0;2.690;1.938;1.232;3.167;0.125;1.135;89145
B31552;2015/03/06 01:22:06;89145;83;29.0;22.4;2.638;1.938;1.287;3.167;0.125;1.119;89146
B31552;2015/03/06 01:22:16;89146;88;33.2;21.8;2.658;1.980;1.287;3.135;0.125;1.132;89147
B31552;2015/03/06 01:22:26;89147;92;27.4;21.5;2.651;1.980;1.264;3.135;0.125;1.154;89148
B31552;2015/03/06 01:22:36;89148;93;30.0;22.7;2.664;1.970;1.264;3.135;0.135;1.125;89149
B31552;2015/03/06 01:22:46;89149;80;31.6;22.2;2.854;1.970;1.280;3.135;0.135;1.109;89150
B31552;2015/03/06 01:22:56;89150;94;28.7;22.0;2.658;1.964;1.280;3.141;0.135;1.132;89151
B31552;2015/03/06 01:23:06;89151;83;33.2;22.5;2.796;1.964;1.283;3.141;0.135;1.112;89152
B31552;2015/03/06 01:23:16;89152;88;27.0;22.0;2.822;1.941;1.283;3.141;0.112;1.129;89153
B31552;2015/03/06 01:23:26;89153;88;30.0;22.2;2.796;1.941;1.232;3.141;0.112;1.109;89154
B31552;2015/03/06 01:23:36;89154;89;27.0;22.0;2.861;1.983;1.232;3.122;0.112;1.112;89155
B31552;2015/03/06 01:23:46;89155;83;33.2;22.0;2.754;1.983;1.235;3.122;0.112;1.141;89156
B31552;2015/03/06 01:23:56;89156;96;31.9;22.4;2.716;1.941;1.235;3.122;0.154;1.122;89157
B31552;2015/03/06 01:24:06;89157;92;25.8;22.5;2.870;1.941;1.300;3.122;0.154;1.116;89158
B31552;2015/03/06 01:24:16;89158;90;33.2;22.2;2.648;1.951;1.300;3.158;0.154;1.093;89159
B31552;2015/03/06 01:24:26;89159;86;33.2;22.0;2.699;1.951;1.251;3.158;0.154;1.141;89160
B31552;2015/03/06 01:24:36;89160;90;26.4;22.0;2.854;1.970;1.251;3.158;0.109;1.141;89161
B31552;2015/03/06 01:24:46;89161;94;30.6;22.4;2.703;1.970;1.287;3.158;0.109;1.129;89162
B31552;2015/03/06 01:24:56;89162;88;31.6;22.0;2.654;1.951;1.287;3.164;0.109;1.122;89163
B31552;2015/03/06 01:25:06;89163;80;27.4;22.4;2.651;1.951;1.300;3.164;0.109;1.116;89164
B31552;2015/03/06 01:25:16;89164;91;30.3;22.2;2.654;1.948;1.300;3.164;0.112;1.141;89165
B31552;2015/03/06 01:25:26;89165;90;27.0;22.5;2.638;1.948;1.296;3.164;0.112;1.135;89166
B31552;2015/03/06 01:25:36;89166;97;30.6;22.5;2.861;1.941;1.296;3.158;0.112;1.145;89167
B31552;2015/03/06 01:25:46;89167;91;29.6;22.2;2.741;1.941;1.293;3.158;0.112;1.109;89168
B31552;2015/03/06 01:25:56;89168;88;27.0;22.5;2.651;1.951;1.293;3.158;0.161;1.109;89169
B31552;2015/03/06 01:26:06;89169;94;26.7;22.2;2.877;1.951;1.258;3.158;0.161;1.145;89170
B31552;2015/03/06 01:26:16;89170;92;32.9;22.5;2.880;1.983;1.258;3.170;0.161;1.132;89171
B31552;2015/03/06 01:26:26;89171;79;31.9;22.4;2.712;1.983;1.235;3.170;0.161;1.122;89172
B31552;2015/03/06 01:26:36;89172;82;28.7;22.0;2.793;1.961;1.235;3.170;0.112;1.145;89173
B31552;2015/03/06 01:26:46;89173;90;31.9;22.7;2.770;1.961;1.251;3.170;0.112;1.099;89174
B31552;2015/03/06 01:26:56;89174;86;30.3;21.5;2.638;1.980;1.251;3.116;0.112;1.096;89175
B31552;2015/03/06 01:27:06;89175;86;27.0;22.4;2.799;1.980;1.290;3.116;0.112;1.122;89176
B31552;2015/03/06 01:27:16;89176;96;30.3;22.2;2.651;1.941;1.290;3.116;0.099;1.125;89177
B31552;2015/03/06 01:27:26;89177;88;30.6;22.2;2.767;1.941;1.296;3.116;0.099;1.161;89178
B31552;2015/03/06 01:27:36;89178;90;28.7;22.2;2.651;1.977;1.296;3.161;0.099;1.125;89179
B31552;2015/03/06 01:27:46;89179;97;31.6;22.2;2.851;1.977;1.235;3.161;0.099;1.129;89180
B31552;2015/03/06 01:27:56;89180;78;29.0;21.8;2.658;1.941;1.235;3.161;0.106;1.119;89181
B31552;2015/03/06 01:28:06;89181;96;26.4;21.5;2.880;1.941;1.248;3.161;0.106;1.109;89182
B31552;2015/03/06 01:28:16;89182;78;27.4;22.5;2.848;1.970;1.248;3.145;0.106;1.145;89183
B31552;2015/03/06 01:28:26;89183;93;26.4;22.0;2.667;1.970;1.293;3.145;0.106;1.129;89184
B31552;2015/03/06 01:28:36;89184;95;31.2;21.8;2.638;1.961;1.293;3.145;0.174;1.122;89185
B31552;2015/03/06 01:28:46;89185;85;31.2;22.5;2.790;1.961;1.300;3.145;0.174;1.119;89186
B31552;2015/03/06 01:28:56;89186;81;27.4;22.4;2.854;1.977;1.300;3.116;0.174;1.122;89187
B31552;2015/03/06 01:29:06;89187;88;30.9;22.4;2.854;1.977;1.287;3.116;0.174;1.122;89188
B31552;2015/03/06 01:29:16;89188;89;31.2;22.0;2.677;1.941;1.287;3.116;0.122;1.129;89189
B31552;2015/03/06 01:29:26;89189;88;30.9;21.8;2.816;1.941;1.300;3.116;0.122;1.103;89190
B31552;2015/03/06 01:29:36;89190;91;31.2;21.8;2.651;1.941;1.300;3.119;0.122;1.135;89191
B31552;2015/03/06 01:29:46;89191;86;30.3;22.0;2.693;1.941;1.232;3.119;0.122;1.145;89192
B31552;2015/03/06 01:29:56;89192;98;28.3;22.7;2.645;1.948;1.232;3.119;0.096;1.135;89193
B31552;2015/03/06 01:30:06;89193;85;28.0;22.5;2.706;1.948;1.238;3.119;0.096;1.135;89194
B31552;2015/03/06 01:30:16;89194;88;30.0;22.4;2.829;1.945;1.238;3.148;0.096;1.138;89195
B31552;2015/03/06 01:30:26;89195;93;28.0;22.4;2.754;1.945;1.238;3.148;0.096;1.103;89196
B31552;2015/03/06 01:30:36;89196;93;26.4;22.0;2.645;1.941;1.238;3.148;0.099;1.125;89197
B31552;2015/03/06 01:30:46;89197;78;29.6;22.0;2.777;1.941;1.283;3.148;0.099;1.112;89198
B31552;2015/03/06 01:30:56;89198;90;32.5;22.4;2.654;1.980;1.283;3.116;0.099;1.135;89199
B31552;2015/03/06 01:31:06;89199;87;26.7;22.0;2.812;1.980;1.248;3.116;0.099;1.145;89200
B31552;2015/03/06 01:31:16;89200;93;27.7;22.0;2.812;1.983;1.248;3.116;0.167;1.103;89201
B31552;2015/03/06 01:31:26;89201;88;31.2;22.4;2.854;1.983;1.296;3.116;0.167;1.112;89202
B31552;2015/03/06 01:31:36;89202;93;28.7;22.4;2.780;1.945;1.296;3.154;0.167;1.109;89203
B31552;2015/03/06 01:31:46;89203;88;31.2;22.5;2.809;1.945;1.251;3.154;0.167;1.145;89204
B31552;2015/03/06 01:31:56;89204;91;29.6;22.0;2.867;1.983;1.251;3.154;0.103;1.109;89205
B31552;2015/03/06 01:32:06;89205;81;29.6;22.5;2.661;1.983;1.235;3.154;0.103;1.132;89206
B31552;2015/03/06 01:32:16;89206;92;30.0;22.0;2.861;1.970;1.235;3.148;0.103;1.119;89207
B31552;2015/03/06 01:32:26;89207;88;26.4;22.0;2.883;1.970;1.232;3.148;0.103;1.125;89208
B31552;2015/03/06 01:32:36;89208;98;31.2;22.2;2.638;1.945;1.232;3.148;0.112;1.135;89209
B31552;2015/03/06 01:32:46;89209;87;31.9;22.0;2.816;1.945;1.245;3.148;0.112;1.148;89210
B31552;2015/03/06 01:32:56;89210;89;32.9;22.0;2.867;1.961;1.245;3.138;0.112;1.096;89211
B31552;2015/03/06 01:33:06;89211;88;30.9;22.0;2.690;1.961;1.300;3.138;0.112;1.099;89212
B31552;2015/03/06 01:33:16;89212;87;31.2;21.5;2.632;1.964;1.300;3.138;0.154;1.099;89213
B31552;2015/03/06 01:33:26;89213;85;30.0;22.9;2.883;1.964;1.238;3.138;0.154;1.109;89214
B31552;2015/03/06 01:33:36;89214;96;30.3;21.7;2.854;1.987;1.238;3.125;0.154;1.122;89215
B31552;2015/03/06 01:33:46;89215;90;27.4;22.5;2.699;1.987;1.235;3.125;0.154;1.106;89216
B31552;2015/03/06 01:33:56;89216;92;31.6;21.8;2.651;1.964;1.235;3.125;0.174;1.135;89217
B31552;2015/03/06 01:34:06;89217;88;30.6;22.2;2.780;1.964;1.254;3.125;0.174;1.099;89218
B31552;2015/03/06 01:34:16;89218;86;33.8;21.8;2.841;1.945;1.254;3.145;0.174;1.132;89219
B31552;2015/03/06 01:34:26;89219;93;31.2;22.4;2.690;1.945;1.300;3.145;0.174;1.093;89220
B31552;2015/03/06 01:34:36;89220;84;29.3;22.2;2.703;1.964;1.300;3.145;0.174;1.093;89221
B31552;2015/03/06 01:34:46;89221;83;33.2;22.2;2.816;1.964;1.238;3.145;0.174;1.135;89222
B31552;2015/03/06 01:34:56;89222;90;29.3;22.9;2.861;1.958;1.238;3.125;0.174;1.129;89223
B31552;2015/03/06 01:35:06;89223;91;27.4;22.2;2.645;1.958;1.245;3.125;0.174;1.099;89224
B31552;2015/03/06 01:35:16;89224;85;27.7;22.4;2.867;1.951;1.245;3.125;0.106;1.116;89225
B31552;2015/03/06 01:35:26;89225;93;33.2;22.7;2.796;1.951;1.241;3.125;0.106;1.112;89226
B31552;2015/03/06 01:35:36;89226;89;32.2;21.5;2.651;1.983;1.241;3.148;0.106;1.116;89227
B31552;2015/03/06 01:35:46;89227;87;29.6;22.0;2.664;1.983;1.300;3.148;0.106;1.132;89228
B31552;2015/03/06 01:35:56;89228;83;30.6;22.2;2.658;1.967;1.300;3.148;0.125;1.099;89229
B31552;2015/03/06 01:36:06;89229;80;33.8;21.8;2.661;1.967;1.283;3.148;0.125;1.096;89230
B31552;2015/03/06 01:36:16;89230;87;27.0;22.4;2.861;1.945;1.283;3.167;0.125;1.119;89231
B31552;2015/03/06 01:36:26;89231;88;30.6;22.0;2.854;1.945;1.245;3.167;0.125;1.122;89232
B31552;2015/03/06 01:36:36;89232;95;31.2;22.4;2.767;1.948;1.245;3.167;0.112;1.112;89233
B31552;2015/03/06 01:36:46;89233;84;26.4;22.4;2.661;1.948;1.283;3.167;0.112;1.148;89234
B31552;2015/03/06 01:36:56;89234;88;32.5;21.8;2.670;1.977;1.283;3.167;0.112;1.141;89235
B31552;2015/03/06 01:37:06;89235;87;28.7;22.2;2.754;1.977;1.238;3.167;0.112;1.096;89236
B31552;2015/03/06 01:37:16;89236;93;30.0;22.7;2.880;1.948;1.238;3.167;0.109;1.141;89237
B31552;2015/03/06 01:37:26;89237;94;33.2;22.2;2.654;1.948;1.258;3.167;0.109;1.099;89238
B31552;2015/03/06 01:37:36;89238;95;32.5;21.8;2.722;1.948;1.258;3.116;0.109;1.135;89239
B31552;2015/03/06 01:37:46;89239;80;27.7;22.5;2.699;1.948;1.235;3.116;0.109;1.129;89240
B31552;2015/03/06 01:37:56;89240;86;28.3;22.5;2.645;1.967;1.235;3.116;0.135;1.099;89241
B31552;2015/03/06 01:38:06;89241;91;31.9;22.4;2.887;1.967;1.270;3.116;0.135;1.087;89242
B31552;2015/03/06 01:38:16;89242;87;27.7;22.5;2.816;1.967;1.270;3.141;0.135;1.090;89243
B31552;2015/03/06 01:38:26;89243;90;27.4;22.2;2.651;1.967;1.287;3.141;0.135;1.096;89244
B31552;2015/03/06 01:38:36;89244;82;29.3;22.0;2.880;1.954;1.287;3.141;0.106;1.145;89245
B31552;2015/03/06 01:38:46;89245;88;30.6;22.5;2.816;1.954;1.248;3.141;0.106;1.122;89246
B31552;2015/03/06 01:38:56;89246;90;30.6;22.4;2.812;1.983;1.248;3.167;0.106;1.096;89247
B31552;2015/03/06 01:39:06;89247;92;30.3;22.0;2.693;1.983;1.274;3.167;0.106;1.093;89248
B31552;2015/03/06 01:39:16;89248;90;31.2;22.2;2.638;1.970;1.274;3.167;0.099;1.093;89249
B31552;2015/03/06 01:39:26;89249;90;29.3;22.2;2.861;1.970;1.235;3.167;0.099;1.093;89250
B31552;2015/03/06 01:39:36;89250;86;32.9;21.8;2.735;1.987;1.235;3.122;0.099;1.125;89251
B31552;2015/03/06 01:39:46;89251;93;33.2;21.8;2.809;1.987;1.238;3.122;0.099;1.087;89252
B31552;2015/03/06 01:39:56;89252;88;26.4;22.4;2.829;1.945;1.238;3.122;0.103;1.106;89253
B31552;2015/03/06 01:40:06;89253;91;27.0;22.2;2.664;1.945;1.235;3.122;0.103;1.099;89254
B31552;2015/03/06 01:40:16;89254;97;27.4;22.0;2.803;1.987;1.235;3.138;0.103;1.087;89255
B31552;2015/03/06 01:40:26;89255;84;33.5;22.5;2.654;1.987;1.241;3.138;0.103;1.103;89256
B31552;2015/03/06 01:40:36;89256;85;28.3;22.7;2.654;1.948;1.241;3.138;0.099;1.099;89257
B31552;2015/03/06 01:40:46;89257;88;27.7;22.2;2.638;1.948;1.238;3.138;0.099;1.112;89258
B31552;2015/03/06 01:40:56;89258;83;31.2;21.8;2.638;1.961;1.238;3.141;0.099;1.099;89259
B31552;2015/03/06 01:41:06;89259;91;32.2;22.4;2.729;1.961;1.235;3.141;0.099;1.109;89260
B31552;2015/03/06 01:41:16;89260;88;27.7;22.4;2.880;1.948;1.235;3.141;0.099;1.138;89261
B31552;2015/03/06 01:41:26;89261;93;30.6;22.4;2.745;1.948;1.241;3.141;0.099;1.135;89262
B31552;2015/03/06 01:41:36;89262;89;27.4;22.2;2.796;1.977;1.241;3.112;0.099;1.129;89263
B31552;2015/03/06 01:41:46;89263;83;33.2;22.4;2.745;1.977;1.296;3.112;0.099;1.093;89264
B31552;2015/03/06 01:41:56;89264;81;33.2;22.7;2.654;1.980;1.296;3.112;0.154;1.106;89265
B31552;2015/03/06 01:42:06;89265;92;32.5;22.0;2.664;1.980;1.238;3.112;0.154;1.135;89266
B31552;2015/03/06 01:42:16;89266;87;29.0;21.8;2.867;1.967;1.238;3.132;0.154;1.099;89267
B31552;2015/03/06 01:42:26;89267;83;27.0;22.4;2.638;1.967;1.248;3.132;0.154;1.138;89268
B31552;2015/03/06 01:42:36;89268;90;31.9;21.8;2.648;1.974;1.248;3.132;0.099;1.106;89269
B31552;2015/03/06 01:42:46;89269;90;33.5;22.0;2.806;1.974;1.235;3.132;0.099;1.135;89270
B31552;2015/03/06 01:42:56;89270;97;26.7;22.2;2.812;1.970;1.235;3.125;0.099;1.112;89271
B31552;2015/03/06 01:43:06;89271;87;26.7;22.2;2.845;1.970;1.300;3.125;0.099;1.099;89272
B31552;2015/03/06 01:43:16;89272;91;27.0;22.4;2.845;1.983;1.300;3.125;0.103;1.132;89273
B31552;2015/03/06 01:43:26;89273;87;27.7;22.5;2.635;1.983;1.241;3.125;0.103;1.116;89274
B31552;2015/03/06 01:43:36;89274;93;30.0;22.7;2.670;1.987;1.241;3.148;0.103;1.106;89275
B31552;2015/03/06 01:43:46;89275;88;27.0;22.4;2.680;1.987;1.270;3.148;0.103;1.132;89276
B31552;2015/03/06 01:43:56;89276;90;30.0;22.5;2.670;1.983;1.270;3.148;0.109;1.087;89277
B31552;2015/03/06 01:44:06;89277;96;31.2;22.4;2.709;1.983;1.248;3.148;0.109;1.090;89278
B31552;2015/03/06 01:44:16;89278;92;31.2;22.2;2.774;1.958;1.248;3.148;0.109;1.132;89279
B31552;2015/03/06 01:44:26;89279;88;30.3;23.2;2.835;1.958;1.303;3.148;0.109;1.132;89280
B31552;2015/03/06 01:44:36;89280;93;33.2;22.2;2.658;1.983;1.303;3.148;0.170;1.093;89281
B31552;2015/03/06 01:44:46;89281;88;25.8;22.0;2.887;1.983;1.277;3.148;0.170;1.103;89282
B31552;2015/03/06 01:44:56;89282;96;27.0;22.4;2.845;1.970;1.277;3.148;0.170;1.129;89283
B31552;2015/03/06 01:45:06;89283;84;27.4;22.7;2.648;1.970;1.300;3.148;0.170;1.083;89284
B31552;2015/03/06 01:45:16;89284;88;29.6;22.0;2.867;1.967;1.300;3.148;0.099;1.125;89285
B31552;2015/03/06 01:45:26;89285;88;28.0;22.4;2.854;1.967;1.270;3.148;0.099;1.138;89286
B31552;2015/03/06 01:45:36;89286;90;32.5;22.5;2.645;1.967;1.270;3.170;0.099;1.122;89287
B31552;2015/03/06 01:45:46;89287;90;27.0;22.2;2.648;1.967;1.241;3.170;0.099;1.122;89288
B31552;2015/03/06 01:45:56;89288;92;30.3;22.2;2.661;1.990;1.241;3.170;0.103;1.099;89289
B31552;2015/03/06 01:46:06;89289;83;33.5;22.4;2.793;1.990;1.303;3.170;0.103;1.119;89290
B31552;2015/03/06 01:46:16;89290;97;27.0;22.4;2.648;1.990;1.303;3.132;0.103;1.122;89291
B31552;2015/03/06 01:46:26;89291;91;28.7;22.2;2.651;1.990;1.287;3.132;0.103;1.138;89292
B31552;2015/03/06 01:46:36;89292;94;30.3;21.8;2.632;1.990;1.287;3.132;0.116;1.103;89293
B31552;2015/03/06 01:46:46;89293;88;29.6;21.7;2.729;1.990;1.296;3.132;0.116;1.129;89294
B31552;2015/03/06 01:46:56;89294;93;31.2;21.8;2.645;1.970;1.296;3.138;0.116;1.103;89295
B31552;2015/03/06 01:47:06;89295;92;27.7;22.7;2.645;1.970;1.261;3.138;0.116;1.132;89296
B31552;2015/03/06 01:47:16;89296;98;30.3;21.8;2.880;1.974;1.261;3.138;0.161;1.099;89297
B31552;2015/03/06 01:47:26;89297;95;26.7;22.2;2.670;1.974;1.241;3.138;0.161;1.112;89298
B31552;2015/03/06 01:47:36;89298;92;27.4;22.4;2.864;1.990;1.241;3.161;0.161;1.090;89299
B31552;2015/03/06 01:47:46;89299;87;31.9;22.5;2.783;1.990;1.300;3.161;0.161;1.122;89300
B31552;2015/03/06 01:47:56;89300;88;30.3;21.8;2.645;1.970;1.300;3.161;0.096;1.122;89301
B31552;2015/03/06 01:48:06;89301;91;26.4;21.8;2.654;1.970;1.258;3.161;0.096;1.099;89302
B31552;2015/03/06 01:48:16;89302;85;33.2;22.2;2.664;1.980;1.258;3.148;0.096;1.109;89303
B31552;2015/03/06 01:48:26;89303;83;32.5;22.2;2.648;1.980;1.254;3.148;0.096;1.135;89304
B31552;2015/03/06 01:48:36;89304;88;26.7;22.4;2.638;1.990;1.254;3.148;0.099;1.093;89305
B31552;2015/03/06 01:48:46;89305;89;28.3;21.5;2.877;1.990;1.293;3.148;0.099;1.129;89306
B31552;2015/03/06 01:48:56;89306;81;31.2;22.7;2.677;1.948;1.293;3.164;0.099;1.125;89307
B31552;2015/03/06 01:49:06;89307;94;27.0;22.2;2.741;1.948;1.238;3.164;0.099;1.122;89308
B31552;2015/03/06 01:49:16;89308;85;27.0;22.7;2.845;1.990;1.238;3.164;0.161;1.093;89309
B31552;2015/03/06 01:49:26;89309;89;33.2;22.5;2.783;1.990;1.261;3.164;0.161;1.096;89310
B31552;2015/03/06 01:49:36;89310;94;30.3;21.8;2.854;1.970;1.261;3.125;0.161;1.122;89311
B31552;2015/03/06 01:49:46;89311;83;29.3;22.2;2.835;1.970;1.241;3.125;0.161;1.112;89312
B31552;2015/03/06 01:49:56;89312;92;32.2;21.8;2.645;1.990;1.241;3.125;0.103;1.112;89313
B31552;2015/03/06 01:50:06;89313;86;30.6;22.9;2.887;1.990;1.248;3.125;0.103;1.119;89314
B31552;2015/03/06 01:50:16;89314;94;31.6;21.8;2.696;1.980;1.248;3.138;0.103;1.093;89315
B31552;2015/03/06 01:50:26;89315;91;27.4;21.8;2.887;1.980;1.241;3.138;0.103;1.090;89316
B31552;2015/03/06 01:50:36;89316;97;27.7;22.4;2.651;1.990;1.241;3.138;0.106;1.087;89317
B31552;2015/03/06 01:50:46;89317;94;27.4;22.0;2.651;1.990;1.280;3.138;0.106;1.083;89318
B31552;2015/03/06 01:50:56;89318;85;29.3;22.2;2.854;1.948;1.280;3.145;0.106;1.093;89319
B31552;2015/03/06 01:51:06;89319;84;31.9;21.8;2.848;1.948;1.293;3.145;0.106;1.083;89320
B31552;2015/03/06 01:51:16;89320;93;30.3;21.8;2.632;1.958;1.293;3.145;0.093;1.112;89321
B31552;2015/03/06 01:51:26;89321;88;28.3;22.4;2.699;1.958;1.238;3.145;0.093;1.132;89322
B31552;2015/03/06 01:51:36;89322;95;30.3;22.2;2.654;1.948;1.238;3.154;0.093;1.080;89323
B31552;2015/03/06 01:51:46;89323;87;29.6;22.2;2.877;1.948;1.241;3.154;0.093;1.083;89324
B31552;2015/03/06 01:51:56;89324;98;28.3;22.2;2.854;1.967;1.241;3.154;0.138;1.099;89325
B31552;2015/03/06 01:52:06;89325;81;27.0;22.2;2.787;1.967;1.303;3.154;0.138;1.116;89326
B31552;2015/03/06 01:52:16;89326;93;30.0;22.2;2.664;1.987;1.303;3.170;0.138;1.103;89327
B31552;2015/03/06 01:52:26;89327;83;31.2;22.7;2.758;1.987;1.300;3.170;0.138;1.093;89328
B31552;2015/03/06 01:52:36;89328;95;31.6;21.8;2.638;1.948;1.300;3.170;0.099;1.129;89329
B31552;2015/03/06 01:52:46;89329;89;29.3;22.2;2.751;1.948;1.300;3.170;0.099;1.129;89330
B31552;2015/03/06 01:52:56;89330;91;27.7;22.7;2.867;1.951;1.300;3.170;0.099;1.135;89331
B31552;2015/03/06 01:53:06;89331;81;27.0;22.0;2.806;1.951;1.303;3.170;0.099;1.112;89332
B31552;2015/03/06 01:53:16;89332;90;27.7;22.4;2.867;1.951;1.303;3.170;0.161;1.106;89333
B31552;2015/03/06 01:53:26;89333;94;27.0;21.5;2.887;1.951;1.241;3.170;0.161;1.109;89334
B31552;2015/03/06 01:53:36;89334;92;28.3;22.7;2.880;1.948;1.241;3.170;0.161;1.106;89335
B31552;2015/03/06 01:53:46;89335;79;31.2;22.0;2.841;1.948;1.261;3.170;0.161;1.109;89336
B31552;2015/03/06 01:53:56;89336;91;30.0;22.7;2.703;1.948;1.261;3.170;0.116;1.129;89337
B31552;2015/03/06 01:54:06;89337;94;27.7;22.5;2.693;1.948;1.303;3.170;0.116;1.099;89338
B31552;2015/03/06 01:54:16;89338;78;27.0;22.7;2.645;1.951;1.303;3.138;0.116;1.112;89339
B31552;2015/03/06 01:54:26;89339;85;27.4;21.8;2.887;1.951;1.251;3.138;0.116;1.135;89340
B31552;2015/03/06 01:54:36;89340;97;26.1;22.5;2.822;1.948;1.251;3.138;0.190;1.129;89341
B31552;2015/03/06 01:54:46;89341;84;27.7;22.7;2.690;1.948;1.293;3.138;0.190;1.132;89342
B31552;2015/03/06 01:54:56;89342;92;31.6;22.7;2.677;1.948;1.293;3.174;0.190;1.132;89343
B31552;2015/03/06 01:55:06;89343;94;31.2;22.4;2.693;1.948;1.258;3.174;0.190;1.087;89344
B31552;2015/03/06 01:55:16;89344;89;31.6;21.8;2.645;1.990;1.258;3.174;0.177;1.087;89345
B31552;2015/03/06 01:55:26;89345;88;28.0;22.5;2.835;1.990;1.270;3.174;0.177;1.109;89346
B31552;2015/03/06 01:55:36;89346;91;28.7;22.4;2.658;1.951;1.270;3.177;0.177;1.090;89347
B31552;2015/03/06 01:55:46;89347;79;26.7;22.0;2.877;1.951;1.306;3.177;0.177;1.103;89348
B31552;2015/03/06 01:55:56;89348;85;31.2;21.8;2.658;1.967;1.306;3.177;0.164;1.132;89349
B31552;2015/03/06 01:56:06;89349;95;28.0;22.5;2.864;1.967;1.241;3.177;0.164;1.138;89350
B31552;2015/03/06 01:56:16;89350;82;30.6;22.0;2.658;1.961;1.241;3.125;0.164;1.141;89351
B31552;2015/03/06 01:56:26;89351;94;30.6;22.5;2.703;1.961;1.245;3.125;0.164;1.093;89352
B31552;2015/03/06 01:56:36;89352;92;29.3;22.4;2.767;1.951;1.245;3.125;0.138;1.119;89353
B31552;2015/03/06 01:56:46;89353;88;26.4;22.0;2.858;1.951;1.241;3.125;0.138;1.125;89354
B31552;2015/03/06 01:56:56;89354;95;27.4;22.4;2.858;1.951;1.241;3.161;0.138;1.093;89355
B31552;2015/03/06 01:57:06;89355;90;26.4;22.2;2.858;1.951;1.238;3.161;0.138;1.090;89356
B31552;2015/03/06 01:57:16;89356;94;33.5;22.2;2.661;1.983;1.238;3.161;0.112;1.122;89357
B31552;2015/03/06 01:57:26;89357;94;30.3;22.7;2.803;1.983;1.303;3.161;0.112;1.103;89358
B31552;2015/03/06 01:57:36;89358;85;32.5;22.5;2.880;1.961;1.303;3.161;0.112;1.080;89359
B31552;2015/03/06 01:57:46;89359;89;27.0;22.0;2.858;1.961;1.296;3.161;0.112;1.090;89360
B31552;2015/03/06 01:57:56;89360;92;29.0;21.8;2.880;1.964;1.296;3.161;0.090;1.116;89361
B31552;2015/03/06 01:58:06;89361;87;30.3;22.5;2.829;1.964;1.241;3.161;0.090;1.087;89362
B31552;2015/03/06 01:58:16;89362;88;26.7;22.4;2.845;1.967;1.241;3.138;0.090;1.090;89363
B31552;2015/03/06 01:58:26;89363;82;30.0;23.1;2.803;1.967;1.306;3.138;0.090;1.096;89364
B31552;2015/03/06 01:58:36;89364;89;30.0;22.2;2.677;1.993;1.306;3.138;0.122;1.093;89365
B31552;2015/03/06 01:58:46;89365;84;27.0;22.2;2.793;1.993;1.241;3.138;0.122;1.132;89366
B31552;2015/03/06 01:58:56;89366;87;27.7;22.2;2.654;1.970;1.241;3.154;0.122;1.080;89367
B31552;2015/03/06 01:59:06;89367;92;31.9;22.0;2.732;1.970;1.287;3.154;0.122;1.083;89368
B31552;2015/03/06 01:59:16;89368;84;31.6;22.4;2.661;1.993;1.287;3.154;0.109;1.103;89369
B31552;2015/03/06 01:59:26;89369;94;27.0;22.7;2.722;1.993;1.274;3.154;0.109;1.080;89370
B31552;2015/03/06 01:59:36;89370;92;31.9;22.5;2.703;1.977;1.274;3.125;0.109;1.109;89371
B31552;2015/03/06 01:59:46;89371;83;28.3;21.5;2.887;1.977;1.300;3.125;0.109;1.129;89372
B31552;2015/03/06 01:59:56;89372;97;26.4;22.4;2.835;1.967;1.300;3.125;0.170;1.087;89373
B31552;2015/03/06 02:00:06;89373;94;31.9;22.4;2.841;1.967;1.287;3.125;0.170;1.132;89374
B31552;2015/03/06 02:00:16;89374;88;26.7;22.0;2.854;1.980;1.287;3.125;0.170;1.129;89375
B31552;2015/03/06 02:00:26;89375;93;26.4;22.0;2.787;1.980;1.251;3.125;0.170;1.093;89376
B31552;2015/03/06 02:00:36;89376;88;30.0;22.7;2.690;1.977;1.251;3.125;0.103;1.125;89377
