B31570;2015/03/02 00:00:02;18790;76;30.9;29.1;2.493;1.480;1.167;2.170;0.077;0.435;18791
B31570;2015/03/02 00:00:11;18791;70;25.8;29.5;2.348;1.480;1.125;2.170;0.077;0.445;18792
B31570;2015/03/02 00:00:22;18792;66;26.7;29.6;2.303;1.519;1.125;2.170;0.077;0.448;18793
B31570;2015/03/02 00:00:31;18793;76;24.5;29.1;2.487;1.519;1.145;2.170;0.077;0.425;18794
B31570;2015/03/02 00:00:42;18794;65;24.5;29.6;2.419;1.493;1.145;2.180;0.077;0.458;18795
B31570;2015/03/02 00:00:51;18795;86;26.4;29.1;2.467;1.493;1.116;2.180;0.077;0.432;18796
B31570;2015/03/02 00:01:01;18796;85;24.1;29.5;2.435;1.500;1.116;2.180;0.070;0.464;18797
B31570;2015/03/02 00:01:11;18797;80;24.8;29.6;2.503;1.500;1.135;2.180;0.070;0.422;18798
B31570;2015/03/02 00:01:22;18798;65;23.5;28.8;2.448;1.525;1.135;2.174;0.070;0.425;18799
B31570;2015/03/02 00:01:31;18799;84;29.3;29.6;2.383;1.525;1.141;2.174;0.070;0.454;18800
B31570;2015/03/02 00:01:41;18800;73;25.8;29.6;2.319;1.509;1.141;2.174;0.112;0.429;18801
B31570;2015/03/02 00:01:51;18801;64;28.0;29.5;2.425;1.509;1.119;2.174;0.112;0.422;18802
B31570;2015/03/02 00:02:02;18802;75;27.0;30.0;2.425;1.512;1.119;2.164;0.112;0.448;18803
B31570;2015/03/02 00:02:11;18803;84;26.7;29.3;2.309;1.512;1.170;2.164;0.112;0.441;18804
B31570;2015/03/02 00:02:21;18804;73;25.1;29.6;2.396;1.522;1.170;2.164;0.109;0.422;18805
B31570;2015/03/02 00:02:31;18805;73;26.4;29.5;2.303;1.522;1.170;2.164;0.109;0.432;18806
B31570;2015/03/02 00:02:42;18806;71;29.0;29.8;2.319;1.490;1.170;2.170;0.109;0.458;18807
B31570;2015/03/02 00:02:51;18807;76;27.4;29.3;2.322;1.490;1.122;2.170;0.109;0.438;18808
B31570;2015/03/02 00:03:01;18808;74;27.0;29.6;2.454;1.500;1.122;2.170;0.132;0.422;18809
B31570;2015/03/02 00:03:11;18809;85;26.1;29.1;2.474;1.500;1.148;2.170;0.132;0.429;18810
B31570;2015/03/02 00:03:22;18810;76;27.0;29.6;2.477;1.496;1.148;2.199;0.132;0.470;18811
B31570;2015/03/02 00:03:31;18811;78;28.0;29.3;2.316;1.496;1.116;2.199;0.132;0.445;18812
B31570;2015/03/02 00:03:41;18812;87;27.7;29.6;2.461;1.503;1.116;2.199;0.145;0.448;18813
B31570;2015/03/02 00:03:51;18813;70;25.1;29.6;2.490;1.503;1.119;2.199;0.145;0.451;18814
B31570;2015/03/02 00:04:02;18814;71;27.4;30.0;2.390;1.500;1.119;2.177;0.145;0.422;18815
B31570;2015/03/02 00:04:11;18815;83;25.8;29.8;2.374;1.500;1.125;2.177;0.145;0.464;18816
B31570;2015/03/02 00:04:21;18816;68;26.4;30.0;2.493;1.483;1.125;2.177;0.183;0.429;18817
B31570;2015/03/02 00:04:31;18817;77;29.3;29.6;2.448;1.483;1.122;2.177;0.183;0.441;18818
B31570;2015/03/02 00:04:42;18818;75;24.1;29.6;2.451;1.516;1.122;2.212;0.183;0.429;18819
B31570;2015/03/02 00:04:51;18819;71;27.7;29.1;2.496;1.516;1.154;2.212;0.183;0.438;18820
B31570;2015/03/02 00:05:02;18820;78;28.0;29.8;2.312;1.483;1.154;2.212;0.067;0.464;18821
B31570;2015/03/02 00:05:11;18821;74;24.5;29.1;2.490;1.483;1.167;2.212;0.067;0.432;18822
B31570;2015/03/02 00:05:22;18822;80;28.7;29.3;2.383;1.512;1.167;2.193;0.067;0.429;18823
B31570;2015/03/02 00:05:31;18823;73;28.7;29.6;2.396;1.512;1.158;2.193;0.067;0.429;18824
B31570;2015/03/02 00:05:41;18824;80;28.7;29.1;2.496;1.496;1.158;2.193;0.154;0.441;18825
B31570;2015/03/02 00:05:51;18825;86;26.4;29.3;2.309;1.496;1.132;2.193;0.154;0.429;18826
B31570;2015/03/02 00:06:02;18826;75;29.0;29.3;2.503;1.487;1.132;2.209;0.154;0.458;18827
B31570;2015/03/02 00:06:11;18827;69;25.1;29.3;2.354;1.487;1.174;2.209;0.154;0.464;18828
B31570;2015/03/02 00:06:21;18828;63;28.0;29.5;2.335;1.487;1.174;2.209;0.083;0.451;18829
B31570;2015/03/02 00:06:31;18829;85;26.1;28.8;2.470;1.487;1.170;2.209;0.083;0.445;18830
B31570;2015/03/02 00:06:42;18830;84;29.0;29.1;2.487;1.493;1.170;2.180;0.083;0.422;18831
B31570;2015/03/02 00:06:51;18831;70;24.5;29.5;2.470;1.493;1.125;2.180;0.083;0.445;18832
B31570;2015/03/02 00:07:01;18832;73;27.4;29.8;2.390;1.500;1.125;2.180;0.087;0.448;18833
B31570;2015/03/02 00:07:11;18833;83;26.4;29.8;2.296;1.500;1.119;2.180;0.087;0.425;18834
B31570;2015/03/02 00:07:22;18834;86;28.7;29.5;2.322;1.506;1.119;2.167;0.087;0.441;18835
B31570;2015/03/02 00:07:31;18835;81;28.3;30.0;2.435;1.506;1.158;2.167;0.087;0.422;18836
B31570;2015/03/02 00:07:41;18836;78;28.7;29.5;2.467;1.519;1.158;2.167;0.132;0.458;18837
B31570;2015/03/02 00:07:51;18837;70;29.3;29.8;2.416;1.519;1.119;2.167;0.132;0.464;18838
B31570;2015/03/02 00:08:02;18838;84;24.1;29.6;2.329;1.483;1.119;2.193;0.132;0.429;18839
B31570;2015/03/02 00:08:11;18839;73;26.7;30.2;2.422;1.483;1.122;2.193;0.132;0.451;18840
B31570;2015/03/02 00:08:21;18840;78;25.8;29.6;2.500;1.503;1.122;2.193;0.087;0.422;18841
B31570;2015/03/02 00:08:31;18841;71;27.4;30.0;2.322;1.503;1.122;2.193;0.087;0.458;18842
B31570;2015/03/02 00:08:42;18842;72;26.7;29.5;2.309;1.500;1.122;2.193;0.087;0.451;18843
B31570;2015/03/02 00:08:51;18843;79;24.8;29.8;2.496;1.500;1.141;2.193;0.087;0.432;18844
B31570;2015/03/02 00:09:01;18844;87;26.4;29.8;2.435;1.522;1.141;2.193;0.132;0.422;18845
B31570;2015/03/02 00:09:11;18845;83;26.1;29.8;2.403;1.522;1.151;2.193;0.132;0.432;18846
B31570;2015/03/02 00:09:22;18846;83;26.1;29.6;2.316;1.500;1.151;2.170;0.132;0.451;18847
B31570;2015/03/02 00:09:31;18847;71;25.8;29.3;2.474;1.500;1.145;2.170;0.132;0.441;18848
B31570;2015/03/02 00:09:41;18848;76;26.4;30.0;2.500;1.516;1.145;2.170;0.103;0.438;18849
B31570;2015/03/02 00:09:51;18849;76;28.0;28.9;2.341;1.516;1.174;2.170;0.103;0.474;18850
B31570;2015/03/02 00:10:02;18850;80;26.4;29.6;2.496;1.519;1.174;2.206;0.103;0.451;18851
B31570;2015/03/02 00:10:11;18851;73;28.7;29.6;2.399;1.519;1.158;2.206;0.103;0.429;18852
B31570;2015/03/02 00:10:21;18852;83;26.7;29.8;2.490;1.506;1.158;2.206;0.083;0.458;18853
B31570;2015/03/02 00:10:31;18853;70;23.8;29.1;2.493;1.506;1.132;2.206;0.083;0.467;18854
B31570;2015/03/02 00:10:42;18854;72;27.0;29.1;2.412;1.522;1.132;2.180;0.083;0.438;18855
B31570;2015/03/02 00:10:51;18855;79;26.4;29.8;2.316;1.522;1.164;2.180;0.083;0.438;18856
B31570;2015/03/02 00:11:01;18856;69;28.0;29.6;2.487;1.522;1.164;2.180;0.077;0.441;18857
B31570;2015/03/02 00:11:11;18857;79;28.7;29.8;2.345;1.522;1.119;2.180;0.077;0.429;18858
B31570;2015/03/02 00:11:22;18858;77;26.1;29.6;2.409;1.487;1.119;2.187;0.077;0.445;18859
B31570;2015/03/02 00:11:31;18859;81;27.0;29.1;2.467;1.487;1.174;2.187;0.077;0.445;18860
B31570;2015/03/02 00:11:41;18860;85;27.4;29.5;2.480;1.487;1.174;2.187;0.087;0.435;18861
B31570;2015/03/02 00:11:51;18861;74;23.8;28.8;2.493;1.487;1.122;2.187;0.087;0.422;18862
B31570;2015/03/02 00:12:02;18862;68;27.4;30.0;2.480;1.487;1.122;2.212;0.087;0.441;18863
B31570;2015/03/02 00:12:11;18863;82;24.5;29.1;2.500;1.487;1.164;2.212;0.087;0.422;18864
B31570;2015/03/02 00:12:21;18864;78;30.0;29.6;2.322;1.493;1.164;2.212;0.125;0.445;18865
B31570;2015/03/02 00:12:31;18865;73;26.7;29.8;2.335;1.493;1.119;2.212;0.125;0.422;18866
B31570;2015/03/02 00:12:42;18866;78;25.4;29.8;2.422;1.503;1.119;2.180;0.125;0.448;18867
B31570;2015/03/02 00:12:51;18867;74;28.0;29.5;2.448;1.503;1.132;2.180;0.125;0.451;18868
B31570;2015/03/02 00:13:01;18868;87;24.5;29.6;2.322;1.509;1.132;2.180;0.077;0.458;18869
B31570;2015/03/02 00:13:11;18869;77;29.3;29.8;2.325;1.509;1.129;2.180;0.077;0.429;18870
B31570;2015/03/02 00:13:22;18870;88;27.0;30.0;2.416;1.506;1.129;2.164;0.077;0.429;18871
B31570;2015/03/02 00:13:31;18871;74;29.3;29.6;2.425;1.506;1.119;2.164;0.077;0.445;18872
B31570;2015/03/02 00:13:41;18872;74;27.7;29.5;2.474;1.509;1.119;2.164;0.096;0.422;18873
B31570;2015/03/02 00:13:51;18873;70;25.1;29.5;2.474;1.509;1.145;2.164;0.096;0.467;18874
B31570;2015/03/02 00:14:02;18874;64;27.0;29.6;2.500;1.503;1.145;2.170;0.096;0.438;18875
B31570;2015/03/02 00:14:11;18875;81;26.1;29.5;2.451;1.503;1.129;2.170;0.096;0.422;18876
B31570;2015/03/02 00:14:21;18876;73;23.8;29.3;2.329;1.509;1.129;2.170;0.096;0.474;18877
B31570;2015/03/02 00:14:31;18877;85;26.1;29.5;2.490;1.509;1.138;2.170;0.096;0.435;18878
B31570;2015/03/02 00:14:42;18878;83;26.7;29.5;2.354;1.490;1.138;2.225;0.096;0.422;18879
B31570;2015/03/02 00:14:51;18879;87;25.8;29.1;2.316;1.490;1.129;2.225;0.096;0.448;18880
B31570;2015/03/02 00:15:01;18880;78;26.1;29.6;2.435;1.525;1.129;2.225;0.087;0.464;18881
B31570;2015/03/02 00:15:11;18881;78;29.6;29.5;2.338;1.525;1.148;2.225;0.087;0.454;18882
B31570;2015/03/02 00:15:22;18882;89;27.0;29.5;2.319;1.503;1.148;2.212;0.087;0.435;18883
B31570;2015/03/02 00:15:31;18883;63;28.0;29.5;2.438;1.503;1.174;2.212;0.087;0.422;18884
B31570;2015/03/02 00:15:41;18884;81;28.0;29.1;2.341;1.512;1.174;2.212;0.087;0.470;18885
B31570;2015/03/02 00:15:51;18885;64;30.6;29.8;2.322;1.512;1.125;2.212;0.087;0.422;18886
B31570;2015/03/02 00:16:02;18886;75;30.3;29.1;2.503;1.496;1.125;2.187;0.087;0.458;18887
B31570;2015/03/02 00:16:11;18887;78;24.8;29.6;2.477;1.496;1.129;2.187;0.087;0.458;18888
B31570;2015/03/02 00:16:21;18888;76;28.7;28.9;2.483;1.519;1.129;2.187;0.096;0.458;18889
B31570;2015/03/02 00:16:31;18889;74;24.1;29.1;2.309;1.519;1.180;2.187;0.096;0.422;18890
B31570;2015/03/02 00:16:42;18890;84;25.1;29.3;2.429;1.525;1.180;2.190;0.096;0.451;18891
B31570;2015/03/02 00:16:51;18891;83;27.7;29.3;2.409;1.525;1.161;2.190;0.096;0.422;18892
B31570;2015/03/02 00:17:02;18892;87;26.4;29.6;2.435;1.500;1.161;2.190;0.109;0.458;18893
B31570;2015/03/02 00:17:11;18893;71;25.4;29.1;2.467;1.500;1.180;2.190;0.109;0.435;18894
B31570;2015/03/02 00:17:22;18894;73;28.3;29.3;2.306;1.506;1.180;2.212;0.109;0.422;18895
B31570;2015/03/02 00:17:31;18895;79;28.0;29.1;2.477;1.506;1.125;2.212;0.109;0.458;18896
B31570;2015/03/02 00:17:41;18896;77;24.5;30.0;2.474;1.496;1.125;2.212;0.077;0.435;18897
B31570;2015/03/02 00:17:51;18897;85;29.3;29.6;2.341;1.496;1.154;2.212;0.077;0.451;18898
B31570;2015/03/02 00:18:02;18898;75;30.0;29.5;2.316;1.516;1.154;2.212;0.077;0.438;18899
B31570;2015/03/02 00:18:11;18899;66;23.8;29.6;2.506;1.516;1.145;2.212;0.077;0.422;18900
B31570;2015/03/02 00:18:21;18900;84;25.8;29.6;2.419;1.496;1.145;2.212;0.077;0.425;18901
B31570;2015/03/02 00:18:31;18901;66;25.8;29.6;2.367;1.496;1.135;2.212;0.077;0.445;18902
B31570;2015/03/02 00:18:42;18902;77;25.4;29.3;2.329;1.493;1.135;2.190;0.077;0.429;18903
B31570;2015/03/02 00:18:51;18903;79;28.7;30.0;2.438;1.493;1.177;2.190;0.077;0.458;18904
B31570;2015/03/02 00:19:01;18904;74;28.0;29.8;2.306;1.512;1.177;2.190;0.080;0.422;18905
B31570;2015/03/02 00:19:11;18905;73;24.5;29.1;2.490;1.512;1.145;2.190;0.080;0.425;18906
B31570;2015/03/02 00:19:22;18906;76;28.0;29.8;2.299;1.529;1.145;2.174;0.080;0.441;18907
B31570;2015/03/02 00:19:31;18907;69;26.7;29.6;2.316;1.529;1.161;2.174;0.080;0.435;18908
B31570;2015/03/02 00:19:41;18908;72;28.0;29.6;2.387;1.532;1.161;2.174;0.135;0.435;18909
B31570;2015/03/02 00:19:51;18909;83;25.4;29.6;2.332;1.532;1.154;2.174;0.135;0.422;18910
B31570;2015/03/02 00:20:02;18910;79;30.0;30.0;2.306;1.500;1.154;2.225;0.135;0.458;18911
B31570;2015/03/02 00:20:11;18911;75;28.0;28.8;2.316;1.500;1.138;2.225;0.135;0.425;18912
B31570;2015/03/02 00:20:21;18912;81;27.0;30.2;2.470;1.512;1.138;2.225;0.132;0.451;18913
B31570;2015/03/02 00:20:31;18913;73;29.3;29.6;2.396;1.512;1.132;2.225;0.132;0.429;18914
B31570;2015/03/02 00:20:42;18914;77;25.4;30.0;2.329;1.493;1.132;2.183;0.132;0.422;18915
B31570;2015/03/02 00:20:51;18915;75;27.4;29.6;2.393;1.493;1.132;2.183;0.132;0.435;18916
B31570;2015/03/02 00:21:01;18916;73;26.1;30.0;2.438;1.525;1.132;2.183;0.103;0.429;18917
B31570;2015/03/02 00:21:11;18917;68;29.3;30.2;2.500;1.525;1.129;2.183;0.103;0.422;18918
B31570;2015/03/02 00:21:22;18918;74;24.8;30.0;2.354;1.496;1.129;2.187;0.103;0.458;18919
B31570;2015/03/02 00:21:31;18919;76;24.5;29.5;2.500;1.496;1.129;2.187;0.103;0.422;18920
B31570;2015/03/02 00:21:42;18920;65;29.3;29.3;2.299;1.509;1.129;2.187;0.190;0.451;18921
B31570;2015/03/02 00:21:51;18921;74;23.8;29.1;2.506;1.509;1.132;2.187;0.190;0.422;18922
B31570;2015/03/02 00:22:02;18922;68;29.3;29.5;2.312;1.512;1.132;2.193;0.190;0.435;18923
B31570;2015/03/02 00:22:11;18923;83;28.3;29.5;2.512;1.512;1.132;2.193;0.190;0.419;18924
B31570;2015/03/02 00:22:21;18924;76;24.1;29.5;2.332;1.529;1.132;2.193;0.087;0.438;18925
B31570;2015/03/02 00:22:31;18925;75;26.4;29.1;2.454;1.529;1.158;2.193;0.087;0.448;18926
B31570;2015/03/02 00:22:42;18926;73;25.8;30.2;2.425;1.509;1.158;2.206;0.087;0.422;18927
B31570;2015/03/02 00:22:51;18927;78;26.7;29.6;2.319;1.509;1.132;2.206;0.087;0.445;18928
B31570;2015/03/02 00:23:01;18928;73;28.3;29.3;2.487;1.500;1.132;2.206;0.083;0.458;18929
B31570;2015/03/02 00:23:11;18929;72;28.0;29.5;2.464;1.500;1.129;2.206;0.083;0.451;18930
B31570;2015/03/02 00:23:22;18930;74;25.1;30.0;2.500;1.500;1.129;2.161;0.083;0.438;18931
B31570;2015/03/02 00:23:31;18931;70;30.6;30.2;2.358;1.500;1.132;2.161;0.083;0.454;18932
B31570;2015/03/02 00:23:41;18932;77;30.6;28.9;2.425;1.532;1.132;2.161;0.090;0.422;18933
B31570;2015/03/02 00:23:51;18933;77;25.1;28.9;2.480;1.532;1.183;2.161;0.090;0.425;18934
B31570;2015/03/02 00:24:02;18934;81;25.8;29.5;2.329;1.509;1.183;2.177;0.090;0.422;18935
B31570;2015/03/02 00:24:11;18935;83;28.7;30.0;2.332;1.509;1.154;2.177;0.090;0.425;18936
B31570;2015/03/02 00:24:21;18936;75;28.7;29.3;2.341;1.516;1.154;2.177;0.077;0.432;18937
B31570;2015/03/02 00:24:31;18937;82;26.7;29.6;2.322;1.516;1.183;2.177;0.077;0.425;18938
B31570;2015/03/02 00:24:42;18938;85;27.0;30.0;2.506;1.535;1.183;2.177;0.077;0.429;18939
B31570;2015/03/02 00:24:51;18939;79;25.1;29.3;2.458;1.535;1.135;2.177;0.077;0.416;18940
B31570;2015/03/02 00:25:02;18940;73;27.4;30.0;2.309;1.522;1.135;2.177;0.080;0.416;18941
B31570;2015/03/02 00:25:11;18941;87;28.7;29.6;2.435;1.522;1.135;2.177;0.080;0.448;18942
B31570;2015/03/02 00:25:22;18942;68;26.4;30.2;2.425;1.496;1.135;2.177;0.080;0.425;18943
B31570;2015/03/02 00:25:31;18943;80;30.6;30.0;2.377;1.496;1.135;2.177;0.080;0.425;18944
B31570;2015/03/02 00:25:41;18944;68;29.3;29.6;2.487;1.516;1.135;2.177;0.145;0.435;18945
B31570;2015/03/02 00:25:51;18945;68;26.7;29.5;2.448;1.516;1.138;2.177;0.145;0.429;18946
B31570;2015/03/02 00:26:02;18946;78;25.4;29.6;2.329;1.500;1.138;2.232;0.145;0.416;18947
B31570;2015/03/02 00:26:11;18947;71;25.1;29.3;2.332;1.500;1.132;2.232;0.145;0.435;18948
B31570;2015/03/02 00:26:21;18948;86;24.5;29.6;2.332;1.538;1.132;2.232;0.087;0.441;18949
B31570;2015/03/02 00:26:31;18949;79;27.4;29.6;2.322;1.538;1.148;2.232;0.087;0.416;18950
B31570;2015/03/02 00:26:42;18950;84;30.0;29.6;2.322;1.496;1.148;2.251;0.087;0.425;18951
B31570;2015/03/02 00:26:51;18951;76;28.3;29.8;2.429;1.496;1.129;2.251;0.087;0.445;18952
B31570;2015/03/02 00:27:01;18952;80;28.7;29.6;2.361;1.535;1.129;2.251;0.083;0.445;18953
B31570;2015/03/02 00:27:11;18953;70;24.8;29.6;2.512;1.535;1.183;2.251;0.083;0.422;18954
B31570;2015/03/02 00:27:22;18954;70;30.3;29.3;2.506;1.535;1.183;2.222;0.083;0.445;18955
B31570;2015/03/02 00:27:31;18955;63;28.3;29.6;2.487;1.535;1.135;2.222;0.083;0.422;18956
B31570;2015/03/02 00:27:41;18956;86;29.0;29.8;2.393;1.516;1.135;2.222;0.154;0.422;18957
B31570;2015/03/02 00:27:51;18957;73;27.4;29.3;2.335;1.516;1.135;2.222;0.154;0.425;18958
B31570;2015/03/02 00:28:02;18958;76;28.7;29.3;2.335;1.500;1.135;2.203;0.154;0.445;18959
B31570;2015/03/02 00:28:11;18959;63;24.5;29.5;2.509;1.500;1.132;2.203;0.154;0.445;18960
B31570;2015/03/02 00:28:21;18960;85;30.3;29.5;2.322;1.496;1.132;2.203;0.077;0.438;18961
B31570;2015/03/02 00:28:31;18961;84;26.4;29.8;2.506;1.496;1.135;2.203;0.077;0.432;18962
B31570;2015/03/02 00:28:42;18962;78;30.3;29.6;2.503;1.509;1.135;2.219;0.077;0.432;18963
B31570;2015/03/02 00:28:51;18963;74;26.1;30.2;2.319;1.509;1.138;2.219;0.077;0.429;18964
B31570;2015/03/02 00:29:01;18964;73;25.1;30.2;2.500;1.522;1.138;2.219;0.074;0.435;18965
B31570;2015/03/02 00:29:11;18965;87;28.7;29.6;2.332;1.522;1.177;2.219;0.074;0.445;18966
B31570;2015/03/02 00:29:22;18966;79;27.7;29.6;2.483;1.496;1.177;2.229;0.074;0.438;18967
B31570;2015/03/02 00:29:31;18967;78;27.4;30.3;2.425;1.496;1.154;2.229;0.074;0.429;18968
B31570;2015/03/02 00:29:41;18968;65;26.4;30.2;2.448;1.512;1.154;2.229;0.087;0.429;18969
B31570;2015/03/02 00:29:51;18969;73;29.3;30.0;2.435;1.512;1.132;2.229;0.087;0.458;18970
B31570;2015/03/02 00:30:02;18970;76;27.4;29.6;2.454;1.509;1.132;2.196;0.087;0.429;18971
B31570;2015/03/02 00:30:11;18971;70;30.6;29.5;2.474;1.509;1.187;2.196;0.087;0.441;18972
B31570;2015/03/02 00:30:21;18972;68;24.5;29.6;2.470;1.500;1.187;2.196;0.087;0.454;18973
B31570;2015/03/02 00:30:31;18973;80;23.8;29.5;2.490;1.500;1.161;2.196;0.087;0.451;18974
B31570;2015/03/02 00:30:42;18974;68;25.1;29.8;2.329;1.519;1.161;2.232;0.087;0.435;18975
B31570;2015/03/02 00:30:51;18975;74;24.8;29.6;2.509;1.519;1.187;2.232;0.087;0.435;18976
B31570;2015/03/02 00:31:01;18976;72;27.0;29.8;2.461;1.496;1.187;2.232;0.077;0.438;18977
B31570;2015/03/02 00:31:11;18977;66;27.4;29.8;2.325;1.496;1.167;2.232;0.077;0.445;18978
B31570;2015/03/02 00:31:22;18978;68;24.8;30.0;2.361;1.500;1.167;2.209;0.077;0.435;18979
B31570;2015/03/02 00:31:31;18979;77;24.8;29.6;2.483;1.500;1.174;2.209;0.077;0.429;18980
B31570;2015/03/02 00:31:41;18980;78;23.8;30.2;2.461;1.538;1.174;2.209;0.090;0.429;18981
B31570;2015/03/02 00:31:51;18981;81;26.4;29.6;2.319;1.538;1.158;2.209;0.090;0.429;18982
B31570;2015/03/02 00:32:02;18982;82;28.3;29.6;2.458;1.506;1.158;2.190;0.090;0.451;18983
B31570;2015/03/02 00:32:11;18983;80;29.6;29.6;2.341;1.506;1.151;2.190;0.090;0.435;18984
B31570;2015/03/02 00:32:21;18984;73;26.4;30.0;2.506;1.529;1.151;2.190;0.132;0.461;18985
B31570;2015/03/02 00:32:31;18985;83;25.8;29.5;2.487;1.529;1.148;2.190;0.132;0.454;18986
B31570;2015/03/02 00:32:42;18986;78;28.7;30.0;2.316;1.529;1.148;2.225;0.132;0.448;18987
B31570;2015/03/02 00:32:51;18987;75;28.0;30.0;2.480;1.529;1.158;2.225;0.132;0.467;18988
B31570;2015/03/02 00:33:02;18988;76;26.4;30.0;2.506;1.500;1.158;2.225;0.190;0.451;18989
B31570;2015/03/02 00:33:11;18989;76;26.4;30.0;2.316;1.500;1.183;2.225;0.190;0.435;18990
B31570;2015/03/02 00:33:22;18990;73;27.4;30.0;2.467;1.529;1.183;2.199;0.190;0.435;18991
B31570;2015/03/02 00:33:31;18991;85;28.0;30.2;2.429;1.529;1.187;2.199;0.190;0.432;18992
B31570;2015/03/02 00:33:41;18992;80;25.1;29.6;2.416;1.519;1.187;2.199;0.109;0.458;18993
B31570;2015/03/02 00:33:51;18993;78;30.0;29.5;2.458;1.519;1.145;2.199;0.109;0.422;18994
B31570;2015/03/02 00:34:02;18994;76;28.7;29.5;2.335;1.529;1.145;2.216;0.109;0.441;18995
B31570;2015/03/02 00:34:11;18995;86;28.7;30.0;2.329;1.529;1.138;2.216;0.109;0.422;18996
B31570;2015/03/02 00:34:21;18996;80;26.4;30.0;2.506;1.541;1.138;2.216;0.083;0.425;18997
B31570;2015/03/02 00:34:31;18997;79;24.5;28.8;2.512;1.541;1.164;2.216;0.083;0.445;18998
B31570;2015/03/02 00:34:42;18998;68;24.8;30.2;2.354;1.503;1.164;2.212;0.083;0.435;18999
B31570;2015/03/02 00:34:51;18999;84;25.1;29.6;2.338;1.503;1.138;2.212;0.083;0.445;19000
B31570;2015/03/02 00:35:01;19000;83;30.0;30.0;2.338;1.519;1.138;2.212;0.096;0.448;19001
B31570;2015/03/02 00:35:11;19001;79;25.8;29.8;2.316;1.519;1.138;2.212;0.096;0.429;19002
B31570;2015/03/02 00:35:22;19002;78;26.4;30.0;2.448;1.503;1.138;2.196;0.096;0.445;19003
B31570;2015/03/02 00:35:31;19003;84;26.4;29.3;2.480;1.503;1.135;2.196;0.096;0.432;19004
B31570;2015/03/02 00:35:41;19004;83;27.7;29.1;2.506;1.519;1.135;2.196;0.070;0.458;19005
B31570;2015/03/02 00:35:51;19005;73;29.3;29.8;2.335;1.519;1.135;2.196;0.070;0.461;19006
B31570;2015/03/02 00:36:02;19006;76;26.1;29.6;2.406;1.503;1.135;2.206;0.070;0.445;19007
B31570;2015/03/02 00:36:11;19007;84;25.8;29.8;2.335;1.503;1.138;2.206;0.070;0.425;19008
B31570;2015/03/02 00:36:22;19008;78;29.6;29.3;2.500;1.516;1.138;2.206;0.103;0.435;19009
B31570;2015/03/02 00:36:31;19009;76;27.4;29.5;2.383;1.516;1.158;2.206;0.103;0.445;19010
B31570;2015/03/02 00:36:42;19010;64;24.8;29.6;2.474;1.503;1.158;2.248;0.103;0.435;19011
B31570;2015/03/02 00:36:51;19011;73;25.8;29.1;2.487;1.503;1.161;2.248;0.103;0.425;19012
B31570;2015/03/02 00:37:01;19012;68;27.7;29.5;2.332;1.541;1.161;2.248;0.087;0.416;19013
B31570;2015/03/02 00:37:11;19013;76;29.3;30.0;2.422;1.541;1.187;2.248;0.087;0.435;19014
B31570;2015/03/02 00:37:22;19014;72;24.5;29.6;2.335;1.529;1.187;2.199;0.087;0.429;19015
B31570;2015/03/02 00:37:31;19015;64;25.1;29.5;2.483;1.529;1.193;2.199;0.087;0.448;19016
B31570;2015/03/02 00:37:41;19016;76;27.7;28.9;2.399;1.541;1.193;2.199;0.080;0.445;19017
B31570;2015/03/02 00:37:51;19017;78;30.6;29.5;2.358;1.541;1.135;2.199;0.080;0.467;19018
B31570;2015/03/02 00:38:02;19018;73;29.3;29.3;2.493;1.529;1.135;2.183;0.080;0.435;19019
B31570;2015/03/02 00:38:11;19019;68;28.0;29.1;2.480;1.529;1.138;2.183;0.080;0.412;19020
B31570;2015/03/02 00:38:22;19020;74;27.4;30.0;2.364;1.503;1.138;2.183;0.080;0.435;19021
B31570;2015/03/02 00:38:31;19021;83;30.0;29.3;2.480;1.503;1.187;2.183;0.080;0.425;19022
B31570;2015/03/02 00:38:42;19022;83;28.0;29.5;2.474;1.541;1.187;2.196;0.080;0.438;19023
B31570;2015/03/02 00:38:51;19023;74;29.6;29.6;2.345;1.541;1.177;2.196;0.080;0.419;19024
B31570;2015/03/02 00:39:01;19024;85;24.1;29.6;2.335;1.532;1.177;2.196;0.138;0.416;19025
B31570;2015/03/02 00:39:11;19025;73;29.3;29.8;2.335;1.532;1.193;2.196;0.138;0.448;19026
B31570;2015/03/02 00:39:22;19026;84;29.3;29.1;2.490;1.535;1.193;2.190;0.138;0.432;19027
B31570;2015/03/02 00:39:31;19027;67;25.8;29.6;2.367;1.535;1.151;2.190;0.138;0.429;19028
B31570;2015/03/02 00:39:41;19028;80;26.7;30.2;2.454;1.522;1.151;2.190;0.077;0.445;19029
B31570;2015/03/02 00:39:51;19029;72;25.8;29.1;2.474;1.522;1.187;2.190;0.077;0.416;19030
B31570;2015/03/02 00:40:02;19030;88;28.0;29.5;2.312;1.525;1.187;2.248;0.077;0.435;19031
B31570;2015/03/02 00:40:11;19031;81;30.0;29.1;2.461;1.525;1.180;2.248;0.077;0.445;19032
B31570;2015/03/02 00:40:21;19032;64;26.7;29.8;2.312;1.522;1.180;2.248;0.077;0.416;19033
B31570;2015/03/02 00:40:31;19033;76;28.0;30.2;2.409;1.522;1.158;2.248;0.077;0.425;19034
B31570;2015/03/02 00:40:42;19034;80;25.1;29.6;2.425;1.535;1.158;2.209;0.077;0.416;19035
B31570;2015/03/02 00:40:51;19035;78;29.0;30.0;2.338;1.535;1.174;2.209;0.077;0.416;19036
B31570;2015/03/02 00:41:01;19036;75;30.3;29.3;2.506;1.545;1.174;2.209;0.080;0.425;19037
B31570;2015/03/02 00:41:11;19037;78;26.1;29.8;2.322;1.545;1.141;2.209;0.080;0.416;19038
B31570;2015/03/02 00:41:22;19038;83;25.1;29.8;2.429;1.535;1.141;2.209;0.080;0.416;19039
B31570;2015/03/02 00:41:31;19039;72;28.3;29.8;2.354;1.535;1.183;2.209;0.080;0.435;19040
B31570;2015/03/02 00:41:41;19040;80;28.0;29.6;2.316;1.506;1.183;2.209;0.083;0.425;19041
B31570;2015/03/02 00:41:51;19041;67;27.4;29.6;2.358;1.506;1.193;2.209;0.083;0.445;19042
B31570;2015/03/02 00:42:02;19042;72;25.1;29.6;2.367;1.522;1.193;2.203;0.083;0.448;19043
B31570;2015/03/02 00:42:11;19043;84;26.1;29.6;2.358;1.522;1.141;2.203;0.083;0.438;19044
B31570;2015/03/02 00:42:21;19044;84;23.5;29.3;2.467;1.532;1.141;2.203;0.077;0.448;19045
B31570;2015/03/02 00:42:31;19045;73;23.8;30.0;2.422;1.532;1.177;2.203;0.077;0.448;19046
B31570;2015/03/02 00:42:42;19046;85;26.7;30.2;2.506;1.522;1.177;2.193;0.077;0.445;19047
B31570;2015/03/02 00:42:51;19047;74;25.1;29.6;2.335;1.522;1.138;2.193;0.077;0.432;19048
B31570;2015/03/02 00:43:01;19048;82;25.8;30.2;2.445;1.541;1.138;2.193;0.090;0.432;19049
B31570;2015/03/02 00:43:11;19049;78;27.0;30.0;2.319;1.541;1.183;2.193;0.090;0.425;19050
B31570;2015/03/02 00:43:22;19050;74;28.3;29.5;2.493;1.506;1.183;2.177;0.090;0.441;19051
B31570;2015/03/02 00:43:31;19051;75;25.8;29.6;2.480;1.506;1.151;2.177;0.090;0.454;19052
B31570;2015/03/02 00:43:41;19052;75;27.4;29.5;2.512;1.538;1.151;2.177;0.190;0.422;19053
B31570;2015/03/02 00:43:51;19053;76;24.8;29.6;2.509;1.538;1.154;2.177;0.190;0.425;19054
B31570;2015/03/02 00:44:02;19054;73;26.4;30.2;2.451;1.506;1.154;2.219;0.190;0.438;19055
B31570;2015/03/02 00:44:11;19055;63;30.6;29.6;2.351;1.506;1.193;2.219;0.190;0.416;19056
B31570;2015/03/02 00:44:21;19056;86;30.0;29.8;2.312;1.538;1.193;2.219;0.096;0.432;19057
B31570;2015/03/02 00:44:31;19057;86;27.0;30.0;2.448;1.538;1.141;2.219;0.096;0.448;19058
B31570;2015/03/02 00:44:42;19058;68;25.4;29.8;2.393;1.535;1.141;2.187;0.096;0.432;19059
B31570;2015/03/02 00:44:51;19059;73;26.1;29.8;2.316;1.535;1.141;2.187;0.096;0.445;19060
B31570;2015/03/02 00:45:02;19060;82;24.5;30.0;2.393;1.525;1.141;2.187;0.090;0.435;19061
B31570;2015/03/02 00:45:11;19061;63;23.2;29.1;2.338;1.525;1.193;2.187;0.090;0.445;19062
B31570;2015/03/02 00:45:22;19062;83;25.8;30.0;2.512;1.525;1.193;2.193;0.090;0.445;19063
B31570;2015/03/02 00:45:31;19063;76;26.4;29.6;2.322;1.525;1.138;2.193;0.090;0.451;19064
B31570;2015/03/02 00:45:41;19064;87;25.4;30.0;2.335;1.541;1.138;2.193;0.074;0.422;19065
B31570;2015/03/02 00:45:51;19065;69;25.8;30.2;2.396;1.541;1.170;2.193;0.074;0.445;19066
B31570;2015/03/02 00:46:02;19066;70;28.7;29.5;2.487;1.535;1.170;2.177;0.074;0.416;19067
B31570;2015/03/02 00:46:11;19067;71;27.4;29.8;2.335;1.535;1.145;2.177;0.074;0.454;19068
B31570;2015/03/02 00:46:22;19068;85;28.0;29.8;2.329;1.506;1.145;2.177;0.083;0.422;19069
B31570;2015/03/02 00:46:31;19069;64;25.1;29.6;2.490;1.506;1.141;2.177;0.083;0.454;19070
B31570;2015/03/02 00:46:42;19070;86;28.0;28.9;2.454;1.525;1.141;2.196;0.083;0.458;19071
B31570;2015/03/02 00:46:51;19071;75;23.8;29.5;2.506;1.525;1.183;2.196;0.083;0.429;19072
B31570;2015/03/02 00:47:01;19072;79;27.4;29.8;2.500;1.545;1.183;2.196;0.132;0.432;19073
B31570;2015/03/02 00:47:11;19073;74;29.3;30.0;2.370;1.545;1.145;2.196;0.132;0.451;19074
B31570;2015/03/02 00:47:22;19074;81;28.3;30.0;2.493;1.506;1.145;2.183;0.132;0.451;19075
B31570;2015/03/02 00:47:31;19075;87;23.8;29.8;2.516;1.506;1.151;2.183;0.132;0.422;19076
B31570;2015/03/02 00:47:41;19076;80;25.1;30.0;2.419;1.522;1.151;2.183;0.070;0.422;19077
B31570;2015/03/02 00:47:51;19077;70;28.0;30.2;2.429;1.522;1.151;2.183;0.070;0.425;19078
B31570;2015/03/02 00:48:02;19078;88;26.7;30.0;2.325;1.529;1.151;2.190;0.070;0.445;19079
B31570;2015/03/02 00:48:11;19079;78;26.1;29.8;2.329;1.529;1.154;2.190;0.070;0.422;19080
B31570;2015/03/02 00:48:21;19080;88;28.7;29.8;2.512;1.532;1.154;2.190;0.077;0.422;19081
B31570;2015/03/02 00:48:31;19081;76;26.7;30.0;2.516;1.532;1.138;2.190;0.077;0.461;19082
B31570;2015/03/02 00:48:42;19082;80;23.5;29.1;2.493;1.545;1.138;2.216;0.077;0.451;19083
B31570;2015/03/02 00:48:51;19083;70;27.0;29.8;2.329;1.545;1.187;2.216;0.077;0.425;19084
B31570;2015/03/02 00:49:01;19084;74;25.1;30.0;2.393;1.541;1.187;2.216;0.096;0.432;19085
B31570;2015/03/02 00:49:11;19085;72;29.3;30.3;2.399;1.541;1.145;2.216;0.096;0.458;19086
B31570;2015/03/02 00:49:22;19086;76;27.7;30.0;2.367;1.522;1.145;2.206;0.096;0.422;19087
B31570;2015/03/02 00:49:31;19087;82;24.5;29.3;2.506;1.522;1.193;2.206;0.096;0.451;19088
B31570;2015/03/02 00:49:41;19088;82;26.7;30.0;2.512;1.519;1.193;2.206;0.074;0.422;19089
B31570;2015/03/02 00:49:51;19089;82;28.7;29.8;2.335;1.519;1.138;2.206;0.074;0.435;19090
B31570;2015/03/02 00:50:02;19090;84;29.0;30.3;2.429;1.506;1.138;2.219;0.074;0.470;19091
B31570;2015/03/02 00:50:11;19091;69;26.7;29.8;2.322;1.506;1.190;2.219;0.074;0.451;19092
B31570;2015/03/02 00:50:21;19092;75;29.0;30.0;2.329;1.525;1.190;2.219;0.077;0.429;19093
B31570;2015/03/02 00:50:31;19093;73;30.3;30.3;2.367;1.525;1.138;2.219;0.077;0.438;19094
B31570;2015/03/02 00:50:42;19094;82;25.1;29.8;2.393;1.529;1.138;2.219;0.077;0.441;19095
B31570;2015/03/02 00:50:51;19095;83;23.8;29.5;2.512;1.529;1.190;2.219;0.077;0.451;19096
B31570;2015/03/02 00:51:01;19096;79;26.7;29.6;2.383;1.525;1.190;2.219;0.083;0.445;19097
B31570;2015/03/02 00:51:11;19097;80;30.3;29.6;2.358;1.525;1.151;2.219;0.083;0.422;19098
B31570;2015/03/02 00:51:22;19098;78;30.3;29.5;2.319;1.522;1.151;2.203;0.083;0.429;19099
B31570;2015/03/02 00:51:31;19099;68;26.4;29.8;2.487;1.522;1.145;2.203;0.083;0.435;19100
B31570;2015/03/02 00:51:41;19100;72;26.4;29.1;2.325;1.538;1.145;2.203;0.087;0.422;19101
B31570;2015/03/02 00:51:51;19101;71;29.0;30.2;2.348;1.538;1.148;2.203;0.087;0.461;19102
B31570;2015/03/02 00:52:02;19102;83;27.4;29.8;2.429;1.529;1.148;2.183;0.087;0.422;19103
B31570;2015/03/02 00:52:11;19103;72;26.1;30.0;2.316;1.529;1.174;2.183;0.087;0.419;19104
B31570;2015/03/02 00:52:21;19104;70;26.4;30.0;2.506;1.522;1.174;2.183;0.087;0.422;19105
B31570;2015/03/02 00:52:31;19105;73;25.1;29.5;2.490;1.522;1.154;2.183;0.087;0.445;19106
B31570;2015/03/02 00:52:42;19106;71;25.4;29.8;2.503;1.532;1.154;2.209;0.087;0.458;19107
B31570;2015/03/02 00:52:51;19107;72;28.3;30.2;2.419;1.532;1.141;2.209;0.087;0.425;19108
B31570;2015/03/02 00:53:01;19108;74;26.1;30.2;2.335;1.535;1.141;2.209;0.083;0.422;19109
B31570;2015/03/02 00:53:11;19109;81;27.4;30.3;2.416;1.535;1.138;2.209;0.083;0.454;19110
B31570;2015/03/02 00:53:22;19110;74;28.7;29.8;2.500;1.506;1.138;2.209;0.083;0.445;19111
B31570;2015/03/02 00:53:31;19111;78;25.8;29.6;2.393;1.506;1.141;2.209;0.083;0.448;19112
B31570;2015/03/02 00:53:41;19112;73;28.0;29.8;2.396;1.512;1.141;2.209;0.096;0.425;19113
B31570;2015/03/02 00:53:51;19113;76;27.0;29.1;2.467;1.512;1.183;2.209;0.096;0.425;19114
B31570;2015/03/02 00:54:02;19114;69;29.6;29.6;2.500;1.529;1.183;2.219;0.096;0.416;19115
B31570;2015/03/02 00:54:11;19115;72;26.7;30.2;2.432;1.529;1.167;2.219;0.096;0.438;19116
B31570;2015/03/02 00:54:21;19116;78;24.5;30.0;2.487;1.522;1.167;2.219;0.080;0.422;19117
B31570;2015/03/02 00:54:31;19117;86;28.3;30.2;2.441;1.522;1.141;2.219;0.080;0.432;19118
B31570;2015/03/02 00:54:42;19118;81;24.8;29.8;2.380;1.519;1.141;2.222;0.080;0.451;19119
B31570;2015/03/02 00:54:51;19119;81;25.8;30.2;2.335;1.519;1.174;2.222;0.080;0.416;19120
B31570;2015/03/02 00:55:02;19120;74;27.7;30.2;2.319;1.512;1.174;2.222;0.080;0.445;19121
B31570;2015/03/02 00:55:11;19121;74;24.8;29.8;2.451;1.512;1.183;2.222;0.080;0.432;19122
B31570;2015/03/02 00:55:22;19122;81;28.3;29.8;2.319;1.509;1.183;2.196;0.080;0.435;19123
B31570;2015/03/02 00:55:31;19123;79;25.1;29.6;2.493;1.509;1.138;2.196;0.080;0.429;19124
B31570;2015/03/02 00:55:41;19124;73;25.1;30.0;2.435;1.509;1.138;2.196;0.074;0.445;19125
B31570;2015/03/02 00:55:51;19125;64;23.8;29.5;2.503;1.509;1.187;2.196;0.074;0.467;19126
B31570;2015/03/02 00:56:02;19126;88;29.0;29.8;2.312;1.538;1.187;2.199;0.074;0.432;19127
B31570;2015/03/02 00:56:11;19127;85;26.7;30.2;2.416;1.538;1.138;2.199;0.074;0.438;19128
B31570;2015/03/02 00:56:21;19128;88;30.9;29.3;2.516;1.541;1.138;2.199;0.070;0.422;19129
B31570;2015/03/02 00:56:31;19129;63;27.4;30.2;2.519;1.541;1.174;2.199;0.070;0.445;19130
B31570;2015/03/02 00:56:42;19130;82;24.5;30.3;2.448;1.519;1.174;2.216;0.070;0.458;19131
B31570;2015/03/02 00:56:51;19131;78;28.0;28.9;2.425;1.519;1.177;2.216;0.070;0.419;19132
B31570;2015/03/02 00:57:01;19132;72;25.4;30.0;2.464;1.516;1.177;2.216;0.132;0.458;19133
B31570;2015/03/02 00:57:11;19133;83;27.4;29.8;2.441;1.516;1.141;2.216;0.132;0.419;19134
B31570;2015/03/02 00:57:22;19134;77;29.6;29.3;2.319;1.512;1.141;2.206;0.132;0.435;19135
B31570;2015/03/02 00:57:31;19135;78;29.0;29.6;2.474;1.512;1.158;2.206;0.132;0.454;19136
B31570;2015/03/02 00:57:41;19136;72;27.4;30.0;2.480;1.538;1.158;2.206;0.083;0.435;19137
B31570;2015/03/02 00:57:51;19137;75;27.7;30.2;2.329;1.538;1.190;2.206;0.083;0.416;19138
B31570;2015/03/02 00:58:02;19138;64;29.3;29.8;2.312;1.525;1.190;2.232;0.083;0.422;19139
B31570;2015/03/02 00:58:11;19139;79;30.6;30.2;2.367;1.525;1.193;2.232;0.083;0.429;19140
B31570;2015/03/02 00:58:21;19140;80;26.1;29.6;2.338;1.548;1.193;2.232;0.087;0.435;19141
B31570;2015/03/02 00:58:31;19141;77;29.6;30.0;2.341;1.548;1.141;2.232;0.087;0.429;19142
B31570;2015/03/02 00:58:42;19142;81;26.1;29.6;2.332;1.548;1.141;2.216;0.087;0.416;19143
B31570;2015/03/02 00:58:51;19143;83;23.8;30.2;2.519;1.548;1.141;2.216;0.087;0.416;19144
B31570;2015/03/02 00:59:01;19144;74;27.0;29.1;2.348;1.522;1.141;2.216;0.125;0.429;19145
B31570;2015/03/02 00:59:11;19145;64;25.8;29.8;2.322;1.522;1.138;2.216;0.125;0.448;19146
B31570;2015/03/02 00:59:22;19146;83;28.7;29.5;2.319;1.545;1.138;2.241;0.125;0.416;19147
B31570;2015/03/02 00:59:31;19147;73;25.1;29.5;2.490;1.545;1.161;2.241;0.125;0.419;19148
B31570;2015/03/02 00:59:41;19148;78;27.7;30.0;2.500;1.516;1.161;2.241;0.074;0.454;19149
B31570;2015/03/02 00:59:51;19149;77;28.0;29.3;2.325;1.516;1.145;2.241;0.074;0.445;19150
B31570;2015/03/02 01:00:02;19150;81;25.1;30.0;2.429;1.512;1.145;2.238;0.074;0.464;19151
B31570;2015/03/02 01:00:11;19151;78;29.6;30.0;2.354;1.512;1.145;2.238;0.074;0.422;19152
B31570;2015/03/02 01:00:21;19152;86;24.5;29.8;2.322;1.512;1.145;2.238;0.103;0.441;19153
B31570;2015/03/02 01:00:31;19153;68;26.4;29.1;2.487;1.512;1.141;2.238;0.103;0.435;19154
B31570;2015/03/02 01:00:42;19154;88;24.1;29.8;2.345;1.548;1.141;2.267;0.103;0.422;19155
B31570;2015/03/02 01:00:51;19155;82;25.4;29.8;2.338;1.548;1.190;2.267;0.103;0.422;19156
B31570;2015/03/02 01:01:02;19156;78;26.1;29.8;2.341;1.512;1.190;2.267;0.125;0.429;19157
B31570;2015/03/02 01:01:11;19157;73;28.7;30.0;2.361;1.512;1.138;2.267;0.125;0.438;19158
B31570;2015/03/02 01:01:22;19158;74;29.0;29.1;2.516;1.538;1.138;2.232;0.125;0.432;19159
B31570;2015/03/02 01:01:31;19159;79;24.5;29.3;2.341;1.538;1.183;2.232;0.125;0.435;19160
B31570;2015/03/02 01:01:41;19160;74;27.7;30.0;2.487;1.541;1.183;2.232;0.070;0.458;19161
B31570;2015/03/02 01:01:51;19161;81;28.7;30.0;2.425;1.541;1.145;2.232;0.070;0.419;19162
B31570;2015/03/02 01:02:02;19162;83;29.6;28.9;2.445;1.512;1.145;2.206;0.070;0.429;19163
B31570;2015/03/02 01:02:11;19163;73;28.7;30.0;2.374;1.512;1.161;2.206;0.070;0.454;19164
B31570;2015/03/02 01:02:21;19164;77;25.8;29.6;2.429;1.525;1.161;2.206;0.112;0.422;19165
B31570;2015/03/02 01:02:31;19165;77;29.3;30.0;2.377;1.525;1.138;2.206;0.112;0.422;19166
B31570;2015/03/02 01:02:42;19166;76;26.7;30.0;2.435;1.529;1.138;2.225;0.112;0.422;19167
B31570;2015/03/02 01:02:51;19167;84;27.0;29.5;2.500;1.529;1.193;2.225;0.112;0.438;19168
B31570;2015/03/02 01:03:01;19168;73;24.1;29.5;2.412;1.512;1.193;2.225;0.087;0.425;19169
B31570;2015/03/02 01:03:11;19169;75;26.7;29.5;2.438;1.512;1.190;2.225;0.087;0.467;19170
B31570;2015/03/02 01:03:22;19170;88;24.1;30.0;2.341;1.529;1.190;2.203;0.087;0.422;19171
B31570;2015/03/02 01:03:31;19171;77;25.8;29.1;2.464;1.529;1.183;2.203;0.087;0.429;19172
B31570;2015/03/02 01:03:41;19172;68;27.0;29.6;2.512;1.532;1.183;2.203;0.106;0.458;19173
B31570;2015/03/02 01:03:51;19173;73;26.1;29.5;2.461;1.532;1.138;2.203;0.106;0.467;19174
B31570;2015/03/02 01:04:02;19174;81;28.7;29.1;2.474;1.525;1.138;2.196;0.106;0.435;19175
B31570;2015/03/02 01:04:11;19175;74;24.5;29.8;2.335;1.525;1.187;2.196;0.106;0.419;19176
B31570;2015/03/02 01:04:21;19176;87;27.0;30.2;2.461;1.519;1.187;2.196;0.083;0.432;19177
B31570;2015/03/02 01:04:31;19177;72;26.1;29.8;2.361;1.519;1.145;2.196;0.083;0.435;19178
B31570;2015/03/02 01:04:42;19178;76;24.8;29.6;2.435;1.522;1.145;2.193;0.083;0.416;19179
B31570;2015/03/02 01:04:51;19179;81;25.8;29.1;2.425;1.522;1.167;2.193;0.083;0.425;19180
B31570;2015/03/02 01:05:02;19180;71;28.3;29.5;2.500;1.541;1.167;2.193;0.070;0.422;19181
B31570;2015/03/02 01:05:11;19181;86;28.0;29.1;2.322;1.541;1.154;2.193;0.070;0.416;19182
B31570;2015/03/02 01:05:22;19182;88;28.0;30.0;2.393;1.548;1.154;2.216;0.070;0.416;19183
B31570;2015/03/02 01:05:31;19183;79;30.0;29.3;2.512;1.548;1.161;2.216;0.070;0.419;19184
B31570;2015/03/02 01:05:41;19184;81;25.8;30.2;2.335;1.535;1.161;2.216;0.077;0.448;19185
B31570;2015/03/02 01:05:51;19185;79;27.4;30.2;2.454;1.535;1.183;2.216;0.077;0.467;19186
B31570;2015/03/02 01:06:02;19186;78;28.7;29.6;2.329;1.535;1.183;2.206;0.077;0.458;19187
B31570;2015/03/02 01:06:11;19187;84;25.8;29.3;2.493;1.535;1.138;2.206;0.077;0.441;19188
B31570;2015/03/02 01:06:22;19188;84;29.3;29.6;2.325;1.529;1.138;2.206;0.067;0.438;19189
B31570;2015/03/02 01:06:31;19189;64;30.0;29.1;2.393;1.529;1.161;2.206;0.067;0.441;19190
B31570;2015/03/02 01:06:42;19190;64;25.1;29.8;2.390;1.509;1.161;2.196;0.067;0.445;19191
B31570;2015/03/02 01:06:51;19191;73;25.8;29.5;2.458;1.509;1.193;2.196;0.067;0.435;19192
B31570;2015/03/02 01:07:01;19192;71;28.0;29.8;2.329;1.516;1.193;2.196;0.080;0.438;19193
B31570;2015/03/02 01:07:11;19193;70;30.9;30.0;2.377;1.516;1.138;2.196;0.080;0.458;19194
B31570;2015/03/02 01:07:22;19194;78;26.4;30.3;2.512;1.535;1.138;2.177;0.080;0.435;19195
B31570;2015/03/02 01:07:31;19195;73;27.7;29.6;2.345;1.535;1.183;2.177;0.080;0.425;19196
B31570;2015/03/02 01:07:41;19196;77;25.8;29.8;2.435;1.545;1.183;2.177;0.067;0.422;19197
B31570;2015/03/02 01:07:51;19197;74;26.7;29.8;2.454;1.545;1.193;2.177;0.067;0.454;19198
B31570;2015/03/02 01:08:02;19198;82;24.8;29.6;2.458;1.509;1.193;2.241;0.067;0.435;19199
B31570;2015/03/02 01:08:11;19199;81;29.6;30.2;2.409;1.509;1.145;2.241;0.067;0.435;19200
B31570;2015/03/02 01:08:21;19200;69;24.1;29.6;2.461;1.522;1.145;2.241;0.103;0.458;19201
B31570;2015/03/02 01:08:31;19201;65;23.8;29.1;2.329;1.522;1.138;2.241;0.103;0.435;19202
B31570;2015/03/02 01:08:42;19202;88;26.1;29.8;2.341;1.545;1.138;2.258;0.103;0.425;19203
B31570;2015/03/02 01:08:51;19203;68;25.1;29.1;2.503;1.545;1.138;2.258;0.103;0.425;19204
B31570;2015/03/02 01:09:01;19204;71;24.1;29.6;2.341;1.532;1.138;2.258;0.067;0.441;19205
B31570;2015/03/02 01:09:11;19205;74;23.8;29.8;2.338;1.532;1.145;2.258;0.067;0.419;19206
B31570;2015/03/02 01:09:22;19206;76;24.8;29.5;2.441;1.548;1.145;2.225;0.067;0.422;19207
B31570;2015/03/02 01:09:31;19207;82;24.5;28.9;2.435;1.548;1.174;2.225;0.067;0.441;19208
B31570;2015/03/02 01:09:41;19208;71;24.1;29.8;2.409;1.509;1.174;2.225;0.083;0.422;19209
B31570;2015/03/02 01:09:51;19209;73;26.1;29.8;2.329;1.509;1.196;2.225;0.083;0.425;19210
B31570;2015/03/02 01:10:02;19210;70;25.1;29.8;2.500;1.509;1.196;2.241;0.083;0.435;19211
B31570;2015/03/02 01:10:11;19211;75;28.0;29.5;2.451;1.509;1.148;2.241;0.083;0.435;19212
B31570;2015/03/02 01:10:21;19212;80;26.7;29.6;2.329;1.532;1.148;2.241;0.070;0.429;19213
B31570;2015/03/02 01:10:31;19213;71;25.1;29.3;2.438;1.532;1.138;2.241;0.070;0.461;19214
B31570;2015/03/02 01:10:42;19214;88;25.8;29.6;2.445;1.509;1.138;2.199;0.070;0.464;19215
B31570;2015/03/02 01:10:51;19215;73;24.8;29.8;2.503;1.509;1.145;2.199;0.070;0.461;19216
B31570;2015/03/02 01:11:01;19216;72;30.0;29.6;2.422;1.538;1.145;2.199;0.067;0.429;19217
B31570;2015/03/02 01:11:11;19217;73;26.1;29.6;2.335;1.538;1.141;2.199;0.067;0.461;19218
B31570;2015/03/02 01:11:22;19218;80;25.1;29.6;2.370;1.509;1.141;2.209;0.067;0.422;19219
B31570;2015/03/02 01:11:31;19219;71;27.4;30.2;2.387;1.509;1.187;2.209;0.067;0.451;19220
B31570;2015/03/02 01:11:41;19220;74;29.3;29.1;2.345;1.535;1.187;2.209;0.070;0.458;19221
B31570;2015/03/02 01:11:51;19221;80;29.3;29.5;2.445;1.535;1.138;2.209;0.070;0.435;19222
B31570;2015/03/02 01:12:02;19222;82;26.7;30.0;2.467;1.532;1.138;2.203;0.070;0.422;19223
B31570;2015/03/02 01:12:11;19223;73;27.7;29.6;2.441;1.532;1.193;2.203;0.070;0.422;19224
B31570;2015/03/02 01:12:21;19224;75;28.7;28.9;2.451;1.519;1.193;2.203;0.090;0.464;19225
B31570;2015/03/02 01:12:31;19225;82;23.8;29.1;2.519;1.519;1.167;2.203;0.090;0.435;19226
B31570;2015/03/02 01:12:42;19226;80;27.7;29.5;2.325;1.516;1.167;2.238;0.090;0.435;19227
B31570;2015/03/02 01:12:51;19227;69;28.7;29.5;2.348;1.516;1.138;2.238;0.090;0.451;19228
B31570;2015/03/02 01:13:01;19228;88;24.5;30.0;2.367;1.535;1.138;2.238;0.080;0.425;19229
B31570;2015/03/02 01:13:11;19229;83;26.1;29.6;2.322;1.535;1.183;2.238;0.080;0.438;19230
B31570;2015/03/02 01:13:22;19230;83;25.1;29.6;2.516;1.522;1.183;2.225;0.080;0.425;19231
B31570;2015/03/02 01:13:31;19231;76;24.8;29.8;2.419;1.522;1.167;2.225;0.080;0.422;19232
B31570;2015/03/02 01:13:41;19232;73;23.8;29.1;2.364;1.532;1.167;2.225;0.125;0.432;19233
B31570;2015/03/02 01:13:51;19233;74;26.4;28.8;2.419;1.532;1.141;2.225;0.125;0.416;19234
B31570;2015/03/02 01:14:02;19234;77;27.0;29.5;2.464;1.541;1.141;2.235;0.125;0.435;19235
B31570;2015/03/02 01:14:11;19235;83;28.0;29.5;2.458;1.541;1.190;2.235;0.125;0.425;19236
B31570;2015/03/02 01:14:21;19236;86;30.0;30.0;2.332;1.545;1.190;2.235;0.080;0.435;19237
B31570;2015/03/02 01:14:31;19237;82;30.0;29.5;2.512;1.545;1.138;2.235;0.080;0.412;19238
B31570;2015/03/02 01:14:42;19238;78;28.3;30.0;2.500;1.532;1.138;2.190;0.080;0.435;19239
B31570;2015/03/02 01:14:51;19239;78;25.8;29.8;2.341;1.532;1.151;2.190;0.080;0.412;19240
B31570;2015/03/02 01:15:02;19240;78;27.7;29.8;2.322;1.519;1.151;2.190;0.093;0.445;19241
B31570;2015/03/02 01:15:11;19241;85;23.2;28.8;2.329;1.519;1.145;2.190;0.093;0.425;19242
B31570;2015/03/02 01:15:22;19242;73;24.5;29.8;2.319;1.529;1.145;2.212;0.093;0.419;19243
B31570;2015/03/02 01:15:31;19243;70;23.8;28.9;2.435;1.529;1.145;2.212;0.093;0.445;19244
B31570;2015/03/02 01:15:42;19244;81;26.7;30.0;2.325;1.512;1.145;2.212;0.087;0.429;19245
B31570;2015/03/02 01:15:51;19245;85;28.0;29.3;2.335;1.512;1.145;2.212;0.087;0.412;19246
B31570;2015/03/02 01:16:02;19246;73;26.4;29.6;2.329;1.529;1.145;2.199;0.087;0.412;19247
B31570;2015/03/02 01:16:11;19247;74;27.7;29.6;2.374;1.529;1.141;2.199;0.087;0.425;19248
B31570;2015/03/02 01:16:21;19248;89;27.7;29.1;2.338;1.512;1.141;2.199;0.109;0.422;19249
B31570;2015/03/02 01:16:31;19249;75;28.7;29.5;2.435;1.512;1.141;2.199;0.109;0.412;19250
B31570;2015/03/02 01:16:42;19250;74;25.1;29.6;2.429;1.541;1.141;2.232;0.109;0.445;19251
B31570;2015/03/02 01:16:51;19251;84;26.1;29.5;2.329;1.541;1.145;2.232;0.109;0.412;19252
B31570;2015/03/02 01:17:01;19252;80;24.5;29.6;2.380;1.551;1.145;2.232;0.070;0.425;19253
B31570;2015/03/02 01:17:11;19253;87;28.0;30.5;2.519;1.551;1.151;2.232;0.070;0.425;19254
B31570;2015/03/02 01:17:22;19254;63;28.7;29.8;2.322;1.512;1.151;2.196;0.070;0.419;19255
B31570;2015/03/02 01:17:31;19255;76;24.5;29.5;2.516;1.512;1.151;2.196;0.070;0.416;19256
B31570;2015/03/02 01:17:42;19256;78;26.1;30.0;2.474;1.522;1.151;2.196;0.080;0.416;19257
B31570;2015/03/02 01:17:51;19257;81;26.1;30.2;2.525;1.522;1.164;2.196;0.080;0.438;19258
B31570;2015/03/02 01:18:02;19258;89;25.8;30.2;2.445;1.512;1.164;2.241;0.080;0.422;19259
B31570;2015/03/02 01:18:11;19259;81;27.0;29.1;2.496;1.512;1.193;2.241;0.080;0.445;19260
B31570;2015/03/02 01:18:21;19260;87;30.0;29.5;2.335;1.512;1.193;2.241;0.077;0.412;19261
B31570;2015/03/02 01:18:31;19261;77;27.7;29.5;2.409;1.512;1.174;2.241;0.077;0.432;19262
B31570;2015/03/02 01:18:42;19262;75;25.8;29.6;2.512;1.532;1.174;2.238;0.077;0.422;19263
B31570;2015/03/02 01:18:51;19263;84;26.4;29.3;2.487;1.532;1.161;2.238;0.077;0.416;19264
B31570;2015/03/02 01:19:01;19264;74;24.8;29.6;2.341;1.548;1.161;2.238;0.177;0.422;19265
B31570;2015/03/02 01:19:11;19265;73;29.3;29.5;2.506;1.548;1.180;2.238;0.177;0.416;19266
B31570;2015/03/02 01:19:22;19266;78;27.4;29.1;2.345;1.535;1.180;2.270;0.177;0.416;19267
B31570;2015/03/02 01:19:31;19267;83;28.7;30.0;2.377;1.535;1.190;2.270;0.177;0.454;19268
B31570;2015/03/02 01:19:41;19268;76;26.7;29.5;2.348;1.516;1.190;2.270;0.080;0.419;19269
B31570;2015/03/02 01:19:51;19269;68;27.7;29.6;2.370;1.516;1.158;2.270;0.080;0.416;19270
B31570;2015/03/02 01:20:02;19270;66;25.1;29.6;2.419;1.529;1.158;2.232;0.080;0.438;19271
B31570;2015/03/02 01:20:11;19271;78;25.4;29.8;2.367;1.529;1.148;2.232;0.080;0.416;19272
B31570;2015/03/02 01:20:21;19272;73;27.0;30.0;2.474;1.525;1.148;2.232;0.096;0.416;19273
B31570;2015/03/02 01:20:31;19273;72;28.7;29.6;2.493;1.525;1.145;2.232;0.096;0.435;19274
B31570;2015/03/02 01:20:42;19274;78;24.5;29.6;2.345;1.532;1.145;2.245;0.096;0.448;19275
B31570;2015/03/02 01:20:51;19275;82;25.8;29.5;2.361;1.532;1.145;2.245;0.096;0.432;19276
B31570;2015/03/02 01:21:01;19276;76;24.5;29.6;2.377;1.551;1.145;2.245;0.077;0.425;19277
B31570;2015/03/02 01:21:11;19277;85;29.6;29.8;2.403;1.551;1.145;2.245;0.077;0.448;19278
B31570;2015/03/02 01:21:22;19278;73;27.0;30.2;2.461;1.516;1.145;2.206;0.077;0.425;19279
B31570;2015/03/02 01:21:31;19279;67;24.5;29.5;2.496;1.516;1.164;2.206;0.077;0.416;19280
B31570;2015/03/02 01:21:41;19280;84;25.1;29.5;2.393;1.529;1.164;2.206;0.067;0.422;19281
B31570;2015/03/02 01:21:51;19281;75;25.8;29.1;2.477;1.529;1.187;2.206;0.067;0.419;19282
B31570;2015/03/02 01:22:02;19282;83;23.8;29.5;2.338;1.541;1.187;2.222;0.067;0.451;19283
B31570;2015/03/02 01:22:11;19283;73;28.0;28.8;2.512;1.541;1.148;2.222;0.067;0.425;19284
B31570;2015/03/02 01:22:21;19284;78;29.0;29.8;2.341;1.535;1.148;2.222;0.077;0.422;19285
B31570;2015/03/02 01:22:31;19285;75;25.8;29.5;2.493;1.535;1.148;2.222;0.077;0.445;19286
B31570;2015/03/02 01:22:42;19286;72;28.7;29.3;2.519;1.525;1.148;2.225;0.077;0.419;19287
B31570;2015/03/02 01:22:51;19287;88;24.8;29.3;2.519;1.525;1.167;2.225;0.077;0.416;19288
B31570;2015/03/02 01:23:01;19288;87;24.8;29.8;2.335;1.538;1.167;2.225;0.083;0.416;19289
B31570;2015/03/02 01:23:11;19289;66;23.8;29.8;2.435;1.538;1.151;2.225;0.083;0.461;19290
B31570;2015/03/02 01:23:22;19290;86;25.1;29.5;2.416;1.532;1.151;2.245;0.083;0.425;19291
B31570;2015/03/02 01:23:31;19291;80;26.7;29.5;2.525;1.532;1.154;2.245;0.083;0.445;19292
B31570;2015/03/02 01:23:41;19292;82;26.7;29.6;2.412;1.516;1.154;2.245;0.070;0.438;19293
B31570;2015/03/02 01:23:51;19293;74;26.7;29.8;2.525;1.516;1.154;2.245;0.070;0.445;19294
B31570;2015/03/02 01:24:02;19294;85;27.0;29.5;2.470;1.545;1.154;2.290;0.070;0.445;19295
B31570;2015/03/02 01:24:11;19295;85;25.1;29.5;2.490;1.545;1.196;2.290;0.070;0.419;19296
B31570;2015/03/02 01:24:21;19296;78;26.1;29.8;2.345;1.522;1.196;2.290;0.077;0.435;19297
B31570;2015/03/02 01:24:31;19297;81;25.1;29.1;2.351;1.522;1.148;2.290;0.077;0.416;19298
B31570;2015/03/02 01:24:42;19298;83;28.3;29.1;2.367;1.516;1.148;2.248;0.077;0.435;19299
B31570;2015/03/02 01:24:51;19299;63;23.8;29.8;2.525;1.516;1.158;2.248;0.077;0.441;19300
B31570;2015/03/02 01:25:02;19300;80;25.8;29.5;2.441;1.548;1.158;2.248;0.122;0.412;19301
B31570;2015/03/02 01:25:11;19301;74;30.6;29.6;2.487;1.548;1.167;2.248;0.122;0.416;19302
B31570;2015/03/02 01:25:22;19302;69;28.3;29.5;2.480;1.548;1.167;2.229;0.122;0.416;19303
B31570;2015/03/02 01:25:31;19303;74;29.3;29.5;2.454;1.548;1.193;2.229;0.122;0.416;19304
B31570;2015/03/02 01:25:42;19304;77;24.5;29.3;2.496;1.551;1.193;2.229;0.077;0.429;19305
B31570;2015/03/02 01:25:51;19305;68;30.6;29.5;2.367;1.551;1.167;2.229;0.077;0.432;19306
B31570;2015/03/02 01:26:02;19306;79;29.0;28.8;2.338;1.532;1.167;2.248;0.077;0.416;19307
B31570;2015/03/02 01:26:11;19307;70;26.4;29.5;2.406;1.532;1.164;2.248;0.077;0.425;19308
B31570;2015/03/02 01:26:21;19308;76;29.3;29.3;2.503;1.516;1.164;2.248;0.138;0.451;19309
B31570;2015/03/02 01:26:31;19309;71;28.3;29.5;2.377;1.516;1.148;2.248;0.138;0.432;19310
B31570;2015/03/02 01:26:42;19310;86;24.5;29.6;2.361;1.516;1.148;2.248;0.138;0.445;19311
B31570;2015/03/02 01:26:51;19311;73;28.3;30.2;2.403;1.516;1.167;2.248;0.138;0.416;19312
B31570;2015/03/02 01:27:01;19312;77;26.7;29.8;2.341;1.516;1.167;2.248;0.077;0.416;19313
B31570;2015/03/02 01:27:11;19313;86;24.5;29.1;2.329;1.516;1.145;2.248;0.077;0.448;19314
B31570;2015/03/02 01:27:22;19314;71;27.4;29.6;2.406;1.538;1.145;2.248;0.077;0.429;19315
B31570;2015/03/02 01:27:31;19315;68;25.8;29.5;2.358;1.538;1.148;2.248;0.077;0.448;19316
B31570;2015/03/02 01:27:41;19316;86;27.7;29.8;2.503;1.516;1.148;2.248;0.080;0.432;19317
B31570;2015/03/02 01:27:51;19317;72;27.4;29.3;2.422;1.516;1.190;2.248;0.080;0.448;19318
B31570;2015/03/02 01:28:02;19318;73;27.0;29.1;2.380;1.554;1.190;2.229;0.080;0.416;19319
B31570;2015/03/02 01:28:11;19319;76;27.4;29.6;2.345;1.554;1.190;2.229;0.080;0.429;19320
B31570;2015/03/02 01:28:21;19320;88;25.1;29.8;2.432;1.548;1.190;2.229;0.070;0.432;19321
B31570;2015/03/02 01:28:31;19321;75;25.1;29.1;2.458;1.548;1.151;2.229;0.070;0.412;19322
B31570;2015/03/02 01:28:42;19322;76;25.1;29.5;2.516;1.535;1.151;2.212;0.070;0.425;19323
B31570;2015/03/02 01:28:51;19323;73;23.8;29.6;2.354;1.535;1.203;2.212;0.070;0.425;19324
B31570;2015/03/02 01:29:02;19324;68;28.7;29.3;2.325;1.538;1.203;2.212;0.080;0.416;19325
B31570;2015/03/02 01:29:11;19325;64;23.2;28.6;2.519;1.538;1.203;2.212;0.080;0.416;19326
B31570;2015/03/02 01:29:22;19326;74;25.1;29.6;2.522;1.541;1.203;2.229;0.080;0.422;19327
B31570;2015/03/02 01:29:31;19327;85;24.8;29.1;2.329;1.541;1.196;2.229;0.080;0.425;19328
B31570;2015/03/02 01:29:41;19328;74;27.4;29.6;2.345;1.519;1.196;2.229;0.070;0.416;19329
B31570;2015/03/02 01:29:51;19329;77;24.8;29.8;2.525;1.519;1.151;2.229;0.070;0.432;19330
B31570;2015/03/02 01:30:02;19330;74;25.8;29.6;2.432;1.519;1.151;2.222;0.070;0.448;19331
B31570;2015/03/02 01:30:11;19331;86;26.4;30.0;2.332;1.519;1.203;2.222;0.070;0.425;19332
B31570;2015/03/02 01:30:22;19332;74;28.0;29.8;2.338;1.519;1.203;2.222;0.116;0.438;19333
B31570;2015/03/02 01:30:31;19333;80;25.8;30.2;2.506;1.519;1.174;2.222;0.116;0.432;19334
B31570;2015/03/02 01:30:42;19334;80;29.3;29.1;2.377;1.519;1.174;2.235;0.116;0.429;19335
B31570;2015/03/02 01:30:51;19335;87;27.7;29.3;2.406;1.519;1.151;2.235;0.116;0.461;19336
B31570;2015/03/02 01:31:01;19336;73;27.4;30.0;2.506;1.519;1.151;2.235;0.077;0.416;19337
B31570;2015/03/02 01:31:11;19337;74;24.8;29.6;2.345;1.519;1.145;2.235;0.077;0.416;19338
B31570;2015/03/02 01:31:22;19338;76;27.0;29.5;2.351;1.548;1.145;2.258;0.077;0.422;19339
B31570;2015/03/02 01:31:31;19339;63;24.8;29.3;2.490;1.548;1.199;2.258;0.077;0.416;19340
B31570;2015/03/02 01:31:41;19340;88;24.1;29.8;2.351;1.532;1.199;2.258;0.093;0.416;19341
B31570;2015/03/02 01:31:51;19341;73;26.7;29.5;2.525;1.532;1.148;2.258;0.093;0.416;19342
B31570;2015/03/02 01:32:02;19342;76;26.1;29.6;2.329;1.532;1.148;2.290;0.093;0.412;19343
B31570;2015/03/02 01:32:11;19343;78;24.5;29.1;2.516;1.532;1.151;2.290;0.093;0.416;19344
B31570;2015/03/02 01:32:21;19344;74;24.8;30.0;2.519;1.535;1.151;2.290;0.103;0.435;19345
B31570;2015/03/02 01:32:31;19345;75;28.3;30.0;2.367;1.535;1.151;2.290;0.103;0.425;19346
B31570;2015/03/02 01:32:42;19346;78;25.8;29.5;2.525;1.532;1.151;2.222;0.103;0.416;19347
B31570;2015/03/02 01:32:51;19347;84;25.1;28.8;2.348;1.532;1.148;2.222;0.103;0.416;19348
B31570;2015/03/02 01:33:01;19348;72;24.1;29.6;2.361;1.554;1.148;2.222;0.077;0.425;19349
B31570;2015/03/02 01:33:11;19349;77;27.4;29.8;2.454;1.554;1.199;2.222;0.077;0.416;19350
B31570;2015/03/02 01:33:22;19350;72;27.4;29.1;2.503;1.545;1.199;2.209;0.077;0.445;19351
B31570;2015/03/02 01:33:31;19351;70;29.3;29.5;2.464;1.545;1.158;2.209;0.077;0.448;19352
B31570;2015/03/02 01:33:41;19352;79;28.3;30.0;2.487;1.558;1.158;2.209;0.080;0.422;19353
B31570;2015/03/02 01:33:51;19353;75;28.7;29.6;2.432;1.558;1.151;2.209;0.080;0.438;19354
B31570;2015/03/02 01:34:02;19354;83;23.8;29.6;2.361;1.529;1.151;2.251;0.080;0.438;19355
B31570;2015/03/02 01:34:11;19355;79;27.0;30.2;2.525;1.529;1.154;2.251;0.080;0.448;19356
B31570;2015/03/02 01:34:22;19356;88;28.3;28.8;2.500;1.532;1.154;2.251;0.077;0.448;19357
B31570;2015/03/02 01:34:31;19357;76;24.1;29.6;2.525;1.532;1.167;2.251;0.077;0.416;19358
B31570;2015/03/02 01:34:42;19358;87;25.8;30.0;2.454;1.554;1.167;2.212;0.077;0.416;19359
B31570;2015/03/02 01:34:51;19359;72;25.8;29.1;2.470;1.554;1.203;2.212;0.077;0.419;19360
B31570;2015/03/02 01:35:02;19360;84;25.8;29.5;2.525;1.532;1.203;2.212;0.087;0.448;19361
B31570;2015/03/02 01:35:11;19361;82;27.0;30.0;2.419;1.532;1.177;2.212;0.087;0.454;19362
B31570;2015/03/02 01:35:22;19362;73;28.0;29.8;2.341;1.519;1.177;2.229;0.087;0.458;19363
B31570;2015/03/02 01:35:31;19363;81;26.4;29.5;2.496;1.519;1.161;2.229;0.087;0.454;19364
B31570;2015/03/02 01:35:42;19364;73;25.8;29.8;2.348;1.548;1.161;2.229;0.083;0.458;19365
B31570;2015/03/02 01:35:51;19365;86;28.7;30.0;2.467;1.548;1.151;2.229;0.083;0.419;19366
B31570;2015/03/02 01:36:02;19366;80;25.4;29.5;2.351;1.551;1.151;2.229;0.083;0.425;19367
B31570;2015/03/02 01:36:11;19367;76;23.2;28.9;2.525;1.551;1.161;2.229;0.083;0.438;19368
B31570;2015/03/02 01:36:21;19368;73;25.1;29.8;2.441;1.548;1.161;2.229;0.077;0.422;19369
B31570;2015/03/02 01:36:31;19369;73;28.7;30.2;2.432;1.548;1.154;2.229;0.077;0.451;19370
B31570;2015/03/02 01:36:42;19370;73;28.7;29.1;2.480;1.522;1.154;2.248;0.077;0.432;19371
B31570;2015/03/02 01:36:51;19371;81;24.5;28.8;2.519;1.522;1.203;2.248;0.077;0.432;19372
B31570;2015/03/02 01:37:01;19372;83;24.1;29.6;2.354;1.548;1.203;2.248;0.099;0.429;19373
B31570;2015/03/02 01:37:11;19373;75;28.7;30.0;2.383;1.548;1.196;2.248;0.099;0.416;19374
B31570;2015/03/02 01:37:22;19374;81;24.5;29.8;2.364;1.532;1.196;2.229;0.099;0.416;19375
B31570;2015/03/02 01:37:31;19375;73;26.1;29.8;2.532;1.532;1.154;2.229;0.099;0.435;19376
B31570;2015/03/02 01:37:41;19376;72;27.4;29.6;2.500;1.554;1.154;2.229;0.096;0.422;19377
B31570;2015/03/02 01:37:51;19377;73;27.4;29.6;2.448;1.554;1.148;2.229;0.096;0.416;19378
B31570;2015/03/02 01:38:02;19378;63;26.4;29.5;2.525;1.529;1.148;2.241;0.096;0.448;19379
B31570;2015/03/02 01:38:11;19379;80;28.7;30.0;2.474;1.529;1.187;2.241;0.096;0.419;19380
B31570;2015/03/02 01:38:21;19380;83;25.1;29.8;2.354;1.558;1.187;2.241;0.077;0.422;19381
B31570;2015/03/02 01:38:31;19381;70;26.7;29.8;2.393;1.558;1.203;2.241;0.077;0.416;19382
B31570;2015/03/02 01:38:42;19382;65;25.8;29.5;2.438;1.519;1.203;2.235;0.077;0.425;19383
B31570;2015/03/02 01:38:51;19383;80;28.0;29.1;2.512;1.519;1.154;2.235;0.077;0.445;19384
B31570;2015/03/02 01:39:01;19384;73;29.0;29.6;2.341;1.545;1.154;2.235;0.070;0.416;19385
B31570;2015/03/02 01:39:11;19385;73;29.0;30.2;2.525;1.545;1.183;2.235;0.070;0.432;19386
B31570;2015/03/02 01:39:22;19386;72;23.8;28.8;2.390;1.522;1.183;2.229;0.070;0.458;19387
B31570;2015/03/02 01:39:31;19387;79;23.8;29.6;2.519;1.522;1.154;2.229;0.070;0.448;19388
B31570;2015/03/02 01:39:41;19388;88;29.3;29.6;2.325;1.554;1.154;2.229;0.074;0.445;19389
B31570;2015/03/02 01:39:51;19389;70;23.8;29.1;2.525;1.554;1.206;2.229;0.074;0.416;19390
B31570;2015/03/02 01:40:02;19390;88;27.4;30.0;2.516;1.545;1.206;2.248;0.074;0.422;19391
B31570;2015/03/02 01:40:11;19391;70;25.1;28.8;2.519;1.545;1.170;2.248;0.074;0.416;19392
B31570;2015/03/02 01:40:21;19392;77;26.1;29.8;2.345;1.551;1.170;2.248;0.077;0.435;19393
B31570;2015/03/02 01:40:31;19393;65;24.5;28.8;2.519;1.551;1.164;2.248;0.077;0.412;19394
B31570;2015/03/02 01:40:42;19394;73;24.8;29.5;2.487;1.522;1.164;2.267;0.077;0.445;19395
B31570;2015/03/02 01:40:51;19395;81;25.1;29.3;2.519;1.522;1.164;2.267;0.077;0.432;19396
B31570;2015/03/02 01:41:01;19396;79;27.4;29.6;2.493;1.541;1.164;2.267;0.183;0.422;19397
B31570;2015/03/02 01:41:11;19397;84;28.0;29.5;2.522;1.541;1.158;2.267;0.183;0.448;19398
B31570;2015/03/02 01:41:22;19398;73;25.1;29.3;2.396;1.522;1.158;2.245;0.183;0.445;19399
B31570;2015/03/02 01:41:31;19399;74;28.0;29.1;2.525;1.522;1.151;2.245;0.183;0.448;19400
B31570;2015/03/02 01:41:41;19400;88;26.4;29.8;2.470;1.561;1.151;2.245;0.103;0.425;19401
B31570;2015/03/02 01:41:51;19401;68;24.5;29.3;2.532;1.561;1.206;2.245;0.103;0.448;19402
B31570;2015/03/02 01:42:02;19402;83;25.8;29.5;2.348;1.551;1.206;2.254;0.103;0.416;19403
B31570;2015/03/02 01:42:11;19403;80;28.0;28.8;2.493;1.551;1.151;2.254;0.103;0.409;19404
B31570;2015/03/02 01:42:21;19404;67;30.0;29.6;2.345;1.567;1.151;2.254;0.087;0.435;19405
B31570;2015/03/02 01:42:31;19405;85;25.8;29.1;2.509;1.567;1.190;2.254;0.087;0.435;19406
B31570;2015/03/02 01:42:42;19406;74;26.4;29.8;2.474;1.535;1.190;2.238;0.087;0.438;19407
B31570;2015/03/02 01:42:51;19407;73;28.7;29.6;2.506;1.535;1.206;2.238;0.087;0.416;19408
B31570;2015/03/02 01:43:02;19408;80;28.7;30.2;2.519;1.541;1.206;2.238;0.067;0.445;19409
B31570;2015/03/02 01:43:11;19409;85;27.7;29.3;2.422;1.541;1.151;2.238;0.067;0.416;19410
B31570;2015/03/02 01:43:22;19410;83;26.4;29.5;2.525;1.551;1.151;2.254;0.067;0.416;19411
B31570;2015/03/02 01:43:31;19411;69;29.3;30.0;2.451;1.551;1.154;2.254;0.067;0.425;19412
B31570;2015/03/02 01:43:41;19412;82;26.7;29.6;2.429;1.551;1.154;2.254;0.067;0.432;19413
B31570;2015/03/02 01:43:51;19413;79;29.0;29.3;2.458;1.551;1.158;2.254;0.067;0.425;19414
B31570;2015/03/02 01:44:02;19414;79;26.7;29.8;2.341;1.538;1.158;2.277;0.067;0.435;19415
B31570;2015/03/02 01:44:11;19415;71;27.7;29.6;2.351;1.538;1.154;2.277;0.067;0.461;19416
B31570;2015/03/02 01:44:21;19416;85;28.0;29.6;2.335;1.561;1.154;2.277;0.083;0.429;19417
B31570;2015/03/02 01:44:31;19417;63;27.4;29.8;2.435;1.561;1.206;2.277;0.083;0.461;19418
B31570;2015/03/02 01:44:42;19418;84;29.3;29.1;2.525;1.564;1.206;2.254;0.083;0.429;19419
B31570;2015/03/02 01:44:51;19419;70;27.7;29.6;2.416;1.564;1.193;2.254;0.083;0.425;19420
B31570;2015/03/02 01:45:01;19420;68;25.1;29.3;2.525;1.548;1.193;2.254;0.077;0.432;19421
B31570;2015/03/02 01:45:11;19421;71;23.8;29.1;2.516;1.548;1.161;2.254;0.077;0.445;19422
B31570;2015/03/02 01:45:22;19422;81;25.8;29.5;2.445;1.541;1.161;2.280;0.077;0.429;19423
B31570;2015/03/02 01:45:31;19423;75;23.8;29.1;2.532;1.541;1.164;2.280;0.077;0.416;19424
B31570;2015/03/02 01:45:42;19424;73;29.0;28.8;2.354;1.541;1.164;2.280;0.132;0.409;19425
B31570;2015/03/02 01:45:51;19425;80;23.8;28.9;2.370;1.541;1.161;2.280;0.132;0.445;19426
B31570;2015/03/02 01:46:02;19426;78;26.7;29.1;2.325;1.535;1.161;2.306;0.132;0.448;19427
B31570;2015/03/02 01:46:11;19427;82;25.1;29.8;2.425;1.535;1.209;2.306;0.132;0.425;19428
B31570;2015/03/02 01:46:21;19428;77;28.0;29.8;2.341;1.541;1.209;2.306;0.125;0.412;19429
B31570;2015/03/02 01:46:31;19429;73;28.0;29.8;2.451;1.541;1.158;2.306;0.125;0.432;19430
B31570;2015/03/02 01:46:42;19430;83;24.5;29.5;2.370;1.535;1.158;2.277;0.125;0.425;19431
B31570;2015/03/02 01:46:51;19431;80;29.0;29.5;2.370;1.535;1.164;2.277;0.125;0.435;19432
B31570;2015/03/02 01:47:01;19432;70;28.7;29.6;2.338;1.525;1.164;2.277;0.087;0.416;19433
B31570;2015/03/02 01:47:11;19433;75;27.4;29.3;2.354;1.525;1.209;2.277;0.087;0.409;19434
B31570;2015/03/02 01:47:22;19434;80;26.7;29.6;2.332;1.541;1.209;2.264;0.087;0.425;19435
B31570;2015/03/02 01:47:31;19435;83;26.7;29.1;2.516;1.541;1.203;2.264;0.087;0.425;19436
B31570;2015/03/02 01:47:41;19436;88;28.7;28.8;2.522;1.529;1.203;2.264;0.067;0.409;19437
B31570;2015/03/02 01:47:51;19437;77;23.8;29.8;2.351;1.529;1.206;2.264;0.067;0.425;19438
B31570;2015/03/02 01:48:02;19438;66;26.4;30.0;2.467;1.554;1.206;2.245;0.067;0.425;19439
B31570;2015/03/02 01:48:11;19439;68;27.0;29.1;2.490;1.554;1.180;2.245;0.067;0.412;19440
B31570;2015/03/02 01:48:21;19440;78;28.3;29.3;2.325;1.525;1.180;2.245;0.096;0.429;19441
B31570;2015/03/02 01:48:31;19441;67;27.4;29.3;2.532;1.525;1.158;2.245;0.096;0.416;19442
B31570;2015/03/02 01:48:42;19442;83;31.2;29.1;2.348;1.548;1.158;2.248;0.096;0.429;19443
B31570;2015/03/02 01:48:51;19443;81;25.1;28.8;2.506;1.548;1.154;2.248;0.096;0.412;19444
B31570;2015/03/02 01:49:01;19444;82;24.5;29.3;2.354;1.538;1.154;2.248;0.080;0.425;19445
B31570;2015/03/02 01:49:11;19445;79;26.1;29.3;2.335;1.538;1.154;2.248;0.080;0.461;19446
B31570;2015/03/02 01:49:22;19446;64;25.1;29.5;2.500;1.541;1.154;2.270;0.080;0.445;19447
B31570;2015/03/02 01:49:31;19447;84;26.7;29.5;2.438;1.541;1.158;2.270;0.080;0.438;19448
B31570;2015/03/02 01:49:41;19448;66;28.0;29.5;2.332;1.525;1.158;2.270;0.074;0.416;19449
B31570;2015/03/02 01:49:51;19449;84;25.1;29.1;2.358;1.525;1.180;2.270;0.074;0.438;19450
B31570;2015/03/02 01:50:02;19450;73;25.1;29.3;2.435;1.545;1.180;2.283;0.074;0.432;19451
B31570;2015/03/02 01:50:11;19451;80;24.5;29.3;2.503;1.545;1.158;2.283;0.074;0.409;19452
B31570;2015/03/02 01:50:21;19452;68;27.7;28.8;2.338;1.561;1.158;2.283;0.077;0.448;19453
B31570;2015/03/02 01:50:31;19453;73;23.8;29.5;2.461;1.561;1.154;2.283;0.077;0.416;19454
B31570;2015/03/02 01:50:42;19454;71;27.4;28.8;2.354;1.538;1.154;2.277;0.077;0.451;19455
B31570;2015/03/02 01:50:51;19455;70;25.1;29.5;2.367;1.538;1.187;2.277;0.077;0.435;19456
B31570;2015/03/02 01:51:01;19456;72;24.1;29.8;2.380;1.541;1.187;2.277;0.077;0.445;19457
B31570;2015/03/02 01:51:11;19457;78;27.7;28.9;2.483;1.541;1.158;2.277;0.077;0.461;19458
B31570;2015/03/02 01:51:22;19458;76;28.0;29.6;2.393;1.561;1.158;2.270;0.077;0.416;19459
B31570;2015/03/02 01:51:31;19459;79;25.4;29.8;2.348;1.561;1.199;2.270;0.077;0.412;19460
B31570;2015/03/02 01:51:41;19460;78;25.8;29.5;2.525;1.545;1.199;2.270;0.087;0.409;19461
B31570;2015/03/02 01:51:51;19461;83;24.8;28.9;2.493;1.545;1.187;2.270;0.087;0.425;19462
B31570;2015/03/02 01:52:02;19462;85;25.4;29.6;2.458;1.564;1.187;2.267;0.087;0.429;19463
B31570;2015/03/02 01:52:11;19463;68;29.3;29.8;2.425;1.564;1.167;2.267;0.087;0.432;19464
B31570;2015/03/02 01:52:21;19464;82;25.1;29.6;2.445;1.529;1.167;2.267;0.070;0.445;19465
B31570;2015/03/02 01:52:31;19465;73;25.8;28.8;2.348;1.529;1.161;2.267;0.070;0.412;19466
B31570;2015/03/02 01:52:42;19466;78;25.8;29.3;2.435;1.558;1.161;2.264;0.070;0.422;19467
B31570;2015/03/02 01:52:51;19467;81;23.8;29.1;2.532;1.558;1.161;2.264;0.070;0.461;19468
B31570;2015/03/02 01:53:01;19468;71;28.0;29.5;2.367;1.564;1.161;2.264;0.087;0.425;19469
B31570;2015/03/02 01:53:11;19469;85;29.6;29.6;2.477;1.564;1.190;2.264;0.087;0.419;19470
B31570;2015/03/02 01:53:22;19470;72;27.4;30.2;2.329;1.551;1.190;2.277;0.087;0.422;19471
B31570;2015/03/02 01:53:31;19471;78;24.5;28.9;2.416;1.551;1.154;2.277;0.087;0.448;19472
B31570;2015/03/02 01:53:41;19472;84;28.3;29.1;2.348;1.545;1.154;2.277;0.077;0.445;19473
B31570;2015/03/02 01:53:51;19473;68;30.6;29.3;2.480;1.545;1.174;2.277;0.077;0.419;19474
B31570;2015/03/02 01:54:02;19474;83;25.1;29.6;2.525;1.554;1.174;2.264;0.077;0.419;19475
B31570;2015/03/02 01:54:11;19475;74;27.4;29.3;2.358;1.554;1.154;2.264;0.077;0.448;19476
B31570;2015/03/02 01:54:21;19476;67;27.4;29.1;2.335;1.538;1.154;2.264;0.096;0.419;19477
B31570;2015/03/02 01:54:31;19477;63;27.4;29.8;2.432;1.538;1.199;2.264;0.096;0.425;19478
B31570;2015/03/02 01:54:42;19478;83;25.1;29.1;2.419;1.532;1.199;2.293;0.096;0.432;19479
B31570;2015/03/02 01:54:51;19479;82;27.4;29.8;2.480;1.532;1.154;2.293;0.096;0.432;19480
B31570;2015/03/02 01:55:02;19480;85;26.7;29.3;2.367;1.551;1.154;2.293;0.138;0.416;19481
B31570;2015/03/02 01:55:11;19481;73;29.3;29.8;2.435;1.551;1.158;2.293;0.138;0.432;19482
B31570;2015/03/02 01:55:22;19482;88;26.7;29.5;2.393;1.551;1.158;2.280;0.138;0.451;19483
B31570;2015/03/02 01:55:31;19483;78;25.1;29.5;2.348;1.551;1.209;2.280;0.138;0.416;19484
B31570;2015/03/02 01:55:41;19484;84;26.4;29.5;2.470;1.564;1.209;2.280;0.148;0.412;19485
B31570;2015/03/02 01:55:51;19485;72;27.4;29.3;2.403;1.564;1.161;2.280;0.148;0.432;19486
B31570;2015/03/02 01:56:02;19486;73;26.1;29.6;2.348;1.564;1.161;2.258;0.148;0.416;19487
B31570;2015/03/02 01:56:11;19487;78;27.4;29.8;2.354;1.564;1.180;2.258;0.148;0.416;19488
B31570;2015/03/02 01:56:21;19488;81;26.7;29.8;2.348;1.538;1.180;2.258;0.151;0.416;19489
B31570;2015/03/02 01:56:31;19489;75;26.1;29.8;2.335;1.538;1.199;2.258;0.151;0.432;19490
B31570;2015/03/02 01:56:42;19490;85;30.0;29.5;2.354;1.525;1.199;2.241;0.151;0.425;19491
B31570;2015/03/02 01:56:51;19491;78;24.1;29.5;2.351;1.525;1.199;2.241;0.151;0.419;19492
B31570;2015/03/02 01:57:02;19492;73;26.7;29.6;2.341;1.548;1.199;2.241;0.077;0.412;19493
B31570;2015/03/02 01:57:11;19493;85;28.7;29.3;2.474;1.548;1.161;2.241;0.077;0.416;19494
B31570;2015/03/02 01:57:22;19494;82;27.4;30.0;2.490;1.545;1.161;2.267;0.077;0.416;19495
B31570;2015/03/02 01:57:31;19495;73;28.3;29.3;2.370;1.545;1.158;2.267;0.077;0.416;19496
B31570;2015/03/02 01:57:41;19496;77;24.1;29.5;2.380;1.529;1.158;2.267;0.138;0.432;19497
B31570;2015/03/02 01:57:51;19497;83;23.8;29.8;2.425;1.529;1.193;2.267;0.138;0.416;19498
B31570;2015/03/02 01:58:02;19498;76;26.7;29.1;2.335;1.541;1.193;2.248;0.138;0.416;19499
B31570;2015/03/02 01:58:11;19499;80;26.1;29.5;2.380;1.541;1.206;2.248;0.138;0.416;19500
B31570;2015/03/02 01:58:21;19500;81;27.0;29.1;2.396;1.545;1.206;2.248;0.077;0.429;19501
B31570;2015/03/02 01:58:31;19501;84;28.7;29.6;2.367;1.545;1.199;2.248;0.077;0.412;19502
B31570;2015/03/02 01:58:42;19502;80;28.7;29.1;2.525;1.548;1.199;2.238;0.077;0.435;19503
B31570;2015/03/02 01:58:51;19503;77;25.8;29.1;2.348;1.548;1.158;2.238;0.077;0.435;19504
B31570;2015/03/02 01:59:01;19504;72;28.7;29.3;2.512;1.561;1.158;2.238;0.070;0.412;19505
B31570;2015/03/02 01:59:11;19505;77;23.2;28.8;2.529;1.561;1.161;2.238;0.070;0.425;19506
B31570;2015/03/02 01:59:22;19506;76;25.8;29.8;2.348;1.551;1.161;2.293;0.070;0.416;19507
B31570;2015/03/02 01:59:31;19507;73;24.5;29.3;2.532;1.551;1.158;2.293;0.070;0.412;19508
B31570;2015/03/02 01:59:41;19508;86;28.7;29.1;2.348;1.538;1.158;2.293;0.077;0.419;19509
B31570;2015/03/02 01:59:51;19509;81;25.8;29.3;2.445;1.538;1.206;2.293;0.077;0.422;19510
B31570;2015/03/02 02:00:02;19510;78;30.0;29.3;2.335;1.548;1.206;2.254;0.077;0.412;19511
B31570;2015/03/02 02:00:11;19511;68;26.1;29.5;2.374;1.548;1.174;2.254;0.077;0.441;19512
B31570;2015/03/02 02:00:22;19512;84;27.0;29.5;2.493;1.548;1.174;2.254;0.087;0.429;19513
B31570;2015/03/02 02:00:31;19513;76;28.0;29.1;2.464;1.548;1.161;2.254;0.087;0.445;19514
B31570;2015/03/02 02:00:42;19514;64;27.7;29.5;2.519;1.548;1.161;2.267;0.087;0.416;19515
