B31570;2015/03/05 00:00:01;142;68;26.7;-25.6;2.574;1.535;1.164;2.670;0.129;0.464;143
B31570;2015/03/05 00:00:35;0;1;24.5;-25.8;2.119;-1.000;-1.000;-1.000;-1.000;0.448;1
B31570;2015/03/05 00:00:54;1;92;30.3;-25.8;2.338;-1.000;-1.000;-1.000;-1.000;0.448;2
B31570;2015/03/05 00:01:05;2;63;28.0;-25.6;2.483;1.235;-1.000;2.680;-1.000;0.425;3
B31570;2015/03/05 00:01:14;3;71;28.3;-25.4;2.458;1.235;1.180;2.680;-1.000;0.422;4
B31570;2015/03/05 00:01:25;4;69;25.4;-25.8;2.567;1.300;1.180;2.680;0.177;0.429;5
B31570;2015/03/05 00:01:34;5;83;27.4;-25.8;2.477;1.300;1.174;2.680;0.177;0.464;6
B31570;2015/03/05 00:01:45;6;83;25.1;-25.8;2.545;1.367;1.174;2.541;0.177;0.461;7
B31570;2015/03/05 00:01:54;7;78;26.1;-25.8;2.380;1.367;1.164;2.541;0.177;0.445;8
B31570;2015/03/05 00:02:05;8;74;30.0;-25.6;2.564;1.416;1.164;2.541;0.187;0.458;9
B31570;2015/03/05 00:02:14;9;73;26.4;-25.8;2.490;1.416;1.170;2.541;0.187;0.422;10
B31570;2015/03/05 00:02:25;10;77;30.0;-25.6;2.558;1.458;1.170;2.577;0.187;0.422;11
B31570;2015/03/05 00:02:34;11;78;30.0;-25.8;2.380;1.458;1.161;2.577;0.187;0.438;12
B31570;2015/03/05 00:02:45;12;78;25.1;-25.8;2.403;1.480;1.161;2.577;0.141;0.464;13
B31570;2015/03/05 00:02:54;13;70;28.0;-25.8;2.387;1.480;1.206;2.577;0.141;0.432;14
B31570;2015/03/05 00:03:05;14;69;28.7;-25.6;2.558;1.506;1.206;2.629;0.141;0.425;15
B31570;2015/03/05 00:03:14;15;68;24.8;-25.8;2.548;1.506;1.180;2.629;0.141;0.429;16
B31570;2015/03/05 00:03:25;16;72;29.6;-25.8;2.525;1.487;1.180;2.629;0.183;0.454;17
B31570;2015/03/05 00:03:34;17;68;28.0;-25.8;2.387;1.487;1.209;2.629;0.183;0.441;18
B31570;2015/03/05 00:03:45;18;79;27.0;-25.4;2.399;1.522;1.209;2.635;0.183;0.458;19
B31570;2015/03/05 00:03:54;19;73;28.0;-25.8;2.570;1.522;1.206;2.635;0.183;0.429;20
B31570;2015/03/05 00:04:05;20;73;28.7;-25.8;2.525;1.519;1.206;2.635;0.141;0.464;21
B31570;2015/03/05 00:04:14;21;73;24.1;-25.8;2.387;1.519;1.158;2.635;0.141;0.429;22
B31570;2015/03/05 00:04:25;22;78;25.1;-25.8;2.532;1.529;1.158;2.664;0.141;0.429;23
B31570;2015/03/05 00:04:34;23;68;28.0;-25.6;2.396;1.529;1.180;2.664;0.141;0.435;24
B31570;2015/03/05 00:04:45;24;78;27.4;-25.8;2.567;1.496;1.180;2.664;0.132;0.451;25
B31570;2015/03/05 00:04:54;25;73;29.3;-25.8;2.577;1.496;1.167;2.664;0.132;0.451;26
B31570;2015/03/05 00:05:05;26;75;25.8;-25.8;2.558;1.512;1.167;2.632;0.132;0.454;27
B31570;2015/03/05 00:05:14;27;75;27.7;-25.8;2.567;1.512;1.158;2.632;0.132;0.432;28
B31570;2015/03/05 00:05:25;28;89;30.3;-25.8;2.461;1.500;1.158;2.632;0.154;0.432;29
B31570;2015/03/05 00:05:34;29;64;24.5;-25.8;2.396;1.500;1.158;2.632;0.154;0.464;30
B31570;2015/03/05 00:05:45;30;78;27.0;-25.4;2.393;1.503;1.158;2.635;0.154;0.464;31
B31570;2015/03/05 00:05:54;31;77;26.1;-25.8;2.432;1.503;1.203;2.635;0.154;0.429;32
B31570;2015/03/05 00:06:05;32;70;28.0;-25.8;2.412;1.535;1.203;2.635;0.141;0.451;33
B31570;2015/03/05 00:06:14;33;84;29.0;-25.6;2.516;1.535;1.158;2.635;0.141;0.438;34
B31570;2015/03/05 00:06:25;34;77;27.0;-25.4;2.406;1.522;1.158;2.664;0.141;0.429;35
B31570;2015/03/05 00:06:34;35;73;26.1;-25.8;2.425;1.522;1.158;2.664;0.141;0.429;36
B31570;2015/03/05 00:06:45;36;86;28.7;-25.8;2.477;1.541;1.158;2.664;0.129;0.429;37
B31570;2015/03/05 00:06:54;37;76;26.1;-25.8;2.390;1.541;1.161;2.664;0.129;0.448;38
B31570;2015/03/05 00:07:05;38;88;27.4;-25.6;2.567;1.545;1.161;2.654;0.129;0.451;39
B31570;2015/03/05 00:07:14;39;74;29.6;-25.4;2.435;1.545;1.199;2.654;0.129;0.461;40
B31570;2015/03/05 00:07:25;40;78;27.0;-25.4;2.403;1.548;1.199;2.654;0.129;0.441;41
B31570;2015/03/05 00:07:34;41;71;26.4;-25.8;2.393;1.548;1.209;2.654;0.129;0.474;42
B31570;2015/03/05 00:07:45;42;85;28.7;-25.4;2.419;1.535;1.209;2.619;0.129;0.435;43
B31570;2015/03/05 00:07:54;43;81;25.1;-25.8;2.570;1.535;1.199;2.619;0.129;0.429;44
B31570;2015/03/05 00:08:05;44;66;29.0;-25.8;2.506;1.512;1.199;2.619;0.158;0.451;45
B31570;2015/03/05 00:08:14;45;71;27.4;-25.6;2.487;1.512;1.206;2.619;0.158;0.429;46
B31570;2015/03/05 00:08:25;46;86;24.8;-25.8;2.506;1.532;1.206;2.651;0.158;0.441;47
B31570;2015/03/05 00:08:34;47;83;28.3;-24.9;2.512;1.532;1.209;2.651;0.158;0.425;48
B31570;2015/03/05 00:08:45;48;75;25.1;-25.6;2.380;1.538;1.209;2.651;0.119;0.429;49
B31570;2015/03/05 00:08:54;49;81;24.1;-25.8;2.390;1.538;1.190;2.651;0.119;0.438;50
B31570;2015/03/05 00:09:05;50;75;25.1;-25.8;2.545;1.512;1.190;2.667;0.119;0.435;51
B31570;2015/03/05 00:09:14;51;73;30.3;-25.4;2.380;1.512;1.180;2.667;0.119;0.432;52
B31570;2015/03/05 00:09:25;52;72;26.7;-25.8;2.500;1.551;1.180;2.667;0.125;0.435;53
B31570;2015/03/05 00:09:34;53;74;28.7;-25.4;2.490;1.551;1.154;2.667;0.125;0.445;54
B31570;2015/03/05 00:09:45;54;74;30.3;-25.8;2.496;1.551;1.154;2.645;0.125;0.429;55
B31570;2015/03/05 00:09:54;55;76;28.3;-25.2;2.570;1.551;1.164;2.645;0.125;0.422;56
B31570;2015/03/05 00:10:05;56;68;30.0;-25.8;2.554;1.548;1.164;2.645;0.132;0.429;57
B31570;2015/03/05 00:10:14;57;83;25.8;-25.8;2.422;1.548;1.158;2.645;0.132;0.448;58
B31570;2015/03/05 00:10:25;58;75;25.4;-25.8;2.570;1.532;1.158;2.661;0.132;0.474;59
B31570;2015/03/05 00:10:34;59;87;26.4;-25.8;2.470;1.532;1.158;2.661;0.132;0.435;60
B31570;2015/03/05 00:10:45;60;82;24.8;-25.8;2.529;1.525;1.158;2.661;0.129;0.438;61
B31570;2015/03/05 00:10:54;61;83;27.7;-25.8;2.487;1.525;1.158;2.661;0.129;0.454;62
B31570;2015/03/05 00:11:05;62;84;27.4;-25.8;2.554;1.519;1.158;2.648;0.129;0.441;63
B31570;2015/03/05 00:11:14;63;83;28.7;-25.8;2.396;1.519;1.177;2.648;0.129;0.432;64
B31570;2015/03/05 00:11:25;64;81;26.4;-25.4;2.396;1.554;1.177;2.648;0.116;0.429;65
B31570;2015/03/05 00:11:34;65;68;28.7;-25.4;2.380;1.554;1.154;2.648;0.116;0.441;66
B31570;2015/03/05 00:11:45;66;81;28.7;-25.8;2.529;1.535;1.154;2.648;0.116;0.435;67
B31570;2015/03/05 00:11:54;67;71;25.8;-25.8;2.419;1.535;1.154;2.648;0.116;0.438;68
B31570;2015/03/05 00:12:05;68;76;26.4;-25.4;2.387;1.545;1.154;2.648;0.125;0.458;69
B31570;2015/03/05 00:12:14;69;76;27.4;-25.8;2.470;1.545;1.180;2.648;0.125;0.432;70
B31570;2015/03/05 00:12:25;70;72;26.1;-25.6;2.551;1.522;1.180;2.629;0.125;0.464;71
B31570;2015/03/05 00:12:34;71;68;29.3;-25.4;2.387;1.522;1.187;2.629;0.125;0.432;72
B31570;2015/03/05 00:12:45;72;68;30.6;-25.8;2.480;1.525;1.187;2.629;0.135;0.429;73
B31570;2015/03/05 00:12:54;73;82;24.5;-25.8;2.577;1.525;1.161;2.629;0.135;0.458;74
B31570;2015/03/05 00:13:05;74;82;27.4;-25.6;2.570;1.516;1.161;2.658;0.135;0.438;75
B31570;2015/03/05 00:13:14;75;61;30.3;-25.4;2.419;1.516;1.183;2.658;0.135;0.429;76
B31570;2015/03/05 00:13:25;76;86;28.0;-25.8;2.567;1.558;1.183;2.658;0.122;0.432;77
B31570;2015/03/05 00:13:34;77;68;24.5;-25.8;2.577;1.558;1.209;2.658;0.122;0.451;78
B31570;2015/03/05 00:13:45;78;78;26.7;-25.6;2.570;1.532;1.209;2.625;0.122;0.429;79
B31570;2015/03/05 00:13:54;79;63;25.4;-25.8;2.419;1.532;1.170;2.625;0.122;0.448;80
B31570;2015/03/05 00:14:05;80;78;28.7;-25.8;2.412;1.519;1.170;2.625;0.119;0.438;81
B31570;2015/03/05 00:14:14;81;83;27.0;-25.8;2.487;1.519;1.167;2.625;0.119;0.451;82
B31570;2015/03/05 00:14:25;82;76;30.0;-25.8;2.570;1.558;1.167;2.625;0.119;0.438;83
B31570;2015/03/05 00:14:34;83;74;31.2;-25.4;2.396;1.558;1.212;2.625;0.119;0.429;84
B31570;2015/03/05 00:14:45;84;63;26.7;-25.6;2.577;1.519;1.212;2.625;0.229;0.445;85
B31570;2015/03/05 00:14:54;85;73;31.2;-25.4;2.393;1.519;1.161;2.625;0.229;0.435;86
B31570;2015/03/05 00:15:05;86;85;27.4;-25.6;2.570;1.554;1.161;2.658;0.229;0.441;87
B31570;2015/03/05 00:15:14;87;71;26.7;-25.8;2.445;1.554;1.206;2.658;0.229;0.429;88
B31570;2015/03/05 00:15:25;88;74;25.8;-25.6;2.393;1.558;1.206;2.658;0.132;0.438;89
B31570;2015/03/05 00:15:34;89;72;28.0;-25.4;2.396;1.558;1.161;2.658;0.132;0.432;90
B31570;2015/03/05 00:15:45;90;73;30.0;-25.8;2.561;1.561;1.161;2.683;0.132;0.441;91
B31570;2015/03/05 00:15:54;91;83;29.3;-25.4;2.422;1.561;1.161;2.683;0.132;0.425;92
B31570;2015/03/05 00:16:05;92;74;27.0;-25.4;2.406;1.538;1.161;2.683;0.119;0.458;93
B31570;2015/03/05 00:16:14;93;65;29.6;-25.4;2.374;1.538;1.161;2.683;0.119;0.445;94
B31570;2015/03/05 00:16:25;94;76;24.8;-25.8;2.551;1.551;1.161;2.661;0.119;0.435;95
B31570;2015/03/05 00:16:34;95;70;28.0;-25.2;2.483;1.551;1.158;2.661;0.119;0.445;96
B31570;2015/03/05 00:16:45;96;73;27.7;-25.2;2.383;1.561;1.158;2.661;0.122;0.429;97
B31570;2015/03/05 00:16:54;97;77;30.3;-25.4;2.387;1.561;1.161;2.661;0.122;0.429;98
B31570;2015/03/05 00:17:05;98;84;27.7;-25.8;2.538;1.522;1.161;2.641;0.122;0.441;99
B31570;2015/03/05 00:17:14;99;73;24.5;-25.8;2.393;1.522;1.164;2.641;0.122;0.441;100
B31570;2015/03/05 00:17:25;100;80;29.0;-25.8;2.432;1.545;1.164;2.641;0.122;0.464;101
B31570;2015/03/05 00:17:34;101;78;26.4;-25.8;2.429;1.545;1.158;2.641;0.122;0.474;102
B31570;2015/03/05 00:17:45;102;63;29.3;-25.8;2.458;1.522;1.158;2.629;0.122;0.458;103
B31570;2015/03/05 00:17:54;103;66;29.3;-25.4;2.393;1.522;1.206;2.629;0.122;0.451;104
B31570;2015/03/05 00:18:05;104;81;26.7;-25.6;2.387;1.538;1.206;2.629;0.132;0.441;105
B31570;2015/03/05 00:18:14;105;73;25.1;-25.8;2.396;1.538;1.209;2.629;0.132;0.438;106
B31570;2015/03/05 00:18:25;106;73;31.2;-25.8;2.477;1.522;1.209;2.638;0.132;0.464;107
B31570;2015/03/05 00:18:34;107;79;29.3;-25.4;2.393;1.522;1.161;2.638;0.132;0.451;108
B31570;2015/03/05 00:18:45;108;74;26.4;-25.4;2.512;1.545;1.161;2.638;0.119;0.451;109
B31570;2015/03/05 00:18:54;109;75;25.1;-25.8;2.380;1.545;1.199;2.638;0.119;0.429;110
B31570;2015/03/05 00:19:05;110;84;28.3;-24.7;2.564;1.548;1.199;2.635;0.119;0.470;111
B31570;2015/03/05 00:19:14;111;75;24.8;-25.8;2.396;1.548;1.161;2.635;0.119;0.438;112
B31570;2015/03/05 00:19:25;112;76;25.8;-25.4;2.516;1.545;1.161;2.635;0.174;0.429;113
B31570;2015/03/05 00:19:34;113;75;31.2;-25.4;2.387;1.545;1.209;2.635;0.174;0.429;114
B31570;2015/03/05 00:19:45;114;68;30.6;-25.8;2.454;1.529;1.209;2.658;0.174;0.451;115
B31570;2015/03/05 00:19:54;115;78;26.7;-25.8;2.554;1.529;1.161;2.658;0.174;0.429;116
B31570;2015/03/05 00:20:05;116;80;25.8;-25.6;2.387;1.545;1.161;2.658;0.225;0.461;117
B31570;2015/03/05 00:20:14;117;73;30.0;-25.8;2.490;1.545;1.158;2.658;0.225;0.429;118
B31570;2015/03/05 00:20:25;118;80;30.0;-25.8;2.570;1.535;1.158;2.616;0.225;0.422;119
B31570;2015/03/05 00:20:34;119;70;29.6;-25.8;2.570;1.535;1.161;2.616;0.225;0.448;120
B31570;2015/03/05 00:20:45;120;78;26.7;-25.8;2.570;1.532;1.161;2.616;0.135;0.454;121
B31570;2015/03/05 00:20:54;121;81;27.4;-25.8;2.377;1.532;1.174;2.616;0.135;0.467;122
B31570;2015/03/05 00:21:05;122;82;26.1;-25.4;2.396;1.525;1.174;2.632;0.135;0.441;123
B31570;2015/03/05 00:21:14;123;77;28.0;-25.8;2.554;1.525;1.196;2.632;0.135;0.464;124
B31570;2015/03/05 00:21:25;124;85;28.0;-25.8;2.554;1.545;1.196;2.632;0.116;0.458;125
B31570;2015/03/05 00:21:34;125;73;27.0;-25.8;2.477;1.545;1.212;2.632;0.116;0.429;126
B31570;2015/03/05 00:21:45;126;69;28.0;-25.8;2.522;1.538;1.212;2.648;0.116;0.429;127
B31570;2015/03/05 00:21:54;127;86;28.0;-25.8;2.548;1.538;1.212;2.648;0.116;0.425;128
B31570;2015/03/05 00:22:05;128;81;25.1;-25.6;2.483;1.548;1.212;2.648;0.129;0.458;129
B31570;2015/03/05 00:22:14;129;83;28.3;-25.2;2.512;1.548;1.174;2.648;0.129;0.448;130
B31570;2015/03/05 00:22:25;130;70;27.0;-25.6;2.377;1.554;1.174;2.667;0.129;0.429;131
B31570;2015/03/05 00:22:34;131;74;28.7;-25.4;2.422;1.554;1.193;2.667;0.129;0.445;132
B31570;2015/03/05 00:22:45;132;87;25.4;-25.8;2.564;1.551;1.193;2.667;0.129;0.464;133
B31570;2015/03/05 00:22:54;133;88;28.0;-25.8;2.396;1.551;1.164;2.667;0.129;0.451;134
B31570;2015/03/05 00:23:05;134;68;28.7;-25.8;2.477;1.554;1.164;2.641;0.129;0.422;135
B31570;2015/03/05 00:23:14;135;81;29.3;-25.8;2.567;1.554;1.164;2.641;0.129;0.441;136
B31570;2015/03/05 00:23:25;136;77;25.8;-25.4;2.519;1.564;1.164;2.641;0.119;0.441;137
B31570;2015/03/05 00:23:34;137;75;29.3;-25.6;2.396;1.564;1.174;2.641;0.119;0.464;138
B31570;2015/03/05 00:23:45;138;70;27.7;-25.4;2.412;1.535;1.174;2.638;0.119;0.470;139
B31570;2015/03/05 00:23:54;139;71;24.5;-25.8;2.396;1.535;1.167;2.638;0.119;0.451;140
B31570;2015/03/05 00:24:05;140;78;28.0;-25.8;2.503;1.564;1.167;2.638;0.129;0.438;141
B31570;2015/03/05 00:24:14;141;74;28.3;-25.6;2.416;1.564;1.161;2.638;0.129;0.451;142
B31570;2015/03/05 00:24:25;142;73;28.0;-25.6;2.380;1.558;1.161;2.683;0.129;0.441;143
B31570;2015/03/05 00:24:34;143;62;28.0;-25.8;2.396;1.558;1.167;2.683;0.129;0.467;144
B31570;2015/03/05 00:24:45;144;80;29.3;-25.8;2.461;1.541;1.167;2.683;0.129;0.451;145
B31570;2015/03/05 00:24:54;145;72;30.0;-25.8;2.574;1.541;1.158;2.683;0.129;0.432;146
B31570;2015/03/05 00:25:05;146;80;25.1;-25.6;2.477;1.541;1.158;2.677;0.129;0.451;147
B31570;2015/03/05 00:25:14;147;72;30.6;-25.4;2.380;1.541;1.161;2.677;0.129;0.470;148
B31570;2015/03/05 00:25:25;148;78;27.0;-25.8;2.464;1.538;1.161;2.677;0.138;0.458;149
B31570;2015/03/05 00:25:34;149;82;25.4;-25.8;2.416;1.538;1.158;2.677;0.138;0.467;150
B31570;2015/03/05 00:25:45;150;75;24.5;-25.8;2.545;1.551;1.158;2.641;0.138;0.432;151
B31570;2015/03/05 00:25:54;151;74;26.1;-25.8;2.458;1.551;1.164;2.641;0.138;0.425;152
B31570;2015/03/05 00:26:05;152;69;28.3;-25.8;2.399;1.538;1.164;2.641;0.129;0.458;153
B31570;2015/03/05 00:26:14;153;73;24.8;-25.8;2.548;1.538;1.170;2.641;0.129;0.432;154
B31570;2015/03/05 00:26:25;154;79;25.8;-25.6;2.396;1.525;1.170;2.654;0.129;0.441;155
B31570;2015/03/05 00:26:34;155;73;27.7;-25.4;2.532;1.525;1.180;2.654;0.129;0.464;156
B31570;2015/03/05 00:26:45;156;85;30.6;-25.8;2.532;1.525;1.180;2.654;0.119;0.451;157
B31570;2015/03/05 00:26:54;157;82;26.4;-25.8;2.451;1.525;1.193;2.654;0.119;0.474;158
B31570;2015/03/05 00:27:05;158;77;25.1;-25.8;2.541;1.525;1.193;2.690;0.119;0.451;159
B31570;2015/03/05 00:27:14;159;81;26.1;-25.8;2.425;1.525;1.161;2.690;0.119;0.435;160
B31570;2015/03/05 00:27:25;160;83;24.1;-25.8;2.554;1.529;1.161;2.690;0.129;0.432;161
B31570;2015/03/05 00:27:34;161;78;26.1;-25.8;2.425;1.529;1.209;2.690;0.129;0.451;162
B31570;2015/03/05 00:27:45;162;75;24.5;-25.6;2.377;1.551;1.209;2.661;0.129;0.432;163
B31570;2015/03/05 00:27:54;163;83;25.4;-25.8;2.416;1.551;1.177;2.661;0.129;0.429;164
B31570;2015/03/05 00:28:05;164;78;26.4;-25.6;2.399;1.564;1.177;2.661;0.112;0.429;165
B31570;2015/03/05 00:28:14;165;79;25.1;-25.8;2.399;1.564;1.209;2.661;0.112;0.429;166
B31570;2015/03/05 00:28:25;166;73;29.3;-25.8;2.487;1.548;1.209;2.661;0.112;0.438;167
B31570;2015/03/05 00:28:34;167;63;24.5;-25.8;2.399;1.548;1.161;2.661;0.112;0.441;168
B31570;2015/03/05 00:28:45;168;73;28.7;-25.8;2.500;1.551;1.161;2.661;0.116;0.438;169
B31570;2015/03/05 00:28:54;169;74;27.7;-25.8;2.403;1.551;1.174;2.661;0.116;0.438;170
B31570;2015/03/05 00:29:05;170;76;29.6;-25.8;2.464;1.538;1.174;2.683;0.116;0.445;171
B31570;2015/03/05 00:29:14;171;83;29.3;-25.4;2.461;1.538;1.180;2.683;0.116;0.448;172
B31570;2015/03/05 00:29:25;172;85;25.1;-25.6;2.393;1.525;1.180;2.683;0.138;0.435;173
B31570;2015/03/05 00:29:34;173;74;28.7;-25.6;2.396;1.525;1.209;2.683;0.138;0.432;174
B31570;2015/03/05 00:29:45;174;63;29.6;-25.1;2.570;1.567;1.209;2.674;0.138;0.432;175
B31570;2015/03/05 00:29:54;175;78;30.3;-25.4;2.380;1.567;1.164;2.674;0.138;0.435;176
B31570;2015/03/05 00:30:05;176;84;28.3;-25.8;2.432;1.545;1.164;2.674;0.116;0.458;177
B31570;2015/03/05 00:30:14;177;73;27.7;-25.8;2.493;1.545;1.212;2.674;0.116;0.429;178
B31570;2015/03/05 00:30:25;178;81;25.1;-25.6;2.470;1.564;1.212;2.664;0.116;0.435;179
B31570;2015/03/05 00:30:34;179;83;27.4;-25.8;2.396;1.564;1.177;2.664;0.116;0.429;180
B31570;2015/03/05 00:30:45;180;73;26.4;-25.4;2.396;1.541;1.177;2.664;0.119;0.445;181
B31570;2015/03/05 00:30:54;181;74;27.7;-25.4;2.399;1.541;1.161;2.664;0.119;0.458;182
B31570;2015/03/05 00:31:05;182;85;28.0;-25.6;2.374;1.529;1.161;2.677;0.119;0.445;183
B31570;2015/03/05 00:31:14;183;83;25.4;-25.8;2.419;1.529;1.161;2.677;0.119;0.441;184
B31570;2015/03/05 00:31:25;184;83;29.0;-25.8;2.461;1.554;1.161;2.677;0.119;0.435;185
B31570;2015/03/05 00:31:34;185;74;25.8;-25.8;2.425;1.554;1.190;2.677;0.119;0.448;186
B31570;2015/03/05 00:31:45;186;75;28.3;-25.4;2.535;1.532;1.190;2.716;0.119;0.445;187
B31570;2015/03/05 00:31:54;187;68;27.7;-25.8;2.380;1.532;1.167;2.716;0.119;0.458;188
B31570;2015/03/05 00:32:05;188;74;25.8;-25.6;2.503;1.529;1.167;2.716;0.141;0.438;189
B31570;2015/03/05 00:32:14;189;73;27.0;-25.8;2.461;1.529;1.161;2.716;0.141;0.451;190
B31570;2015/03/05 00:32:25;190;83;28.7;-25.8;2.525;1.564;1.161;2.699;0.141;0.429;191
B31570;2015/03/05 00:32:34;191;86;28.0;-25.8;2.396;1.564;1.164;2.699;0.141;0.445;192
B31570;2015/03/05 00:32:45;192;65;28.0;-25.8;2.545;1.529;1.164;2.699;0.141;0.441;193
B31570;2015/03/05 00:32:54;193;71;26.4;-25.8;2.429;1.529;1.209;2.699;0.141;0.429;194
B31570;2015/03/05 00:33:05;194;62;29.6;-25.8;2.474;1.558;1.209;2.690;0.141;0.422;195
B31570;2015/03/05 00:33:14;195;85;27.0;-25.8;2.461;1.558;1.196;2.690;0.141;0.429;196
B31570;2015/03/05 00:33:25;196;78;26.1;-25.8;2.567;1.564;1.196;2.690;0.119;0.429;197
B31570;2015/03/05 00:33:34;197;66;25.8;-25.8;2.422;1.564;1.216;2.690;0.119;0.441;198
B31570;2015/03/05 00:33:45;198;72;27.0;-25.8;2.538;1.554;1.216;2.690;0.119;0.441;199
B31570;2015/03/05 00:33:54;199;75;28.3;-25.6;2.422;1.554;1.164;2.690;0.119;0.467;200
B31570;2015/03/05 00:34:05;200;78;25.1;-25.8;2.551;1.532;1.164;2.690;0.199;0.451;201
B31570;2015/03/05 00:34:14;201;86;28.7;-25.4;2.406;1.532;1.209;2.690;0.199;0.429;202
B31570;2015/03/05 00:34:25;202;88;28.0;-25.6;2.561;1.567;1.209;2.680;0.199;0.432;203
B31570;2015/03/05 00:34:34;203;84;30.0;-25.8;2.387;1.567;1.164;2.680;0.199;0.435;204
B31570;2015/03/05 00:34:45;204;76;24.5;-25.6;2.377;1.538;1.164;2.680;0.148;0.451;205
B31570;2015/03/05 00:34:54;205;73;28.7;-25.4;2.387;1.538;1.164;2.680;0.148;0.454;206
B31570;2015/03/05 00:35:05;206;88;27.7;-25.8;2.396;1.558;1.164;2.661;0.148;0.451;207
B31570;2015/03/05 00:35:14;207;69;26.1;-25.8;2.383;1.558;1.177;2.661;0.148;0.435;208
B31570;2015/03/05 00:35:25;208;73;25.8;-25.4;2.399;1.545;1.177;2.661;0.177;0.458;209
B31570;2015/03/05 00:35:34;209;69;25.1;-25.8;2.577;1.545;1.219;2.661;0.177;0.458;210
B31570;2015/03/05 00:35:45;210;78;27.7;-25.4;2.432;1.529;1.219;2.680;0.177;0.438;211
B31570;2015/03/05 00:35:54;211;64;28.3;-25.8;2.506;1.529;1.180;2.680;0.177;0.467;212
B31570;2015/03/05 00:36:05;212;75;28.7;-25.8;2.519;1.558;1.180;2.680;0.122;0.429;213
B31570;2015/03/05 00:36:14;213;73;29.6;-25.6;2.483;1.558;1.174;2.680;0.122;0.467;214
B31570;2015/03/05 00:36:25;214;70;25.4;-25.8;2.570;1.561;1.174;2.661;0.122;0.432;215
B31570;2015/03/05 00:36:34;215;77;27.7;-25.4;2.396;1.561;1.183;2.661;0.122;0.448;216
B31570;2015/03/05 00:36:45;216;73;27.4;-25.6;2.570;1.554;1.183;2.661;0.119;0.451;217
B31570;2015/03/05 00:36:54;217;77;28.3;-25.4;2.396;1.554;1.212;2.661;0.119;0.448;218
B31570;2015/03/05 00:37:05;218;83;28.0;-25.8;2.577;1.532;1.212;2.661;0.119;0.451;219
B31570;2015/03/05 00:37:14;219;73;25.4;-25.8;2.416;1.532;1.167;2.661;0.119;0.445;220
B31570;2015/03/05 00:37:25;220;81;25.1;-25.8;2.412;1.532;1.167;2.661;0.116;0.451;221
B31570;2015/03/05 00:37:34;221;86;25.1;-25.8;2.419;1.532;1.206;2.661;0.116;0.438;222
B31570;2015/03/05 00:37:45;222;78;28.3;-25.4;2.419;1.541;1.206;2.664;0.116;0.429;223
B31570;2015/03/05 00:37:54;223;83;26.4;-25.8;2.380;1.541;1.161;2.664;0.116;0.429;224
B31570;2015/03/05 00:38:05;224;88;25.8;-25.4;2.509;1.538;1.161;2.664;0.216;0.451;225
B31570;2015/03/05 00:38:14;225;77;29.6;-24.9;2.512;1.538;1.167;2.664;0.216;0.458;226
B31570;2015/03/05 00:38:25;226;68;29.0;-25.2;2.377;1.570;1.167;2.658;0.216;0.438;227
B31570;2015/03/05 00:38:34;227;69;27.7;-25.4;2.380;1.570;1.212;2.658;0.216;0.435;228
B31570;2015/03/05 00:38:45;228;70;23.8;-25.8;2.554;1.548;1.212;2.658;0.129;0.470;229
B31570;2015/03/05 00:38:54;229;77;25.4;-25.8;2.422;1.548;1.164;2.658;0.129;0.438;230
B31570;2015/03/05 00:39:05;230;80;27.4;-25.6;2.377;1.529;1.164;2.683;0.129;0.441;231
B31570;2015/03/05 00:39:14;231;73;25.4;-25.8;2.416;1.529;1.216;2.683;0.129;0.458;232
B31570;2015/03/05 00:39:25;232;67;27.7;-25.4;2.419;1.532;1.216;2.683;0.116;0.441;233
B31570;2015/03/05 00:39:34;233;68;24.1;-25.8;2.396;1.532;1.183;2.683;0.116;0.432;234
B31570;2015/03/05 00:39:45;234;82;26.7;-25.6;2.390;1.558;1.183;2.687;0.116;0.464;235
B31570;2015/03/05 00:39:54;235;75;29.3;-25.4;2.396;1.558;1.216;2.687;0.116;0.458;236
B31570;2015/03/05 00:40:05;236;82;25.4;-25.8;2.538;1.558;1.216;2.687;0.122;0.429;237
B31570;2015/03/05 00:40:14;237;83;24.5;-25.8;2.396;1.558;1.209;2.687;0.122;0.429;238
B31570;2015/03/05 00:40:25;238;73;27.7;-25.4;2.419;1.554;1.209;2.658;0.122;0.429;239
B31570;2015/03/05 00:40:34;239;81;26.7;-25.8;2.487;1.554;1.180;2.658;0.122;0.458;240
B31570;2015/03/05 00:40:45;240;71;28.3;-25.8;2.390;1.548;1.180;2.658;0.125;0.451;241
B31570;2015/03/05 00:40:54;241;70;26.4;-25.8;2.380;1.548;1.167;2.658;0.125;0.432;242
B31570;2015/03/05 00:41:05;242;73;25.8;-25.6;2.487;1.538;1.167;2.664;0.125;0.470;243
B31570;2015/03/05 00:41:14;243;75;24.8;-25.8;2.509;1.538;1.199;2.664;0.125;0.429;244
B31570;2015/03/05 00:41:25;244;89;28.0;-25.6;2.477;1.532;1.199;2.664;0.122;0.441;245
B31570;2015/03/05 00:41:34;245;76;30.0;-25.8;2.396;1.532;1.167;2.664;0.122;0.467;246
B31570;2015/03/05 00:41:45;246;75;27.0;-25.4;2.512;1.532;1.167;2.648;0.122;0.441;247
B31570;2015/03/05 00:41:54;247;75;24.8;-25.8;2.396;1.532;1.219;2.648;0.122;0.429;248
B31570;2015/03/05 00:42:05;248;87;27.0;-25.4;2.409;1.532;1.219;2.648;0.183;0.451;249
B31570;2015/03/05 00:42:14;249;85;25.8;-25.8;2.383;1.532;1.222;2.648;0.183;0.429;250
B31570;2015/03/05 00:42:25;250;68;26.7;-25.6;2.570;1.551;1.222;2.638;0.183;0.451;251
B31570;2015/03/05 00:42:34;251;77;28.3;-25.8;2.399;1.551;1.170;2.638;0.183;0.438;252
B31570;2015/03/05 00:42:45;252;80;29.3;-25.8;2.500;1.532;1.170;2.638;0.116;0.441;253
B31570;2015/03/05 00:42:54;253;77;28.7;-25.8;2.500;1.532;1.164;2.638;0.116;0.451;254
B31570;2015/03/05 00:43:05;254;66;28.7;-25.8;2.525;1.561;1.164;2.658;0.116;0.435;255
B31570;2015/03/05 00:43:14;255;83;25.1;-25.8;2.406;1.561;1.190;2.658;0.116;0.445;256
B31570;2015/03/05 00:43:25;256;81;27.4;-25.4;2.429;1.561;1.190;2.658;0.125;0.429;257
B31570;2015/03/05 00:43:34;257;63;29.6;-25.4;2.470;1.561;1.167;2.658;0.125;0.441;258
B31570;2015/03/05 00:43:45;258;85;29.6;-25.8;2.525;1.548;1.167;2.648;0.125;0.477;259
B31570;2015/03/05 00:43:54;259;84;27.4;-24.9;2.538;1.548;1.164;2.648;0.125;0.429;260
B31570;2015/03/05 00:44:05;260;71;28.0;-25.8;2.529;1.548;1.164;2.648;0.112;0.429;261
B31570;2015/03/05 00:44:14;261;72;30.9;-25.4;2.435;1.548;1.219;2.648;0.112;0.425;262
B31570;2015/03/05 00:44:25;262;70;26.7;-25.4;2.416;1.548;1.219;2.677;0.112;0.435;263
B31570;2015/03/05 00:44:34;263;75;28.7;-25.6;2.396;1.548;1.219;2.677;0.112;0.429;264
B31570;2015/03/05 00:44:45;264;75;28.0;-25.8;2.416;1.567;1.219;2.677;0.119;0.441;265
B31570;2015/03/05 00:44:54;265;75;28.3;-25.8;2.393;1.567;1.209;2.677;0.119;0.429;266
B31570;2015/03/05 00:45:05;266;80;29.3;-25.8;2.500;1.548;1.209;2.683;0.119;0.470;267
B31570;2015/03/05 00:45:14;267;87;25.1;-25.8;2.396;1.548;1.167;2.683;0.119;0.445;268
B31570;2015/03/05 00:45:25;268;85;28.7;-25.8;2.374;1.538;1.167;2.683;0.125;0.438;269
B31570;2015/03/05 00:45:34;269;79;27.0;-25.8;2.374;1.538;1.199;2.683;0.125;0.461;270
B31570;2015/03/05 00:45:45;270;77;27.0;-25.4;2.399;1.548;1.199;2.641;0.125;0.470;271
B31570;2015/03/05 00:45:54;271;81;24.5;-25.8;2.393;1.548;1.206;2.641;0.125;0.448;272
B31570;2015/03/05 00:46:05;272;77;26.7;-25.8;2.496;1.564;1.206;2.641;0.129;0.438;273
B31570;2015/03/05 00:46:14;273;83;28.7;-25.4;2.425;1.564;1.180;2.641;0.129;0.425;274
B31570;2015/03/05 00:46:25;274;88;29.3;-25.8;2.487;1.551;1.180;2.696;0.129;0.464;275
B31570;2015/03/05 00:46:34;275;73;27.4;-25.8;2.387;1.551;1.206;2.696;0.129;0.464;276
B31570;2015/03/05 00:46:45;276;77;30.0;-25.6;2.561;1.558;1.206;2.696;0.112;0.435;277
B31570;2015/03/05 00:46:54;277;83;24.8;-25.8;2.396;1.558;1.190;2.696;0.112;0.429;278
B31570;2015/03/05 00:47:05;278;82;26.4;-25.4;2.503;1.541;1.190;2.674;0.112;0.451;279
B31570;2015/03/05 00:47:14;279;63;27.4;-25.8;2.387;1.541;1.170;2.674;0.112;0.464;280
B31570;2015/03/05 00:47:25;280;87;26.7;-25.4;2.445;1.554;1.170;2.674;0.125;0.458;281
B31570;2015/03/05 00:47:34;281;82;29.6;-25.4;2.387;1.554;1.219;2.674;0.125;0.432;282
B31570;2015/03/05 00:47:45;282;73;26.7;-25.6;2.393;1.541;1.219;2.654;0.125;0.438;283
B31570;2015/03/05 00:47:54;283;65;28.3;-25.8;2.548;1.541;1.190;2.654;0.125;0.441;284
B31570;2015/03/05 00:48:05;284;72;27.0;-25.4;2.419;1.570;1.190;2.654;0.170;0.454;285
B31570;2015/03/05 00:48:14;285;69;26.7;-25.8;2.396;1.570;1.196;2.654;0.170;0.458;286
B31570;2015/03/05 00:48:25;286;81;26.4;-25.4;2.396;1.551;1.196;2.651;0.170;0.435;287
B31570;2015/03/05 00:48:34;287;74;30.9;-25.4;2.445;1.551;1.174;2.651;0.170;0.461;288
B31570;2015/03/05 00:48:45;288;84;26.7;-25.8;2.564;1.541;1.174;2.651;0.216;0.451;289
B31570;2015/03/05 00:48:54;289;74;29.3;-25.6;2.525;1.541;1.177;2.651;0.216;0.451;290
B31570;2015/03/05 00:49:05;290;75;26.4;-25.4;2.487;1.558;1.177;2.674;0.216;0.464;291
B31570;2015/03/05 00:49:14;291;73;27.4;-25.4;2.532;1.558;1.196;2.674;0.216;0.458;292
B31570;2015/03/05 00:49:25;292;87;29.6;-25.8;2.487;1.541;1.196;2.674;0.125;0.445;293
B31570;2015/03/05 00:49:34;293;83;29.6;-25.4;2.380;1.541;1.180;2.674;0.125;0.451;294
B31570;2015/03/05 00:49:45;294;88;24.8;-25.8;2.548;1.558;1.180;2.716;0.125;0.470;295
B31570;2015/03/05 00:49:54;295;77;25.1;-25.8;2.406;1.558;1.170;2.716;0.125;0.445;296
B31570;2015/03/05 00:50:05;296;79;25.4;-25.6;2.383;1.545;1.170;2.716;0.122;0.470;297
B31570;2015/03/05 00:50:14;297;72;25.4;-25.8;2.416;1.545;1.164;2.716;0.122;0.445;298
B31570;2015/03/05 00:50:25;298;78;25.4;-25.8;2.558;1.570;1.164;2.687;0.122;0.438;299
B31570;2015/03/05 00:50:34;299;77;29.0;-25.4;2.412;1.570;1.170;2.687;0.122;0.438;300
B31570;2015/03/05 00:50:45;300;87;26.7;-25.6;2.393;1.570;1.170;2.687;0.119;0.441;301
B31570;2015/03/05 00:50:54;301;71;28.7;-25.6;2.487;1.570;1.180;2.687;0.119;0.464;302
B31570;2015/03/05 00:51:05;302;75;25.4;-25.8;2.577;1.574;1.180;2.706;0.119;0.438;303
B31570;2015/03/05 00:51:14;303;83;24.8;-25.8;2.480;1.574;1.193;2.706;0.119;0.451;304
B31570;2015/03/05 00:51:25;304;81;29.6;-25.8;2.474;1.564;1.193;2.706;0.119;0.435;305
B31570;2015/03/05 00:51:34;305;79;26.4;-25.8;2.387;1.564;1.209;2.706;0.119;0.432;306
B31570;2015/03/05 00:51:45;306;80;26.1;-25.8;2.577;1.554;1.209;2.661;0.119;0.435;307
B31570;2015/03/05 00:51:54;307;80;29.3;-25.4;2.387;1.554;1.170;2.661;0.119;0.435;308
B31570;2015/03/05 00:52:05;308;73;29.3;-25.8;2.558;1.561;1.170;2.661;0.135;0.470;309
B31570;2015/03/05 00:52:14;309;70;31.2;-25.4;2.380;1.561;1.174;2.661;0.135;0.441;310
B31570;2015/03/05 00:52:25;310;87;25.8;-25.6;2.387;1.541;1.174;2.703;0.135;0.474;311
B31570;2015/03/05 00:52:34;311;70;29.6;-25.8;2.577;1.541;1.180;2.703;0.135;0.438;312
B31570;2015/03/05 00:52:45;312;83;27.7;-25.4;2.448;1.567;1.180;2.703;0.122;0.448;313
B31570;2015/03/05 00:52:54;313;75;30.6;-25.4;2.425;1.567;1.164;2.703;0.122;0.438;314
B31570;2015/03/05 00:53:05;314;82;29.3;-25.8;2.487;1.545;1.164;2.674;0.122;0.445;315
B31570;2015/03/05 00:53:14;315;78;28.3;-25.8;2.477;1.545;1.196;2.674;0.122;0.464;316
B31570;2015/03/05 00:53:25;316;76;28.7;-25.8;2.470;1.548;1.196;2.674;0.116;0.470;317
B31570;2015/03/05 00:53:34;317;80;26.7;-25.8;2.393;1.548;1.164;2.674;0.116;0.438;318
B31570;2015/03/05 00:53:45;318;88;27.7;-25.6;2.564;1.548;1.164;2.706;0.116;0.454;319
B31570;2015/03/05 00:53:54;319;71;24.5;-25.8;2.396;1.548;1.203;2.706;0.116;0.441;320
B31570;2015/03/05 00:54:05;320;76;29.3;-25.6;2.380;1.548;1.203;2.706;0.112;0.454;321
B31570;2015/03/05 00:54:14;321;78;28.0;-25.2;2.577;1.548;1.170;2.706;0.112;0.435;322
B31570;2015/03/05 00:54:25;322;71;25.4;-25.6;2.374;1.570;1.170;2.696;0.112;0.445;323
B31570;2015/03/05 00:54:34;323;73;24.8;-25.8;2.399;1.570;1.177;2.696;0.112;0.458;324
B31570;2015/03/05 00:54:45;324;80;25.1;-25.8;2.538;1.541;1.177;2.696;0.154;0.451;325
B31570;2015/03/05 00:54:54;325;69;24.5;-25.8;2.396;1.541;1.180;2.696;0.154;0.435;326
B31570;2015/03/05 00:55:05;326;70;27.4;-25.6;2.570;1.548;1.180;2.654;0.154;0.470;327
B31570;2015/03/05 00:55:14;327;73;25.4;-25.8;2.416;1.548;1.174;2.654;0.154;0.438;328
B31570;2015/03/05 00:55:25;328;72;30.0;-25.8;2.377;1.538;1.174;2.654;0.138;0.451;329
B31570;2015/03/05 00:55:34;329;83;24.8;-25.8;2.574;1.538;1.212;2.654;0.138;0.438;330
B31570;2015/03/05 00:55:45;330;86;28.0;-25.8;2.512;1.551;1.212;2.696;0.138;0.464;331
B31570;2015/03/05 00:55:54;331;79;28.7;-25.6;2.461;1.551;1.177;2.696;0.138;0.438;332
B31570;2015/03/05 00:56:05;332;63;27.0;-25.4;2.532;1.541;1.177;2.696;0.106;0.451;333
B31570;2015/03/05 00:56:14;333;68;27.4;-25.2;2.503;1.541;1.216;2.696;0.106;0.464;334
B31570;2015/03/05 00:56:25;334;71;29.3;-25.8;2.535;1.558;1.216;2.716;0.106;0.435;335
B31570;2015/03/05 00:56:34;335;76;28.0;-25.8;2.403;1.558;1.170;2.716;0.106;0.438;336
B31570;2015/03/05 00:56:45;336;79;27.0;-25.4;2.396;1.570;1.170;2.716;0.138;0.435;337
B31570;2015/03/05 00:56:54;337;74;28.3;-25.8;2.554;1.570;1.212;2.716;0.138;0.435;338
B31570;2015/03/05 00:57:05;338;70;27.0;-25.4;2.509;1.535;1.212;2.690;0.138;0.458;339
B31570;2015/03/05 00:57:14;339;77;26.4;-25.8;2.380;1.535;1.222;2.690;0.138;0.474;340
B31570;2015/03/05 00:57:25;340;79;29.3;-25.8;2.396;1.538;1.222;2.690;0.167;0.445;341
B31570;2015/03/05 00:57:34;341;81;24.8;-25.8;2.409;1.538;1.174;2.690;0.167;0.458;342
B31570;2015/03/05 00:57:45;342;88;25.8;-25.6;2.393;1.561;1.174;2.706;0.167;0.435;343
B31570;2015/03/05 00:57:54;343;73;25.1;-25.8;2.396;1.561;1.167;2.706;0.167;0.435;344
B31570;2015/03/05 00:58:05;344;82;27.7;-25.4;2.412;1.570;1.167;2.706;0.132;0.448;345
B31570;2015/03/05 00:58:14;345;78;29.3;-25.4;2.396;1.570;1.190;2.706;0.132;0.470;346
B31570;2015/03/05 00:58:25;346;73;27.0;-25.4;2.412;1.554;1.190;2.703;0.132;0.487;347
B31570;2015/03/05 00:58:34;347;69;27.0;-25.8;2.535;1.554;1.222;2.703;0.132;0.435;348
B31570;2015/03/05 00:58:45;348;83;29.0;-25.8;2.448;1.538;1.222;2.703;0.125;0.464;349
B31570;2015/03/05 00:58:54;349;78;25.8;-25.8;2.412;1.538;1.174;2.703;0.125;0.451;350
B31570;2015/03/05 00:59:05;350;87;25.1;-25.8;2.554;1.554;1.174;2.693;0.125;0.435;351
B31570;2015/03/05 00:59:14;351;87;26.4;-25.8;2.435;1.554;1.170;2.693;0.125;0.429;352
B31570;2015/03/05 00:59:25;352;65;28.3;-25.8;2.393;1.548;1.170;2.693;0.125;0.435;353
B31570;2015/03/05 00:59:34;353;75;29.0;-25.6;2.529;1.548;1.209;2.693;0.125;0.454;354
B31570;2015/03/05 00:59:45;354;85;25.8;-25.6;2.387;1.564;1.209;2.712;0.125;0.470;355
B31570;2015/03/05 00:59:54;355;75;27.7;-25.8;2.490;1.564;1.170;2.712;0.125;0.441;356
B31570;2015/03/05 01:00:20;0;1;27.4;-25.8;2.035;-1.000;-1.000;-1.000;-1.000;0.451;1
B31570;2015/03/05 01:00:38;1;91;24.5;-25.8;2.429;-1.000;-1.000;-1.000;-1.000;0.438;2
B31570;2015/03/05 01:00:49;2;71;29.6;-25.6;2.396;1.325;-1.000;2.796;-1.000;0.454;3
B31570;2015/03/05 01:00:59;3;78;27.4;-25.8;2.380;1.325;1.190;2.796;-1.000;0.448;4
B31570;2015/03/05 01:01:09;4;80;26.7;-25.4;2.399;1.377;1.190;2.796;0.170;0.445;5
B31570;2015/03/05 01:01:19;5;83;30.6;-25.4;2.387;1.377;1.229;2.796;0.170;0.435;6
B31570;2015/03/05 01:01:29;6;74;29.6;-25.6;2.367;1.477;1.229;2.635;0.170;0.464;7
B31570;2015/03/05 01:01:39;7;75;24.5;-25.8;2.567;1.477;1.183;2.635;0.170;0.438;8
B31570;2015/03/05 01:01:49;8;73;27.7;-25.4;2.445;1.483;1.183;2.635;0.174;0.458;9
B31570;2015/03/05 01:01:59;9;69;30.0;-25.8;2.570;1.483;1.232;2.635;0.174;0.441;10
B31570;2015/03/05 01:02:09;10;72;27.0;-25.4;2.406;1.503;1.232;2.629;0.174;0.451;11
B31570;2015/03/05 01:02:19;11;68;28.0;-25.8;2.377;1.503;1.222;2.629;0.174;0.435;12
B31570;2015/03/05 01:02:29;12;74;26.7;-25.4;2.509;1.503;1.222;2.629;0.158;0.438;13
B31570;2015/03/05 01:02:39;13;84;28.0;-25.8;2.577;1.503;1.196;2.629;0.158;0.470;14
B31570;2015/03/05 01:02:49;14;83;27.0;-25.4;2.512;1.516;1.196;2.699;0.158;0.445;15
B31570;2015/03/05 01:02:59;15;72;28.0;-25.8;2.409;1.516;1.177;2.699;0.158;0.438;16
B31570;2015/03/05 01:03:09;16;78;28.3;-25.6;2.570;1.535;1.177;2.699;0.174;0.451;17
B31570;2015/03/05 01:03:19;17;72;26.7;-25.8;2.435;1.535;1.219;2.699;0.174;0.435;18
B31570;2015/03/05 01:03:29;18;69;28.7;-25.8;2.474;1.545;1.219;2.696;0.174;0.464;19
B31570;2015/03/05 01:03:39;19;74;27.4;-25.2;2.493;1.545;1.187;2.696;0.174;0.467;20
B31570;2015/03/05 01:03:49;20;70;29.0;-25.6;2.377;1.522;1.187;2.696;0.161;0.438;21
B31570;2015/03/05 01:03:59;21;70;27.0;-25.8;2.483;1.522;1.177;2.696;0.161;0.458;22
B31570;2015/03/05 01:04:09;22;74;25.8;-25.6;2.496;1.551;1.177;2.641;0.161;0.438;23
B31570;2015/03/05 01:04:19;23;73;28.0;-25.8;2.380;1.551;1.225;2.641;0.161;0.467;24
B31570;2015/03/05 01:04:29;24;72;30.3;-25.8;2.467;1.551;1.225;2.641;0.190;0.435;25
B31570;2015/03/05 01:04:39;25;77;25.8;-25.8;2.380;1.551;1.183;2.641;0.190;0.458;26
B31570;2015/03/05 01:04:49;26;85;25.8;-25.6;2.429;1.535;1.183;2.664;0.190;0.441;27
B31570;2015/03/05 01:04:59;27;73;28.7;-25.4;2.416;1.535;1.174;2.664;0.190;0.445;28
B31570;2015/03/05 01:05:09;28;76;29.3;-25.6;2.561;1.567;1.174;2.664;0.161;0.435;29
B31570;2015/03/05 01:05:19;29;68;30.9;-25.4;2.393;1.567;1.225;2.664;0.161;0.429;30
B31570;2015/03/05 01:05:29;30;72;25.1;-25.6;2.387;1.570;1.225;2.690;0.161;0.441;31
B31570;2015/03/05 01:05:39;31;70;26.4;-25.8;2.458;1.570;1.187;2.690;0.161;0.461;32
B31570;2015/03/05 01:05:49;32;71;29.3;-25.4;2.467;1.545;1.187;2.690;0.132;0.474;33
B31570;2015/03/05 01:05:59;33;81;26.4;-25.8;2.483;1.545;1.225;2.690;0.132;0.429;34
B31570;2015/03/05 01:06:09;34;75;28.7;-25.8;2.496;1.564;1.225;2.670;0.132;0.429;35
B31570;2015/03/05 01:06:19;35;71;26.4;-25.8;2.432;1.564;1.216;2.670;0.132;0.422;36
B31570;2015/03/05 01:06:29;36;80;26.7;-25.6;2.393;1.532;1.216;2.670;0.132;0.438;37
B31570;2015/03/05 01:06:39;37;78;26.7;-25.8;2.464;1.532;1.219;2.670;0.132;0.464;38
B31570;2015/03/05 01:06:49;38;74;27.0;-25.4;2.522;1.535;1.219;2.645;0.132;0.464;39
B31570;2015/03/05 01:06:59;39;84;23.8;-25.8;2.396;1.535;1.216;2.645;0.132;0.425;40
B31570;2015/03/05 01:07:09;40;67;24.5;-25.8;2.377;1.564;1.216;2.645;0.161;0.429;41
B31570;2015/03/05 01:07:19;41;81;25.4;-25.8;2.419;1.564;1.206;2.645;0.161;0.429;42
B31570;2015/03/05 01:07:29;42;88;25.1;-25.8;2.374;1.551;1.206;2.677;0.161;0.441;43
B31570;2015/03/05 01:07:39;43;81;26.7;-25.8;2.554;1.551;1.183;2.677;0.161;0.458;44
B31570;2015/03/05 01:07:49;44;66;26.7;-25.6;2.393;1.570;1.183;2.677;0.154;0.464;45
B31570;2015/03/05 01:07:59;45;81;30.0;-25.8;2.396;1.570;1.170;2.677;0.154;0.467;46
B31570;2015/03/05 01:08:09;46;79;31.2;-25.8;2.393;1.538;1.170;2.677;0.154;0.441;47
B31570;2015/03/05 01:08:19;47;81;30.6;-25.6;2.396;1.538;1.222;2.677;0.154;0.474;48
B31570;2015/03/05 01:08:29;48;73;27.4;-25.6;2.570;1.564;1.222;2.677;0.132;0.435;49
B31570;2015/03/05 01:08:39;49;76;26.7;-25.8;2.483;1.564;1.219;2.677;0.132;0.448;50
B31570;2015/03/05 01:08:49;50;83;27.7;-25.4;2.412;1.558;1.219;2.677;0.132;0.438;51
B31570;2015/03/05 01:08:59;51;83;28.7;-25.4;2.412;1.558;1.225;2.677;0.132;0.429;52
B31570;2015/03/05 01:09:09;52;76;27.4;-25.6;2.561;1.538;1.225;2.677;0.174;0.432;53
B31570;2015/03/05 01:09:19;53;70;28.0;-25.8;2.387;1.538;1.180;2.677;0.174;0.435;54
B31570;2015/03/05 01:09:29;54;69;27.0;-25.4;2.535;1.574;1.180;2.670;0.174;0.429;55
B31570;2015/03/05 01:09:39;55;83;24.5;-25.8;2.396;1.574;1.206;2.670;0.174;0.445;56
B31570;2015/03/05 01:09:49;56;82;29.0;-25.8;2.438;1.561;1.206;2.670;0.138;0.470;57
B31570;2015/03/05 01:09:59;57;84;26.4;-25.8;2.435;1.561;1.187;2.670;0.138;0.445;58
B31570;2015/03/05 01:10:09;58;81;27.7;-25.4;2.416;1.538;1.187;2.706;0.138;0.451;59
B31570;2015/03/05 01:10:19;59;73;29.6;-25.6;2.396;1.538;1.177;2.706;0.138;0.445;60
B31570;2015/03/05 01:10:29;60;84;26.4;-25.4;2.529;1.577;1.177;2.706;0.177;0.470;61
B31570;2015/03/05 01:10:39;61;78;24.8;-25.8;2.387;1.577;1.206;2.706;0.177;0.467;62
B31570;2015/03/05 01:10:49;62;72;26.1;-25.8;2.570;1.558;1.206;2.680;0.177;0.464;63
B31570;2015/03/05 01:10:59;63;72;24.5;-25.8;2.399;1.558;1.174;2.680;0.177;0.429;64
B31570;2015/03/05 01:11:09;64;76;28.0;-25.8;2.525;1.570;1.174;2.680;0.135;0.435;65
B31570;2015/03/05 01:11:19;65;73;24.8;-25.8;2.548;1.570;1.174;2.680;0.135;0.458;66
B31570;2015/03/05 01:11:29;66;75;28.7;-25.6;2.558;1.558;1.174;2.667;0.135;0.429;67
B31570;2015/03/05 01:11:39;67;68;24.8;-25.8;2.403;1.558;1.174;2.667;0.135;0.432;68
B31570;2015/03/05 01:11:49;68;66;26.4;-25.4;2.406;1.564;1.174;2.667;0.161;0.429;69
B31570;2015/03/05 01:11:59;69;80;28.3;-25.4;2.470;1.564;1.225;2.667;0.161;0.429;70
B31570;2015/03/05 01:24:11;0;1;24.8;-25.8;2.241;-1.000;-1.000;-1.000;-1.000;0.441;1
B31570;2015/03/05 01:24:30;1;90;26.1;-25.8;2.516;-1.000;-1.000;-1.000;-1.000;0.490;2
B31570;2015/03/05 01:24:40;2;74;24.1;-25.8;2.500;1.316;-1.000;2.777;-1.000;0.464;3
B31570;2015/03/05 01:24:50;3;75;27.4;-25.8;2.493;1.316;1.241;2.777;-1.000;0.438;4
B31570;2015/03/05 01:25:00;4;78;29.6;-25.8;2.512;1.370;1.241;2.777;0.248;0.458;5
B31570;2015/03/05 01:25:10;5;78;27.4;-25.8;2.477;1.370;1.180;2.777;0.248;0.441;6
B31570;2015/03/05 01:25:20;6;78;27.0;-25.4;2.525;1.438;1.180;2.609;0.248;0.441;7
B31570;2015/03/05 01:25:30;7;72;30.0;-25.8;2.567;1.438;1.183;2.609;0.248;0.438;8
B31570;2015/03/05 01:25:40;8;78;26.7;-25.8;2.567;1.470;1.183;2.609;0.148;0.451;9
B31570;2015/03/05 01:25:50;9;74;26.7;-25.8;2.435;1.470;1.209;2.609;0.148;0.448;10
B31570;2015/03/05 01:26:00;10;84;25.4;-25.8;2.516;1.493;1.209;2.645;0.148;0.451;11
B31570;2015/03/05 01:26:10;11;73;24.5;-25.8;2.390;1.493;1.190;2.645;0.148;0.464;12
B31570;2015/03/05 01:26:20;12;77;26.7;-25.8;2.570;1.519;1.190;2.645;0.216;0.454;13
B31570;2015/03/05 01:26:30;13;69;28.0;-25.8;2.580;1.519;1.177;2.645;0.216;0.467;14
B31570;2015/03/05 01:26:40;14;78;27.7;-25.4;2.412;1.548;1.177;2.661;0.216;0.445;15
B31570;2015/03/05 01:26:50;15;73;29.3;-25.8;2.570;1.548;1.183;2.661;0.216;0.429;16
B31570;2015/03/05 01:27:00;16;74;27.4;-25.6;2.390;1.558;1.183;2.661;0.148;0.464;17
B31570;2015/03/05 01:27:10;17;69;24.8;-25.8;2.577;1.558;1.219;2.661;0.148;0.474;18
B31570;2015/03/05 01:27:20;18;68;27.7;-25.4;2.445;1.532;1.219;2.696;0.148;0.451;19
B31570;2015/03/05 01:27:30;19;73;28.7;-25.4;2.387;1.532;1.177;2.696;0.148;0.438;20
B31570;2015/03/05 01:27:40;20;71;28.7;-25.8;2.393;1.535;1.177;2.696;0.132;0.451;21
B31570;2015/03/05 01:27:50;21;78;28.7;-25.4;2.432;1.535;1.193;2.696;0.132;0.435;22
B31570;2015/03/05 01:28:00;22;83;26.7;-25.8;2.558;1.529;1.193;2.712;0.132;0.454;23
B31570;2015/03/05 01:28:10;23;73;28.0;-25.8;2.399;1.529;1.190;2.712;0.132;0.432;24
B31570;2015/03/05 01:28:20;24;80;29.0;-25.8;2.477;1.532;1.190;2.712;0.129;0.441;25
B31570;2015/03/05 01:28:30;25;83;25.1;-25.8;2.399;1.532;1.190;2.712;0.129;0.467;26
B31570;2015/03/05 01:28:40;26;80;27.7;-25.4;2.419;1.532;1.190;2.664;0.129;0.445;27
B31570;2015/03/05 01:28:50;27;78;31.2;-25.4;2.380;1.532;1.177;2.664;0.129;0.438;28
B31570;2015/03/05 01:29:00;28;74;28.7;-25.8;2.512;1.532;1.177;2.664;0.132;0.470;29
B31570;2015/03/05 01:29:10;29;68;27.4;-25.2;2.522;1.532;1.177;2.664;0.132;0.438;30
B31570;2015/03/05 01:29:20;30;75;25.8;-25.4;2.399;1.545;1.177;2.680;0.132;0.464;31
B31570;2015/03/05 01:29:30;31;66;30.0;-25.8;2.393;1.545;1.203;2.680;0.132;0.464;32
B31570;2015/03/05 01:29:40;32;72;24.5;-25.6;2.377;1.561;1.203;2.680;0.132;0.470;33
B31570;2015/03/05 01:29:50;33;76;25.4;-25.8;2.416;1.561;1.183;2.680;0.132;0.464;34
B31570;2015/03/05 01:30:00;34;68;26.4;-25.4;2.500;1.541;1.183;2.706;0.132;0.441;35
B31570;2015/03/05 01:30:10;35;73;25.1;-25.8;2.396;1.541;1.222;2.706;0.132;0.435;36
B31570;2015/03/05 01:30:20;36;78;26.7;-25.8;2.570;1.567;1.222;2.706;0.129;0.470;37
B31570;2015/03/05 01:30:30;37;86;29.6;-25.6;2.474;1.567;1.232;2.706;0.129;0.435;38
B31570;2015/03/05 01:30:40;38;73;24.5;-25.8;2.529;1.554;1.232;2.706;0.129;0.464;39
B31570;2015/03/05 01:30:50;39;75;25.1;-25.8;2.393;1.554;1.177;2.706;0.129;0.451;40
B31570;2015/03/05 01:31:00;40;70;28.7;-25.8;2.483;1.567;1.177;2.706;0.132;0.464;41
B31570;2015/03/05 01:31:10;41;83;28.3;-25.4;2.548;1.567;1.206;2.706;0.132;0.435;42
B31570;2015/03/05 01:31:20;42;84;28.3;-25.8;2.464;1.577;1.206;2.680;0.132;0.435;43
B31570;2015/03/05 01:31:30;43;87;26.1;-25.8;2.396;1.577;1.190;2.680;0.132;0.458;44
B31570;2015/03/05 01:31:40;44;74;29.3;-25.6;2.577;1.548;1.190;2.680;0.122;0.451;45
B31570;2015/03/05 01:31:50;45;73;26.7;-25.8;2.467;1.548;1.225;2.680;0.122;0.429;46
B31570;2015/03/05 01:32:00;46;76;26.7;-25.8;2.577;1.570;1.225;2.683;0.122;0.451;47
B31570;2015/03/05 01:32:10;47;68;30.0;-25.8;2.374;1.570;1.222;2.683;0.122;0.467;48
B31570;2015/03/05 01:32:20;48;88;24.5;-25.8;2.525;1.567;1.222;2.683;0.125;0.470;49
B31570;2015/03/05 01:32:30;49;73;30.9;-25.4;2.425;1.567;1.225;2.683;0.125;0.435;50
B31570;2015/03/05 01:32:40;50;74;29.6;-25.8;2.532;1.567;1.225;2.716;0.125;0.441;51
B31570;2015/03/05 01:32:50;51;81;25.1;-25.8;2.390;1.567;1.177;2.716;0.125;0.441;52
B31570;2015/03/05 01:33:00;52;85;28.0;-25.6;2.570;1.574;1.177;2.716;0.125;0.451;53
B31570;2015/03/05 01:33:10;53;70;26.7;-25.8;2.480;1.574;1.206;2.716;0.125;0.458;54
B31570;2015/03/05 01:33:20;54;88;28.3;-25.6;2.393;1.561;1.206;2.687;0.125;0.464;55
B31570;2015/03/05 01:33:30;55;73;26.1;-25.8;2.445;1.561;1.183;2.687;0.125;0.451;56
B31570;2015/03/05 01:33:40;56;85;26.7;-25.4;2.512;1.580;1.183;2.687;0.132;0.435;57
B31570;2015/03/05 01:33:50;57;83;25.1;-25.8;2.393;1.580;1.196;2.687;0.132;0.467;58
B31570;2015/03/05 01:34:00;58;80;26.7;-25.8;2.567;1.545;1.196;2.687;0.132;0.451;59
B31570;2015/03/05 01:34:10;59;77;30.6;-25.8;2.558;1.545;1.216;2.687;0.132;0.445;60
B31570;2015/03/05 01:34:20;60;72;27.7;-25.4;2.458;1.561;1.216;2.687;0.122;0.438;61
B31570;2015/03/05 01:34:30;61;66;24.5;-25.8;2.396;1.561;1.177;2.687;0.122;0.438;62
B31570;2015/03/05 01:34:40;62;81;27.7;-25.8;2.525;1.545;1.177;2.703;0.122;0.438;63
B31570;2015/03/05 01:34:50;63;75;29.3;-25.8;2.561;1.545;1.235;2.703;0.122;0.438;64
B31570;2015/03/05 01:35:00;64;72;28.7;-25.8;2.554;1.583;1.235;2.703;0.129;0.429;65
B31570;2015/03/05 01:35:10;65;77;30.6;-25.4;2.383;1.583;1.235;2.703;0.129;0.441;66
B31570;2015/03/05 01:35:20;66;73;25.4;-25.4;2.393;1.548;1.235;2.677;0.129;0.438;67
B31570;2015/03/05 01:35:30;67;61;30.9;-25.6;2.496;1.548;1.209;2.677;0.129;0.435;68
B31570;2015/03/05 01:35:40;68;76;31.2;-25.8;2.509;1.583;1.209;2.677;0.119;0.429;69
B31570;2015/03/05 01:35:50;69;80;25.1;-25.8;2.548;1.583;1.199;2.677;0.119;0.458;70
B31570;2015/03/05 01:36:00;70;87;30.3;-25.8;2.464;1.564;1.199;2.667;0.119;0.458;71
B31570;2015/03/05 01:36:12;0;1;24.5;-25.8;2.064;-1.000;-1.000;-1.000;-1.000;0.441;1
B31570;2015/03/05 01:36:31;1;93;30.0;-25.6;2.348;-1.000;-1.000;-1.000;-1.000;0.425;2
B31570;2015/03/05 01:36:41;2;74;28.7;-25.8;2.377;1.319;-1.000;2.790;-1.000;0.454;3
B31570;2015/03/05 01:36:51;3;78;24.5;-25.8;2.393;1.319;1.206;2.790;-1.000;0.429;4
B31570;2015/03/05 01:37:01;4;69;28.3;-25.2;2.545;1.380;1.206;2.790;0.199;0.438;5
B31570;2015/03/05 01:37:11;5;84;24.1;-25.8;2.383;1.380;1.190;2.790;0.199;0.458;6
B31570;2015/03/05 01:37:21;6;86;26.7;-25.8;2.567;1.448;1.190;2.622;0.199;0.438;7
B31570;2015/03/05 01:37:31;7;77;24.1;-25.8;2.567;1.448;1.183;2.622;0.199;0.438;8
B31570;2015/03/05 01:37:41;8;84;25.1;-25.8;2.377;1.509;1.183;2.622;0.154;0.429;9
B31570;2015/03/05 01:37:51;9;75;26.7;-25.8;2.390;1.509;1.193;2.622;0.154;0.467;10
B31570;2015/03/05 01:38:01;10;82;30.6;-25.8;2.509;1.496;1.193;2.638;0.154;0.429;11
B31570;2015/03/05 01:38:11;11;83;29.3;-25.6;2.480;1.496;1.180;2.638;0.154;0.445;12
B31570;2015/03/05 01:38:21;12;85;26.7;-25.6;2.387;1.519;1.180;2.638;0.154;0.429;13
B31570;2015/03/05 01:38:31;13;72;28.0;-25.8;2.574;1.519;1.196;2.638;0.154;0.432;14
B31570;2015/03/05 01:38:41;14;83;26.4;-25.4;2.496;1.519;1.196;2.648;0.154;0.441;15
B31570;2015/03/05 01:38:51;15;69;25.1;-25.8;2.412;1.519;1.196;2.648;0.154;0.429;16
B31570;2015/03/05 01:39:01;16;85;29.6;-25.6;2.370;1.561;1.196;2.648;0.138;0.429;17
B31570;2015/03/05 01:39:11;17;83;27.7;-25.2;2.532;1.561;1.180;2.648;0.138;0.432;18
B31570;2015/03/05 01:39:21;18;83;28.7;-25.8;2.529;1.551;1.180;2.648;0.138;0.429;19
B31570;2015/03/05 01:39:31;19;73;28.0;-25.8;2.383;1.551;1.183;2.648;0.138;0.441;20
B31570;2015/03/05 01:39:41;20;74;29.0;-25.8;2.480;1.538;1.183;2.648;0.138;0.438;21
B31570;2015/03/05 01:39:51;21;77;28.0;-25.6;2.509;1.538;1.206;2.648;0.138;0.461;22
B31570;2015/03/05 01:40:01;22;81;30.0;-25.8;2.570;1.558;1.206;2.661;0.138;0.432;23
B31570;2015/03/05 01:40:11;23;73;24.1;-25.8;2.406;1.558;1.222;2.661;0.138;0.438;24
B31570;2015/03/05 01:40:21;24;83;31.2;-25.8;2.487;1.570;1.222;2.661;0.125;0.477;25
B31570;2015/03/05 01:40:31;25;74;26.7;-25.8;2.467;1.570;1.232;2.661;0.125;0.435;26
B31570;2015/03/05 01:40:41;26;86;25.1;-25.8;2.554;1.535;1.232;2.667;0.125;0.441;27
B31570;2015/03/05 01:40:51;27;77;28.7;-25.4;2.374;1.535;1.183;2.667;0.125;0.441;28
B31570;2015/03/05 01:41:01;28;79;26.7;-25.8;2.548;1.570;1.183;2.667;0.148;0.470;29
B31570;2015/03/05 01:41:11;29;81;28.3;-25.4;2.396;1.570;1.229;2.667;0.148;0.438;30
B31570;2015/03/05 01:41:21;30;81;25.8;-25.6;2.470;1.558;1.229;2.677;0.148;0.435;31
B31570;2015/03/05 01:41:31;31;72;27.4;-25.2;2.519;1.558;1.180;2.677;0.148;0.458;32
B31570;2015/03/05 01:41:41;32;79;27.0;-25.4;2.406;1.558;1.180;2.677;0.138;0.470;33
B31570;2015/03/05 01:41:51;33;85;27.0;-25.8;2.393;1.558;1.235;2.677;0.138;0.432;34
B31570;2015/03/05 01:42:01;34;79;24.1;-25.8;2.541;1.551;1.235;2.696;0.138;0.483;35
B31570;2015/03/05 01:42:11;35;83;25.1;-25.8;2.422;1.551;1.183;2.696;0.138;0.445;36
B31570;2015/03/05 01:42:21;36;78;27.0;-25.4;2.406;1.548;1.183;2.696;0.132;0.461;37
B31570;2015/03/05 01:42:31;37;66;25.4;-25.8;2.445;1.548;1.187;2.696;0.132;0.435;38
B31570;2015/03/05 01:42:41;38;68;26.4;-25.4;2.393;1.567;1.187;2.683;0.132;0.441;39
B31570;2015/03/05 01:42:51;39;78;26.4;-25.8;2.451;1.567;1.180;2.683;0.132;0.438;40
B31570;2015/03/05 01:43:01;40;78;25.1;-25.8;2.377;1.561;1.180;2.683;0.135;0.464;41
B31570;2015/03/05 01:43:11;41;66;26.1;-25.8;2.387;1.561;1.190;2.683;0.135;0.438;42
B31570;2015/03/05 01:43:21;42;72;24.5;-25.8;2.554;1.564;1.190;2.706;0.135;0.451;43
B31570;2015/03/05 01:43:31;43;79;29.6;-25.4;2.403;1.564;1.206;2.706;0.135;0.467;44
B31570;2015/03/05 01:43:41;44;78;27.0;-25.4;2.419;1.545;1.206;2.706;0.116;0.438;45
B31570;2015/03/05 01:43:51;45;72;25.1;-25.8;2.377;1.545;1.203;2.706;0.116;0.464;46
B31570;2015/03/05 01:44:01;46;83;27.4;-25.6;2.393;1.558;1.203;2.699;0.116;0.451;47
B31570;2015/03/05 01:44:11;47;73;25.8;-25.8;2.380;1.558;1.183;2.699;0.116;0.438;48
B31570;2015/03/05 01:44:21;48;68;26.7;-25.8;2.509;1.567;1.183;2.699;0.132;0.435;49
B31570;2015/03/05 01:44:31;49;86;25.1;-25.8;2.387;1.567;1.193;2.699;0.132;0.458;50
B31570;2015/03/05 01:44:41;50;71;30.9;-25.8;2.487;1.587;1.193;2.719;0.132;0.429;51
B31570;2015/03/05 01:44:51;51;73;26.7;-25.8;2.483;1.587;1.180;2.719;0.132;0.435;52
B31570;2015/03/05 01:45:01;52;73;27.0;-25.6;2.387;1.567;1.180;2.719;0.129;0.441;53
B31570;2015/03/05 01:45:11;53;85;29.3;-25.6;2.396;1.567;1.209;2.719;0.129;0.480;54
B31570;2015/03/05 01:45:21;54;89;27.0;-25.4;2.399;1.554;1.209;2.703;0.129;0.470;55
B31570;2015/03/05 01:45:31;55;86;29.3;-25.6;2.399;1.554;1.206;2.703;0.129;0.438;56
B31570;2015/03/05 01:45:41;56;73;27.7;-25.4;2.561;1.551;1.206;2.703;0.132;0.451;57
B31570;2015/03/05 01:45:51;57;83;24.8;-25.8;2.396;1.551;1.190;2.703;0.132;0.458;58
B31570;2015/03/05 01:46:01;58;84;26.4;-25.4;2.500;1.567;1.190;2.680;0.132;0.464;59
B31570;2015/03/05 01:46:11;59;85;28.3;-25.8;2.522;1.567;1.196;2.680;0.132;0.467;60
B31570;2015/03/05 01:46:21;60;87;25.1;-25.6;2.383;1.577;1.196;2.680;0.148;0.461;61
B31570;2015/03/05 01:46:31;61;83;26.4;-25.8;2.487;1.577;1.203;2.680;0.148;0.438;62
B31570;2015/03/05 01:46:41;62;84;28.3;-25.8;2.487;1.583;1.203;2.699;0.148;0.435;63
B31570;2015/03/05 01:46:51;63;71;24.8;-25.8;2.554;1.583;1.183;2.699;0.148;0.438;64
B31570;2015/03/05 01:47:01;64;86;25.1;-25.6;2.387;1.570;1.183;2.699;0.129;0.464;65
B31570;2015/03/05 01:47:11;65;69;25.8;-25.8;2.570;1.570;1.212;2.699;0.129;0.470;66
B31570;2015/03/05 01:47:21;66;74;26.4;-25.4;2.409;1.561;1.212;2.735;0.129;0.441;67
B31570;2015/03/05 01:47:31;67;70;24.8;-25.8;2.551;1.561;1.232;2.735;0.129;0.467;68
B31570;2015/03/05 01:47:41;68;73;25.1;-25.8;2.377;1.548;1.232;2.735;0.209;0.445;69
B31570;2015/03/05 01:47:51;69;76;25.8;-25.8;2.419;1.548;1.190;2.735;0.209;0.441;70
B31570;2015/03/05 01:48:01;70;69;27.7;-25.4;2.416;1.558;1.190;2.732;0.209;0.454;71
B31570;2015/03/05 01:48:12;0;1;24.5;-25.8;2.058;-1.000;-1.000;-1.000;-1.000;0.441;1
B31570;2015/03/05 01:48:31;1;78;28.3;-25.6;2.348;-1.000;-1.000;-1.000;-1.000;0.461;2
B31570;2015/03/05 01:48:41;2;68;23.8;-25.8;2.487;1.361;-1.000;2.832;-1.000;0.467;3
B31570;2015/03/05 01:48:51;3;74;24.8;-25.8;2.393;1.361;1.241;2.832;-1.000;0.451;4
B31570;2015/03/05 01:49:01;4;67;25.1;-25.6;2.377;1.422;1.241;2.832;0.161;0.451;5
B31570;2015/03/05 01:49:11;5;69;24.8;-25.8;2.377;1.422;1.222;2.832;0.161;0.435;6
B31570;2015/03/05 01:49:21;6;66;26.1;-25.8;2.564;1.467;1.222;2.616;0.161;0.458;7
B31570;2015/03/05 01:49:31;7;63;25.8;-25.8;2.570;1.467;1.183;2.616;0.161;0.445;8
B31570;2015/03/05 01:49:41;8;83;27.4;-25.6;2.564;1.509;1.183;2.616;0.154;0.435;9
B31570;2015/03/05 01:49:51;9;76;24.8;-25.8;2.396;1.509;1.212;2.616;0.154;0.483;10
B31570;2015/03/05 01:50:01;10;87;30.0;-25.6;2.390;1.516;1.212;2.654;0.154;0.467;11
B31570;2015/03/05 01:50:11;11;68;25.8;-25.8;2.425;1.516;1.238;2.654;0.154;0.441;12
B31570;2015/03/05 01:50:21;12;77;27.0;-25.8;2.458;1.548;1.238;2.654;0.132;0.464;13
B31570;2015/03/05 01:50:31;13;73;24.5;-25.8;2.390;1.548;1.187;2.654;0.132;0.458;14
B31570;2015/03/05 01:50:41;14;74;27.0;-25.4;2.406;1.522;1.187;2.683;0.132;0.451;15
B31570;2015/03/05 01:50:51;15;74;26.1;-25.8;2.374;1.522;1.235;2.683;0.132;0.438;16
B31570;2015/03/05 01:51:01;16;83;30.6;-25.8;2.387;1.532;1.235;2.683;0.141;0.435;17
B31570;2015/03/05 01:51:11;17;72;27.4;-25.8;2.470;1.532;1.219;2.683;0.141;0.435;18
B31570;2015/03/05 01:51:21;18;75;27.4;-25.6;2.570;1.545;1.219;2.683;0.141;0.438;19
B31570;2015/03/05 01:51:31;19;78;28.0;-25.8;2.551;1.545;1.187;2.683;0.141;0.451;20
B31570;2015/03/05 01:51:41;20;73;28.0;-25.8;2.374;1.570;1.187;2.683;0.138;0.470;21
B31570;2015/03/05 01:51:51;21;85;23.8;-25.8;2.396;1.570;1.235;2.683;0.138;0.429;22
B31570;2015/03/05 01:52:01;22;75;25.4;-25.8;2.577;1.538;1.235;2.687;0.138;0.441;23
B31570;2015/03/05 01:52:11;23;83;25.4;-25.8;2.380;1.538;1.238;2.687;0.138;0.432;24
B31570;2015/03/05 01:52:21;24;85;29.0;-25.6;2.377;1.564;1.238;2.687;0.161;0.474;25
B31570;2015/03/05 01:52:31;25;65;26.7;-25.8;2.387;1.564;1.235;2.687;0.161;0.429;26
B31570;2015/03/05 01:52:41;26;71;27.0;-25.8;2.458;1.564;1.235;2.687;0.161;0.458;27
B31570;2015/03/05 01:52:51;27;75;25.1;-25.8;2.422;1.564;1.183;2.687;0.161;0.432;28
B31570;2015/03/05 01:53:01;28;68;31.2;-25.8;2.487;1.577;1.183;2.687;0.148;0.470;29
B31570;2015/03/05 01:53:11;29;77;28.7;-25.8;2.396;1.577;1.187;2.687;0.148;0.435;30
B31570;2015/03/05 01:53:21;30;74;25.8;-25.6;2.399;1.545;1.187;2.677;0.148;0.464;31
B31570;2015/03/05 01:53:31;31;68;24.8;-25.8;2.399;1.545;1.193;2.677;0.148;0.467;32
B31570;2015/03/05 01:53:41;32;74;27.0;-25.4;2.535;1.545;1.193;2.677;0.132;0.445;33
B31570;2015/03/05 01:53:51;33;70;30.6;-25.4;2.425;1.545;1.187;2.677;0.132;0.448;34
B31570;2015/03/05 01:54:01;34;83;29.6;-25.8;2.545;1.545;1.187;2.699;0.132;0.451;35
B31570;2015/03/05 01:54:11;35;74;29.3;-25.2;2.577;1.545;1.229;2.699;0.132;0.464;36
B31570;2015/03/05 01:54:21;36;88;24.5;-25.6;2.387;1.574;1.229;2.699;0.135;0.458;37
B31570;2015/03/05 01:54:31;37;80;25.8;-25.8;2.380;1.574;1.235;2.699;0.135;0.429;38
B31570;2015/03/05 01:54:41;38;83;24.1;-25.8;2.545;1.564;1.235;2.667;0.135;0.435;39
B31570;2015/03/05 01:54:51;39;78;29.3;-25.4;2.403;1.564;1.190;2.667;0.135;0.445;40
B31570;2015/03/05 01:55:01;40;85;25.1;-25.8;2.577;1.580;1.190;2.667;0.125;0.451;41
B31570;2015/03/05 01:55:11;41;78;27.7;-25.8;2.393;1.580;1.187;2.667;0.125;0.464;42
B31570;2015/03/05 01:55:21;42;83;25.4;-25.8;2.577;1.548;1.187;2.667;0.125;0.438;43
B31570;2015/03/05 01:55:31;43;86;25.1;-25.8;2.429;1.548;1.183;2.667;0.125;0.487;44
B31570;2015/03/05 01:55:41;44;74;27.7;-25.4;2.545;1.551;1.183;2.667;0.119;0.461;45
B31570;2015/03/05 01:55:51;45;78;26.4;-25.8;2.445;1.551;1.190;2.667;0.119;0.458;46
B31570;2015/03/05 01:56:01;46;81;24.8;-25.8;2.377;1.570;1.190;2.674;0.119;0.458;47
B31570;2015/03/05 01:56:11;47;63;24.1;-25.8;2.548;1.570;1.190;2.674;0.119;0.438;48
B31570;2015/03/05 01:56:21;48;71;29.0;-25.8;2.522;1.570;1.190;2.674;0.132;0.483;49
B31570;2015/03/05 01:56:31;49;75;27.7;-25.4;2.399;1.570;1.219;2.674;0.132;0.441;50
B31570;2015/03/05 01:56:41;50;65;28.0;-25.6;2.574;1.574;1.219;2.680;0.132;0.451;51
B31570;2015/03/05 01:56:51;51;74;28.7;-25.8;2.554;1.574;1.241;2.680;0.132;0.467;52
B31570;2015/03/05 01:57:01;52;78;29.3;-25.6;2.570;1.567;1.241;2.680;0.125;0.445;53
B31570;2015/03/05 01:57:11;53;70;28.0;-25.8;2.380;1.567;1.225;2.680;0.125;0.470;54
B31570;2015/03/05 01:57:21;54;73;27.7;-25.2;2.545;1.580;1.225;2.683;0.125;0.441;55
B31570;2015/03/05 01:57:31;55;70;30.3;-25.4;2.380;1.580;1.209;2.683;0.125;0.458;56
B31570;2015/03/05 01:57:41;56;82;26.4;-25.4;2.509;1.551;1.209;2.683;0.135;0.451;57
B31570;2015/03/05 01:57:51;57;76;28.0;-25.8;2.529;1.551;1.199;2.683;0.135;0.464;58
B31570;2015/03/05 01:58:01;58;76;27.7;-25.8;2.425;1.561;1.199;2.729;0.135;0.454;59
B31570;2015/03/05 01:58:11;59;72;28.0;-25.8;2.396;1.561;1.183;2.729;0.135;0.451;60
B31570;2015/03/05 01:58:21;60;70;25.1;-25.8;2.564;1.583;1.183;2.729;0.122;0.483;61
B31570;2015/03/05 01:58:31;61;82;27.0;-25.8;2.454;1.583;1.190;2.729;0.122;0.458;62
B31570;2015/03/05 01:58:41;62;74;25.8;-25.6;2.396;1.561;1.190;2.687;0.122;0.461;63
B31570;2015/03/05 01:58:51;63;67;25.8;-25.8;2.390;1.561;1.241;2.687;0.122;0.467;64
B31570;2015/03/05 01:59:01;64;86;24.1;-25.8;2.548;1.551;1.241;2.687;0.132;0.451;65
B31570;2015/03/05 01:59:11;65;86;27.4;-25.8;2.548;1.551;1.232;2.687;0.132;0.438;66
B31570;2015/03/05 01:59:21;66;71;29.0;-25.8;2.487;1.564;1.232;2.699;0.132;0.461;67
B31570;2015/03/05 01:59:31;67;70;27.4;-25.8;2.522;1.564;1.235;2.699;0.132;0.435;68
B31570;2015/03/05 01:59:41;68;78;24.1;-25.8;2.422;1.577;1.235;2.699;0.122;0.435;69
B31570;2015/03/05 01:59:51;69;68;30.0;-25.8;2.380;1.577;1.225;2.699;0.122;0.464;70
B31570;2015/03/05 02:00:01;70;74;24.8;-25.8;2.538;1.561;1.225;2.690;0.122;0.464;71
B31570;2015/03/05 02:00:11;71;82;29.3;-25.6;2.396;1.561;1.196;2.690;0.122;0.458;72
B31570;2015/03/05 02:00:21;72;83;25.4;-25.8;2.577;1.583;1.196;2.690;0.161;0.451;73
B31570;2015/03/05 02:00:31;73;74;26.7;-25.8;2.577;1.583;1.219;2.690;0.161;0.470;74
