B31552;2015/03/09 00:00:04;20492;78;29.3;27.0;2.677;1.787;1.158;2.083;0.038;0.761;20493
B31552;2015/03/09 00:00:14;20493;91;27.4;26.9;2.883;1.787;1.109;2.083;0.038;0.735;20494
B31552;2015/03/09 00:00:24;20494;90;32.2;26.5;2.774;1.754;1.109;2.080;0.038;0.780;20495
B31552;2015/03/09 00:00:34;20495;90;31.9;26.9;2.822;1.754;1.141;2.080;0.038;0.758;20496
B31552;2015/03/09 00:00:44;20496;97;30.0;27.0;2.903;1.764;1.141;2.080;0.019;0.774;20497
B31552;2015/03/09 00:00:54;20497;88;28.3;27.0;2.903;1.764;1.132;2.080;0.019;0.761;20498
B31552;2015/03/09 00:01:04;20498;91;31.6;26.3;2.880;1.761;1.132;2.093;0.019;0.764;20499
B31552;2015/03/09 00:01:14;20499;87;31.2;26.9;2.719;1.761;1.112;2.093;0.019;0.770;20500
B31552;2015/03/09 00:01:24;20500;88;28.0;26.5;2.664;1.796;1.112;2.093;0.032;0.774;20501
B31552;2015/03/09 00:01:34;20501;86;30.6;26.9;2.706;1.796;1.135;2.093;0.032;0.748;20502
B31552;2015/03/09 00:01:44;20502;84;26.4;27.0;2.703;1.780;1.135;2.061;0.032;0.738;20503
B31552;2015/03/09 00:01:54;20503;89;30.9;27.4;2.719;1.780;1.099;2.061;0.032;0.745;20504
B31552;2015/03/09 00:02:04;20504;97;30.0;26.7;2.774;1.783;1.099;2.061;0.016;0.764;20505
B31552;2015/03/09 00:02:14;20505;93;26.4;26.5;2.909;1.783;1.141;2.061;0.016;0.741;20506
B31552;2015/03/09 00:02:24;20506;96;28.3;27.2;2.667;1.751;1.141;2.061;0.016;0.741;20507
B31552;2015/03/09 00:02:34;20507;90;29.3;26.7;2.690;1.751;1.106;2.061;0.016;0.783;20508
B31552;2015/03/09 00:02:44;20508;80;27.0;27.0;2.706;1.761;1.106;2.061;0.022;0.732;20509
B31552;2015/03/09 00:02:54;20509;82;29.0;26.5;2.754;1.761;1.099;2.061;0.022;0.754;20510
B31552;2015/03/09 00:03:04;20510;93;27.7;27.2;2.751;1.764;1.099;2.058;0.022;0.732;20511
B31552;2015/03/09 00:03:14;20511;94;33.2;26.7;2.770;1.764;1.103;2.058;0.022;0.738;20512
B31552;2015/03/09 00:03:24;20512;79;30.3;26.2;2.703;1.751;1.103;2.058;0.016;0.770;20513
B31552;2015/03/09 00:03:34;20513;78;30.6;26.9;2.838;1.751;1.129;2.058;0.016;0.735;20514
B31552;2015/03/09 00:03:44;20514;95;27.4;27.0;2.832;1.780;1.129;2.087;0.016;0.751;20515
B31552;2015/03/09 00:03:54;20515;87;31.6;26.3;2.880;1.780;1.112;2.087;0.016;0.741;20516
B31552;2015/03/09 00:04:04;20516;93;29.3;26.5;2.770;1.748;1.112;2.087;0.058;0.780;20517
B31552;2015/03/09 00:04:14;20517;86;30.3;26.7;2.699;1.748;1.096;2.087;0.058;0.754;20518
B31552;2015/03/09 00:04:24;20518;91;29.6;27.0;2.664;1.767;1.096;2.077;0.058;0.732;20519
B31552;2015/03/09 00:04:34;20519;88;27.0;26.7;2.919;1.767;1.099;2.077;0.058;0.767;20520
B31552;2015/03/09 00:04:44;20520;81;30.3;26.7;2.696;1.774;1.099;2.077;0.067;0.774;20521
B31552;2015/03/09 00:04:54;20521;95;31.9;26.9;2.790;1.774;1.135;2.077;0.067;0.774;20522
B31552;2015/03/09 00:05:04;20522;78;27.0;27.0;2.703;1.767;1.135;2.029;0.067;0.761;20523
B31552;2015/03/09 00:05:14;20523;83;31.2;27.4;2.864;1.767;1.103;2.029;0.067;0.761;20524
B31552;2015/03/09 00:05:24;20524;83;30.3;26.7;2.887;1.790;1.103;2.029;0.029;0.767;20525
B31552;2015/03/09 00:05:34;20525;86;31.2;26.9;2.880;1.790;1.109;2.029;0.029;0.767;20526
B31552;2015/03/09 00:05:44;20526;93;28.0;26.9;2.906;1.793;1.109;2.038;0.029;0.767;20527
B31552;2015/03/09 00:05:54;20527;84;32.5;26.7;2.683;1.793;1.116;2.038;0.029;0.745;20528
B31552;2015/03/09 00:06:04;20528;86;27.0;27.2;2.848;1.777;1.116;2.038;0.019;0.780;20529
B31552;2015/03/09 00:06:14;20529;88;30.6;27.4;2.696;1.777;1.135;2.038;0.019;0.761;20530
B31552;2015/03/09 00:06:24;20530;91;30.3;26.3;2.667;1.793;1.135;2.054;0.019;0.754;20531
B31552;2015/03/09 00:06:34;20531;93;29.0;26.7;2.670;1.793;1.141;2.054;0.019;0.751;20532
B31552;2015/03/09 00:06:44;20532;98;31.2;27.2;2.722;1.787;1.141;2.054;0.029;0.761;20533
B31552;2015/03/09 00:06:54;20533;95;31.2;26.7;2.703;1.787;1.164;2.054;0.029;0.783;20534
B31552;2015/03/09 00:07:04;20534;89;29.3;26.7;2.729;1.787;1.164;2.022;0.029;0.761;20535
B31552;2015/03/09 00:07:14;20535;78;31.2;27.2;2.741;1.787;1.129;2.022;0.029;0.735;20536
B31552;2015/03/09 00:07:24;20536;95;27.7;26.9;2.670;1.780;1.129;2.022;0.029;0.725;20537
B31552;2015/03/09 00:07:34;20537;89;32.5;26.7;2.683;1.780;1.106;2.022;0.029;0.725;20538
B31552;2015/03/09 00:07:44;20538;92;30.0;27.4;2.758;1.777;1.106;2.067;0.029;0.758;20539
B31552;2015/03/09 00:07:54;20539;94;26.4;26.7;2.909;1.777;1.164;2.067;0.029;0.758;20540
B31552;2015/03/09 00:08:04;20540;79;32.5;26.3;2.680;1.751;1.164;2.067;0.003;0.754;20541
B31552;2015/03/09 00:08:14;20541;89;28.3;26.9;2.664;1.751;1.103;2.067;0.003;0.777;20542
B31552;2015/03/09 00:08:24;20542;91;27.4;26.9;2.809;1.783;1.103;2.074;0.003;0.738;20543
B31552;2015/03/09 00:08:34;20543;93;32.5;27.2;2.690;1.783;1.099;2.074;0.003;0.754;20544
B31552;2015/03/09 00:08:44;20544;88;32.5;26.9;2.674;1.790;1.099;2.074;0.025;0.754;20545
B31552;2015/03/09 00:08:54;20545;91;29.6;26.7;2.874;1.790;1.158;2.074;0.025;0.764;20546
B31552;2015/03/09 00:09:04;20546;91;31.9;26.3;2.670;1.764;1.158;2.038;0.025;0.719;20547
B31552;2015/03/09 00:09:14;20547;90;27.7;27.2;2.677;1.764;1.164;2.038;0.025;0.735;20548
B31552;2015/03/09 00:09:24;20548;91;29.0;26.7;2.670;1.754;1.164;2.038;0.067;0.729;20549
B31552;2015/03/09 00:09:34;20549;86;30.6;27.2;2.887;1.754;1.119;2.038;0.067;0.767;20550
B31552;2015/03/09 00:09:44;20550;92;27.7;27.2;2.858;1.793;1.119;1.996;0.067;0.738;20551
B31552;2015/03/09 00:09:54;20551;91;28.0;27.6;2.670;1.793;1.158;1.996;0.067;0.758;20552
B31552;2015/03/09 00:10:04;20552;97;26.7;27.4;2.822;1.793;1.158;1.996;0.000;0.770;20553
B31552;2015/03/09 00:10:14;20553;89;31.2;27.4;2.683;1.793;1.129;1.996;0.000;0.738;20554
B31552;2015/03/09 00:10:24;20554;83;27.7;27.4;2.754;1.780;1.129;1.970;0.000;0.741;20555
B31552;2015/03/09 00:10:34;20555;91;29.6;26.7;2.903;1.780;1.106;1.970;0.000;0.767;20556
B31552;2015/03/09 00:10:44;20556;91;30.6;27.0;2.664;1.751;1.106;1.970;0.032;0.745;20557
B31552;2015/03/09 00:10:54;20557;89;29.3;27.0;2.719;1.751;1.103;1.970;0.032;0.754;20558
B31552;2015/03/09 00:11:04;20558;84;29.3;26.9;2.906;1.751;1.103;1.958;0.032;0.748;20559
B31552;2015/03/09 00:11:14;20559;92;31.6;27.2;2.745;1.751;1.129;1.958;0.032;0.751;20560
B31552;2015/03/09 00:11:24;20560;91;29.0;27.9;2.903;1.796;1.129;1.958;0.012;0.783;20561
B31552;2015/03/09 00:11:34;20561;86;27.0;27.2;2.896;1.796;1.106;1.958;0.012;0.774;20562
B31552;2015/03/09 00:11:44;20562;95;31.6;27.2;2.683;1.774;1.106;1.938;0.012;0.751;20563
B31552;2015/03/09 00:11:54;20563;92;30.0;27.4;2.874;1.774;1.103;1.938;0.012;0.745;20564
B31552;2015/03/09 00:12:04;20564;82;29.3;27.0;2.670;1.790;1.103;1.938;0.000;0.767;20565
B31552;2015/03/09 00:12:14;20565;93;28.0;27.4;2.725;1.790;1.122;1.938;0.000;0.758;20566
B31552;2015/03/09 00:12:24;20566;90;27.4;27.9;2.777;1.796;1.122;1.964;0.000;0.787;20567
B31552;2015/03/09 00:12:34;20567;85;29.0;27.2;2.777;1.796;1.109;1.964;0.000;0.758;20568
B31552;2015/03/09 00:12:44;20568;83;27.4;27.0;2.687;1.758;1.109;1.964;0.012;0.809;20569
B31552;2015/03/09 00:12:54;20569;90;29.0;27.2;2.751;1.758;1.145;1.964;0.012;0.767;20570
B31552;2015/03/09 00:13:04;20570;89;30.9;27.6;2.683;1.774;1.145;1.929;0.012;0.761;20571
B31552;2015/03/09 00:13:14;20571;96;31.9;27.4;2.841;1.774;1.109;1.929;0.012;0.803;20572
B31552;2015/03/09 00:13:24;20572;95;27.0;27.6;2.822;1.774;1.109;1.929;0.016;0.770;20573
B31552;2015/03/09 00:13:34;20573;88;31.9;27.4;2.745;1.774;1.135;1.929;0.016;0.758;20574
B31552;2015/03/09 00:13:44;20574;96;27.0;27.2;2.848;1.787;1.135;1.912;0.016;0.767;20575
B31552;2015/03/09 00:13:54;20575;94;27.4;27.4;2.664;1.787;1.170;1.912;0.016;0.787;20576
B31552;2015/03/09 00:14:04;20576;84;28.3;27.9;2.903;1.803;1.170;1.912;0.016;0.793;20577
B31552;2015/03/09 00:14:14;20577;92;31.6;27.4;2.712;1.803;1.167;1.912;0.016;0.806;20578
B31552;2015/03/09 00:14:24;20578;88;32.5;27.4;2.883;1.790;1.167;1.961;0.016;0.787;20579
B31552;2015/03/09 00:14:34;20579;79;28.0;27.9;2.770;1.790;1.174;1.961;0.016;0.803;20580
B31552;2015/03/09 00:14:44;20580;91;26.4;27.9;2.848;1.787;1.174;1.961;0.016;0.758;20581
B31552;2015/03/09 00:14:54;20581;93;29.3;27.4;2.680;1.787;1.174;1.961;0.016;0.774;20582
B31552;2015/03/09 00:15:04;20582;85;28.3;27.6;2.893;1.783;1.174;1.964;0.016;0.764;20583
B31552;2015/03/09 00:15:14;20583;83;27.7;26.7;2.906;1.783;1.109;1.964;0.016;0.764;20584
B31552;2015/03/09 00:15:24;20584;97;29.3;27.4;2.770;1.790;1.109;1.964;0.032;0.764;20585
B31552;2015/03/09 00:15:34;20585;90;27.0;27.7;2.893;1.790;1.129;1.964;0.032;0.767;20586
B31552;2015/03/09 00:15:44;20586;87;27.0;27.4;2.874;1.783;1.129;1.974;0.032;0.783;20587
B31552;2015/03/09 00:15:54;20587;88;27.0;27.6;2.903;1.783;1.148;1.974;0.032;0.774;20588
B31552;2015/03/09 00:16:04;20588;87;31.2;27.4;2.680;1.764;1.148;1.974;0.019;0.796;20589
B31552;2015/03/09 00:16:14;20589;87;26.7;27.7;2.709;1.764;1.174;1.974;0.019;0.783;20590
B31552;2015/03/09 00:16:24;20590;88;33.5;27.4;2.893;1.796;1.174;1.967;0.019;0.787;20591
B31552;2015/03/09 00:16:34;20591;83;30.6;27.9;2.758;1.796;1.122;1.967;0.019;0.770;20592
B31552;2015/03/09 00:16:44;20592;81;28.0;27.6;2.903;1.783;1.122;1.967;0.012;0.796;20593
B31552;2015/03/09 00:16:54;20593;88;29.6;28.4;2.867;1.783;1.164;1.967;0.012;0.796;20594
B31552;2015/03/09 00:17:04;20594;98;32.5;27.9;2.896;1.809;1.164;1.954;0.012;0.758;20595
B31552;2015/03/09 00:17:14;20595;88;27.4;27.4;2.664;1.809;1.170;1.954;0.012;0.761;20596
B31552;2015/03/09 00:17:24;20596;91;33.2;27.4;2.738;1.787;1.170;1.954;0.012;0.764;20597
B31552;2015/03/09 00:17:34;20597;96;33.5;27.2;2.783;1.787;1.170;1.954;0.012;0.777;20598
B31552;2015/03/09 00:17:44;20598;86;31.9;27.7;2.738;1.806;1.170;1.967;0.012;0.790;20599
B31552;2015/03/09 00:17:54;20599;88;30.0;26.9;2.677;1.806;1.148;1.967;0.012;0.777;20600
B31552;2015/03/09 00:18:04;20600;83;30.3;27.4;2.870;1.796;1.148;1.967;0.019;0.799;20601
B31552;2015/03/09 00:18:14;20601;90;28.0;27.9;2.841;1.796;1.164;1.967;0.019;0.758;20602
B31552;2015/03/09 00:18:24;20602;88;27.7;27.2;2.890;1.787;1.164;1.987;0.019;0.758;20603
B31552;2015/03/09 00:18:34;20603;82;30.0;27.4;2.696;1.787;1.116;1.987;0.019;0.758;20604
B31552;2015/03/09 00:18:44;20604;88;29.3;27.6;2.683;1.770;1.116;1.987;0.012;0.758;20605
B31552;2015/03/09 00:18:54;20605;90;26.7;27.2;2.687;1.770;1.116;1.987;0.012;0.783;20606
B31552;2015/03/09 00:19:04;20606;91;30.6;26.9;2.658;1.790;1.116;1.958;0.012;0.774;20607
B31552;2015/03/09 00:19:14;20607;93;30.6;27.7;2.780;1.790;1.180;1.958;0.012;0.793;20608
B31552;2015/03/09 00:19:24;20608;89;31.6;27.0;2.899;1.783;1.180;1.958;0.009;0.796;20609
B31552;2015/03/09 00:19:34;20609;92;31.9;27.4;2.680;1.783;1.170;1.958;0.009;0.758;20610
B31552;2015/03/09 00:19:44;20610;88;31.2;27.7;2.758;1.774;1.170;2.006;0.009;0.758;20611
B31552;2015/03/09 00:19:54;20611;93;31.2;27.7;2.912;1.774;1.148;2.006;0.009;0.790;20612
B31552;2015/03/09 00:20:04;20612;81;30.3;27.2;2.851;1.787;1.148;2.006;0.012;0.796;20613
B31552;2015/03/09 00:20:14;20613;89;27.0;27.4;2.754;1.787;1.154;2.006;0.012;0.780;20614
B31552;2015/03/09 00:20:24;20614;88;29.0;27.2;2.670;1.774;1.154;1.996;0.012;0.780;20615
B31552;2015/03/09 00:20:34;20615;90;28.7;27.6;2.677;1.774;1.135;1.996;0.012;0.767;20616
B31552;2015/03/09 00:20:44;20616;88;28.3;27.9;2.906;1.790;1.135;1.996;0.000;0.790;20617
B31552;2015/03/09 00:20:54;20617;83;27.7;27.7;2.670;1.790;1.119;1.996;0.000;0.803;20618
B31552;2015/03/09 00:21:04;20618;84;30.0;27.9;2.870;1.816;1.119;1.945;0.000;0.783;20619
B31552;2015/03/09 00:21:14;20619;85;30.6;27.4;2.870;1.816;1.174;1.945;0.000;0.758;20620
B31552;2015/03/09 00:21:24;20620;88;31.6;26.9;2.722;1.777;1.174;1.945;0.012;0.764;20621
B31552;2015/03/09 00:21:34;20621;91;30.0;27.4;2.812;1.777;1.141;1.945;0.012;0.761;20622
B31552;2015/03/09 00:21:44;20622;95;32.5;27.9;2.899;1.803;1.141;1.938;0.012;0.770;20623
B31552;2015/03/09 00:21:54;20623;78;28.0;27.6;2.670;1.803;1.125;1.938;0.012;0.780;20624
B31552;2015/03/09 00:22:04;20624;89;30.6;27.0;2.906;1.800;1.125;1.938;0.025;0.793;20625
B31552;2015/03/09 00:22:14;20625;88;26.7;27.4;2.841;1.800;1.183;1.938;0.025;0.770;20626
B31552;2015/03/09 00:22:24;20626;92;32.5;27.0;2.890;1.777;1.183;1.990;0.025;0.783;20627
B31552;2015/03/09 00:22:34;20627;92;31.2;27.6;2.845;1.777;1.164;1.990;0.025;0.793;20628
B31552;2015/03/09 00:22:44;20628;97;26.7;27.7;2.829;1.803;1.164;1.990;0.032;0.751;20629
B31552;2015/03/09 00:22:54;20629;85;30.3;27.2;2.874;1.803;1.129;1.990;0.032;0.783;20630
B31552;2015/03/09 00:23:04;20630;91;29.6;28.4;2.848;1.803;1.129;1.990;0.032;0.764;20631
B31552;2015/03/09 00:23:14;20631;91;27.4;27.4;2.819;1.803;1.132;1.990;0.032;0.748;20632
B31552;2015/03/09 00:23:24;20632;78;29.3;27.2;2.906;1.825;1.132;1.990;0.125;0.764;20633
B31552;2015/03/09 00:23:34;20633;86;28.7;27.6;2.683;1.825;1.129;1.990;0.125;0.761;20634
B31552;2015/03/09 00:23:44;20634;96;29.0;27.4;2.912;1.803;1.129;1.990;0.125;0.751;20635
B31552;2015/03/09 00:23:54;20635;96;30.9;27.0;2.893;1.803;1.161;1.990;0.125;0.748;20636
B31552;2015/03/09 00:24:04;20636;93;31.6;27.7;2.819;1.780;1.161;1.990;0.087;0.745;20637
B31552;2015/03/09 00:24:14;20637;88;31.6;27.2;2.848;1.780;1.135;1.990;0.087;0.780;20638
B31552;2015/03/09 00:24:24;20638;98;27.0;27.2;2.845;1.812;1.135;2.000;0.087;0.761;20639
B31552;2015/03/09 00:24:34;20639;94;30.3;27.9;2.835;1.812;1.129;2.000;0.087;0.761;20640
B31552;2015/03/09 00:24:44;20640;96;27.0;27.9;2.906;1.790;1.129;2.000;0.012;0.767;20641
B31552;2015/03/09 00:24:54;20641;87;33.8;27.6;2.683;1.790;1.125;2.000;0.012;0.758;20642
B31552;2015/03/09 00:25:04;20642;91;31.6;27.2;2.658;1.793;1.125;1.977;0.012;0.764;20643
B31552;2015/03/09 00:25:14;20643;82;27.7;27.0;2.793;1.793;1.148;1.977;0.012;0.764;20644
B31552;2015/03/09 00:25:24;20644;80;27.0;27.6;2.848;1.780;1.148;1.977;0.048;0.764;20645
B31552;2015/03/09 00:25:34;20645;89;28.3;27.6;2.670;1.780;1.125;1.977;0.048;0.764;20646
B31552;2015/03/09 00:25:44;20646;95;30.0;27.9;2.906;1.793;1.125;1.980;0.048;0.777;20647
B31552;2015/03/09 00:25:54;20647;93;31.9;27.6;2.719;1.793;1.132;1.980;0.048;0.793;20648
B31552;2015/03/09 00:26:04;20648;89;30.3;27.0;2.890;1.803;1.132;1.980;0.080;0.777;20649
B31552;2015/03/09 00:26:14;20649;89;31.9;27.7;2.848;1.803;1.180;1.980;0.080;0.761;20650
B31552;2015/03/09 00:26:24;20650;81;30.3;27.7;2.809;1.816;1.180;1.970;0.080;0.787;20651
B31552;2015/03/09 00:26:34;20651;83;28.7;27.7;2.690;1.816;1.170;1.970;0.080;0.774;20652
B31552;2015/03/09 00:26:44;20652;88;30.0;27.6;2.716;1.822;1.170;1.970;0.058;0.758;20653
B31552;2015/03/09 00:26:54;20653;91;28.0;27.9;2.725;1.822;1.174;1.970;0.058;0.796;20654
B31552;2015/03/09 00:27:04;20654;80;32.5;27.6;2.899;1.803;1.174;2.000;0.058;0.758;20655
B31552;2015/03/09 00:27:14;20655;88;30.9;27.2;2.903;1.803;1.154;2.000;0.058;0.780;20656
B31552;2015/03/09 00:27:24;20656;90;31.2;27.7;2.858;1.796;1.154;2.000;0.012;0.787;20657
B31552;2015/03/09 00:27:34;20657;83;26.7;27.7;2.719;1.796;1.129;2.000;0.012;0.783;20658
B31552;2015/03/09 00:27:44;20658;88;32.5;27.2;2.880;1.825;1.129;1.961;0.012;0.799;20659
B31552;2015/03/09 00:27:54;20659;87;25.8;27.4;2.812;1.825;1.145;1.961;0.012;0.764;20660
B31552;2015/03/09 00:28:04;20660;83;30.0;27.7;2.703;1.790;1.145;1.961;0.074;0.758;20661
B31552;2015/03/09 00:28:14;20661;89;32.9;28.1;2.793;1.790;1.151;1.961;0.074;0.774;20662
B31552;2015/03/09 00:28:24;20662;93;30.3;27.9;2.690;1.825;1.151;1.987;0.074;0.793;20663
B31552;2015/03/09 00:28:34;20663;83;31.2;28.1;2.716;1.825;1.135;1.987;0.074;0.758;20664
B31552;2015/03/09 00:28:44;20664;97;27.0;28.3;2.848;1.790;1.135;1.987;0.012;0.793;20665
B31552;2015/03/09 00:28:54;20665;84;27.7;27.4;2.796;1.790;1.148;1.987;0.012;0.809;20666
B31552;2015/03/09 00:29:04;20666;90;29.6;28.1;2.906;1.803;1.148;1.948;0.012;0.806;20667
B31552;2015/03/09 00:29:14;20667;85;26.4;27.9;2.680;1.803;1.135;1.948;0.012;0.780;20668
B31552;2015/03/09 00:29:24;20668;92;33.5;27.7;2.880;1.822;1.135;1.948;0.019;0.774;20669
B31552;2015/03/09 00:29:34;20669;88;27.0;27.6;2.896;1.822;1.148;1.948;0.019;0.764;20670
B31552;2015/03/09 00:29:44;20670;80;28.7;27.9;2.745;1.832;1.148;1.983;0.019;0.793;20671
B31552;2015/03/09 00:29:54;20671;90;27.0;27.4;2.796;1.832;1.187;1.983;0.019;0.758;20672
B31552;2015/03/09 00:30:04;20672;88;28.7;27.9;2.783;1.790;1.187;1.983;0.019;0.783;20673
B31552;2015/03/09 00:30:14;20673;93;26.4;27.9;2.896;1.790;1.132;1.983;0.019;0.780;20674
B31552;2015/03/09 00:30:24;20674;91;27.7;28.3;2.893;1.793;1.132;2.019;0.019;0.764;20675
B31552;2015/03/09 00:30:34;20675;78;32.5;28.1;2.683;1.793;1.180;2.019;0.019;0.767;20676
B31552;2015/03/09 00:30:44;20676;92;27.4;27.7;2.906;1.793;1.180;2.019;0.019;0.799;20677
B31552;2015/03/09 00:30:54;20677;87;27.0;27.9;2.909;1.793;1.177;2.019;0.019;0.803;20678
B31552;2015/03/09 00:31:04;20678;93;30.0;28.1;2.683;1.793;1.177;2.012;0.019;0.803;20679
B31552;2015/03/09 00:31:14;20679;84;30.0;28.1;2.809;1.793;1.135;2.012;0.019;0.761;20680
B31552;2015/03/09 00:31:24;20680;88;33.8;27.7;2.903;1.829;1.135;2.012;0.019;0.793;20681
B31552;2015/03/09 00:31:34;20681;93;28.0;27.6;2.864;1.829;1.180;2.012;0.019;0.806;20682
B31552;2015/03/09 00:31:44;20682;96;27.0;27.9;2.890;1.829;1.180;1.974;0.019;0.777;20683
B31552;2015/03/09 00:31:54;20683;90;31.9;28.3;2.867;1.829;1.158;1.974;0.019;0.777;20684
B31552;2015/03/09 00:32:04;20684;92;29.3;28.3;2.835;1.806;1.158;1.974;0.022;0.803;20685
B31552;2015/03/09 00:32:14;20685;86;27.0;28.3;2.864;1.806;1.138;1.974;0.022;0.793;20686
B31552;2015/03/09 00:32:24;20686;90;28.3;28.8;2.906;1.816;1.138;1.954;0.022;0.783;20687
B31552;2015/03/09 00:32:34;20687;83;26.7;27.7;2.883;1.816;1.138;1.954;0.022;0.770;20688
B31552;2015/03/09 00:32:44;20688;93;30.3;28.1;2.670;1.809;1.138;1.954;0.000;0.799;20689
B31552;2015/03/09 00:32:54;20689;83;29.0;28.1;2.890;1.809;1.138;1.954;0.000;0.774;20690
B31552;2015/03/09 00:33:04;20690;93;31.6;28.1;2.658;1.796;1.138;1.987;0.000;0.770;20691
B31552;2015/03/09 00:33:14;20691;89;28.3;28.6;2.664;1.796;1.167;1.987;0.000;0.770;20692
B31552;2015/03/09 00:33:24;20692;80;30.9;27.7;2.670;1.832;1.167;1.987;0.022;0.787;20693
B31552;2015/03/09 00:33:34;20693;82;28.3;27.6;2.903;1.832;1.145;1.987;0.022;0.799;20694
B31552;2015/03/09 00:33:44;20694;83;27.0;28.1;2.880;1.803;1.145;1.983;0.022;0.770;20695
B31552;2015/03/09 00:33:54;20695;85;27.4;28.4;2.877;1.803;1.141;1.983;0.022;0.783;20696
B31552;2015/03/09 00:34:04;20696;87;29.3;27.7;2.696;1.822;1.141;1.983;0.009;0.777;20697
B31552;2015/03/09 00:34:14;20697;90;27.7;27.7;2.664;1.822;1.141;1.983;0.009;0.787;20698
B31552;2015/03/09 00:34:24;20698;86;31.9;27.7;2.674;1.796;1.141;1.970;0.009;0.806;20699
B31552;2015/03/09 00:34:34;20699;90;27.0;27.7;2.690;1.796;1.141;1.970;0.009;0.770;20700
B31552;2015/03/09 00:34:44;20700;83;30.0;28.1;2.899;1.832;1.141;1.970;0.025;0.770;20701
B31552;2015/03/09 00:34:54;20701;88;30.0;27.9;2.909;1.832;1.151;1.970;0.025;0.770;20702
B31552;2015/03/09 00:35:04;20702;88;30.6;28.3;2.870;1.841;1.151;1.996;0.025;0.758;20703
B31552;2015/03/09 00:35:14;20703;94;31.9;28.6;2.880;1.841;1.193;1.996;0.025;0.790;20704
B31552;2015/03/09 00:35:24;20704;96;31.2;27.9;2.677;1.803;1.193;1.996;0.012;0.787;20705
B31552;2015/03/09 00:35:34;20705;84;28.7;28.3;2.680;1.803;1.167;1.996;0.012;0.796;20706
B31552;2015/03/09 00:35:44;20706;94;30.6;27.9;2.890;1.825;1.167;2.016;0.012;0.774;20707
B31552;2015/03/09 00:35:54;20707;87;33.5;28.6;2.703;1.825;1.145;2.016;0.012;0.787;20708
B31552;2015/03/09 00:36:04;20708;90;29.3;28.8;2.893;1.829;1.145;2.016;0.058;0.777;20709
B31552;2015/03/09 00:36:14;20709;89;29.6;27.4;2.770;1.829;1.206;2.016;0.058;0.777;20710
B31552;2015/03/09 00:36:24;20710;93;31.9;27.9;2.661;1.812;1.206;2.029;0.058;0.758;20711
B31552;2015/03/09 00:36:34;20711;90;31.9;28.1;2.793;1.812;1.141;2.029;0.058;0.758;20712
B31552;2015/03/09 00:36:44;20712;88;30.0;28.3;2.687;1.832;1.141;2.029;0.029;0.774;20713
B31552;2015/03/09 00:36:54;20713;93;30.3;28.1;2.706;1.832;1.206;2.029;0.029;0.767;20714
B31552;2015/03/09 00:37:04;20714;92;30.0;28.3;2.690;1.825;1.206;2.003;0.029;0.780;20715
B31552;2015/03/09 00:37:14;20715;85;27.7;27.6;2.912;1.825;1.209;2.003;0.029;0.758;20716
B31552;2015/03/09 00:37:24;20716;89;31.6;27.6;2.670;1.845;1.209;2.003;0.145;0.774;20717
B31552;2015/03/09 00:37:34;20717;88;31.2;27.4;2.890;1.845;1.145;2.003;0.145;0.761;20718
B31552;2015/03/09 00:37:44;20718;80;30.0;28.3;2.832;1.806;1.145;2.025;0.145;0.809;20719
B31552;2015/03/09 00:37:54;20719;88;30.9;28.1;2.729;1.806;1.167;2.025;0.145;0.780;20720
B31552;2015/03/09 00:38:04;20720;88;27.7;27.9;2.670;1.819;1.167;2.025;0.025;0.806;20721
B31552;2015/03/09 00:38:14;20721;88;30.6;27.9;2.699;1.819;1.158;2.025;0.025;0.796;20722
B31552;2015/03/09 00:38:24;20722;91;29.3;28.3;2.780;1.816;1.158;1.990;0.025;0.764;20723
B31552;2015/03/09 00:38:34;20723;83;32.5;28.3;2.822;1.816;1.145;1.990;0.025;0.796;20724
B31552;2015/03/09 00:38:44;20724;98;27.7;28.3;2.867;1.845;1.145;1.990;0.058;0.770;20725
B31552;2015/03/09 00:38:54;20725;90;26.4;28.1;2.909;1.845;1.161;1.990;0.058;0.780;20726
B31552;2015/03/09 00:39:04;20726;81;30.0;28.1;2.664;1.835;1.161;1.990;0.058;0.777;20727
B31552;2015/03/09 00:39:14;20727;87;28.0;27.7;2.867;1.835;1.180;1.990;0.058;0.793;20728
B31552;2015/03/09 00:39:24;20728;91;30.9;28.3;2.829;1.806;1.180;1.990;0.012;0.774;20729
B31552;2015/03/09 00:39:34;20729;86;30.6;27.7;2.816;1.806;1.180;1.990;0.012;0.783;20730
B31552;2015/03/09 00:39:44;20730;94;31.6;27.4;2.890;1.812;1.180;2.025;0.012;0.767;20731
B31552;2015/03/09 00:39:54;20731;83;31.9;27.9;2.899;1.812;1.206;2.025;0.012;0.787;20732
B31552;2015/03/09 00:40:04;20732;90;29.0;27.7;2.787;1.822;1.206;2.025;0.029;0.803;20733
B31552;2015/03/09 00:40:14;20733;82;29.3;27.7;2.864;1.822;1.209;2.025;0.029;0.770;20734
B31552;2015/03/09 00:40:24;20734;98;29.0;27.2;2.677;1.819;1.209;1.993;0.029;0.780;20735
B31552;2015/03/09 00:40:34;20735;94;31.9;27.9;2.793;1.819;1.174;1.993;0.029;0.761;20736
B31552;2015/03/09 00:40:44;20736;92;30.6;27.4;2.861;1.809;1.174;1.993;0.019;0.799;20737
B31552;2015/03/09 00:40:54;20737;88;28.7;27.4;2.893;1.809;1.170;1.993;0.019;0.783;20738
B31552;2015/03/09 00:41:04;20738;82;28.7;27.7;2.790;1.809;1.170;2.038;0.019;0.793;20739
B31552;2015/03/09 00:41:14;20739;77;26.7;27.7;2.877;1.809;1.183;2.038;0.019;0.796;20740
B31552;2015/03/09 00:41:24;20740;88;26.4;27.6;2.883;1.822;1.183;2.038;0.099;0.793;20741
B31552;2015/03/09 00:41:34;20741;87;26.4;27.9;2.683;1.822;1.154;2.038;0.099;0.783;20742
B31552;2015/03/09 00:41:44;20742;97;27.7;28.1;2.899;1.825;1.154;2.051;0.099;0.780;20743
B31552;2015/03/09 00:41:54;20743;95;33.2;27.7;2.806;1.825;1.154;2.051;0.099;0.751;20744
B31552;2015/03/09 00:42:04;20744;78;28.3;27.6;2.906;1.841;1.154;2.051;0.016;0.783;20745
B31552;2015/03/09 00:42:14;20745;93;31.9;27.2;2.864;1.841;1.199;2.051;0.016;0.780;20746
B31552;2015/03/09 00:42:24;20746;89;31.9;27.6;2.716;1.841;1.199;2.032;0.016;0.777;20747
B31552;2015/03/09 00:42:34;20747;89;32.9;28.1;2.732;1.841;1.154;2.032;0.016;0.799;20748
B31552;2015/03/09 00:42:44;20748;85;27.0;27.6;2.841;1.845;1.154;2.032;0.029;0.777;20749
B31552;2015/03/09 00:42:54;20749;86;27.0;27.9;2.735;1.845;1.158;2.032;0.029;0.751;20750
B31552;2015/03/09 00:43:04;20750;86;28.7;27.7;2.806;1.854;1.158;2.070;0.029;0.774;20751
B31552;2015/03/09 00:43:14;20751;89;31.9;27.4;2.867;1.854;1.203;2.070;0.029;0.767;20752
B31552;2015/03/09 00:43:24;20752;92;28.3;27.9;2.906;1.812;1.203;2.070;0.029;0.793;20753
B31552;2015/03/09 00:43:34;20753;91;30.3;27.6;2.706;1.812;1.158;2.070;0.029;0.796;20754
B31552;2015/03/09 00:43:44;20754;93;29.3;28.3;2.677;1.812;1.158;2.009;0.029;0.796;20755
B31552;2015/03/09 00:43:54;20755;89;30.0;27.0;2.822;1.812;1.216;2.009;0.029;0.761;20756
B31552;2015/03/09 00:44:04;20756;92;32.5;27.9;2.658;1.845;1.216;2.009;0.045;0.770;20757
B31552;2015/03/09 00:44:14;20757;87;33.5;28.1;2.796;1.845;1.154;2.009;0.045;0.767;20758
B31552;2015/03/09 00:44:24;20758;93;28.7;27.9;2.906;1.841;1.154;2.006;0.045;0.770;20759
B31552;2015/03/09 00:44:34;20759;92;30.0;27.6;2.912;1.841;1.151;2.006;0.045;0.764;20760
B31552;2015/03/09 00:44:44;20760;88;32.5;28.6;2.906;1.832;1.151;2.006;0.045;0.764;20761
B31552;2015/03/09 00:44:54;20761;94;30.6;28.1;2.809;1.832;1.174;2.006;0.045;0.764;20762
B31552;2015/03/09 00:45:04;20762;83;30.3;27.7;2.683;1.851;1.174;2.061;0.045;0.812;20763
B31552;2015/03/09 00:45:14;20763;86;27.0;28.3;2.877;1.851;1.203;2.061;0.045;0.764;20764
B31552;2015/03/09 00:45:24;20764;84;29.3;28.3;2.709;1.858;1.203;2.061;0.025;0.796;20765
B31552;2015/03/09 00:45:34;20765;81;31.9;28.1;2.906;1.858;1.161;2.061;0.025;0.780;20766
B31552;2015/03/09 00:45:44;20766;91;31.2;27.7;2.677;1.854;1.161;2.038;0.025;0.758;20767
B31552;2015/03/09 00:45:54;20767;86;28.7;28.1;2.677;1.854;1.158;2.038;0.025;0.774;20768
B31552;2015/03/09 00:46:04;20768;87;26.4;27.9;2.838;1.816;1.158;2.038;0.019;0.809;20769
B31552;2015/03/09 00:46:14;20769;88;29.6;27.0;2.783;1.816;1.219;2.038;0.019;0.761;20770
B31552;2015/03/09 00:46:24;20770;94;26.4;28.1;2.845;1.848;1.219;2.061;0.019;0.774;20771
B31552;2015/03/09 00:46:34;20771;93;31.6;27.9;2.719;1.848;1.158;2.061;0.019;0.770;20772
B31552;2015/03/09 00:46:44;20772;83;30.3;27.4;2.912;1.819;1.158;2.061;0.016;0.758;20773
B31552;2015/03/09 00:46:54;20773;94;27.7;28.1;2.838;1.819;1.216;2.061;0.016;0.758;20774
B31552;2015/03/09 00:47:04;20774;88;28.3;27.9;2.893;1.848;1.216;2.051;0.016;0.774;20775
B31552;2015/03/09 00:47:14;20775;94;27.7;27.0;2.812;1.848;1.196;2.051;0.016;0.764;20776
B31552;2015/03/09 00:47:24;20776;88;27.4;27.9;2.890;1.838;1.196;2.051;0.029;0.764;20777
B31552;2015/03/09 00:47:34;20777;91;27.7;28.1;2.664;1.838;1.161;2.051;0.029;0.764;20778
B31552;2015/03/09 00:47:44;20778;88;30.3;27.7;2.677;1.858;1.161;2.041;0.029;0.783;20779
B31552;2015/03/09 00:47:54;20779;86;27.0;27.6;2.690;1.858;1.167;2.041;0.029;0.806;20780
B31552;2015/03/09 00:48:04;20780;89;30.6;27.9;2.706;1.858;1.167;2.041;0.051;0.806;20781
B31552;2015/03/09 00:48:14;20781;93;29.0;27.2;2.867;1.858;1.154;2.041;0.051;0.783;20782
B31552;2015/03/09 00:48:24;20782;93;32.9;28.6;2.906;1.819;1.154;2.009;0.051;0.770;20783
B31552;2015/03/09 00:48:34;20783;92;30.3;28.1;2.809;1.819;1.209;2.009;0.051;0.793;20784
B31552;2015/03/09 00:48:44;20784;89;29.3;27.7;2.874;1.845;1.209;2.009;0.016;0.796;20785
B31552;2015/03/09 00:48:54;20785;82;31.2;28.4;2.683;1.845;1.216;2.009;0.016;0.761;20786
B31552;2015/03/09 00:49:04;20786;88;28.0;27.9;2.899;1.838;1.216;2.025;0.016;0.770;20787
B31552;2015/03/09 00:49:14;20787;92;28.7;27.9;2.677;1.838;1.190;2.025;0.016;0.764;20788
B31552;2015/03/09 00:49:24;20788;85;28.7;27.9;2.796;1.835;1.190;2.025;0.087;0.764;20789
B31552;2015/03/09 00:49:34;20789;84;28.3;27.7;2.670;1.835;1.196;2.025;0.087;0.758;20790
B31552;2015/03/09 00:49:44;20790;84;31.2;27.4;2.899;1.854;1.196;2.035;0.087;0.787;20791
B31552;2015/03/09 00:49:54;20791;88;31.2;28.8;2.916;1.854;1.161;2.035;0.087;0.774;20792
B31552;2015/03/09 00:50:04;20792;92;31.2;27.9;2.845;1.829;1.161;2.035;0.029;0.806;20793
B31552;2015/03/09 00:50:14;20793;93;33.5;27.9;2.677;1.829;1.164;2.035;0.029;0.764;20794
B31552;2015/03/09 00:50:24;20794;86;30.6;28.4;2.777;1.822;1.164;1.996;0.029;0.758;20795
B31552;2015/03/09 00:50:34;20795;94;30.0;27.4;2.874;1.822;1.158;1.996;0.029;0.751;20796
B31552;2015/03/09 00:50:44;20796;92;27.0;27.9;2.861;1.822;1.158;1.996;0.077;0.793;20797
B31552;2015/03/09 00:50:54;20797;81;30.6;28.3;2.780;1.822;1.219;1.996;0.077;0.783;20798
B31552;2015/03/09 00:51:04;20798;90;27.4;28.3;2.799;1.845;1.219;2.016;0.077;0.761;20799
B31552;2015/03/09 00:51:14;20799;84;27.7;27.2;2.670;1.845;1.174;2.016;0.077;0.767;20800
B31552;2015/03/09 00:51:24;20800;86;27.0;28.4;2.864;1.854;1.174;2.016;0.012;0.780;20801
B31552;2015/03/09 00:51:34;20801;78;28.7;28.3;2.677;1.854;1.212;2.016;0.012;0.751;20802
B31552;2015/03/09 00:51:44;20802;87;28.3;28.1;2.670;1.867;1.212;2.032;0.012;0.764;20803
B31552;2015/03/09 00:51:54;20803;83;30.3;28.3;2.829;1.867;1.177;2.032;0.012;0.770;20804
B31552;2015/03/09 00:52:04;20804;90;31.2;27.4;2.906;1.864;1.177;2.032;0.051;0.761;20805
B31552;2015/03/09 00:52:14;20805;92;30.0;28.1;2.819;1.864;1.219;2.032;0.051;0.793;20806
B31552;2015/03/09 00:52:24;20806;89;30.0;27.9;2.683;1.858;1.219;2.067;0.051;0.751;20807
B31552;2015/03/09 00:52:34;20807;90;27.0;27.7;2.899;1.858;1.164;2.067;0.051;0.748;20808
B31552;2015/03/09 00:52:44;20808;90;31.2;27.7;2.683;1.854;1.164;2.067;0.041;0.751;20809
B31552;2015/03/09 00:52:54;20809;90;32.5;27.7;2.690;1.854;1.158;2.067;0.041;0.777;20810
B31552;2015/03/09 00:53:04;20810;89;28.3;28.3;2.790;1.858;1.158;2.038;0.041;0.787;20811
B31552;2015/03/09 00:53:14;20811;83;28.0;28.1;2.874;1.858;1.164;2.038;0.041;0.787;20812
B31552;2015/03/09 00:53:24;20812;81;30.6;27.4;2.887;1.832;1.164;2.038;0.025;0.796;20813
B31552;2015/03/09 00:53:34;20813;95;26.4;27.9;2.845;1.832;1.164;2.038;0.025;0.777;20814
B31552;2015/03/09 00:53:44;20814;95;32.9;27.9;2.906;1.848;1.164;2.032;0.025;0.780;20815
B31552;2015/03/09 00:53:54;20815;93;30.0;28.4;2.719;1.848;1.190;2.032;0.025;0.783;20816
B31552;2015/03/09 00:54:04;20816;98;31.2;27.7;2.670;1.861;1.190;2.032;0.035;0.783;20817
B31552;2015/03/09 00:54:14;20817;93;33.8;27.9;2.770;1.861;1.216;2.032;0.035;0.751;20818
B31552;2015/03/09 00:54:24;20818;89;29.3;28.3;2.754;1.861;1.216;2.061;0.035;0.770;20819
B31552;2015/03/09 00:54:34;20819;88;28.3;27.7;2.906;1.861;1.161;2.061;0.035;0.761;20820
B31552;2015/03/09 00:54:44;20820;79;25.8;28.3;2.832;1.838;1.161;2.061;0.022;0.748;20821
B31552;2015/03/09 00:54:54;20821;82;27.7;28.3;2.719;1.838;1.222;2.061;0.022;0.787;20822
B31552;2015/03/09 00:55:04;20822;92;30.6;28.1;2.658;1.867;1.222;2.061;0.022;0.774;20823
B31552;2015/03/09 00:55:14;20823;85;28.7;28.6;2.680;1.867;1.164;2.061;0.022;0.748;20824
B31552;2015/03/09 00:55:24;20824;96;31.9;27.9;2.677;1.829;1.164;2.061;0.125;0.741;20825
B31552;2015/03/09 00:55:34;20825;90;29.3;28.6;2.683;1.829;1.180;2.061;0.125;0.783;20826
B31552;2015/03/09 00:55:44;20826;84;28.7;28.4;2.677;1.848;1.180;2.048;0.125;0.761;20827
B31552;2015/03/09 00:55:54;20827;78;25.8;27.7;2.912;1.848;1.206;2.048;0.125;0.790;20828
B31552;2015/03/09 00:56:04;20828;83;30.3;27.7;2.658;1.825;1.206;2.048;0.029;0.748;20829
B31552;2015/03/09 00:56:14;20829;90;29.6;27.9;2.864;1.825;1.180;2.048;0.029;0.761;20830
B31552;2015/03/09 00:56:24;20830;92;29.6;28.3;2.770;1.861;1.180;2.006;0.029;0.770;20831
B31552;2015/03/09 00:56:34;20831;88;28.3;28.3;2.906;1.861;1.196;2.006;0.029;0.774;20832
B31552;2015/03/09 00:56:44;20832;82;30.0;28.4;2.683;1.829;1.196;2.006;0.058;0.787;20833
B31552;2015/03/09 00:56:54;20833;85;30.9;28.4;2.690;1.829;1.164;2.006;0.058;0.764;20834
B31552;2015/03/09 00:57:04;20834;88;27.4;28.3;2.664;1.867;1.164;2.025;0.058;0.761;20835
B31552;2015/03/09 00:57:14;20835;83;30.6;28.4;2.716;1.867;1.216;2.025;0.058;0.774;20836
B31552;2015/03/09 00:57:24;20836;89;31.2;28.4;2.899;1.835;1.216;2.025;0.093;0.793;20837
B31552;2015/03/09 00:57:34;20837;83;25.8;28.3;2.909;1.835;1.174;2.025;0.093;0.751;20838
B31552;2015/03/09 00:57:44;20838;88;27.0;28.4;2.729;1.851;1.174;2.012;0.093;0.758;20839
B31552;2015/03/09 00:57:54;20839;90;32.5;28.9;2.806;1.851;1.177;2.012;0.093;0.770;20840
B31552;2015/03/09 00:58:04;20840;92;32.5;28.9;2.848;1.870;1.177;2.012;0.022;0.770;20841
B31552;2015/03/09 00:58:14;20841;83;30.3;28.1;2.670;1.870;1.177;2.012;0.022;0.754;20842
B31552;2015/03/09 00:58:24;20842;93;29.3;28.4;2.661;1.867;1.177;2.000;0.022;0.799;20843
B31552;2015/03/09 00:58:34;20843;89;27.7;28.9;2.893;1.867;1.180;2.000;0.022;0.770;20844
B31552;2015/03/09 00:58:44;20844;94;32.9;27.9;2.683;1.845;1.180;2.000;0.029;0.745;20845
B31552;2015/03/09 00:58:54;20845;85;27.4;28.3;2.677;1.845;1.225;2.000;0.029;0.767;20846
B31552;2015/03/09 00:59:04;20846;85;30.6;28.4;2.738;1.825;1.225;2.032;0.029;0.767;20847
B31552;2015/03/09 00:59:14;20847;87;28.7;28.3;2.677;1.825;1.170;2.032;0.029;0.780;20848
B31552;2015/03/09 00:59:24;20848;92;31.2;28.3;2.670;1.829;1.170;2.032;0.029;0.767;20849
B31552;2015/03/09 00:59:34;20849;88;29.3;28.3;2.687;1.829;1.229;2.032;0.029;0.758;20850
B31552;2015/03/09 00:59:44;20850;88;30.0;28.6;2.690;1.870;1.229;2.051;0.029;0.761;20851
B31552;2015/03/09 00:59:54;20851;92;33.2;28.3;2.690;1.870;1.222;2.051;0.029;0.774;20852
B31552;2015/03/09 01:00:04;20852;91;32.5;28.1;2.887;1.867;1.222;2.051;0.032;0.754;20853
B31552;2015/03/09 01:00:14;20853;88;30.6;28.3;2.903;1.867;1.170;2.051;0.032;0.738;20854
B31552;2015/03/09 01:00:24;20854;87;28.7;28.8;2.874;1.851;1.170;2.022;0.032;0.745;20855
B31552;2015/03/09 01:00:34;20855;94;28.7;28.4;2.909;1.851;1.232;2.022;0.032;0.780;20856
B31552;2015/03/09 01:00:44;20856;92;28.3;28.6;2.903;1.848;1.232;2.022;0.025;0.761;20857
B31552;2015/03/09 01:00:54;20857;86;25.8;28.4;2.909;1.848;1.219;2.022;0.025;0.751;20858
B31552;2015/03/09 01:01:04;20858;96;29.6;29.3;2.880;1.829;1.219;2.041;0.025;0.751;20859
B31552;2015/03/09 01:01:14;20859;80;29.3;28.3;2.880;1.829;1.183;2.041;0.025;0.748;20860
B31552;2015/03/09 01:01:24;20860;88;28.7;28.8;2.903;1.848;1.183;2.041;0.016;0.770;20861
B31552;2015/03/09 01:01:34;20861;85;29.0;28.3;2.880;1.848;1.167;2.041;0.016;0.793;20862
B31552;2015/03/09 01:01:44;20862;81;30.3;28.1;2.654;1.835;1.167;1.987;0.016;0.793;20863
B31552;2015/03/09 01:01:54;20863;84;28.7;28.4;2.909;1.835;1.164;1.987;0.016;0.780;20864
B31552;2015/03/09 01:02:04;20864;88;27.7;28.8;2.887;1.848;1.164;1.987;0.016;0.770;20865
B31552;2015/03/09 01:02:14;20865;87;29.6;28.6;2.783;1.848;1.170;1.987;0.016;0.761;20866
B31552;2015/03/09 01:02:24;20866;83;30.9;28.4;2.822;1.838;1.170;1.990;0.016;0.767;20867
B31552;2015/03/09 01:02:34;20867;81;27.0;28.3;2.896;1.838;1.225;1.990;0.016;0.754;20868
B31552;2015/03/09 01:02:44;20868;85;29.6;28.4;2.661;1.867;1.225;1.990;0.016;0.774;20869
B31552;2015/03/09 01:02:54;20869;83;30.0;28.8;2.793;1.867;1.164;1.990;0.016;0.803;20870
B31552;2015/03/09 01:03:04;20870;97;27.0;28.8;2.877;1.829;1.164;1.996;0.016;0.751;20871
B31552;2015/03/09 01:03:14;20871;83;31.2;28.8;2.787;1.829;1.199;1.996;0.016;0.790;20872
B31552;2015/03/09 01:03:24;20872;94;29.3;28.6;2.732;1.867;1.199;1.996;0.016;0.764;20873
B31552;2015/03/09 01:03:34;20873;93;28.7;28.3;2.670;1.867;1.206;1.996;0.016;0.796;20874
B31552;2015/03/09 01:03:44;20874;97;29.6;28.4;2.683;1.858;1.206;2.000;0.016;0.764;20875
B31552;2015/03/09 01:03:54;20875;80;29.6;28.6;2.693;1.858;1.219;2.000;0.016;0.745;20876
B31552;2015/03/09 01:04:04;20876;90;26.4;28.6;2.887;1.870;1.219;2.000;0.029;0.780;20877
B31552;2015/03/09 01:04:14;20877;88;30.3;28.6;2.719;1.870;1.212;2.000;0.029;0.787;20878
B31552;2015/03/09 01:04:24;20878;83;29.3;27.9;2.683;1.861;1.212;2.035;0.029;0.754;20879
B31552;2015/03/09 01:04:34;20879;93;30.9;28.4;2.841;1.861;1.187;2.035;0.029;0.796;20880
B31552;2015/03/09 01:04:44;20880;98;30.0;28.1;2.796;1.832;1.187;2.035;0.016;0.796;20881
B31552;2015/03/09 01:04:54;20881;76;28.0;28.6;2.725;1.832;1.196;2.035;0.016;0.751;20882
B31552;2015/03/09 01:05:04;20882;89;26.1;28.6;2.854;1.864;1.196;2.058;0.016;0.748;20883
B31552;2015/03/09 01:05:14;20883;88;30.9;28.4;2.761;1.864;1.170;2.058;0.016;0.748;20884
B31552;2015/03/09 01:05:24;20884;87;32.9;28.8;2.906;1.874;1.170;2.058;0.032;0.767;20885
B31552;2015/03/09 01:05:34;20885;86;29.6;28.6;2.699;1.874;1.190;2.058;0.032;0.738;20886
B31552;2015/03/09 01:05:44;20886;91;27.7;28.6;2.906;1.861;1.190;2.051;0.032;0.748;20887
B31552;2015/03/09 01:05:54;20887;90;28.7;28.1;2.745;1.861;1.167;2.051;0.032;0.761;20888
B31552;2015/03/09 01:06:04;20888;89;29.0;28.3;2.680;1.864;1.167;2.051;0.041;0.780;20889
B31552;2015/03/09 01:06:14;20889;93;29.3;28.4;2.787;1.864;1.193;2.051;0.041;0.745;20890
B31552;2015/03/09 01:06:24;20890;89;29.0;28.4;2.819;1.854;1.193;2.022;0.041;0.748;20891
B31552;2015/03/09 01:06:34;20891;94;28.3;28.3;2.670;1.854;1.174;2.022;0.041;0.754;20892
B31552;2015/03/09 01:06:44;20892;83;32.5;28.3;2.741;1.829;1.174;2.022;0.058;0.751;20893
B31552;2015/03/09 01:06:54;20893;91;27.4;28.8;2.712;1.829;1.229;2.022;0.058;0.751;20894
B31552;2015/03/09 01:07:04;20894;96;29.6;29.6;2.893;1.851;1.229;1.990;0.058;0.758;20895
B31552;2015/03/09 01:07:14;20895;91;29.0;27.9;2.880;1.851;1.219;1.990;0.058;0.751;20896
B31552;2015/03/09 01:07:24;20896;92;29.0;29.1;2.683;1.845;1.219;1.990;0.070;0.748;20897
B31552;2015/03/09 01:07:34;20897;78;30.0;28.1;2.906;1.845;1.209;1.990;0.070;0.770;20898
B31552;2015/03/09 01:07:44;20898;88;33.8;28.6;2.903;1.854;1.209;2.009;0.070;0.770;20899
B31552;2015/03/09 01:07:54;20899;87;32.5;28.6;2.680;1.854;1.190;2.009;0.070;0.780;20900
B31552;2015/03/09 01:08:04;20900;96;29.3;27.9;2.906;1.851;1.190;2.009;0.016;0.774;20901
B31552;2015/03/09 01:08:14;20901;90;28.7;28.6;2.677;1.851;1.225;2.009;0.016;0.770;20902
B31552;2015/03/09 01:08:24;20902;89;27.7;28.6;2.887;1.870;1.225;2.009;0.016;0.783;20903
B31552;2015/03/09 01:08:34;20903;83;29.0;28.4;2.906;1.870;1.167;2.009;0.016;0.761;20904
B31552;2015/03/09 01:08:44;20904;93;28.3;28.4;2.783;1.867;1.167;2.009;0.019;0.741;20905
B31552;2015/03/09 01:08:54;20905;88;28.7;28.6;2.767;1.867;1.206;2.009;0.019;0.748;20906
B31552;2015/03/09 01:09:04;20906;78;27.4;28.3;2.819;1.858;1.206;2.022;0.019;0.751;20907
B31552;2015/03/09 01:09:14;20907;91;33.5;28.6;2.703;1.858;1.203;2.022;0.019;0.777;20908
B31552;2015/03/09 01:09:24;20908;84;28.0;28.6;2.906;1.829;1.203;2.022;0.058;0.780;20909
B31552;2015/03/09 01:09:34;20909;92;28.0;28.3;2.854;1.829;1.206;2.022;0.058;0.761;20910
B31552;2015/03/09 01:09:44;20910;96;27.7;28.8;2.893;1.838;1.206;2.003;0.058;0.741;20911
B31552;2015/03/09 01:09:54;20911;83;33.2;28.9;2.683;1.838;1.170;2.003;0.058;0.761;20912
B31552;2015/03/09 01:10:04;20912;89;30.9;27.7;2.783;1.867;1.170;2.003;0.067;0.751;20913
B31552;2015/03/09 01:10:14;20913;87;30.0;28.3;2.867;1.867;1.183;2.003;0.067;0.738;20914
B31552;2015/03/09 01:10:24;20914;97;26.4;28.8;2.854;1.832;1.183;2.035;0.067;0.774;20915
B31552;2015/03/09 01:10:34;20915;92;30.9;28.6;2.754;1.832;1.183;2.035;0.067;0.738;20916
B31552;2015/03/09 01:10:44;20916;91;26.4;28.6;2.845;1.848;1.183;2.035;0.051;0.748;20917
B31552;2015/03/09 01:10:54;20917;89;31.9;28.3;2.893;1.848;1.212;2.035;0.051;0.735;20918
B31552;2015/03/09 01:11:04;20918;90;32.5;28.3;2.906;1.851;1.212;2.038;0.051;0.767;20919
B31552;2015/03/09 01:11:14;20919;88;30.6;28.4;2.680;1.851;1.193;2.038;0.051;0.738;20920
B31552;2015/03/09 01:11:24;20920;94;31.6;28.8;2.696;1.864;1.193;2.038;0.016;0.780;20921
B31552;2015/03/09 01:11:34;20921;90;30.9;28.4;2.874;1.864;1.183;2.038;0.016;0.777;20922
B31552;2015/03/09 01:11:44;20922;84;27.4;28.9;2.683;1.867;1.183;2.006;0.016;0.780;20923
B31552;2015/03/09 01:11:54;20923;82;30.9;29.1;2.796;1.867;1.206;2.006;0.016;0.761;20924
B31552;2015/03/09 01:12:04;20924;94;26.4;28.9;2.858;1.864;1.206;2.006;0.016;0.745;20925
B31552;2015/03/09 01:12:14;20925;83;27.4;28.4;2.893;1.864;1.225;2.006;0.016;0.748;20926
B31552;2015/03/09 01:12:24;20926;88;28.7;28.9;2.777;1.829;1.225;1.987;0.016;0.783;20927
B31552;2015/03/09 01:12:34;20927;84;26.4;28.8;2.896;1.829;1.212;1.987;0.016;0.770;20928
B31552;2015/03/09 01:12:44;20928;92;28.0;28.9;2.819;1.861;1.212;1.987;0.003;0.780;20929
B31552;2015/03/09 01:12:54;20929;85;29.0;28.4;2.909;1.861;1.161;1.987;0.003;0.787;20930
B31552;2015/03/09 01:13:04;20930;84;31.6;28.3;2.658;1.829;1.161;2.016;0.003;0.787;20931
B31552;2015/03/09 01:13:14;20931;90;26.4;28.3;2.906;1.829;1.190;2.016;0.003;0.745;20932
B31552;2015/03/09 01:13:24;20932;83;27.7;28.6;2.658;1.861;1.190;2.016;0.019;0.754;20933
B31552;2015/03/09 01:13:34;20933;88;30.9;28.3;2.864;1.861;1.177;2.016;0.019;0.738;20934
B31552;2015/03/09 01:13:44;20934;78;27.0;28.6;2.880;1.851;1.177;1.987;0.019;0.745;20935
B31552;2015/03/09 01:13:54;20935;91;27.4;28.4;2.806;1.851;1.167;1.987;0.019;0.783;20936
B31552;2015/03/09 01:14:04;20936;90;29.0;27.9;2.670;1.829;1.167;1.987;0.006;0.748;20937
B31552;2015/03/09 01:14:14;20937;93;30.6;28.6;2.880;1.829;1.174;1.987;0.006;0.748;20938
B31552;2015/03/09 01:14:24;20938;93;30.0;28.6;2.683;1.858;1.174;2.009;0.006;0.761;20939
B31552;2015/03/09 01:14:34;20939;87;26.7;28.8;2.683;1.858;1.167;2.009;0.006;0.761;20940
B31552;2015/03/09 01:14:44;20940;97;29.6;28.3;2.706;1.870;1.167;2.009;0.016;0.770;20941
B31552;2015/03/09 01:14:54;20941;92;31.9;29.1;2.909;1.870;1.222;2.009;0.016;0.751;20942
B31552;2015/03/09 01:15:04;20942;97;29.0;28.6;2.903;1.848;1.222;1.977;0.016;0.780;20943
B31552;2015/03/09 01:15:14;20943;93;29.3;28.8;2.690;1.848;1.170;1.977;0.016;0.774;20944
B31552;2015/03/09 01:15:24;20944;77;28.7;29.1;2.906;1.838;1.170;1.977;0.016;0.754;20945
B31552;2015/03/09 01:15:34;20945;93;27.0;28.3;2.867;1.838;1.174;1.977;0.016;0.748;20946
B31552;2015/03/09 01:15:44;20946;89;29.3;28.6;2.899;1.854;1.174;1.977;0.016;0.751;20947
B31552;2015/03/09 01:15:54;20947;89;28.0;28.8;2.719;1.854;1.174;1.977;0.016;0.783;20948
B31552;2015/03/09 01:16:04;20948;95;28.0;28.6;2.658;1.851;1.174;1.977;0.012;0.745;20949
B31552;2015/03/09 01:16:14;20949;88;30.6;28.9;2.680;1.851;1.232;1.977;0.012;0.751;20950
B31552;2015/03/09 01:16:24;20950;92;30.3;28.4;2.880;1.832;1.232;1.964;0.012;0.770;20951
B31552;2015/03/09 01:16:34;20951;82;25.8;27.9;2.906;1.832;1.180;1.964;0.012;0.751;20952
B31552;2015/03/09 01:16:44;20952;92;27.0;28.8;2.858;1.835;1.180;1.964;0.025;0.745;20953
B31552;2015/03/09 01:16:54;20953;93;29.6;28.6;2.690;1.835;1.190;1.964;0.025;0.761;20954
B31552;2015/03/09 01:17:04;20954;88;27.7;28.9;2.758;1.841;1.190;1.993;0.025;0.764;20955
B31552;2015/03/09 01:17:14;20955;90;30.0;28.4;2.725;1.841;1.232;1.993;0.025;0.774;20956
B31552;2015/03/09 01:17:24;20956;83;29.0;28.6;2.670;1.870;1.232;1.993;0.016;0.790;20957
B31552;2015/03/09 01:17:34;20957;89;32.5;28.6;2.706;1.870;1.164;1.993;0.016;0.783;20958
B31552;2015/03/09 01:17:44;20958;95;32.9;28.9;2.903;1.851;1.164;2.000;0.016;0.751;20959
B31552;2015/03/09 01:17:54;20959;79;29.0;28.4;2.880;1.851;1.190;2.000;0.016;0.745;20960
B31552;2015/03/09 01:18:04;20960;77;30.0;28.8;2.812;1.854;1.190;2.000;0.058;0.761;20961
B31552;2015/03/09 01:18:14;20961;93;30.9;28.1;2.812;1.854;1.164;2.000;0.058;0.767;20962
B31552;2015/03/09 01:18:24;20962;87;31.6;28.9;2.893;1.838;1.164;2.012;0.058;0.787;20963
B31552;2015/03/09 01:18:34;20963;90;26.4;28.4;2.903;1.838;1.183;2.012;0.058;0.754;20964
B31552;2015/03/09 01:18:44;20964;83;27.0;28.9;2.703;1.870;1.183;2.012;0.003;0.774;20965
B31552;2015/03/09 01:18:54;20965;96;25.8;28.3;2.912;1.870;1.209;2.012;0.003;0.738;20966
B31552;2015/03/09 01:19:04;20966;87;29.0;28.8;2.903;1.841;1.209;2.035;0.003;0.754;20967
B31552;2015/03/09 01:19:14;20967;87;29.6;28.8;2.819;1.841;1.174;2.035;0.003;0.738;20968
B31552;2015/03/09 01:19:24;20968;86;28.7;28.4;2.670;1.835;1.174;2.035;0.016;0.745;20969
B31552;2015/03/09 01:19:34;20969;88;27.0;28.4;2.906;1.835;1.206;2.035;0.016;0.738;20970
B31552;2015/03/09 01:19:44;20970;81;27.0;28.8;2.874;1.854;1.206;1.987;0.016;0.738;20971
B31552;2015/03/09 01:19:54;20971;89;27.7;28.6;2.729;1.854;1.167;1.987;0.016;0.758;20972
B31552;2015/03/09 01:20:04;20972;85;28.3;28.9;2.819;1.848;1.167;1.987;0.016;0.787;20973
B31552;2015/03/09 01:20:14;20973;77;32.5;28.9;2.664;1.848;1.232;1.987;0.016;0.748;20974
B31552;2015/03/09 01:20:24;20974;97;27.4;28.9;2.751;1.854;1.232;2.006;0.016;0.783;20975
B31552;2015/03/09 01:20:34;20975;88;31.6;29.1;2.903;1.854;1.232;2.006;0.016;0.748;20976
B31552;2015/03/09 01:20:44;20976;93;28.3;28.8;2.658;1.841;1.232;2.006;0.029;0.745;20977
B31552;2015/03/09 01:20:54;20977;88;26.4;28.6;2.903;1.841;1.183;2.006;0.029;0.738;20978
B31552;2015/03/09 01:21:04;20978;81;30.3;28.4;2.903;1.874;1.183;1.987;0.029;0.745;20979
B31552;2015/03/09 01:21:14;20979;88;29.6;28.4;2.680;1.874;1.232;1.987;0.029;0.790;20980
B31552;2015/03/09 01:21:24;20980;91;27.7;29.1;2.893;1.864;1.232;1.987;0.125;0.761;20981
B31552;2015/03/09 01:21:34;20981;96;28.7;28.6;2.677;1.864;1.219;1.987;0.125;0.783;20982
B31552;2015/03/09 01:21:44;20982;91;27.0;28.6;2.854;1.874;1.219;1.967;0.125;0.787;20983
B31552;2015/03/09 01:21:54;20983;82;29.0;28.9;2.903;1.874;1.187;1.967;0.125;0.748;20984
B31552;2015/03/09 01:22:04;20984;92;31.2;28.4;2.661;1.864;1.187;1.967;0.070;0.770;20985
B31552;2015/03/09 01:22:14;20985;90;30.6;28.4;2.703;1.864;1.177;1.967;0.070;0.758;20986
B31552;2015/03/09 01:22:24;20986;88;29.3;28.3;2.903;1.874;1.177;1.987;0.070;0.738;20987
B31552;2015/03/09 01:22:34;20987;89;29.6;28.3;2.890;1.874;1.222;1.987;0.070;0.738;20988
B31552;2015/03/09 01:22:44;20988;87;31.6;28.1;2.761;1.832;1.222;1.987;0.058;0.780;20989
B31552;2015/03/09 01:22:54;20989;78;29.0;29.1;2.674;1.832;1.170;1.987;0.058;0.751;20990
B31552;2015/03/09 01:23:04;20990;89;29.3;28.6;2.893;1.870;1.170;2.003;0.058;0.774;20991
B31552;2015/03/09 01:23:14;20991;88;31.9;28.8;2.835;1.870;1.170;2.003;0.058;0.761;20992
B31552;2015/03/09 01:23:24;20992;88;30.6;28.9;2.667;1.854;1.170;2.003;0.058;0.738;20993
B31552;2015/03/09 01:23:34;20993;92;27.4;28.9;2.825;1.854;1.212;2.003;0.058;0.780;20994
B31552;2015/03/09 01:23:44;20994;93;26.7;28.8;2.838;1.835;1.212;1.987;0.058;0.738;20995
B31552;2015/03/09 01:23:54;20995;85;27.7;28.1;2.899;1.835;1.219;1.987;0.058;0.790;20996
B31552;2015/03/09 01:24:04;20996;89;30.6;28.8;2.845;1.874;1.219;1.987;0.125;0.754;20997
B31552;2015/03/09 01:24:14;20997;89;30.3;28.6;2.696;1.874;1.177;1.987;0.125;0.754;20998
B31552;2015/03/09 01:24:24;20998;92;32.5;28.1;2.906;1.877;1.177;1.996;0.125;0.774;20999
B31552;2015/03/09 01:24:34;20999;88;27.0;28.4;2.803;1.877;1.238;1.996;0.125;0.738;21000
B31552;2015/03/09 01:24:44;21000;91;27.4;28.9;2.677;1.874;1.238;1.996;0.025;0.761;21001
B31552;2015/03/09 01:24:54;21001;93;26.7;28.4;2.738;1.874;1.199;1.996;0.025;0.780;21002
B31552;2015/03/09 01:25:04;21002;97;31.2;28.4;2.906;1.870;1.199;2.000;0.025;0.741;21003
B31552;2015/03/09 01:25:14;21003;91;26.4;28.9;2.799;1.870;1.187;2.000;0.025;0.745;21004
B31552;2015/03/09 01:25:24;21004;91;30.6;29.1;2.690;1.874;1.187;2.000;0.054;0.780;21005
B31552;2015/03/09 01:25:34;21005;93;29.3;28.6;2.854;1.874;1.225;2.000;0.054;0.777;21006
B31552;2015/03/09 01:25:44;21006;87;28.3;28.6;2.893;1.845;1.225;2.035;0.054;0.738;21007
B31552;2015/03/09 01:25:54;21007;94;27.7;28.6;2.664;1.845;1.232;2.035;0.054;0.780;21008
B31552;2015/03/09 01:26:04;21008;91;30.6;28.4;2.651;1.835;1.232;2.035;0.003;0.774;21009
B31552;2015/03/09 01:26:14;21009;79;29.6;28.1;2.890;1.835;1.232;2.035;0.003;0.761;21010
B31552;2015/03/09 01:26:24;21010;97;27.0;29.1;2.880;1.867;1.232;2.019;0.003;0.748;21011
B31552;2015/03/09 01:26:34;21011;84;30.9;28.6;2.703;1.867;1.174;2.019;0.003;0.754;21012
B31552;2015/03/09 01:26:44;21012;82;28.3;28.9;2.677;1.848;1.174;2.019;0.012;0.783;21013
B31552;2015/03/09 01:26:54;21013;84;28.7;28.8;2.783;1.848;1.219;2.019;0.012;0.783;21014
B31552;2015/03/09 01:27:04;21014;85;30.0;29.3;2.906;1.832;1.219;1.980;0.012;0.748;21015
B31552;2015/03/09 01:27:14;21015;86;31.9;28.9;2.783;1.832;1.174;1.980;0.012;0.754;21016
B31552;2015/03/09 01:27:24;21016;86;30.0;28.8;2.832;1.832;1.174;1.980;0.019;0.751;21017
B31552;2015/03/09 01:27:34;21017;91;29.6;28.4;2.899;1.832;1.229;1.980;0.019;0.748;21018
B31552;2015/03/09 01:27:44;21018;92;31.6;28.1;2.664;1.867;1.229;1.970;0.019;0.754;21019
B31552;2015/03/09 01:27:54;21019;91;28.7;28.9;2.909;1.867;1.183;1.970;0.019;0.754;21020
B31552;2015/03/09 01:28:04;21020;89;31.2;28.6;2.664;1.835;1.183;1.970;0.012;0.732;21021
B31552;2015/03/09 01:28:14;21021;79;26.1;28.6;2.883;1.835;1.232;1.970;0.012;0.725;21022
B31552;2015/03/09 01:28:24;21022;93;27.4;28.9;2.758;1.832;1.232;2.006;0.012;0.780;21023
B31552;2015/03/09 01:28:34;21023;85;28.0;28.8;2.783;1.832;1.180;2.006;0.012;0.774;21024
B31552;2015/03/09 01:28:44;21024;88;27.0;28.9;2.683;1.832;1.180;2.006;0.074;0.732;21025
B31552;2015/03/09 01:28:54;21025;80;27.0;28.6;2.864;1.832;1.187;2.006;0.074;0.735;21026
B31552;2015/03/09 01:29:04;21026;90;29.3;28.6;2.741;1.832;1.187;1.987;0.074;0.729;21027
B31552;2015/03/09 01:29:14;21027;93;33.5;28.6;2.754;1.832;1.164;1.987;0.074;0.748;21028
B31552;2015/03/09 01:29:24;21028;88;28.0;28.1;2.670;1.854;1.164;1.987;0.074;0.732;21029
B31552;2015/03/09 01:29:34;21029;94;25.8;28.3;2.906;1.854;1.180;1.987;0.074;0.725;21030
B31552;2015/03/09 01:29:44;21030;84;26.4;28.9;2.703;1.838;1.180;1.970;0.074;0.735;21031
B31552;2015/03/09 01:29:54;21031;82;30.0;28.6;2.690;1.838;1.167;1.970;0.074;0.790;21032
B31552;2015/03/09 01:30:04;21032;88;29.3;29.1;2.683;1.832;1.167;1.970;0.016;0.732;21033
B31552;2015/03/09 01:30:14;21033;89;27.0;29.1;2.699;1.832;1.193;1.970;0.016;0.751;21034
B31552;2015/03/09 01:30:24;21034;92;28.0;28.8;2.899;1.867;1.193;1.958;0.016;0.774;21035
B31552;2015/03/09 01:30:34;21035;80;26.4;28.6;2.893;1.867;1.170;1.958;0.016;0.745;21036
B31552;2015/03/09 01:30:44;21036;90;32.5;29.5;2.903;1.861;1.170;1.958;0.045;0.751;21037
B31552;2015/03/09 01:30:54;21037;93;31.9;29.1;2.841;1.861;1.174;1.958;0.045;0.783;21038
B31552;2015/03/09 01:31:04;21038;91;26.1;29.3;2.893;1.874;1.174;1.983;0.045;0.751;21039
B31552;2015/03/09 01:31:14;21039;95;29.0;28.9;2.880;1.874;1.222;1.983;0.045;0.774;21040
B31552;2015/03/09 01:31:24;21040;88;26.4;28.9;2.690;1.841;1.222;1.983;0.012;0.783;21041
B31552;2015/03/09 01:31:34;21041;90;29.6;28.8;2.809;1.841;1.222;1.983;0.012;0.803;21042
B31552;2015/03/09 01:31:44;21042;91;29.6;29.3;2.729;1.867;1.222;1.993;0.012;0.764;21043
B31552;2015/03/09 01:31:54;21043;94;28.3;29.3;2.661;1.867;1.167;1.993;0.012;0.761;21044
B31552;2015/03/09 01:32:04;21044;91;27.7;29.3;2.658;1.832;1.167;1.993;0.029;0.741;21045
B31552;2015/03/09 01:32:14;21045;84;29.3;29.1;2.909;1.832;1.232;1.993;0.029;0.783;21046
B31552;2015/03/09 01:32:24;21046;94;31.6;29.1;2.680;1.858;1.232;1.993;0.029;0.774;21047
B31552;2015/03/09 01:32:34;21047;83;29.3;28.4;2.719;1.858;1.190;1.993;0.029;0.748;21048
B31552;2015/03/09 01:32:44;21048;88;28.7;29.3;2.906;1.874;1.190;1.993;0.061;0.751;21049
B31552;2015/03/09 01:32:54;21049;80;28.3;28.9;2.912;1.874;1.183;1.993;0.061;0.741;21050
B31552;2015/03/09 01:33:04;21050;88;27.0;28.9;2.703;1.832;1.183;1.983;0.061;0.751;21051
B31552;2015/03/09 01:33:14;21051;83;28.7;28.8;2.683;1.832;1.212;1.983;0.061;0.741;21052
B31552;2015/03/09 01:33:24;21052;93;26.4;28.9;2.703;1.832;1.212;1.983;0.019;0.780;21053
B31552;2015/03/09 01:33:34;21053;87;30.0;28.4;2.761;1.832;1.174;1.983;0.019;0.783;21054
B31552;2015/03/09 01:33:44;21054;88;26.4;28.9;2.703;1.835;1.174;2.009;0.019;0.787;21055
B31552;2015/03/09 01:33:54;21055;90;26.4;28.8;2.693;1.835;1.222;2.009;0.019;0.741;21056
B31552;2015/03/09 01:34:04;21056;85;29.6;28.6;2.861;1.867;1.222;2.009;0.019;0.774;21057
B31552;2015/03/09 01:34:14;21057;86;32.5;28.6;2.696;1.867;1.174;2.009;0.019;0.761;21058
B31552;2015/03/09 01:34:24;21058;88;28.0;28.3;2.664;1.867;1.174;1.964;0.019;0.761;21059
B31552;2015/03/09 01:34:34;21059;96;26.7;28.9;2.874;1.867;1.199;1.964;0.019;0.767;21060
B31552;2015/03/09 01:34:44;21060;86;33.8;29.5;2.903;1.835;1.199;1.964;0.006;0.770;21061
B31552;2015/03/09 01:34:54;21061;87;27.0;28.3;2.899;1.835;1.222;1.964;0.006;0.770;21062
B31552;2015/03/09 01:35:04;21062;91;31.2;28.8;2.670;1.851;1.222;1.983;0.006;0.793;21063
B31552;2015/03/09 01:35:14;21063;86;28.0;29.3;2.770;1.851;1.206;1.983;0.006;0.777;21064
B31552;2015/03/09 01:35:24;21064;87;33.2;28.6;2.683;1.841;1.206;1.983;0.025;0.764;21065
B31552;2015/03/09 01:35:34;21065;84;31.9;28.8;2.754;1.841;1.170;1.983;0.025;0.738;21066
B31552;2015/03/09 01:35:44;21066;91;27.0;28.9;2.738;1.851;1.170;1.993;0.025;0.787;21067
B31552;2015/03/09 01:35:54;21067;92;25.8;28.9;2.835;1.851;1.170;1.993;0.025;0.783;21068
B31552;2015/03/09 01:36:04;21068;86;32.5;28.8;2.867;1.835;1.170;1.993;0.012;0.741;21069
B31552;2015/03/09 01:36:14;21069;88;30.6;28.9;2.664;1.835;1.238;1.993;0.012;0.754;21070
B31552;2015/03/09 01:36:24;21070;91;26.4;28.9;2.703;1.835;1.238;1.993;0.012;0.745;21071
B31552;2015/03/09 01:36:34;21071;92;27.7;28.9;2.903;1.835;1.174;1.993;0.012;0.761;21072
B31552;2015/03/09 01:36:44;21072;88;30.9;28.9;2.703;1.864;1.174;1.993;0.029;0.738;21073
B31552;2015/03/09 01:36:54;21073;90;33.2;29.1;2.674;1.864;1.177;1.993;0.029;0.738;21074
B31552;2015/03/09 01:37:04;21074;89;27.7;29.6;2.899;1.877;1.177;1.964;0.029;0.732;21075
B31552;2015/03/09 01:37:14;21075;88;27.4;28.9;2.906;1.877;1.170;1.964;0.029;0.754;21076
B31552;2015/03/09 01:37:24;21076;88;29.3;29.1;2.725;1.864;1.170;1.964;0.032;0.732;21077
B31552;2015/03/09 01:37:34;21077;87;29.0;29.3;2.683;1.864;1.180;1.964;0.032;0.754;21078
B31552;2015/03/09 01:37:44;21078;92;27.0;29.3;2.809;1.848;1.180;1.967;0.032;0.751;21079
B31552;2015/03/09 01:37:54;21079;86;26.4;29.1;2.903;1.848;1.232;1.967;0.032;0.790;21080
B31552;2015/03/09 01:38:04;21080;93;27.4;29.5;2.893;1.835;1.232;1.967;0.029;0.774;21081
B31552;2015/03/09 01:38:14;21081;90;29.0;28.8;2.880;1.835;1.180;1.967;0.029;0.732;21082
B31552;2015/03/09 01:38:24;21082;83;30.6;28.4;2.816;1.835;1.180;2.000;0.029;0.774;21083
B31552;2015/03/09 01:38:34;21083;90;32.5;28.9;2.677;1.835;1.177;2.000;0.029;0.738;21084
B31552;2015/03/09 01:38:44;21084;93;29.6;29.1;2.741;1.835;1.177;2.000;0.064;0.732;21085
B31552;2015/03/09 01:38:54;21085;84;25.8;28.4;2.812;1.835;1.235;2.000;0.064;0.735;21086
B31552;2015/03/09 01:39:04;21086;93;33.8;29.3;2.683;1.854;1.235;2.012;0.064;0.732;21087
B31552;2015/03/09 01:39:14;21087;88;28.0;29.1;2.761;1.854;1.177;2.012;0.064;0.767;21088
B31552;2015/03/09 01:39:24;21088;83;26.4;28.9;2.683;1.851;1.177;2.012;0.029;0.732;21089
B31552;2015/03/09 01:39:34;21089;94;30.6;29.3;2.874;1.851;1.174;2.012;0.029;0.783;21090
B31552;2015/03/09 01:39:44;21090;93;27.7;29.1;2.880;1.867;1.174;2.003;0.029;0.751;21091
B31552;2015/03/09 01:39:54;21091;88;29.3;29.5;2.893;1.867;1.209;2.003;0.029;0.774;21092
B31552;2015/03/09 01:40:04;21092;91;28.3;29.6;2.903;1.877;1.209;2.003;0.032;0.735;21093
B31552;2015/03/09 01:40:14;21093;77;30.9;29.3;2.751;1.877;1.177;2.003;0.032;0.738;21094
B31552;2015/03/09 01:40:24;21094;86;31.6;29.1;2.793;1.880;1.177;2.006;0.032;0.761;21095
B31552;2015/03/09 01:40:34;21095;80;28.7;29.3;2.680;1.880;1.177;2.006;0.032;0.761;21096
B31552;2015/03/09 01:40:44;21096;91;28.7;28.8;2.906;1.864;1.177;2.006;0.032;0.745;21097
B31552;2015/03/09 01:40:54;21097;89;30.0;29.5;2.906;1.864;1.177;2.006;0.032;0.790;21098
B31552;2015/03/09 01:41:04;21098;97;27.0;29.3;2.661;1.835;1.177;1.967;0.032;0.738;21099
B31552;2015/03/09 01:41:14;21099;87;29.3;28.8;2.829;1.835;1.229;1.967;0.032;0.764;21100
B31552;2015/03/09 01:41:24;21100;78;32.5;29.6;2.670;1.864;1.229;1.967;0.058;0.738;21101
B31552;2015/03/09 01:41:34;21101;88;28.0;29.3;2.670;1.864;1.177;1.967;0.058;0.758;21102
B31552;2015/03/09 01:41:44;21102;88;31.2;28.4;2.861;1.880;1.177;2.019;0.058;0.738;21103
B31552;2015/03/09 01:41:54;21103;84;28.3;28.8;2.890;1.880;1.174;2.019;0.058;0.748;21104
B31552;2015/03/09 01:42:04;21104;83;30.0;28.9;2.880;1.854;1.174;2.019;0.022;0.738;21105
B31552;2015/03/09 01:42:14;21105;80;25.8;28.9;2.841;1.854;1.177;2.019;0.022;0.738;21106
B31552;2015/03/09 01:42:24;21106;91;30.0;29.3;2.864;1.861;1.177;1.993;0.022;0.732;21107
B31552;2015/03/09 01:42:34;21107;83;33.8;28.8;2.796;1.861;1.196;1.993;0.022;0.729;21108
B31552;2015/03/09 01:42:44;21108;85;31.2;28.9;2.906;1.838;1.196;1.993;0.064;0.761;21109
B31552;2015/03/09 01:42:54;21109;79;27.0;28.8;2.864;1.838;1.232;1.993;0.064;0.758;21110
B31552;2015/03/09 01:43:04;21110;90;30.0;28.9;2.661;1.867;1.232;2.032;0.064;0.735;21111
B31552;2015/03/09 01:43:14;21111;85;26.4;28.8;2.912;1.867;1.180;2.032;0.064;0.777;21112
B31552;2015/03/09 01:43:24;21112;97;32.5;28.9;2.899;1.867;1.180;2.032;0.016;0.761;21113
B31552;2015/03/09 01:43:34;21113;92;27.0;28.6;2.683;1.867;1.232;2.032;0.016;0.783;21114
B31552;2015/03/09 01:43:44;21114;93;31.2;29.1;2.880;1.861;1.232;2.000;0.016;0.751;21115
B31552;2015/03/09 01:43:54;21115;93;28.7;28.9;2.906;1.861;1.222;2.000;0.016;0.761;21116
B31552;2015/03/09 01:44:04;21116;82;29.3;28.9;2.790;1.848;1.222;2.000;0.012;0.751;21117
B31552;2015/03/09 01:44:14;21117;89;31.2;29.3;2.893;1.848;1.219;2.000;0.012;0.780;21118
B31552;2015/03/09 01:44:24;21118;93;33.2;28.8;2.677;1.851;1.219;1.990;0.012;0.783;21119
B31552;2015/03/09 01:44:34;21119;93;28.7;28.4;2.767;1.851;1.177;1.990;0.012;0.751;21120
B31552;2015/03/09 01:44:44;21120;92;30.0;29.3;2.677;1.864;1.177;1.990;0.022;0.770;21121
B31552;2015/03/09 01:44:54;21121;91;30.6;29.3;2.887;1.864;1.177;1.990;0.022;0.758;21122
B31552;2015/03/09 01:45:04;21122;93;31.2;28.8;2.677;1.838;1.177;2.000;0.022;0.777;21123
B31552;2015/03/09 01:45:14;21123;78;26.7;28.8;2.741;1.838;1.232;2.000;0.022;0.780;21124
B31552;2015/03/09 01:45:24;21124;96;27.7;29.3;2.661;1.880;1.232;2.000;0.016;0.761;21125
B31552;2015/03/09 01:45:34;21125;88;30.6;29.3;2.687;1.880;1.190;2.000;0.016;0.780;21126
B31552;2015/03/09 01:45:44;21126;97;27.7;29.3;2.658;1.867;1.190;2.006;0.016;0.803;21127
B31552;2015/03/09 01:45:54;21127;84;27.0;29.1;2.699;1.867;1.196;2.006;0.016;0.751;21128
B31552;2015/03/09 01:46:04;21128;88;33.2;28.8;2.838;1.838;1.196;2.006;0.012;0.767;21129
B31552;2015/03/09 01:46:14;21129;83;27.7;29.1;2.706;1.838;1.235;2.006;0.012;0.780;21130
B31552;2015/03/09 01:46:24;21130;92;33.8;29.3;2.670;1.848;1.235;2.009;0.012;0.767;21131
B31552;2015/03/09 01:46:34;21131;93;30.6;29.3;2.790;1.848;1.177;2.009;0.012;0.767;21132
B31552;2015/03/09 01:46:44;21132;95;30.6;29.1;2.838;1.848;1.177;2.009;0.032;0.761;21133
B31552;2015/03/09 01:46:54;21133;91;26.7;28.6;2.680;1.848;1.225;2.009;0.032;0.767;21134
B31552;2015/03/09 01:47:04;21134;94;33.2;29.1;2.683;1.877;1.225;1.970;0.032;0.796;21135
B31552;2015/03/09 01:47:14;21135;87;31.2;29.3;2.703;1.877;1.180;1.970;0.032;0.774;21136
B31552;2015/03/09 01:47:24;21136;90;29.3;28.8;2.874;1.880;1.180;1.970;0.064;0.783;21137
B31552;2015/03/09 01:47:34;21137;76;30.0;29.5;2.806;1.880;1.187;1.970;0.064;0.754;21138
B31552;2015/03/09 01:47:44;21138;96;32.2;28.8;2.709;1.848;1.187;2.022;0.064;0.754;21139
B31552;2015/03/09 01:47:54;21139;90;30.6;29.3;2.796;1.848;1.177;2.022;0.064;0.751;21140
B31552;2015/03/09 01:48:04;21140;88;27.4;28.6;2.880;1.880;1.177;2.022;0.032;0.780;21141
B31552;2015/03/09 01:48:14;21141;90;27.0;28.9;2.867;1.880;1.177;2.022;0.032;0.770;21142
B31552;2015/03/09 01:48:24;21142;93;31.9;29.1;2.722;1.838;1.177;1.980;0.032;0.793;21143
B31552;2015/03/09 01:48:34;21143;92;28.0;29.3;2.877;1.838;1.177;1.980;0.032;0.754;21144
B31552;2015/03/09 01:48:44;21144;84;27.0;28.6;2.906;1.867;1.177;1.980;0.058;0.758;21145
B31552;2015/03/09 01:48:54;21145;90;31.9;28.9;2.780;1.867;1.229;1.980;0.058;0.774;21146
B31552;2015/03/09 01:49:04;21146;87;29.3;29.1;2.777;1.858;1.229;1.970;0.058;0.767;21147
B31552;2015/03/09 01:49:14;21147;85;29.0;28.8;2.893;1.858;1.180;1.970;0.058;0.764;21148
B31552;2015/03/09 01:49:24;21148;93;26.7;29.1;2.829;1.858;1.180;1.970;0.006;0.758;21149
B31552;2015/03/09 01:49:34;21149;93;27.4;28.9;2.877;1.858;1.187;1.970;0.006;0.796;21150
B31552;2015/03/09 01:49:44;21150;79;27.0;29.3;2.670;1.864;1.187;1.974;0.006;0.764;21151
B31552;2015/03/09 01:49:54;21151;92;28.3;28.8;2.893;1.864;1.225;1.974;0.006;0.793;21152
B31552;2015/03/09 01:50:04;21152;96;27.4;29.1;2.899;1.864;1.225;1.974;0.019;0.796;21153
B31552;2015/03/09 01:50:14;21153;80;32.2;28.9;2.670;1.864;1.190;1.974;0.019;0.774;21154
B31552;2015/03/09 01:50:24;21154;94;27.0;28.9;2.848;1.841;1.190;1.970;0.019;0.787;21155
B31552;2015/03/09 01:50:34;21155;89;26.4;28.3;2.906;1.841;1.232;1.970;0.019;0.793;21156
B31552;2015/03/09 01:50:44;21156;78;28.3;28.9;2.903;1.867;1.232;1.970;0.074;0.780;21157
B31552;2015/03/09 01:50:54;21157;88;29.0;28.4;2.796;1.867;1.199;1.970;0.074;0.764;21158
B31552;2015/03/09 01:51:04;21158;93;28.3;29.3;2.893;1.867;1.199;1.977;0.074;0.764;21159
B31552;2015/03/09 01:51:14;21159;93;27.4;28.6;2.906;1.867;1.170;1.977;0.074;0.783;21160
B31552;2015/03/09 01:51:24;21160;93;29.6;29.1;2.703;1.880;1.170;1.977;0.032;0.783;21161
B31552;2015/03/09 01:51:34;21161;89;31.9;28.8;2.719;1.880;1.183;1.977;0.032;0.796;21162
B31552;2015/03/09 01:51:44;21162;93;30.0;29.3;2.680;1.861;1.183;2.009;0.032;0.764;21163
B31552;2015/03/09 01:51:54;21163;88;26.7;28.8;2.858;1.861;1.235;2.009;0.032;0.774;21164
B31552;2015/03/09 01:52:04;21164;88;29.3;28.9;2.729;1.867;1.235;2.009;0.022;0.751;21165
B31552;2015/03/09 01:52:14;21165;96;26.7;28.9;2.867;1.867;1.180;2.009;0.022;0.751;21166
B31552;2015/03/09 01:52:24;21166;93;29.0;28.8;2.793;1.867;1.180;2.016;0.022;0.761;21167
B31552;2015/03/09 01:52:34;21167;78;26.1;28.9;2.841;1.867;1.177;2.016;0.022;0.751;21168
B31552;2015/03/09 01:52:44;21168;88;26.7;29.3;2.806;1.841;1.177;2.016;0.029;0.780;21169
B31552;2015/03/09 01:52:54;21169;87;30.0;29.5;2.906;1.841;1.177;2.016;0.029;0.787;21170
B31552;2015/03/09 01:53:04;21170;89;30.6;28.8;2.670;1.861;1.177;2.000;0.029;0.761;21171
B31552;2015/03/09 01:53:14;21171;92;31.9;28.1;2.870;1.861;1.177;2.000;0.029;0.796;21172
B31552;2015/03/09 01:53:24;21172;88;28.7;28.4;2.829;1.838;1.177;2.000;0.054;0.780;21173
B31552;2015/03/09 01:53:34;21173;88;31.9;29.3;2.835;1.838;1.174;2.000;0.054;0.793;21174
B31552;2015/03/09 01:53:44;21174;84;27.7;29.3;2.654;1.880;1.174;2.006;0.054;0.793;21175
B31552;2015/03/09 01:53:54;21175;93;29.0;29.3;2.680;1.880;1.180;2.006;0.054;0.751;21176
B31552;2015/03/09 01:54:04;21176;78;31.9;29.3;2.854;1.870;1.180;2.006;0.003;0.783;21177
B31552;2015/03/09 01:54:14;21177;89;27.0;28.6;2.903;1.870;1.180;2.006;0.003;0.777;21178
B31552;2015/03/09 01:54:24;21178;94;30.3;28.8;2.670;1.841;1.180;1.987;0.003;0.787;21179
B31552;2015/03/09 01:54:34;21179;93;30.6;28.8;2.709;1.841;1.190;1.987;0.003;0.751;21180
B31552;2015/03/09 01:54:44;21180;94;27.7;29.3;2.738;1.848;1.190;1.987;0.016;0.764;21181
B31552;2015/03/09 01:54:54;21181;90;31.2;28.9;2.667;1.848;1.174;1.987;0.016;0.803;21182
B31552;2015/03/09 01:55:04;21182;97;28.3;29.5;2.893;1.841;1.174;1.958;0.016;0.751;21183
B31552;2015/03/09 01:55:14;21183;96;30.6;29.6;2.806;1.841;1.219;1.958;0.016;0.758;21184
B31552;2015/03/09 01:55:24;21184;89;30.0;29.6;2.677;1.841;1.219;1.958;0.087;0.758;21185
B31552;2015/03/09 01:55:34;21185;90;27.4;29.1;2.670;1.841;1.196;1.958;0.087;0.790;21186
B31552;2015/03/09 01:55:44;21186;80;30.6;29.6;2.722;1.867;1.196;2.003;0.087;0.774;21187
B31552;2015/03/09 01:55:54;21187;95;27.0;29.5;2.687;1.867;1.196;2.003;0.087;0.761;21188
B31552;2015/03/09 01:56:04;21188;96;28.0;29.3;2.899;1.880;1.196;2.003;0.029;0.777;21189
B31552;2015/03/09 01:56:14;21189;88;29.0;29.5;2.677;1.880;1.235;2.003;0.029;0.796;21190
B31552;2015/03/09 01:56:24;21190;97;27.7;29.3;2.654;1.877;1.235;2.012;0.029;0.774;21191
B31552;2015/03/09 01:56:34;21191;86;26.7;29.6;2.693;1.877;1.180;2.012;0.029;0.774;21192
B31552;2015/03/09 01:56:44;21192;78;29.3;29.6;2.758;1.880;1.180;2.012;0.029;0.793;21193
B31552;2015/03/09 01:56:54;21193;94;32.5;29.6;2.664;1.880;1.177;2.012;0.029;0.751;21194
B31552;2015/03/09 01:57:04;21194;95;32.9;29.5;2.899;1.848;1.177;2.022;0.029;0.761;21195
B31552;2015/03/09 01:57:14;21195;81;27.4;28.9;2.906;1.848;1.187;2.022;0.029;0.783;21196
B31552;2015/03/09 01:57:24;21196;92;26.7;29.5;2.822;1.874;1.187;2.022;0.154;0.774;21197
B31552;2015/03/09 01:57:34;21197;83;31.9;28.4;2.851;1.874;1.241;2.022;0.154;0.761;21198
B31552;2015/03/09 01:57:44;21198;91;31.9;29.1;2.677;1.870;1.241;1.974;0.154;0.770;21199
B31552;2015/03/09 01:57:54;21199;85;28.7;29.5;2.677;1.870;1.238;1.974;0.154;0.774;21200
B31552;2015/03/09 01:58:04;21200;95;30.3;28.8;2.677;1.858;1.238;1.974;0.051;0.774;21201
B31552;2015/03/09 01:58:14;21201;80;28.3;28.3;2.893;1.858;1.183;1.974;0.051;0.745;21202
B31552;2015/03/09 01:58:24;21202;95;30.0;29.1;2.696;1.867;1.183;2.012;0.051;0.764;21203
B31552;2015/03/09 01:58:34;21203;90;31.6;29.1;2.706;1.867;1.225;2.012;0.051;0.751;21204
B31552;2015/03/09 01:58:44;21204;93;31.2;28.4;2.664;1.861;1.225;2.012;0.029;0.748;21205
B31552;2015/03/09 01:58:54;21205;90;30.6;29.5;2.796;1.861;1.180;2.012;0.029;0.761;21206
B31552;2015/03/09 01:59:04;21206;97;30.0;29.6;2.680;1.861;1.180;1.987;0.029;0.751;21207
B31552;2015/03/09 01:59:14;21207;93;26.4;28.8;2.677;1.861;1.187;1.987;0.029;0.783;21208
B31552;2015/03/09 01:59:24;21208;85;31.9;29.1;2.680;1.841;1.187;1.987;0.112;0.751;21209
B31552;2015/03/09 01:59:34;21209;90;29.6;28.9;2.754;1.841;1.232;1.987;0.112;0.751;21210
B31552;2015/03/09 01:59:44;21210;88;28.3;29.3;2.893;1.861;1.232;1.961;0.112;0.751;21211
B31552;2015/03/09 01:59:54;21211;93;26.1;29.3;2.903;1.861;1.174;1.961;0.112;0.761;21212
B31552;2015/03/09 02:00:04;21212;89;30.0;29.6;2.687;1.845;1.174;1.961;0.012;0.754;21213
B31552;2015/03/09 02:00:14;21213;79;28.3;28.6;2.664;1.845;1.238;1.961;0.012;0.751;21214
