B315F1;2015/03/01 00:00:06;10295;86;30.3;23.6;2.612;1.483;0.974;1.909;0.035;1.077;10296
B315F1;2015/03/01 00:00:16;10296;92;33.2;24.3;2.809;1.493;0.974;1.909;0.000;1.106;10297
B315F1;2015/03/01 00:00:26;10297;90;29.6;23.6;2.816;1.493;0.912;1.909;0.000;1.119;10298
B315F1;2015/03/01 00:00:36;10298;92;29.0;24.1;2.677;1.506;0.912;1.883;0.000;1.103;10299
B315F1;2015/03/01 00:00:46;10299;87;26.1;24.3;2.651;1.506;0.929;1.883;0.000;1.129;10300
B315F1;2015/03/01 00:00:56;10300;91;30.9;24.1;2.751;1.477;0.929;1.883;0.000;1.109;10301
B315F1;2015/03/01 00:01:06;10301;80;31.6;23.7;2.632;1.477;0.964;1.883;0.000;1.083;10302
B315F1;2015/03/01 00:01:16;10302;88;31.9;24.3;2.761;1.458;0.964;1.864;0.000;1.090;10303
B315F1;2015/03/01 00:01:26;10303;76;28.3;23.7;2.619;1.458;0.938;1.864;0.000;1.103;10304
B315F1;2015/03/01 00:01:36;10304;83;26.4;23.7;2.625;1.458;0.938;1.864;0.022;1.109;10305
B315F1;2015/03/01 00:01:46;10305;93;27.4;23.6;2.825;1.458;0.925;1.864;0.022;1.109;10306
B315F1;2015/03/01 00:01:56;10306;83;31.9;23.9;2.635;1.474;0.925;1.851;0.022;1.135;10307
B315F1;2015/03/01 00:02:06;10307;91;29.0;23.6;2.619;1.474;0.925;1.851;0.022;1.116;10308
B315F1;2015/03/01 00:02:16;10308;88;25.1;24.1;2.680;1.470;0.925;1.851;0.009;1.093;10309
B315F1;2015/03/01 00:02:26;10309;83;25.1;23.9;2.641;1.470;0.925;1.851;0.009;1.109;10310
B315F1;2015/03/01 00:02:36;10310;83;29.6;24.3;2.783;1.474;0.925;1.858;0.009;1.135;10311
B315F1;2015/03/01 00:02:46;10311;93;30.0;23.4;2.641;1.474;0.990;1.858;0.009;1.112;10312
B315F1;2015/03/01 00:02:56;10312;83;27.0;23.9;2.812;1.483;0.990;1.858;0.000;1.093;10313
B315F1;2015/03/01 00:03:06;10313;88;27.7;23.4;2.709;1.483;0.954;1.858;0.000;1.112;10314
B315F1;2015/03/01 00:03:16;10314;85;29.6;23.7;2.829;1.509;0.954;1.832;0.000;1.083;10315
B315F1;2015/03/01 00:03:26;10315;90;27.4;23.9;2.845;1.509;0.967;1.832;0.000;1.090;10316
B315F1;2015/03/01 00:03:36;10316;86;26.1;23.7;2.716;1.496;0.967;1.832;0.000;1.087;10317
B315F1;2015/03/01 00:03:46;10317;87;26.4;23.6;2.625;1.496;0.951;1.832;0.000;1.099;10318
B315F1;2015/03/01 00:03:56;10318;88;26.4;22.9;2.825;1.538;0.951;1.890;0.000;1.087;10319
B315F1;2015/03/01 00:04:06;10319;85;29.3;23.4;2.851;1.538;0.958;1.890;0.000;1.083;10320
B315F1;2015/03/01 00:04:16;10320;87;25.8;23.6;2.619;1.525;0.958;1.890;0.006;1.096;10321
B315F1;2015/03/01 00:04:26;10321;85;29.6;23.6;2.845;1.525;0.954;1.890;0.006;1.125;10322
B315F1;2015/03/01 00:04:36;10322;92;26.7;23.6;2.651;1.522;0.954;1.870;0.006;1.106;10323
B315F1;2015/03/01 00:04:46;10323;85;26.7;23.6;2.825;1.522;1.009;1.870;0.006;1.125;10324
B315F1;2015/03/01 00:04:56;10324;93;26.4;23.4;2.632;1.529;1.009;1.870;0.006;1.093;10325
B315F1;2015/03/01 00:05:06;10325;87;29.3;22.9;2.777;1.529;0.945;1.870;0.006;1.080;10326
B315F1;2015/03/01 00:05:16;10326;90;31.2;23.9;2.770;1.519;0.945;1.841;0.006;1.080;10327
B315F1;2015/03/01 00:05:26;10327;83;27.4;23.6;2.622;1.519;0.951;1.841;0.006;1.077;10328
B315F1;2015/03/01 00:05:36;10328;74;31.9;24.3;2.770;1.496;0.951;1.841;0.022;1.087;10329
B315F1;2015/03/01 00:05:46;10329;85;29.6;23.6;2.812;1.496;0.935;1.841;0.022;1.103;10330
B315F1;2015/03/01 00:05:56;10330;89;30.9;23.9;2.667;1.477;0.935;1.848;0.022;1.096;10331
B315F1;2015/03/01 00:06:06;10331;86;32.5;23.7;2.803;1.477;1.003;1.848;0.022;1.125;10332
B315F1;2015/03/01 00:06:16;10332;90;30.3;23.7;2.735;1.490;1.003;1.848;0.000;1.129;10333
B315F1;2015/03/01 00:06:26;10333;77;25.8;23.1;2.677;1.490;0.951;1.848;0.000;1.083;10334
B315F1;2015/03/01 00:06:36;10334;91;29.3;23.2;2.829;1.490;0.951;1.870;0.000;1.087;10335
B315F1;2015/03/01 00:06:46;10335;88;29.6;23.6;2.799;1.490;0.983;1.870;0.000;1.096;10336
B315F1;2015/03/01 00:06:56;10336;90;28.7;23.7;2.664;1.477;0.983;1.870;0.000;1.106;10337
B315F1;2015/03/01 00:07:06;10337;86;28.0;23.6;2.619;1.477;0.945;1.870;0.000;1.083;10338
B315F1;2015/03/01 00:07:16;10338;88;28.0;24.1;2.612;1.503;0.945;1.822;0.000;1.096;10339
B315F1;2015/03/01 00:07:26;10339;88;27.0;23.9;2.625;1.503;0.941;1.822;0.000;1.112;10340
B315F1;2015/03/01 00:07:36;10340;91;27.7;23.4;2.638;1.454;0.941;1.822;0.009;1.125;10341
B315F1;2015/03/01 00:07:46;10341;93;29.3;23.2;2.777;1.454;0.938;1.822;0.009;1.103;10342
B315F1;2015/03/01 00:07:56;10342;81;27.4;23.1;2.841;1.464;0.938;1.800;0.009;1.103;10343
B315F1;2015/03/01 00:08:06;10343;88;30.9;24.1;2.654;1.464;0.909;1.800;0.009;1.090;10344
B315F1;2015/03/01 00:08:16;10344;90;25.1;23.6;2.606;1.487;0.909;1.800;0.000;1.103;10345
B315F1;2015/03/01 00:08:26;10345;88;28.7;23.1;2.774;1.487;0.938;1.800;0.000;1.112;10346
B315F1;2015/03/01 00:08:36;10346;86;26.4;23.7;2.754;1.506;0.938;1.954;0.000;1.096;10347
B315F1;2015/03/01 00:08:46;10347;88;30.9;23.4;2.825;1.506;0.925;1.954;0.000;1.112;10348
B315F1;2015/03/01 00:08:56;10348;88;31.9;23.7;2.783;1.477;0.925;1.954;0.009;1.132;10349
B315F1;2015/03/01 00:09:06;10349;84;30.9;23.4;2.819;1.477;0.922;1.954;0.009;1.080;10350
B315F1;2015/03/01 00:09:16;10350;88;32.9;24.1;2.664;1.477;0.922;1.912;0.009;1.087;10351
B315F1;2015/03/01 00:09:26;10351;86;25.1;23.9;2.641;1.477;0.964;1.912;0.009;1.087;10352
B315F1;2015/03/01 00:09:36;10352;86;29.3;24.3;2.819;1.467;0.964;1.912;0.006;1.112;10353
B315F1;2015/03/01 00:09:46;10353;78;30.0;24.1;2.825;1.467;0.961;1.912;0.006;1.129;10354
B315F1;2015/03/01 00:09:56;10354;93;26.4;23.1;2.825;1.461;0.961;1.896;0.006;1.090;10355
B315F1;2015/03/01 00:10:06;10355;92;32.5;23.4;2.845;1.461;0.961;1.896;0.006;1.132;10356
B315F1;2015/03/01 00:10:16;10356;94;28.7;23.7;2.667;1.500;0.961;1.896;0.000;1.106;10357
B315F1;2015/03/01 00:10:26;10357;83;26.1;23.2;2.790;1.500;0.970;1.896;0.000;1.093;10358
B315F1;2015/03/01 00:10:36;10358;88;32.5;23.7;2.709;1.496;0.970;1.887;0.000;1.096;10359
B315F1;2015/03/01 00:10:46;10359;88;32.9;23.2;2.851;1.496;0.935;1.887;0.000;1.087;10360
B315F1;2015/03/01 00:10:56;10360;88;31.6;23.9;2.648;1.467;0.935;1.887;0.006;1.099;10361
B315F1;2015/03/01 00:11:06;10361;90;25.8;23.6;2.641;1.467;0.958;1.887;0.006;1.099;10362
B315F1;2015/03/01 00:11:16;10362;91;28.3;23.7;2.848;1.458;0.958;1.870;0.006;1.109;10363
B315F1;2015/03/01 00:11:26;10363;89;25.1;23.9;2.648;1.458;0.964;1.870;0.006;1.119;10364
B315F1;2015/03/01 00:11:36;10364;88;30.6;23.4;2.735;1.493;0.964;1.870;0.000;1.106;10365
B315F1;2015/03/01 00:11:46;10365;90;30.3;24.1;2.845;1.493;0.903;1.870;0.000;1.145;10366
B315F1;2015/03/01 00:11:56;10366;88;25.1;23.6;2.612;1.467;0.903;1.861;0.000;1.125;10367
B315F1;2015/03/01 00:12:06;10367;83;32.2;24.1;2.625;1.467;0.932;1.861;0.000;1.093;10368
B315F1;2015/03/01 00:12:16;10368;83;29.3;23.2;2.841;1.454;0.932;1.861;0.000;1.099;10369
B315F1;2015/03/01 00:12:26;10369;93;28.3;23.2;2.745;1.454;0.945;1.861;0.000;1.099;10370
B315F1;2015/03/01 00:12:36;10370;91;27.7;22.9;2.638;1.441;0.945;1.838;0.000;1.141;10371
B315F1;2015/03/01 00:12:46;10371;86;27.7;24.1;2.664;1.441;0.890;1.838;0.000;1.099;10372
B315F1;2015/03/01 00:12:56;10372;92;27.7;23.7;2.796;1.477;0.890;1.838;0.000;1.109;10373
B315F1;2015/03/01 00:13:06;10373;93;25.1;23.6;2.635;1.477;0.890;1.838;0.000;1.112;10374
B315F1;2015/03/01 00:13:16;10374;87;28.3;23.2;2.845;1.454;0.890;1.880;0.000;1.116;10375
B315F1;2015/03/01 00:13:26;10375;87;28.0;23.7;2.851;1.454;0.893;1.880;0.000;1.132;10376
B315F1;2015/03/01 00:13:36;10376;86;31.2;23.9;2.829;1.441;0.893;1.880;0.000;1.112;10377
B315F1;2015/03/01 00:13:46;10377;87;28.7;22.9;2.745;1.441;0.893;1.880;0.000;1.116;10378
B315F1;2015/03/01 00:13:56;10378;92;30.6;23.6;2.606;1.454;0.893;1.867;0.000;1.119;10379
B315F1;2015/03/01 00:14:06;10379;84;29.6;23.7;2.845;1.454;0.890;1.867;0.000;1.106;10380
B315F1;2015/03/01 00:14:16;10380;79;30.6;23.9;2.783;1.470;0.890;1.867;0.006;1.119;10381
B315F1;2015/03/01 00:14:26;10381;78;27.4;23.7;2.709;1.470;0.893;1.867;0.006;1.099;10382
B315F1;2015/03/01 00:14:36;10382;90;26.7;23.7;2.632;1.448;0.893;1.832;0.006;1.125;10383
B315F1;2015/03/01 00:14:46;10383;86;31.9;24.1;2.674;1.448;0.945;1.832;0.006;1.083;10384
B315F1;2015/03/01 00:14:56;10384;86;25.1;23.9;2.816;1.454;0.945;1.832;0.009;1.132;10385
B315F1;2015/03/01 00:15:06;10385;75;30.9;23.7;2.819;1.454;0.900;1.832;0.009;1.138;10386
B315F1;2015/03/01 00:15:16;10386;84;31.9;23.7;2.761;1.464;0.900;1.796;0.009;1.119;10387
B315F1;2015/03/01 00:15:26;10387;90;28.7;23.9;2.812;1.464;0.903;1.796;0.009;1.138;10388
B315F1;2015/03/01 00:15:36;10388;93;25.8;23.7;2.693;1.454;0.903;1.796;0.006;1.103;10389
B315F1;2015/03/01 00:15:46;10389;89;30.9;23.4;2.845;1.454;0.903;1.796;0.006;1.138;10390
B315F1;2015/03/01 00:15:56;10390;88;33.2;23.6;2.674;1.464;0.903;1.796;0.006;1.103;10391
B315F1;2015/03/01 00:16:06;10391;85;30.9;23.7;2.638;1.464;0.954;1.796;0.006;1.087;10392
B315F1;2015/03/01 00:16:16;10392;83;25.8;24.1;2.667;1.480;0.954;1.796;0.019;1.125;10393
B315F1;2015/03/01 00:16:26;10393;79;30.0;23.7;2.641;1.480;0.893;1.796;0.019;1.112;10394
B315F1;2015/03/01 00:16:36;10394;95;30.6;23.2;2.612;1.470;0.893;1.770;0.019;1.119;10395
B315F1;2015/03/01 00:16:46;10395;93;31.9;23.6;2.825;1.470;0.922;1.770;0.019;1.103;10396
B315F1;2015/03/01 00:16:56;10396;94;29.3;23.7;2.719;1.451;0.922;1.770;0.000;1.132;10397
B315F1;2015/03/01 00:17:06;10397;92;26.1;24.3;2.664;1.451;0.938;1.770;0.000;1.096;10398
B315F1;2015/03/01 00:17:16;10398;96;30.3;23.2;2.612;1.464;0.938;1.774;0.000;1.125;10399
B315F1;2015/03/01 00:17:26;10399;88;26.7;24.1;2.667;1.464;0.922;1.774;0.000;1.087;10400
B315F1;2015/03/01 00:17:36;10400;93;29.3;24.1;2.738;1.467;0.922;1.774;0.003;1.099;10401
B315F1;2015/03/01 00:17:46;10401;87;29.6;23.9;2.790;1.467;0.906;1.774;0.003;1.125;10402
B315F1;2015/03/01 00:17:56;10402;87;26.7;24.3;2.645;1.467;0.906;1.800;0.003;1.119;10403
B315F1;2015/03/01 00:18:06;10403;80;26.7;23.7;2.835;1.467;0.903;1.800;0.003;1.106;10404
B315F1;2015/03/01 00:18:16;10404;94;30.6;24.3;2.812;1.445;0.903;1.800;0.000;1.080;10405
B315F1;2015/03/01 00:18:26;10405;78;31.2;23.4;2.825;1.445;0.925;1.800;0.000;1.103;10406
B315F1;2015/03/01 00:18:36;10406;88;30.6;23.2;2.816;1.458;0.925;1.806;0.000;1.087;10407
B315F1;2015/03/01 00:18:46;10407;93;28.7;24.1;2.667;1.458;0.948;1.806;0.000;1.087;10408
B315F1;2015/03/01 00:18:56;10408;87;29.6;23.9;2.845;1.480;0.948;1.806;0.000;1.122;10409
B315F1;2015/03/01 00:19:06;10409;87;28.7;24.3;2.677;1.480;0.945;1.806;0.000;1.083;10410
B315F1;2015/03/01 00:19:16;10410;93;31.9;23.6;2.816;1.441;0.945;1.890;0.000;1.090;10411
B315F1;2015/03/01 00:19:26;10411;82;31.6;23.7;2.851;1.441;0.951;1.890;0.000;1.125;10412
B315F1;2015/03/01 00:19:36;10412;92;25.8;23.6;2.651;1.470;0.951;1.890;0.000;1.096;10413
B315F1;2015/03/01 00:19:46;10413;90;32.5;23.4;2.777;1.470;0.912;1.890;0.000;1.096;10414
B315F1;2015/03/01 00:19:56;10414;77;31.9;24.1;2.816;1.445;0.912;1.841;0.000;1.135;10415
B315F1;2015/03/01 00:20:06;10415;91;31.2;23.6;2.832;1.445;0.893;1.841;0.000;1.122;10416
B315F1;2015/03/01 00:20:16;10416;87;30.9;23.9;2.829;1.474;0.893;1.841;0.000;1.106;10417
B315F1;2015/03/01 00:20:26;10417;93;25.8;24.1;2.632;1.474;0.900;1.841;0.000;1.074;10418
B315F1;2015/03/01 00:20:36;10418;84;26.4;24.1;2.629;1.493;0.900;1.851;0.000;1.119;10419
B315F1;2015/03/01 00:20:46;10419;91;26.1;23.7;2.680;1.493;0.903;1.851;0.000;1.112;10420
B315F1;2015/03/01 00:20:56;10420;84;28.7;23.7;2.661;1.470;0.903;1.851;0.000;1.096;10421
B315F1;2015/03/01 00:21:06;10421;91;31.6;23.9;2.777;1.470;0.912;1.851;0.000;1.103;10422
B315F1;2015/03/01 00:21:16;10422;92;28.7;23.9;2.835;1.477;0.912;1.874;0.000;1.116;10423
B315F1;2015/03/01 00:21:26;10423;88;26.4;23.6;2.770;1.477;0.951;1.874;0.000;1.116;10424
B315F1;2015/03/01 00:21:36;10424;86;28.7;24.1;2.716;1.470;0.951;1.874;0.000;1.103;10425
B315F1;2015/03/01 00:21:46;10425;93;28.7;23.4;2.738;1.470;0.909;1.874;0.000;1.103;10426
B315F1;2015/03/01 00:21:56;10426;96;32.5;23.7;2.664;1.480;0.909;1.854;0.000;1.122;10427
B315F1;2015/03/01 00:22:06;10427;92;27.0;23.7;2.687;1.480;0.945;1.854;0.000;1.103;10428
B315F1;2015/03/01 00:22:16;10428;91;28.3;24.1;2.658;1.445;0.945;1.854;0.000;1.116;10429
B315F1;2015/03/01 00:22:26;10429;85;26.7;23.2;2.709;1.445;0.948;1.854;0.000;1.135;10430
B315F1;2015/03/01 00:22:36;10430;92;25.8;23.6;2.677;1.464;0.948;1.841;0.000;1.122;10431
B315F1;2015/03/01 00:22:46;10431;86;29.6;24.1;2.829;1.464;0.938;1.841;0.000;1.116;10432
B315F1;2015/03/01 00:22:56;10432;94;27.7;23.7;2.777;1.458;0.938;1.841;0.087;1.090;10433
B315F1;2015/03/01 00:23:06;10433;79;33.2;23.6;2.845;1.458;0.900;1.841;0.087;1.096;10434
B315F1;2015/03/01 00:23:16;10434;85;27.0;23.6;2.806;1.441;0.900;1.874;0.087;1.109;10435
B315F1;2015/03/01 00:23:26;10435;80;27.0;24.3;2.674;1.441;0.909;1.874;0.087;1.099;10436
B315F1;2015/03/01 00:23:36;10436;90;26.4;24.1;2.764;1.438;0.909;1.874;0.000;1.103;10437
B315F1;2015/03/01 00:23:46;10437;93;30.0;24.6;2.651;1.438;0.887;1.874;0.000;1.087;10438
B315F1;2015/03/01 00:23:56;10438;81;27.7;24.3;2.667;1.458;0.887;1.829;0.000;1.116;10439
B315F1;2015/03/01 00:24:06;10439;88;26.4;23.9;2.661;1.458;0.900;1.829;0.000;1.074;10440
B315F1;2015/03/01 00:24:16;10440;79;30.6;23.6;2.835;1.464;0.900;1.829;0.009;1.093;10441
B315F1;2015/03/01 00:24:26;10441;82;29.3;23.4;2.770;1.464;0.925;1.829;0.009;1.080;10442
B315F1;2015/03/01 00:24:36;10442;93;30.9;24.4;2.822;1.445;0.925;1.864;0.009;1.106;10443
B315F1;2015/03/01 00:24:46;10443;88;30.0;24.1;2.638;1.445;0.900;1.864;0.009;1.125;10444
B315F1;2015/03/01 00:24:56;10444;85;31.2;23.6;2.841;1.480;0.900;1.864;0.006;1.132;10445
B315F1;2015/03/01 00:25:06;10445;88;27.7;24.3;2.658;1.480;0.890;1.864;0.006;1.087;10446
B315F1;2015/03/01 00:25:16;10446;94;28.7;24.1;2.693;1.487;0.890;1.916;0.006;1.109;10447
B315F1;2015/03/01 00:25:26;10447;84;26.1;23.9;2.629;1.487;0.945;1.916;0.006;1.135;10448
B315F1;2015/03/01 00:25:36;10448;82;31.9;23.9;2.816;1.500;0.945;1.916;0.000;1.103;10449
B315F1;2015/03/01 00:25:46;10449;87;30.6;24.1;2.612;1.500;0.916;1.916;0.000;1.087;10450
B315F1;2015/03/01 00:25:56;10450;83;28.7;23.4;2.829;1.458;0.916;1.929;0.000;1.087;10451
B315F1;2015/03/01 00:26:06;10451;88;29.3;23.7;2.825;1.458;0.903;1.929;0.000;1.090;10452
B315F1;2015/03/01 00:26:16;10452;88;31.9;23.9;2.822;1.461;0.903;1.929;0.006;1.103;10453
B315F1;2015/03/01 00:26:26;10453;76;31.2;24.1;2.845;1.461;0.938;1.929;0.006;1.103;10454
B315F1;2015/03/01 00:26:36;10454;88;28.0;23.7;2.625;1.458;0.938;1.900;0.006;1.099;10455
B315F1;2015/03/01 00:26:46;10455;88;29.6;24.1;2.651;1.458;0.929;1.900;0.006;1.099;10456
B315F1;2015/03/01 00:26:56;10456;81;25.8;24.3;2.693;1.496;0.929;1.900;0.000;1.119;10457
B315F1;2015/03/01 00:27:06;10457;78;29.3;23.7;2.790;1.496;0.903;1.900;0.000;1.087;10458
B315F1;2015/03/01 00:27:16;10458;88;27.4;23.2;2.816;1.451;0.903;1.854;0.000;1.125;10459
B315F1;2015/03/01 00:27:26;10459;94;26.4;23.7;2.664;1.451;0.922;1.854;0.000;1.090;10460
B315F1;2015/03/01 00:27:36;10460;87;28.3;23.7;2.774;1.500;0.922;1.854;0.009;1.090;10461
B315F1;2015/03/01 00:27:46;10461;80;27.4;23.6;2.816;1.500;0.938;1.854;0.009;1.099;10462
B315F1;2015/03/01 00:27:56;10462;88;25.1;24.1;2.612;1.493;0.938;1.861;0.009;1.116;10463
B315F1;2015/03/01 00:28:06;10463;86;28.7;23.4;2.845;1.493;0.983;1.861;0.009;1.106;10464
B315F1;2015/03/01 00:28:16;10464;85;27.4;23.7;2.638;1.512;0.983;1.861;0.029;1.103;10465
B315F1;2015/03/01 00:28:26;10465;87;33.2;23.4;2.751;1.512;0.935;1.861;0.029;1.116;10466
B315F1;2015/03/01 00:28:36;10466;87;27.7;23.6;2.629;1.490;0.935;1.877;0.029;1.119;10467
B315F1;2015/03/01 00:28:46;10467;94;26.7;23.6;2.674;1.490;0.980;1.877;0.029;1.103;10468
B315F1;2015/03/01 00:28:56;10468;92;26.1;23.9;2.619;1.512;0.980;1.877;0.009;1.116;10469
B315F1;2015/03/01 00:29:06;10469;88;31.9;23.7;2.809;1.512;0.967;1.877;0.009;1.132;10470
B315F1;2015/03/01 00:29:16;10470;83;27.7;23.6;2.838;1.512;0.967;1.938;0.009;1.099;10471
B315F1;2015/03/01 00:29:26;10471;88;26.1;24.3;2.641;1.512;0.990;1.938;0.009;1.138;10472
B315F1;2015/03/01 00:29:36;10472;83;31.2;24.4;2.735;1.525;0.990;1.938;0.009;1.116;10473
B315F1;2015/03/01 00:29:46;10473;89;31.6;23.9;2.809;1.525;0.951;1.938;0.009;1.119;10474
B315F1;2015/03/01 00:29:56;10474;94;29.6;23.9;2.680;1.487;0.951;1.880;0.009;1.132;10475
B315F1;2015/03/01 00:30:06;10475;82;26.4;24.3;2.777;1.487;1.000;1.880;0.009;1.116;10476
B315F1;2015/03/01 00:30:16;10476;93;25.8;24.3;2.609;1.487;1.000;1.880;0.074;1.096;10477
B315F1;2015/03/01 00:30:26;10477;86;25.1;23.9;2.635;1.487;0.941;1.880;0.074;1.087;10478
B315F1;2015/03/01 00:30:36;10478;85;28.3;23.6;2.619;1.480;0.941;1.867;0.074;1.109;10479
B315F1;2015/03/01 00:30:46;10479;87;28.3;23.9;2.625;1.480;0.993;1.867;0.074;1.109;10480
B315F1;2015/03/01 00:30:56;10480;93;25.8;24.1;2.609;1.506;0.993;1.867;0.006;1.099;10481
B315F1;2015/03/01 00:31:06;10481;77;26.4;23.6;2.658;1.506;0.945;1.867;0.006;1.096;10482
B315F1;2015/03/01 00:31:16;10482;87;30.9;24.3;2.758;1.509;0.945;1.861;0.006;1.132;10483
B315F1;2015/03/01 00:31:26;10483;88;30.6;23.7;2.619;1.509;0.941;1.861;0.006;1.096;10484
B315F1;2015/03/01 00:31:36;10484;89;29.6;24.1;2.690;1.483;0.941;1.861;0.006;1.145;10485
B315F1;2015/03/01 00:31:46;10485;88;27.7;23.7;2.699;1.483;0.983;1.861;0.006;1.135;10486
B315F1;2015/03/01 00:31:56;10486;90;26.4;23.7;2.819;1.512;0.983;1.880;0.006;1.158;10487
B315F1;2015/03/01 00:32:06;10487;89;28.3;24.1;2.616;1.512;0.954;1.880;0.006;1.132;10488
B315F1;2015/03/01 00:32:16;10488;86;30.3;23.7;2.625;1.535;0.954;1.880;0.006;1.112;10489
B315F1;2015/03/01 00:32:26;10489;84;28.7;23.2;2.777;1.535;0.987;1.880;0.006;1.148;10490
B315F1;2015/03/01 00:32:36;10490;93;28.7;23.7;2.670;1.503;0.987;1.900;0.006;1.132;10491
B315F1;2015/03/01 00:32:46;10491;90;25.4;24.3;2.735;1.503;0.964;1.900;0.006;1.129;10492
B315F1;2015/03/01 00:32:56;10492;83;29.6;24.3;2.703;1.516;0.964;1.900;0.006;1.145;10493
B315F1;2015/03/01 00:33:06;10493;87;30.6;24.1;2.838;1.516;0.941;1.900;0.006;1.112;10494
B315F1;2015/03/01 00:33:16;10494;88;25.8;23.9;2.619;1.503;0.941;1.861;0.006;1.129;10495
B315F1;2015/03/01 00:33:26;10495;86;27.7;23.6;2.719;1.503;0.932;1.861;0.006;1.148;10496
B315F1;2015/03/01 00:33:36;10496;88;26.1;24.1;2.619;1.470;0.932;1.861;0.009;1.141;10497
B315F1;2015/03/01 00:33:46;10497;85;29.6;24.1;2.803;1.470;0.941;1.861;0.009;1.116;10498
B315F1;2015/03/01 00:33:56;10498;87;29.3;24.1;2.687;1.477;0.941;1.819;0.009;1.106;10499
B315F1;2015/03/01 00:34:06;10499;81;28.3;23.7;2.745;1.477;0.967;1.819;0.009;1.096;10500
B315F1;2015/03/01 00:34:16;10500;87;30.9;24.4;2.632;1.470;0.967;1.819;0.006;1.106;10501
B315F1;2015/03/01 00:34:26;10501;91;28.7;23.2;2.841;1.470;0.935;1.819;0.006;1.122;10502
B315F1;2015/03/01 00:34:36;10502;96;31.2;24.6;2.777;1.483;0.935;1.861;0.006;1.112;10503
B315F1;2015/03/01 00:34:46;10503;77;30.0;23.9;2.851;1.483;0.922;1.861;0.006;1.116;10504
B315F1;2015/03/01 00:34:56;10504;89;30.3;23.6;2.841;1.474;0.922;1.861;0.087;1.122;10505
B315F1;2015/03/01 00:35:06;10505;93;29.3;24.1;2.619;1.474;0.964;1.861;0.087;1.109;10506
B315F1;2015/03/01 00:35:16;10506;96;27.7;23.7;2.764;1.483;0.964;1.848;0.087;1.154;10507
B315F1;2015/03/01 00:35:26;10507;87;29.3;23.6;2.770;1.483;0.935;1.848;0.087;1.109;10508
B315F1;2015/03/01 00:35:36;10508;93;27.0;24.1;2.635;1.487;0.935;1.848;0.000;1.132;10509
B315F1;2015/03/01 00:35:46;10509;94;29.0;24.1;2.851;1.487;0.948;1.848;0.000;1.099;10510
B315F1;2015/03/01 00:35:56;10510;79;29.0;23.7;2.809;1.490;0.948;1.829;0.000;1.109;10511
B315F1;2015/03/01 00:36:06;10511;92;26.7;23.6;2.680;1.490;0.948;1.829;0.000;1.106;10512
B315F1;2015/03/01 00:36:16;10512;92;25.1;23.7;2.664;1.483;0.948;1.829;0.016;1.132;10513
B315F1;2015/03/01 00:36:26;10513;85;26.1;24.3;2.625;1.483;0.919;1.829;0.016;1.109;10514
B315F1;2015/03/01 00:36:36;10514;88;27.0;23.7;2.764;1.487;0.919;1.851;0.016;1.148;10515
B315F1;2015/03/01 00:36:46;10515;78;27.7;23.6;2.845;1.487;0.912;1.851;0.016;1.138;10516
B315F1;2015/03/01 00:36:56;10516;91;30.6;23.6;2.835;1.461;0.912;1.851;0.000;1.109;10517
B315F1;2015/03/01 00:37:06;10517;93;30.9;24.3;2.612;1.461;0.916;1.851;0.000;1.122;10518
B315F1;2015/03/01 00:37:16;10518;90;30.0;24.3;2.664;1.458;0.916;1.858;0.000;1.103;10519
B315F1;2015/03/01 00:37:26;10519;90;25.1;24.4;2.632;1.458;0.958;1.858;0.000;1.138;10520
B315F1;2015/03/01 00:37:36;10520;85;32.5;24.3;2.790;1.480;0.958;1.858;0.009;1.129;10521
B315F1;2015/03/01 00:37:46;10521;88;30.6;23.9;2.825;1.480;0.903;1.858;0.009;1.116;10522
B315F1;2015/03/01 00:37:56;10522;88;27.4;23.7;2.635;1.448;0.903;1.816;0.009;1.151;10523
B315F1;2015/03/01 00:38:06;10523;88;32.5;23.6;2.738;1.448;0.951;1.816;0.009;1.109;10524
B315F1;2015/03/01 00:38:16;10524;88;29.0;24.4;2.677;1.458;0.951;1.816;0.006;1.148;10525
B315F1;2015/03/01 00:38:26;10525;77;27.7;23.9;2.632;1.458;0.909;1.816;0.006;1.103;10526
B315F1;2015/03/01 00:38:36;10526;87;27.7;23.4;2.841;1.493;0.909;1.835;0.006;1.119;10527
B315F1;2015/03/01 00:38:46;10527;82;29.3;23.6;2.629;1.493;0.925;1.835;0.006;1.122;10528
B315F1;2015/03/01 00:38:56;10528;90;30.9;24.3;2.822;1.454;0.925;1.835;0.006;1.138;10529
B315F1;2015/03/01 00:39:06;10529;88;30.6;24.1;2.845;1.454;0.916;1.835;0.006;1.138;10530
B315F1;2015/03/01 00:39:16;10530;84;30.6;23.6;2.683;1.461;0.916;1.806;0.006;1.125;10531
B315F1;2015/03/01 00:39:26;10531;88;26.7;23.9;2.619;1.461;0.929;1.806;0.006;1.119;10532
B315F1;2015/03/01 00:39:36;10532;90;27.0;23.6;2.767;1.487;0.929;1.806;0.080;1.112;10533
B315F1;2015/03/01 00:39:46;10533;88;29.6;23.7;2.845;1.487;0.929;1.806;0.080;1.112;10534
B315F1;2015/03/01 00:39:56;10534;83;25.8;23.7;2.664;1.461;0.929;1.832;0.080;1.112;10535
B315F1;2015/03/01 00:40:06;10535;91;25.8;24.1;2.777;1.461;0.912;1.832;0.080;1.154;10536
B315F1;2015/03/01 00:40:16;10536;83;30.3;23.9;2.729;1.461;0.912;1.832;0.006;1.112;10537
B315F1;2015/03/01 00:40:26;10537;93;31.6;23.7;2.848;1.461;0.932;1.832;0.006;1.129;10538
B315F1;2015/03/01 00:40:36;10538;88;25.4;23.9;2.835;1.458;0.932;1.870;0.006;1.103;10539
B315F1;2015/03/01 00:40:46;10539;88;30.6;24.1;2.825;1.458;0.929;1.870;0.006;1.132;10540
B315F1;2015/03/01 00:40:56;10540;94;27.0;23.9;2.841;1.467;0.929;1.870;0.080;1.109;10541
B315F1;2015/03/01 00:41:06;10541;75;26.1;24.8;2.654;1.467;0.912;1.870;0.080;1.148;10542
B315F1;2015/03/01 00:41:16;10542;84;25.8;23.9;2.619;1.480;0.912;1.893;0.080;1.161;10543
B315F1;2015/03/01 00:41:26;10543;83;30.6;24.3;2.625;1.480;0.912;1.893;0.080;1.103;10544
B315F1;2015/03/01 00:41:36;10544;79;29.3;23.9;2.625;1.490;0.912;1.893;0.000;1.109;10545
B315F1;2015/03/01 00:41:46;10545;88;28.7;23.4;2.851;1.490;0.903;1.893;0.000;1.112;10546
B315F1;2015/03/01 00:41:56;10546;86;27.7;24.4;2.612;1.500;0.903;1.867;0.000;1.122;10547
B315F1;2015/03/01 00:42:06;10547;84;29.6;23.7;2.612;1.500;0.906;1.867;0.000;1.096;10548
B315F1;2015/03/01 00:42:16;10548;87;28.7;24.4;2.606;1.496;0.906;1.867;0.067;1.099;10549
B315F1;2015/03/01 00:42:26;10549;80;28.0;23.9;2.841;1.496;0.938;1.867;0.067;1.103;10550
B315F1;2015/03/01 00:42:36;10550;81;29.3;24.4;2.625;1.461;0.938;1.845;0.067;1.109;10551
B315F1;2015/03/01 00:42:46;10551;83;32.5;23.9;2.635;1.461;0.900;1.845;0.067;1.116;10552
B315F1;2015/03/01 00:42:56;10552;83;28.7;23.6;2.606;1.493;0.900;1.845;0.000;1.106;10553
B315F1;2015/03/01 00:43:06;10553;90;30.9;24.1;2.748;1.493;0.954;1.845;0.000;1.116;10554
B315F1;2015/03/01 00:43:16;10554;87;26.7;24.1;2.629;1.480;0.954;1.864;0.000;1.116;10555
B315F1;2015/03/01 00:43:26;10555;92;25.1;24.4;2.641;1.480;0.903;1.864;0.000;1.122;10556
B315F1;2015/03/01 00:43:36;10556;92;30.9;25.0;2.812;1.474;0.903;1.864;0.000;1.129;10557
B315F1;2015/03/01 00:43:46;10557;90;25.1;24.3;2.635;1.474;0.912;1.864;0.000;1.096;10558
B315F1;2015/03/01 00:43:56;10558;83;25.8;24.1;2.619;1.464;0.912;1.822;0.000;1.099;10559
B315F1;2015/03/01 00:44:06;10559;91;30.9;24.1;2.851;1.464;0.916;1.822;0.000;1.103;10560
B315F1;2015/03/01 00:44:16;10560;83;30.6;24.4;2.654;1.493;0.916;1.822;0.006;1.122;10561
B315F1;2015/03/01 00:44:26;10561;93;29.6;24.1;2.851;1.493;0.941;1.822;0.006;1.122;10562
B315F1;2015/03/01 00:44:36;10562;92;28.0;24.3;2.774;1.461;0.941;1.858;0.006;1.093;10563
B315F1;2015/03/01 00:44:46;10563;87;26.4;24.4;2.612;1.461;0.916;1.858;0.006;1.119;10564
B315F1;2015/03/01 00:44:56;10564;88;25.8;24.1;2.609;1.506;0.916;1.858;0.009;1.138;10565
B315F1;2015/03/01 00:45:06;10565;91;25.4;24.3;2.638;1.506;0.916;1.858;0.009;1.151;10566
B315F1;2015/03/01 00:45:16;10566;85;30.0;23.9;2.829;1.500;0.916;1.832;0.009;1.093;10567
B315F1;2015/03/01 00:45:26;10567;88;28.0;23.9;2.658;1.500;0.909;1.832;0.009;1.132;10568
B315F1;2015/03/01 00:45:36;10568;90;31.6;24.1;2.761;1.496;0.909;1.832;0.009;1.148;10569
B315F1;2015/03/01 00:45:46;10569;91;26.4;24.6;2.777;1.496;0.903;1.832;0.009;1.116;10570
B315F1;2015/03/01 00:45:56;10570;96;26.4;24.1;2.635;1.451;0.903;1.841;0.009;1.141;10571
B315F1;2015/03/01 00:46:06;10571;93;25.8;24.3;2.638;1.451;0.906;1.841;0.009;1.096;10572
B315F1;2015/03/01 00:46:16;10572;88;27.7;23.7;2.632;1.500;0.906;1.841;0.000;1.125;10573
B315F1;2015/03/01 00:46:26;10573;91;28.0;24.4;2.751;1.500;0.916;1.841;0.000;1.096;10574
B315F1;2015/03/01 00:46:36;10574;77;28.3;24.3;2.835;1.461;0.916;1.825;0.000;1.129;10575
B315F1;2015/03/01 00:46:46;10575;84;33.2;24.1;2.625;1.461;0.922;1.825;0.000;1.096;10576
B315F1;2015/03/01 00:46:56;10576;88;29.3;24.3;2.670;1.496;0.922;1.825;0.009;1.093;10577
B315F1;2015/03/01 00:47:06;10577;85;25.4;24.8;2.622;1.496;0.906;1.825;0.009;1.122;10578
B315F1;2015/03/01 00:47:16;10578;88;28.7;24.1;2.658;1.451;0.906;1.787;0.009;1.093;10579
B315F1;2015/03/01 00:47:26;10579;78;28.7;23.6;2.851;1.451;0.903;1.787;0.009;1.087;10580
B315F1;2015/03/01 00:47:36;10580;92;30.6;23.9;2.829;1.477;0.903;1.787;0.000;1.129;10581
B315F1;2015/03/01 00:47:46;10581;87;30.9;24.4;2.796;1.477;0.935;1.787;0.000;1.125;10582
B315F1;2015/03/01 00:47:56;10582;82;29.6;23.9;2.829;1.451;0.935;1.806;0.000;1.103;10583
B315F1;2015/03/01 00:48:06;10583;83;30.9;24.1;2.625;1.451;0.896;1.806;0.000;1.138;10584
B315F1;2015/03/01 00:48:16;10584;89;25.1;24.3;2.606;1.445;0.896;1.806;0.006;1.129;10585
B315F1;2015/03/01 00:48:26;10585;93;28.7;23.9;2.641;1.445;0.948;1.806;0.006;1.132;10586
B315F1;2015/03/01 00:48:36;10586;95;31.2;24.6;2.835;1.480;0.948;1.793;0.006;1.138;10587
B315F1;2015/03/01 00:48:46;10587;91;29.3;24.4;2.667;1.480;0.916;1.793;0.006;1.096;10588
B315F1;2015/03/01 00:48:56;10588;88;26.4;23.9;2.780;1.445;0.916;1.793;0.000;1.106;10589
B315F1;2015/03/01 00:49:06;10589;84;30.6;23.7;2.796;1.445;0.954;1.793;0.000;1.129;10590
B315F1;2015/03/01 00:49:16;10590;92;27.4;24.4;2.832;1.458;0.954;1.835;0.000;1.106;10591
B315F1;2015/03/01 00:49:26;10591;91;25.4;24.8;2.612;1.458;0.896;1.835;0.000;1.116;10592
B315F1;2015/03/01 00:49:36;10592;88;26.1;24.4;2.845;1.458;0.896;1.835;0.000;1.103;10593
B315F1;2015/03/01 00:49:46;10593;87;29.0;24.4;2.816;1.458;0.900;1.835;0.000;1.129;10594
B315F1;2015/03/01 00:49:56;10594;92;28.7;24.4;2.619;1.474;0.900;1.816;0.000;1.145;10595
B315F1;2015/03/01 00:50:06;10595;87;26.4;24.3;2.667;1.474;0.958;1.816;0.000;1.099;10596
B315F1;2015/03/01 00:50:16;10596;92;28.3;23.9;2.741;1.487;0.958;1.816;0.006;1.129;10597
B315F1;2015/03/01 00:50:26;10597;93;27.7;24.3;2.680;1.487;0.925;1.816;0.006;1.109;10598
B315F1;2015/03/01 00:50:36;10598;84;25.8;24.3;2.612;1.506;0.925;1.900;0.006;1.141;10599
B315F1;2015/03/01 00:50:46;10599;80;30.6;24.3;2.803;1.506;0.929;1.900;0.006;1.106;10600
B315F1;2015/03/01 00:50:56;10600;83;25.4;24.1;2.716;1.532;0.929;1.900;0.000;1.116;10601
B315F1;2015/03/01 00:51:06;10601;88;30.0;24.6;2.654;1.532;0.961;1.900;0.000;1.122;10602
B315F1;2015/03/01 00:51:16;10602;87;27.7;23.4;2.819;1.487;0.961;1.848;0.000;1.109;10603
B315F1;2015/03/01 00:51:26;10603;91;29.6;24.4;2.725;1.487;0.945;1.848;0.000;1.158;10604
B315F1;2015/03/01 00:51:36;10604;88;28.3;23.7;2.619;1.496;0.945;1.848;0.006;1.119;10605
B315F1;2015/03/01 00:51:46;10605;92;28.3;23.9;2.641;1.496;0.993;1.848;0.006;1.116;10606
B315F1;2015/03/01 00:51:56;10606;84;28.3;24.1;2.625;1.490;0.993;1.848;0.006;1.154;10607
B315F1;2015/03/01 00:52:06;10607;88;25.4;24.6;2.748;1.490;0.948;1.848;0.006;1.129;10608
B315F1;2015/03/01 00:52:16;10608;88;28.7;24.3;2.848;1.500;0.948;1.848;0.009;1.116;10609
B315F1;2015/03/01 00:52:26;10609;90;28.7;24.1;2.851;1.500;0.990;1.848;0.009;1.119;10610
B315F1;2015/03/01 00:52:36;10610;93;27.4;24.4;2.819;1.483;0.990;1.829;0.009;1.109;10611
B315F1;2015/03/01 00:52:46;10611;83;25.4;24.8;2.793;1.483;0.941;1.829;0.009;1.151;10612
B315F1;2015/03/01 00:52:56;10612;82;29.3;24.4;2.648;1.496;0.941;1.829;0.000;1.122;10613
B315F1;2015/03/01 00:53:06;10613;91;28.7;23.7;2.764;1.496;0.938;1.829;0.000;1.135;10614
B315F1;2015/03/01 00:53:16;10614;93;28.7;24.6;2.664;1.519;0.938;1.800;0.000;1.129;10615
B315F1;2015/03/01 00:53:26;10615;87;29.6;23.9;2.658;1.519;0.970;1.800;0.000;1.103;10616
B315F1;2015/03/01 00:53:36;10616;77;32.5;24.4;2.683;1.493;0.970;1.800;0.000;1.148;10617
B315F1;2015/03/01 00:53:46;10617;84;29.3;23.9;2.774;1.493;0.948;1.800;0.000;1.116;10618
B315F1;2015/03/01 00:53:56;10618;78;27.0;24.6;2.638;1.493;0.948;1.858;0.000;1.106;10619
B315F1;2015/03/01 00:54:06;10619;78;32.5;24.6;2.803;1.493;0.948;1.858;0.000;1.103;10620
B315F1;2015/03/01 00:54:16;10620;88;31.6;24.8;2.654;1.516;0.948;1.858;0.006;1.129;10621
B315F1;2015/03/01 00:54:26;10621;88;29.0;24.1;2.774;1.516;1.000;1.858;0.006;1.090;10622
B315F1;2015/03/01 00:54:36;10622;88;30.0;23.7;2.845;1.525;1.000;1.800;0.006;1.109;10623
B315F1;2015/03/01 00:54:46;10623;91;26.7;25.0;2.625;1.525;0.977;1.800;0.006;1.132;10624
B315F1;2015/03/01 00:54:56;10624;90;30.3;23.7;2.619;1.503;0.977;1.800;0.009;1.141;10625
B315F1;2015/03/01 00:55:06;10625;89;30.6;24.4;2.725;1.503;0.935;1.800;0.009;1.096;10626
B315F1;2015/03/01 00:55:16;10626;93;26.7;24.4;2.806;1.503;0.935;1.774;0.009;1.122;10627
B315F1;2015/03/01 00:55:26;10627;91;30.0;24.4;2.819;1.503;0.977;1.774;0.009;1.135;10628
B315F1;2015/03/01 00:55:36;10628;94;30.0;24.3;2.619;1.493;0.977;1.774;0.006;1.116;10629
B315F1;2015/03/01 00:55:46;10629;88;30.3;24.8;2.803;1.493;0.974;1.774;0.006;1.106;10630
B315F1;2015/03/01 00:55:56;10630;91;27.7;24.8;2.612;1.512;0.974;1.767;0.006;1.099;10631
B315F1;2015/03/01 00:56:06;10631;85;29.3;24.4;2.732;1.512;0.980;1.767;0.006;1.132;10632
B315F1;2015/03/01 00:56:16;10632;78;33.2;25.0;2.796;1.467;0.980;1.767;0.006;1.138;10633
B315F1;2015/03/01 00:56:26;10633;86;28.7;23.9;2.654;1.467;0.919;1.767;0.006;1.129;10634
B315F1;2015/03/01 00:56:36;10634;94;30.6;24.6;2.841;1.483;0.919;1.774;0.006;1.129;10635
B315F1;2015/03/01 00:56:46;10635;93;31.6;24.8;2.851;1.483;0.919;1.774;0.006;1.122;10636
B315F1;2015/03/01 00:56:56;10636;92;28.3;24.3;2.625;1.483;0.919;1.774;0.006;1.112;10637
B315F1;2015/03/01 00:57:06;10637;89;33.2;24.6;2.629;1.483;0.925;1.774;0.006;1.129;10638
B315F1;2015/03/01 00:57:16;10638;93;29.6;24.3;2.835;1.474;0.925;1.800;0.006;1.106;10639
B315F1;2015/03/01 00:57:26;10639;89;28.7;24.4;2.774;1.474;0.922;1.800;0.006;1.129;10640
B315F1;2015/03/01 00:57:36;10640;91;27.4;25.0;2.638;1.474;0.922;1.800;0.000;1.109;10641
B315F1;2015/03/01 00:57:46;10641;84;29.6;24.8;2.680;1.474;0.929;1.800;0.000;1.148;10642
B315F1;2015/03/01 00:57:56;10642;93;30.0;24.3;2.612;1.519;0.929;1.780;0.000;1.109;10643
B315F1;2015/03/01 00:58:06;10643;94;28.7;24.8;2.641;1.519;0.954;1.780;0.000;1.145;10644
B315F1;2015/03/01 00:58:16;10644;93;31.2;24.3;2.816;1.538;0.954;1.780;0.009;1.151;10645
B315F1;2015/03/01 00:58:26;10645;88;33.2;24.8;2.851;1.538;0.951;1.780;0.009;1.106;10646
B315F1;2015/03/01 00:58:36;10646;88;25.8;24.8;2.632;1.516;0.951;1.848;0.009;1.116;10647
B315F1;2015/03/01 00:58:46;10647;87;25.4;25.0;2.651;1.516;0.945;1.848;0.009;1.106;10648
B315F1;2015/03/01 00:58:56;10648;93;25.4;24.8;2.619;1.529;0.945;1.848;0.000;1.135;10649
B315F1;2015/03/01 00:59:06;10649;94;28.3;24.8;2.845;1.529;0.948;1.848;0.000;1.112;10650
B315F1;2015/03/01 00:59:16;10650;88;25.8;24.6;2.603;1.512;0.948;1.825;0.000;1.112;10651
B315F1;2015/03/01 00:59:26;10651;81;26.1;25.1;2.683;1.512;0.993;1.825;0.000;1.122;10652
B315F1;2015/03/01 00:59:36;10652;85;29.6;25.0;2.835;1.509;0.993;1.825;0.000;1.122;10653
B315F1;2015/03/01 00:59:46;10653;83;27.4;24.1;2.835;1.509;0.964;1.825;0.000;1.138;10654
B315F1;2015/03/01 00:59:56;10654;78;25.8;25.1;2.709;1.532;0.964;1.841;0.000;1.129;10655
B315F1;2015/03/01 01:00:06;10655;78;28.3;25.3;2.664;1.532;0.970;1.841;0.000;1.148;10656
B315F1;2015/03/01 01:00:16;10656;84;27.7;24.6;2.848;1.529;0.970;1.841;0.054;1.109;10657
B315F1;2015/03/01 01:00:26;10657;87;25.1;25.0;2.632;1.529;0.987;1.841;0.054;1.096;10658
B315F1;2015/03/01 01:00:36;10658;82;25.1;25.1;2.787;1.496;0.987;1.809;0.054;1.132;10659
B315F1;2015/03/01 01:00:46;10659;87;25.1;25.3;2.632;1.496;0.951;1.809;0.054;1.129;10660
B315F1;2015/03/01 01:00:56;10660;86;29.0;25.3;2.822;1.525;0.951;1.809;0.006;1.112;10661
B315F1;2015/03/01 01:01:06;10661;74;25.1;25.1;2.635;1.525;0.945;1.809;0.006;1.103;10662
B315F1;2015/03/01 01:01:16;10662;79;27.0;24.8;2.606;1.493;0.945;1.845;0.006;1.132;10663
B315F1;2015/03/01 01:01:26;10663;83;31.6;25.5;2.812;1.493;0.938;1.845;0.006;1.151;10664
B315F1;2015/03/01 01:01:36;10664;88;25.1;25.1;2.612;1.509;0.938;1.845;0.000;1.129;10665
B315F1;2015/03/01 01:01:46;10665;84;28.7;24.4;2.658;1.509;0.941;1.845;0.000;1.103;10666
B315F1;2015/03/01 01:01:56;10666;93;30.0;25.3;2.603;1.509;0.941;1.861;0.000;1.129;10667
B315F1;2015/03/01 01:02:06;10667;74;31.9;25.5;2.622;1.509;0.941;1.861;0.000;1.096;10668
B315F1;2015/03/01 01:02:16;10668;90;29.3;25.8;2.703;1.525;0.941;1.861;0.000;1.106;10669
B315F1;2015/03/01 01:02:26;10669;89;25.1;25.5;2.712;1.525;0.951;1.861;0.000;1.129;10670
B315F1;2015/03/01 01:02:36;10670;93;27.0;25.5;2.641;1.503;0.951;1.903;0.000;1.151;10671
B315F1;2015/03/01 01:02:46;10671;83;28.7;24.6;2.738;1.503;0.983;1.903;0.000;1.112;10672
B315F1;2015/03/01 01:02:56;10672;86;29.3;25.3;2.841;1.529;0.983;1.903;0.006;1.122;10673
B315F1;2015/03/01 01:03:06;10673;89;25.4;25.5;2.654;1.529;0.925;1.903;0.006;1.106;10674
B315F1;2015/03/01 01:03:16;10674;75;30.6;24.8;2.732;1.490;0.925;1.864;0.006;1.116;10675
B315F1;2015/03/01 01:03:26;10675;87;28.3;25.3;2.654;1.490;0.941;1.864;0.006;1.122;10676
B315F1;2015/03/01 01:03:36;10676;81;27.4;25.1;2.648;1.483;0.941;1.864;0.009;1.132;10677
B315F1;2015/03/01 01:03:46;10677;83;25.1;25.7;2.732;1.483;0.925;1.864;0.009;1.109;10678
B315F1;2015/03/01 01:03:56;10678;89;25.4;25.0;2.612;1.535;0.925;1.864;0.009;1.109;10679
B315F1;2015/03/01 01:04:06;10679;89;27.0;25.3;2.803;1.535;0.974;1.864;0.009;1.093;10680
B315F1;2015/03/01 01:04:16;10680;83;30.9;25.3;2.612;1.490;0.974;1.864;0.006;1.116;10681
B315F1;2015/03/01 01:04:26;10681;85;28.7;24.8;2.764;1.490;0.948;1.864;0.006;1.119;10682
B315F1;2015/03/01 01:04:36;10682;86;29.3;25.1;2.680;1.500;0.948;1.880;0.006;1.103;10683
B315F1;2015/03/01 01:04:46;10683;74;29.6;25.0;2.777;1.500;0.941;1.880;0.006;1.132;10684
B315F1;2015/03/01 01:04:56;10684;87;28.7;25.5;2.783;1.503;0.941;1.880;0.009;1.103;10685
B315F1;2015/03/01 01:05:06;10685;91;30.6;25.0;2.816;1.503;0.951;1.880;0.009;1.122;10686
B315F1;2015/03/01 01:05:16;10686;87;28.3;25.0;2.841;1.516;0.951;1.919;0.009;1.109;10687
B315F1;2015/03/01 01:05:26;10687;90;27.7;25.0;2.829;1.516;0.951;1.919;0.009;1.099;10688
B315F1;2015/03/01 01:05:36;10688;88;29.3;25.1;2.829;1.516;0.951;1.919;0.006;1.119;10689
B315F1;2015/03/01 01:05:46;10689;81;26.1;25.8;2.651;1.516;0.938;1.919;0.006;1.122;10690
B315F1;2015/03/01 01:05:56;10690;86;30.6;25.3;2.741;1.551;0.938;1.919;0.006;1.135;10691
B315F1;2015/03/01 01:06:06;10691;79;30.9;25.5;2.638;1.551;0.961;1.919;0.006;1.099;10692
B315F1;2015/03/01 01:06:16;10692;91;29.6;25.0;2.835;1.506;0.961;1.919;0.000;1.090;10693
B315F1;2015/03/01 01:06:26;10693;88;25.1;25.3;2.638;1.506;0.977;1.919;0.000;1.087;10694
B315F1;2015/03/01 01:06:36;10694;90;27.4;25.1;2.764;1.503;0.977;1.854;0.000;1.093;10695
B315F1;2015/03/01 01:06:46;10695;88;29.3;25.7;2.612;1.503;0.922;1.854;0.000;1.093;10696
B315F1;2015/03/01 01:06:56;10696;85;29.0;25.8;2.667;1.506;0.922;1.854;0.009;1.090;10697
B315F1;2015/03/01 01:07:06;10697;80;27.0;25.8;2.622;1.506;0.983;1.854;0.009;1.125;10698
B315F1;2015/03/01 01:07:16;10698;87;30.0;24.8;2.790;1.496;0.983;1.832;0.009;1.093;10699
B315F1;2015/03/01 01:07:26;10699;86;27.7;25.3;2.719;1.496;0.925;1.832;0.009;1.119;10700
B315F1;2015/03/01 01:07:36;10700;92;26.4;25.5;2.632;1.535;0.925;1.832;0.000;1.116;10701
B315F1;2015/03/01 01:07:46;10701;91;26.1;25.7;2.645;1.535;0.990;1.832;0.000;1.099;10702
B315F1;2015/03/01 01:07:56;10702;91;30.0;26.0;2.809;1.541;0.990;1.867;0.000;1.122;10703
B315F1;2015/03/01 01:08:06;10703;87;27.7;25.0;2.819;1.541;0.961;1.867;0.000;1.145;10704
B315F1;2015/03/01 01:08:16;10704;84;28.3;25.3;2.845;1.541;0.961;1.867;0.000;1.112;10705
B315F1;2015/03/01 01:08:26;10705;93;29.3;25.5;2.838;1.541;0.958;1.867;0.000;1.096;10706
B315F1;2015/03/01 01:08:36;10706;84;30.0;25.3;2.829;1.545;0.958;1.874;0.000;1.125;10707
B315F1;2015/03/01 01:08:46;10707;80;29.3;24.6;2.845;1.545;0.935;1.874;0.000;1.109;10708
B315F1;2015/03/01 01:08:56;10708;90;25.8;25.7;2.654;1.506;0.935;1.874;0.006;1.129;10709
B315F1;2015/03/01 01:09:06;10709;90;29.3;25.0;2.845;1.506;0.932;1.874;0.006;1.103;10710
B315F1;2015/03/01 01:09:16;10710;96;26.4;25.5;2.687;1.480;0.932;1.809;0.006;1.145;10711
B315F1;2015/03/01 01:09:26;10711;88;25.4;25.5;2.638;1.480;0.916;1.809;0.006;1.148;10712
B315F1;2015/03/01 01:09:36;10712;92;26.4;25.1;2.632;1.496;0.916;1.809;0.000;1.099;10713
B315F1;2015/03/01 01:09:46;10713;81;30.3;25.3;2.758;1.496;0.951;1.809;0.000;1.141;10714
B315F1;2015/03/01 01:09:56;10714;92;31.2;24.6;2.835;1.500;0.951;1.783;0.000;1.096;10715
B315F1;2015/03/01 01:10:06;10715;83;30.6;25.0;2.812;1.500;0.961;1.783;0.000;1.116;10716
B315F1;2015/03/01 01:10:16;10716;89;29.6;24.6;2.841;1.483;0.961;1.783;0.000;1.112;10717
B315F1;2015/03/01 01:10:26;10717;89;31.9;25.0;2.816;1.483;0.925;1.783;0.000;1.096;10718
B315F1;2015/03/01 01:10:36;10718;85;31.9;25.0;2.609;1.516;0.925;1.819;0.000;1.116;10719
B315F1;2015/03/01 01:10:46;10719;82;29.0;26.0;2.658;1.516;0.935;1.819;0.000;1.106;10720
B315F1;2015/03/01 01:10:56;10720;95;33.2;25.7;2.764;1.509;0.935;1.819;0.016;1.106;10721
B315F1;2015/03/01 01:11:06;10721;82;32.2;25.1;2.825;1.509;0.919;1.819;0.016;1.125;10722
B315F1;2015/03/01 01:11:16;10722;88;25.1;25.1;2.661;1.516;0.919;1.819;0.016;1.119;10723
B315F1;2015/03/01 01:11:26;10723;81;27.0;25.1;2.693;1.516;0.958;1.819;0.016;1.093;10724
B315F1;2015/03/01 01:11:36;10724;89;30.6;25.0;2.841;1.506;0.958;1.819;0.000;1.083;10725
B315F1;2015/03/01 01:11:46;10725;88;30.3;25.0;2.809;1.506;0.922;1.819;0.000;1.096;10726
B315F1;2015/03/01 01:11:56;10726;89;25.1;25.7;2.603;1.496;0.922;1.829;0.000;1.119;10727
B315F1;2015/03/01 01:12:06;10727;80;25.8;25.3;2.629;1.496;0.948;1.829;0.000;1.087;10728
B315F1;2015/03/01 01:12:16;10728;91;31.9;25.5;2.816;1.496;0.948;1.829;0.006;1.093;10729
B315F1;2015/03/01 01:12:26;10729;87;27.7;25.8;2.651;1.496;0.938;1.829;0.006;1.138;10730
B315F1;2015/03/01 01:12:36;10730;88;27.7;25.0;2.848;1.500;0.938;1.819;0.006;1.106;10731
B315F1;2015/03/01 01:12:46;10731;86;27.4;25.7;2.829;1.500;0.935;1.819;0.006;1.083;10732
B315F1;2015/03/01 01:12:56;10732;89;32.5;25.8;2.638;1.496;0.935;1.819;0.006;1.093;10733
B315F1;2015/03/01 01:13:06;10733;93;27.0;25.7;2.612;1.496;0.987;1.819;0.006;1.096;10734
B315F1;2015/03/01 01:13:16;10734;83;27.7;26.0;2.654;1.506;0.987;1.835;0.006;1.096;10735
B315F1;2015/03/01 01:13:26;10735;80;25.1;25.7;2.635;1.506;0.941;1.835;0.006;1.099;10736
B315F1;2015/03/01 01:13:36;10736;91;29.0;25.3;2.796;1.538;0.941;1.835;0.041;1.093;10737
B315F1;2015/03/01 01:13:46;10737;90;26.7;25.1;2.725;1.538;0.967;1.835;0.041;1.093;10738
B315F1;2015/03/01 01:13:56;10738;95;30.9;26.7;2.822;1.503;0.967;1.809;0.041;1.103;10739
B315F1;2015/03/01 01:14:06;10739;93;29.6;25.5;2.851;1.503;1.000;1.809;0.041;1.106;10740
B315F1;2015/03/01 01:14:16;10740;89;26.1;26.0;2.638;1.512;1.000;1.809;0.006;1.106;10741
B315F1;2015/03/01 01:14:26;10741;89;25.1;25.7;2.638;1.512;0.967;1.809;0.006;1.138;10742
B315F1;2015/03/01 01:14:36;10742;81;29.0;26.3;2.816;1.509;0.967;1.812;0.006;1.112;10743
B315F1;2015/03/01 01:14:46;10743;85;27.4;25.0;2.819;1.509;0.987;1.812;0.006;1.109;10744
B315F1;2015/03/01 01:14:56;10744;91;30.0;25.8;2.809;1.519;0.987;1.812;0.000;1.099;10745
B315F1;2015/03/01 01:15:06;10745;89;32.2;25.7;2.635;1.519;0.970;1.812;0.000;1.141;10746
B315F1;2015/03/01 01:15:16;10746;84;25.1;25.7;2.670;1.522;0.970;1.793;0.000;1.132;10747
B315F1;2015/03/01 01:15:26;10747;81;29.0;25.3;2.619;1.522;1.009;1.793;0.000;1.116;10748
B315F1;2015/03/01 01:15:36;10748;89;30.3;25.8;2.706;1.535;1.009;1.793;0.000;1.093;10749
B315F1;2015/03/01 01:15:46;10749;80;27.0;26.5;2.667;1.535;0.967;1.793;0.000;1.103;10750
B315F1;2015/03/01 01:15:56;10750;80;28.7;26.0;2.661;1.519;0.967;1.829;0.000;1.109;10751
B315F1;2015/03/01 01:16:06;10751;88;26.1;26.2;2.654;1.519;0.983;1.829;0.000;1.132;10752
B315F1;2015/03/01 01:16:16;10752;80;27.4;25.8;2.635;1.535;0.983;1.829;0.000;1.116;10753
B315F1;2015/03/01 01:16:26;10753;88;30.9;25.5;2.803;1.535;1.029;1.829;0.000;1.119;10754
B315F1;2015/03/01 01:16:36;10754;96;26.1;25.5;2.632;1.522;1.029;1.812;0.000;1.099;10755
B315F1;2015/03/01 01:16:46;10755;85;27.0;25.1;2.803;1.522;0.983;1.812;0.000;1.125;10756
B315F1;2015/03/01 01:16:56;10756;93;28.3;25.3;2.841;1.545;0.983;1.812;0.016;1.112;10757
B315F1;2015/03/01 01:17:06;10757;82;31.9;25.5;2.812;1.545;0.987;1.812;0.016;1.099;10758
B315F1;2015/03/01 01:17:16;10758;93;27.7;25.5;2.635;1.561;0.987;1.845;0.016;1.099;10759
B315F1;2015/03/01 01:17:26;10759;81;29.3;25.3;2.845;1.561;0.990;1.845;0.016;1.103;10760
B315F1;2015/03/01 01:17:36;10760;83;30.3;25.8;2.703;1.522;0.990;1.845;0.000;1.093;10761
B315F1;2015/03/01 01:17:46;10761;89;32.5;25.1;2.751;1.522;0.958;1.845;0.000;1.135;10762
B315F1;2015/03/01 01:17:56;10762;88;26.1;26.2;2.629;1.509;0.958;1.787;0.000;1.096;10763
B315F1;2015/03/01 01:18:06;10763;93;25.1;26.2;2.635;1.509;1.003;1.787;0.000;1.112;10764
B315F1;2015/03/01 01:18:16;10764;90;29.6;25.5;2.699;1.503;1.003;1.787;0.000;1.093;10765
B315F1;2015/03/01 01:18:26;10765;82;25.1;26.0;2.664;1.503;0.964;1.787;0.000;1.096;10766
B315F1;2015/03/01 01:18:36;10766;86;27.4;25.7;2.619;1.525;0.964;1.767;0.000;1.135;10767
B315F1;2015/03/01 01:18:46;10767;94;27.4;25.0;2.725;1.525;0.951;1.767;0.000;1.122;10768
B315F1;2015/03/01 01:18:56;10768;87;29.3;26.0;2.812;1.516;0.951;1.767;0.016;1.138;10769
B315F1;2015/03/01 01:19:06;10769;75;25.1;25.7;2.632;1.516;0.993;1.767;0.016;1.145;10770
B315F1;2015/03/01 01:19:16;10770;83;28.7;25.8;2.777;1.496;0.993;1.748;0.016;1.138;10771
B315F1;2015/03/01 01:19:26;10771;89;26.1;25.7;2.664;1.496;0.990;1.748;0.016;1.090;10772
B315F1;2015/03/01 01:19:36;10772;89;26.4;25.7;2.667;1.512;0.990;1.748;0.006;1.090;10773
B315F1;2015/03/01 01:19:46;10773;88;27.4;25.7;2.612;1.512;0.935;1.748;0.006;1.090;10774
B315F1;2015/03/01 01:19:56;10774;95;27.4;25.7;2.761;1.503;0.935;1.809;0.006;1.135;10775
B315F1;2015/03/01 01:20:06;10775;88;27.4;25.1;2.703;1.503;0.964;1.809;0.006;1.099;10776
B315F1;2015/03/01 01:20:16;10776;81;26.4;25.5;2.819;1.493;0.964;1.809;0.006;1.116;10777
B315F1;2015/03/01 01:20:26;10777;83;31.6;25.8;2.635;1.493;0.938;1.809;0.006;1.125;10778
B315F1;2015/03/01 01:20:36;10778;93;30.6;25.7;2.809;1.506;0.938;1.825;0.006;1.129;10779
B315F1;2015/03/01 01:20:46;10779;87;33.2;26.2;2.851;1.506;0.945;1.825;0.006;1.141;10780
B315F1;2015/03/01 01:20:56;10780;84;27.4;25.5;2.632;1.529;0.945;1.825;0.000;1.122;10781
B315F1;2015/03/01 01:21:06;10781;92;29.0;26.0;2.777;1.529;0.990;1.825;0.000;1.138;10782
B315F1;2015/03/01 01:21:16;10782;86;25.8;25.8;2.664;1.538;0.990;1.932;0.000;1.122;10783
B315F1;2015/03/01 01:21:26;10783;89;29.3;25.7;2.845;1.538;0.961;1.932;0.000;1.138;10784
B315F1;2015/03/01 01:21:36;10784;91;30.3;26.2;2.741;1.548;0.961;1.932;0.000;1.116;10785
B315F1;2015/03/01 01:21:46;10785;87;32.5;25.5;2.777;1.548;0.983;1.932;0.000;1.109;10786
B315F1;2015/03/01 01:21:56;10786;95;25.8;26.2;2.629;1.541;0.983;1.867;0.000;1.096;10787
B315F1;2015/03/01 01:22:06;10787;93;29.6;25.8;2.845;1.541;0.958;1.867;0.000;1.116;10788
B315F1;2015/03/01 01:22:16;10788;83;26.4;25.8;2.819;1.545;0.958;1.867;0.000;1.145;10789
B315F1;2015/03/01 01:22:26;10789;91;29.6;26.0;2.851;1.545;1.000;1.867;0.000;1.093;10790
B315F1;2015/03/01 01:22:36;10790;84;28.7;25.8;2.783;1.535;1.000;1.887;0.000;1.099;10791
B315F1;2015/03/01 01:22:46;10791;91;32.5;25.7;2.777;1.535;1.009;1.887;0.000;1.112;10792
B315F1;2015/03/01 01:22:56;10792;92;25.1;25.7;2.612;1.548;1.009;1.887;0.016;1.109;10793
B315F1;2015/03/01 01:23:06;10793;92;30.0;26.0;2.648;1.548;1.016;1.887;0.016;1.116;10794
B315F1;2015/03/01 01:23:16;10794;94;31.9;26.2;2.751;1.561;1.016;1.887;0.016;1.135;10795
B315F1;2015/03/01 01:23:26;10795;90;27.4;25.8;2.719;1.561;0.977;1.887;0.016;1.109;10796
B315F1;2015/03/01 01:23:36;10796;83;29.0;26.0;2.835;1.564;0.977;1.887;0.000;1.138;10797
B315F1;2015/03/01 01:23:46;10797;83;29.3;25.5;2.851;1.564;0.970;1.887;0.000;1.112;10798
B315F1;2015/03/01 01:23:56;10798;88;25.8;26.0;2.638;1.570;0.970;1.841;0.000;1.103;10799
B315F1;2015/03/01 01:24:06;10799;80;25.1;26.0;2.716;1.570;1.016;1.841;0.000;1.112;10800
B315F1;2015/03/01 01:24:16;10800;83;30.0;25.8;2.819;1.551;1.016;1.841;0.016;1.096;10801
B315F1;2015/03/01 01:24:26;10801;86;27.7;25.5;2.725;1.551;0.983;1.841;0.016;1.132;10802
B315F1;2015/03/01 01:24:36;10802;91;32.5;25.8;2.693;1.567;0.983;1.858;0.016;1.122;10803
B315F1;2015/03/01 01:24:46;10803;85;28.7;25.5;2.764;1.567;0.954;1.858;0.016;1.129;10804
B315F1;2015/03/01 01:24:56;10804;86;27.7;26.0;2.651;1.532;0.954;1.858;0.067;1.129;10805
B315F1;2015/03/01 01:25:06;10805;89;24.8;26.3;2.845;1.532;0.945;1.858;0.067;1.093;10806
B315F1;2015/03/01 01:25:16;10806;87;31.9;26.0;2.612;1.516;0.945;1.829;0.067;1.090;10807
B315F1;2015/03/01 01:25:26;10807;91;27.7;25.8;2.641;1.516;0.948;1.829;0.067;1.122;10808
B315F1;2015/03/01 01:25:36;10808;78;29.0;25.7;2.841;1.554;0.948;1.829;0.000;1.129;10809
B315F1;2015/03/01 01:25:46;10809;80;31.6;26.2;2.812;1.554;0.996;1.829;0.000;1.096;10810
B315F1;2015/03/01 01:25:56;10810;88;26.4;26.2;2.612;1.535;0.996;1.932;0.000;1.135;10811
B315F1;2015/03/01 01:26:06;10811;88;32.5;25.5;2.732;1.535;0.993;1.932;0.000;1.087;10812
B315F1;2015/03/01 01:26:16;10812;83;25.4;25.8;2.619;1.554;0.993;1.932;0.016;1.132;10813
B315F1;2015/03/01 01:26:26;10813;87;29.3;26.2;2.832;1.554;0.941;1.932;0.016;1.125;10814
B315F1;2015/03/01 01:26:36;10814;84;25.8;25.8;2.651;1.558;0.941;1.877;0.016;1.106;10815
B315F1;2015/03/01 01:26:46;10815;78;25.8;26.2;2.641;1.558;0.935;1.877;0.016;1.116;10816
B315F1;2015/03/01 01:26:56;10816;88;30.9;27.4;2.809;1.529;0.935;1.877;0.006;1.099;10817
B315F1;2015/03/01 01:27:06;10817;85;31.2;25.8;2.816;1.529;0.932;1.877;0.006;1.106;10818
B315F1;2015/03/01 01:27:16;10818;91;30.6;26.3;2.841;1.538;0.932;1.896;0.006;1.132;10819
B315F1;2015/03/01 01:27:26;10819;93;25.1;26.3;2.645;1.538;0.983;1.896;0.006;1.132;10820
B315F1;2015/03/01 01:27:36;10820;81;28.0;26.3;2.783;1.525;0.983;1.896;0.000;1.103;10821
B315F1;2015/03/01 01:27:46;10821;89;27.0;25.5;2.835;1.525;0.987;1.896;0.000;1.080;10822
B315F1;2015/03/01 01:27:56;10822;88;26.4;25.8;2.632;1.516;0.987;1.835;0.000;1.096;10823
B315F1;2015/03/01 01:28:06;10823;80;29.6;26.3;2.612;1.516;0.983;1.835;0.000;1.125;10824
B315F1;2015/03/01 01:28:16;10824;86;29.6;26.0;2.670;1.548;0.983;1.835;0.022;1.116;10825
B315F1;2015/03/01 01:28:26;10825;93;25.1;26.7;2.638;1.548;0.948;1.835;0.022;1.083;10826
B315F1;2015/03/01 01:28:36;10826;80;30.0;27.4;2.816;1.512;0.948;1.867;0.022;1.103;10827
B315F1;2015/03/01 01:28:46;10827;89;27.0;26.3;2.625;1.512;0.932;1.867;0.022;1.103;10828
B315F1;2015/03/01 01:28:56;10828;90;26.4;26.3;2.619;1.529;0.932;1.867;0.006;1.116;10829
B315F1;2015/03/01 01:29:06;10829;93;31.2;26.2;2.829;1.529;0.954;1.867;0.006;1.119;10830
B315F1;2015/03/01 01:29:16;10830;75;30.9;25.8;2.845;1.509;0.954;1.793;0.006;1.154;10831
B315F1;2015/03/01 01:29:26;10831;94;25.8;26.3;2.632;1.509;0.961;1.793;0.006;1.129;10832
B315F1;2015/03/01 01:29:36;10832;88;29.0;26.7;2.796;1.519;0.961;1.793;0.000;1.135;10833
B315F1;2015/03/01 01:29:46;10833;93;29.6;25.8;2.638;1.519;0.941;1.793;0.000;1.109;10834
B315F1;2015/03/01 01:29:56;10834;92;31.2;26.9;2.812;1.516;0.941;1.777;0.000;1.125;10835
B315F1;2015/03/01 01:30:06;10835;80;25.4;26.3;2.635;1.516;0.987;1.777;0.000;1.151;10836
B315F1;2015/03/01 01:30:16;10836;84;27.0;26.2;2.622;1.506;0.987;1.777;0.009;1.129;10837
B315F1;2015/03/01 01:30:26;10837;83;26.7;26.0;2.654;1.506;0.948;1.777;0.009;1.112;10838
B315F1;2015/03/01 01:30:36;10838;85;28.7;26.2;2.661;1.541;0.948;1.800;0.009;1.116;10839
B315F1;2015/03/01 01:30:46;10839;89;30.6;26.2;2.838;1.541;0.951;1.800;0.009;1.135;10840
B315F1;2015/03/01 01:30:56;10840;81;27.4;26.0;2.651;1.538;0.951;1.800;0.000;1.112;10841
B315F1;2015/03/01 01:31:06;10841;88;25.4;26.0;2.641;1.538;0.945;1.800;0.000;1.141;10842
B315F1;2015/03/01 01:31:16;10842;84;29.3;26.2;2.693;1.516;0.945;1.822;0.000;1.109;10843
B315F1;2015/03/01 01:31:26;10843;91;29.3;25.7;2.832;1.516;0.945;1.822;0.000;1.141;10844
B315F1;2015/03/01 01:31:36;10844;93;26.1;25.8;2.606;1.529;0.945;1.822;0.000;1.096;10845
B315F1;2015/03/01 01:31:46;10845;87;29.3;25.1;2.770;1.529;0.996;1.822;0.000;1.122;10846
B315F1;2015/03/01 01:31:56;10846;84;31.2;26.0;2.729;1.532;0.996;1.819;0.000;1.135;10847
B315F1;2015/03/01 01:32:06;10847;94;29.3;26.3;2.838;1.532;0.941;1.819;0.000;1.135;10848
B315F1;2015/03/01 01:32:16;10848;84;25.4;26.2;2.619;1.506;0.941;1.819;0.009;1.099;10849
B315F1;2015/03/01 01:32:26;10849;87;26.7;26.5;2.664;1.506;0.964;1.819;0.009;1.112;10850
B315F1;2015/03/01 01:32:36;10850;84;27.7;26.0;2.845;1.529;0.964;1.835;0.009;1.096;10851
B315F1;2015/03/01 01:32:46;10851;78;27.4;26.0;2.680;1.529;0.993;1.835;0.009;1.087;10852
B315F1;2015/03/01 01:32:56;10852;83;27.0;26.3;2.635;1.541;0.993;1.835;0.000;1.083;10853
B315F1;2015/03/01 01:33:06;10853;93;25.8;26.3;2.777;1.541;0.967;1.835;0.000;1.083;10854
B315F1;2015/03/01 01:33:16;10854;88;29.3;26.5;2.829;1.532;0.967;1.825;0.000;1.125;10855
B315F1;2015/03/01 01:33:26;10855;83;30.6;26.3;2.845;1.532;0.967;1.825;0.000;1.109;10856
B315F1;2015/03/01 01:33:36;10856;85;29.0;26.5;2.825;1.532;0.967;1.825;0.022;1.116;10857
B315F1;2015/03/01 01:33:46;10857;78;29.0;26.3;2.661;1.532;0.961;1.825;0.022;1.103;10858
B315F1;2015/03/01 01:33:56;10858;95;31.2;26.0;2.819;1.551;0.961;1.845;0.022;1.138;10859
B315F1;2015/03/01 01:34:06;10859;87;30.3;26.0;2.648;1.551;0.945;1.845;0.022;1.103;10860
B315F1;2015/03/01 01:34:16;10860;87;26.4;26.3;2.619;1.512;0.945;1.845;0.006;1.106;10861
B315F1;2015/03/01 01:34:26;10861;77;29.3;26.0;2.825;1.512;0.958;1.845;0.006;1.099;10862
B315F1;2015/03/01 01:34:36;10862;88;26.4;26.0;2.645;1.532;0.958;1.848;0.006;1.148;10863
B315F1;2015/03/01 01:34:46;10863;87;30.0;26.2;2.838;1.532;1.029;1.848;0.006;1.106;10864
B315F1;2015/03/01 01:34:56;10864;93;25.8;26.2;2.632;1.551;1.029;1.848;0.000;1.129;10865
B315F1;2015/03/01 01:35:06;10865;89;29.0;26.2;2.612;1.551;0.970;1.848;0.000;1.138;10866
B315F1;2015/03/01 01:35:16;10866;91;26.4;26.3;2.612;1.567;0.970;1.819;0.000;1.141;10867
B315F1;2015/03/01 01:35:26;10867;89;25.4;26.7;2.629;1.567;1.032;1.819;0.000;1.138;10868
B315F1;2015/03/01 01:35:36;10868;88;27.7;25.8;2.819;1.580;1.032;1.819;0.016;1.129;10869
B315F1;2015/03/01 01:35:46;10869;85;29.0;26.2;2.825;1.580;0.983;1.819;0.016;1.099;10870
B315F1;2015/03/01 01:35:56;10870;87;27.7;25.7;2.629;1.558;0.983;1.858;0.016;1.125;10871
B315F1;2015/03/01 01:36:06;10871;83;29.3;26.2;2.693;1.558;0.980;1.858;0.016;1.138;10872
B315F1;2015/03/01 01:36:16;10872;82;25.4;26.3;2.612;1.548;0.980;1.858;0.009;1.109;10873
B315F1;2015/03/01 01:36:26;10873;94;27.4;25.7;2.699;1.548;1.035;1.858;0.009;1.112;10874
B315F1;2015/03/01 01:36:36;10874;90;26.7;26.2;2.825;1.541;1.035;1.838;0.009;1.112;10875
B315F1;2015/03/01 01:36:46;10875;78;29.6;26.5;2.812;1.541;0.970;1.838;0.009;1.109;10876
B315F1;2015/03/01 01:36:56;10876;94;28.0;26.7;2.770;1.567;0.970;1.838;0.006;1.122;10877
B315F1;2015/03/01 01:37:06;10877;86;31.2;26.2;2.835;1.567;0.987;1.838;0.006;1.145;10878
B315F1;2015/03/01 01:37:16;10878;78;26.4;26.7;2.616;1.596;0.987;1.867;0.006;1.132;10879
B315F1;2015/03/01 01:37:26;10879;85;30.6;26.2;2.796;1.596;1.061;1.867;0.006;1.154;10880
B315F1;2015/03/01 01:37:36;10880;83;28.0;26.2;2.625;1.583;1.061;1.867;0.006;1.151;10881
B315F1;2015/03/01 01:37:46;10881;87;26.1;26.9;2.651;1.583;1.000;1.867;0.006;1.116;10882
B315F1;2015/03/01 01:37:56;10882;94;29.3;26.0;2.803;1.541;1.000;1.777;0.006;1.154;10883
B315F1;2015/03/01 01:38:06;10883;84;26.1;26.2;2.690;1.541;1.022;1.777;0.006;1.135;10884
B315F1;2015/03/01 01:38:16;10884;82;27.7;26.2;2.651;1.561;1.022;1.777;0.000;1.119;10885
B315F1;2015/03/01 01:38:26;10885;87;28.7;25.8;2.758;1.561;0.967;1.777;0.000;1.109;10886
B315F1;2015/03/01 01:38:36;10886;86;30.3;26.2;2.741;1.554;0.967;1.767;0.000;1.132;10887
B315F1;2015/03/01 01:38:46;10887;87;26.1;26.5;2.629;1.554;0.954;1.767;0.000;1.138;10888
B315F1;2015/03/01 01:38:56;10888;85;25.1;26.2;2.603;1.512;0.954;1.767;0.035;1.116;10889
B315F1;2015/03/01 01:39:06;10889;79;29.0;25.8;2.764;1.512;0.990;1.767;0.035;1.129;10890
B315F1;2015/03/01 01:39:16;10890;78;30.6;26.3;2.764;1.516;0.990;1.758;0.035;1.112;10891
B315F1;2015/03/01 01:39:26;10891;87;30.0;26.7;2.819;1.516;1.000;1.758;0.035;1.106;10892
B315F1;2015/03/01 01:39:36;10892;79;32.5;26.5;2.667;1.532;1.000;1.758;0.035;1.099;10893
B315F1;2015/03/01 01:39:46;10893;88;28.0;26.3;2.832;1.532;0.974;1.758;0.035;1.090;10894
B315F1;2015/03/01 01:39:56;10894;85;27.4;26.5;2.635;1.541;0.974;1.712;0.035;1.096;10895
B315F1;2015/03/01 01:40:06;10895;91;32.5;26.0;2.764;1.541;0.945;1.712;0.035;1.125;10896
B315F1;2015/03/01 01:40:16;10896;86;28.7;26.3;2.838;1.519;0.945;1.712;0.000;1.096;10897
B315F1;2015/03/01 01:40:26;10897;88;26.1;26.3;2.616;1.519;0.945;1.712;0.000;1.112;10898
B315F1;2015/03/01 01:40:36;10898;91;29.3;26.9;2.812;1.516;0.945;1.767;0.000;1.129;10899
B315F1;2015/03/01 01:40:46;10899;87;29.6;26.3;2.603;1.516;0.935;1.767;0.000;1.119;10900
B315F1;2015/03/01 01:40:56;10900;78;31.9;26.9;2.841;1.490;0.935;1.767;0.000;1.087;10901
B315F1;2015/03/01 01:41:06;10901;86;29.6;26.7;2.783;1.490;0.932;1.767;0.000;1.090;10902
B315F1;2015/03/01 01:41:16;10902;80;25.1;26.7;2.600;1.503;0.932;1.770;0.000;1.129;10903
B315F1;2015/03/01 01:41:26;10903;88;26.1;26.7;2.648;1.503;0.948;1.770;0.000;1.112;10904
B315F1;2015/03/01 01:41:36;10904;83;27.0;26.7;2.625;1.525;0.948;1.770;0.000;1.093;10905
B315F1;2015/03/01 01:41:46;10905;88;29.3;26.7;2.790;1.525;0.951;1.770;0.000;1.096;10906
B315F1;2015/03/01 01:41:56;10906;87;29.0;26.9;2.790;1.500;0.951;1.738;0.000;1.099;10907
B315F1;2015/03/01 01:42:06;10907;87;31.9;26.5;2.619;1.500;0.948;1.738;0.000;1.106;10908
B315F1;2015/03/01 01:42:16;10908;88;27.7;26.3;2.651;1.548;0.948;1.738;0.003;1.132;10909
B315F1;2015/03/01 01:42:26;10909;84;26.4;26.7;2.651;1.548;1.025;1.738;0.003;1.093;10910
B315F1;2015/03/01 01:42:36;10910;78;31.2;26.0;2.606;1.529;1.025;1.803;0.003;1.096;10911
B315F1;2015/03/01 01:42:46;10911;93;28.7;26.5;2.667;1.529;1.016;1.803;0.003;1.119;10912
B315F1;2015/03/01 01:42:56;10912;94;25.1;26.5;2.654;1.541;1.016;1.803;0.009;1.099;10913
B315F1;2015/03/01 01:43:06;10913;84;27.0;26.0;2.677;1.541;0.987;1.803;0.009;1.087;10914
B315F1;2015/03/01 01:43:16;10914;84;29.3;26.9;2.825;1.532;0.987;1.809;0.009;1.087;10915
B315F1;2015/03/01 01:43:26;10915;79;29.6;26.3;2.622;1.532;0.954;1.809;0.009;1.119;10916
B315F1;2015/03/01 01:43:36;10916;87;30.0;26.3;2.819;1.545;0.954;1.809;0.009;1.132;10917
B315F1;2015/03/01 01:43:46;10917;89;28.3;26.7;2.612;1.545;1.009;1.809;0.009;1.093;10918
B315F1;2015/03/01 01:43:56;10918;88;29.0;26.5;2.683;1.529;1.009;1.809;0.009;1.090;10919
B315F1;2015/03/01 01:44:06;10919;88;30.6;26.3;2.832;1.529;0.983;1.809;0.009;1.083;10920
B315F1;2015/03/01 01:44:16;10920;84;25.8;26.2;2.819;1.561;0.983;1.809;0.006;1.093;10921
B315F1;2015/03/01 01:44:26;10921;88;26.1;26.9;2.667;1.561;0.977;1.809;0.006;1.080;10922
B315F1;2015/03/01 01:44:36;10922;93;25.8;26.7;2.619;1.541;0.977;1.838;0.006;1.103;10923
B315F1;2015/03/01 01:44:46;10923;85;26.1;27.0;2.674;1.541;1.009;1.838;0.006;1.083;10924
B315F1;2015/03/01 01:44:56;10924;89;26.4;26.7;2.793;1.551;1.009;1.838;0.006;1.096;10925
B315F1;2015/03/01 01:45:06;10925;88;28.7;25.7;2.841;1.551;0.993;1.838;0.006;1.080;10926
B315F1;2015/03/01 01:45:16;10926;85;26.1;27.0;2.835;1.535;0.993;1.845;0.006;1.090;10927
B315F1;2015/03/01 01:45:26;10927;83;27.0;26.9;2.619;1.535;1.012;1.845;0.006;1.096;10928
B315F1;2015/03/01 01:45:36;10928;91;25.8;26.3;2.716;1.532;1.012;1.845;0.000;1.103;10929
B315F1;2015/03/01 01:45:46;10929;89;29.6;26.7;2.803;1.532;0.990;1.845;0.000;1.087;10930
B315F1;2015/03/01 01:45:56;10930;86;26.1;26.7;2.658;1.541;0.990;1.832;0.000;1.109;10931
B315F1;2015/03/01 01:46:06;10931;92;29.6;26.9;2.812;1.541;0.983;1.832;0.000;1.106;10932
B315F1;2015/03/01 01:46:16;10932;89;25.1;26.7;2.606;1.538;0.983;1.832;0.009;1.119;10933
B315F1;2015/03/01 01:46:26;10933;83;25.1;26.7;2.632;1.538;1.003;1.832;0.009;1.093;10934
B315F1;2015/03/01 01:46:36;10934;93;31.2;26.7;2.809;1.535;1.003;1.767;0.009;1.112;10935
B315F1;2015/03/01 01:46:46;10935;80;27.7;26.9;2.654;1.535;0.974;1.767;0.009;1.090;10936
B315F1;2015/03/01 01:46:56;10936;85;26.4;26.0;2.825;1.561;0.974;1.767;0.000;1.132;10937
B315F1;2015/03/01 01:47:06;10937;80;28.3;27.0;2.845;1.561;0.970;1.767;0.000;1.087;10938
B315F1;2015/03/01 01:47:16;10938;87;26.4;27.0;2.845;1.551;0.970;1.764;0.000;1.125;10939
B315F1;2015/03/01 01:47:26;10939;81;30.9;26.7;2.735;1.551;0.977;1.764;0.000;1.116;10940
B315F1;2015/03/01 01:47:36;10940;86;29.6;26.3;2.841;1.554;0.977;1.764;0.006;1.106;10941
B315F1;2015/03/01 01:47:46;10941;88;27.4;26.2;2.693;1.554;1.000;1.764;0.006;1.112;10942
B315F1;2015/03/01 01:47:56;10942;92;28.3;26.3;2.841;1.516;1.000;1.777;0.006;1.083;10943
B315F1;2015/03/01 01:48:06;10943;85;31.9;26.7;2.822;1.516;0.948;1.777;0.006;1.083;10944
B315F1;2015/03/01 01:48:16;10944;92;26.1;26.7;2.632;1.516;0.948;1.777;0.000;1.080;10945
B315F1;2015/03/01 01:48:26;10945;93;26.1;27.0;2.625;1.516;0.964;1.777;0.000;1.112;10946
B315F1;2015/03/01 01:48:36;10946;95;31.2;27.2;2.741;1.503;0.964;1.745;0.000;1.077;10947
B315F1;2015/03/01 01:48:46;10947;88;27.4;26.5;2.751;1.503;0.948;1.745;0.000;1.080;10948
B315F1;2015/03/01 01:48:56;10948;94;27.7;26.9;2.783;1.522;0.948;1.745;0.000;1.090;10949
B315F1;2015/03/01 01:49:06;10949;87;28.0;27.0;2.758;1.522;0.951;1.745;0.000;1.096;10950
B315F1;2015/03/01 01:49:16;10950;87;29.3;26.3;2.816;1.541;0.951;1.738;0.000;1.109;10951
B315F1;2015/03/01 01:49:26;10951;84;29.0;26.9;2.625;1.541;0.970;1.738;0.000;1.129;10952
B315F1;2015/03/01 01:49:36;10952;91;27.0;26.9;2.754;1.519;0.970;1.738;0.016;1.112;10953
B315F1;2015/03/01 01:49:46;10953;81;25.8;26.5;2.629;1.519;0.967;1.738;0.016;1.103;10954
B315F1;2015/03/01 01:49:56;10954;83;25.1;26.3;2.606;1.519;0.967;1.774;0.016;1.116;10955
B315F1;2015/03/01 01:50:06;10955;93;28.7;26.0;2.738;1.519;0.961;1.774;0.016;1.103;10956
B315F1;2015/03/01 01:50:16;10956;93;30.6;26.3;2.816;1.522;0.961;1.774;0.016;1.119;10957
B315F1;2015/03/01 01:50:26;10957;77;27.7;27.0;2.609;1.522;0.974;1.774;0.016;1.112;10958
B315F1;2015/03/01 01:50:36;10958;88;28.3;26.0;2.845;1.512;0.974;1.735;0.016;1.096;10959
B315F1;2015/03/01 01:50:46;10959;85;25.1;26.5;2.629;1.512;0.954;1.735;0.016;1.083;10960
B315F1;2015/03/01 01:50:56;10960;88;27.4;26.9;2.635;1.535;0.954;1.735;0.000;1.119;10961
B315F1;2015/03/01 01:51:06;10961;81;28.7;26.2;2.651;1.535;0.983;1.735;0.000;1.093;10962
B315F1;2015/03/01 01:51:16;10962;88;28.7;26.3;2.841;1.535;0.983;1.767;0.000;1.122;10963
B315F1;2015/03/01 01:51:26;10963;93;25.8;26.7;2.632;1.535;0.967;1.767;0.000;1.090;10964
B315F1;2015/03/01 01:51:36;10964;81;28.0;27.0;2.648;1.529;0.967;1.767;0.006;1.119;10965
B315F1;2015/03/01 01:51:46;10965;91;29.6;26.7;2.809;1.529;0.996;1.767;0.006;1.096;10966
B315F1;2015/03/01 01:51:56;10966;93;26.7;26.5;2.732;1.496;0.996;1.738;0.006;1.138;10967
B315F1;2015/03/01 01:52:06;10967;78;29.0;26.5;2.609;1.496;0.990;1.738;0.006;1.093;10968
B315F1;2015/03/01 01:52:16;10968;93;30.6;27.0;2.783;1.535;0.990;1.738;0.000;1.109;10969
B315F1;2015/03/01 01:52:26;10969;80;29.6;26.5;2.783;1.535;0.983;1.738;0.000;1.125;10970
B315F1;2015/03/01 01:52:36;10970;81;28.7;26.7;2.825;1.509;0.983;1.767;0.000;1.132;10971
B315F1;2015/03/01 01:52:46;10971;90;28.7;26.5;2.745;1.509;0.941;1.767;0.000;1.112;10972
B315F1;2015/03/01 01:52:56;10972;88;28.7;27.0;2.719;1.519;0.941;1.767;0.006;1.096;10973
B315F1;2015/03/01 01:53:06;10973;90;29.3;26.3;2.725;1.519;0.983;1.767;0.006;1.106;10974
B315F1;2015/03/01 01:53:16;10974;90;27.4;26.9;2.651;1.506;0.983;1.770;0.006;1.090;10975
B315F1;2015/03/01 01:53:26;10975;93;26.1;26.9;2.641;1.506;0.945;1.770;0.006;1.116;10976
B315F1;2015/03/01 01:53:36;10976;84;25.8;26.5;2.612;1.503;0.945;1.770;0.006;1.106;10977
B315F1;2015/03/01 01:53:46;10977;89;29.6;26.9;2.825;1.503;0.951;1.770;0.006;1.106;10978
B315F1;2015/03/01 01:53:56;10978;90;26.4;26.3;2.722;1.548;0.951;1.822;0.006;1.132;10979
B315F1;2015/03/01 01:54:06;10979;89;29.0;26.9;2.632;1.548;0.954;1.822;0.006;1.132;10980
B315F1;2015/03/01 01:54:16;10980;83;29.6;26.5;2.816;1.545;0.954;1.822;0.006;1.093;10981
B315F1;2015/03/01 01:54:26;10981;89;25.1;26.9;2.693;1.545;0.977;1.822;0.006;1.109;10982
B315F1;2015/03/01 01:54:36;10982;93;29.3;27.0;2.629;1.522;0.977;1.770;0.006;1.119;10983
B315F1;2015/03/01 01:54:46;10983;86;30.3;26.5;2.816;1.522;0.983;1.770;0.006;1.122;10984
B315F1;2015/03/01 01:54:56;10984;78;29.3;26.9;2.822;1.545;0.983;1.770;0.006;1.138;10985
B315F1;2015/03/01 01:55:06;10985;88;25.1;26.9;2.632;1.545;0.980;1.770;0.006;1.090;10986
B315F1;2015/03/01 01:55:16;10986;85;31.2;26.3;2.625;1.554;0.980;1.809;0.006;1.141;10987
B315F1;2015/03/01 01:55:26;10987;86;29.3;26.7;2.835;1.554;0.980;1.809;0.006;1.103;10988
B315F1;2015/03/01 01:55:36;10988;88;30.3;27.2;2.735;1.561;0.980;1.809;0.000;1.106;10989
B315F1;2015/03/01 01:55:46;10989;87;29.3;26.7;2.816;1.561;0.990;1.809;0.000;1.109;10990
B315F1;2015/03/01 01:55:56;10990;93;25.1;26.5;2.600;1.577;0.990;1.770;0.000;1.103;10991
B315F1;2015/03/01 01:56:06;10991;82;30.3;26.9;2.806;1.577;1.000;1.770;0.000;1.106;10992
B315F1;2015/03/01 01:56:16;10992;83;25.8;26.7;2.606;1.567;1.000;1.770;0.009;1.103;10993
B315F1;2015/03/01 01:56:26;10993;76;30.6;26.9;2.851;1.567;1.029;1.770;0.009;1.090;10994
B315F1;2015/03/01 01:56:36;10994;79;25.8;26.5;2.603;1.574;1.029;1.806;0.009;1.103;10995
B315F1;2015/03/01 01:56:46;10995;87;26.7;26.0;2.706;1.574;1.000;1.806;0.009;1.096;10996
B315F1;2015/03/01 01:56:56;10996;81;27.7;26.9;2.635;1.567;1.000;1.806;0.000;1.112;10997
B315F1;2015/03/01 01:57:06;10997;88;29.6;26.5;2.774;1.567;1.016;1.806;0.000;1.151;10998
B315F1;2015/03/01 01:57:16;10998;82;31.6;26.2;2.841;1.580;1.016;1.825;0.000;1.125;10999
B315F1;2015/03/01 01:57:26;10999;83;30.6;26.7;2.819;1.580;1.006;1.825;0.000;1.138;11000
B315F1;2015/03/01 01:57:36;11000;95;29.3;27.2;2.809;1.570;1.006;1.825;0.003;1.109;11001
B315F1;2015/03/01 01:57:46;11001;90;30.9;26.7;2.845;1.570;1.048;1.825;0.003;1.148;11002
B315F1;2015/03/01 01:57:56;11002;83;27.0;26.7;2.632;1.570;1.048;1.790;0.003;1.129;11003
B315F1;2015/03/01 01:58:06;11003;81;30.3;26.9;2.825;1.570;1.035;1.790;0.003;1.154;11004
B315F1;2015/03/01 01:58:16;11004;85;28.0;27.2;2.754;1.583;1.035;1.790;0.000;1.116;11005
B315F1;2015/03/01 01:58:26;11005;93;28.0;26.9;2.812;1.583;1.019;1.790;0.000;1.129;11006
B315F1;2015/03/01 01:58:36;11006;93;31.2;26.9;2.738;1.545;1.019;1.741;0.000;1.112;11007
B315F1;2015/03/01 01:58:46;11007;80;26.7;26.7;2.699;1.545;0.996;1.741;0.000;1.132;11008
B315F1;2015/03/01 01:58:56;11008;87;27.0;27.0;2.635;1.587;0.996;1.741;0.006;1.122;11009
B315F1;2015/03/01 01:59:06;11009;86;28.3;26.2;2.648;1.587;0.987;1.741;0.006;1.112;11010
B315F1;2015/03/01 01:59:16;11010;92;27.0;26.3;2.632;1.545;0.987;1.783;0.006;1.109;11011
B315F1;2015/03/01 01:59:26;11011;83;25.1;26.7;2.632;1.545;0.983;1.783;0.006;1.122;11012
B315F1;2015/03/01 01:59:36;11012;94;30.0;26.0;2.841;1.535;0.983;1.783;0.041;1.093;11013
B315F1;2015/03/01 01:59:46;11013;84;26.7;26.2;2.674;1.535;0.996;1.783;0.041;1.132;11014
B315F1;2015/03/01 01:59:56;11014;86;30.6;27.0;2.829;1.525;0.996;1.761;0.041;1.148;11015
B315F1;2015/03/01 02:00:06;11015;93;29.6;26.7;2.799;1.525;1.003;1.761;0.041;1.116;11016
B315F1;2015/03/01 02:00:16;11016;88;27.4;26.7;2.635;1.532;1.003;1.761;0.000;1.093;11017
B315F1;2015/03/01 02:00:26;11017;83;26.1;26.9;2.664;1.532;0.974;1.761;0.000;1.132;11018
B315F1;2015/03/01 02:00:36;11018;88;29.6;27.0;2.651;1.525;0.974;1.774;0.000;1.087;11019
B315F1;2015/03/01 02:00:46;11019;84;29.3;27.2;2.838;1.525;1.000;1.774;0.000;1.106;11020
B315F1;2015/03/01 02:00:56;11020;86;28.7;27.0;2.664;1.570;1.000;1.774;0.080;1.087;11021
B315F1;2015/03/01 02:01:06;11021;88;29.6;27.2;2.619;1.570;0.967;1.774;0.080;1.090;11022
