B31552;2015/03/04 00:00:04;71373;89;26.4;23.7;2.864;1.990;1.254;2.887;0.087;0.764;71374
B31552;2015/03/04 00:00:14;71374;87;27.4;24.1;2.887;1.977;1.254;2.877;0.087;0.806;71375
B31552;2015/03/04 00:00:24;71375;96;31.9;24.4;2.712;1.977;1.283;2.877;0.087;0.770;71376
B31552;2015/03/04 00:00:34;71376;93;28.0;24.1;2.806;1.951;1.283;2.877;0.077;0.770;71377
B31552;2015/03/04 00:00:44;71377;91;27.7;24.3;2.699;1.951;1.267;2.877;0.077;0.770;71378
B31552;2015/03/04 00:00:54;71378;88;28.3;23.7;2.880;1.954;1.267;2.841;0.077;0.806;71379
B31552;2015/03/04 00:01:04;71379;95;28.7;24.1;2.751;1.954;1.261;2.841;0.077;0.806;71380
B31552;2015/03/04 00:01:14;71380;98;26.4;24.1;2.864;1.964;1.261;2.841;0.138;0.764;71381
B31552;2015/03/04 00:01:24;71381;96;27.7;23.9;2.654;1.964;1.261;2.841;0.138;0.809;71382
B31552;2015/03/04 00:01:34;71382;88;29.3;24.4;2.658;1.961;1.261;2.877;0.138;0.796;71383
B31552;2015/03/04 00:01:44;71383;90;27.7;23.7;2.645;1.961;1.264;2.877;0.138;0.770;71384
B31552;2015/03/04 00:01:54;71384;92;27.7;24.6;2.880;1.996;1.264;2.877;0.087;0.764;71385
B31552;2015/03/04 00:02:04;71385;94;28.7;23.7;2.880;1.996;1.267;2.877;0.087;0.793;71386
B31552;2015/03/04 00:02:14;71386;81;30.3;23.7;2.758;1.951;1.267;2.848;0.087;0.770;71387
B31552;2015/03/04 00:02:24;71387;97;28.7;24.3;2.858;1.951;1.296;2.848;0.087;0.764;71388
B31552;2015/03/04 00:02:34;71388;96;28.3;24.1;2.783;1.990;1.296;2.848;0.077;0.777;71389
B31552;2015/03/04 00:02:44;71389;83;25.8;24.3;2.658;1.990;1.274;2.848;0.077;0.764;71390
B31552;2015/03/04 00:02:54;71390;85;30.3;23.9;2.658;1.980;1.274;2.838;0.077;0.764;71391
B31552;2015/03/04 00:03:04;71391;90;29.6;24.6;2.890;1.980;1.261;2.838;0.077;0.770;71392
B31552;2015/03/04 00:03:14;71392;91;27.4;24.6;2.796;1.951;1.261;2.838;0.087;0.812;71393
B31552;2015/03/04 00:03:24;71393;90;26.4;23.7;2.661;1.951;1.290;2.838;0.087;0.803;71394
B31552;2015/03/04 00:03:34;71394;85;30.0;24.3;2.677;1.990;1.290;2.838;0.087;0.793;71395
B31552;2015/03/04 00:03:44;71395;92;28.3;23.6;2.880;1.990;1.312;2.838;0.087;0.774;71396
B31552;2015/03/04 00:03:54;71396;83;30.6;24.1;2.787;1.990;1.312;2.838;0.074;0.812;71397
B31552;2015/03/04 00:04:04;71397;95;25.8;23.9;2.883;1.990;1.280;2.838;0.074;0.764;71398
B31552;2015/03/04 00:04:14;71398;97;27.0;24.1;2.867;1.951;1.280;2.848;0.074;0.780;71399
B31552;2015/03/04 00:04:24;71399;93;28.7;24.4;2.654;1.951;1.270;2.848;0.074;0.787;71400
B31552;2015/03/04 00:04:34;71400;95;30.6;23.6;2.638;1.974;1.270;2.848;0.077;0.764;71401
B31552;2015/03/04 00:04:44;71401;91;25.8;23.7;2.887;1.974;1.254;2.848;0.077;0.770;71402
B31552;2015/03/04 00:04:54;71402;91;30.9;24.4;2.661;1.977;1.254;2.851;0.077;0.764;71403
B31552;2015/03/04 00:05:04;71403;93;28.7;24.1;2.661;1.977;1.270;2.851;0.077;0.787;71404
B31552;2015/03/04 00:05:14;71404;96;26.1;24.3;2.835;1.993;1.270;2.851;0.087;0.783;71405
B31552;2015/03/04 00:05:24;71405;80;28.3;23.6;2.867;1.993;1.264;2.851;0.087;0.774;71406
B31552;2015/03/04 00:05:34;71406;91;28.3;23.7;2.777;1.980;1.264;2.883;0.087;0.777;71407
B31552;2015/03/04 00:05:44;71407;84;30.0;23.6;2.664;1.980;1.270;2.883;0.087;0.790;71408
B31552;2015/03/04 00:05:54;71408;90;27.7;24.4;2.806;1.987;1.270;2.883;0.174;0.770;71409
B31552;2015/03/04 00:06:04;71409;89;32.9;24.1;2.658;1.987;1.274;2.883;0.174;0.803;71410
B31552;2015/03/04 00:06:14;71410;78;30.0;24.3;2.729;1.961;1.274;2.877;0.174;0.819;71411
B31552;2015/03/04 00:06:24;71411;94;30.9;23.9;2.835;1.961;1.254;2.877;0.174;0.783;71412
B31552;2015/03/04 00:06:34;71412;98;29.0;23.9;2.641;1.987;1.254;2.877;0.103;0.809;71413
B31552;2015/03/04 00:06:44;71413;90;28.7;24.1;2.658;1.987;1.325;2.877;0.103;0.770;71414
B31552;2015/03/04 00:06:54;71414;95;29.3;24.4;2.645;1.980;1.325;2.880;0.103;0.770;71415
B31552;2015/03/04 00:07:04;71415;93;29.0;23.6;2.877;1.980;1.261;2.880;0.103;0.767;71416
B31552;2015/03/04 00:07:14;71416;85;28.7;24.3;2.770;1.993;1.261;2.880;0.148;0.764;71417
B31552;2015/03/04 00:07:24;71417;91;28.3;23.7;2.645;1.993;1.277;2.880;0.148;0.806;71418
B31552;2015/03/04 00:07:34;71418;93;32.9;23.7;2.670;1.990;1.277;2.864;0.148;0.780;71419
B31552;2015/03/04 00:07:44;71419;91;30.0;23.7;2.654;1.990;1.287;2.864;0.148;0.777;71420
B31552;2015/03/04 00:07:54;71420;85;30.0;23.9;2.635;1.996;1.287;2.864;0.070;0.790;71421
B31552;2015/03/04 00:08:04;71421;87;28.7;24.1;2.664;1.996;1.277;2.864;0.070;0.799;71422
B31552;2015/03/04 00:08:14;71422;89;30.0;23.9;2.690;1.951;1.277;2.883;0.070;0.796;71423
B31552;2015/03/04 00:08:24;71423;88;33.2;24.3;2.787;1.951;1.309;2.883;0.070;0.803;71424
B31552;2015/03/04 00:08:34;71424;90;33.2;24.1;2.664;1.954;1.309;2.883;0.096;0.770;71425
B31552;2015/03/04 00:08:44;71425;93;26.4;23.7;2.645;1.954;1.322;2.883;0.096;0.783;71426
B31552;2015/03/04 00:08:54;71426;86;27.4;23.9;2.880;1.990;1.322;2.864;0.096;0.764;71427
B31552;2015/03/04 00:09:04;71427;82;25.8;23.7;2.661;1.990;1.283;2.864;0.096;0.806;71428
B31552;2015/03/04 00:09:14;71428;93;31.9;24.4;2.745;1.961;1.283;2.864;0.148;0.774;71429
B31552;2015/03/04 00:09:24;71429;80;28.3;23.2;2.880;1.961;1.287;2.864;0.148;0.770;71430
B31552;2015/03/04 00:09:34;71430;97;29.3;23.9;2.748;1.974;1.287;2.854;0.148;0.787;71431
B31552;2015/03/04 00:09:44;71431;87;29.6;23.9;2.770;1.974;1.261;2.854;0.148;0.774;71432
B31552;2015/03/04 00:09:54;71432;93;27.4;24.4;2.819;1.993;1.261;2.854;0.087;0.761;71433
B31552;2015/03/04 00:10:04;71433;86;32.5;24.1;2.661;1.993;1.322;2.854;0.087;0.796;71434
B31552;2015/03/04 00:10:14;71434;78;30.0;24.1;2.854;1.951;1.322;2.877;0.087;0.799;71435
B31552;2015/03/04 00:10:24;71435;88;27.4;23.6;2.651;1.951;1.258;2.877;0.087;0.764;71436
B31552;2015/03/04 00:10:34;71436;88;27.7;23.7;2.861;1.964;1.258;2.877;0.077;0.793;71437
B31552;2015/03/04 00:10:44;71437;91;28.3;23.6;2.638;1.964;1.264;2.877;0.077;0.809;71438
B31552;2015/03/04 00:10:54;71438;93;31.2;24.1;2.832;1.990;1.264;2.877;0.077;0.761;71439
B31552;2015/03/04 00:11:04;71439;82;30.9;24.3;2.829;1.990;1.319;2.877;0.077;0.758;71440
B31552;2015/03/04 00:11:14;71440;88;29.6;23.7;2.806;1.993;1.319;2.877;0.145;0.806;71441
B31552;2015/03/04 00:11:24;71441;86;29.3;23.9;2.867;1.993;1.264;2.877;0.145;0.770;71442
B31552;2015/03/04 00:11:34;71442;97;27.7;24.4;2.783;1.951;1.264;2.887;0.145;0.780;71443
B31552;2015/03/04 00:11:44;71443;96;25.8;23.6;2.887;1.951;1.261;2.887;0.145;0.783;71444
B31552;2015/03/04 00:11:54;71444;83;27.0;24.1;2.638;1.954;1.261;2.887;0.087;0.758;71445
B31552;2015/03/04 00:12:04;71445;89;27.7;23.9;2.880;1.954;1.261;2.887;0.087;0.812;71446
B31552;2015/03/04 00:12:14;71446;97;31.6;23.2;2.761;1.951;1.261;2.838;0.087;0.809;71447
B31552;2015/03/04 00:12:24;71447;93;27.4;23.6;2.651;1.951;1.261;2.838;0.087;0.793;71448
B31552;2015/03/04 00:12:34;71448;86;28.3;24.1;2.790;1.980;1.261;2.838;0.074;0.806;71449
B31552;2015/03/04 00:12:44;71449;93;26.4;23.9;2.829;1.980;1.280;2.838;0.074;0.780;71450
B31552;2015/03/04 00:12:54;71450;91;33.2;23.6;2.670;1.967;1.280;2.887;0.074;0.799;71451
B31552;2015/03/04 00:13:04;71451;92;33.2;24.4;2.783;1.967;1.261;2.887;0.074;0.764;71452
B31552;2015/03/04 00:13:14;71452;85;30.6;23.9;2.854;1.980;1.261;2.887;0.109;0.783;71453
B31552;2015/03/04 00:13:24;71453;86;27.7;23.7;2.654;1.980;1.325;2.887;0.109;0.777;71454
B31552;2015/03/04 00:13:34;71454;96;29.3;23.7;2.864;1.951;1.325;2.848;0.109;0.783;71455
B31552;2015/03/04 00:13:44;71455;94;26.7;24.1;2.687;1.951;1.309;2.848;0.109;0.787;71456
B31552;2015/03/04 00:13:54;71456;96;28.0;24.4;2.809;1.990;1.309;2.848;0.109;0.774;71457
B31552;2015/03/04 00:14:04;71457;95;31.6;24.6;2.812;1.990;1.303;2.848;0.109;0.774;71458
B31552;2015/03/04 00:14:14;71458;93;30.3;23.9;2.648;1.983;1.303;2.887;0.109;0.780;71459
B31552;2015/03/04 00:14:24;71459;88;32.5;24.1;2.809;1.983;1.312;2.887;0.109;0.806;71460
B31552;2015/03/04 00:14:34;71460;84;26.7;24.1;2.822;1.990;1.312;2.887;0.077;0.770;71461
B31552;2015/03/04 00:14:44;71461;83;33.2;23.9;2.654;1.990;1.319;2.887;0.077;0.793;71462
B31552;2015/03/04 00:14:54;71462;89;27.0;24.1;2.877;1.954;1.319;2.887;0.077;0.780;71463
B31552;2015/03/04 00:15:04;71463;88;30.0;24.3;2.809;1.954;1.261;2.887;0.077;0.816;71464
B31552;2015/03/04 00:15:14;71464;97;31.2;23.2;2.735;1.954;1.261;2.887;0.096;0.816;71465
B31552;2015/03/04 00:15:24;71465;89;31.2;24.1;2.825;1.954;1.258;2.887;0.096;0.783;71466
B31552;2015/03/04 00:15:34;71466;80;29.3;23.6;2.732;1.951;1.258;2.864;0.096;0.796;71467
B31552;2015/03/04 00:15:44;71467;88;30.0;23.9;2.841;1.951;1.312;2.864;0.096;0.799;71468
B31552;2015/03/04 00:15:54;71468;88;30.0;23.7;2.690;1.990;1.312;2.864;0.077;0.770;71469
B31552;2015/03/04 00:16:04;71469;83;29.6;24.1;2.674;1.990;1.258;2.864;0.077;0.806;71470
B31552;2015/03/04 00:16:14;71470;87;29.3;23.6;2.703;1.990;1.258;2.887;0.077;0.764;71471
B31552;2015/03/04 00:16:24;71471;85;31.2;23.6;2.690;1.990;1.309;2.887;0.077;0.764;71472
B31552;2015/03/04 00:16:34;71472;91;31.2;23.9;2.670;1.974;1.309;2.887;0.070;0.787;71473
B31552;2015/03/04 00:16:44;71473;93;30.9;23.9;2.770;1.974;1.325;2.887;0.070;0.764;71474
B31552;2015/03/04 00:16:54;71474;96;31.6;23.9;2.864;1.980;1.325;2.848;0.070;0.796;71475
B31552;2015/03/04 00:17:04;71475;90;30.6;23.2;2.835;1.980;1.283;2.848;0.070;0.806;71476
B31552;2015/03/04 00:17:14;71476;86;26.4;23.4;2.848;1.996;1.283;2.848;0.090;0.806;71477
B31552;2015/03/04 00:17:24;71477;96;28.3;24.1;2.651;1.996;1.322;2.848;0.090;0.777;71478
B31552;2015/03/04 00:17:34;71478;97;27.4;23.7;2.803;1.987;1.322;2.841;0.090;0.764;71479
B31552;2015/03/04 00:17:44;71479;82;31.9;23.7;2.754;1.987;1.290;2.841;0.090;0.761;71480
B31552;2015/03/04 00:17:54;71480;90;26.4;23.7;2.648;1.967;1.290;2.841;0.122;0.764;71481
B31552;2015/03/04 00:18:04;71481;86;31.2;23.6;2.816;1.967;1.312;2.841;0.122;0.809;71482
B31552;2015/03/04 00:18:14;71482;83;30.9;24.1;2.709;1.987;1.312;2.870;0.122;0.770;71483
B31552;2015/03/04 00:18:24;71483;89;28.3;23.2;2.880;1.987;1.261;2.870;0.122;0.803;71484
B31552;2015/03/04 00:18:34;71484;89;29.6;23.6;2.712;1.951;1.261;2.870;0.158;0.799;71485
B31552;2015/03/04 00:18:44;71485;87;33.2;23.7;2.664;1.951;1.312;2.870;0.158;0.770;71486
B31552;2015/03/04 00:18:54;71486;85;27.0;23.7;2.638;1.990;1.312;2.880;0.158;0.777;71487
B31552;2015/03/04 00:19:04;71487;86;27.0;23.9;2.867;1.990;1.293;2.880;0.158;0.770;71488
B31552;2015/03/04 00:19:14;71488;88;31.2;23.2;2.645;1.977;1.293;2.880;0.074;0.806;71489
B31552;2015/03/04 00:19:24;71489;88;28.3;22.9;2.645;1.977;1.309;2.880;0.074;0.764;71490
B31552;2015/03/04 00:19:34;71490;92;30.6;23.6;2.796;1.977;1.309;2.838;0.074;0.777;71491
B31552;2015/03/04 00:19:44;71491;86;26.4;23.9;2.793;1.977;1.267;2.838;0.074;0.767;71492
B31552;2015/03/04 00:19:54;71492;89;30.0;23.7;2.880;1.990;1.267;2.838;0.087;0.767;71493
B31552;2015/03/04 00:20:04;71493;88;29.0;23.2;2.867;1.990;1.322;2.838;0.087;0.770;71494
B31552;2015/03/04 00:20:14;71494;95;31.9;23.2;2.638;1.951;1.322;2.887;0.087;0.809;71495
B31552;2015/03/04 00:20:24;71495;80;29.3;23.6;2.787;1.951;1.325;2.887;0.087;0.761;71496
B31552;2015/03/04 00:20:34;71496;81;31.9;23.6;2.832;1.951;1.325;2.887;0.077;0.796;71497
B31552;2015/03/04 00:20:44;71497;83;32.5;23.7;2.796;1.951;1.274;2.887;0.077;0.777;71498
B31552;2015/03/04 00:20:54;71498;83;28.3;23.7;2.651;1.990;1.274;2.835;0.077;0.761;71499
B31552;2015/03/04 00:21:04;71499;93;25.8;23.2;2.887;1.990;1.258;2.835;0.077;0.799;71500
B31552;2015/03/04 00:21:14;71500;89;27.0;23.7;2.867;1.951;1.258;2.835;0.087;0.767;71501
B31552;2015/03/04 00:21:24;71501;95;31.9;23.7;2.699;1.951;1.261;2.835;0.087;0.796;71502
B31552;2015/03/04 00:21:34;71502;93;31.2;23.2;2.729;1.954;1.261;2.887;0.087;0.777;71503
B31552;2015/03/04 00:21:44;71503;88;29.0;23.6;2.848;1.954;1.264;2.887;0.087;0.780;71504
B31552;2015/03/04 00:21:54;71504;90;27.4;24.1;2.874;1.977;1.264;2.887;0.077;0.764;71505
B31552;2015/03/04 00:22:04;71505;81;26.1;23.6;2.793;1.977;1.293;2.887;0.077;0.803;71506
B31552;2015/03/04 00:22:14;71506;83;31.6;23.2;2.738;1.990;1.293;2.854;0.077;0.809;71507
B31552;2015/03/04 00:22:24;71507;93;29.0;23.7;2.661;1.990;1.312;2.854;0.077;0.770;71508
B31552;2015/03/04 00:22:34;71508;91;32.9;24.1;2.854;1.983;1.312;2.854;0.070;0.770;71509
B31552;2015/03/04 00:22:44;71509;97;30.9;23.6;2.854;1.983;1.270;2.854;0.070;0.777;71510
B31552;2015/03/04 00:22:54;71510;91;31.2;23.6;2.838;1.970;1.270;2.893;0.070;0.787;71511
B31552;2015/03/04 00:23:04;71511;91;29.0;23.9;2.661;1.970;1.267;2.893;0.070;0.777;71512
B31552;2015/03/04 00:23:14;71512;82;30.0;23.7;2.880;1.974;1.267;2.893;0.125;0.806;71513
B31552;2015/03/04 00:23:24;71513;94;30.3;23.2;2.854;1.974;1.322;2.893;0.125;0.774;71514
B31552;2015/03/04 00:23:34;71514;89;32.5;23.9;2.880;1.987;1.322;2.877;0.125;0.770;71515
B31552;2015/03/04 00:23:44;71515;87;33.5;24.1;2.780;1.987;1.319;2.877;0.125;0.780;71516
B31552;2015/03/04 00:23:54;71516;98;27.4;24.1;2.832;1.987;1.319;2.877;0.087;0.764;71517
B31552;2015/03/04 00:24:04;71517;90;32.5;23.6;2.699;1.987;1.264;2.877;0.087;0.799;71518
B31552;2015/03/04 00:24:14;71518;91;27.0;24.1;2.638;1.983;1.264;2.864;0.087;0.758;71519
B31552;2015/03/04 00:24:24;71519;85;29.0;23.6;2.645;1.983;1.319;2.864;0.087;0.793;71520
B31552;2015/03/04 00:24:34;71520;94;31.9;23.9;2.670;1.977;1.319;2.864;0.087;0.790;71521
B31552;2015/03/04 00:24:44;71521;78;28.0;23.7;2.725;1.977;1.309;2.864;0.087;0.806;71522
B31552;2015/03/04 00:24:54;71522;78;29.6;24.1;2.690;1.993;1.309;2.841;0.087;0.783;71523
B31552;2015/03/04 00:25:04;71523;90;26.7;23.9;2.696;1.993;1.261;2.841;0.087;0.806;71524
B31552;2015/03/04 00:25:14;71524;92;28.3;23.9;2.880;1.961;1.261;2.841;0.145;0.787;71525
B31552;2015/03/04 00:25:24;71525;91;26.4;23.7;2.864;1.961;1.325;2.841;0.145;0.809;71526
B31552;2015/03/04 00:25:34;71526;95;30.0;23.7;2.680;1.951;1.325;2.870;0.145;0.774;71527
B31552;2015/03/04 00:25:44;71527;93;29.0;23.7;2.799;1.951;1.264;2.870;0.145;0.790;71528
B31552;2015/03/04 00:25:54;71528;93;28.3;23.7;2.880;1.990;1.264;2.870;0.077;0.780;71529
B31552;2015/03/04 00:26:04;71529;90;30.6;24.1;2.880;1.990;1.261;2.870;0.077;0.764;71530
B31552;2015/03/04 00:26:14;71530;88;30.6;23.7;2.809;1.987;1.261;2.835;0.077;0.758;71531
B31552;2015/03/04 00:26:24;71531;90;28.3;23.2;2.877;1.987;1.319;2.835;0.077;0.812;71532
B31552;2015/03/04 00:26:34;71532;90;27.4;23.7;2.809;1.993;1.319;2.835;0.077;0.764;71533
B31552;2015/03/04 00:26:44;71533;80;30.3;23.7;2.709;1.993;1.322;2.835;0.077;0.793;71534
B31552;2015/03/04 00:26:54;71534;81;26.7;23.7;2.854;1.954;1.322;2.835;0.077;0.787;71535
B31552;2015/03/04 00:27:04;71535;88;29.6;24.1;2.667;1.954;1.316;2.835;0.077;0.793;71536
B31552;2015/03/04 00:27:14;71536;89;25.8;24.1;2.829;1.954;1.316;2.835;0.087;0.767;71537
B31552;2015/03/04 00:27:24;71537;93;28.7;24.3;2.651;1.954;1.293;2.835;0.087;0.774;71538
B31552;2015/03/04 00:27:34;71538;95;28.3;23.7;2.793;1.993;1.293;2.883;0.087;0.764;71539
B31552;2015/03/04 00:27:44;71539;90;26.1;23.9;2.651;1.993;1.280;2.883;0.087;0.777;71540
B31552;2015/03/04 00:27:54;71540;86;30.0;24.3;2.777;1.954;1.280;2.883;0.087;0.799;71541
B31552;2015/03/04 00:28:04;71541;84;26.7;24.1;2.767;1.954;1.264;2.883;0.087;0.806;71542
B31552;2015/03/04 00:28:14;71542;96;32.5;24.4;2.796;1.990;1.264;2.848;0.087;0.764;71543
B31552;2015/03/04 00:28:24;71543;90;26.4;24.1;2.670;1.990;1.325;2.848;0.087;0.806;71544
B31552;2015/03/04 00:28:34;71544;87;31.9;23.9;2.880;1.993;1.325;2.848;0.087;0.806;71545
B31552;2015/03/04 00:28:44;71545;83;26.4;23.9;2.835;1.993;1.312;2.848;0.087;0.770;71546
B31552;2015/03/04 00:28:54;71546;98;27.0;24.1;2.867;1.983;1.312;2.877;0.087;0.764;71547
B31552;2015/03/04 00:29:04;71547;82;30.3;24.1;2.712;1.983;1.316;2.877;0.087;0.777;71548
B31552;2015/03/04 00:29:14;71548;93;27.7;24.3;2.880;1.996;1.316;2.877;0.077;0.793;71549
B31552;2015/03/04 00:29:24;71549;94;26.4;23.7;2.887;1.996;1.316;2.877;0.077;0.770;71550
B31552;2015/03/04 00:29:34;71550;93;27.7;24.1;2.645;1.996;1.316;2.848;0.077;0.758;71551
B31552;2015/03/04 00:29:44;71551;90;30.6;24.3;2.777;1.996;1.267;2.848;0.077;0.764;71552
B31552;2015/03/04 00:29:54;71552;93;28.0;24.4;2.783;1.990;1.267;2.848;0.125;0.799;71553
B31552;2015/03/04 00:30:04;71553;88;30.9;24.6;2.793;1.990;1.332;2.848;0.125;0.767;71554
B31552;2015/03/04 00:30:14;71554;94;29.6;23.7;2.648;1.954;1.332;2.864;0.125;0.777;71555
B31552;2015/03/04 00:30:24;71555;96;26.4;23.7;2.664;1.954;1.316;2.864;0.125;0.774;71556
B31552;2015/03/04 00:30:34;71556;83;30.3;23.6;2.638;1.967;1.316;2.864;0.103;0.790;71557
B31552;2015/03/04 00:30:44;71557;79;29.6;24.3;2.796;1.967;1.277;2.864;0.103;0.777;71558
B31552;2015/03/04 00:30:54;71558;91;28.7;24.3;2.719;1.974;1.277;2.851;0.103;0.758;71559
B31552;2015/03/04 00:31:04;71559;93;30.0;24.4;2.806;1.974;1.261;2.851;0.103;0.787;71560
B31552;2015/03/04 00:31:14;71560;82;31.2;23.9;2.880;1.954;1.261;2.851;0.209;0.783;71561
B31552;2015/03/04 00:31:24;71561;91;26.7;24.1;2.645;1.954;1.300;2.851;0.209;0.761;71562
B31552;2015/03/04 00:31:34;71562;90;28.3;23.4;2.658;1.954;1.300;2.841;0.209;0.777;71563
B31552;2015/03/04 00:31:44;71563;89;29.6;24.4;2.638;1.954;1.303;2.841;0.209;0.787;71564
B31552;2015/03/04 00:31:54;71564;86;28.0;24.6;2.651;1.954;1.303;2.841;0.096;0.770;71565
B31552;2015/03/04 00:32:04;71565;82;31.9;23.9;2.693;1.954;1.293;2.841;0.096;0.796;71566
B31552;2015/03/04 00:32:14;71566;91;27.4;24.4;2.664;1.954;1.293;2.890;0.096;0.787;71567
B31552;2015/03/04 00:32:24;71567;92;27.7;24.3;2.729;1.954;1.267;2.890;0.096;0.793;71568
B31552;2015/03/04 00:32:34;71568;88;26.4;24.4;2.767;1.983;1.267;2.890;0.209;0.777;71569
B31552;2015/03/04 00:32:44;71569;89;30.6;24.4;2.654;1.983;1.325;2.890;0.209;0.770;71570
B31552;2015/03/04 00:32:54;71570;90;27.4;24.3;2.822;1.964;1.325;2.838;0.209;0.796;71571
B31552;2015/03/04 00:33:04;71571;92;30.9;23.4;2.877;1.964;1.322;2.838;0.209;0.816;71572
B31552;2015/03/04 00:33:14;71572;92;27.4;24.4;2.677;2.000;1.322;2.838;0.083;0.770;71573
B31552;2015/03/04 00:33:24;71573;91;29.6;24.4;2.664;2.000;1.329;2.838;0.083;0.770;71574
B31552;2015/03/04 00:33:34;71574;94;32.5;24.1;2.645;1.961;1.329;2.883;0.083;0.770;71575
B31552;2015/03/04 00:33:44;71575;97;28.0;24.3;2.783;1.961;1.309;2.883;0.083;0.816;71576
B31552;2015/03/04 00:33:54;71576;84;30.6;24.1;2.777;1.977;1.309;2.883;0.077;0.770;71577
B31552;2015/03/04 00:34:04;71577;85;27.4;24.3;2.703;1.977;1.329;2.883;0.077;0.790;71578
B31552;2015/03/04 00:34:14;71578;94;28.7;24.1;2.829;1.980;1.329;2.893;0.077;0.777;71579
B31552;2015/03/04 00:34:24;71579;86;27.4;24.3;2.735;1.980;1.309;2.893;0.077;0.783;71580
B31552;2015/03/04 00:34:34;71580;97;30.6;24.1;2.758;1.954;1.309;2.893;0.158;0.777;71581
B31552;2015/03/04 00:34:44;71581;88;30.3;24.1;2.796;1.954;1.325;2.893;0.158;0.809;71582
B31552;2015/03/04 00:34:54;71582;93;29.3;23.7;2.741;1.977;1.325;2.896;0.158;0.796;71583
B31552;2015/03/04 00:35:04;71583;90;26.4;24.1;2.661;1.977;1.325;2.896;0.158;0.777;71584
B31552;2015/03/04 00:35:14;71584;96;28.3;23.9;2.787;1.977;1.325;2.896;0.087;0.770;71585
B31552;2015/03/04 00:35:24;71585;90;30.6;24.1;2.729;1.977;1.264;2.896;0.087;0.809;71586
B31552;2015/03/04 00:35:34;71586;86;31.9;24.3;2.832;1.954;1.264;2.854;0.087;0.790;71587
B31552;2015/03/04 00:35:44;71587;82;31.2;24.1;2.699;1.954;1.264;2.854;0.087;0.770;71588
B31552;2015/03/04 00:35:54;71588;95;31.9;23.7;2.687;1.987;1.264;2.854;0.096;0.796;71589
B31552;2015/03/04 00:36:04;71589;90;27.0;23.7;2.774;1.987;1.325;2.854;0.096;0.770;71590
B31552;2015/03/04 00:36:14;71590;89;26.4;23.9;2.722;2.000;1.325;2.854;0.096;0.787;71591
B31552;2015/03/04 00:36:24;71591;93;25.8;23.6;2.851;2.000;1.264;2.854;0.096;0.809;71592
B31552;2015/03/04 00:36:34;71592;92;31.2;23.7;2.677;1.954;1.264;2.854;0.087;0.799;71593
B31552;2015/03/04 00:36:44;71593;90;29.3;23.6;2.822;1.954;1.303;2.854;0.087;0.790;71594
B31552;2015/03/04 00:36:54;71594;86;31.6;23.2;2.716;1.970;1.303;2.854;0.087;0.799;71595
B31552;2015/03/04 00:37:04;71595;89;27.4;24.1;2.651;1.970;1.277;2.854;0.087;0.809;71596
B31552;2015/03/04 00:37:14;71596;85;26.4;23.7;2.861;1.983;1.277;2.854;0.077;0.806;71597
B31552;2015/03/04 00:37:24;71597;89;30.9;23.2;2.867;1.983;1.264;2.854;0.077;0.803;71598
B31552;2015/03/04 00:37:34;71598;86;28.3;23.9;2.880;1.996;1.264;2.890;0.077;0.770;71599
B31552;2015/03/04 00:37:44;71599;82;27.0;23.9;2.645;1.996;1.267;2.890;0.077;0.806;71600
B31552;2015/03/04 00:37:54;71600;97;31.9;23.9;2.635;1.990;1.267;2.890;0.080;0.783;71601
B31552;2015/03/04 00:38:04;71601;87;28.7;24.1;2.770;1.990;1.287;2.890;0.080;0.822;71602
B31552;2015/03/04 00:38:14;71602;93;30.0;24.1;2.822;1.954;1.287;2.883;0.080;0.780;71603
B31552;2015/03/04 00:38:24;71603;87;30.9;23.9;2.719;1.954;1.267;2.883;0.080;0.764;71604
B31552;2015/03/04 00:38:34;71604;93;29.6;23.6;2.638;1.954;1.267;2.883;0.087;0.777;71605
B31552;2015/03/04 00:38:44;71605;95;27.7;24.1;2.654;1.954;1.300;2.883;0.087;0.787;71606
B31552;2015/03/04 00:38:54;71606;80;30.6;23.6;2.716;1.987;1.300;2.845;0.087;0.774;71607
B31552;2015/03/04 00:39:04;71607;88;25.8;23.9;2.829;1.987;1.329;2.845;0.087;0.787;71608
B31552;2015/03/04 00:39:14;71608;84;26.1;23.7;2.822;1.954;1.329;2.845;0.145;0.796;71609
B31552;2015/03/04 00:39:24;71609;85;31.2;24.4;2.761;1.954;1.261;2.845;0.145;0.812;71610
B31552;2015/03/04 00:39:34;71610;93;30.6;23.6;2.735;1.964;1.261;2.861;0.145;0.770;71611
B31552;2015/03/04 00:39:44;71611;90;31.9;23.9;2.741;1.964;1.267;2.861;0.145;0.764;71612
B31552;2015/03/04 00:39:54;71612;82;29.3;24.1;2.770;1.958;1.267;2.861;0.122;0.799;71613
B31552;2015/03/04 00:40:04;71613;91;33.2;23.7;2.664;1.958;1.290;2.861;0.122;0.761;71614
B31552;2015/03/04 00:40:14;71614;92;32.5;23.7;2.880;1.958;1.290;2.858;0.122;0.780;71615
B31552;2015/03/04 00:40:24;71615;90;28.7;24.1;2.654;1.958;1.267;2.858;0.122;0.803;71616
B31552;2015/03/04 00:40:34;71616;96;27.0;24.1;2.645;1.954;1.267;2.858;0.151;0.777;71617
B31552;2015/03/04 00:40:44;71617;85;26.7;23.6;2.638;1.954;1.312;2.858;0.151;0.770;71618
B31552;2015/03/04 00:40:54;71618;96;29.3;23.4;2.709;1.996;1.312;2.870;0.151;0.774;71619
B31552;2015/03/04 00:41:04;71619;94;30.9;23.7;2.745;1.996;1.277;2.870;0.151;0.767;71620
B31552;2015/03/04 00:41:14;71620;95;29.0;23.6;2.664;1.996;1.277;2.870;0.090;0.809;71621
B31552;2015/03/04 00:41:24;71621;89;31.2;23.9;2.783;1.996;1.329;2.870;0.090;0.783;71622
B31552;2015/03/04 00:41:34;71622;91;27.0;23.7;2.874;1.954;1.329;2.874;0.090;0.783;71623
B31552;2015/03/04 00:41:44;71623;86;27.0;23.6;2.654;1.954;1.325;2.874;0.090;0.770;71624
B31552;2015/03/04 00:41:54;71624;92;26.4;23.9;2.722;1.993;1.325;2.874;0.106;0.806;71625
B31552;2015/03/04 00:42:04;71625;91;26.7;24.1;2.651;1.993;1.306;2.874;0.106;0.774;71626
B31552;2015/03/04 00:42:14;71626;94;31.2;24.1;2.703;1.964;1.306;2.896;0.106;0.796;71627
B31552;2015/03/04 00:42:24;71627;80;30.3;23.4;2.877;1.964;1.283;2.896;0.106;0.767;71628
B31552;2015/03/04 00:42:34;71628;93;31.2;24.3;2.732;1.977;1.283;2.896;0.067;0.806;71629
B31552;2015/03/04 00:42:44;71629;85;27.0;23.9;2.645;1.977;1.267;2.896;0.067;0.793;71630
B31552;2015/03/04 00:42:54;71630;89;28.3;24.4;2.812;1.993;1.267;2.896;0.067;0.806;71631
B31552;2015/03/04 00:43:04;71631;92;25.8;23.7;2.887;1.993;1.267;2.896;0.067;0.796;71632
B31552;2015/03/04 00:43:14;71632;86;30.0;23.9;2.690;1.958;1.267;2.896;0.067;0.790;71633
B31552;2015/03/04 00:43:24;71633;77;29.3;23.6;2.816;1.958;1.267;2.896;0.067;0.793;71634
B31552;2015/03/04 00:43:34;71634;84;27.0;23.9;2.864;1.970;1.267;2.870;0.067;0.774;71635
B31552;2015/03/04 00:43:44;71635;94;29.3;23.7;2.867;1.970;1.267;2.870;0.067;0.803;71636
B31552;2015/03/04 00:43:54;71636;80;27.0;23.7;2.877;2.000;1.267;2.870;0.129;0.767;71637
B31552;2015/03/04 00:44:04;71637;90;27.0;24.1;2.645;2.000;1.325;2.870;0.129;0.761;71638
B31552;2015/03/04 00:44:14;71638;93;28.3;24.1;2.767;1.996;1.325;2.867;0.129;0.790;71639
B31552;2015/03/04 00:44:24;71639;86;27.7;24.1;2.770;1.996;1.332;2.867;0.129;0.774;71640
B31552;2015/03/04 00:44:34;71640;90;31.9;24.3;2.658;2.000;1.332;2.867;0.087;0.770;71641
B31552;2015/03/04 00:44:44;71641;97;30.9;24.4;2.674;2.000;1.267;2.867;0.087;0.764;71642
B31552;2015/03/04 00:44:54;71642;91;29.3;23.4;2.841;1.954;1.267;2.864;0.087;0.799;71643
B31552;2015/03/04 00:45:04;71643;84;26.7;24.1;2.645;1.954;1.267;2.864;0.087;0.761;71644
B31552;2015/03/04 00:45:14;71644;81;26.4;23.7;2.867;1.996;1.267;2.864;0.067;0.767;71645
B31552;2015/03/04 00:45:24;71645;88;26.4;23.6;2.887;1.996;1.267;2.864;0.067;0.764;71646
B31552;2015/03/04 00:45:34;71646;93;33.8;23.7;2.658;1.996;1.267;2.890;0.067;0.770;71647
B31552;2015/03/04 00:45:44;71647;84;28.7;23.7;2.667;1.996;1.316;2.890;0.067;0.793;71648
B31552;2015/03/04 00:45:54;71648;85;27.7;24.4;2.796;1.996;1.316;2.890;0.122;0.777;71649
B31552;2015/03/04 00:46:04;71649;92;31.2;24.6;2.816;1.996;1.329;2.890;0.122;0.803;71650
B31552;2015/03/04 00:46:14;71650;97;29.6;23.6;2.629;1.990;1.329;2.848;0.122;0.764;71651
B31552;2015/03/04 00:46:24;71651;82;27.7;24.1;2.709;1.990;1.280;2.848;0.122;0.793;71652
B31552;2015/03/04 00:46:34;71652;88;27.0;23.9;2.761;1.993;1.280;2.848;0.109;0.774;71653
B31552;2015/03/04 00:46:44;71653;83;29.6;23.2;2.854;1.993;1.267;2.848;0.109;0.770;71654
B31552;2015/03/04 00:46:54;71654;82;29.3;23.9;2.722;1.990;1.267;2.877;0.109;0.806;71655
B31552;2015/03/04 00:47:04;71655;88;30.3;23.9;2.645;1.990;1.329;2.877;0.109;0.796;71656
B31552;2015/03/04 00:47:14;71656;97;28.0;24.1;2.880;1.987;1.329;2.877;0.122;0.770;71657
B31552;2015/03/04 00:47:24;71657;86;30.6;23.6;2.712;1.987;1.280;2.877;0.122;0.767;71658
B31552;2015/03/04 00:47:34;71658;90;30.0;24.3;2.816;1.954;1.280;2.899;0.122;0.806;71659
B31552;2015/03/04 00:47:44;71659;89;27.4;23.6;2.651;1.954;1.264;2.899;0.122;0.770;71660
B31552;2015/03/04 00:47:54;71660;92;30.0;24.3;2.812;1.958;1.264;2.899;0.070;0.770;71661
B31552;2015/03/04 00:48:04;71661;81;29.6;24.6;2.858;1.958;1.287;2.899;0.070;0.803;71662
B31552;2015/03/04 00:48:14;71662;94;30.3;23.6;2.690;1.990;1.287;2.896;0.070;0.780;71663
B31552;2015/03/04 00:48:24;71663;93;30.9;23.7;2.829;1.990;1.264;2.896;0.070;0.767;71664
B31552;2015/03/04 00:48:34;71664;91;30.6;23.2;2.645;1.961;1.264;2.896;0.090;0.812;71665
B31552;2015/03/04 00:48:44;71665;87;26.4;23.7;2.887;1.961;1.267;2.896;0.090;0.774;71666
B31552;2015/03/04 00:48:54;71666;93;30.3;23.7;2.680;1.974;1.267;2.867;0.090;0.770;71667
B31552;2015/03/04 00:49:04;71667;90;30.0;23.6;2.854;1.974;1.277;2.867;0.090;0.816;71668
B31552;2015/03/04 00:49:14;71668;81;30.3;23.2;2.703;2.000;1.277;2.867;0.087;0.787;71669
B31552;2015/03/04 00:49:24;71669;90;31.6;23.7;2.841;2.000;1.267;2.867;0.087;0.809;71670
B31552;2015/03/04 00:49:34;71670;80;27.0;23.7;2.877;1.980;1.267;2.864;0.087;0.806;71671
B31552;2015/03/04 00:49:44;71671;83;31.2;24.3;2.838;1.980;1.274;2.864;0.087;0.774;71672
B31552;2015/03/04 00:49:54;71672;93;28.0;24.4;2.880;1.958;1.274;2.864;0.080;0.770;71673
B31552;2015/03/04 00:50:04;71673;82;27.0;23.6;2.716;1.958;1.290;2.864;0.080;0.780;71674
B31552;2015/03/04 00:50:14;71674;84;28.0;23.9;2.661;1.958;1.290;2.877;0.080;0.783;71675
B31552;2015/03/04 00:50:24;71675;90;27.0;24.1;2.638;1.958;1.296;2.877;0.080;0.787;71676
B31552;2015/03/04 00:50:34;71676;93;29.0;23.9;2.658;1.987;1.296;2.877;0.083;0.764;71677
B31552;2015/03/04 00:50:44;71677;92;30.3;24.1;2.699;1.987;1.270;2.877;0.083;0.790;71678
B31552;2015/03/04 00:50:54;71678;95;30.3;23.7;2.648;2.000;1.270;2.899;0.083;0.764;71679
B31552;2015/03/04 00:51:04;71679;85;30.9;23.9;2.654;2.000;1.335;2.899;0.083;0.770;71680
B31552;2015/03/04 00:51:14;71680;90;29.0;23.9;2.670;2.003;1.335;2.899;0.103;0.806;71681
B31552;2015/03/04 00:51:24;71681;80;27.4;24.1;2.687;2.003;1.277;2.899;0.103;0.777;71682
B31552;2015/03/04 00:51:34;71682;93;30.3;23.6;2.651;1.961;1.277;2.867;0.103;0.770;71683
B31552;2015/03/04 00:51:44;71683;96;29.6;24.6;2.829;1.961;1.332;2.867;0.103;0.799;71684
B31552;2015/03/04 00:51:54;71684;88;27.7;23.7;2.880;1.996;1.332;2.867;0.087;0.777;71685
B31552;2015/03/04 00:52:04;71685;92;27.4;24.1;2.651;1.996;1.293;2.867;0.087;0.799;71686
B31552;2015/03/04 00:52:14;71686;86;27.7;23.9;2.880;1.961;1.293;2.903;0.087;0.780;71687
B31552;2015/03/04 00:52:24;71687;90;28.3;23.2;2.880;1.961;1.270;2.903;0.087;0.809;71688
B31552;2015/03/04 00:52:34;71688;97;32.9;23.9;2.648;1.990;1.270;2.903;0.067;0.764;71689
B31552;2015/03/04 00:52:44;71689;88;29.6;23.6;2.780;1.990;1.290;2.903;0.067;0.770;71690
B31552;2015/03/04 00:52:54;71690;89;26.4;24.1;2.841;1.961;1.290;2.867;0.067;0.793;71691
B31552;2015/03/04 00:53:04;71691;88;30.0;24.3;2.822;1.961;1.283;2.867;0.067;0.770;71692
B31552;2015/03/04 00:53:14;71692;92;33.5;23.2;2.687;1.993;1.283;2.867;0.083;0.806;71693
B31552;2015/03/04 00:53:24;71693;91;27.7;23.7;2.645;1.993;1.267;2.867;0.083;0.790;71694
B31552;2015/03/04 00:53:34;71694;90;31.9;23.7;2.658;1.958;1.267;2.848;0.083;0.799;71695
B31552;2015/03/04 00:53:44;71695;93;27.0;23.7;2.651;1.958;1.332;2.848;0.083;0.774;71696
B31552;2015/03/04 00:53:54;71696;88;30.0;24.1;2.877;1.958;1.332;2.848;0.074;0.777;71697
B31552;2015/03/04 00:54:04;71697;90;27.4;23.4;2.887;1.958;1.329;2.848;0.074;0.774;71698
B31552;2015/03/04 00:54:14;71698;92;30.0;23.7;2.864;1.977;1.329;2.848;0.074;0.796;71699
B31552;2015/03/04 00:54:24;71699;89;29.0;23.6;2.819;1.977;1.277;2.848;0.074;0.809;71700
B31552;2015/03/04 00:54:34;71700;88;28.7;23.9;2.835;1.980;1.277;2.848;0.080;0.787;71701
B31552;2015/03/04 00:54:44;71701;85;32.5;23.7;2.664;1.980;1.270;2.848;0.080;0.783;71702
B31552;2015/03/04 00:54:54;71702;98;31.2;23.2;2.638;1.996;1.270;2.899;0.080;0.783;71703
B31552;2015/03/04 00:55:04;71703;90;27.7;23.7;2.770;1.996;1.287;2.899;0.080;0.770;71704
B31552;2015/03/04 00:55:14;71704;93;32.2;23.6;2.770;1.990;1.287;2.899;0.103;0.770;71705
B31552;2015/03/04 00:55:24;71705;89;28.3;24.1;2.732;1.990;1.290;2.899;0.103;0.767;71706
B31552;2015/03/04 00:55:34;71706;91;28.0;24.1;2.645;1.967;1.290;2.861;0.103;0.809;71707
B31552;2015/03/04 00:55:44;71707;82;26.7;24.3;2.632;1.967;1.290;2.861;0.103;0.809;71708
B31552;2015/03/04 00:55:54;71708;88;31.2;23.9;2.635;1.983;1.290;2.861;0.190;0.796;71709
B31552;2015/03/04 00:56:04;71709;93;30.0;24.4;2.670;1.983;1.267;2.861;0.190;0.806;71710
B31552;2015/03/04 00:56:14;71710;89;25.8;23.7;2.838;1.980;1.267;2.867;0.190;0.764;71711
B31552;2015/03/04 00:56:24;71711;94;27.4;24.1;2.651;1.980;1.267;2.867;0.190;0.793;71712
B31552;2015/03/04 00:56:34;71712;93;32.5;23.6;2.629;1.967;1.267;2.867;0.203;0.793;71713
B31552;2015/03/04 00:56:44;71713;90;27.7;24.4;2.880;1.967;1.325;2.867;0.203;0.809;71714
B31552;2015/03/04 00:56:54;71714;85;26.7;24.3;2.880;2.000;1.325;2.903;0.203;0.790;71715
B31552;2015/03/04 00:57:04;71715;85;31.2;23.7;2.841;2.000;1.270;2.903;0.203;0.803;71716
B31552;2015/03/04 00:57:14;71716;91;29.0;24.4;2.825;1.993;1.270;2.903;0.093;0.770;71717
B31552;2015/03/04 00:57:24;71717;95;28.3;24.1;2.738;1.993;1.300;2.903;0.093;0.770;71718
B31552;2015/03/04 00:57:34;71718;94;30.0;24.3;2.680;1.990;1.300;2.848;0.093;0.770;71719
B31552;2015/03/04 00:57:44;71719;80;30.6;24.1;2.738;1.990;1.267;2.848;0.093;0.793;71720
B31552;2015/03/04 00:57:54;71720;88;30.0;24.3;2.867;1.980;1.267;2.848;0.148;0.806;71721
B31552;2015/03/04 00:58:04;71721;83;30.0;24.3;2.806;1.980;1.277;2.848;0.148;0.787;71722
B31552;2015/03/04 00:58:14;71722;92;29.0;24.1;2.809;1.958;1.277;2.870;0.148;0.806;71723
B31552;2015/03/04 00:58:24;71723;93;29.0;24.3;2.793;1.958;1.277;2.870;0.148;0.783;71724
B31552;2015/03/04 00:58:34;71724;82;32.5;23.9;2.880;1.993;1.277;2.870;0.080;0.770;71725
B31552;2015/03/04 00:58:44;71725;93;30.6;24.4;2.658;1.993;1.267;2.870;0.080;0.764;71726
B31552;2015/03/04 00:58:54;71726;94;26.4;24.3;2.816;1.961;1.267;2.883;0.080;0.806;71727
B31552;2015/03/04 00:59:04;71727;93;29.6;23.7;2.732;1.961;1.277;2.883;0.080;0.767;71728
B31552;2015/03/04 00:59:14;71728;88;30.9;23.2;2.638;2.003;1.277;2.883;0.103;0.816;71729
B31552;2015/03/04 00:59:24;71729;87;28.0;23.9;2.651;2.003;1.319;2.883;0.103;0.809;71730
B31552;2015/03/04 00:59:34;71730;89;27.7;24.1;2.880;1.961;1.319;2.867;0.103;0.806;71731
B31552;2015/03/04 00:59:44;71731;89;30.3;24.1;2.793;1.961;1.332;2.867;0.103;0.774;71732
B31552;2015/03/04 00:59:54;71732;96;26.1;24.1;2.854;1.961;1.332;2.867;0.070;0.770;71733
B31552;2015/03/04 01:00:04;71733;88;30.6;23.7;2.764;1.961;1.335;2.867;0.070;0.777;71734
B31552;2015/03/04 01:00:14;71734;89;31.2;24.3;2.829;1.961;1.335;2.903;0.070;0.783;71735
B31552;2015/03/04 01:00:24;71735;78;31.9;24.3;2.793;1.961;1.280;2.903;0.070;0.809;71736
B31552;2015/03/04 01:00:34;71736;87;26.4;24.4;2.735;1.980;1.280;2.903;0.087;0.790;71737
B31552;2015/03/04 01:00:44;71737;96;25.8;23.6;2.883;1.980;1.267;2.903;0.087;0.770;71738
B31552;2015/03/04 01:00:54;71738;90;31.2;23.6;2.645;1.977;1.267;2.903;0.087;0.806;71739
B31552;2015/03/04 01:01:04;71739;88;27.4;24.3;2.645;1.977;1.293;2.903;0.087;0.780;71740
B31552;2015/03/04 01:01:14;71740;92;28.3;23.6;2.887;1.961;1.293;2.903;0.074;0.777;71741
B31552;2015/03/04 01:01:24;71741;86;30.0;24.8;2.677;1.961;1.267;2.903;0.074;0.809;71742
B31552;2015/03/04 01:01:34;71742;89;30.0;24.3;2.716;1.977;1.267;2.848;0.074;0.806;71743
B31552;2015/03/04 01:01:44;71743;88;29.0;23.4;2.880;1.977;1.280;2.848;0.074;0.809;71744
B31552;2015/03/04 01:01:54;71744;92;30.3;24.3;2.658;1.980;1.280;2.848;0.154;0.780;71745
B31552;2015/03/04 01:02:04;71745;91;25.8;24.1;2.664;1.980;1.274;2.848;0.154;0.799;71746
B31552;2015/03/04 01:02:14;71746;87;26.4;24.1;2.848;1.993;1.274;2.877;0.154;0.806;71747
B31552;2015/03/04 01:02:24;71747;90;27.7;23.9;2.777;1.993;1.277;2.877;0.154;0.793;71748
B31552;2015/03/04 01:02:34;71748;93;30.3;24.4;2.645;2.003;1.277;2.877;0.135;0.777;71749
B31552;2015/03/04 01:02:44;71749;91;27.4;24.1;2.645;2.003;1.316;2.877;0.135;0.796;71750
B31552;2015/03/04 01:02:54;71750;83;26.4;24.1;2.848;1.996;1.316;2.867;0.135;0.767;71751
B31552;2015/03/04 01:03:04;71751;89;27.7;24.4;2.661;1.996;1.274;2.867;0.135;0.783;71752
B31552;2015/03/04 01:03:14;71752;83;31.2;23.9;2.654;1.990;1.274;2.867;0.122;0.799;71753
B31552;2015/03/04 01:03:24;71753;89;27.0;24.1;2.719;1.990;1.274;2.867;0.122;0.799;71754
B31552;2015/03/04 01:03:34;71754;97;29.6;24.3;2.719;2.003;1.274;2.883;0.122;0.770;71755
B31552;2015/03/04 01:03:44;71755;83;31.2;24.1;2.867;2.003;1.280;2.883;0.122;0.770;71756
B31552;2015/03/04 01:03:54;71756;88;30.0;24.3;2.738;1.961;1.280;2.883;0.154;0.787;71757
B31552;2015/03/04 01:04:04;71757;90;30.9;24.3;2.880;1.961;1.280;2.883;0.154;0.770;71758
B31552;2015/03/04 01:04:14;71758;94;30.3;23.9;2.645;2.003;1.280;2.861;0.154;0.770;71759
B31552;2015/03/04 01:04:24;71759;90;30.6;24.6;2.890;2.003;1.267;2.861;0.154;0.783;71760
B31552;2015/03/04 01:04:34;71760;93;31.2;23.9;2.864;1.974;1.267;2.861;0.077;0.780;71761
B31552;2015/03/04 01:04:44;71761;93;25.8;23.9;2.870;1.974;1.335;2.861;0.077;0.809;71762
B31552;2015/03/04 01:04:54;71762;87;30.6;24.3;2.809;1.961;1.335;2.919;0.077;0.774;71763
B31552;2015/03/04 01:05:04;71763;90;27.0;23.6;2.883;1.961;1.335;2.919;0.077;0.764;71764
B31552;2015/03/04 01:05:14;71764;96;26.7;23.9;2.812;2.003;1.335;2.919;0.093;0.764;71765
B31552;2015/03/04 01:05:24;71765;90;30.9;23.2;2.861;2.003;1.335;2.919;0.093;0.770;71766
B31552;2015/03/04 01:05:34;71766;98;30.0;23.9;2.635;2.003;1.335;2.909;0.093;0.799;71767
B31552;2015/03/04 01:05:44;71767;88;28.7;24.1;2.770;2.003;1.293;2.909;0.093;0.796;71768
B31552;2015/03/04 01:05:54;71768;88;29.6;23.6;2.638;1.983;1.293;2.909;0.087;0.790;71769
B31552;2015/03/04 01:06:04;71769;95;30.6;23.9;2.796;1.983;1.267;2.909;0.087;0.790;71770
B31552;2015/03/04 01:06:14;71770;88;29.0;24.1;2.880;1.990;1.267;2.909;0.087;0.790;71771
B31552;2015/03/04 01:06:24;71771;97;30.9;24.1;2.806;1.990;1.270;2.909;0.087;0.816;71772
B31552;2015/03/04 01:06:34;71772;89;28.7;23.6;2.767;1.977;1.270;2.909;0.090;0.770;71773
B31552;2015/03/04 01:06:44;71773;97;29.3;23.9;2.829;1.977;1.267;2.909;0.090;0.806;71774
B31552;2015/03/04 01:06:54;71774;96;30.0;23.6;2.729;1.996;1.267;2.867;0.090;0.783;71775
B31552;2015/03/04 01:07:04;71775;87;29.0;23.1;2.645;1.996;1.283;2.867;0.090;0.796;71776
B31552;2015/03/04 01:07:14;71776;97;29.0;23.4;2.651;1.996;1.283;2.867;0.080;0.822;71777
B31552;2015/03/04 01:07:24;71777;89;29.6;24.1;2.664;1.996;1.270;2.867;0.080;0.770;71778
B31552;2015/03/04 01:07:34;71778;93;25.8;23.9;2.858;1.987;1.270;2.877;0.080;0.809;71779
B31552;2015/03/04 01:07:44;71779;95;27.0;23.1;2.890;1.987;1.335;2.877;0.080;0.806;71780
B31552;2015/03/04 01:07:54;71780;81;30.0;24.3;2.848;2.000;1.335;2.877;0.074;0.783;71781
B31552;2015/03/04 01:08:04;71781;90;28.7;23.7;2.851;2.000;1.274;2.877;0.074;0.777;71782
B31552;2015/03/04 01:08:14;71782;93;26.4;24.3;2.835;2.003;1.274;2.864;0.074;0.777;71783
B31552;2015/03/04 01:08:24;71783;91;30.0;23.6;2.887;2.003;1.293;2.864;0.074;0.770;71784
B31552;2015/03/04 01:08:34;71784;96;29.6;24.3;2.670;1.964;1.293;2.864;0.077;0.777;71785
B31552;2015/03/04 01:08:44;71785;86;29.6;24.1;2.690;1.964;1.322;2.864;0.077;0.803;71786
B31552;2015/03/04 01:08:54;71786;92;26.7;24.1;2.809;1.983;1.322;2.877;0.077;0.812;71787
B31552;2015/03/04 01:09:04;71787;94;29.0;23.6;2.638;1.983;1.325;2.877;0.077;0.780;71788
B31552;2015/03/04 01:09:14;71788;93;31.9;23.9;2.651;1.983;1.325;2.877;0.087;0.770;71789
B31552;2015/03/04 01:09:24;71789;87;30.3;23.7;2.829;1.983;1.322;2.877;0.087;0.770;71790
B31552;2015/03/04 01:09:34;71790;95;26.4;23.7;2.861;2.000;1.322;2.861;0.087;0.764;71791
B31552;2015/03/04 01:09:44;71791;97;27.0;23.6;2.887;2.000;1.325;2.861;0.087;0.761;71792
B31552;2015/03/04 01:09:54;71792;92;30.0;24.1;2.819;1.964;1.325;2.861;0.125;0.764;71793
B31552;2015/03/04 01:10:04;71793;94;28.0;24.4;2.654;1.964;1.277;2.861;0.125;0.764;71794
B31552;2015/03/04 01:10:14;71794;94;31.9;23.6;2.745;2.003;1.277;2.861;0.125;0.764;71795
B31552;2015/03/04 01:10:24;71795;94;26.4;23.6;2.887;2.003;1.335;2.861;0.125;0.764;71796
B31552;2015/03/04 01:10:34;71796;98;27.7;24.6;2.880;2.009;1.335;2.861;0.083;0.780;71797
B31552;2015/03/04 01:10:44;71797;85;27.0;24.1;2.729;2.009;1.338;2.861;0.083;0.764;71798
B31552;2015/03/04 01:10:54;71798;95;27.0;24.1;2.880;2.003;1.338;2.867;0.083;0.806;71799
B31552;2015/03/04 01:11:04;71799;93;31.9;24.6;2.822;2.003;1.293;2.867;0.083;0.767;71800
B31552;2015/03/04 01:11:14;71800;87;31.2;23.9;2.638;1.980;1.293;2.867;0.087;0.777;71801
B31552;2015/03/04 01:11:24;71801;89;31.9;24.4;2.783;1.980;1.325;2.867;0.087;0.816;71802
B31552;2015/03/04 01:11:34;71802;95;32.5;23.4;2.658;1.983;1.325;2.877;0.087;0.796;71803
B31552;2015/03/04 01:11:44;71803;87;28.7;24.3;2.770;1.983;1.290;2.877;0.087;0.777;71804
B31552;2015/03/04 01:11:54;71804;91;28.0;23.9;2.880;1.967;1.290;2.877;0.122;0.777;71805
B31552;2015/03/04 01:12:04;71805;90;32.5;24.3;2.664;1.967;1.329;2.877;0.122;0.793;71806
B31552;2015/03/04 01:12:14;71806;90;32.2;23.4;2.654;1.993;1.329;2.912;0.122;0.774;71807
B31552;2015/03/04 01:12:24;71807;90;30.3;24.6;2.825;1.993;1.332;2.912;0.122;0.777;71808
B31552;2015/03/04 01:12:34;71808;91;27.4;24.3;2.829;1.980;1.332;2.912;0.093;0.793;71809
B31552;2015/03/04 01:12:44;71809;87;30.6;24.1;2.754;1.980;1.325;2.912;0.093;0.764;71810
B31552;2015/03/04 01:12:54;71810;95;30.0;23.7;2.829;2.003;1.325;2.887;0.093;0.806;71811
B31552;2015/03/04 01:13:04;71811;90;28.3;23.4;2.880;2.003;1.277;2.887;0.093;0.761;71812
B31552;2015/03/04 01:13:14;71812;95;27.4;24.1;2.867;1.990;1.277;2.887;0.090;0.819;71813
B31552;2015/03/04 01:13:24;71813;86;28.7;23.6;2.867;1.990;1.274;2.887;0.090;0.767;71814
B31552;2015/03/04 01:13:34;71814;88;30.6;23.1;2.635;2.009;1.274;2.880;0.090;0.764;71815
B31552;2015/03/04 01:13:44;71815;95;32.5;23.4;2.829;2.009;1.341;2.880;0.090;0.770;71816
B31552;2015/03/04 01:13:54;71816;92;26.4;23.9;2.877;1.974;1.341;2.880;0.080;0.796;71817
B31552;2015/03/04 01:14:04;71817;80;33.2;24.1;2.654;1.974;1.277;2.880;0.080;0.796;71818
B31552;2015/03/04 01:14:14;71818;82;32.9;24.1;2.651;1.967;1.277;2.883;0.080;0.796;71819
B31552;2015/03/04 01:14:24;71819;92;27.4;23.1;2.654;1.967;1.274;2.883;0.080;0.774;71820
B31552;2015/03/04 01:14:34;71820;88;26.4;23.7;2.838;1.980;1.274;2.883;0.080;0.793;71821
B31552;2015/03/04 01:14:44;71821;89;29.0;23.7;2.680;1.980;1.277;2.883;0.080;0.770;71822
B31552;2015/03/04 01:14:54;71822;96;26.4;23.7;2.861;1.987;1.277;2.864;0.080;0.799;71823
B31552;2015/03/04 01:15:04;71823;93;33.5;23.6;2.780;1.987;1.274;2.864;0.080;0.809;71824
B31552;2015/03/04 01:15:14;71824;79;29.0;23.6;2.838;2.009;1.274;2.864;0.074;0.767;71825
B31552;2015/03/04 01:15:24;71825;92;30.0;24.3;2.812;2.009;1.325;2.864;0.074;0.793;71826
B31552;2015/03/04 01:15:34;71826;88;28.7;23.2;2.835;1.996;1.325;2.912;0.074;0.774;71827
B31552;2015/03/04 01:15:44;71827;93;25.8;23.9;2.864;1.996;1.335;2.912;0.074;0.793;71828
B31552;2015/03/04 01:15:54;71828;88;25.8;23.6;2.822;2.009;1.335;2.912;0.154;0.758;71829
B31552;2015/03/04 01:16:04;71829;95;26.4;23.9;2.854;2.009;1.338;2.912;0.154;0.774;71830
B31552;2015/03/04 01:16:14;71830;93;30.6;23.9;2.670;2.003;1.338;2.861;0.154;0.783;71831
B31552;2015/03/04 01:16:24;71831;88;31.9;24.3;2.796;2.003;1.341;2.861;0.154;0.764;71832
B31552;2015/03/04 01:16:34;71832;96;29.3;23.9;2.654;1.967;1.341;2.861;0.106;0.764;71833
B31552;2015/03/04 01:16:44;71833;91;29.6;23.6;2.829;1.967;1.274;2.861;0.106;0.761;71834
B31552;2015/03/04 01:16:54;71834;94;30.0;24.1;2.741;2.009;1.274;2.909;0.106;0.767;71835
B31552;2015/03/04 01:17:04;71835;88;29.6;23.9;2.716;2.009;1.338;2.909;0.106;0.783;71836
B31552;2015/03/04 01:17:14;71836;90;32.5;23.9;2.638;2.000;1.338;2.909;0.209;0.809;71837
B31552;2015/03/04 01:17:24;71837;88;30.6;24.1;2.680;2.000;1.283;2.909;0.209;0.774;71838
B31552;2015/03/04 01:17:34;71838;94;27.0;24.3;2.645;2.006;1.283;2.912;0.209;0.790;71839
B31552;2015/03/04 01:17:44;71839;80;29.0;23.9;2.793;2.006;1.287;2.912;0.209;0.787;71840
B31552;2015/03/04 01:17:54;71840;98;25.8;24.1;2.822;1.964;1.287;2.912;0.074;0.770;71841
B31552;2015/03/04 01:18:04;71841;97;27.0;23.7;2.651;1.964;1.277;2.912;0.074;0.764;71842
B31552;2015/03/04 01:18:14;71842;91;29.6;23.9;2.648;1.990;1.277;2.867;0.074;0.806;71843
B31552;2015/03/04 01:18:24;71843;94;28.7;24.1;2.764;1.990;1.306;2.867;0.074;0.774;71844
B31552;2015/03/04 01:18:34;71844;93;31.2;23.6;2.658;1.996;1.306;2.867;0.070;0.770;71845
B31552;2015/03/04 01:18:44;71845;84;29.3;24.1;2.677;1.996;1.338;2.867;0.070;0.780;71846
B31552;2015/03/04 01:18:54;71846;98;31.6;23.6;2.735;1.967;1.338;2.883;0.070;0.806;71847
B31552;2015/03/04 01:19:04;71847;91;30.9;24.6;2.829;1.967;1.338;2.883;0.070;0.799;71848
B31552;2015/03/04 01:19:14;71848;97;32.9;24.6;2.658;2.009;1.338;2.883;0.109;0.774;71849
B31552;2015/03/04 01:19:24;71849;94;29.6;23.7;2.806;2.009;1.277;2.883;0.109;0.796;71850
B31552;2015/03/04 01:19:34;71850;90;27.7;24.1;2.880;2.009;1.277;2.896;0.109;0.767;71851
B31552;2015/03/04 01:19:44;71851;91;30.6;23.9;2.719;2.009;1.293;2.896;0.109;0.787;71852
B31552;2015/03/04 01:19:54;71852;93;29.0;23.9;2.745;2.009;1.293;2.896;0.080;0.790;71853
B31552;2015/03/04 01:20:04;71853;92;26.7;23.7;2.690;2.009;1.283;2.896;0.080;0.796;71854
B31552;2015/03/04 01:20:14;71854;98;27.0;24.1;2.874;1.980;1.283;2.912;0.080;0.799;71855
B31552;2015/03/04 01:20:24;71855;93;29.3;23.7;2.667;1.980;1.341;2.912;0.080;0.787;71856
B31552;2015/03/04 01:20:34;71856;80;28.3;23.7;2.867;1.967;1.341;2.912;0.070;0.770;71857
B31552;2015/03/04 01:20:44;71857;88;26.4;23.7;2.664;1.967;1.309;2.912;0.070;0.764;71858
B31552;2015/03/04 01:20:54;71858;97;27.0;23.7;2.874;2.003;1.309;2.909;0.070;0.764;71859
B31552;2015/03/04 01:21:04;71859;89;30.0;23.7;2.651;2.003;1.293;2.909;0.070;0.787;71860
B31552;2015/03/04 01:21:14;71860;87;31.2;23.6;2.638;1.996;1.293;2.909;0.093;0.799;71861
B31552;2015/03/04 01:21:24;71861;87;27.4;23.9;2.880;1.996;1.280;2.909;0.093;0.774;71862
B31552;2015/03/04 01:21:34;71862;84;25.8;24.1;2.848;2.003;1.280;2.909;0.093;0.770;71863
B31552;2015/03/04 01:21:44;71863;88;29.6;23.9;2.664;2.003;1.277;2.909;0.093;0.796;71864
B31552;2015/03/04 01:21:54;71864;89;29.3;24.1;2.729;1.983;1.277;2.909;0.112;0.780;71865
B31552;2015/03/04 01:22:04;71865;95;29.6;24.3;2.803;1.983;1.280;2.909;0.112;0.787;71866
B31552;2015/03/04 01:22:14;71866;92;31.6;23.7;2.638;1.967;1.280;2.861;0.112;0.806;71867
B31552;2015/03/04 01:22:24;71867;85;33.2;24.1;2.803;1.967;1.335;2.861;0.112;0.774;71868
B31552;2015/03/04 01:22:34;71868;90;29.6;23.6;2.748;2.009;1.335;2.861;0.103;0.799;71869
B31552;2015/03/04 01:22:44;71869;81;25.8;23.7;2.887;2.009;1.296;2.861;0.103;0.770;71870
B31552;2015/03/04 01:22:54;71870;83;27.7;24.1;2.880;1.977;1.296;2.896;0.103;0.783;71871
B31552;2015/03/04 01:23:04;71871;91;27.0;24.1;2.716;1.977;1.280;2.896;0.103;0.796;71872
B31552;2015/03/04 01:23:14;71872;86;26.4;23.9;2.696;1.987;1.280;2.896;0.096;0.816;71873
B31552;2015/03/04 01:23:24;71873;86;28.7;23.9;2.848;1.987;1.316;2.896;0.096;0.761;71874
B31552;2015/03/04 01:23:34;71874;83;31.2;23.6;2.645;1.983;1.316;2.877;0.096;0.764;71875
B31552;2015/03/04 01:23:44;71875;94;29.6;24.1;2.699;1.983;1.329;2.877;0.096;0.787;71876
B31552;2015/03/04 01:23:54;71876;89;28.7;24.3;2.880;1.970;1.329;2.877;0.112;0.793;71877
B31552;2015/03/04 01:24:04;71877;89;31.6;24.6;2.835;1.970;1.341;2.877;0.112;0.764;71878
B31552;2015/03/04 01:24:14;71878;89;28.3;24.1;2.880;2.000;1.341;2.880;0.112;0.787;71879
B31552;2015/03/04 01:24:24;71879;88;25.8;24.3;2.664;2.000;1.325;2.880;0.112;0.774;71880
B31552;2015/03/04 01:24:34;71880;91;30.0;24.3;2.680;1.993;1.325;2.880;0.125;0.761;71881
B31552;2015/03/04 01:24:44;71881;85;28.7;24.3;2.664;1.993;1.293;2.880;0.125;0.780;71882
B31552;2015/03/04 01:24:54;71882;91;28.3;24.4;2.793;2.000;1.293;2.922;0.125;0.764;71883
B31552;2015/03/04 01:25:04;71883;97;28.7;23.7;2.667;2.000;1.306;2.922;0.125;0.764;71884
B31552;2015/03/04 01:25:14;71884;87;30.9;24.3;2.716;2.000;1.306;2.922;0.080;0.803;71885
B31552;2015/03/04 01:25:24;71885;93;29.6;23.7;2.664;2.000;1.338;2.922;0.080;0.758;71886
B31552;2015/03/04 01:25:34;71886;96;26.1;23.7;2.841;1.993;1.338;2.893;0.080;0.796;71887
B31552;2015/03/04 01:25:44;71887;78;30.6;23.9;2.661;1.993;1.325;2.893;0.080;0.764;71888
B31552;2015/03/04 01:25:54;71888;88;26.4;24.4;2.696;1.977;1.325;2.893;0.093;0.780;71889
B31552;2015/03/04 01:26:04;71889;96;25.8;24.3;2.858;1.977;1.280;2.893;0.093;0.761;71890
B31552;2015/03/04 01:26:14;71890;96;27.7;24.4;2.874;1.983;1.280;2.867;0.093;0.758;71891
B31552;2015/03/04 01:26:24;71891;93;32.5;24.1;2.654;1.983;1.332;2.867;0.093;0.793;71892
B31552;2015/03/04 01:26:34;71892;90;30.0;23.7;2.706;1.990;1.332;2.867;0.196;0.764;71893
B31552;2015/03/04 01:26:44;71893;93;29.6;24.1;2.677;1.990;1.329;2.867;0.196;0.809;71894
B31552;2015/03/04 01:26:54;71894;93;26.4;24.6;2.638;1.980;1.329;2.887;0.196;0.787;71895
B31552;2015/03/04 01:27:04;71895;87;26.4;23.7;2.854;1.980;1.277;2.887;0.196;0.793;71896
B31552;2015/03/04 01:27:14;71896;83;31.6;23.7;2.664;2.006;1.277;2.887;0.080;0.764;71897
B31552;2015/03/04 01:27:24;71897;96;29.3;23.6;2.822;2.006;1.319;2.887;0.080;0.777;71898
B31552;2015/03/04 01:27:34;71898;90;27.0;24.1;2.645;2.003;1.319;2.870;0.080;0.777;71899
B31552;2015/03/04 01:27:44;71899;78;28.3;23.7;2.887;2.003;1.290;2.870;0.080;0.809;71900
B31552;2015/03/04 01:27:54;71900;87;26.4;24.1;2.687;1.970;1.290;2.870;0.103;0.799;71901
B31552;2015/03/04 01:28:04;71901;93;29.3;24.6;2.796;1.970;1.290;2.870;0.103;0.809;71902
B31552;2015/03/04 01:28:14;71902;91;27.0;24.4;2.880;1.970;1.290;2.890;0.103;0.796;71903
B31552;2015/03/04 01:28:24;71903;89;26.4;23.7;2.645;1.970;1.319;2.890;0.103;0.803;71904
B31552;2015/03/04 01:28:34;71904;92;29.3;23.9;2.645;1.983;1.319;2.890;0.080;0.787;71905
B31552;2015/03/04 01:28:44;71905;97;27.0;23.2;2.887;1.983;1.287;2.890;0.080;0.774;71906
B31552;2015/03/04 01:28:54;71906;86;32.5;24.6;2.722;2.016;1.287;2.903;0.080;0.770;71907
B31552;2015/03/04 01:29:04;71907;94;31.9;23.6;2.864;2.016;1.287;2.903;0.080;0.787;71908
B31552;2015/03/04 01:29:14;71908;93;29.3;23.7;2.754;1.980;1.287;2.903;0.138;0.796;71909
B31552;2015/03/04 01:29:24;71909;77;29.6;23.9;2.680;1.980;1.312;2.903;0.138;0.770;71910
B31552;2015/03/04 01:29:34;71910;91;29.6;23.6;2.645;1.980;1.312;2.880;0.138;0.783;71911
B31552;2015/03/04 01:29:44;71911;91;31.2;24.4;2.687;1.980;1.293;2.880;0.138;0.767;71912
B31552;2015/03/04 01:29:54;71912;88;30.6;23.2;2.645;2.006;1.293;2.880;0.093;0.796;71913
B31552;2015/03/04 01:30:04;71913;94;26.4;23.9;2.870;2.006;1.280;2.880;0.093;0.809;71914
B31552;2015/03/04 01:30:14;71914;89;30.0;23.7;2.725;1.977;1.280;2.880;0.093;0.783;71915
B31552;2015/03/04 01:30:24;71915;88;28.7;23.7;2.661;1.977;1.325;2.880;0.093;0.764;71916
B31552;2015/03/04 01:30:34;71916;88;29.3;23.7;2.732;1.990;1.325;2.880;0.109;0.777;71917
B31552;2015/03/04 01:30:44;71917;80;27.7;24.3;2.699;1.990;1.277;2.880;0.109;0.780;71918
B31552;2015/03/04 01:30:54;71918;91;27.4;24.1;2.864;1.987;1.277;2.887;0.109;0.764;71919
B31552;2015/03/04 01:31:04;71919;94;29.0;23.7;2.658;1.987;1.280;2.887;0.109;0.780;71920
B31552;2015/03/04 01:31:14;71920;91;31.9;24.1;2.693;1.970;1.280;2.887;0.141;0.790;71921
B31552;2015/03/04 01:31:24;71921;84;29.6;24.3;2.890;1.970;1.280;2.887;0.141;0.780;71922
B31552;2015/03/04 01:31:34;71922;96;32.5;23.2;2.645;1.980;1.280;2.922;0.141;0.780;71923
B31552;2015/03/04 01:31:44;71923;80;29.6;24.3;2.806;1.980;1.287;2.922;0.141;0.799;71924
B31552;2015/03/04 01:31:54;71924;87;28.0;24.4;2.796;2.016;1.287;2.922;0.096;0.777;71925
B31552;2015/03/04 01:32:04;71925;93;28.7;23.7;2.841;2.016;1.332;2.922;0.096;0.774;71926
B31552;2015/03/04 01:32:14;71926;93;33.5;23.6;2.748;1.993;1.332;2.874;0.096;0.767;71927
B31552;2015/03/04 01:32:24;71927;91;25.8;23.6;2.645;1.993;1.287;2.874;0.096;0.809;71928
B31552;2015/03/04 01:32:34;71928;93;28.7;24.1;2.861;1.974;1.287;2.874;0.077;0.787;71929
B31552;2015/03/04 01:32:44;71929;82;31.2;24.1;2.780;1.974;1.341;2.874;0.077;0.783;71930
B31552;2015/03/04 01:32:54;71930;87;31.9;23.6;2.796;2.003;1.341;2.916;0.077;0.803;71931
B31552;2015/03/04 01:33:04;71931;94;30.0;23.7;2.883;2.003;1.277;2.916;0.077;0.761;71932
B31552;2015/03/04 01:33:14;71932;92;31.6;23.6;2.645;2.003;1.277;2.916;0.080;0.796;71933
B31552;2015/03/04 01:33:24;71933;90;30.3;24.4;2.819;2.003;1.280;2.916;0.080;0.809;71934
B31552;2015/03/04 01:33:34;71934;87;29.3;23.7;2.864;2.003;1.280;2.874;0.080;0.799;71935
B31552;2015/03/04 01:33:44;71935;90;26.7;23.9;2.703;2.003;1.280;2.874;0.080;0.761;71936
B31552;2015/03/04 01:33:54;71936;83;26.4;23.7;2.832;2.009;1.280;2.874;0.083;0.796;71937
B31552;2015/03/04 01:34:04;71937;86;25.8;23.7;2.887;2.009;1.293;2.874;0.083;0.758;71938
B31552;2015/03/04 01:34:14;71938;93;31.2;23.9;2.861;1.974;1.293;2.887;0.083;0.780;71939
B31552;2015/03/04 01:34:24;71939;87;28.0;24.3;2.880;1.974;1.290;2.887;0.083;0.754;71940
B31552;2015/03/04 01:34:34;71940;88;27.7;24.4;2.880;1.974;1.290;2.887;0.090;0.777;71941
B31552;2015/03/04 01:34:44;71941;91;30.0;23.2;2.854;1.974;1.277;2.887;0.090;0.780;71942
B31552;2015/03/04 01:34:54;71942;93;27.7;23.9;2.880;1.990;1.277;2.929;0.090;0.777;71943
B31552;2015/03/04 01:35:04;71943;89;28.3;24.3;2.661;1.990;1.283;2.929;0.090;0.803;71944
B31552;2015/03/04 01:35:14;71944;89;26.4;24.1;2.848;2.006;1.283;2.929;0.154;0.758;71945
B31552;2015/03/04 01:35:24;71945;93;29.6;23.9;2.677;2.006;1.332;2.929;0.154;0.764;71946
B31552;2015/03/04 01:35:34;71946;93;30.3;23.9;2.880;2.012;1.332;2.916;0.154;0.767;71947
B31552;2015/03/04 01:35:44;71947;87;29.3;24.6;2.829;2.012;1.348;2.916;0.154;0.767;71948
B31552;2015/03/04 01:35:54;71948;91;29.3;24.3;2.793;2.012;1.348;2.916;0.080;0.767;71949
B31552;2015/03/04 01:36:04;71949;94;30.0;23.6;2.845;2.012;1.280;2.916;0.080;0.783;71950
B31552;2015/03/04 01:36:14;71950;93;26.4;24.1;2.648;2.006;1.280;2.903;0.080;0.770;71951
B31552;2015/03/04 01:36:24;71951;88;31.2;23.7;2.816;2.006;1.332;2.903;0.080;0.764;71952
B31552;2015/03/04 01:36:34;71952;94;31.9;23.2;2.651;1.987;1.332;2.903;0.103;0.758;71953
B31552;2015/03/04 01:36:44;71953;93;27.4;23.7;2.654;1.987;1.280;2.903;0.103;0.793;71954
B31552;2015/03/04 01:36:54;71954;81;26.4;23.7;2.854;2.006;1.280;2.925;0.103;0.783;71955
B31552;2015/03/04 01:37:04;71955;79;27.4;24.1;2.661;2.006;1.283;2.925;0.103;0.761;71956
B31552;2015/03/04 01:37:14;71956;87;27.0;24.1;2.880;1.996;1.283;2.925;0.087;0.764;71957
B31552;2015/03/04 01:37:24;71957;90;26.4;23.9;2.806;1.996;1.280;2.925;0.087;0.793;71958
B31552;2015/03/04 01:37:34;71958;96;25.8;24.1;2.829;1.977;1.280;2.890;0.087;0.787;71959
B31552;2015/03/04 01:37:44;71959;88;31.6;23.4;2.861;1.977;1.290;2.890;0.087;0.764;71960
B31552;2015/03/04 01:37:54;71960;86;28.3;23.7;2.754;1.977;1.290;2.890;0.096;0.777;71961
B31552;2015/03/04 01:38:04;71961;84;25.8;23.9;2.887;1.977;1.322;2.890;0.096;0.764;71962
B31552;2015/03/04 01:38:14;71962;89;29.3;24.1;2.754;1.974;1.322;2.929;0.096;0.777;71963
B31552;2015/03/04 01:38:24;71963;83;30.3;23.4;2.861;1.974;1.283;2.929;0.096;0.796;71964
B31552;2015/03/04 01:38:34;71964;91;27.0;24.1;2.864;2.019;1.283;2.929;0.093;0.764;71965
B31552;2015/03/04 01:38:44;71965;83;25.8;24.1;2.658;2.019;1.280;2.929;0.093;0.809;71966
B31552;2015/03/04 01:38:54;71966;88;27.7;24.4;2.803;2.012;1.280;2.932;0.093;0.770;71967
B31552;2015/03/04 01:39:04;71967;90;27.7;24.1;2.654;2.012;1.316;2.932;0.093;0.803;71968
B31552;2015/03/04 01:39:14;71968;91;27.0;24.4;2.783;2.012;1.316;2.932;0.158;0.793;71969
B31552;2015/03/04 01:39:24;71969;96;28.3;23.2;2.645;2.012;1.280;2.932;0.158;0.787;71970
B31552;2015/03/04 01:39:34;71970;89;31.9;23.9;2.651;2.016;1.280;2.916;0.158;0.774;71971
B31552;2015/03/04 01:39:44;71971;91;29.0;23.6;2.880;2.016;1.283;2.916;0.158;0.803;71972
B31552;2015/03/04 01:39:54;71972;84;30.0;24.1;2.741;1.983;1.283;2.916;0.093;0.770;71973
B31552;2015/03/04 01:40:04;71973;89;28.3;23.7;2.658;1.983;1.338;2.916;0.093;0.799;71974
B31552;2015/03/04 01:40:14;71974;95;26.7;23.7;2.854;2.012;1.338;2.916;0.093;0.774;71975
B31552;2015/03/04 01:40:24;71975;91;31.2;24.1;2.883;2.012;1.322;2.916;0.093;0.764;71976
B31552;2015/03/04 01:40:34;71976;94;29.6;23.6;2.632;1.990;1.322;2.916;0.090;0.774;71977
B31552;2015/03/04 01:40:44;71977;88;32.5;23.7;2.780;1.990;1.348;2.916;0.090;0.764;71978
B31552;2015/03/04 01:40:54;71978;93;26.7;24.1;2.645;2.006;1.348;2.929;0.090;0.799;71979
B31552;2015/03/04 01:41:04;71979;87;27.0;24.1;2.645;2.006;1.309;2.929;0.090;0.767;71980
B31552;2015/03/04 01:41:14;71980;93;30.0;24.1;2.767;1.977;1.309;2.929;0.074;0.770;71981
B31552;2015/03/04 01:41:24;71981;88;29.0;24.3;2.783;1.977;1.280;2.929;0.074;0.764;71982
B31552;2015/03/04 01:41:34;71982;97;26.7;24.1;2.796;2.022;1.280;2.916;0.074;0.761;71983
B31552;2015/03/04 01:41:44;71983;93;27.4;24.1;2.645;2.022;1.341;2.916;0.074;0.774;71984
B31552;2015/03/04 01:41:54;71984;94;30.0;24.4;2.796;1.977;1.341;2.916;0.093;0.777;71985
B31552;2015/03/04 01:42:04;71985;92;25.4;23.7;2.858;1.977;1.280;2.916;0.093;0.816;71986
B31552;2015/03/04 01:42:14;71986;88;30.9;24.3;2.754;1.977;1.280;2.893;0.093;0.783;71987
B31552;2015/03/04 01:42:24;71987;94;25.8;24.1;2.864;1.977;1.287;2.893;0.093;0.777;71988
B31552;2015/03/04 01:42:34;71988;90;32.2;23.6;2.751;1.996;1.287;2.893;0.109;0.783;71989
B31552;2015/03/04 01:42:44;71989;80;26.7;23.7;2.887;1.996;1.335;2.893;0.109;0.780;71990
B31552;2015/03/04 01:42:54;71990;97;27.4;24.1;2.822;2.000;1.335;2.922;0.109;0.793;71991
B31552;2015/03/04 01:43:04;71991;93;29.6;23.6;2.867;2.000;1.306;2.922;0.109;0.793;71992
B31552;2015/03/04 01:43:14;71992;90;30.3;23.9;2.880;2.012;1.306;2.922;0.077;0.764;71993
B31552;2015/03/04 01:43:24;71993;90;33.2;24.4;2.664;2.012;1.296;2.922;0.077;0.774;71994
B31552;2015/03/04 01:43:34;71994;90;26.4;24.1;2.854;2.006;1.296;2.896;0.077;0.780;71995
B31552;2015/03/04 01:43:44;71995;89;27.7;24.4;2.858;2.006;1.287;2.896;0.077;0.793;71996
B31552;2015/03/04 01:43:54;71996;88;28.0;24.1;2.880;2.006;1.287;2.896;0.074;0.793;71997
B31552;2015/03/04 01:44:04;71997;96;33.2;24.3;2.780;2.006;1.296;2.896;0.074;0.793;71998
B31552;2015/03/04 01:44:14;71998;97;30.3;23.9;2.658;1.993;1.296;2.922;0.074;0.796;71999
B31552;2015/03/04 01:44:24;71999;91;32.5;24.1;2.654;1.993;1.348;2.922;0.074;0.764;72000
B31552;2015/03/04 01:44:34;72000;95;27.0;24.4;2.880;2.012;1.348;2.922;0.077;0.758;72001
B31552;2015/03/04 01:44:44;72001;81;30.9;24.3;2.758;2.012;1.351;2.922;0.077;0.761;72002
B31552;2015/03/04 01:44:54;72002;95;28.3;24.6;2.880;1.987;1.351;2.903;0.077;0.787;72003
B31552;2015/03/04 01:45:04;72003;88;28.0;24.3;2.770;1.987;1.303;2.903;0.077;0.787;72004
B31552;2015/03/04 01:45:14;72004;98;32.5;23.7;2.632;2.019;1.303;2.903;0.122;0.803;72005
B31552;2015/03/04 01:45:24;72005;93;30.3;23.7;2.867;2.019;1.280;2.903;0.122;0.758;72006
B31552;2015/03/04 01:45:34;72006;88;30.6;24.4;2.741;2.003;1.280;2.922;0.122;0.796;72007
B31552;2015/03/04 01:45:44;72007;82;28.7;24.3;2.867;2.003;1.287;2.922;0.122;0.783;72008
B31552;2015/03/04 01:45:54;72008;98;32.2;24.3;2.838;1.983;1.287;2.922;0.141;0.793;72009
B31552;2015/03/04 01:46:04;72009;94;30.3;24.4;2.693;1.983;1.319;2.922;0.141;0.774;72010
B31552;2015/03/04 01:46:14;72010;89;29.0;23.6;2.664;1.980;1.319;2.925;0.141;0.806;72011
B31552;2015/03/04 01:46:24;72011;94;29.3;24.1;2.670;1.980;1.287;2.925;0.141;0.770;72012
B31552;2015/03/04 01:46:34;72012;88;26.4;24.1;2.864;1.987;1.287;2.925;0.077;0.777;72013
B31552;2015/03/04 01:46:44;72013;91;29.3;24.6;2.670;1.987;1.283;2.925;0.077;0.777;72014
B31552;2015/03/04 01:46:54;72014;78;31.2;24.3;2.835;2.003;1.283;2.932;0.077;0.793;72015
B31552;2015/03/04 01:47:04;72015;88;26.7;23.9;2.877;2.003;1.319;2.932;0.077;0.796;72016
B31552;2015/03/04 01:47:14;72016;93;26.7;24.1;2.796;2.000;1.319;2.932;0.103;0.764;72017
B31552;2015/03/04 01:47:24;72017;91;31.9;24.3;2.754;2.000;1.351;2.932;0.103;0.803;72018
B31552;2015/03/04 01:47:34;72018;90;29.0;23.7;2.861;2.000;1.351;2.887;0.103;0.787;72019
B31552;2015/03/04 01:47:44;72019;91;28.3;24.3;2.658;2.000;1.287;2.887;0.103;0.799;72020
B31552;2015/03/04 01:47:54;72020;95;30.0;24.1;2.854;1.980;1.287;2.887;0.148;0.793;72021
B31552;2015/03/04 01:48:04;72021;94;27.0;23.9;2.880;1.980;1.303;2.887;0.148;0.796;72022
B31552;2015/03/04 01:48:14;72022;88;27.4;24.6;2.880;1.990;1.303;2.893;0.148;0.764;72023
B31552;2015/03/04 01:48:24;72023;90;28.3;23.9;2.741;1.990;1.287;2.893;0.148;0.777;72024
B31552;2015/03/04 01:48:34;72024;89;27.0;24.4;2.780;1.980;1.287;2.893;0.093;0.764;72025
B31552;2015/03/04 01:48:44;72025;92;31.9;24.3;2.793;1.980;1.351;2.893;0.093;0.796;72026
B31552;2015/03/04 01:48:54;72026;94;31.9;24.1;2.854;2.016;1.351;2.887;0.093;0.796;72027
B31552;2015/03/04 01:49:04;72027;90;26.7;23.4;2.890;2.016;1.283;2.887;0.093;0.777;72028
B31552;2015/03/04 01:49:14;72028;92;27.7;24.4;2.783;2.003;1.283;2.887;0.138;0.764;72029
B31552;2015/03/04 01:49:24;72029;87;32.5;23.9;2.645;2.003;1.316;2.887;0.138;0.803;72030
B31552;2015/03/04 01:49:34;72030;90;29.0;23.6;2.738;2.019;1.316;2.899;0.138;0.770;72031
B31552;2015/03/04 01:49:44;72031;88;29.6;23.7;2.674;2.019;1.283;2.899;0.138;0.803;72032
B31552;2015/03/04 01:49:54;72032;93;26.4;23.7;2.867;2.003;1.283;2.899;0.209;0.764;72033
B31552;2015/03/04 01:50:04;72033;89;30.0;23.6;2.683;2.003;1.283;2.899;0.209;0.790;72034
B31552;2015/03/04 01:50:14;72034;93;33.5;24.4;2.829;1.980;1.283;2.906;0.209;0.787;72035
B31552;2015/03/04 01:50:24;72035;97;26.4;23.7;2.680;1.980;1.335;2.906;0.209;0.787;72036
B31552;2015/03/04 01:50:34;72036;90;31.6;23.7;2.670;1.990;1.335;2.906;0.177;0.793;72037
B31552;2015/03/04 01:50:44;72037;91;29.3;23.2;2.841;1.990;1.351;2.906;0.177;0.799;72038
B31552;2015/03/04 01:50:54;72038;93;27.7;24.4;2.880;2.022;1.351;2.938;0.177;0.770;72039
B31552;2015/03/04 01:51:04;72039;82;28.0;23.7;2.725;2.022;1.351;2.938;0.177;0.777;72040
B31552;2015/03/04 01:51:14;72040;84;28.7;23.6;2.770;1.980;1.351;2.938;0.093;0.774;72041
B31552;2015/03/04 01:51:24;72041;90;29.6;24.6;2.835;1.980;1.287;2.938;0.093;0.764;72042
B31552;2015/03/04 01:51:34;72042;97;29.0;23.2;2.658;1.977;1.287;2.893;0.093;0.787;72043
B31552;2015/03/04 01:51:44;72043;93;31.2;23.9;2.767;1.977;1.293;2.893;0.093;0.770;72044
B31552;2015/03/04 01:51:54;72044;94;27.0;24.1;2.880;1.987;1.293;2.893;0.122;0.790;72045
B31552;2015/03/04 01:52:04;72045;78;28.7;23.9;2.858;1.987;1.293;2.893;0.122;0.809;72046
B31552;2015/03/04 01:52:14;72046;92;28.7;25.0;2.861;2.022;1.293;2.890;0.122;0.770;72047
B31552;2015/03/04 01:52:24;72047;93;28.3;23.4;2.880;2.022;1.287;2.890;0.122;0.809;72048
B31552;2015/03/04 01:52:34;72048;88;33.2;23.9;2.880;2.003;1.287;2.890;0.090;0.790;72049
B31552;2015/03/04 01:52:44;72049;87;25.8;23.7;2.667;2.003;1.303;2.890;0.090;0.803;72050
B31552;2015/03/04 01:52:54;72050;93;29.6;24.1;2.838;2.016;1.303;2.899;0.090;0.764;72051
B31552;2015/03/04 01:53:04;72051;93;27.0;24.3;2.645;2.016;1.287;2.899;0.090;0.764;72052
B31552;2015/03/04 01:53:14;72052;90;27.0;23.9;2.783;1.987;1.287;2.899;0.096;0.806;72053
B31552;2015/03/04 01:53:24;72053;87;31.2;23.7;2.693;1.987;1.283;2.899;0.096;0.793;72054
B31552;2015/03/04 01:53:34;72054;98;28.3;23.7;2.880;2.012;1.283;2.922;0.096;0.777;72055
B31552;2015/03/04 01:53:44;72055;83;33.2;23.9;2.664;2.012;1.322;2.922;0.096;0.770;72056
B31552;2015/03/04 01:53:54;72056;89;27.0;23.9;2.867;2.009;1.322;2.922;0.109;0.787;72057
B31552;2015/03/04 01:54:04;72057;87;31.2;24.1;2.841;2.009;1.316;2.922;0.109;0.777;72058
B31552;2015/03/04 01:54:14;72058;88;27.7;24.1;2.880;2.003;1.316;2.893;0.109;0.812;72059
B31552;2015/03/04 01:54:24;72059;83;26.7;24.1;2.645;2.003;1.283;2.893;0.109;0.793;72060
B31552;2015/03/04 01:54:34;72060;91;31.2;23.7;2.664;1.980;1.283;2.893;0.103;0.806;72061
B31552;2015/03/04 01:54:44;72061;85;32.5;23.7;2.803;1.980;1.296;2.893;0.103;0.767;72062
B31552;2015/03/04 01:54:54;72062;90;32.2;23.2;2.651;2.022;1.296;2.935;0.103;0.796;72063
B31552;2015/03/04 01:55:04;72063;93;28.7;24.1;2.664;2.022;1.319;2.935;0.103;0.767;72064
B31552;2015/03/04 01:55:14;72064;92;30.0;24.1;2.638;2.003;1.319;2.935;0.080;0.787;72065
B31552;2015/03/04 01:55:24;72065;93;27.7;23.2;2.880;2.003;1.348;2.935;0.080;0.806;72066
B31552;2015/03/04 01:55:34;72066;91;28.7;23.6;2.677;2.009;1.348;2.899;0.080;0.780;72067
B31552;2015/03/04 01:55:44;72067;86;28.7;24.1;2.658;2.009;1.283;2.899;0.080;0.793;72068
B31552;2015/03/04 01:55:54;72068;96;27.0;24.1;2.874;2.012;1.283;2.899;0.135;0.764;72069
B31552;2015/03/04 01:56:04;72069;85;25.8;23.2;2.651;2.012;1.287;2.899;0.135;0.764;72070
B31552;2015/03/04 01:56:14;72070;91;25.8;23.7;2.880;1.980;1.287;2.903;0.135;0.799;72071
B31552;2015/03/04 01:56:24;72071;96;28.3;23.7;2.880;1.980;1.351;2.903;0.135;0.777;72072
B31552;2015/03/04 01:56:34;72072;83;29.3;23.9;2.825;2.019;1.351;2.903;0.080;0.764;72073
B31552;2015/03/04 01:56:44;72073;80;31.2;23.7;2.741;2.019;1.287;2.903;0.080;0.799;72074
B31552;2015/03/04 01:56:54;72074;80;27.0;24.8;2.803;2.025;1.287;2.909;0.080;0.799;72075
B31552;2015/03/04 01:57:04;72075;90;29.3;24.1;2.783;2.025;1.300;2.909;0.080;0.796;72076
B31552;2015/03/04 01:57:14;72076;95;30.0;23.7;2.861;1.987;1.300;2.909;0.151;0.806;72077
B31552;2015/03/04 01:57:24;72077;86;30.0;24.6;2.877;1.987;1.348;2.909;0.151;0.796;72078
B31552;2015/03/04 01:57:34;72078;97;27.7;24.4;2.770;1.983;1.348;2.938;0.151;0.787;72079
B31552;2015/03/04 01:57:44;72079;83;27.0;24.1;2.645;1.983;1.303;2.938;0.151;0.764;72080
B31552;2015/03/04 01:57:54;72080;97;28.7;24.6;2.670;2.019;1.303;2.938;0.090;0.777;72081
B31552;2015/03/04 01:58:04;72081;90;26.1;23.7;2.806;2.019;1.329;2.938;0.090;0.796;72082
B31552;2015/03/04 01:58:14;72082;81;29.6;24.1;2.758;2.019;1.329;2.935;0.090;0.774;72083
B31552;2015/03/04 01:58:24;72083;88;28.0;24.1;2.867;2.019;1.354;2.935;0.090;0.796;72084
B31552;2015/03/04 01:58:34;72084;91;27.4;24.1;2.822;2.016;1.354;2.935;0.135;0.806;72085
B31552;2015/03/04 01:58:44;72085;94;30.3;24.1;2.816;2.016;1.296;2.935;0.135;0.764;72086
B31552;2015/03/04 01:58:54;72086;89;29.3;24.3;2.699;2.019;1.296;2.938;0.135;0.777;72087
B31552;2015/03/04 01:59:04;72087;94;26.4;23.7;2.887;2.019;1.341;2.938;0.135;0.770;72088
B31552;2015/03/04 01:59:14;72088;95;26.7;23.9;2.806;1.983;1.341;2.938;0.183;0.787;72089
B31552;2015/03/04 01:59:24;72089;89;30.3;23.9;2.854;1.983;1.290;2.938;0.183;0.777;72090
B31552;2015/03/04 01:59:34;72090;91;29.6;23.7;2.654;1.980;1.290;2.890;0.183;0.770;72091
B31552;2015/03/04 01:59:44;72091;85;27.4;23.9;2.887;1.980;1.283;2.890;0.183;0.793;72092
B31552;2015/03/04 01:59:54;72092;98;28.7;23.9;2.822;2.000;1.283;2.890;0.135;0.793;72093
B31552;2015/03/04 02:00:04;72093;89;31.9;23.9;2.664;2.000;1.303;2.890;0.135;0.764;72094
B31552;2015/03/04 02:00:14;72094;81;31.9;24.1;2.703;2.006;1.303;2.896;0.135;0.770;72095
B31552;2015/03/04 02:00:24;72095;88;30.0;23.9;2.693;2.006;1.290;2.896;0.135;0.816;72096
B31552;2015/03/04 02:00:34;72096;91;27.0;24.1;2.874;2.006;1.290;2.896;0.109;0.764;72097
B31552;2015/03/04 02:00:44;72097;89;30.6;24.6;2.825;2.006;1.290;2.896;0.109;0.793;72098
B31552;2015/03/04 02:00:54;72098;92;30.0;24.1;2.835;2.022;1.290;2.903;0.109;0.780;72099
B31552;2015/03/04 02:01:04;72099;85;29.6;23.2;2.645;2.022;1.283;2.903;0.109;0.770;72100
B31552;2015/03/04 02:01:14;72100;93;27.4;23.7;2.819;2.022;1.283;2.903;0.087;0.774;72101
