B31558;2015/03/02 00:00:08;18791;79;31.9;29.6;2.596;1.793;1.161;2.651;0.070;1.393;18792
B31558;2015/03/02 00:00:18;18792;83;29.6;30.0;2.522;1.754;1.161;2.651;0.070;1.419;18793
B31558;2015/03/02 00:00:28;18793;75;31.2;30.0;2.383;1.754;1.222;2.651;0.070;1.422;18794
B31558;2015/03/02 00:00:38;18794;92;30.6;30.3;2.509;1.780;1.222;2.616;0.070;1.441;18795
B31558;2015/03/02 00:00:48;18795;82;23.5;30.2;2.374;1.780;1.229;2.616;0.070;1.406;18796
B31558;2015/03/02 00:00:58;18796;80;24.8;29.8;2.393;1.758;1.229;2.616;0.074;1.445;18797
B31558;2015/03/02 00:01:08;18797;88;29.3;29.3;2.645;1.758;1.222;2.616;0.074;1.422;18798
B31558;2015/03/02 00:01:18;18798;75;31.6;30.0;2.609;1.770;1.222;2.645;0.074;1.396;18799
B31558;2015/03/02 00:01:28;18799;80;24.8;30.2;2.383;1.770;1.154;2.645;0.074;1.448;18800
B31558;2015/03/02 00:01:38;18800;88;25.4;30.3;2.374;1.767;1.154;2.645;0.074;1.419;18801
B31558;2015/03/02 00:01:48;18801;85;23.5;29.6;2.645;1.767;1.161;2.645;0.074;1.448;18802
B31558;2015/03/02 00:01:58;18802;85;22.5;30.0;2.612;1.787;1.161;2.619;0.074;1.438;18803
B31558;2015/03/02 00:02:08;18803;84;25.1;29.6;2.512;1.787;1.193;2.619;0.074;1.399;18804
B31558;2015/03/02 00:02:18;18804;83;23.2;30.3;2.367;1.790;1.193;2.619;0.209;1.403;18805
B31558;2015/03/02 00:02:28;18805;73;23.2;30.2;2.467;1.790;1.148;2.619;0.209;1.406;18806
B31558;2015/03/02 00:02:38;18806;84;31.6;30.0;2.525;1.793;1.148;2.693;0.209;1.429;18807
B31558;2015/03/02 00:02:48;18807;87;26.1;29.5;2.519;1.793;1.158;2.693;0.209;1.409;18808
B31558;2015/03/02 00:02:58;18808;72;25.8;29.8;2.367;1.793;1.158;2.693;0.074;1.403;18809
B31558;2015/03/02 00:03:08;18809;80;24.8;30.2;2.416;1.793;1.170;2.693;0.074;1.429;18810
B31558;2015/03/02 00:03:18;18810;83;31.9;30.3;2.522;1.751;1.170;2.677;0.074;1.438;18811
B31558;2015/03/02 00:03:28;18811;85;24.1;30.3;2.516;1.751;1.177;2.677;0.074;1.390;18812
B31558;2015/03/02 00:03:38;18812;86;22.9;30.0;2.367;1.774;1.177;2.677;0.074;1.399;18813
B31558;2015/03/02 00:03:48;18813;87;26.4;30.0;2.477;1.774;1.151;2.677;0.074;1.438;18814
B31558;2015/03/02 00:03:58;18814;90;27.4;29.8;2.629;1.754;1.151;2.641;0.074;1.451;18815
B31558;2015/03/02 00:04:08;18815;76;27.4;29.8;2.516;1.754;1.151;2.641;0.074;1.412;18816
B31558;2015/03/02 00:04:18;18816;81;29.3;30.0;2.416;1.790;1.151;2.641;0.119;1.419;18817
B31558;2015/03/02 00:04:28;18817;83;31.2;30.0;2.645;1.790;1.174;2.641;0.119;1.467;18818
B31558;2015/03/02 00:04:38;18818;82;33.2;30.3;2.416;1.796;1.174;2.606;0.119;1.419;18819
B31558;2015/03/02 00:04:48;18819;85;27.7;30.3;2.409;1.796;1.167;2.606;0.119;1.419;18820
B31558;2015/03/02 00:04:58;18820;93;23.8;30.2;2.419;1.754;1.167;2.606;0.070;1.438;18821
B31558;2015/03/02 00:05:08;18821;88;25.1;29.8;2.387;1.754;1.154;2.606;0.070;1.425;18822
B31558;2015/03/02 00:05:18;18822;79;26.7;29.6;2.616;1.754;1.154;2.600;0.070;1.429;18823
B31558;2015/03/02 00:05:28;18823;74;30.3;29.6;2.525;1.754;1.161;2.600;0.070;1.438;18824
B31558;2015/03/02 00:05:38;18824;81;30.9;29.5;2.577;1.780;1.161;2.600;0.132;1.422;18825
B31558;2015/03/02 00:05:48;18825;88;28.3;30.2;2.393;1.780;1.158;2.600;0.132;1.419;18826
B31558;2015/03/02 00:05:58;18826;83;31.9;30.0;2.396;1.770;1.158;2.596;0.132;1.412;18827
B31558;2015/03/02 00:06:08;18827;81;25.1;29.5;2.619;1.770;1.183;2.596;0.132;1.422;18828
B31558;2015/03/02 00:06:18;18828;79;25.8;29.8;2.635;1.777;1.183;2.596;0.083;1.416;18829
B31558;2015/03/02 00:06:28;18829;81;28.3;30.0;2.416;1.777;1.161;2.596;0.083;1.412;18830
B31558;2015/03/02 00:06:38;18830;78;26.7;29.5;2.635;1.774;1.161;2.583;0.083;1.425;18831
B31558;2015/03/02 00:06:48;18831;78;31.9;29.5;2.645;1.774;1.161;2.583;0.083;1.467;18832
B31558;2015/03/02 00:06:58;18832;86;29.3;29.8;2.606;1.783;1.161;2.583;0.070;1.432;18833
B31558;2015/03/02 00:07:08;18833;73;28.0;30.3;2.380;1.783;1.180;2.583;0.070;1.429;18834
B31558;2015/03/02 00:07:18;18834;90;25.1;29.6;2.641;1.754;1.180;2.606;0.070;1.470;18835
B31558;2015/03/02 00:07:28;18835;80;23.8;29.8;2.645;1.754;1.209;2.606;0.070;1.419;18836
B31558;2015/03/02 00:07:38;18836;90;27.0;29.6;2.387;1.780;1.209;2.606;0.222;1.425;18837
B31558;2015/03/02 00:07:48;18837;91;26.1;30.3;2.570;1.780;1.161;2.606;0.222;1.432;18838
B31558;2015/03/02 00:07:58;18838;94;29.3;30.0;2.529;1.796;1.161;2.612;0.222;1.454;18839
B31558;2015/03/02 00:08:08;18839;78;33.2;30.9;2.435;1.796;1.203;2.612;0.222;1.412;18840
B31558;2015/03/02 00:08:18;18840;81;31.6;30.7;2.606;1.793;1.203;2.612;0.067;1.419;18841
B31558;2015/03/02 00:08:28;18841;89;27.7;30.2;2.409;1.793;1.196;2.612;0.067;1.422;18842
B31558;2015/03/02 00:08:38;18842;75;23.8;30.2;2.590;1.774;1.196;2.619;0.067;1.464;18843
B31558;2015/03/02 00:08:48;18843;80;33.2;29.6;2.480;1.774;1.151;2.619;0.067;1.435;18844
B31558;2015/03/02 00:08:58;18844;85;29.6;30.5;2.645;1.800;1.151;2.619;0.080;1.441;18845
B31558;2015/03/02 00:09:08;18845;81;30.9;30.3;2.638;1.800;1.222;2.619;0.080;1.425;18846
B31558;2015/03/02 00:09:18;18846;85;27.4;29.5;2.622;1.754;1.222;2.622;0.080;1.458;18847
B31558;2015/03/02 00:09:28;18847;82;25.8;30.2;2.383;1.754;1.174;2.622;0.080;1.467;18848
B31558;2015/03/02 00:09:38;18848;80;28.0;30.5;2.619;1.793;1.174;2.622;0.070;1.409;18849
B31558;2015/03/02 00:09:48;18849;86;26.1;29.8;2.532;1.793;1.161;2.622;0.070;1.425;18850
B31558;2015/03/02 00:09:58;18850;82;31.9;30.5;2.538;1.783;1.161;2.635;0.070;1.396;18851
B31558;2015/03/02 00:10:08;18851;89;24.8;30.2;2.441;1.783;1.158;2.635;0.070;1.448;18852
B31558;2015/03/02 00:10:18;18852;83;26.1;30.3;2.393;1.783;1.158;2.635;0.070;1.409;18853
B31558;2015/03/02 00:10:28;18853;89;33.8;29.6;2.590;1.783;1.180;2.635;0.070;1.425;18854
B31558;2015/03/02 00:10:38;18854;93;27.4;30.2;2.574;1.761;1.180;2.609;0.070;1.432;18855
B31558;2015/03/02 00:10:48;18855;85;30.0;30.2;2.374;1.761;1.154;2.609;0.070;1.419;18856
B31558;2015/03/02 00:10:58;18856;82;26.4;30.3;2.451;1.754;1.154;2.609;0.087;1.438;18857
B31558;2015/03/02 00:11:08;18857;83;32.5;30.5;2.545;1.754;1.154;2.609;0.087;1.445;18858
B31558;2015/03/02 00:11:18;18858;87;30.0;30.0;2.396;1.796;1.154;2.609;0.087;1.454;18859
B31558;2015/03/02 00:11:28;18859;83;23.5;30.3;2.380;1.796;1.167;2.609;0.087;1.419;18860
B31558;2015/03/02 00:11:38;18860;91;23.2;29.6;2.403;1.758;1.167;2.609;0.077;1.425;18861
B31558;2015/03/02 00:11:48;18861;78;27.7;30.0;2.380;1.758;1.154;2.609;0.077;1.399;18862
B31558;2015/03/02 00:11:58;18862;93;30.6;30.0;2.464;1.790;1.154;2.635;0.077;1.441;18863
B31558;2015/03/02 00:12:08;18863;77;28.0;30.3;2.651;1.790;1.161;2.635;0.077;1.429;18864
B31558;2015/03/02 00:12:18;18864;87;26.4;29.5;2.616;1.796;1.161;2.635;0.083;1.432;18865
B31558;2015/03/02 00:12:28;18865;75;25.1;30.7;2.422;1.796;1.154;2.635;0.083;1.445;18866
B31558;2015/03/02 00:12:38;18866;79;28.0;30.0;2.629;1.796;1.154;2.609;0.083;1.435;18867
B31558;2015/03/02 00:12:48;18867;73;25.1;29.6;2.506;1.796;1.180;2.609;0.083;1.435;18868
B31558;2015/03/02 00:12:58;18868;84;31.9;29.8;2.590;1.754;1.180;2.609;0.077;1.432;18869
B31558;2015/03/02 00:13:08;18869;82;23.5;30.0;2.432;1.754;1.164;2.609;0.077;1.432;18870
B31558;2015/03/02 00:13:18;18870;89;25.8;29.5;2.635;1.764;1.164;2.651;0.077;1.454;18871
B31558;2015/03/02 00:13:28;18871;91;23.8;30.2;2.374;1.764;1.170;2.651;0.077;1.406;18872
B31558;2015/03/02 00:13:38;18872;83;27.7;29.6;2.374;1.790;1.170;2.651;0.096;1.438;18873
B31558;2015/03/02 00:13:48;18873;85;27.4;30.2;2.409;1.790;1.229;2.651;0.096;1.422;18874
B31558;2015/03/02 00:13:58;18874;77;28.3;29.8;2.629;1.783;1.229;2.651;0.096;1.425;18875
B31558;2015/03/02 00:14:08;18875;91;25.1;30.5;2.425;1.783;1.164;2.651;0.096;1.438;18876
B31558;2015/03/02 00:14:18;18876;83;22.5;30.0;2.622;1.796;1.164;2.651;0.070;1.416;18877
B31558;2015/03/02 00:14:28;18877;82;30.9;30.3;2.496;1.796;1.193;2.651;0.070;1.409;18878
B31558;2015/03/02 00:14:38;18878;89;25.4;30.2;2.487;1.800;1.193;2.603;0.070;1.416;18879
B31558;2015/03/02 00:14:48;18879;79;23.2;30.2;2.487;1.800;1.158;2.603;0.070;1.432;18880
B31558;2015/03/02 00:14:58;18880;80;32.5;30.0;2.406;1.803;1.158;2.603;0.083;1.438;18881
B31558;2015/03/02 00:15:08;18881;88;26.1;30.2;2.432;1.803;1.235;2.603;0.083;1.435;18882
B31558;2015/03/02 00:15:18;18882;81;32.5;30.3;2.380;1.761;1.235;2.609;0.083;1.458;18883
B31558;2015/03/02 00:15:28;18883;83;29.6;30.0;2.645;1.761;1.161;2.609;0.083;1.419;18884
B31558;2015/03/02 00:15:38;18884;73;30.6;30.2;2.570;1.761;1.161;2.609;0.145;1.419;18885
B31558;2015/03/02 00:15:48;18885;74;30.3;30.0;2.477;1.761;1.161;2.609;0.145;1.409;18886
B31558;2015/03/02 00:15:58;18886;82;28.7;30.3;2.396;1.790;1.161;2.629;0.145;1.403;18887
B31558;2015/03/02 00:16:08;18887;80;30.9;30.0;2.648;1.790;1.161;2.629;0.145;1.432;18888
B31558;2015/03/02 00:16:18;18888;83;23.2;29.8;2.541;1.758;1.161;2.629;0.070;1.458;18889
B31558;2015/03/02 00:16:28;18889;84;29.0;30.0;2.399;1.758;1.167;2.629;0.070;1.409;18890
B31558;2015/03/02 00:16:38;18890;84;26.1;30.5;2.390;1.803;1.167;2.596;0.070;1.464;18891
B31558;2015/03/02 00:16:48;18891;92;32.9;29.6;2.545;1.803;1.158;2.596;0.070;1.409;18892
B31558;2015/03/02 00:16:58;18892;76;23.2;29.6;2.403;1.783;1.158;2.596;0.067;1.441;18893
B31558;2015/03/02 00:17:08;18893;78;22.9;30.2;2.396;1.783;1.161;2.596;0.067;1.406;18894
B31558;2015/03/02 00:17:18;18894;83;28.0;30.0;2.641;1.796;1.161;2.651;0.067;1.438;18895
B31558;2015/03/02 00:17:28;18895;88;32.5;29.6;2.612;1.796;1.174;2.651;0.067;1.412;18896
B31558;2015/03/02 00:17:38;18896;90;26.4;30.2;2.503;1.800;1.174;2.651;0.064;1.448;18897
B31558;2015/03/02 00:17:48;18897;82;32.5;29.1;2.500;1.800;1.170;2.651;0.064;1.438;18898
B31558;2015/03/02 00:17:58;18898;83;28.3;29.6;2.396;1.758;1.170;2.600;0.064;1.438;18899
B31558;2015/03/02 00:18:08;18899;87;25.4;30.2;2.387;1.758;1.177;2.600;0.064;1.441;18900
B31558;2015/03/02 00:18:18;18900;93;31.9;29.8;2.577;1.806;1.177;2.600;0.106;1.454;18901
B31558;2015/03/02 00:18:28;18901;83;31.6;29.6;2.519;1.806;1.212;2.600;0.106;1.422;18902
B31558;2015/03/02 00:18:38;18902;73;28.3;29.8;2.470;1.790;1.212;2.661;0.106;1.425;18903
B31558;2015/03/02 00:18:48;18903;75;27.7;30.2;2.377;1.790;1.183;2.661;0.106;1.419;18904
B31558;2015/03/02 00:18:58;18904;78;32.5;30.3;2.393;1.780;1.183;2.661;0.077;1.461;18905
B31558;2015/03/02 00:19:08;18905;81;33.2;29.6;2.600;1.780;1.170;2.661;0.077;1.451;18906
B31558;2015/03/02 00:19:18;18906;75;27.7;29.5;2.629;1.774;1.170;2.641;0.077;1.419;18907
B31558;2015/03/02 00:19:28;18907;83;22.2;30.5;2.403;1.774;1.158;2.641;0.077;1.399;18908
B31558;2015/03/02 00:19:38;18908;93;22.5;30.2;2.403;1.770;1.158;2.641;0.093;1.390;18909
B31558;2015/03/02 00:19:48;18909;91;28.3;30.3;2.374;1.770;1.161;2.641;0.093;1.419;18910
B31558;2015/03/02 00:19:58;18910;79;22.5;30.3;2.516;1.770;1.161;2.641;0.093;1.445;18911
B31558;2015/03/02 00:20:08;18911;70;28.3;30.3;2.432;1.770;1.209;2.641;0.093;1.432;18912
B31558;2015/03/02 00:20:18;18912;85;31.2;30.0;2.487;1.783;1.209;2.641;0.067;1.406;18913
B31558;2015/03/02 00:20:28;18913;88;25.8;30.2;2.390;1.783;1.158;2.641;0.067;1.412;18914
B31558;2015/03/02 00:20:38;18914;79;26.4;30.2;2.635;1.777;1.158;2.616;0.067;1.422;18915
B31558;2015/03/02 00:20:48;18915;88;23.5;30.5;2.396;1.777;1.232;2.616;0.067;1.435;18916
B31558;2015/03/02 00:20:58;18916;86;25.8;30.0;2.383;1.806;1.232;2.616;0.074;1.406;18917
B31558;2015/03/02 00:21:08;18917;79;33.5;29.6;2.635;1.806;1.187;2.616;0.074;1.409;18918
B31558;2015/03/02 00:21:18;18918;86;27.4;31.2;2.596;1.793;1.187;2.667;0.074;1.409;18919
B31558;2015/03/02 00:21:28;18919;83;26.4;30.3;2.435;1.793;1.161;2.667;0.074;1.448;18920
B31558;2015/03/02 00:21:38;18920;81;22.5;30.3;2.406;1.806;1.161;2.667;0.145;1.409;18921
B31558;2015/03/02 00:21:48;18921;81;31.9;29.8;2.583;1.806;1.235;2.667;0.145;1.422;18922
B31558;2015/03/02 00:21:58;18922;94;31.9;30.2;2.616;1.761;1.235;2.632;0.145;1.409;18923
B31558;2015/03/02 00:22:08;18923;89;28.0;30.0;2.383;1.761;1.222;2.632;0.145;1.399;18924
B31558;2015/03/02 00:22:18;18924;88;29.6;29.5;2.625;1.761;1.222;2.632;0.064;1.445;18925
B31558;2015/03/02 00:22:28;18925;82;28.7;30.5;2.619;1.761;1.174;2.632;0.064;1.416;18926
B31558;2015/03/02 00:22:38;18926;82;34.5;30.0;2.393;1.761;1.174;2.661;0.064;1.429;18927
B31558;2015/03/02 00:22:48;18927;81;24.8;30.0;2.393;1.761;1.164;2.661;0.064;1.438;18928
B31558;2015/03/02 00:22:58;18928;88;31.9;30.7;2.616;1.761;1.164;2.661;0.064;1.445;18929
B31558;2015/03/02 00:23:08;18929;81;33.2;29.3;2.567;1.761;1.203;2.661;0.064;1.422;18930
B31558;2015/03/02 00:23:18;18930;81;27.4;30.0;2.412;1.761;1.203;2.622;0.064;1.412;18931
B31558;2015/03/02 00:23:28;18931;91;28.7;30.0;2.651;1.761;1.177;2.622;0.064;1.416;18932
B31558;2015/03/02 00:23:38;18932;93;27.7;29.8;2.403;1.761;1.177;2.622;0.096;1.441;18933
B31558;2015/03/02 00:23:48;18933;83;26.4;30.2;2.380;1.761;1.164;2.622;0.096;1.458;18934
B31558;2015/03/02 00:23:58;18934;83;30.6;30.5;2.648;1.764;1.164;2.654;0.096;1.451;18935
B31558;2015/03/02 00:24:08;18935;77;22.5;29.8;2.403;1.764;1.238;2.654;0.096;1.425;18936
B31558;2015/03/02 00:24:18;18936;92;23.5;29.8;2.622;1.790;1.238;2.654;0.216;1.406;18937
B31558;2015/03/02 00:24:28;18937;76;30.0;29.6;2.406;1.790;1.229;2.654;0.216;1.461;18938
B31558;2015/03/02 00:24:38;18938;89;25.8;30.0;2.374;1.787;1.229;2.651;0.216;1.422;18939
B31558;2015/03/02 00:24:48;18939;89;30.9;30.5;2.406;1.787;1.164;2.651;0.216;1.425;18940
B31558;2015/03/02 00:24:58;18940;82;23.8;30.0;2.374;1.809;1.164;2.651;0.070;1.422;18941
B31558;2015/03/02 00:25:08;18941;81;27.7;29.8;2.532;1.809;1.219;2.651;0.070;1.409;18942
B31558;2015/03/02 00:25:18;18942;83;24.8;30.5;2.419;1.809;1.219;2.641;0.070;1.416;18943
B31558;2015/03/02 00:25:28;18943;85;24.1;30.5;2.551;1.809;1.164;2.641;0.070;1.416;18944
B31558;2015/03/02 00:25:38;18944;90;25.1;29.6;2.651;1.796;1.164;2.641;0.077;1.393;18945
B31558;2015/03/02 00:25:48;18945;87;27.4;30.0;2.645;1.796;1.219;2.641;0.077;1.383;18946
B31558;2015/03/02 00:25:58;18946;83;33.5;30.3;2.393;1.764;1.219;2.664;0.077;1.419;18947
B31558;2015/03/02 00:26:08;18947;81;25.8;29.6;2.454;1.764;1.229;2.664;0.077;1.390;18948
B31558;2015/03/02 00:26:18;18948;90;26.7;30.2;2.406;1.803;1.229;2.664;0.083;1.377;18949
B31558;2015/03/02 00:26:28;18949;88;32.9;29.5;2.525;1.803;1.164;2.664;0.083;1.425;18950
B31558;2015/03/02 00:26:38;18950;94;28.3;29.8;2.609;1.809;1.164;2.670;0.083;1.412;18951
B31558;2015/03/02 00:26:48;18951;83;32.5;29.6;2.645;1.809;1.167;2.670;0.083;1.412;18952
B31558;2015/03/02 00:26:58;18952;83;32.2;30.3;2.419;1.780;1.167;2.670;0.064;1.425;18953
B31558;2015/03/02 00:27:08;18953;84;25.1;30.2;2.387;1.780;1.161;2.670;0.064;1.425;18954
B31558;2015/03/02 00:27:18;18954;93;31.9;30.7;2.538;1.761;1.161;2.683;0.064;1.396;18955
B31558;2015/03/02 00:27:28;18955;83;26.4;30.5;2.396;1.761;1.167;2.683;0.064;1.448;18956
B31558;2015/03/02 00:27:38;18956;82;24.8;30.3;2.396;1.764;1.167;2.683;0.070;1.425;18957
B31558;2015/03/02 00:27:48;18957;78;24.8;30.2;2.445;1.764;1.167;2.683;0.070;1.432;18958
B31558;2015/03/02 00:27:58;18958;86;22.9;29.8;2.422;1.796;1.167;2.635;0.070;1.435;18959
B31558;2015/03/02 00:28:08;18959;89;32.2;30.2;2.612;1.796;1.190;2.635;0.070;1.425;18960
B31558;2015/03/02 00:28:18;18960;88;24.1;30.5;2.445;1.777;1.190;2.635;0.080;1.425;18961
B31558;2015/03/02 00:28:28;18961;86;30.6;30.2;2.406;1.777;1.235;2.635;0.080;1.377;18962
B31558;2015/03/02 00:28:38;18962;80;27.7;29.8;2.635;1.767;1.235;2.648;0.080;1.409;18963
B31558;2015/03/02 00:28:48;18963;89;22.5;30.2;2.412;1.767;1.174;2.648;0.080;1.416;18964
B31558;2015/03/02 00:28:58;18964;90;31.9;30.3;2.596;1.812;1.174;2.648;0.080;1.390;18965
B31558;2015/03/02 00:29:08;18965;89;27.0;29.6;2.532;1.812;1.164;2.648;0.080;1.399;18966
B31558;2015/03/02 00:29:18;18966;84;31.9;30.3;2.403;1.783;1.164;2.680;0.080;1.419;18967
B31558;2015/03/02 00:29:28;18967;81;26.1;29.8;2.487;1.783;1.174;2.680;0.080;1.412;18968
B31558;2015/03/02 00:29:38;18968;83;32.2;30.0;2.409;1.809;1.174;2.680;0.070;1.399;18969
B31558;2015/03/02 00:29:48;18969;88;27.7;30.0;2.432;1.809;1.180;2.680;0.070;1.383;18970
B31558;2015/03/02 00:29:58;18970;85;28.0;30.3;2.393;1.764;1.180;2.641;0.070;1.387;18971
B31558;2015/03/02 00:30:08;18971;84;22.5;30.5;2.406;1.764;1.170;2.641;0.070;1.412;18972
B31558;2015/03/02 00:30:18;18972;78;30.9;30.5;2.587;1.787;1.170;2.641;0.132;1.429;18973
B31558;2015/03/02 00:30:28;18973;87;33.2;30.0;2.387;1.787;1.177;2.641;0.132;1.387;18974
B31558;2015/03/02 00:30:38;18974;80;28.7;29.5;2.622;1.796;1.177;2.687;0.132;1.406;18975
B31558;2015/03/02 00:30:48;18975;84;30.9;30.2;2.658;1.796;1.187;2.687;0.132;1.406;18976
B31558;2015/03/02 00:30:58;18976;81;25.1;30.0;2.651;1.783;1.187;2.687;0.080;1.438;18977
B31558;2015/03/02 00:31:08;18977;85;29.6;29.8;2.590;1.783;1.177;2.687;0.080;1.425;18978
B31558;2015/03/02 00:31:18;18978;82;23.5;29.5;2.629;1.809;1.177;2.677;0.080;1.393;18979
B31558;2015/03/02 00:31:28;18979;83;23.2;30.2;2.409;1.809;1.235;2.677;0.080;1.432;18980
B31558;2015/03/02 00:31:38;18980;92;34.1;30.5;2.525;1.774;1.235;2.677;0.093;1.432;18981
B31558;2015/03/02 00:31:48;18981;78;23.2;30.0;2.409;1.774;1.161;2.677;0.093;1.409;18982
B31558;2015/03/02 00:31:58;18982;92;32.5;30.0;2.380;1.764;1.161;2.625;0.093;1.399;18983
B31558;2015/03/02 00:32:08;18983;88;23.5;30.3;2.403;1.764;1.206;2.625;0.093;1.409;18984
B31558;2015/03/02 00:32:18;18984;82;26.7;29.6;2.387;1.767;1.206;2.625;0.083;1.435;18985
B31558;2015/03/02 00:32:28;18985;84;31.2;30.0;2.645;1.767;1.180;2.625;0.083;1.412;18986
B31558;2015/03/02 00:32:38;18986;93;32.2;30.3;2.570;1.790;1.180;2.638;0.083;1.416;18987
B31558;2015/03/02 00:32:48;18987;83;27.7;30.5;2.409;1.790;1.193;2.638;0.083;1.390;18988
B31558;2015/03/02 00:32:58;18988;85;28.7;30.3;2.583;1.812;1.193;2.638;0.083;1.438;18989
B31558;2015/03/02 00:33:08;18989;89;24.5;30.2;2.416;1.812;1.164;2.638;0.083;1.387;18990
B31558;2015/03/02 00:33:18;18990;81;31.6;30.3;2.438;1.783;1.164;2.622;0.083;1.406;18991
B31558;2015/03/02 00:33:28;18991;89;31.9;30.3;2.658;1.783;1.164;2.622;0.083;1.451;18992
B31558;2015/03/02 00:33:38;18992;73;33.8;30.3;2.412;1.790;1.164;2.622;0.080;1.432;18993
B31558;2015/03/02 00:33:48;18993;76;22.9;30.2;2.535;1.790;1.180;2.622;0.080;1.399;18994
B31558;2015/03/02 00:33:58;18994;80;31.6;30.2;2.435;1.790;1.180;2.609;0.080;1.461;18995
B31558;2015/03/02 00:34:08;18995;78;33.8;29.6;2.529;1.790;1.222;2.609;0.080;1.419;18996
B31558;2015/03/02 00:34:18;18996;90;32.9;30.0;2.393;1.803;1.222;2.609;0.183;1.438;18997
B31558;2015/03/02 00:34:28;18997;91;32.5;29.5;2.651;1.803;1.164;2.609;0.183;1.409;18998
B31558;2015/03/02 00:34:38;18998;92;25.1;30.2;2.380;1.806;1.164;2.609;0.183;1.441;18999
B31558;2015/03/02 00:34:48;18999;78;30.0;30.3;2.419;1.806;1.232;2.609;0.183;1.412;19000
B31558;2015/03/02 00:34:58;19000;89;27.4;30.3;2.403;1.767;1.232;2.609;0.070;1.464;19001
B31558;2015/03/02 00:35:08;19001;89;30.9;30.3;2.393;1.767;1.164;2.609;0.070;1.409;19002
B31558;2015/03/02 00:35:18;19002;90;26.7;30.2;2.406;1.767;1.164;2.600;0.070;1.422;19003
B31558;2015/03/02 00:35:28;19003;91;23.2;30.7;2.403;1.767;1.241;2.600;0.070;1.412;19004
B31558;2015/03/02 00:35:38;19004;93;34.5;30.3;2.393;1.783;1.241;2.600;0.067;1.399;19005
B31558;2015/03/02 00:35:48;19005;85;30.3;30.2;2.651;1.783;1.222;2.600;0.067;1.409;19006
B31558;2015/03/02 00:35:58;19006;74;32.9;30.3;2.380;1.790;1.222;2.612;0.067;1.441;19007
B31558;2015/03/02 00:36:08;19007;88;34.5;30.0;2.506;1.790;1.232;2.612;0.067;1.406;19008
B31558;2015/03/02 00:36:18;19008;86;30.0;30.0;2.422;1.806;1.232;2.612;0.070;1.416;19009
B31558;2015/03/02 00:36:28;19009;80;23.2;30.3;2.425;1.806;1.238;2.612;0.070;1.399;19010
B31558;2015/03/02 00:36:38;19010;90;28.0;30.5;2.554;1.770;1.238;2.651;0.070;1.403;19011
B31558;2015/03/02 00:36:48;19011;89;27.7;30.3;2.561;1.770;1.167;2.651;0.070;1.406;19012
B31558;2015/03/02 00:36:58;19012;93;27.7;30.3;2.545;1.770;1.167;2.651;0.074;1.458;19013
B31558;2015/03/02 00:37:08;19013;90;27.0;29.8;2.487;1.770;1.187;2.651;0.074;1.451;19014
B31558;2015/03/02 00:37:18;19014;83;28.3;31.0;2.577;1.774;1.187;2.619;0.074;1.406;19015
B31558;2015/03/02 00:37:28;19015;83;27.0;30.2;2.380;1.774;1.170;2.619;0.074;1.406;19016
B31558;2015/03/02 00:37:38;19016;83;29.3;30.3;2.545;1.796;1.170;2.619;0.070;1.470;19017
B31558;2015/03/02 00:37:48;19017;83;28.3;30.3;2.399;1.796;1.170;2.619;0.070;1.429;19018
B31558;2015/03/02 00:37:58;19018;88;26.1;30.2;2.616;1.787;1.170;2.641;0.070;1.422;19019
B31558;2015/03/02 00:38:08;19019;77;29.0;30.3;2.409;1.787;1.183;2.641;0.070;1.448;19020
B31558;2015/03/02 00:38:18;19020;92;27.7;29.8;2.648;1.806;1.183;2.641;0.067;1.470;19021
B31558;2015/03/02 00:38:28;19021;78;30.0;30.3;2.658;1.806;1.180;2.641;0.067;1.422;19022
B31558;2015/03/02 00:38:38;19022;88;26.4;30.5;2.396;1.806;1.180;2.645;0.067;1.419;19023
B31558;2015/03/02 00:38:48;19023;79;27.0;29.8;2.532;1.806;1.193;2.645;0.067;1.432;19024
B31558;2015/03/02 00:38:58;19024;84;32.9;30.5;2.387;1.800;1.193;2.645;0.151;1.432;19025
B31558;2015/03/02 00:39:08;19025;88;33.5;29.6;2.525;1.800;1.187;2.645;0.151;1.432;19026
B31558;2015/03/02 00:39:18;19026;87;29.6;30.7;2.512;1.816;1.187;2.667;0.151;1.445;19027
B31558;2015/03/02 00:39:28;19027;88;27.7;29.6;2.558;1.816;1.187;2.667;0.151;1.403;19028
B31558;2015/03/02 00:39:38;19028;92;28.0;30.3;2.380;1.809;1.187;2.667;0.080;1.403;19029
B31558;2015/03/02 00:39:48;19029;83;31.9;30.3;2.399;1.809;1.235;2.667;0.080;1.409;19030
B31558;2015/03/02 00:39:58;19030;89;25.1;30.3;2.380;1.796;1.235;2.632;0.080;1.412;19031
B31558;2015/03/02 00:40:08;19031;81;29.3;29.6;2.661;1.796;1.235;2.632;0.080;1.429;19032
B31558;2015/03/02 00:40:18;19032;83;26.7;30.3;2.603;1.770;1.235;2.632;0.080;1.406;19033
B31558;2015/03/02 00:40:28;19033;83;23.8;29.8;2.448;1.770;1.170;2.632;0.080;1.409;19034
B31558;2015/03/02 00:40:38;19034;91;26.4;29.8;2.635;1.816;1.170;2.638;0.080;1.454;19035
B31558;2015/03/02 00:40:48;19035;79;26.4;30.2;2.393;1.816;1.212;2.638;0.080;1.422;19036
B31558;2015/03/02 00:40:58;19036;90;31.6;30.2;2.445;1.774;1.212;2.638;0.138;1.445;19037
B31558;2015/03/02 00:41:08;19037;83;31.6;30.0;2.648;1.774;1.238;2.638;0.138;1.416;19038
B31558;2015/03/02 00:41:18;19038;86;27.4;30.2;2.406;1.812;1.238;2.625;0.138;1.454;19039
B31558;2015/03/02 00:41:28;19039;75;23.8;30.2;2.538;1.812;1.164;2.625;0.138;1.412;19040
B31558;2015/03/02 00:41:38;19040;88;25.8;30.2;2.396;1.774;1.164;2.625;0.074;1.425;19041
B31558;2015/03/02 00:41:48;19041;91;33.2;30.3;2.612;1.774;1.238;2.625;0.074;1.383;19042
B31558;2015/03/02 00:41:58;19042;92;28.0;30.2;2.503;1.787;1.238;2.651;0.074;1.396;19043
B31558;2015/03/02 00:42:08;19043;81;31.6;29.6;2.658;1.787;1.170;2.651;0.074;1.445;19044
B31558;2015/03/02 00:42:18;19044;85;24.8;29.5;2.658;1.806;1.170;2.651;0.064;1.406;19045
B31558;2015/03/02 00:42:28;19045;82;28.0;30.3;2.658;1.806;1.180;2.651;0.064;1.425;19046
B31558;2015/03/02 00:42:38;19046;78;25.8;30.3;2.380;1.774;1.180;2.670;0.064;1.396;19047
B31558;2015/03/02 00:42:48;19047;82;27.7;30.2;2.429;1.774;1.187;2.670;0.064;1.432;19048
B31558;2015/03/02 00:42:58;19048;88;31.2;30.7;2.577;1.796;1.187;2.670;0.080;1.416;19049
B31558;2015/03/02 00:43:08;19049;84;33.8;29.8;2.532;1.796;1.180;2.670;0.080;1.422;19050
B31558;2015/03/02 00:43:18;19050;88;29.3;30.9;2.570;1.812;1.180;2.645;0.080;1.432;19051
B31558;2015/03/02 00:43:28;19051;77;30.9;30.0;2.664;1.812;1.235;2.645;0.080;1.432;19052
B31558;2015/03/02 00:43:38;19052;91;31.2;30.0;2.451;1.793;1.235;2.645;0.080;1.445;19053
B31558;2015/03/02 00:43:48;19053;81;32.2;30.0;2.619;1.793;1.193;2.645;0.080;1.454;19054
B31558;2015/03/02 00:43:58;19054;86;25.1;29.8;2.409;1.770;1.193;2.632;0.080;1.445;19055
B31558;2015/03/02 00:44:08;19055;78;22.2;30.5;2.419;1.770;1.164;2.632;0.080;1.432;19056
B31558;2015/03/02 00:44:18;19056;83;27.4;30.3;2.425;1.774;1.164;2.632;0.077;1.435;19057
B31558;2015/03/02 00:44:28;19057;85;30.0;30.3;2.654;1.774;1.180;2.632;0.077;1.396;19058
B31558;2015/03/02 00:44:38;19058;85;22.5;30.3;2.529;1.793;1.180;2.664;0.077;1.399;19059
B31558;2015/03/02 00:44:48;19059;77;22.5;30.9;2.425;1.793;1.164;2.664;0.077;1.403;19060
B31558;2015/03/02 00:44:58;19060;82;24.8;30.0;2.629;1.796;1.164;2.664;0.074;1.396;19061
B31558;2015/03/02 00:45:08;19061;83;32.5;29.8;2.638;1.796;1.180;2.664;0.074;1.429;19062
B31558;2015/03/02 00:45:18;19062;88;25.8;30.0;2.393;1.780;1.180;2.648;0.074;1.441;19063
B31558;2015/03/02 00:45:28;19063;87;28.0;30.3;2.490;1.780;1.238;2.648;0.074;1.403;19064
B31558;2015/03/02 00:45:38;19064;88;23.5;29.6;2.635;1.787;1.238;2.648;0.074;1.406;19065
B31558;2015/03/02 00:45:48;19065;82;32.2;29.6;2.564;1.787;1.167;2.648;0.074;1.451;19066
B31558;2015/03/02 00:45:58;19066;83;26.7;30.2;2.616;1.780;1.167;2.661;0.074;1.419;19067
B31558;2015/03/02 00:46:08;19067;79;33.2;29.6;2.658;1.780;1.180;2.661;0.074;1.419;19068
B31558;2015/03/02 00:46:18;19068;90;33.5;30.5;2.399;1.780;1.180;2.661;0.099;1.448;19069
B31558;2015/03/02 00:46:28;19069;79;31.2;29.8;2.603;1.780;1.174;2.661;0.099;1.422;19070
B31558;2015/03/02 00:46:38;19070;94;25.1;29.8;2.658;1.816;1.174;2.658;0.099;1.419;19071
B31558;2015/03/02 00:46:48;19071;79;27.7;30.0;2.500;1.816;1.167;2.658;0.099;1.445;19072
B31558;2015/03/02 00:46:58;19072;75;22.5;30.3;2.645;1.774;1.167;2.658;0.158;1.432;19073
B31558;2015/03/02 00:47:08;19073;72;31.9;29.8;2.567;1.774;1.235;2.658;0.158;1.419;19074
B31558;2015/03/02 00:47:18;19074;93;25.4;29.6;2.393;1.793;1.235;2.625;0.158;1.422;19075
B31558;2015/03/02 00:47:28;19075;81;30.6;30.5;2.658;1.793;1.199;2.625;0.158;1.406;19076
B31558;2015/03/02 00:47:38;19076;93;31.9;30.3;2.603;1.780;1.199;2.625;0.093;1.438;19077
B31558;2015/03/02 00:47:48;19077;84;22.2;30.3;2.419;1.780;1.222;2.625;0.093;1.432;19078
B31558;2015/03/02 00:47:58;19078;82;26.1;30.3;2.393;1.800;1.222;2.622;0.093;1.416;19079
B31558;2015/03/02 00:48:08;19079;88;27.0;29.6;2.658;1.800;1.167;2.622;0.093;1.441;19080
B31558;2015/03/02 00:48:18;19080;88;32.5;30.2;2.387;1.816;1.167;2.622;0.070;1.467;19081
B31558;2015/03/02 00:48:28;19081;82;28.3;30.0;2.409;1.816;1.180;2.622;0.070;1.429;19082
B31558;2015/03/02 00:48:38;19082;78;22.5;30.3;2.409;1.793;1.180;2.622;0.070;1.458;19083
B31558;2015/03/02 00:48:48;19083;81;33.8;29.6;2.619;1.793;1.164;2.622;0.070;1.451;19084
B31558;2015/03/02 00:48:58;19084;78;31.9;30.9;2.609;1.787;1.164;2.622;0.074;1.416;19085
B31558;2015/03/02 00:49:08;19085;70;26.4;30.2;2.409;1.787;1.235;2.622;0.074;1.454;19086
B31558;2015/03/02 00:49:18;19086;77;30.0;30.2;2.658;1.770;1.235;2.619;0.074;1.464;19087
B31558;2015/03/02 00:49:28;19087;83;22.9;30.9;2.416;1.770;1.190;2.619;0.074;1.454;19088
B31558;2015/03/02 00:49:38;19088;78;30.3;30.9;2.483;1.803;1.190;2.619;0.077;1.474;19089
B31558;2015/03/02 00:49:48;19089;87;23.8;30.9;2.519;1.803;1.187;2.619;0.077;1.464;19090
B31558;2015/03/02 00:49:58;19090;78;24.5;30.3;2.393;1.780;1.187;2.619;0.077;1.438;19091
B31558;2015/03/02 00:50:08;19091;85;29.0;30.5;2.396;1.780;1.187;2.619;0.077;1.432;19092
B31558;2015/03/02 00:50:18;19092;84;22.9;30.3;2.393;1.790;1.187;2.619;0.067;1.429;19093
B31558;2015/03/02 00:50:28;19093;78;29.0;30.7;2.396;1.790;1.180;2.619;0.067;1.448;19094
B31558;2015/03/02 00:50:38;19094;84;22.9;30.5;2.380;1.812;1.180;2.677;0.067;1.461;19095
B31558;2015/03/02 00:50:48;19095;74;28.3;30.7;2.664;1.812;1.170;2.677;0.067;1.458;19096
B31558;2015/03/02 00:50:58;19096;89;23.2;30.3;2.412;1.803;1.170;2.677;0.070;1.422;19097
B31558;2015/03/02 00:51:08;19097;86;32.5;29.8;2.416;1.803;1.167;2.677;0.070;1.464;19098
B31558;2015/03/02 00:51:18;19098;83;30.6;30.9;2.519;1.783;1.167;2.651;0.070;1.438;19099
B31558;2015/03/02 00:51:28;19099;83;28.3;30.7;2.387;1.783;1.232;2.651;0.070;1.438;19100
B31558;2015/03/02 00:51:38;19100;84;26.4;30.3;2.419;1.790;1.232;2.651;0.132;1.412;19101
B31558;2015/03/02 00:51:48;19101;80;29.3;30.2;2.606;1.790;1.167;2.651;0.132;1.445;19102
B31558;2015/03/02 00:51:58;19102;90;33.2;30.9;2.648;1.780;1.167;2.648;0.132;1.422;19103
B31558;2015/03/02 00:52:08;19103;78;22.9;30.5;2.435;1.780;1.177;2.648;0.132;1.448;19104
B31558;2015/03/02 00:52:18;19104;93;28.7;30.2;2.445;1.809;1.177;2.648;0.077;1.422;19105
B31558;2015/03/02 00:52:28;19105;82;25.1;30.3;2.448;1.809;1.164;2.648;0.077;1.390;19106
B31558;2015/03/02 00:52:38;19106;82;23.5;30.0;2.654;1.806;1.164;2.658;0.077;1.399;19107
B31558;2015/03/02 00:52:48;19107;89;32.2;30.3;2.583;1.806;1.170;2.658;0.077;1.380;19108
B31558;2015/03/02 00:52:58;19108;93;26.1;30.0;2.661;1.822;1.170;2.658;0.083;1.425;19109
B31558;2015/03/02 00:53:08;19109;85;31.9;29.8;2.645;1.822;1.174;2.658;0.083;1.396;19110
B31558;2015/03/02 00:53:18;19110;87;31.2;30.3;2.487;1.790;1.174;2.690;0.083;1.416;19111
B31558;2015/03/02 00:53:28;19111;86;22.5;30.2;2.419;1.790;1.177;2.690;0.083;1.412;19112
B31558;2015/03/02 00:53:38;19112;82;32.9;30.5;2.441;1.796;1.177;2.690;0.080;1.403;19113
B31558;2015/03/02 00:53:48;19113;83;22.5;30.5;2.493;1.796;1.170;2.690;0.080;1.441;19114
B31558;2015/03/02 00:53:58;19114;90;31.9;30.5;2.577;1.809;1.170;2.664;0.080;1.403;19115
B31558;2015/03/02 00:54:08;19115;91;22.5;30.5;2.425;1.809;1.183;2.664;0.080;1.432;19116
B31558;2015/03/02 00:54:18;19116;85;22.5;30.5;2.419;1.796;1.183;2.664;0.125;1.454;19117
B31558;2015/03/02 00:54:28;19117;77;27.7;30.5;2.396;1.796;1.229;2.664;0.125;1.419;19118
B31558;2015/03/02 00:54:38;19118;84;31.9;30.5;2.419;1.796;1.229;2.664;0.125;1.429;19119
B31558;2015/03/02 00:54:48;19119;80;32.2;30.2;2.596;1.796;1.199;2.664;0.125;1.409;19120
B31558;2015/03/02 00:54:58;19120;83;30.0;29.8;2.661;1.800;1.199;2.664;0.080;1.429;19121
B31558;2015/03/02 00:55:08;19121;86;26.4;29.8;2.503;1.800;1.170;2.664;0.080;1.422;19122
B31558;2015/03/02 00:55:18;19122;87;26.1;30.0;2.412;1.777;1.170;2.635;0.080;1.435;19123
B31558;2015/03/02 00:55:28;19123;86;33.2;30.3;2.645;1.777;1.167;2.635;0.080;1.422;19124
B31558;2015/03/02 00:55:38;19124;81;31.2;30.3;2.419;1.809;1.167;2.635;0.099;1.451;19125
B31558;2015/03/02 00:55:48;19125;78;32.5;29.6;2.496;1.809;1.232;2.635;0.099;1.454;19126
B31558;2015/03/02 00:55:58;19126;77;31.9;30.7;2.596;1.790;1.232;2.687;0.099;1.458;19127
B31558;2015/03/02 00:56:08;19127;83;25.8;30.2;2.393;1.790;1.229;2.687;0.099;1.412;19128
B31558;2015/03/02 00:56:18;19128;93;24.1;30.3;2.387;1.825;1.229;2.687;0.070;1.416;19129
B31558;2015/03/02 00:56:28;19129;69;32.2;29.6;2.551;1.825;1.241;2.687;0.070;1.403;19130
B31558;2015/03/02 00:56:38;19130;76;26.4;30.3;2.390;1.819;1.241;2.641;0.070;1.451;19131
B31558;2015/03/02 00:56:48;19131;73;26.4;30.0;2.619;1.819;1.219;2.641;0.070;1.451;19132
B31558;2015/03/02 00:56:58;19132;87;28.3;30.7;2.570;1.819;1.219;2.641;0.070;1.438;19133
B31558;2015/03/02 00:57:08;19133;83;26.4;30.2;2.409;1.819;1.174;2.641;0.070;1.467;19134
B31558;2015/03/02 00:57:18;19134;83;25.1;30.5;2.616;1.774;1.174;2.632;0.070;1.461;19135
B31558;2015/03/02 00:57:28;19135;77;31.2;30.3;2.658;1.774;1.170;2.632;0.070;1.445;19136
B31558;2015/03/02 00:57:38;19136;84;25.8;29.8;2.648;1.803;1.170;2.632;0.093;1.438;19137
B31558;2015/03/02 00:57:48;19137;83;26.1;30.2;2.609;1.803;1.174;2.632;0.093;1.432;19138
B31558;2015/03/02 00:57:58;19138;83;31.2;30.2;2.645;1.809;1.174;2.632;0.093;1.429;19139
B31558;2015/03/02 00:58:08;19139;84;27.0;30.2;2.419;1.809;1.238;2.632;0.093;1.445;19140
B31558;2015/03/02 00:58:18;19140;84;32.5;30.2;2.412;1.787;1.238;2.632;0.151;1.432;19141
B31558;2015/03/02 00:58:28;19141;78;31.9;30.2;2.596;1.787;1.164;2.632;0.151;1.451;19142
B31558;2015/03/02 00:58:38;19142;88;28.0;30.0;2.612;1.783;1.164;2.654;0.151;1.422;19143
B31558;2015/03/02 00:58:48;19143;75;25.4;31.2;2.609;1.783;1.167;2.654;0.151;1.425;19144
B31558;2015/03/02 00:58:58;19144;84;31.6;30.7;2.583;1.783;1.167;2.654;0.077;1.425;19145
B31558;2015/03/02 00:59:08;19145;91;33.5;29.6;2.570;1.783;1.167;2.654;0.077;1.416;19146
B31558;2015/03/02 00:59:18;19146;78;31.2;30.7;2.590;1.777;1.167;2.683;0.077;1.425;19147
B31558;2015/03/02 00:59:28;19147;89;33.2;30.5;2.629;1.777;1.212;2.683;0.077;1.445;19148
B31558;2015/03/02 00:59:38;19148;93;24.5;29.6;2.661;1.777;1.212;2.683;0.064;1.399;19149
B31558;2015/03/02 00:59:48;19149;91;22.2;30.7;2.416;1.777;1.183;2.683;0.064;1.399;19150
B31558;2015/03/02 00:59:58;19150;88;26.7;30.7;2.406;1.777;1.183;2.658;0.064;1.393;19151
B31558;2015/03/02 01:00:08;19151;80;32.5;29.6;2.664;1.777;1.241;2.658;0.064;1.393;19152
B31558;2015/03/02 01:00:18;19152;82;27.4;30.3;2.412;1.787;1.241;2.658;0.080;1.409;19153
B31558;2015/03/02 01:00:28;19153;80;25.4;30.2;2.406;1.787;1.216;2.658;0.080;1.390;19154
B31558;2015/03/02 01:00:38;19154;86;32.2;30.2;2.596;1.806;1.216;2.690;0.080;1.412;19155
B31558;2015/03/02 01:00:48;19155;82;25.8;30.2;2.448;1.806;1.180;2.690;0.080;1.429;19156
B31558;2015/03/02 01:00:58;19156;80;30.6;30.7;2.467;1.790;1.180;2.690;0.070;1.448;19157
B31558;2015/03/02 01:01:08;19157;78;30.9;30.3;2.635;1.790;1.174;2.690;0.070;1.412;19158
B31558;2015/03/02 01:01:18;19158;93;23.2;30.2;2.664;1.777;1.174;2.632;0.070;1.393;19159
B31558;2015/03/02 01:01:28;19159;88;28.3;30.2;2.422;1.777;1.183;2.632;0.070;1.441;19160
B31558;2015/03/02 01:01:38;19160;84;25.4;30.0;2.664;1.777;1.183;2.632;0.067;1.451;19161
B31558;2015/03/02 01:01:48;19161;87;23.8;30.5;2.403;1.777;1.232;2.632;0.067;1.454;19162
B31558;2015/03/02 01:01:58;19162;91;25.8;30.0;2.661;1.806;1.232;2.651;0.067;1.419;19163
B31558;2015/03/02 01:02:08;19163;86;29.0;30.5;2.593;1.806;1.174;2.651;0.067;1.422;19164
B31558;2015/03/02 01:02:18;19164;84;27.0;30.9;2.416;1.822;1.174;2.651;0.058;1.425;19165
B31558;2015/03/02 01:02:28;19165;78;27.7;29.8;2.558;1.822;1.216;2.651;0.058;1.464;19166
B31558;2015/03/02 01:02:38;19166;79;25.8;30.3;2.393;1.819;1.216;2.645;0.058;1.435;19167
B31558;2015/03/02 01:02:48;19167;83;25.1;30.5;2.403;1.819;1.209;2.645;0.058;1.422;19168
B31558;2015/03/02 01:02:58;19168;93;26.4;30.0;2.393;1.816;1.209;2.645;0.090;1.432;19169
B31558;2015/03/02 01:03:08;19169;82;33.2;30.2;2.477;1.816;1.196;2.645;0.090;1.432;19170
B31558;2015/03/02 01:03:18;19170;74;30.6;30.9;2.477;1.822;1.196;2.654;0.090;1.422;19171
B31558;2015/03/02 01:03:28;19171;89;30.3;30.7;2.664;1.822;1.183;2.654;0.090;1.425;19172
B31558;2015/03/02 01:03:38;19172;82;28.7;30.5;2.590;1.780;1.183;2.654;0.074;1.441;19173
B31558;2015/03/02 01:03:48;19173;83;31.6;29.8;2.416;1.780;1.196;2.654;0.074;1.438;19174
B31558;2015/03/02 01:03:58;19174;92;24.5;30.2;2.435;1.796;1.196;2.683;0.074;1.454;19175
B31558;2015/03/02 01:04:08;19175;82;28.3;30.2;2.409;1.796;1.180;2.683;0.074;1.454;19176
B31558;2015/03/02 01:04:18;19176;84;26.7;30.5;2.551;1.822;1.180;2.683;0.106;1.451;19177
B31558;2015/03/02 01:04:28;19177;78;27.7;30.0;2.545;1.822;1.180;2.683;0.106;1.461;19178
B31558;2015/03/02 01:04:38;19178;93;27.0;29.8;2.661;1.812;1.180;2.635;0.106;1.480;19179
B31558;2015/03/02 01:04:48;19179;80;26.7;30.2;2.461;1.812;1.180;2.635;0.106;1.425;19180
B31558;2015/03/02 01:04:58;19180;84;28.0;30.5;2.399;1.777;1.180;2.635;0.203;1.464;19181
B31558;2015/03/02 01:05:08;19181;84;26.1;30.0;2.629;1.777;1.167;2.635;0.203;1.432;19182
B31558;2015/03/02 01:05:18;19182;88;28.3;29.8;2.629;1.806;1.167;2.629;0.203;1.467;19183
B31558;2015/03/02 01:05:28;19183;81;33.8;29.6;2.551;1.806;1.174;2.629;0.203;1.445;19184
B31558;2015/03/02 01:05:38;19184;87;33.2;30.5;2.416;1.816;1.174;2.629;0.067;1.422;19185
B31558;2015/03/02 01:05:48;19185;78;22.5;30.5;2.422;1.816;1.212;2.629;0.067;1.403;19186
B31558;2015/03/02 01:05:58;19186;93;24.5;30.0;2.664;1.812;1.212;2.629;0.067;1.419;19187
B31558;2015/03/02 01:06:08;19187;78;24.8;30.9;2.474;1.812;1.209;2.629;0.067;1.470;19188
B31558;2015/03/02 01:06:18;19188;86;29.0;30.3;2.387;1.783;1.209;2.629;0.074;1.445;19189
B31558;2015/03/02 01:06:28;19189;84;27.0;29.6;2.670;1.783;1.170;2.629;0.074;1.448;19190
B31558;2015/03/02 01:06:38;19190;93;29.6;30.5;2.658;1.825;1.170;2.645;0.074;1.458;19191
B31558;2015/03/02 01:06:48;19191;84;24.5;30.3;2.412;1.825;1.209;2.645;0.074;1.429;19192
B31558;2015/03/02 01:06:58;19192;76;28.0;30.9;2.564;1.780;1.209;2.645;0.077;1.441;19193
B31558;2015/03/02 01:07:08;19193;81;30.0;30.0;2.593;1.780;1.232;2.645;0.077;1.422;19194
B31558;2015/03/02 01:07:18;19194;86;28.0;30.5;2.387;1.787;1.232;2.641;0.077;1.458;19195
B31558;2015/03/02 01:07:28;19195;82;23.8;30.7;2.422;1.787;1.170;2.641;0.077;1.451;19196
B31558;2015/03/02 01:07:38;19196;84;23.8;29.8;2.638;1.787;1.170;2.641;0.070;1.435;19197
B31558;2015/03/02 01:07:48;19197;75;31.2;30.3;2.635;1.787;1.170;2.641;0.070;1.406;19198
B31558;2015/03/02 01:07:58;19198;91;32.5;30.7;2.561;1.812;1.170;2.677;0.070;1.432;19199
B31558;2015/03/02 01:08:08;19199;84;23.5;30.2;2.403;1.812;1.235;2.677;0.070;1.451;19200
B31558;2015/03/02 01:08:18;19200;82;23.8;29.8;2.638;1.825;1.235;2.677;0.070;1.458;19201
B31558;2015/03/02 01:08:28;19201;78;30.3;30.3;2.664;1.825;1.170;2.677;0.070;1.425;19202
B31558;2015/03/02 01:08:38;19202;88;28.7;30.2;2.619;1.816;1.170;2.693;0.070;1.429;19203
B31558;2015/03/02 01:08:48;19203;85;27.0;30.2;2.470;1.816;1.241;2.693;0.070;1.448;19204
B31558;2015/03/02 01:08:58;19204;71;27.7;29.5;2.645;1.822;1.241;2.693;0.087;1.425;19205
B31558;2015/03/02 01:09:08;19205;84;28.7;29.8;2.577;1.822;1.170;2.693;0.087;1.425;19206
B31558;2015/03/02 01:09:18;19206;83;25.4;30.3;2.393;1.796;1.170;2.638;0.087;1.432;19207
B31558;2015/03/02 01:09:28;19207;84;25.1;30.3;2.406;1.796;1.193;2.638;0.087;1.409;19208
B31558;2015/03/02 01:09:38;19208;88;32.9;30.5;2.470;1.777;1.193;2.638;0.077;1.451;19209
B31558;2015/03/02 01:09:48;19209;88;31.2;30.3;2.609;1.777;1.206;2.638;0.077;1.403;19210
B31558;2015/03/02 01:09:58;19210;88;23.8;30.7;2.664;1.793;1.206;2.635;0.077;1.422;19211
B31558;2015/03/02 01:10:08;19211;80;24.1;30.0;2.412;1.793;1.174;2.635;0.077;1.429;19212
B31558;2015/03/02 01:10:18;19212;83;29.3;30.2;2.438;1.787;1.174;2.635;0.077;1.409;19213
B31558;2015/03/02 01:10:28;19213;83;28.7;29.5;2.532;1.787;1.167;2.635;0.077;1.419;19214
B31558;2015/03/02 01:10:38;19214;90;25.4;30.2;2.396;1.812;1.167;2.674;0.077;1.422;19215
B31558;2015/03/02 01:10:48;19215;84;28.7;29.8;2.567;1.812;1.170;2.674;0.077;1.438;19216
B31558;2015/03/02 01:10:58;19216;83;26.7;29.8;2.654;1.800;1.170;2.674;0.070;1.422;19217
B31558;2015/03/02 01:11:08;19217;85;29.6;30.2;2.664;1.800;1.238;2.674;0.070;1.419;19218
B31558;2015/03/02 01:11:18;19218;93;29.0;30.2;2.432;1.806;1.238;2.629;0.070;1.393;19219
B31558;2015/03/02 01:11:28;19219;89;33.2;29.8;2.412;1.806;1.187;2.629;0.070;1.416;19220
B31558;2015/03/02 01:11:38;19220;88;33.2;30.7;2.406;1.777;1.187;2.629;0.125;1.464;19221
B31558;2015/03/02 01:11:48;19221;88;26.7;30.2;2.461;1.777;1.235;2.629;0.125;1.416;19222
B31558;2015/03/02 01:11:58;19222;84;30.6;30.9;2.583;1.796;1.235;2.638;0.125;1.454;19223
B31558;2015/03/02 01:12:08;19223;83;32.5;29.8;2.664;1.796;1.241;2.638;0.125;1.409;19224
B31558;2015/03/02 01:12:18;19224;81;24.8;30.2;2.393;1.787;1.241;2.638;0.077;1.409;19225
B31558;2015/03/02 01:12:28;19225;78;28.7;30.3;2.619;1.787;1.177;2.638;0.077;1.429;19226
B31558;2015/03/02 01:12:38;19226;88;32.5;30.5;2.412;1.806;1.177;2.619;0.077;1.448;19227
B31558;2015/03/02 01:12:48;19227;77;23.2;30.5;2.422;1.806;1.187;2.619;0.077;1.422;19228
B31558;2015/03/02 01:12:58;19228;76;25.8;29.8;2.658;1.825;1.187;2.619;0.061;1.435;19229
B31558;2015/03/02 01:13:08;19229;91;26.4;30.2;2.470;1.825;1.180;2.619;0.061;1.438;19230
B31558;2015/03/02 01:13:18;19230;89;24.5;30.7;2.393;1.780;1.180;2.645;0.061;1.445;19231
B31558;2015/03/02 01:13:28;19231;83;25.1;30.3;2.393;1.780;1.196;2.645;0.061;1.454;19232
B31558;2015/03/02 01:13:38;19232;85;32.5;30.5;2.387;1.787;1.196;2.645;0.112;1.445;19233
B31558;2015/03/02 01:13:48;19233;86;25.8;30.7;2.403;1.787;1.232;2.645;0.112;1.438;19234
B31558;2015/03/02 01:13:58;19234;82;26.7;30.3;2.416;1.809;1.232;2.654;0.112;1.464;19235
B31558;2015/03/02 01:14:08;19235;77;33.2;30.2;2.619;1.809;1.219;2.654;0.112;1.422;19236
B31558;2015/03/02 01:14:18;19236;80;23.2;29.8;2.658;1.819;1.219;2.654;0.067;1.422;19237
B31558;2015/03/02 01:14:28;19237;82;31.9;30.0;2.632;1.819;1.177;2.654;0.067;1.422;19238
B31558;2015/03/02 01:14:38;19238;80;33.8;30.5;2.548;1.825;1.177;2.632;0.067;1.416;19239
B31558;2015/03/02 01:14:48;19239;83;31.9;30.2;2.664;1.825;1.241;2.632;0.067;1.445;19240
B31558;2015/03/02 01:14:58;19240;88;22.5;29.6;2.667;1.829;1.241;2.632;0.058;1.419;19241
B31558;2015/03/02 01:15:08;19241;92;22.5;30.5;2.422;1.829;1.177;2.632;0.058;1.419;19242
B31558;2015/03/02 01:15:18;19242;83;23.2;30.2;2.393;1.812;1.177;2.670;0.058;1.409;19243
B31558;2015/03/02 01:15:28;19243;88;31.6;29.6;2.558;1.812;1.177;2.670;0.058;1.458;19244
B31558;2015/03/02 01:15:38;19244;87;26.4;30.0;2.658;1.812;1.177;2.670;0.083;1.419;19245
B31558;2015/03/02 01:15:48;19245;84;30.6;30.2;2.396;1.812;1.183;2.670;0.083;1.441;19246
B31558;2015/03/02 01:15:58;19246;88;27.4;30.2;2.593;1.780;1.183;2.641;0.083;1.470;19247
B31558;2015/03/02 01:16:08;19247;87;25.4;30.5;2.412;1.780;1.235;2.641;0.083;1.451;19248
B31558;2015/03/02 01:16:18;19248;78;33.2;30.3;2.635;1.816;1.235;2.641;0.112;1.432;19249
B31558;2015/03/02 01:16:28;19249;83;23.8;30.7;2.412;1.816;1.174;2.641;0.112;1.432;19250
B31558;2015/03/02 01:16:38;19250;85;28.3;30.0;2.625;1.780;1.174;2.629;0.112;1.470;19251
B31558;2015/03/02 01:16:48;19251;83;25.4;30.0;2.545;1.780;1.222;2.629;0.112;1.451;19252
B31558;2015/03/02 01:16:58;19252;82;30.6;30.5;2.667;1.806;1.222;2.629;0.067;1.422;19253
B31558;2015/03/02 01:17:08;19253;81;34.5;29.8;2.500;1.806;1.183;2.629;0.067;1.432;19254
B31558;2015/03/02 01:17:18;19254;91;30.6;30.7;2.445;1.783;1.183;2.638;0.067;1.432;19255
B31558;2015/03/02 01:17:28;19255;81;25.4;29.8;2.419;1.783;1.193;2.638;0.067;1.467;19256
B31558;2015/03/02 01:17:38;19256;89;26.4;29.8;2.645;1.829;1.193;2.638;0.077;1.435;19257
B31558;2015/03/02 01:17:48;19257;79;24.8;30.0;2.474;1.829;1.190;2.638;0.077;1.448;19258
B31558;2015/03/02 01:17:58;19258;81;26.4;29.8;2.658;1.790;1.190;2.664;0.077;1.493;19259
B31558;2015/03/02 01:18:08;19259;83;28.3;30.3;2.419;1.790;1.183;2.664;0.077;1.451;19260
B31558;2015/03/02 01:18:18;19260;88;32.9;30.5;2.451;1.790;1.183;2.664;0.070;1.483;19261
B31558;2015/03/02 01:18:28;19261;80;24.8;31.0;2.451;1.790;1.174;2.664;0.070;1.454;19262
B31558;2015/03/02 01:18:38;19262;82;26.7;30.2;2.393;1.819;1.174;2.616;0.070;1.490;19263
B31558;2015/03/02 01:18:48;19263;77;23.5;30.2;2.670;1.819;1.219;2.616;0.070;1.445;19264
B31558;2015/03/02 01:18:58;19264;83;24.8;30.3;2.396;1.790;1.219;2.616;0.064;1.464;19265
B31558;2015/03/02 01:19:08;19265;78;28.7;30.2;2.406;1.790;1.174;2.616;0.064;1.448;19266
B31558;2015/03/02 01:19:18;19266;78;30.6;29.8;2.603;1.816;1.174;2.651;0.064;1.432;19267
B31558;2015/03/02 01:19:28;19267;87;32.5;30.7;2.461;1.816;1.174;2.651;0.064;1.458;19268
B31558;2015/03/02 01:19:38;19268;88;34.1;30.0;2.419;1.829;1.174;2.651;0.083;1.451;19269
B31558;2015/03/02 01:19:48;19269;78;29.3;30.2;2.661;1.829;1.174;2.651;0.083;1.445;19270
B31558;2015/03/02 01:19:58;19270;84;31.2;30.0;2.593;1.819;1.174;2.680;0.083;1.438;19271
B31558;2015/03/02 01:20:08;19271;81;25.4;29.6;2.661;1.819;1.222;2.680;0.083;1.477;19272
B31558;2015/03/02 01:20:18;19272;87;24.5;30.3;2.480;1.780;1.222;2.680;0.064;1.419;19273
B31558;2015/03/02 01:20:28;19273;89;30.9;30.0;2.396;1.780;1.196;2.680;0.064;1.416;19274
B31558;2015/03/02 01:20:38;19274;85;29.3;30.5;2.593;1.780;1.196;2.703;0.064;1.416;19275
B31558;2015/03/02 01:20:48;19275;89;22.9;30.2;2.422;1.780;1.174;2.703;0.064;1.445;19276
B31558;2015/03/02 01:20:58;19276;89;23.2;29.8;2.616;1.780;1.174;2.703;0.070;1.419;19277
B31558;2015/03/02 01:21:08;19277;92;24.8;30.2;2.412;1.780;1.199;2.703;0.070;1.409;19278
B31558;2015/03/02 01:21:18;19278;83;30.0;29.8;2.670;1.783;1.199;2.696;0.070;1.441;19279
B31558;2015/03/02 01:21:28;19279;81;30.6;30.2;2.645;1.783;1.177;2.696;0.070;1.435;19280
B31558;2015/03/02 01:21:38;19280;86;23.5;30.0;2.654;1.783;1.177;2.696;0.064;1.419;19281
B31558;2015/03/02 01:21:48;19281;81;26.1;29.6;2.474;1.783;1.241;2.696;0.064;1.467;19282
B31558;2015/03/02 01:21:58;19282;90;23.8;29.6;2.670;1.816;1.241;2.664;0.064;1.422;19283
B31558;2015/03/02 01:22:08;19283;82;22.5;30.3;2.422;1.816;1.222;2.664;0.064;1.412;19284
B31558;2015/03/02 01:22:18;19284;78;23.8;29.8;2.645;1.806;1.222;2.664;0.070;1.445;19285
B31558;2015/03/02 01:22:28;19285;82;23.2;30.5;2.425;1.806;1.174;2.664;0.070;1.435;19286
B31558;2015/03/02 01:22:38;19286;88;31.9;30.5;2.512;1.832;1.174;2.687;0.070;1.425;19287
B31558;2015/03/02 01:22:48;19287;85;25.8;30.2;2.403;1.832;1.174;2.687;0.070;1.422;19288
B31558;2015/03/02 01:22:58;19288;79;32.5;30.0;2.412;1.803;1.174;2.687;0.093;1.454;19289
B31558;2015/03/02 01:23:08;19289;77;24.8;30.0;2.483;1.803;1.174;2.687;0.093;1.419;19290
B31558;2015/03/02 01:23:18;19290;72;27.7;30.2;2.648;1.819;1.174;2.648;0.093;1.435;19291
B31558;2015/03/02 01:23:28;19291;80;27.4;29.6;2.658;1.819;1.177;2.648;0.093;1.416;19292
B31558;2015/03/02 01:23:38;19292;89;24.5;30.0;2.432;1.825;1.177;2.648;0.070;1.409;19293
B31558;2015/03/02 01:23:48;19293;83;24.5;30.5;2.606;1.825;1.174;2.648;0.070;1.429;19294
B31558;2015/03/02 01:23:58;19294;91;28.7;30.9;2.583;1.796;1.174;2.645;0.070;1.412;19295
B31558;2015/03/02 01:24:08;19295;72;27.7;30.2;2.441;1.796;1.177;2.645;0.070;1.425;19296
B31558;2015/03/02 01:24:18;19296;88;26.7;29.8;2.654;1.812;1.177;2.645;0.058;1.396;19297
B31558;2015/03/02 01:24:28;19297;85;24.8;30.7;2.448;1.812;1.206;2.645;0.058;1.406;19298
B31558;2015/03/02 01:24:38;19298;91;26.1;30.3;2.538;1.829;1.206;2.712;0.058;1.441;19299
B31558;2015/03/02 01:24:48;19299;80;24.8;29.5;2.493;1.829;1.238;2.712;0.058;1.422;19300
B31558;2015/03/02 01:24:58;19300;83;26.1;30.3;2.425;1.787;1.238;2.712;0.145;1.454;19301
B31558;2015/03/02 01:25:08;19301;86;31.6;29.6;2.558;1.787;1.196;2.712;0.145;1.406;19302
B31558;2015/03/02 01:25:18;19302;86;33.2;30.0;2.422;1.793;1.196;2.677;0.145;1.441;19303
B31558;2015/03/02 01:25:28;19303;84;30.6;30.0;2.670;1.793;1.203;2.677;0.145;1.374;19304
B31558;2015/03/02 01:25:38;19304;92;29.3;30.3;2.670;1.829;1.203;2.677;0.074;1.399;19305
B31558;2015/03/02 01:25:48;19305;92;27.7;29.6;2.551;1.829;1.174;2.677;0.074;1.435;19306
B31558;2015/03/02 01:25:58;19306;83;29.3;30.2;2.554;1.806;1.174;2.735;0.074;1.396;19307
B31558;2015/03/02 01:26:08;19307;82;25.8;30.2;2.435;1.806;1.235;2.735;0.074;1.412;19308
B31558;2015/03/02 01:26:18;19308;84;29.3;29.8;2.635;1.812;1.235;2.735;0.070;1.393;19309
B31558;2015/03/02 01:26:28;19309;81;23.8;30.0;2.677;1.812;1.187;2.735;0.070;1.422;19310
B31558;2015/03/02 01:26:38;19310;82;30.9;30.3;2.470;1.783;1.187;2.667;0.070;1.425;19311
B31558;2015/03/02 01:26:48;19311;83;25.8;30.5;2.409;1.783;1.238;2.667;0.070;1.370;19312
B31558;2015/03/02 01:26:58;19312;80;24.5;30.0;2.412;1.793;1.238;2.667;0.129;1.393;19313
B31558;2015/03/02 01:27:08;19313;88;33.2;29.8;2.506;1.793;1.241;2.667;0.129;1.438;19314
B31558;2015/03/02 01:27:18;19314;88;27.4;29.8;2.635;1.803;1.241;2.641;0.129;1.409;19315
B31558;2015/03/02 01:27:28;19315;82;28.3;30.0;2.670;1.803;1.196;2.641;0.129;1.399;19316
B31558;2015/03/02 01:27:38;19316;85;27.4;30.0;2.519;1.787;1.196;2.641;0.080;1.448;19317
B31558;2015/03/02 01:27:48;19317;90;33.2;30.7;2.458;1.787;1.177;2.641;0.080;1.406;19318
B31558;2015/03/02 01:27:58;19318;93;26.4;30.3;2.532;1.783;1.177;2.693;0.080;1.438;19319
B31558;2015/03/02 01:28:08;19319;83;28.3;30.0;2.638;1.783;1.193;2.693;0.080;1.412;19320
B31558;2015/03/02 01:28:18;19320;90;30.9;30.3;2.596;1.796;1.193;2.693;0.099;1.448;19321
B31558;2015/03/02 01:28:28;19321;84;25.8;30.0;2.396;1.796;1.241;2.693;0.099;1.399;19322
B31558;2015/03/02 01:28:38;19322;80;26.1;30.0;2.496;1.822;1.241;2.703;0.099;1.419;19323
B31558;2015/03/02 01:28:48;19323;74;25.4;30.7;2.609;1.822;1.212;2.703;0.099;1.390;19324
B31558;2015/03/02 01:28:58;19324;76;25.8;29.8;2.658;1.822;1.212;2.703;0.190;1.393;19325
B31558;2015/03/02 01:29:08;19325;84;29.6;30.0;2.658;1.822;1.245;2.703;0.190;1.387;19326
B31558;2015/03/02 01:29:18;19326;88;22.5;30.2;2.429;1.819;1.245;2.696;0.190;1.422;19327
B31558;2015/03/02 01:29:28;19327;72;22.9;30.5;2.432;1.819;1.241;2.696;0.190;1.383;19328
B31558;2015/03/02 01:29:38;19328;82;25.4;29.6;2.661;1.783;1.241;2.696;0.087;1.412;19329
B31558;2015/03/02 01:29:48;19329;87;26.7;29.5;2.548;1.783;1.187;2.696;0.087;1.409;19330
B31558;2015/03/02 01:29:58;19330;83;33.2;30.3;2.558;1.783;1.187;2.664;0.087;1.441;19331
B31558;2015/03/02 01:30:08;19331;82;26.1;30.5;2.412;1.783;1.180;2.664;0.087;1.399;19332
B31558;2015/03/02 01:30:18;19332;86;30.0;30.3;2.435;1.793;1.180;2.664;0.145;1.425;19333
B31558;2015/03/02 01:30:28;19333;91;26.4;29.6;2.645;1.793;1.177;2.664;0.145;1.429;19334
B31558;2015/03/02 01:30:38;19334;91;23.2;30.2;2.658;1.793;1.177;2.687;0.145;1.377;19335
B31558;2015/03/02 01:30:48;19335;88;31.9;30.0;2.416;1.793;1.180;2.687;0.145;1.374;19336
B31558;2015/03/02 01:30:58;19336;78;24.5;30.3;2.429;1.822;1.180;2.687;0.080;1.396;19337
B31558;2015/03/02 01:31:08;19337;78;23.8;30.7;2.677;1.822;1.187;2.687;0.080;1.377;19338
B31558;2015/03/02 01:31:18;19338;89;24.1;29.6;2.670;1.812;1.187;2.677;0.080;1.429;19339
B31558;2015/03/02 01:31:28;19339;83;29.3;30.2;2.606;1.812;1.248;2.677;0.080;1.364;19340
B31558;2015/03/02 01:31:38;19340;82;28.7;30.0;2.606;1.809;1.248;2.677;0.067;1.435;19341
B31558;2015/03/02 01:31:48;19341;76;26.4;29.6;2.461;1.809;1.177;2.677;0.067;1.380;19342
B31558;2015/03/02 01:31:58;19342;80;23.8;29.8;2.674;1.787;1.177;2.687;0.067;1.387;19343
B31558;2015/03/02 01:32:08;19343;74;32.5;29.5;2.645;1.787;1.187;2.687;0.067;1.354;19344
B31558;2015/03/02 01:32:18;19344;79;29.6;29.8;2.651;1.787;1.187;2.687;0.070;1.393;19345
B31558;2015/03/02 01:32:28;19345;85;22.2;30.2;2.558;1.787;1.241;2.687;0.070;1.380;19346
B31558;2015/03/02 01:32:38;19346;73;23.5;29.8;2.635;1.819;1.241;2.696;0.070;1.409;19347
B31558;2015/03/02 01:32:48;19347;85;23.2;30.5;2.577;1.819;1.203;2.696;0.070;1.367;19348
B31558;2015/03/02 01:32:58;19348;84;31.2;30.3;2.422;1.790;1.203;2.696;0.080;1.383;19349
B31558;2015/03/02 01:33:08;19349;83;23.8;30.2;2.435;1.790;1.248;2.696;0.080;1.377;19350
B31558;2015/03/02 01:33:18;19350;83;28.3;30.3;2.416;1.787;1.248;2.645;0.080;1.383;19351
B31558;2015/03/02 01:33:28;19351;84;31.9;30.0;2.564;1.787;1.241;2.645;0.080;1.416;19352
B31558;2015/03/02 01:33:38;19352;93;28.7;30.2;2.600;1.803;1.241;2.645;0.067;1.409;19353
B31558;2015/03/02 01:33:48;19353;88;24.8;30.2;2.412;1.803;1.212;2.645;0.067;1.412;19354
B31558;2015/03/02 01:33:58;19354;78;25.1;29.8;2.658;1.825;1.212;2.696;0.067;1.390;19355
B31558;2015/03/02 01:34:08;19355;88;24.8;30.3;2.487;1.825;1.177;2.696;0.067;1.387;19356
B31558;2015/03/02 01:34:18;19356;84;23.8;30.2;2.393;1.832;1.177;2.696;0.077;1.370;19357
B31558;2015/03/02 01:34:28;19357;89;34.5;29.8;2.548;1.832;1.238;2.696;0.077;1.429;19358
B31558;2015/03/02 01:34:38;19358;80;24.5;30.2;2.606;1.806;1.238;2.674;0.077;1.383;19359
B31558;2015/03/02 01:34:48;19359;83;29.0;30.0;2.683;1.806;1.248;2.674;0.077;1.432;19360
B31558;2015/03/02 01:34:58;19360;76;27.4;30.5;2.480;1.816;1.248;2.674;0.067;1.419;19361
B31558;2015/03/02 01:35:08;19361;82;23.5;30.2;2.477;1.816;1.177;2.674;0.067;1.406;19362
B31558;2015/03/02 01:35:18;19362;82;30.3;30.3;2.509;1.787;1.177;2.703;0.067;1.406;19363
B31558;2015/03/02 01:35:28;19363;86;31.6;30.3;2.425;1.787;1.180;2.703;0.067;1.383;19364
B31558;2015/03/02 01:35:38;19364;87;33.8;30.0;2.422;1.819;1.180;2.703;0.077;1.409;19365
B31558;2015/03/02 01:35:48;19365;85;27.7;30.3;2.403;1.819;1.180;2.703;0.077;1.419;19366
B31558;2015/03/02 01:35:58;19366;82;23.2;30.3;2.399;1.832;1.180;2.677;0.077;1.412;19367
B31558;2015/03/02 01:36:08;19367;87;30.9;30.3;2.664;1.832;1.180;2.677;0.077;1.380;19368
B31558;2015/03/02 01:36:18;19368;79;26.1;30.0;2.396;1.787;1.180;2.677;0.080;1.409;19369
B31558;2015/03/02 01:36:28;19369;91;22.5;30.2;2.435;1.787;1.216;2.677;0.080;1.399;19370
B31558;2015/03/02 01:36:38;19370;83;25.1;30.3;2.435;1.809;1.216;2.706;0.080;1.403;19371
B31558;2015/03/02 01:36:48;19371;83;23.5;30.0;2.412;1.809;1.177;2.706;0.080;1.387;19372
B31558;2015/03/02 01:36:58;19372;87;23.2;30.5;2.396;1.806;1.177;2.706;0.064;1.399;19373
B31558;2015/03/02 01:37:08;19373;89;30.0;30.5;2.409;1.806;1.183;2.706;0.064;1.409;19374
B31558;2015/03/02 01:37:18;19374;83;26.1;30.3;2.425;1.822;1.183;2.699;0.064;1.403;19375
B31558;2015/03/02 01:37:28;19375;83;27.4;29.5;2.670;1.822;1.187;2.699;0.064;1.441;19376
B31558;2015/03/02 01:37:38;19376;92;23.8;29.8;2.645;1.800;1.187;2.699;0.064;1.432;19377
B31558;2015/03/02 01:37:48;19377;90;30.3;30.0;2.412;1.800;1.187;2.699;0.064;1.390;19378
B31558;2015/03/02 01:37:58;19378;91;25.4;30.0;2.422;1.796;1.187;2.648;0.064;1.399;19379
B31558;2015/03/02 01:38:08;19379;83;29.6;29.8;2.593;1.796;1.177;2.648;0.064;1.393;19380
B31558;2015/03/02 01:38:18;19380;80;24.8;29.8;2.396;1.832;1.177;2.648;0.064;1.419;19381
B31558;2015/03/02 01:38:28;19381;88;30.0;30.3;2.445;1.832;1.206;2.648;0.064;1.432;19382
B31558;2015/03/02 01:38:38;19382;90;23.8;30.3;2.399;1.790;1.206;2.648;0.064;1.419;19383
B31558;2015/03/02 01:38:48;19383;84;29.3;30.0;2.645;1.790;1.180;2.648;0.064;1.403;19384
B31558;2015/03/02 01:38:58;19384;73;32.5;30.3;2.441;1.790;1.180;2.648;0.132;1.438;19385
B31558;2015/03/02 01:39:08;19385;89;24.1;30.5;2.416;1.790;1.180;2.648;0.132;1.441;19386
B31558;2015/03/02 01:39:18;19386;82;31.2;30.2;2.564;1.809;1.180;2.661;0.132;1.438;19387
B31558;2015/03/02 01:39:28;19387;80;33.8;29.5;2.558;1.809;1.174;2.661;0.132;1.448;19388
B31558;2015/03/02 01:39:38;19388;87;32.2;30.0;2.451;1.793;1.174;2.661;0.077;1.458;19389
B31558;2015/03/02 01:39:48;19389;84;30.9;30.3;2.683;1.793;1.248;2.661;0.077;1.409;19390
B31558;2015/03/02 01:39:58;19390;73;28.0;29.8;2.641;1.832;1.248;2.687;0.077;1.416;19391
B31558;2015/03/02 01:40:08;19391;87;30.6;29.6;2.622;1.832;1.177;2.687;0.077;1.396;19392
B31558;2015/03/02 01:40:18;19392;83;31.2;30.2;2.648;1.825;1.177;2.687;0.080;1.419;19393
B31558;2015/03/02 01:40:28;19393;82;26.1;29.6;2.551;1.825;1.183;2.687;0.080;1.412;19394
B31558;2015/03/02 01:40:38;19394;88;25.8;30.0;2.641;1.822;1.183;2.680;0.080;1.416;19395
B31558;2015/03/02 01:40:48;19395;84;25.8;30.3;2.409;1.822;1.180;2.680;0.080;1.448;19396
B31558;2015/03/02 01:40:58;19396;83;26.7;29.5;2.399;1.790;1.180;2.680;0.145;1.441;19397
B31558;2015/03/02 01:41:08;19397;87;31.2;29.6;2.677;1.790;1.183;2.680;0.145;1.419;19398
B31558;2015/03/02 01:41:18;19398;87;29.3;29.8;2.596;1.825;1.183;2.696;0.145;1.458;19399
B31558;2015/03/02 01:41:28;19399;90;31.2;29.8;2.670;1.825;1.206;2.696;0.145;1.474;19400
B31558;2015/03/02 01:41:38;19400;88;29.6;30.3;2.480;1.829;1.206;2.696;0.064;1.467;19401
B31558;2015/03/02 01:41:48;19401;76;29.3;30.0;2.677;1.829;1.238;2.696;0.064;1.419;19402
B31558;2015/03/02 01:41:58;19402;84;24.5;29.6;2.674;1.832;1.238;2.699;0.064;1.429;19403
B31558;2015/03/02 01:42:08;19403;81;27.7;30.0;2.606;1.832;1.203;2.699;0.064;1.425;19404
B31558;2015/03/02 01:42:18;19404;93;30.3;30.0;2.425;1.822;1.203;2.699;0.077;1.470;19405
B31558;2015/03/02 01:42:28;19405;86;25.8;30.2;2.454;1.822;1.183;2.699;0.077;1.422;19406
B31558;2015/03/02 01:42:38;19406;93;23.2;30.0;2.438;1.835;1.183;2.690;0.077;1.403;19407
B31558;2015/03/02 01:42:48;19407;79;27.4;29.3;2.677;1.835;1.180;2.690;0.077;1.406;19408
B31558;2015/03/02 01:42:58;19408;86;30.9;30.2;2.577;1.793;1.180;2.690;0.083;1.451;19409
B31558;2015/03/02 01:43:08;19409;88;23.5;30.0;2.677;1.793;1.241;2.690;0.083;1.435;19410
B31558;2015/03/02 01:43:18;19410;82;29.3;30.5;2.483;1.790;1.241;2.722;0.083;1.393;19411
B31558;2015/03/02 01:43:28;19411;84;33.2;30.0;2.438;1.790;1.206;2.722;0.083;1.387;19412
B31558;2015/03/02 01:43:38;19412;80;30.0;29.8;2.409;1.822;1.206;2.722;0.067;1.390;19413
B31558;2015/03/02 01:43:48;19413;82;22.5;30.2;2.496;1.822;1.180;2.722;0.067;1.438;19414
B31558;2015/03/02 01:43:58;19414;83;28.0;29.3;2.425;1.822;1.180;2.712;0.067;1.451;19415
B31558;2015/03/02 01:44:08;19415;72;25.4;29.5;2.512;1.822;1.183;2.712;0.067;1.387;19416
B31558;2015/03/02 01:44:18;19416;76;30.6;30.0;2.670;1.800;1.183;2.712;0.070;1.429;19417
B31558;2015/03/02 01:44:28;19417;83;29.3;29.6;2.603;1.800;1.254;2.712;0.070;1.399;19418
B31558;2015/03/02 01:44:38;19418;76;30.6;30.2;2.461;1.822;1.254;2.732;0.070;1.370;19419
B31558;2015/03/02 01:44:48;19419;78;26.4;30.9;2.483;1.822;1.225;2.732;0.070;1.387;19420
B31558;2015/03/02 01:44:58;19420;90;23.5;30.2;2.590;1.835;1.225;2.732;0.080;1.383;19421
B31558;2015/03/02 01:45:08;19421;86;28.3;30.0;2.593;1.835;1.248;2.732;0.080;1.412;19422
B31558;2015/03/02 01:45:18;19422;93;30.6;29.8;2.583;1.816;1.248;2.670;0.080;1.416;19423
B31558;2015/03/02 01:45:28;19423;70;22.5;30.3;2.432;1.816;1.251;2.670;0.080;1.445;19424
B31558;2015/03/02 01:45:38;19424;74;23.8;29.5;2.645;1.816;1.251;2.670;0.083;1.390;19425
B31558;2015/03/02 01:45:48;19425;86;26.4;30.3;2.632;1.816;1.196;2.670;0.083;1.406;19426
B31558;2015/03/02 01:45:58;19426;83;31.6;30.2;2.554;1.793;1.196;2.670;0.083;1.409;19427
B31558;2015/03/02 01:46:08;19427;80;33.8;29.8;2.535;1.793;1.183;2.670;0.083;1.416;19428
B31558;2015/03/02 01:46:18;19428;85;31.9;30.5;2.574;1.835;1.183;2.670;0.164;1.422;19429
B31558;2015/03/02 01:46:28;19429;83;34.1;29.3;2.545;1.835;1.212;2.670;0.164;1.425;19430
B31558;2015/03/02 01:46:38;19430;90;27.7;30.2;2.412;1.790;1.212;2.661;0.164;1.412;19431
B31558;2015/03/02 01:46:48;19431;72;23.2;30.5;2.425;1.790;1.245;2.661;0.164;1.412;19432
B31558;2015/03/02 01:46:58;19432;85;25.8;29.5;2.670;1.822;1.245;2.661;0.151;1.419;19433
B31558;2015/03/02 01:47:08;19433;84;22.5;30.5;2.441;1.822;1.187;2.661;0.151;1.445;19434
B31558;2015/03/02 01:47:18;19434;83;25.8;29.3;2.674;1.803;1.187;2.699;0.151;1.458;19435
B31558;2015/03/02 01:47:28;19435;84;25.1;30.2;2.467;1.803;1.180;2.699;0.151;1.445;19436
B31558;2015/03/02 01:47:38;19436;83;31.6;30.3;2.458;1.825;1.180;2.699;0.080;1.445;19437
B31558;2015/03/02 01:47:48;19437;83;22.5;30.2;2.432;1.825;1.183;2.699;0.080;1.483;19438
B31558;2015/03/02 01:47:58;19438;94;26.1;30.3;2.416;1.793;1.183;2.719;0.080;1.451;19439
B31558;2015/03/02 01:48:08;19439;87;29.3;29.6;2.596;1.793;1.177;2.719;0.080;1.451;19440
B31558;2015/03/02 01:48:18;19440;83;29.3;31.0;2.561;1.822;1.177;2.719;0.064;1.435;19441
B31558;2015/03/02 01:48:28;19441;78;24.1;30.5;2.564;1.822;1.180;2.719;0.064;1.467;19442
B31558;2015/03/02 01:48:38;19442;74;23.8;30.3;2.483;1.838;1.180;2.664;0.064;1.461;19443
B31558;2015/03/02 01:48:48;19443;87;23.8;29.8;2.406;1.838;1.190;2.664;0.064;1.419;19444
B31558;2015/03/02 01:48:58;19444;81;25.1;29.8;2.567;1.829;1.190;2.664;0.074;1.432;19445
B31558;2015/03/02 01:49:08;19445;74;24.1;30.5;2.480;1.829;1.196;2.664;0.074;1.441;19446
B31558;2015/03/02 01:49:18;19446;88;23.8;29.6;2.674;1.806;1.196;2.696;0.074;1.432;19447
B31558;2015/03/02 01:49:28;19447;88;32.2;29.8;2.606;1.806;1.251;2.696;0.074;1.454;19448
B31558;2015/03/02 01:49:38;19448;83;30.0;30.3;2.406;1.835;1.251;2.696;0.087;1.435;19449
B31558;2015/03/02 01:49:48;19449;91;24.1;30.5;2.567;1.835;1.196;2.696;0.087;1.461;19450
B31558;2015/03/02 01:49:58;19450;80;31.2;29.8;2.603;1.832;1.196;2.699;0.087;1.429;19451
B31558;2015/03/02 01:50:08;19451;92;30.9;29.6;2.670;1.832;1.254;2.699;0.087;1.406;19452
B31558;2015/03/02 01:50:18;19452;84;26.1;29.8;2.677;1.841;1.254;2.699;0.125;1.409;19453
B31558;2015/03/02 01:50:28;19453;91;26.7;29.5;2.551;1.841;1.254;2.699;0.125;1.412;19454
B31558;2015/03/02 01:50:38;19454;83;33.8;29.8;2.425;1.822;1.254;2.677;0.125;1.406;19455
B31558;2015/03/02 01:50:48;19455;89;30.6;29.6;2.648;1.822;1.187;2.677;0.125;1.448;19456
B31558;2015/03/02 01:50:58;19456;88;28.7;29.5;2.393;1.832;1.187;2.677;0.074;1.419;19457
B31558;2015/03/02 01:51:08;19457;80;33.2;29.3;2.567;1.832;1.248;2.677;0.074;1.416;19458
B31558;2015/03/02 01:51:18;19458;94;26.4;29.8;2.648;1.800;1.248;2.690;0.074;1.409;19459
B31558;2015/03/02 01:51:28;19459;88;26.7;29.5;2.658;1.800;1.183;2.690;0.074;1.454;19460
B31558;2015/03/02 01:51:38;19460;78;23.8;30.2;2.677;1.819;1.183;2.690;0.064;1.422;19461
B31558;2015/03/02 01:51:48;19461;79;29.0;29.8;2.651;1.819;1.245;2.690;0.064;1.445;19462
B31558;2015/03/02 01:51:58;19462;81;26.1;30.2;2.412;1.819;1.245;2.664;0.064;1.432;19463
B31558;2015/03/02 01:52:08;19463;79;27.7;29.8;2.554;1.819;1.241;2.664;0.064;1.425;19464
B31558;2015/03/02 01:52:18;19464;88;22.5;30.3;2.467;1.822;1.241;2.664;0.070;1.461;19465
B31558;2015/03/02 01:52:28;19465;84;23.5;30.0;2.406;1.822;1.187;2.664;0.070;1.406;19466
B31558;2015/03/02 01:52:38;19466;93;23.8;29.3;2.419;1.812;1.187;2.661;0.070;1.422;19467
B31558;2015/03/02 01:52:48;19467;88;30.3;30.0;2.416;1.812;1.193;2.661;0.070;1.451;19468
B31558;2015/03/02 01:52:58;19468;92;23.2;30.2;2.451;1.825;1.193;2.661;0.064;1.435;19469
B31558;2015/03/02 01:53:08;19469;91;33.5;29.3;2.683;1.825;1.190;2.661;0.064;1.412;19470
B31558;2015/03/02 01:53:18;19470;93;27.4;29.8;2.629;1.793;1.190;2.696;0.064;1.454;19471
B31558;2015/03/02 01:53:28;19471;79;23.2;30.5;2.425;1.793;1.258;2.696;0.064;1.448;19472
B31558;2015/03/02 01:53:38;19472;92;25.1;30.0;2.412;1.816;1.258;2.696;0.083;1.470;19473
B31558;2015/03/02 01:53:48;19473;79;22.5;29.8;2.429;1.816;1.203;2.696;0.083;1.445;19474
B31558;2015/03/02 01:53:58;19474;79;23.2;29.8;2.399;1.838;1.203;2.699;0.083;1.435;19475
B31558;2015/03/02 01:54:08;19475;88;31.6;30.3;2.677;1.838;1.187;2.699;0.083;1.422;19476
B31558;2015/03/02 01:54:18;19476;77;23.8;29.6;2.674;1.800;1.187;2.699;0.080;1.470;19477
B31558;2015/03/02 01:54:28;19477;82;31.6;29.3;2.551;1.800;1.187;2.699;0.080;1.429;19478
B31558;2015/03/02 01:54:38;19478;81;28.7;30.2;2.458;1.832;1.187;2.654;0.080;1.467;19479
B31558;2015/03/02 01:54:48;19479;83;23.2;30.5;2.441;1.832;1.232;2.654;0.080;1.432;19480
B31558;2015/03/02 01:54:58;19480;83;22.5;29.8;2.429;1.803;1.232;2.654;0.064;1.445;19481
B31558;2015/03/02 01:55:08;19481;90;23.8;30.0;2.683;1.803;1.254;2.654;0.064;1.412;19482
B31558;2015/03/02 01:55:18;19482;79;29.3;30.2;2.635;1.812;1.254;2.670;0.064;1.422;19483
B31558;2015/03/02 01:55:28;19483;84;30.6;29.6;2.664;1.812;1.212;2.670;0.064;1.432;19484
B31558;2015/03/02 01:55:38;19484;84;29.3;29.6;2.616;1.816;1.212;2.670;0.080;1.483;19485
B31558;2015/03/02 01:55:48;19485;91;23.5;30.3;2.451;1.816;1.183;2.670;0.080;1.467;19486
B31558;2015/03/02 01:55:58;19486;80;26.4;29.3;2.412;1.793;1.183;2.658;0.080;1.458;19487
B31558;2015/03/02 01:56:08;19487;80;26.1;30.0;2.422;1.793;1.187;2.658;0.080;1.448;19488
B31558;2015/03/02 01:56:18;19488;83;26.4;30.3;2.564;1.819;1.187;2.658;0.083;1.480;19489
B31558;2015/03/02 01:56:28;19489;78;29.3;30.0;2.683;1.819;1.183;2.658;0.083;1.435;19490
B31558;2015/03/02 01:56:38;19490;84;27.7;30.0;2.425;1.803;1.183;2.687;0.083;1.474;19491
B31558;2015/03/02 01:56:48;19491;79;29.6;29.8;2.432;1.803;1.219;2.687;0.083;1.458;19492
B31558;2015/03/02 01:56:58;19492;73;22.9;30.0;2.677;1.822;1.219;2.687;0.074;1.438;19493
B31558;2015/03/02 01:57:08;19493;83;27.4;29.8;2.519;1.822;1.183;2.687;0.074;1.493;19494
B31558;2015/03/02 01:57:18;19494;93;29.3;30.0;2.538;1.793;1.183;2.677;0.074;1.477;19495
B31558;2015/03/02 01:57:28;19495;83;25.8;30.5;2.467;1.793;1.225;2.677;0.074;1.435;19496
B31558;2015/03/02 01:57:38;19496;91;30.3;30.2;2.483;1.832;1.225;2.677;0.103;1.474;19497
B31558;2015/03/02 01:57:48;19497;87;23.5;30.2;2.448;1.832;1.183;2.677;0.103;1.429;19498
B31558;2015/03/02 01:57:58;19498;73;30.3;30.2;2.635;1.796;1.183;2.696;0.103;1.470;19499
B31558;2015/03/02 01:58:08;19499;83;28.7;30.0;2.683;1.796;1.183;2.696;0.103;1.451;19500
B31558;2015/03/02 01:58:18;19500;83;31.2;30.2;2.545;1.803;1.183;2.696;0.074;1.422;19501
B31558;2015/03/02 01:58:28;19501;78;27.0;29.6;2.645;1.803;1.187;2.696;0.074;1.458;19502
B31558;2015/03/02 01:58:38;19502;93;31.2;30.2;2.551;1.812;1.187;2.677;0.074;1.429;19503
B31558;2015/03/02 01:58:48;19503;89;22.5;30.0;2.432;1.812;1.251;2.677;0.074;1.438;19504
B31558;2015/03/02 01:58:58;19504;86;25.1;29.3;2.674;1.793;1.251;2.677;0.080;1.458;19505
B31558;2015/03/02 01:59:08;19505;77;24.8;30.5;2.445;1.793;1.190;2.677;0.080;1.438;19506
B31558;2015/03/02 01:59:18;19506;87;25.8;29.8;2.667;1.806;1.190;2.729;0.080;1.425;19507
B31558;2015/03/02 01:59:28;19507;74;25.1;29.6;2.467;1.806;1.206;2.729;0.080;1.441;19508
B31558;2015/03/02 01:59:38;19508;92;22.5;30.3;2.438;1.796;1.206;2.729;0.070;1.432;19509
B31558;2015/03/02 01:59:48;19509;73;23.5;30.0;2.419;1.796;1.225;2.729;0.070;1.396;19510
B31558;2015/03/02 01:59:58;19510;90;23.8;29.8;2.674;1.793;1.225;2.712;0.070;1.422;19511
B31558;2015/03/02 02:00:08;19511;85;29.6;30.2;2.438;1.793;1.196;2.712;0.070;1.422;19512
B31558;2015/03/02 02:00:18;19512;85;23.8;29.6;2.680;1.835;1.196;2.712;0.145;1.387;19513
B31558;2015/03/02 02:00:28;19513;82;32.9;29.1;2.683;1.835;1.206;2.712;0.145;1.412;19514
B31558;2015/03/02 02:00:38;19514;82;22.5;30.0;2.425;1.832;1.206;2.712;0.145;1.416;19515
