B315F1;2015/03/03 00:00:07;27575;79;31.6;22.0;2.654;1.774;1.241;2.912;0.093;1.509;27576
B315F1;2015/03/03 00:00:18;27576;88;27.7;21.8;2.845;1.803;1.241;2.912;0.093;1.493;27577
B315F1;2015/03/03 00:00:27;27577;85;33.2;21.8;2.693;1.803;1.280;2.912;0.093;1.532;27578
B315F1;2015/03/03 00:00:38;27578;78;29.3;22.2;2.651;1.800;1.280;2.912;0.093;1.541;27579
B315F1;2015/03/03 00:00:47;27579;88;32.5;21.7;2.651;1.800;1.283;2.912;0.093;1.529;27580
B315F1;2015/03/03 00:00:58;27580;86;34.5;22.0;2.667;1.800;1.283;2.912;0.090;1.506;27581
B315F1;2015/03/03 00:01:07;27581;84;28.0;21.5;2.716;1.800;1.254;2.912;0.090;1.496;27582
B315F1;2015/03/03 00:01:18;27582;81;29.6;22.2;2.651;1.796;1.254;2.903;0.090;1.500;27583
B315F1;2015/03/03 00:01:27;27583;88;28.3;21.8;2.667;1.796;1.261;2.903;0.090;1.503;27584
B315F1;2015/03/03 00:01:38;27584;88;30.0;21.8;2.783;1.774;1.261;2.903;0.096;1.535;27585
B315F1;2015/03/03 00:01:47;27585;91;28.7;22.2;2.648;1.774;1.245;2.903;0.096;1.535;27586
B315F1;2015/03/03 00:01:58;27586;92;30.6;21.7;2.767;1.774;1.245;2.896;0.096;1.516;27587
B315F1;2015/03/03 00:02:07;27587;78;29.0;21.8;2.683;1.774;1.258;2.896;0.096;1.538;27588
B315F1;2015/03/03 00:02:18;27588;87;30.9;21.5;2.874;1.812;1.258;2.896;0.090;1.561;27589
B315F1;2015/03/03 00:02:27;27589;93;31.2;21.5;2.877;1.812;1.303;2.896;0.090;1.548;27590
B315F1;2015/03/03 00:02:38;27590;83;35.1;22.4;2.690;1.803;1.303;2.880;0.090;1.548;27591
B315F1;2015/03/03 00:02:47;27591;82;31.9;21.8;2.803;1.803;1.238;2.880;0.090;1.545;27592
B315F1;2015/03/03 00:02:58;27592;93;31.2;22.0;2.680;1.809;1.238;2.880;0.080;1.516;27593
B315F1;2015/03/03 00:03:07;27593;81;31.6;22.0;2.864;1.809;1.306;2.880;0.080;1.567;27594
B315F1;2015/03/03 00:03:18;27594;83;29.0;22.0;2.664;1.803;1.306;2.877;0.080;1.551;27595
B315F1;2015/03/03 00:03:27;27595;88;34.1;22.0;2.883;1.803;1.277;2.877;0.080;1.564;27596
B315F1;2015/03/03 00:03:38;27596;89;34.5;22.0;2.745;1.812;1.277;2.877;0.138;1.516;27597
B315F1;2015/03/03 00:03:47;27597;83;27.7;21.8;2.661;1.812;1.245;2.877;0.138;1.519;27598
B315F1;2015/03/03 00:03:58;27598;90;30.6;22.0;2.816;1.800;1.245;2.880;0.138;1.512;27599
B315F1;2015/03/03 00:04:07;27599;93;32.9;22.0;2.851;1.800;1.270;2.880;0.138;1.512;27600
B315F1;2015/03/03 00:04:18;27600;94;31.2;22.0;2.677;1.770;1.270;2.880;0.080;1.487;27601
B315F1;2015/03/03 00:04:27;27601;88;32.5;21.8;2.693;1.770;1.241;2.880;0.080;1.477;27602
B315F1;2015/03/03 00:04:38;27602;88;31.6;22.2;2.690;1.787;1.241;2.877;0.080;1.506;27603
B315F1;2015/03/03 00:04:47;27603;88;31.6;22.5;2.819;1.787;1.248;2.877;0.080;1.519;27604
B315F1;2015/03/03 00:04:58;27604;87;29.0;22.4;2.651;1.774;1.248;2.877;0.090;1.503;27605
B315F1;2015/03/03 00:05:07;27605;88;32.5;21.5;2.712;1.774;1.245;2.877;0.090;1.519;27606
B315F1;2015/03/03 00:05:18;27606;89;29.0;22.4;2.651;1.796;1.245;2.870;0.090;1.529;27607
B315F1;2015/03/03 00:05:27;27607;92;30.9;22.0;2.877;1.796;1.274;2.870;0.090;1.493;27608
B315F1;2015/03/03 00:05:38;27608;95;30.6;21.8;2.861;1.774;1.274;2.870;0.209;1.522;27609
B315F1;2015/03/03 00:05:47;27609;86;32.5;22.0;2.803;1.774;1.258;2.870;0.209;1.506;27610
B315F1;2015/03/03 00:05:58;27610;92;35.8;22.2;2.674;1.774;1.258;2.861;0.209;1.541;27611
B315F1;2015/03/03 00:06:07;27611;83;31.9;22.0;2.848;1.774;1.300;2.861;0.209;1.535;27612
B315F1;2015/03/03 00:06:18;27612;85;31.9;21.8;2.829;1.806;1.300;2.861;0.096;1.522;27613
B315F1;2015/03/03 00:06:27;27613;87;28.0;21.5;2.719;1.806;1.296;2.861;0.096;1.506;27614
B315F1;2015/03/03 00:06:38;27614;92;28.3;21.7;2.851;1.812;1.296;2.877;0.096;1.519;27615
B315F1;2015/03/03 00:06:47;27615;91;33.5;22.0;2.854;1.812;1.258;2.877;0.096;1.522;27616
B315F1;2015/03/03 00:06:58;27616;93;28.3;22.2;2.819;1.774;1.258;2.877;0.138;1.551;27617
B315F1;2015/03/03 00:07:07;27617;90;29.6;21.8;2.690;1.774;1.306;2.877;0.138;1.561;27618
B315F1;2015/03/03 00:07:18;27618;92;28.3;21.8;2.819;1.796;1.306;2.883;0.138;1.548;27619
B315F1;2015/03/03 00:07:27;27619;87;28.3;22.4;2.751;1.796;1.267;2.883;0.138;1.525;27620
B315F1;2015/03/03 00:07:38;27620;83;27.7;22.2;2.851;1.796;1.267;2.883;0.093;1.532;27621
B315F1;2015/03/03 00:07:47;27621;83;31.6;22.4;2.883;1.796;1.261;2.883;0.093;1.516;27622
B315F1;2015/03/03 00:07:58;27622;81;30.6;21.5;2.851;1.790;1.261;2.922;0.093;1.532;27623
B315F1;2015/03/03 00:08:07;27623;88;30.6;21.3;2.741;1.790;1.251;2.922;0.093;1.509;27624
B315F1;2015/03/03 00:08:18;27624;83;28.7;22.0;2.651;1.800;1.251;2.922;0.158;1.535;27625
B315F1;2015/03/03 00:08:27;27625;87;31.9;21.8;2.816;1.800;1.306;2.922;0.158;1.512;27626
B315F1;2015/03/03 00:08:38;27626;84;31.2;22.0;2.693;1.777;1.306;2.925;0.158;1.500;27627
B315F1;2015/03/03 00:08:47;27627;92;32.5;21.7;2.725;1.777;1.277;2.925;0.158;1.500;27628
B315F1;2015/03/03 00:08:58;27628;90;34.5;22.2;2.651;1.777;1.277;2.925;0.125;1.516;27629
B315F1;2015/03/03 00:09:07;27629;81;27.4;22.5;2.670;1.777;1.261;2.925;0.125;1.490;27630
B315F1;2015/03/03 00:09:18;27630;83;30.3;22.2;2.770;1.793;1.261;2.903;0.125;1.503;27631
B315F1;2015/03/03 00:09:27;27631;88;30.9;22.5;2.674;1.793;1.267;2.903;0.125;1.522;27632
B315F1;2015/03/03 00:09:38;27632;88;27.7;21.8;2.822;1.812;1.267;2.903;0.090;1.487;27633
B315F1;2015/03/03 00:09:47;27633;91;34.8;21.8;2.709;1.812;1.300;2.903;0.090;1.493;27634
B315F1;2015/03/03 00:09:58;27634;95;33.5;22.4;2.693;1.774;1.300;2.903;0.090;1.548;27635
B315F1;2015/03/03 00:10:07;27635;81;29.6;21.8;2.712;1.774;1.245;2.903;0.090;1.554;27636
B315F1;2015/03/03 00:10:18;27636;86;29.0;22.2;2.654;1.783;1.245;2.903;0.090;1.551;27637
B315F1;2015/03/03 00:10:27;27637;82;29.6;21.7;2.693;1.783;1.251;2.903;0.090;1.545;27638
B315F1;2015/03/03 00:10:38;27638;89;32.2;22.4;2.761;1.790;1.251;2.909;0.090;1.509;27639
B315F1;2015/03/03 00:10:47;27639;90;31.9;21.7;2.783;1.790;1.241;2.909;0.090;1.525;27640
B315F1;2015/03/03 00:10:58;27640;88;29.6;22.0;2.654;1.796;1.241;2.909;0.087;1.541;27641
B315F1;2015/03/03 00:11:07;27641;82;29.3;22.0;2.816;1.796;1.238;2.909;0.087;1.548;27642
B315F1;2015/03/03 00:11:18;27642;93;30.3;22.2;2.651;1.793;1.238;2.880;0.087;1.506;27643
B315F1;2015/03/03 00:11:27;27643;85;30.3;21.8;2.703;1.793;1.290;2.880;0.087;1.525;27644
B315F1;2015/03/03 00:11:38;27644;88;31.2;22.2;2.848;1.783;1.290;2.880;0.083;1.512;27645
B315F1;2015/03/03 00:11:47;27645;85;28.3;22.5;2.670;1.783;1.241;2.880;0.083;1.516;27646
B315F1;2015/03/03 00:11:58;27646;92;35.1;22.4;2.793;1.770;1.241;2.912;0.083;1.541;27647
B315F1;2015/03/03 00:12:07;27647;85;31.9;22.0;2.851;1.770;1.241;2.912;0.083;1.519;27648
B315F1;2015/03/03 00:12:18;27648;89;28.3;22.0;2.648;1.796;1.241;2.912;0.080;1.522;27649
B315F1;2015/03/03 00:12:27;27649;83;27.7;22.2;2.703;1.796;1.270;2.912;0.080;1.490;27650
B315F1;2015/03/03 00:12:38;27650;93;30.3;21.5;2.864;1.796;1.270;2.903;0.080;1.525;27651
B315F1;2015/03/03 00:12:47;27651;85;29.6;21.3;2.670;1.796;1.258;2.903;0.080;1.506;27652
B315F1;2015/03/03 00:12:58;27652;82;32.2;22.4;2.745;1.800;1.258;2.903;0.138;1.500;27653
B315F1;2015/03/03 00:13:07;27653;78;30.3;21.5;2.706;1.800;1.248;2.903;0.138;1.500;27654
B315F1;2015/03/03 00:13:18;27654;95;30.3;21.7;2.877;1.809;1.248;2.909;0.138;1.529;27655
B315F1;2015/03/03 00:13:27;27655;92;29.6;22.7;2.796;1.809;1.303;2.909;0.138;1.509;27656
B315F1;2015/03/03 00:13:38;27656;91;33.2;22.0;2.651;1.787;1.303;2.909;0.090;1.525;27657
B315F1;2015/03/03 00:13:47;27657;90;28.7;22.0;2.680;1.787;1.300;2.909;0.090;1.538;27658
B315F1;2015/03/03 00:13:58;27658;89;28.3;22.2;2.854;1.780;1.300;2.877;0.090;1.532;27659
B315F1;2015/03/03 00:14:07;27659;92;30.3;22.4;2.690;1.780;1.241;2.877;0.090;1.538;27660
B315F1;2015/03/03 00:14:18;27660;93;32.2;21.7;2.780;1.777;1.241;2.877;0.103;1.558;27661
B315F1;2015/03/03 00:14:27;27661;90;29.6;21.5;2.709;1.777;1.241;2.877;0.103;1.509;27662
B315F1;2015/03/03 00:14:38;27662;91;31.2;22.2;2.677;1.800;1.241;2.919;0.103;1.516;27663
B315F1;2015/03/03 00:14:47;27663;75;32.9;21.7;2.816;1.800;1.296;2.919;0.103;1.545;27664
B315F1;2015/03/03 00:14:58;27664;94;31.6;22.2;2.854;1.770;1.296;2.919;0.112;1.535;27665
B315F1;2015/03/03 00:15:07;27665;87;32.5;21.7;2.687;1.770;1.241;2.919;0.112;1.509;27666
B315F1;2015/03/03 00:15:18;27666;88;31.9;22.0;2.712;1.800;1.241;2.880;0.112;1.535;27667
B315F1;2015/03/03 00:15:27;27667;75;28.0;21.8;2.712;1.800;1.261;2.880;0.112;1.525;27668
B315F1;2015/03/03 00:15:38;27668;93;29.0;22.4;2.703;1.806;1.261;2.880;0.090;1.535;27669
B315F1;2015/03/03 00:15:47;27669;88;28.0;21.5;2.699;1.806;1.245;2.880;0.090;1.541;27670
B315F1;2015/03/03 00:15:58;27670;81;30.6;22.4;2.770;1.774;1.245;2.912;0.090;1.512;27671
B315F1;2015/03/03 00:16:07;27671;88;28.0;21.5;2.703;1.774;1.254;2.912;0.090;1.561;27672
B315F1;2015/03/03 00:16:18;27672;86;31.9;21.8;2.854;1.803;1.254;2.912;0.080;1.506;27673
B315F1;2015/03/03 00:16:27;27673;88;28.3;22.5;2.667;1.803;1.300;2.912;0.080;1.541;27674
B315F1;2015/03/03 00:16:38;27674;87;30.3;22.2;2.880;1.770;1.300;2.912;0.080;1.522;27675
B315F1;2015/03/03 00:16:47;27675;81;31.6;21.7;2.816;1.770;1.254;2.912;0.080;1.519;27676
B315F1;2015/03/03 00:16:58;27676;88;31.9;22.7;2.838;1.777;1.254;2.912;0.080;1.545;27677
B315F1;2015/03/03 00:17:07;27677;89;34.5;21.3;2.661;1.777;1.300;2.912;0.080;1.503;27678
B315F1;2015/03/03 00:17:18;27678;88;32.2;22.0;2.725;1.780;1.300;2.899;0.080;1.506;27679
B315F1;2015/03/03 00:17:27;27679;91;31.2;21.3;2.764;1.780;1.238;2.899;0.080;1.538;27680
B315F1;2015/03/03 00:17:38;27680;88;32.2;21.8;2.719;1.809;1.238;2.899;0.090;1.519;27681
B315F1;2015/03/03 00:17:47;27681;89;29.6;21.7;2.706;1.809;1.287;2.899;0.090;1.545;27682
B315F1;2015/03/03 00:17:58;27682;81;31.2;21.8;2.693;1.770;1.287;2.887;0.090;1.512;27683
B315F1;2015/03/03 00:18:07;27683;89;32.5;21.5;2.699;1.770;1.241;2.887;0.090;1.500;27684
B315F1;2015/03/03 00:18:18;27684;82;29.0;22.0;2.651;1.809;1.241;2.887;0.109;1.529;27685
B315F1;2015/03/03 00:18:27;27685;89;29.3;21.8;2.725;1.809;1.251;2.887;0.109;1.516;27686
B315F1;2015/03/03 00:18:38;27686;93;31.2;22.4;2.670;1.777;1.251;2.867;0.109;1.500;27687
B315F1;2015/03/03 00:18:47;27687;76;29.0;21.7;2.803;1.777;1.300;2.867;0.109;1.519;27688
B315F1;2015/03/03 00:18:58;27688;88;28.3;22.0;2.638;1.793;1.300;2.867;0.093;1.538;27689
B315F1;2015/03/03 00:19:07;27689;90;30.9;22.4;2.674;1.793;1.293;2.867;0.093;1.509;27690
B315F1;2015/03/03 00:19:18;27690;93;35.1;22.0;2.674;1.803;1.293;2.880;0.093;1.522;27691
B315F1;2015/03/03 00:19:27;27691;83;29.3;22.2;2.693;1.803;1.264;2.880;0.093;1.519;27692
B315F1;2015/03/03 00:19:38;27692;84;30.0;22.0;2.761;1.796;1.264;2.880;0.158;1.516;27693
B315F1;2015/03/03 00:19:47;27693;88;29.0;21.7;2.777;1.796;1.238;2.880;0.158;1.493;27694
B315F1;2015/03/03 00:19:58;27694;81;31.2;22.4;2.670;1.783;1.238;2.877;0.158;1.535;27695
B315F1;2015/03/03 00:20:07;27695;87;28.7;22.2;2.674;1.783;1.241;2.877;0.158;1.541;27696
B315F1;2015/03/03 00:20:18;27696;94;28.3;22.4;2.687;1.812;1.241;2.877;0.090;1.532;27697
B315F1;2015/03/03 00:20:27;27697;82;28.0;22.0;2.693;1.812;1.238;2.877;0.090;1.558;27698
B315F1;2015/03/03 00:20:38;27698;83;27.7;22.0;2.851;1.770;1.238;2.909;0.090;1.525;27699
B315F1;2015/03/03 00:20:47;27699;84;30.0;21.8;2.680;1.770;1.251;2.909;0.090;1.532;27700
B315F1;2015/03/03 00:20:58;27700;78;30.0;22.4;2.867;1.793;1.251;2.909;0.096;1.516;27701
B315F1;2015/03/03 00:21:07;27701;88;32.2;22.0;2.864;1.793;1.248;2.909;0.096;1.519;27702
B315F1;2015/03/03 00:21:18;27702;85;32.5;22.2;2.664;1.777;1.248;2.874;0.096;1.535;27703
B315F1;2015/03/03 00:21:27;27703;90;31.9;21.5;2.880;1.777;1.241;2.874;0.096;1.551;27704
B315F1;2015/03/03 00:21:38;27704;81;35.1;22.0;2.670;1.770;1.241;2.874;0.090;1.541;27705
B315F1;2015/03/03 00:21:47;27705;83;28.7;21.8;2.677;1.770;1.290;2.874;0.090;1.516;27706
B315F1;2015/03/03 00:21:58;27706;88;32.2;22.4;2.699;1.790;1.290;2.922;0.090;1.522;27707
B315F1;2015/03/03 00:22:07;27707;88;30.0;22.0;2.841;1.790;1.287;2.922;0.090;1.548;27708
B315F1;2015/03/03 00:22:18;27708;94;33.2;22.0;2.835;1.780;1.287;2.922;0.090;1.535;27709
B315F1;2015/03/03 00:22:27;27709;91;30.3;21.7;2.661;1.780;1.267;2.922;0.090;1.529;27710
B315F1;2015/03/03 00:22:38;27710;86;32.9;21.8;2.670;1.777;1.267;2.880;0.090;1.538;27711
B315F1;2015/03/03 00:22:47;27711;90;30.0;21.7;2.703;1.777;1.241;2.880;0.090;1.561;27712
B315F1;2015/03/03 00:22:58;27712;86;31.6;21.5;2.861;1.787;1.241;2.880;0.083;1.522;27713
B315F1;2015/03/03 00:23:07;27713;93;32.2;22.0;2.877;1.787;1.251;2.880;0.083;1.509;27714
B315F1;2015/03/03 00:23:18;27714;82;31.9;21.7;2.654;1.783;1.251;2.890;0.083;1.506;27715
B315F1;2015/03/03 00:23:27;27715;90;30.6;21.3;2.670;1.783;1.258;2.890;0.083;1.532;27716
B315F1;2015/03/03 00:23:38;27716;88;28.3;22.2;2.651;1.767;1.258;2.890;0.090;1.506;27717
B315F1;2015/03/03 00:23:47;27717;85;31.2;21.8;2.851;1.767;1.238;2.890;0.090;1.516;27718
B315F1;2015/03/03 00:23:58;27718;82;32.2;22.0;2.745;1.809;1.238;2.880;0.090;1.545;27719
B315F1;2015/03/03 00:24:07;27719;89;30.3;21.8;2.729;1.809;1.248;2.880;0.090;1.532;27720
B315F1;2015/03/03 00:24:18;27720;88;33.8;22.4;2.809;1.770;1.248;2.880;0.077;1.522;27721
B315F1;2015/03/03 00:24:27;27721;88;33.2;22.0;2.790;1.770;1.293;2.880;0.077;1.522;27722
B315F1;2015/03/03 00:24:38;27722;91;29.0;22.0;2.693;1.806;1.293;2.896;0.077;1.506;27723
B315F1;2015/03/03 00:24:47;27723;93;31.6;21.7;2.848;1.806;1.241;2.896;0.077;1.512;27724
B315F1;2015/03/03 00:24:58;27724;77;32.5;22.0;2.670;1.809;1.241;2.896;0.080;1.570;27725
B315F1;2015/03/03 00:25:07;27725;94;31.9;21.5;2.877;1.809;1.274;2.896;0.080;1.538;27726
B315F1;2015/03/03 00:25:18;27726;85;29.3;22.2;2.874;1.800;1.274;2.906;0.080;1.541;27727
B315F1;2015/03/03 00:25:27;27727;82;33.2;21.7;2.693;1.800;1.241;2.906;0.080;1.529;27728
B315F1;2015/03/03 00:25:38;27728;84;30.0;22.0;2.651;1.770;1.241;2.906;0.083;1.554;27729
B315F1;2015/03/03 00:25:47;27729;82;32.2;21.8;2.670;1.770;1.238;2.906;0.083;1.548;27730
B315F1;2015/03/03 00:25:58;27730;87;34.5;22.2;2.751;1.809;1.238;2.890;0.083;1.532;27731
B315F1;2015/03/03 00:26:07;27731;80;28.3;21.8;2.877;1.809;1.238;2.890;0.083;1.545;27732
B315F1;2015/03/03 00:26:18;27732;93;28.7;22.2;2.641;1.803;1.238;2.890;0.087;1.541;27733
B315F1;2015/03/03 00:26:27;27733;82;32.9;22.2;2.803;1.803;1.238;2.890;0.087;1.525;27734
B315F1;2015/03/03 00:26:38;27734;85;29.6;21.8;2.877;1.770;1.238;2.912;0.087;1.529;27735
B315F1;2015/03/03 00:26:47;27735;85;30.0;21.5;2.825;1.770;1.258;2.912;0.087;1.541;27736
B315F1;2015/03/03 00:26:58;27736;96;28.7;22.0;2.645;1.770;1.258;2.912;0.090;1.512;27737
B315F1;2015/03/03 00:27:07;27737;90;32.9;22.0;2.790;1.770;1.238;2.912;0.090;1.532;27738
B315F1;2015/03/03 00:27:18;27738;94;30.3;21.8;2.670;1.803;1.238;2.880;0.090;1.512;27739
B315F1;2015/03/03 00:27:27;27739;87;34.5;21.3;2.809;1.803;1.296;2.880;0.090;1.538;27740
B315F1;2015/03/03 00:27:38;27740;88;33.8;22.2;2.658;1.803;1.296;2.880;0.093;1.548;27741
B315F1;2015/03/03 00:27:47;27741;77;31.9;21.3;2.674;1.803;1.238;2.880;0.093;1.564;27742
B315F1;2015/03/03 00:27:58;27742;80;31.2;22.2;2.670;1.796;1.238;2.883;0.093;1.529;27743
B315F1;2015/03/03 00:28:07;27743;83;31.6;21.8;2.877;1.796;1.238;2.883;0.093;1.516;27744
B315F1;2015/03/03 00:28:18;27744;88;28.3;21.8;2.880;1.770;1.238;2.883;0.090;1.496;27745
B315F1;2015/03/03 00:28:27;27745;84;30.3;22.4;2.680;1.770;1.241;2.883;0.090;1.545;27746
B315F1;2015/03/03 00:28:38;27746;88;30.0;22.4;2.864;1.777;1.241;2.903;0.090;1.506;27747
B315F1;2015/03/03 00:28:47;27747;86;34.8;21.3;2.777;1.777;1.241;2.903;0.090;1.529;27748
B315F1;2015/03/03 00:28:58;27748;86;30.0;22.4;2.732;1.796;1.241;2.903;0.138;1.529;27749
B315F1;2015/03/03 00:29:07;27749;91;31.2;22.4;2.851;1.796;1.300;2.903;0.138;1.558;27750
B315F1;2015/03/03 00:29:18;27750;89;29.3;22.0;2.654;1.783;1.300;2.887;0.138;1.509;27751
B315F1;2015/03/03 00:29:27;27751;82;30.9;21.3;2.751;1.783;1.270;2.887;0.138;1.538;27752
B315F1;2015/03/03 00:29:38;27752;87;28.3;22.0;2.832;1.770;1.270;2.887;0.109;1.516;27753
B315F1;2015/03/03 00:29:47;27753;93;33.2;21.8;2.864;1.770;1.238;2.887;0.109;1.561;27754
B315F1;2015/03/03 00:29:58;27754;88;31.6;22.4;2.796;1.809;1.238;2.867;0.109;1.512;27755
B315F1;2015/03/03 00:30:07;27755;93;29.6;23.1;2.816;1.809;1.274;2.867;0.109;1.525;27756
B315F1;2015/03/03 00:30:18;27756;84;34.8;22.4;2.670;1.787;1.274;2.867;0.096;1.554;27757
B315F1;2015/03/03 00:30:27;27757;82;30.6;21.5;2.745;1.787;1.300;2.867;0.096;1.558;27758
B315F1;2015/03/03 00:30:38;27758;89;33.5;22.4;2.683;1.809;1.300;2.867;0.096;1.574;27759
B315F1;2015/03/03 00:30:47;27759;83;32.9;21.5;2.883;1.809;1.270;2.867;0.096;1.554;27760
B315F1;2015/03/03 00:30:58;27760;87;28.3;22.0;2.696;1.803;1.270;2.867;0.087;1.570;27761
B315F1;2015/03/03 00:31:07;27761;91;27.7;22.2;2.664;1.803;1.296;2.867;0.087;1.558;27762
B315F1;2015/03/03 00:31:18;27762;88;29.0;22.2;2.687;1.806;1.296;2.912;0.087;1.535;27763
B315F1;2015/03/03 00:31:27;27763;85;31.9;22.0;2.841;1.806;1.258;2.912;0.087;1.567;27764
B315F1;2015/03/03 00:31:38;27764;85;32.2;22.0;2.693;1.770;1.258;2.912;0.112;1.529;27765
B315F1;2015/03/03 00:31:47;27765;84;33.2;22.0;2.809;1.770;1.245;2.912;0.112;1.583;27766
B315F1;2015/03/03 00:31:58;27766;93;29.3;22.4;2.638;1.780;1.245;2.880;0.112;1.561;27767
B315F1;2015/03/03 00:32:07;27767;88;32.2;22.4;2.877;1.780;1.293;2.880;0.112;1.516;27768
B315F1;2015/03/03 00:32:18;27768;85;29.3;21.7;2.877;1.770;1.293;2.880;0.138;1.519;27769
B315F1;2015/03/03 00:32:27;27769;88;30.3;21.5;2.706;1.770;1.270;2.880;0.138;1.545;27770
B315F1;2015/03/03 00:32:38;27770;93;32.5;22.0;2.645;1.770;1.270;2.893;0.138;1.522;27771
B315F1;2015/03/03 00:32:47;27771;90;28.3;22.2;2.664;1.770;1.248;2.893;0.138;1.525;27772
B315F1;2015/03/03 00:32:58;27772;88;29.0;22.0;2.658;1.770;1.248;2.893;0.145;1.548;27773
B315F1;2015/03/03 00:33:07;27773;74;32.9;21.8;2.829;1.770;1.254;2.893;0.145;1.545;27774
B315F1;2015/03/03 00:33:18;27774;88;30.3;21.1;2.874;1.793;1.254;2.870;0.145;1.532;27775
B315F1;2015/03/03 00:33:27;27775;90;32.5;21.1;2.774;1.793;1.287;2.870;0.145;1.500;27776
B315F1;2015/03/03 00:33:38;27776;87;32.2;21.7;2.651;1.809;1.287;2.870;0.083;1.506;27777
B315F1;2015/03/03 00:33:47;27777;83;28.7;22.2;2.764;1.809;1.258;2.870;0.083;1.516;27778
B315F1;2015/03/03 00:33:58;27778;91;33.2;22.9;2.841;1.770;1.258;2.887;0.083;1.532;27779
B315F1;2015/03/03 00:34:07;27779;78;30.0;21.7;2.835;1.770;1.238;2.887;0.083;1.545;27780
B315F1;2015/03/03 00:34:18;27780;86;34.5;22.4;2.790;1.809;1.238;2.887;0.090;1.535;27781
B315F1;2015/03/03 00:34:27;27781;91;33.8;21.8;2.690;1.809;1.290;2.887;0.090;1.548;27782
B315F1;2015/03/03 00:34:38;27782;89;31.9;22.0;2.716;1.787;1.290;2.909;0.090;1.541;27783
B315F1;2015/03/03 00:34:47;27783;88;29.0;21.5;2.690;1.787;1.238;2.909;0.090;1.545;27784
B315F1;2015/03/03 00:34:58;27784;84;28.7;22.0;2.645;1.767;1.238;2.909;0.096;1.561;27785
B315F1;2015/03/03 00:35:07;27785;88;29.0;22.2;2.680;1.767;1.238;2.909;0.096;1.535;27786
B315F1;2015/03/03 00:35:18;27786;84;30.3;21.3;2.790;1.770;1.238;2.867;0.096;1.512;27787
B315F1;2015/03/03 00:35:27;27787;88;29.0;21.8;2.845;1.770;1.238;2.867;0.096;1.529;27788
B315F1;2015/03/03 00:35:38;27788;77;30.3;22.0;2.661;1.770;1.238;2.867;0.158;1.529;27789
B315F1;2015/03/03 00:35:47;27789;85;32.9;21.7;2.803;1.770;1.270;2.867;0.158;1.529;27790
B315F1;2015/03/03 00:35:58;27790;86;30.9;21.5;2.877;1.774;1.270;2.861;0.158;1.545;27791
B315F1;2015/03/03 00:36:07;27791;90;31.6;21.8;2.838;1.774;1.238;2.861;0.158;1.525;27792
B315F1;2015/03/03 00:36:18;27792;84;33.2;22.0;2.825;1.770;1.238;2.861;0.093;1.525;27793
B315F1;2015/03/03 00:36:27;27793;85;29.3;22.0;2.677;1.770;1.238;2.861;0.093;1.541;27794
B315F1;2015/03/03 00:36:38;27794;89;29.0;22.0;2.651;1.803;1.238;2.867;0.093;1.522;27795
B315F1;2015/03/03 00:36:47;27795;88;27.7;22.2;2.651;1.803;1.238;2.867;0.093;1.532;27796
B315F1;2015/03/03 00:36:58;27796;82;28.0;21.8;2.703;1.796;1.238;2.867;0.090;1.574;27797
B315F1;2015/03/03 00:37:07;27797;78;28.7;21.8;2.680;1.796;1.251;2.867;0.090;1.548;27798
B315F1;2015/03/03 00:37:18;27798;93;29.3;22.0;2.654;1.777;1.251;2.880;0.090;1.522;27799
B315F1;2015/03/03 00:37:27;27799;94;33.2;21.8;2.667;1.777;1.238;2.880;0.090;1.519;27800
B315F1;2015/03/03 00:37:38;27800;87;28.3;22.0;2.858;1.803;1.238;2.880;0.090;1.532;27801
B315F1;2015/03/03 00:37:47;27801;86;31.2;21.8;2.858;1.803;1.238;2.880;0.090;1.529;27802
B315F1;2015/03/03 00:37:58;27802;83;32.5;22.0;2.670;1.809;1.238;2.874;0.090;1.561;27803
B315F1;2015/03/03 00:38:07;27803;85;32.9;21.5;2.883;1.809;1.235;2.874;0.090;1.574;27804
B315F1;2015/03/03 00:38:18;27804;90;30.9;21.7;2.796;1.780;1.235;2.874;0.138;1.535;27805
B315F1;2015/03/03 00:38:27;27805;89;28.7;22.5;2.674;1.780;1.283;2.874;0.138;1.529;27806
B315F1;2015/03/03 00:38:38;27806;77;30.3;21.5;2.877;1.803;1.283;2.874;0.138;1.567;27807
B315F1;2015/03/03 00:38:47;27807;87;35.1;21.5;2.851;1.803;1.300;2.874;0.138;1.519;27808
B315F1;2015/03/03 00:38:58;27808;79;29.0;22.0;2.645;1.787;1.300;2.874;0.096;1.535;27809
B315F1;2015/03/03 00:39:07;27809;88;31.9;21.3;2.783;1.787;1.251;2.874;0.096;1.512;27810
B315F1;2015/03/03 00:39:18;27810;83;30.3;21.7;2.670;1.787;1.251;2.912;0.096;1.529;27811
B315F1;2015/03/03 00:39:27;27811;85;31.9;21.7;2.690;1.787;1.248;2.912;0.096;1.532;27812
B315F1;2015/03/03 00:39:38;27812;77;31.6;22.0;2.687;1.793;1.248;2.912;0.080;1.577;27813
B315F1;2015/03/03 00:39:47;27813;90;27.7;21.8;2.658;1.793;1.254;2.912;0.080;1.545;27814
B315F1;2015/03/03 00:39:58;27814;93;31.9;22.2;2.783;1.803;1.254;2.890;0.080;1.570;27815
B315F1;2015/03/03 00:40:07;27815;93;33.8;21.1;2.770;1.803;1.300;2.890;0.080;1.561;27816
B315F1;2015/03/03 00:40:18;27816;87;30.3;21.8;2.661;1.800;1.300;2.890;0.103;1.525;27817
B315F1;2015/03/03 00:40:27;27817;88;28.7;22.7;2.677;1.800;1.267;2.890;0.103;1.522;27818
B315F1;2015/03/03 00:40:38;27818;93;34.5;22.0;2.687;1.783;1.267;2.922;0.103;1.522;27819
B315F1;2015/03/03 00:40:47;27819;77;34.5;22.2;2.816;1.783;1.248;2.922;0.103;1.532;27820
B315F1;2015/03/03 00:40:58;27820;88;33.5;22.0;2.651;1.793;1.248;2.922;0.083;1.529;27821
B315F1;2015/03/03 00:41:07;27821;83;28.7;21.8;2.670;1.793;1.300;2.922;0.083;1.545;27822
B315F1;2015/03/03 00:41:18;27822;76;33.2;22.4;2.703;1.803;1.300;2.880;0.083;1.574;27823
B315F1;2015/03/03 00:41:27;27823;90;34.8;21.5;2.838;1.803;1.241;2.880;0.083;1.532;27824
B315F1;2015/03/03 00:41:38;27824;94;33.2;21.8;2.651;1.790;1.241;2.880;0.096;1.525;27825
B315F1;2015/03/03 00:41:47;27825;93;31.9;21.5;2.758;1.790;1.261;2.880;0.096;1.564;27826
B315F1;2015/03/03 00:41:58;27826;87;33.5;22.2;2.719;1.796;1.261;2.867;0.096;1.535;27827
B315F1;2015/03/03 00:42:07;27827;75;33.8;21.1;2.783;1.796;1.238;2.867;0.096;1.545;27828
B315F1;2015/03/03 00:42:18;27828;84;31.9;22.0;2.745;1.790;1.238;2.867;0.093;1.535;27829
B315F1;2015/03/03 00:42:27;27829;88;32.5;22.2;2.851;1.790;1.241;2.867;0.093;1.525;27830
B315F1;2015/03/03 00:42:38;27830;88;33.2;22.0;2.825;1.793;1.241;2.890;0.093;1.548;27831
B315F1;2015/03/03 00:42:47;27831;85;31.2;21.7;2.670;1.793;1.274;2.890;0.093;1.532;27832
B315F1;2015/03/03 00:42:58;27832;83;31.9;21.3;2.764;1.777;1.274;2.890;0.090;1.529;27833
B315F1;2015/03/03 00:43:07;27833;83;32.9;21.1;2.758;1.777;1.296;2.890;0.090;1.535;27834
B315F1;2015/03/03 00:43:18;27834;88;30.3;21.5;2.867;1.770;1.296;2.919;0.090;1.548;27835
B315F1;2015/03/03 00:43:27;27835;88;28.7;22.0;2.677;1.770;1.238;2.919;0.090;1.548;27836
B315F1;2015/03/03 00:43:38;27836;95;29.0;22.2;2.670;1.806;1.238;2.919;0.077;1.525;27837
B315F1;2015/03/03 00:43:47;27837;83;29.3;22.5;2.677;1.806;1.238;2.919;0.077;1.554;27838
B315F1;2015/03/03 00:43:58;27838;93;31.6;22.4;2.693;1.800;1.238;2.883;0.077;1.570;27839
B315F1;2015/03/03 00:44:07;27839;83;30.3;21.8;2.838;1.800;1.241;2.883;0.077;1.519;27840
B315F1;2015/03/03 00:44:18;27840;79;31.6;21.3;2.783;1.796;1.241;2.883;0.209;1.519;27841
B315F1;2015/03/03 00:44:27;27841;93;30.6;21.3;2.658;1.796;1.290;2.883;0.209;1.551;27842
B315F1;2015/03/03 00:44:38;27842;89;30.6;22.0;2.770;1.777;1.290;2.912;0.209;1.529;27843
B315F1;2015/03/03 00:44:47;27843;92;28.7;22.2;2.674;1.777;1.251;2.912;0.209;1.541;27844
B315F1;2015/03/03 00:44:58;27844;83;29.0;21.8;2.661;1.806;1.251;2.912;0.109;1.548;27845
B315F1;2015/03/03 00:45:07;27845;89;33.8;21.3;2.667;1.806;1.245;2.912;0.109;1.541;27846
B315F1;2015/03/03 00:45:18;27846;88;28.3;21.7;2.829;1.770;1.245;2.919;0.109;1.529;27847
B315F1;2015/03/03 00:45:27;27847;90;32.9;21.7;2.693;1.770;1.241;2.919;0.109;1.532;27848
B315F1;2015/03/03 00:45:38;27848;93;32.5;21.8;2.645;1.806;1.241;2.919;0.090;1.551;27849
B315F1;2015/03/03 00:45:47;27849;84;27.7;22.2;2.658;1.806;1.287;2.919;0.090;1.548;27850
B315F1;2015/03/03 00:45:58;27850;86;30.3;21.8;2.874;1.793;1.287;2.880;0.090;1.545;27851
B315F1;2015/03/03 00:46:07;27851;78;30.0;21.7;2.816;1.793;1.241;2.880;0.090;1.561;27852
B315F1;2015/03/03 00:46:18;27852;93;33.5;22.0;2.751;1.806;1.241;2.880;0.151;1.541;27853
B315F1;2015/03/03 00:46:27;27853;89;32.5;21.1;2.706;1.806;1.251;2.880;0.151;1.532;27854
B315F1;2015/03/03 00:46:38;27854;83;31.9;22.4;2.822;1.777;1.251;2.903;0.151;1.538;27855
B315F1;2015/03/03 00:46:47;27855;91;33.5;22.0;2.803;1.777;1.280;2.903;0.151;1.512;27856
B315F1;2015/03/03 00:46:58;27856;90;34.5;22.4;2.703;1.809;1.280;2.903;0.158;1.561;27857
B315F1;2015/03/03 00:47:07;27857;84;31.6;21.8;2.848;1.809;1.258;2.903;0.158;1.532;27858
B315F1;2015/03/03 00:47:18;27858;83;29.0;22.4;2.680;1.777;1.258;2.883;0.158;1.545;27859
B315F1;2015/03/03 00:47:27;27859;83;30.3;21.5;2.729;1.777;1.293;2.883;0.158;1.564;27860
B315F1;2015/03/03 00:47:38;27860;83;30.9;21.5;2.867;1.770;1.293;2.883;0.090;1.558;27861
B315F1;2015/03/03 00:47:47;27861;89;33.2;21.8;2.690;1.770;1.258;2.883;0.090;1.532;27862
B315F1;2015/03/03 00:47:58;27862;92;32.2;21.5;2.793;1.796;1.258;2.890;0.090;1.512;27863
B315F1;2015/03/03 00:48:07;27863;83;31.9;21.7;2.693;1.796;1.287;2.890;0.090;1.525;27864
B315F1;2015/03/03 00:48:18;27864;93;31.2;22.0;2.796;1.809;1.287;2.890;0.093;1.512;27865
B315F1;2015/03/03 00:48:27;27865;84;32.5;21.5;2.764;1.809;1.270;2.890;0.093;1.532;27866
B315F1;2015/03/03 00:48:38;27866;93;32.5;21.7;2.696;1.809;1.270;2.903;0.093;1.541;27867
B315F1;2015/03/03 00:48:47;27867;88;31.2;21.3;2.777;1.809;1.251;2.903;0.093;1.548;27868
B315F1;2015/03/03 00:48:58;27868;78;31.2;22.2;2.670;1.796;1.251;2.903;0.096;1.548;27869
B315F1;2015/03/03 00:49:07;27869;89;27.7;21.8;2.654;1.796;1.238;2.903;0.096;1.529;27870
B315F1;2015/03/03 00:49:18;27870;88;31.2;22.2;2.693;1.793;1.238;2.883;0.096;1.541;27871
B315F1;2015/03/03 00:49:27;27871;86;29.0;21.7;2.690;1.793;1.235;2.883;0.096;1.509;27872
B315F1;2015/03/03 00:49:38;27872;94;29.0;21.1;2.880;1.780;1.235;2.883;0.080;1.541;27873
B315F1;2015/03/03 00:49:47;27873;76;30.3;21.5;2.829;1.780;1.283;2.883;0.080;1.500;27874
B315F1;2015/03/03 00:49:58;27874;90;30.9;21.5;2.861;1.806;1.283;2.890;0.080;1.545;27875
B315F1;2015/03/03 00:50:07;27875;90;30.0;21.7;2.703;1.806;1.241;2.890;0.080;1.509;27876
B315F1;2015/03/03 00:50:18;27876;90;29.0;21.8;2.645;1.796;1.241;2.890;0.093;1.538;27877
B315F1;2015/03/03 00:50:27;27877;88;31.9;21.5;2.777;1.796;1.258;2.890;0.093;1.532;27878
B315F1;2015/03/03 00:50:38;27878;83;31.6;22.0;2.822;1.793;1.258;2.893;0.093;1.525;27879
B315F1;2015/03/03 00:50:47;27879;88;29.6;21.8;2.693;1.793;1.238;2.893;0.093;1.506;27880
B315F1;2015/03/03 00:50:58;27880;88;28.3;21.8;2.696;1.787;1.238;2.893;0.151;1.541;27881
B315F1;2015/03/03 00:51:07;27881;84;30.3;21.7;2.703;1.787;1.238;2.893;0.151;1.538;27882
B315F1;2015/03/03 00:51:18;27882;89;32.5;22.0;2.661;1.770;1.238;2.903;0.151;1.490;27883
B315F1;2015/03/03 00:51:27;27883;88;27.4;22.4;2.654;1.770;1.287;2.903;0.151;1.525;27884
B315F1;2015/03/03 00:51:38;27884;87;29.3;22.4;2.654;1.806;1.287;2.903;0.138;1.500;27885
B315F1;2015/03/03 00:51:47;27885;84;30.3;21.1;2.758;1.806;1.254;2.903;0.138;1.541;27886
B315F1;2015/03/03 00:51:58;27886;90;34.5;22.0;2.670;1.800;1.254;2.909;0.138;1.554;27887
B315F1;2015/03/03 00:52:07;27887;87;30.9;22.0;2.858;1.800;1.283;2.909;0.138;1.522;27888
B315F1;2015/03/03 00:52:18;27888;93;31.9;22.4;2.880;1.800;1.283;2.909;0.090;1.541;27889
B315F1;2015/03/03 00:52:27;27889;92;34.1;21.8;2.783;1.800;1.235;2.909;0.090;1.516;27890
B315F1;2015/03/03 00:52:38;27890;93;32.5;22.0;2.761;1.796;1.235;2.880;0.090;1.529;27891
B315F1;2015/03/03 00:52:47;27891;83;34.8;21.5;2.780;1.796;1.293;2.880;0.090;1.545;27892
B315F1;2015/03/03 00:52:58;27892;95;28.3;21.5;2.877;1.803;1.293;2.880;0.090;1.551;27893
B315F1;2015/03/03 00:53:07;27893;79;29.6;21.5;2.703;1.803;1.251;2.880;0.090;1.509;27894
B315F1;2015/03/03 00:53:18;27894;84;29.0;22.2;2.651;1.796;1.251;2.919;0.090;1.532;27895
B315F1;2015/03/03 00:53:27;27895;81;32.5;21.8;2.690;1.796;1.300;2.919;0.090;1.509;27896
B315F1;2015/03/03 00:53:38;27896;83;31.6;22.4;2.841;1.803;1.300;2.919;0.090;1.506;27897
B315F1;2015/03/03 00:53:47;27897;87;31.2;21.5;2.861;1.803;1.261;2.919;0.090;1.554;27898
B315F1;2015/03/03 00:53:58;27898;86;31.2;22.0;2.687;1.809;1.261;2.880;0.090;1.525;27899
B315F1;2015/03/03 00:54:07;27899;82;28.7;22.5;2.670;1.809;1.254;2.880;0.090;1.535;27900
B315F1;2015/03/03 00:54:18;27900;88;28.7;22.0;2.645;1.780;1.254;2.880;0.145;1.551;27901
B315F1;2015/03/03 00:54:27;27901;81;28.7;21.8;2.677;1.780;1.287;2.880;0.145;1.519;27902
B315F1;2015/03/03 00:54:38;27902;77;30.9;21.7;2.761;1.809;1.287;2.909;0.145;1.558;27903
B315F1;2015/03/03 00:54:47;27903;86;30.9;22.4;2.667;1.809;1.300;2.909;0.145;1.503;27904
B315F1;2015/03/03 00:54:58;27904;88;29.6;21.7;2.812;1.770;1.300;2.909;0.090;1.503;27905
B315F1;2015/03/03 00:55:07;27905;93;30.9;21.7;2.664;1.770;1.251;2.909;0.090;1.509;27906
B315F1;2015/03/03 00:55:18;27906;89;32.5;22.0;2.670;1.770;1.251;2.909;0.090;1.516;27907
B315F1;2015/03/03 00:55:27;27907;87;28.0;21.8;2.719;1.770;1.254;2.909;0.090;1.522;27908
B315F1;2015/03/03 00:55:38;27908;81;31.9;22.4;2.777;1.770;1.254;2.909;0.090;1.558;27909
B315F1;2015/03/03 00:55:47;27909;78;30.6;22.0;2.851;1.770;1.293;2.909;0.090;1.516;27910
B315F1;2015/03/03 00:55:58;27910;76;33.2;22.2;2.770;1.790;1.293;2.903;0.090;1.535;27911
B315F1;2015/03/03 00:56:07;27911;90;30.0;22.4;2.806;1.790;1.287;2.903;0.090;1.532;27912
B315F1;2015/03/03 00:56:18;27912;83;31.2;22.4;2.680;1.790;1.287;2.903;0.093;1.506;27913
B315F1;2015/03/03 00:56:27;27913;89;27.7;22.4;2.654;1.790;1.280;2.903;0.093;1.506;27914
B315F1;2015/03/03 00:56:38;27914;82;31.9;21.8;2.777;1.809;1.280;2.925;0.093;1.554;27915
B315F1;2015/03/03 00:56:47;27915;88;31.2;21.7;2.696;1.809;1.241;2.925;0.093;1.525;27916
B315F1;2015/03/03 00:56:58;27916;90;31.2;22.0;2.719;1.783;1.241;2.925;0.209;1.516;27917
B315F1;2015/03/03 00:57:07;27917;78;28.7;22.0;2.693;1.783;1.241;2.925;0.209;1.503;27918
B315F1;2015/03/03 00:57:18;27918;91;34.5;21.8;2.677;1.777;1.241;2.887;0.209;1.516;27919
B315F1;2015/03/03 00:57:27;27919;93;31.2;21.7;2.674;1.777;1.238;2.887;0.209;1.538;27920
B315F1;2015/03/03 00:57:38;27920;88;30.0;22.4;2.741;1.806;1.238;2.887;0.106;1.503;27921
B315F1;2015/03/03 00:57:47;27921;84;33.2;22.0;2.880;1.806;1.287;2.887;0.106;1.506;27922
B315F1;2015/03/03 00:57:58;27922;90;34.5;22.4;2.670;1.806;1.287;2.880;0.106;1.522;27923
B315F1;2015/03/03 00:58:07;27923;87;28.7;22.0;2.690;1.806;1.241;2.880;0.106;1.548;27924
B315F1;2015/03/03 00:58:18;27924;90;31.6;22.0;2.803;1.790;1.241;2.880;0.125;1.500;27925
B315F1;2015/03/03 00:58:27;27925;87;29.0;22.4;2.645;1.790;1.287;2.880;0.125;1.532;27926
B315F1;2015/03/03 00:58:38;27926;85;31.9;22.5;2.880;1.796;1.287;2.880;0.125;1.529;27927
B315F1;2015/03/03 00:58:47;27927;79;28.7;22.0;2.693;1.796;1.235;2.880;0.125;1.490;27928
B315F1;2015/03/03 00:58:58;27928;93;29.6;21.5;2.880;1.806;1.235;2.880;0.090;1.538;27929
B315F1;2015/03/03 00:59:07;27929;86;29.3;22.2;2.777;1.806;1.235;2.880;0.090;1.500;27930
B315F1;2015/03/03 00:59:18;27930;82;33.2;21.8;2.841;1.780;1.235;2.887;0.090;1.525;27931
B315F1;2015/03/03 00:59:27;27931;89;28.7;22.2;2.680;1.780;1.251;2.887;0.090;1.538;27932
B315F1;2015/03/03 00:59:38;27932;86;33.8;22.0;2.664;1.796;1.251;2.887;0.112;1.516;27933
B315F1;2015/03/03 00:59:47;27933;90;30.0;21.8;2.703;1.796;1.261;2.887;0.112;1.532;27934
B315F1;2015/03/03 00:59:58;27934;88;27.7;22.2;2.841;1.780;1.261;2.903;0.112;1.545;27935
B315F1;2015/03/03 01:00:07;27935;93;28.3;21.8;2.858;1.780;1.238;2.903;0.112;1.525;27936
B315F1;2015/03/03 01:00:18;27936;88;29.6;22.2;2.658;1.770;1.238;2.903;0.090;1.567;27937
B315F1;2015/03/03 01:00:27;27937;93;31.6;22.0;2.883;1.770;1.264;2.903;0.090;1.535;27938
B315F1;2015/03/03 01:00:38;27938;83;28.3;22.0;2.654;1.806;1.264;2.925;0.090;1.506;27939
B315F1;2015/03/03 01:00:47;27939;85;30.0;22.0;2.877;1.806;1.245;2.925;0.090;1.525;27940
B315F1;2015/03/03 01:00:58;27940;89;35.1;22.0;2.683;1.806;1.245;2.925;0.093;1.516;27941
B315F1;2015/03/03 01:01:07;27941;93;32.2;22.4;2.883;1.806;1.293;2.925;0.093;1.535;27942
B315F1;2015/03/03 01:01:18;27942;92;30.3;22.0;2.874;1.803;1.293;2.925;0.093;1.548;27943
B315F1;2015/03/03 01:01:27;27943;82;35.1;21.5;2.774;1.803;1.248;2.925;0.093;1.535;27944
B315F1;2015/03/03 01:01:38;27944;92;29.6;22.0;2.670;1.806;1.248;2.925;0.096;1.538;27945
B315F1;2015/03/03 01:01:47;27945;88;34.8;21.8;2.790;1.806;1.296;2.925;0.096;1.551;27946
B315F1;2015/03/03 01:01:58;27946;87;30.3;22.2;2.670;1.770;1.296;2.903;0.096;1.522;27947
B315F1;2015/03/03 01:02:07;27947;83;32.9;21.3;2.667;1.770;1.238;2.903;0.096;1.516;27948
B315F1;2015/03/03 01:02:18;27948;87;28.3;22.0;2.838;1.806;1.238;2.903;0.112;1.541;27949
B315F1;2015/03/03 01:02:27;27949;81;33.2;21.7;2.709;1.806;1.235;2.903;0.112;1.525;27950
B315F1;2015/03/03 01:02:38;27950;76;31.2;21.8;2.693;1.770;1.235;2.919;0.112;1.490;27951
B315F1;2015/03/03 01:02:47;27951;90;34.1;22.0;2.883;1.770;1.293;2.919;0.112;1.493;27952
B315F1;2015/03/03 01:02:58;27952;88;29.0;22.0;2.732;1.777;1.293;2.919;0.096;1.490;27953
B315F1;2015/03/03 01:03:07;27953;94;33.2;22.0;2.825;1.777;1.238;2.919;0.096;1.516;27954
B315F1;2015/03/03 01:03:18;27954;90;30.3;21.5;2.877;1.787;1.238;2.890;0.096;1.500;27955
B315F1;2015/03/03 01:03:27;27955;88;28.7;22.2;2.677;1.787;1.258;2.890;0.096;1.496;27956
B315F1;2015/03/03 01:03:38;27956;91;28.3;21.7;2.851;1.809;1.258;2.890;0.096;1.512;27957
B315F1;2015/03/03 01:03:47;27957;81;30.3;21.8;2.858;1.809;1.238;2.890;0.096;1.503;27958
B315F1;2015/03/03 01:03:58;27958;84;30.6;22.0;2.861;1.770;1.238;2.887;0.096;1.509;27959
B315F1;2015/03/03 01:04:07;27959;88;29.3;21.8;2.816;1.770;1.238;2.887;0.096;1.535;27960
B315F1;2015/03/03 01:04:18;27960;88;33.8;22.5;2.767;1.806;1.238;2.887;0.119;1.529;27961
B315F1;2015/03/03 01:04:27;27961;78;32.2;22.0;2.877;1.806;1.300;2.887;0.119;1.516;27962
B315F1;2015/03/03 01:04:38;27962;84;34.8;22.0;2.674;1.770;1.300;2.925;0.119;1.532;27963
B315F1;2015/03/03 01:04:47;27963;83;34.1;21.1;2.877;1.770;1.296;2.925;0.119;1.535;27964
B315F1;2015/03/03 01:04:58;27964;89;31.9;22.0;2.693;1.806;1.296;2.925;0.096;1.509;27965
B315F1;2015/03/03 01:05:07;27965;82;28.7;22.2;2.687;1.806;1.258;2.925;0.096;1.529;27966
B315F1;2015/03/03 01:05:18;27966;90;33.8;22.4;2.825;1.803;1.258;2.880;0.096;1.554;27967
B315F1;2015/03/03 01:05:27;27967;82;28.7;22.2;2.667;1.803;1.290;2.880;0.096;1.522;27968
B315F1;2015/03/03 01:05:38;27968;90;32.5;22.0;2.703;1.800;1.290;2.880;0.151;1.522;27969
B315F1;2015/03/03 01:05:47;27969;92;27.7;22.2;2.664;1.800;1.235;2.880;0.151;1.496;27970
B315F1;2015/03/03 01:05:58;27970;88;28.3;22.2;2.651;1.800;1.235;2.874;0.151;1.519;27971
B315F1;2015/03/03 01:06:07;27971;80;30.3;22.4;2.819;1.800;1.290;2.874;0.151;1.493;27972
B315F1;2015/03/03 01:06:18;27972;94;28.3;22.2;2.851;1.767;1.290;2.874;0.154;1.500;27973
B315F1;2015/03/03 01:06:27;27973;90;34.5;21.8;2.703;1.767;1.238;2.874;0.154;1.529;27974
B315F1;2015/03/03 01:06:38;27974;88;28.3;22.0;2.809;1.800;1.238;2.870;0.154;1.522;27975
B315F1;2015/03/03 01:06:47;27975;92;32.5;21.8;2.693;1.800;1.238;2.870;0.154;1.535;27976
B315F1;2015/03/03 01:06:58;27976;90;30.9;21.5;2.877;1.770;1.238;2.870;0.158;1.548;27977
B315F1;2015/03/03 01:07:07;27977;94;35.1;21.7;2.677;1.770;1.251;2.870;0.158;1.496;27978
B315F1;2015/03/03 01:07:18;27978;84;30.3;21.7;2.880;1.796;1.251;2.890;0.158;1.506;27979
B315F1;2015/03/03 01:07:27;27979;78;27.7;22.2;2.667;1.796;1.293;2.890;0.158;1.529;27980
B315F1;2015/03/03 01:07:38;27980;90;31.2;22.4;2.687;1.780;1.293;2.890;0.090;1.506;27981
B315F1;2015/03/03 01:07:47;27981;86;31.6;22.4;2.645;1.780;1.258;2.890;0.090;1.535;27982
B315F1;2015/03/03 01:07:58;27982;80;33.8;22.2;2.664;1.793;1.258;2.912;0.090;1.496;27983
B315F1;2015/03/03 01:08:07;27983;89;28.3;21.8;2.667;1.793;1.270;2.912;0.090;1.519;27984
B315F1;2015/03/03 01:08:18;27984;91;30.0;22.5;2.793;1.770;1.270;2.912;0.096;1.545;27985
B315F1;2015/03/03 01:08:27;27985;85;30.6;21.3;2.670;1.770;1.232;2.912;0.096;1.529;27986
B315F1;2015/03/03 01:08:38;27986;92;29.0;21.5;2.874;1.809;1.232;2.877;0.096;1.529;27987
B315F1;2015/03/03 01:08:47;27987;93;30.6;21.3;2.670;1.809;1.235;2.877;0.096;1.487;27988
B315F1;2015/03/03 01:08:58;27988;88;31.6;22.0;2.693;1.790;1.235;2.877;0.132;1.535;27989
B315F1;2015/03/03 01:09:07;27989;93;32.2;22.0;2.851;1.790;1.287;2.877;0.132;1.525;27990
B315F1;2015/03/03 01:09:18;27990;83;31.2;22.0;2.670;1.770;1.287;2.919;0.132;1.509;27991
B315F1;2015/03/03 01:09:27;27991;89;29.3;21.5;2.703;1.770;1.277;2.919;0.132;1.506;27992
B315F1;2015/03/03 01:09:38;27992;83;33.2;22.0;2.883;1.796;1.277;2.919;0.119;1.506;27993
B315F1;2015/03/03 01:09:47;27993;82;32.2;22.2;2.880;1.796;1.283;2.919;0.119;1.503;27994
B315F1;2015/03/03 01:09:58;27994;86;33.5;22.4;2.664;1.777;1.283;2.877;0.119;1.516;27995
B315F1;2015/03/03 01:10:07;27995;74;31.9;22.0;2.841;1.777;1.280;2.877;0.119;1.506;27996
B315F1;2015/03/03 01:10:18;27996;79;30.9;21.5;2.867;1.800;1.280;2.877;0.093;1.506;27997
B315F1;2015/03/03 01:10:27;27997;86;27.4;22.5;2.648;1.800;1.238;2.877;0.093;1.512;27998
B315F1;2015/03/03 01:10:38;27998;90;30.9;21.7;2.880;1.777;1.238;2.883;0.093;1.503;27999
B315F1;2015/03/03 01:10:47;27999;90;32.5;21.5;2.835;1.777;1.238;2.883;0.093;1.483;28000
B315F1;2015/03/03 01:10:58;28000;88;31.2;22.0;2.680;1.767;1.238;2.883;0.090;1.529;28001
B315F1;2015/03/03 01:11:07;28001;88;30.3;21.8;2.877;1.767;1.293;2.883;0.090;1.519;28002
B315F1;2015/03/03 01:11:18;28002;88;34.8;22.4;2.803;1.809;1.293;2.870;0.090;1.487;28003
B315F1;2015/03/03 01:11:27;28003;88;27.7;22.5;2.658;1.809;1.238;2.870;0.090;1.487;28004
B315F1;2015/03/03 01:11:38;28004;88;28.3;22.2;2.645;1.806;1.238;2.870;0.093;1.519;28005
B315F1;2015/03/03 01:11:47;28005;83;27.7;22.5;2.654;1.806;1.235;2.870;0.093;1.512;28006
B315F1;2015/03/03 01:11:58;28006;90;30.3;21.8;2.651;1.770;1.235;2.880;0.093;1.506;28007
B315F1;2015/03/03 01:12:07;28007;89;27.7;22.0;2.658;1.770;1.251;2.880;0.093;1.551;28008
B315F1;2015/03/03 01:12:18;28008;78;31.6;21.8;2.867;1.790;1.251;2.880;0.087;1.529;28009
B315F1;2015/03/03 01:12:27;28009;91;28.3;22.5;2.674;1.790;1.261;2.880;0.087;1.545;28010
B315F1;2015/03/03 01:12:38;28010;90;31.2;22.5;2.806;1.787;1.261;2.906;0.087;1.532;28011
B315F1;2015/03/03 01:12:47;28011;91;31.6;21.8;2.851;1.787;1.241;2.906;0.087;1.512;28012
B315F1;2015/03/03 01:12:58;28012;83;27.7;22.0;2.883;1.770;1.241;2.906;0.109;1.516;28013
B315F1;2015/03/03 01:13:07;28013;88;29.6;21.7;2.654;1.770;1.238;2.906;0.109;1.522;28014
B315F1;2015/03/03 01:13:18;28014;85;28.3;22.0;2.709;1.803;1.238;2.912;0.109;1.500;28015
B315F1;2015/03/03 01:13:27;28015;78;31.6;22.0;2.667;1.803;1.251;2.912;0.109;1.490;28016
B315F1;2015/03/03 01:13:38;28016;83;28.3;22.0;2.645;1.770;1.251;2.912;0.096;1.548;28017
B315F1;2015/03/03 01:13:47;28017;77;31.2;21.7;2.680;1.770;1.235;2.912;0.096;1.535;28018
B315F1;2015/03/03 01:13:58;28018;88;29.0;22.0;2.670;1.780;1.235;2.880;0.096;1.519;28019
B315F1;2015/03/03 01:14:07;28019;78;27.7;22.5;2.654;1.780;1.251;2.880;0.096;1.535;28020
B315F1;2015/03/03 01:14:18;28020;88;29.0;22.4;2.696;1.806;1.251;2.880;0.209;1.529;28021
B315F1;2015/03/03 01:14:27;28021;88;33.5;22.2;2.703;1.806;1.235;2.880;0.209;1.493;28022
B315F1;2015/03/03 01:14:38;28022;84;27.7;22.2;2.851;1.803;1.235;2.922;0.209;1.519;28023
B315F1;2015/03/03 01:14:47;28023;87;28.3;22.5;2.770;1.803;1.287;2.922;0.209;1.529;28024
B315F1;2015/03/03 01:14:58;28024;84;29.0;21.5;2.667;1.809;1.287;2.922;0.119;1.538;28025
B315F1;2015/03/03 01:15:07;28025;93;33.8;21.5;2.829;1.809;1.261;2.922;0.119;1.522;28026
B315F1;2015/03/03 01:15:18;28026;87;28.3;22.2;2.806;1.777;1.261;2.909;0.119;1.529;28027
B315F1;2015/03/03 01:15:27;28027;88;31.9;22.4;2.877;1.777;1.238;2.909;0.119;1.554;28028
B315F1;2015/03/03 01:15:38;28028;79;31.2;22.0;2.674;1.774;1.238;2.909;0.096;1.538;28029
B315F1;2015/03/03 01:15:47;28029;85;33.5;21.7;2.654;1.774;1.238;2.909;0.096;1.567;28030
B315F1;2015/03/03 01:15:58;28030;87;32.2;22.0;2.770;1.770;1.238;2.858;0.096;1.577;28031
B315F1;2015/03/03 01:16:07;28031;93;28.0;21.7;2.664;1.770;1.251;2.858;0.096;1.567;28032
B315F1;2015/03/03 01:16:18;28032;83;31.6;21.8;2.867;1.774;1.251;2.858;0.093;1.525;28033
B315F1;2015/03/03 01:16:27;28033;88;30.6;21.3;2.738;1.774;1.287;2.858;0.093;1.532;28034
B315F1;2015/03/03 01:16:38;28034;83;30.6;21.8;2.867;1.800;1.287;2.864;0.093;1.541;28035
B315F1;2015/03/03 01:16:47;28035;92;30.3;21.5;2.716;1.800;1.251;2.864;0.093;1.522;28036
B315F1;2015/03/03 01:16:58;28036;91;28.7;22.0;2.661;1.809;1.251;2.864;0.109;1.525;28037
B315F1;2015/03/03 01:17:07;28037;90;31.6;21.7;2.829;1.809;1.238;2.864;0.109;1.519;28038
B315F1;2015/03/03 01:17:18;28038;86;31.2;21.8;2.725;1.777;1.238;2.874;0.109;1.500;28039
B315F1;2015/03/03 01:17:27;28039;93;33.2;21.3;2.654;1.777;1.296;2.874;0.109;1.493;28040
B315F1;2015/03/03 01:17:38;28040;91;28.7;22.2;2.654;1.796;1.296;2.874;0.203;1.483;28041
B315F1;2015/03/03 01:17:47;28041;83;33.5;21.8;2.745;1.796;1.238;2.874;0.203;1.490;28042
B315F1;2015/03/03 01:17:58;28042;95;29.6;21.7;2.877;1.787;1.238;2.912;0.203;1.535;28043
B315F1;2015/03/03 01:18:07;28043;87;32.9;22.0;2.883;1.787;1.251;2.912;0.203;1.490;28044
B315F1;2015/03/03 01:18:18;28044;81;33.8;22.4;2.816;1.790;1.251;2.912;0.090;1.548;28045
B315F1;2015/03/03 01:18:27;28045;93;28.0;21.7;2.674;1.790;1.232;2.912;0.090;1.545;28046
B315F1;2015/03/03 01:18:38;28046;79;33.8;22.4;2.651;1.806;1.232;2.903;0.090;1.500;28047
B315F1;2015/03/03 01:18:47;28047;90;30.3;22.0;2.703;1.806;1.235;2.903;0.090;1.519;28048
B315F1;2015/03/03 01:18:58;28048;86;32.5;22.4;2.841;1.793;1.235;2.903;0.093;1.522;28049
B315F1;2015/03/03 01:19:07;28049;85;33.2;21.8;2.725;1.793;1.280;2.903;0.093;1.496;28050
B315F1;2015/03/03 01:19:18;28050;88;28.0;22.0;2.712;1.806;1.280;2.922;0.093;1.500;28051
B315F1;2015/03/03 01:19:27;28051;82;31.9;22.0;2.812;1.806;1.258;2.922;0.093;1.529;28052
B315F1;2015/03/03 01:19:38;28052;94;28.3;22.0;2.683;1.803;1.258;2.922;0.093;1.519;28053
B315F1;2015/03/03 01:19:47;28053;88;31.6;22.4;2.845;1.803;1.283;2.922;0.093;1.506;28054
B315F1;2015/03/03 01:19:58;28054;82;27.7;21.5;2.664;1.806;1.283;2.890;0.093;1.493;28055
B315F1;2015/03/03 01:20:07;28055;94;30.3;22.4;2.674;1.806;1.264;2.890;0.093;1.506;28056
B315F1;2015/03/03 01:20:18;28056;76;28.3;22.0;2.654;1.783;1.264;2.890;0.083;1.503;28057
B315F1;2015/03/03 01:20:27;28057;86;29.6;21.5;2.703;1.783;1.232;2.890;0.083;1.535;28058
B315F1;2015/03/03 01:20:38;28058;89;31.2;22.0;2.670;1.770;1.232;2.912;0.083;1.506;28059
B315F1;2015/03/03 01:20:47;28059;88;28.3;22.5;2.667;1.770;1.248;2.912;0.083;1.493;28060
B315F1;2015/03/03 01:20:58;28060;92;31.9;22.5;2.796;1.790;1.248;2.912;0.183;1.522;28061
B315F1;2015/03/03 01:21:07;28061;87;34.5;21.5;2.709;1.790;1.251;2.912;0.183;1.541;28062
B315F1;2015/03/03 01:21:18;28062;88;30.0;22.4;2.783;1.777;1.251;2.877;0.183;1.512;28063
B315F1;2015/03/03 01:21:27;28063;88;33.2;22.0;2.803;1.777;1.232;2.877;0.183;1.512;28064
B315F1;2015/03/03 01:21:38;28064;93;28.7;22.0;2.703;1.780;1.232;2.877;0.112;1.564;28065
B315F1;2015/03/03 01:21:47;28065;81;34.8;21.5;2.774;1.780;1.248;2.877;0.112;1.512;28066
B315F1;2015/03/03 01:21:58;28066;84;27.7;21.7;2.796;1.787;1.248;2.874;0.112;1.519;28067
B315F1;2015/03/03 01:22:07;28067;77;28.7;22.4;2.645;1.787;1.290;2.874;0.112;1.548;28068
B315F1;2015/03/03 01:22:18;28068;88;32.2;22.5;2.729;1.809;1.290;2.874;0.080;1.548;28069
B315F1;2015/03/03 01:22:27;28069;90;30.6;21.3;2.754;1.809;1.258;2.874;0.080;1.512;28070
B315F1;2015/03/03 01:22:38;28070;87;29.6;21.7;2.783;1.793;1.258;2.874;0.080;1.525;28071
B315F1;2015/03/03 01:22:47;28071;86;32.5;21.8;2.816;1.793;1.258;2.874;0.080;1.522;28072
B315F1;2015/03/03 01:22:58;28072;87;30.0;22.4;2.783;1.770;1.258;2.874;0.203;1.545;28073
B315F1;2015/03/03 01:23:07;28073;88;28.7;22.4;2.683;1.770;1.270;2.874;0.203;1.551;28074
B315F1;2015/03/03 01:23:18;28074;86;32.5;22.0;2.725;1.806;1.270;2.929;0.203;1.551;28075
B315F1;2015/03/03 01:23:27;28075;86;28.7;21.8;2.699;1.806;1.235;2.929;0.203;1.535;28076
B315F1;2015/03/03 01:23:38;28076;83;28.3;21.8;2.793;1.806;1.235;2.929;0.103;1.538;28077
B315F1;2015/03/03 01:23:47;28077;85;30.9;22.4;2.680;1.806;1.232;2.929;0.103;1.516;28078
B315F1;2015/03/03 01:23:58;28078;94;30.0;22.0;2.770;1.774;1.232;2.912;0.103;1.503;28079
B315F1;2015/03/03 01:24:07;28079;88;32.5;21.7;2.680;1.774;1.283;2.912;0.103;1.516;28080
B315F1;2015/03/03 01:24:18;28080;82;30.3;21.8;2.877;1.770;1.283;2.912;0.125;1.516;28081
B315F1;2015/03/03 01:24:27;28081;80;31.6;22.0;2.654;1.770;1.238;2.912;0.125;1.500;28082
B315F1;2015/03/03 01:24:38;28082;88;29.3;22.0;2.658;1.809;1.238;2.874;0.125;1.538;28083
B315F1;2015/03/03 01:24:47;28083;76;31.9;22.0;2.829;1.809;1.248;2.874;0.125;1.529;28084
B315F1;2015/03/03 01:24:58;28084;92;27.7;22.0;2.858;1.806;1.248;2.874;0.106;1.538;28085
B315F1;2015/03/03 01:25:07;28085;78;28.7;21.5;2.699;1.806;1.238;2.874;0.106;1.493;28086
B315F1;2015/03/03 01:25:18;28086;94;29.6;21.8;2.874;1.780;1.238;2.929;0.106;1.529;28087
B315F1;2015/03/03 01:25:27;28087;86;30.6;21.5;2.745;1.780;1.235;2.929;0.106;1.512;28088
B315F1;2015/03/03 01:25:38;28088;79;30.0;22.0;2.764;1.770;1.235;2.929;0.093;1.525;28089
B315F1;2015/03/03 01:25:47;28089;88;29.0;22.0;2.803;1.770;1.264;2.929;0.093;1.503;28090
B315F1;2015/03/03 01:25:58;28090;90;33.8;22.5;2.732;1.783;1.264;2.903;0.093;1.532;28091
B315F1;2015/03/03 01:26:07;28091;78;30.9;22.0;2.845;1.783;1.241;2.903;0.093;1.506;28092
B315F1;2015/03/03 01:26:18;28092;77;29.6;21.5;2.651;1.770;1.241;2.903;0.090;1.522;28093
B315F1;2015/03/03 01:26:27;28093;87;33.2;22.2;2.809;1.770;1.251;2.903;0.090;1.496;28094
B315F1;2015/03/03 01:26:38;28094;85;28.3;22.0;2.638;1.774;1.251;2.890;0.090;1.541;28095
B315F1;2015/03/03 01:26:47;28095;90;31.9;22.0;2.816;1.774;1.264;2.890;0.090;1.532;28096
B315F1;2015/03/03 01:26:58;28096;86;28.3;22.2;2.874;1.790;1.264;2.890;0.158;1.490;28097
B315F1;2015/03/03 01:27:07;28097;82;32.5;21.8;2.709;1.790;1.238;2.890;0.158;1.525;28098
B315F1;2015/03/03 01:27:18;28098;85;31.2;22.5;2.719;1.777;1.238;2.912;0.158;1.519;28099
B315F1;2015/03/03 01:27:27;28099;89;27.7;22.5;2.667;1.777;1.248;2.912;0.158;1.545;28100
B315F1;2015/03/03 01:27:38;28100;78;33.8;22.0;2.829;1.793;1.248;2.912;0.087;1.493;28101
B315F1;2015/03/03 01:27:47;28101;83;35.4;21.7;2.777;1.793;1.245;2.912;0.087;1.535;28102
B315F1;2015/03/03 01:27:58;28102;83;31.6;22.0;2.693;1.803;1.245;2.912;0.087;1.490;28103
B315F1;2015/03/03 01:28:07;28103;88;31.9;22.0;2.841;1.803;1.283;2.912;0.087;1.538;28104
B315F1;2015/03/03 01:28:18;28104;88;29.3;22.0;2.654;1.793;1.283;2.912;0.125;1.525;28105
B315F1;2015/03/03 01:28:27;28105;84;28.7;22.9;2.667;1.793;1.267;2.912;0.125;1.500;28106
B315F1;2015/03/03 01:28:38;28106;89;32.5;22.4;2.838;1.787;1.267;2.893;0.125;1.529;28107
B315F1;2015/03/03 01:28:47;28107;90;28.3;22.5;2.648;1.787;1.270;2.893;0.125;1.506;28108
B315F1;2015/03/03 01:28:58;28108;88;28.3;22.0;2.677;1.806;1.270;2.893;0.109;1.483;28109
B315F1;2015/03/03 01:29:07;28109;87;28.7;22.4;2.796;1.806;1.280;2.893;0.109;1.490;28110
B315F1;2015/03/03 01:29:18;28110;86;31.9;22.5;2.816;1.796;1.280;2.896;0.109;1.506;28111
B315F1;2015/03/03 01:29:27;28111;91;31.9;21.1;2.777;1.796;1.235;2.896;0.109;1.506;28112
B315F1;2015/03/03 01:29:38;28112;83;32.9;22.2;2.651;1.770;1.235;2.896;0.206;1.541;28113
B315F1;2015/03/03 01:29:47;28113;87;28.0;21.7;2.751;1.770;1.245;2.896;0.206;1.516;28114
B315F1;2015/03/03 01:29:58;28114;88;30.0;22.2;2.780;1.806;1.245;2.880;0.206;1.532;28115
B315F1;2015/03/03 01:30:07;28115;89;29.6;21.7;2.725;1.806;1.235;2.880;0.206;1.496;28116
B315F1;2015/03/03 01:30:18;28116;88;33.2;22.5;2.770;1.793;1.235;2.880;0.093;1.509;28117
B315F1;2015/03/03 01:30:27;28117;88;29.0;21.8;2.799;1.793;1.248;2.880;0.093;1.545;28118
B315F1;2015/03/03 01:30:38;28118;88;27.7;21.8;2.877;1.793;1.248;2.916;0.093;1.545;28119
B315F1;2015/03/03 01:30:47;28119;93;30.0;22.2;2.822;1.793;1.296;2.916;0.093;1.545;28120
B315F1;2015/03/03 01:30:58;28120;82;30.3;21.5;2.877;1.803;1.296;2.916;0.106;1.516;28121
B315F1;2015/03/03 01:31:07;28121;87;28.7;22.5;2.770;1.803;1.261;2.916;0.106;1.545;28122
B315F1;2015/03/03 01:31:18;28122;86;31.9;22.7;2.812;1.770;1.261;2.909;0.106;1.538;28123
B315F1;2015/03/03 01:31:27;28123;90;29.6;21.5;2.693;1.770;1.264;2.909;0.106;1.529;28124
B315F1;2015/03/03 01:31:38;28124;83;30.3;22.4;2.670;1.803;1.264;2.909;0.090;1.570;28125
B315F1;2015/03/03 01:31:47;28125;88;33.5;21.7;2.693;1.803;1.293;2.909;0.090;1.512;28126
B315F1;2015/03/03 01:31:58;28126;93;27.7;22.0;2.854;1.770;1.293;2.874;0.090;1.522;28127
B315F1;2015/03/03 01:32:07;28127;89;34.1;21.3;2.674;1.770;1.264;2.874;0.090;1.558;28128
B315F1;2015/03/03 01:32:18;28128;86;32.5;22.0;2.674;1.787;1.264;2.874;0.196;1.545;28129
B315F1;2015/03/03 01:32:27;28129;80;28.7;22.2;2.693;1.787;1.270;2.874;0.196;1.525;28130
B315F1;2015/03/03 01:32:38;28130;90;30.0;22.4;2.745;1.803;1.270;2.893;0.196;1.519;28131
B315F1;2015/03/03 01:32:47;28131;83;29.6;21.8;2.651;1.803;1.296;2.893;0.196;1.532;28132
B315F1;2015/03/03 01:32:58;28132;93;31.9;22.4;2.874;1.767;1.296;2.893;0.090;1.503;28133
B315F1;2015/03/03 01:33:07;28133;91;30.9;22.4;2.864;1.767;1.235;2.893;0.090;1.496;28134
B315F1;2015/03/03 01:33:18;28134;94;30.0;22.0;2.725;1.770;1.235;2.880;0.090;1.487;28135
B315F1;2015/03/03 01:33:27;28135;89;28.7;22.4;2.680;1.770;1.277;2.880;0.090;1.493;28136
B315F1;2015/03/03 01:33:38;28136;83;32.9;22.4;2.658;1.770;1.277;2.880;0.103;1.506;28137
B315F1;2015/03/03 01:33:47;28137;88;30.3;22.0;2.851;1.770;1.287;2.880;0.103;1.541;28138
B315F1;2015/03/03 01:33:58;28138;80;31.2;22.0;2.854;1.809;1.287;2.890;0.103;1.519;28139
B315F1;2015/03/03 01:34:07;28139;90;31.2;21.5;2.764;1.809;1.245;2.890;0.103;1.538;28140
B315F1;2015/03/03 01:34:18;28140;84;30.3;21.8;2.770;1.767;1.245;2.890;0.132;1.535;28141
B315F1;2015/03/03 01:34:27;28141;93;28.0;21.7;2.670;1.767;1.293;2.890;0.132;1.538;28142
B315F1;2015/03/03 01:34:38;28142;83;32.5;22.4;2.809;1.770;1.293;2.916;0.132;1.541;28143
B315F1;2015/03/03 01:34:47;28143;81;34.5;21.5;2.870;1.770;1.248;2.916;0.132;1.506;28144
B315F1;2015/03/03 01:34:58;28144;91;31.6;22.0;2.693;1.809;1.248;2.916;0.138;1.535;28145
B315F1;2015/03/03 01:35:07;28145;87;31.9;22.0;2.870;1.809;1.232;2.916;0.138;1.500;28146
B315F1;2015/03/03 01:35:18;28146;89;31.2;22.0;2.783;1.796;1.232;2.909;0.138;1.516;28147
B315F1;2015/03/03 01:35:27;28147;81;34.1;21.5;2.870;1.796;1.293;2.909;0.138;1.503;28148
B315F1;2015/03/03 01:35:38;28148;88;33.2;22.5;2.751;1.767;1.293;2.909;0.093;1.529;28149
B315F1;2015/03/03 01:35:47;28149;82;32.9;21.8;2.816;1.767;1.245;2.909;0.093;1.516;28150
B315F1;2015/03/03 01:35:58;28150;84;27.7;21.8;2.851;1.800;1.245;2.912;0.093;1.519;28151
B315F1;2015/03/03 01:36:07;28151;90;27.7;22.5;2.667;1.800;1.280;2.912;0.093;1.503;28152
B315F1;2015/03/03 01:36:18;28152;92;33.5;22.4;2.867;1.770;1.280;2.912;0.103;1.493;28153
B315F1;2015/03/03 01:36:27;28153;78;27.7;22.4;2.690;1.770;1.235;2.912;0.103;1.516;28154
B315F1;2015/03/03 01:36:38;28154;94;27.7;22.4;2.690;1.770;1.235;2.893;0.103;1.522;28155
B315F1;2015/03/03 01:36:47;28155;92;27.4;22.2;2.880;1.770;1.264;2.893;0.103;1.538;28156
B315F1;2015/03/03 01:36:58;28156;88;31.2;21.5;2.774;1.767;1.264;2.893;0.119;1.516;28157
B315F1;2015/03/03 01:37:07;28157;85;30.3;21.8;2.709;1.767;1.287;2.893;0.119;1.529;28158
B315F1;2015/03/03 01:37:18;28158;89;29.0;21.7;2.803;1.787;1.287;2.883;0.119;1.506;28159
B315F1;2015/03/03 01:37:27;28159;86;27.7;22.5;2.667;1.787;1.290;2.883;0.119;1.545;28160
B315F1;2015/03/03 01:37:38;28160;90;31.6;22.0;2.699;1.787;1.290;2.883;0.141;1.548;28161
B315F1;2015/03/03 01:37:47;28161;80;34.5;21.7;2.677;1.787;1.241;2.883;0.141;1.525;28162
B315F1;2015/03/03 01:37:58;28162;88;34.5;22.2;2.880;1.796;1.241;2.932;0.141;1.522;28163
B315F1;2015/03/03 01:38:07;28163;85;33.8;21.8;2.754;1.796;1.235;2.932;0.141;1.500;28164
B315F1;2015/03/03 01:38:18;28164;90;33.8;22.5;2.699;1.770;1.235;2.932;0.093;1.506;28165
B315F1;2015/03/03 01:38:27;28165;89;30.9;22.4;2.696;1.770;1.264;2.932;0.093;1.519;28166
B315F1;2015/03/03 01:38:38;28166;86;32.5;22.4;2.674;1.787;1.264;2.929;0.093;1.535;28167
B315F1;2015/03/03 01:38:47;28167;89;27.7;22.2;2.883;1.787;1.235;2.929;0.093;1.529;28168
B315F1;2015/03/03 01:38:58;28168;86;29.6;21.5;2.880;1.790;1.235;2.929;0.190;1.532;28169
B315F1;2015/03/03 01:39:07;28169;82;34.1;22.0;2.796;1.790;1.293;2.929;0.190;1.500;28170
B315F1;2015/03/03 01:39:18;28170;91;31.6;22.5;2.706;1.783;1.293;2.916;0.190;1.525;28171
B315F1;2015/03/03 01:39:27;28171;90;27.7;22.2;2.651;1.783;1.235;2.916;0.190;1.529;28172
B315F1;2015/03/03 01:39:38;28172;88;32.5;22.4;2.764;1.777;1.235;2.916;0.096;1.503;28173
B315F1;2015/03/03 01:39:47;28173;83;33.8;21.5;2.864;1.777;1.296;2.916;0.096;1.541;28174
B315F1;2015/03/03 01:39:58;28174;90;28.0;22.0;2.687;1.803;1.296;2.893;0.096;1.500;28175
B315F1;2015/03/03 01:40:07;28175;83;33.5;22.0;2.816;1.803;1.293;2.893;0.096;1.541;28176
B315F1;2015/03/03 01:40:18;28176;87;34.5;22.2;2.670;1.796;1.293;2.893;0.096;1.545;28177
B315F1;2015/03/03 01:40:27;28177;88;33.5;21.7;2.687;1.796;1.270;2.893;0.096;1.503;28178
B315F1;2015/03/03 01:40:38;28178;93;33.5;22.4;2.767;1.780;1.270;2.896;0.096;1.535;28179
B315F1;2015/03/03 01:40:47;28179;93;27.7;22.5;2.674;1.780;1.238;2.896;0.096;1.509;28180
B315F1;2015/03/03 01:40:58;28180;88;28.3;22.0;2.664;1.796;1.238;2.896;0.145;1.503;28181
B315F1;2015/03/03 01:41:07;28181;94;34.1;21.8;2.738;1.796;1.232;2.896;0.145;1.509;28182
B315F1;2015/03/03 01:41:18;28182;85;34.8;22.0;2.816;1.790;1.232;2.893;0.145;1.516;28183
B315F1;2015/03/03 01:41:27;28183;84;30.6;22.0;2.735;1.790;1.254;2.893;0.145;1.545;28184
B315F1;2015/03/03 01:41:38;28184;78;28.7;22.2;2.880;1.777;1.254;2.893;0.125;1.529;28185
B315F1;2015/03/03 01:41:47;28185;81;30.3;22.4;2.845;1.777;1.274;2.893;0.125;1.512;28186
B315F1;2015/03/03 01:41:58;28186;91;29.6;22.4;2.677;1.803;1.274;2.932;0.125;1.512;28187
B315F1;2015/03/03 01:42:07;28187;88;30.9;21.7;2.670;1.803;1.251;2.932;0.125;1.535;28188
B315F1;2015/03/03 01:42:18;28188;89;27.7;22.0;2.670;1.777;1.251;2.932;0.083;1.512;28189
B315F1;2015/03/03 01:42:27;28189;84;31.9;21.8;2.777;1.777;1.277;2.932;0.083;1.500;28190
B315F1;2015/03/03 01:42:38;28190;93;33.2;22.5;2.806;1.803;1.277;2.896;0.083;1.548;28191
B315F1;2015/03/03 01:42:47;28191;92;31.2;21.8;2.790;1.803;1.235;2.896;0.083;1.532;28192
B315F1;2015/03/03 01:42:58;28192;89;34.5;22.0;2.690;1.793;1.235;2.896;0.090;1.509;28193
B315F1;2015/03/03 01:43:07;28193;88;28.0;21.5;2.741;1.793;1.270;2.896;0.090;1.506;28194
B315F1;2015/03/03 01:43:18;28194;93;31.2;22.5;2.674;1.770;1.270;2.880;0.090;1.503;28195
B315F1;2015/03/03 01:43:27;28195;85;28.3;22.5;2.667;1.770;1.232;2.880;0.090;1.516;28196
B315F1;2015/03/03 01:43:38;28196;83;31.2;22.4;2.687;1.793;1.232;2.880;0.145;1.519;28197
B315F1;2015/03/03 01:43:47;28197;94;32.5;22.4;2.680;1.793;1.254;2.880;0.145;1.541;28198
B315F1;2015/03/03 01:43:58;28198;94;28.3;21.7;2.829;1.777;1.254;2.893;0.145;1.519;28199
B315F1;2015/03/03 01:44:07;28199;93;32.9;21.7;2.670;1.777;1.235;2.893;0.145;1.525;28200
B315F1;2015/03/03 01:44:18;28200;84;28.3;22.4;2.651;1.770;1.235;2.893;0.138;1.548;28201
B315F1;2015/03/03 01:44:27;28201;94;34.1;21.5;2.777;1.770;1.245;2.893;0.138;1.538;28202
B315F1;2015/03/03 01:44:38;28202;83;29.3;22.2;2.699;1.767;1.245;2.906;0.138;1.516;28203
B315F1;2015/03/03 01:44:47;28203;77;27.7;22.2;2.883;1.767;1.245;2.906;0.138;1.545;28204
B315F1;2015/03/03 01:44:58;28204;94;31.9;22.0;2.816;1.783;1.245;2.906;0.151;1.541;28205
B315F1;2015/03/03 01:45:07;28205;87;34.8;21.8;2.706;1.783;1.293;2.906;0.151;1.548;28206
B315F1;2015/03/03 01:45:18;28206;92;30.3;22.0;2.751;1.767;1.293;2.874;0.151;1.551;28207
B315F1;2015/03/03 01:45:27;28207;85;31.9;22.0;2.829;1.767;1.261;2.874;0.151;1.551;28208
B315F1;2015/03/03 01:45:38;28208;89;32.5;22.4;2.796;1.787;1.261;2.874;0.090;1.519;28209
B315F1;2015/03/03 01:45:47;28209;93;30.6;21.3;2.664;1.787;1.251;2.874;0.090;1.554;28210
B315F1;2015/03/03 01:45:58;28210;96;32.9;22.0;2.661;1.793;1.251;2.896;0.090;1.529;28211
B315F1;2015/03/03 01:46:07;28211;84;32.5;21.5;2.864;1.793;1.235;2.896;0.090;1.538;28212
B315F1;2015/03/03 01:46:18;28212;88;27.7;21.3;2.864;1.809;1.235;2.896;0.090;1.529;28213
B315F1;2015/03/03 01:46:27;28213;83;31.9;22.0;2.829;1.809;1.235;2.896;0.090;1.506;28214
B315F1;2015/03/03 01:46:38;28214;91;31.9;21.8;2.706;1.809;1.235;2.922;0.090;1.554;28215
B315F1;2015/03/03 01:46:47;28215;93;28.0;21.5;2.848;1.809;1.235;2.922;0.090;1.548;28216
B315F1;2015/03/03 01:46:58;28216;95;30.3;21.8;2.877;1.783;1.235;2.922;0.087;1.532;28217
B315F1;2015/03/03 01:47:07;28217;82;28.0;21.5;2.858;1.783;1.241;2.922;0.087;1.532;28218
B315F1;2015/03/03 01:47:18;28218;93;31.6;22.4;2.690;1.809;1.241;2.890;0.087;1.509;28219
B315F1;2015/03/03 01:47:27;28219;91;27.7;22.5;2.654;1.809;1.290;2.890;0.087;1.538;28220
B315F1;2015/03/03 01:47:38;28220;93;31.6;22.4;2.693;1.777;1.290;2.890;0.087;1.493;28221
B315F1;2015/03/03 01:47:47;28221;82;32.5;21.7;2.658;1.777;1.232;2.890;0.087;1.535;28222
B315F1;2015/03/03 01:47:58;28222;90;30.3;22.0;2.670;1.787;1.232;2.880;0.087;1.535;28223
B315F1;2015/03/03 01:48:07;28223;91;30.9;21.8;2.780;1.787;1.232;2.880;0.087;1.493;28224
B315F1;2015/03/03 01:48:18;28224;84;31.6;21.5;2.848;1.770;1.232;2.880;0.077;1.538;28225
B315F1;2015/03/03 01:48:27;28225;83;29.6;21.5;2.719;1.770;1.258;2.880;0.077;1.535;28226
B315F1;2015/03/03 01:48:38;28226;86;34.8;22.0;2.661;1.790;1.258;2.890;0.077;1.535;28227
B315F1;2015/03/03 01:48:47;28227;89;27.7;22.2;2.654;1.790;1.235;2.890;0.077;1.506;28228
B315F1;2015/03/03 01:48:58;28228;88;33.2;22.4;2.854;1.783;1.235;2.890;0.106;1.509;28229
B315F1;2015/03/03 01:49:07;28229;87;28.0;21.5;2.764;1.783;1.251;2.890;0.106;1.493;28230
B315F1;2015/03/03 01:49:18;28230;86;27.7;21.7;2.822;1.800;1.251;2.903;0.106;1.490;28231
B315F1;2015/03/03 01:49:27;28231;86;33.5;21.5;2.758;1.800;1.293;2.903;0.106;1.522;28232
B315F1;2015/03/03 01:49:38;28232;87;30.3;21.8;2.670;1.806;1.293;2.903;0.090;1.503;28233
B315F1;2015/03/03 01:49:47;28233;89;27.7;22.2;2.693;1.806;1.283;2.903;0.090;1.512;28234
B315F1;2015/03/03 01:49:58;28234;90;32.2;22.4;2.841;1.770;1.283;2.877;0.090;1.529;28235
B315F1;2015/03/03 01:50:07;28235;93;30.3;21.7;2.654;1.770;1.274;2.877;0.090;1.532;28236
B315F1;2015/03/03 01:50:18;28236;84;31.6;22.4;2.816;1.796;1.274;2.877;0.151;1.525;28237
B315F1;2015/03/03 01:50:27;28237;88;31.6;21.8;2.883;1.796;1.235;2.877;0.151;1.538;28238
B315F1;2015/03/03 01:50:38;28238;76;31.6;21.8;2.693;1.770;1.235;2.880;0.151;1.548;28239
B315F1;2015/03/03 01:50:47;28239;87;27.7;22.4;2.719;1.770;1.277;2.880;0.151;1.506;28240
B315F1;2015/03/03 01:50:58;28240;96;27.7;22.0;2.674;1.783;1.277;2.880;0.080;1.538;28241
B315F1;2015/03/03 01:51:07;28241;88;28.7;22.0;2.783;1.783;1.296;2.880;0.080;1.519;28242
B315F1;2015/03/03 01:51:18;28242;84;32.5;22.0;2.861;1.777;1.296;2.893;0.080;1.503;28243
B315F1;2015/03/03 01:51:27;28243;86;30.9;22.0;2.687;1.777;1.238;2.893;0.080;1.506;28244
B315F1;2015/03/03 01:51:38;28244;88;28.3;22.4;2.858;1.806;1.238;2.893;0.164;1.538;28245
B315F1;2015/03/03 01:51:47;28245;85;30.3;21.8;2.738;1.806;1.232;2.893;0.164;1.522;28246
B315F1;2015/03/03 01:51:58;28246;77;31.6;22.5;2.674;1.774;1.232;2.925;0.164;1.503;28247
B315F1;2015/03/03 01:52:07;28247;93;30.3;21.7;2.719;1.774;1.235;2.925;0.164;1.529;28248
B315F1;2015/03/03 01:52:18;28248;84;33.2;22.4;2.664;1.800;1.235;2.925;0.209;1.509;28249
B315F1;2015/03/03 01:52:27;28249;78;34.8;22.0;2.783;1.800;1.245;2.925;0.209;1.541;28250
B315F1;2015/03/03 01:52:38;28250;87;29.0;22.0;2.658;1.809;1.245;2.874;0.209;1.525;28251
B315F1;2015/03/03 01:52:47;28251;85;30.3;21.7;2.664;1.809;1.238;2.874;0.209;1.541;28252
B315F1;2015/03/03 01:52:58;28252;82;32.5;22.7;2.770;1.800;1.238;2.874;0.077;1.512;28253
B315F1;2015/03/03 01:53:07;28253;82;28.7;22.2;2.670;1.800;1.293;2.874;0.077;1.525;28254
B315F1;2015/03/03 01:53:18;28254;91;30.9;21.8;2.670;1.770;1.293;2.925;0.077;1.516;28255
B315F1;2015/03/03 01:53:27;28255;87;32.2;22.0;2.767;1.770;1.235;2.925;0.077;1.545;28256
B315F1;2015/03/03 01:53:38;28256;93;30.3;22.2;2.674;1.770;1.235;2.925;0.083;1.496;28257
B315F1;2015/03/03 01:53:47;28257;83;30.6;21.7;2.741;1.770;1.245;2.925;0.083;1.529;28258
B315F1;2015/03/03 01:53:58;28258;86;30.3;21.8;2.867;1.777;1.245;2.938;0.083;1.493;28259
B315F1;2015/03/03 01:54:07;28259;86;29.6;21.7;2.670;1.777;1.296;2.938;0.083;1.493;28260
B315F1;2015/03/03 01:54:18;28260;86;32.2;22.4;2.848;1.793;1.296;2.938;0.090;1.522;28261
B315F1;2015/03/03 01:54:27;28261;88;33.8;21.5;2.829;1.793;1.296;2.938;0.090;1.500;28262
B315F1;2015/03/03 01:54:38;28262;86;30.0;22.4;2.783;1.806;1.296;2.899;0.090;1.506;28263
B315F1;2015/03/03 01:54:47;28263;92;30.0;22.0;2.841;1.806;1.287;2.899;0.090;1.541;28264
B315F1;2015/03/03 01:54:58;28264;88;29.0;21.5;2.664;1.770;1.287;2.899;0.122;1.503;28265
B315F1;2015/03/03 01:55:07;28265;78;33.8;21.8;2.693;1.770;1.293;2.899;0.122;1.529;28266
B315F1;2015/03/03 01:55:18;28266;89;32.9;22.0;2.767;1.787;1.293;2.887;0.122;1.541;28267
B315F1;2015/03/03 01:55:27;28267;83;32.2;22.4;2.661;1.787;1.235;2.887;0.122;1.512;28268
B315F1;2015/03/03 01:55:38;28268;90;30.6;22.4;2.674;1.770;1.235;2.887;0.138;1.532;28269
B315F1;2015/03/03 01:55:47;28269;76;30.0;22.0;2.883;1.770;1.232;2.887;0.138;1.490;28270
B315F1;2015/03/03 01:55:58;28270;83;28.7;22.0;2.696;1.770;1.232;2.935;0.138;1.532;28271
B315F1;2015/03/03 01:56:07;28271;93;30.6;21.7;2.732;1.770;1.235;2.935;0.138;1.545;28272
B315F1;2015/03/03 01:56:18;28272;83;28.3;22.0;2.651;1.790;1.235;2.935;0.090;1.535;28273
B315F1;2015/03/03 01:56:27;28273;82;29.0;22.2;2.690;1.790;1.290;2.935;0.090;1.509;28274
B315F1;2015/03/03 01:56:38;28274;88;33.2;22.5;2.845;1.787;1.290;2.922;0.090;1.509;28275
B315F1;2015/03/03 01:56:47;28275;93;29.6;21.7;2.745;1.787;1.248;2.922;0.090;1.500;28276
B315F1;2015/03/03 01:56:58;28276;95;29.0;21.8;2.880;1.809;1.248;2.922;0.080;1.529;28277
B315F1;2015/03/03 01:57:07;28277;81;31.9;22.0;2.883;1.809;1.293;2.922;0.080;1.535;28278
B315F1;2015/03/03 01:57:18;28278;79;30.0;22.5;2.745;1.787;1.293;2.929;0.080;1.503;28279
B315F1;2015/03/03 01:57:27;28279;87;30.9;22.4;2.670;1.787;1.248;2.929;0.080;1.490;28280
B315F1;2015/03/03 01:57:38;28280;88;32.2;22.4;2.706;1.777;1.248;2.929;0.080;1.493;28281
B315F1;2015/03/03 01:57:47;28281;78;30.0;22.0;2.822;1.777;1.296;2.929;0.080;1.532;28282
B315F1;2015/03/03 01:57:58;28282;88;29.3;22.2;2.699;1.783;1.296;2.896;0.080;1.522;28283
B315F1;2015/03/03 01:58:07;28283;89;31.9;22.4;2.658;1.783;1.251;2.896;0.080;1.525;28284
B315F1;2015/03/03 01:58:18;28284;80;28.7;22.2;2.651;1.793;1.251;2.896;0.093;1.493;28285
B315F1;2015/03/03 01:58:27;28285;85;27.4;22.2;2.654;1.793;1.283;2.896;0.093;1.483;28286
B315F1;2015/03/03 01:58:38;28286;80;28.7;21.7;2.816;1.790;1.283;2.919;0.093;1.474;28287
B315F1;2015/03/03 01:58:47;28287;87;30.0;22.0;2.822;1.790;1.287;2.919;0.093;1.500;28288
B315F1;2015/03/03 01:58:58;28288;94;31.2;21.8;2.716;1.796;1.287;2.919;0.154;1.490;28289
B315F1;2015/03/03 01:59:07;28289;88;30.3;21.8;2.790;1.796;1.238;2.919;0.154;1.503;28290
B315F1;2015/03/03 01:59:18;28290;83;34.8;22.5;2.822;1.800;1.238;2.916;0.154;1.483;28291
B315F1;2015/03/03 01:59:27;28291;88;27.7;22.4;2.654;1.800;1.238;2.916;0.154;1.477;28292
B315F1;2015/03/03 01:59:38;28292;88;34.8;22.0;2.790;1.793;1.238;2.916;0.080;1.519;28293
B315F1;2015/03/03 01:59:47;28293;79;28.0;21.7;2.722;1.793;1.248;2.916;0.080;1.493;28294
B315F1;2015/03/03 01:59:58;28294;88;31.9;22.4;2.712;1.770;1.248;2.916;0.080;1.506;28295
B315F1;2015/03/03 02:00:07;28295;88;31.2;22.2;2.812;1.770;1.293;2.916;0.080;1.493;28296
B315F1;2015/03/03 02:00:18;28296;85;28.0;22.0;2.690;1.806;1.293;2.916;0.093;1.483;28297
B315F1;2015/03/03 02:00:27;28297;88;27.7;22.2;2.654;1.806;1.248;2.916;0.093;1.487;28298
B315F1;2015/03/03 02:00:38;28298;88;32.5;22.0;2.658;1.800;1.248;2.887;0.093;1.525;28299
B315F1;2015/03/03 02:00:47;28299;81;27.7;22.2;2.667;1.800;1.232;2.887;0.093;1.506;28300
B315F1;2015/03/03 02:00:58;28300;85;31.2;21.8;2.864;1.803;1.232;2.887;0.090;1.538;28301
B315F1;2015/03/03 02:01:07;28301;83;30.6;22.4;2.832;1.803;1.254;2.887;0.090;1.506;28302
B315F1;2015/03/03 02:01:18;28302;87;27.7;21.8;2.858;1.809;1.254;2.925;0.090;1.538;28303
