B31558;2015/03/09 00:00:01;20461;81;25.8;27.4;2.483;1.616;1.032;2.054;0.029;1.490;20462
B31558;2015/03/09 00:00:12;20462;86;25.1;27.2;2.738;1.590;1.032;2.096;0.029;1.503;20463
B31558;2015/03/09 00:00:21;20463;78;32.9;26.3;2.619;1.590;1.035;2.096;0.029;1.500;20464
B31558;2015/03/09 00:00:32;20464;78;26.1;27.0;2.535;1.590;1.035;2.096;0.106;1.487;20465
B31558;2015/03/09 00:00:41;20465;85;24.8;27.2;2.512;1.590;1.032;2.096;0.106;1.474;20466
B31558;2015/03/09 00:00:52;20466;85;26.4;26.7;2.751;1.638;1.032;2.100;0.106;1.490;20467
B31558;2015/03/09 00:01:01;20467;74;33.2;27.6;2.541;1.638;1.032;2.100;0.106;1.477;20468
B31558;2015/03/09 00:01:12;20468;85;34.5;27.6;2.538;1.590;1.032;2.100;0.029;1.467;20469
B31558;2015/03/09 00:01:21;20469;83;28.0;27.0;2.512;1.590;1.080;2.100;0.029;1.474;20470
B31558;2015/03/09 00:01:32;20470;85;27.0;26.9;2.725;1.622;1.080;2.041;0.029;1.503;20471
B31558;2015/03/09 00:01:41;20471;84;31.9;27.0;2.538;1.622;1.029;2.041;0.029;1.477;20472
B31558;2015/03/09 00:01:52;20472;87;24.5;27.0;2.699;1.638;1.029;2.041;0.029;1.480;20473
B31558;2015/03/09 00:02:01;20473;88;29.6;27.4;2.661;1.638;1.029;2.041;0.029;1.470;20474
B31558;2015/03/09 00:02:12;20474;83;25.1;27.2;2.738;1.606;1.029;2.090;0.029;1.493;20475
B31558;2015/03/09 00:02:21;20475;83;31.2;26.9;2.561;1.606;1.051;2.090;0.029;1.500;20476
B31558;2015/03/09 00:02:32;20476;82;30.6;28.1;2.603;1.612;1.051;2.090;0.025;1.470;20477
B31558;2015/03/09 00:02:41;20477;85;31.2;27.0;2.500;1.612;1.038;2.090;0.025;1.490;20478
B31558;2015/03/09 00:02:52;20478;81;31.2;27.6;2.483;1.629;1.038;2.048;0.025;1.500;20479
B31558;2015/03/09 00:03:01;20479;89;34.8;27.7;2.519;1.629;1.029;2.048;0.025;1.470;20480
B31558;2015/03/09 00:03:12;20480;78;27.0;27.2;2.738;1.603;1.029;2.048;0.051;1.480;20481
B31558;2015/03/09 00:03:21;20481;78;25.1;27.7;2.490;1.603;1.093;2.048;0.051;1.496;20482
B31558;2015/03/09 00:03:32;20482;87;28.3;27.4;2.616;1.593;1.093;2.032;0.051;1.506;20483
B31558;2015/03/09 00:03:41;20483;69;32.9;27.0;2.603;1.593;1.032;2.032;0.051;1.461;20484
B31558;2015/03/09 00:03:52;20484;79;32.9;27.2;2.732;1.596;1.032;2.032;0.074;1.490;20485
B31558;2015/03/09 00:04:01;20485;78;31.2;27.2;2.725;1.596;1.032;2.032;0.074;1.474;20486
B31558;2015/03/09 00:04:12;20486;76;30.0;27.7;2.529;1.603;1.032;2.054;0.074;1.480;20487
B31558;2015/03/09 00:04:21;20487;83;27.4;28.4;2.729;1.603;1.083;2.054;0.074;1.496;20488
B31558;2015/03/09 00:04:32;20488;78;26.7;26.9;2.732;1.625;1.083;2.054;0.158;1.477;20489
B31558;2015/03/09 00:04:41;20489;88;26.7;27.6;2.500;1.625;1.093;2.054;0.158;1.470;20490
B31558;2015/03/09 00:04:52;20490;88;25.8;27.0;2.638;1.625;1.093;2.038;0.158;1.516;20491
B31558;2015/03/09 00:05:01;20491;86;27.7;27.2;2.496;1.625;1.045;2.038;0.158;1.490;20492
B31558;2015/03/09 00:05:12;20492;82;28.0;27.9;2.516;1.593;1.045;2.038;0.029;1.525;20493
B31558;2015/03/09 00:05:21;20493;86;29.6;27.6;2.754;1.593;1.035;2.038;0.029;1.519;20494
B31558;2015/03/09 00:05:32;20494;83;32.5;27.6;2.529;1.590;1.035;2.048;0.029;1.506;20495
B31558;2015/03/09 00:05:41;20495;77;24.5;27.2;2.522;1.590;1.051;2.048;0.029;1.522;20496
B31558;2015/03/09 00:05:52;20496;81;28.7;27.7;2.600;1.629;1.051;2.048;0.032;1.496;20497
B31558;2015/03/09 00:06:01;20497;83;24.5;27.4;2.619;1.629;1.077;2.048;0.032;1.467;20498
B31558;2015/03/09 00:06:12;20498;88;29.6;27.9;2.512;1.606;1.077;2.083;0.032;1.519;20499
B31558;2015/03/09 00:06:21;20499;83;29.6;27.2;2.693;1.606;1.051;2.083;0.032;1.496;20500
B31558;2015/03/09 00:06:32;20500;79;32.5;27.6;2.496;1.638;1.051;2.083;0.029;1.496;20501
B31558;2015/03/09 00:06:41;20501;89;30.9;27.4;2.483;1.638;1.032;2.083;0.029;1.538;20502
B31558;2015/03/09 00:06:52;20502;90;30.6;28.1;2.609;1.632;1.032;2.045;0.029;1.496;20503
B31558;2015/03/09 00:07:01;20503;81;29.0;27.7;2.496;1.632;1.032;2.045;0.029;1.493;20504
B31558;2015/03/09 00:07:12;20504;83;32.2;27.4;2.509;1.635;1.032;2.045;0.045;1.496;20505
B31558;2015/03/09 00:07:21;20505;72;28.7;26.9;2.538;1.635;1.051;2.045;0.045;1.487;20506
B31558;2015/03/09 00:07:32;20506;81;26.4;26.9;2.725;1.593;1.051;2.022;0.045;1.503;20507
B31558;2015/03/09 00:07:41;20507;88;32.5;28.1;2.512;1.593;1.093;2.022;0.045;1.483;20508
B31558;2015/03/09 00:07:52;20508;88;30.6;27.6;2.577;1.590;1.093;2.022;0.032;1.480;20509
B31558;2015/03/09 00:08:01;20509;78;34.5;27.6;2.519;1.590;1.032;2.022;0.032;1.500;20510
B31558;2015/03/09 00:08:12;20510;85;30.3;27.6;2.525;1.616;1.032;2.016;0.032;1.461;20511
B31558;2015/03/09 00:08:21;20511;83;27.0;27.4;2.696;1.616;1.032;2.016;0.032;1.464;20512
B31558;2015/03/09 00:08:32;20512;89;34.5;27.6;2.738;1.635;1.032;2.016;0.032;1.512;20513
B31558;2015/03/09 00:08:41;20513;82;29.3;27.6;2.761;1.635;1.064;2.016;0.032;1.487;20514
B31558;2015/03/09 00:08:52;20514;77;26.4;27.9;2.751;1.593;1.064;2.022;0.032;1.500;20515
B31558;2015/03/09 00:09:01;20515;81;28.3;27.6;2.754;1.593;1.041;2.022;0.032;1.506;20516
B31558;2015/03/09 00:09:12;20516;80;33.2;27.6;2.496;1.596;1.041;2.022;0.025;1.522;20517
B31558;2015/03/09 00:09:21;20517;73;30.3;27.6;2.483;1.596;1.093;2.022;0.025;1.525;20518
B31558;2015/03/09 00:09:32;20518;82;30.6;28.1;2.699;1.609;1.093;2.016;0.025;1.496;20519
B31558;2015/03/09 00:09:41;20519;88;31.6;27.6;2.503;1.609;1.090;2.016;0.025;1.500;20520
B31558;2015/03/09 00:09:52;20520;84;27.0;27.2;2.687;1.596;1.090;2.016;0.038;1.493;20521
B31558;2015/03/09 00:10:01;20521;90;32.5;27.0;2.500;1.596;1.087;2.016;0.038;1.493;20522
B31558;2015/03/09 00:10:12;20522;80;25.8;27.9;2.490;1.603;1.087;2.035;0.038;1.522;20523
B31558;2015/03/09 00:10:21;20523;84;32.5;27.2;2.558;1.603;1.035;2.035;0.038;1.506;20524
B31558;2015/03/09 00:10:32;20524;85;28.0;27.6;2.493;1.645;1.035;2.035;0.048;1.516;20525
B31558;2015/03/09 00:10:41;20525;83;35.1;26.9;2.661;1.645;1.032;2.035;0.048;1.487;20526
B31558;2015/03/09 00:10:52;20526;87;29.6;27.4;2.496;1.619;1.032;2.035;0.048;1.506;20527
B31558;2015/03/09 00:11:01;20527;76;33.5;27.7;2.509;1.619;1.090;2.035;0.048;1.487;20528
B31558;2015/03/09 00:11:12;20528;87;27.4;27.7;2.751;1.625;1.090;2.035;0.025;1.487;20529
B31558;2015/03/09 00:11:21;20529;84;27.4;27.7;2.609;1.625;1.099;2.035;0.025;1.516;20530
B31558;2015/03/09 00:11:32;20530;78;34.8;27.6;2.712;1.616;1.099;2.012;0.025;1.506;20531
B31558;2015/03/09 00:11:41;20531;77;27.4;27.4;2.709;1.616;1.064;2.012;0.025;1.545;20532
B31558;2015/03/09 00:11:52;20532;77;25.8;27.6;2.751;1.638;1.064;2.012;0.025;1.538;20533
B31558;2015/03/09 00:12:01;20533;82;31.2;27.6;2.754;1.638;1.099;2.012;0.025;1.516;20534
B31558;2015/03/09 00:12:12;20534;83;26.1;27.7;2.751;1.599;1.099;1.990;0.025;1.522;20535
B31558;2015/03/09 00:12:21;20535;80;30.0;27.4;2.677;1.599;1.035;1.990;0.025;1.532;20536
B31558;2015/03/09 00:12:32;20536;79;34.8;27.6;2.751;1.635;1.035;1.990;0.074;1.516;20537
B31558;2015/03/09 00:12:41;20537;73;27.4;27.6;2.538;1.635;1.087;1.990;0.074;1.483;20538
B31558;2015/03/09 00:12:52;20538;83;24.8;27.4;2.641;1.619;1.087;2.000;0.074;1.548;20539
B31558;2015/03/09 00:13:01;20539;84;28.0;27.9;2.761;1.619;1.041;2.000;0.074;1.506;20540
B31558;2015/03/09 00:13:12;20540;78;29.3;27.7;2.577;1.619;1.041;2.000;0.035;1.525;20541
B31558;2015/03/09 00:13:21;20541;88;25.8;27.4;2.512;1.619;1.038;2.000;0.035;1.532;20542
B31558;2015/03/09 00:13:32;20542;93;25.8;27.0;2.529;1.641;1.038;2.006;0.035;1.535;20543
B31558;2015/03/09 00:13:41;20543;88;26.7;28.1;2.616;1.641;1.038;2.006;0.035;1.512;20544
B31558;2015/03/09 00:13:52;20544;81;26.7;27.9;2.509;1.609;1.038;2.006;0.045;1.496;20545
B31558;2015/03/09 00:14:01;20545;82;24.8;27.9;2.496;1.609;1.106;2.006;0.045;1.525;20546
B31558;2015/03/09 00:14:12;20546;85;27.4;27.7;2.751;1.648;1.106;2.051;0.045;1.493;20547
B31558;2015/03/09 00:14:21;20547;71;34.5;28.1;2.509;1.648;1.106;2.051;0.045;1.496;20548
B31558;2015/03/09 00:14:32;20548;88;26.4;27.7;2.751;1.622;1.106;2.051;0.035;1.525;20549
B31558;2015/03/09 00:14:41;20549;84;31.9;27.7;2.654;1.622;1.106;2.051;0.035;1.490;20550
B31558;2015/03/09 00:14:52;20550;89;32.9;27.6;2.741;1.648;1.106;2.038;0.035;1.500;20551
B31558;2015/03/09 00:15:01;20551;78;25.1;27.7;2.512;1.648;1.080;2.038;0.035;1.519;20552
B31558;2015/03/09 00:15:12;20552;84;29.3;27.7;2.612;1.635;1.080;2.038;0.029;1.516;20553
B31558;2015/03/09 00:15:21;20553;79;34.5;28.1;2.512;1.635;1.041;2.038;0.029;1.522;20554
B31558;2015/03/09 00:15:32;20554;84;28.3;28.1;2.629;1.609;1.041;2.029;0.029;1.506;20555
B31558;2015/03/09 00:15:41;20555;80;30.3;27.6;2.761;1.609;1.070;2.029;0.029;1.522;20556
B31558;2015/03/09 00:15:52;20556;84;30.9;27.6;2.580;1.638;1.070;2.029;0.025;1.503;20557
B31558;2015/03/09 00:16:01;20557;91;24.8;27.6;2.500;1.638;1.045;2.029;0.025;1.545;20558
B31558;2015/03/09 00:16:12;20558;78;30.3;27.6;2.606;1.641;1.045;2.058;0.025;1.551;20559
B31558;2015/03/09 00:16:21;20559;71;28.7;27.2;2.538;1.641;1.051;2.058;0.025;1.503;20560
B31558;2015/03/09 00:16:32;20560;83;29.6;28.8;2.651;1.622;1.051;2.058;0.038;1.503;20561
B31558;2015/03/09 00:16:41;20561;88;33.2;27.4;2.619;1.622;1.093;2.058;0.038;1.512;20562
B31558;2015/03/09 00:16:52;20562;77;28.0;27.0;2.735;1.606;1.093;2.025;0.038;1.529;20563
B31558;2015/03/09 00:17:01;20563;79;29.6;27.9;2.741;1.606;1.051;2.025;0.038;1.506;20564
B31558;2015/03/09 00:17:12;20564;83;28.3;27.6;2.751;1.638;1.051;2.025;0.025;1.509;20565
B31558;2015/03/09 00:17:21;20565;73;27.7;27.2;2.529;1.638;1.106;2.025;0.025;1.545;20566
B31558;2015/03/09 00:17:32;20566;79;31.9;27.9;2.522;1.609;1.106;2.019;0.025;1.538;20567
B31558;2015/03/09 00:17:41;20567;78;29.0;27.9;2.493;1.609;1.048;2.019;0.025;1.532;20568
B31558;2015/03/09 00:17:52;20568;90;30.3;27.6;2.477;1.629;1.048;2.019;0.035;1.538;20569
B31558;2015/03/09 00:18:01;20569;78;24.8;28.1;2.496;1.629;1.064;2.019;0.035;1.516;20570
B31558;2015/03/09 00:18:12;20570;90;34.8;27.4;2.641;1.616;1.064;2.009;0.035;1.522;20571
B31558;2015/03/09 00:18:21;20571;86;27.0;28.3;2.632;1.616;1.106;2.009;0.035;1.545;20572
B31558;2015/03/09 00:18:32;20572;74;34.5;27.6;2.477;1.625;1.106;2.009;0.061;1.570;20573
B31558;2015/03/09 00:18:41;20573;81;25.8;27.4;2.706;1.625;1.083;2.009;0.061;1.551;20574
B31558;2015/03/09 00:18:52;20574;86;31.9;27.7;2.548;1.625;1.083;2.064;0.061;1.529;20575
B31558;2015/03/09 00:19:01;20575;78;25.1;28.3;2.609;1.625;1.045;2.064;0.061;1.529;20576
B31558;2015/03/09 00:19:12;20576;81;27.0;27.2;2.738;1.609;1.045;2.064;0.029;1.532;20577
B31558;2015/03/09 00:19:21;20577;87;28.3;27.4;2.748;1.609;1.067;2.064;0.029;1.529;20578
B31558;2015/03/09 00:19:32;20578;88;25.1;27.2;2.712;1.651;1.067;2.067;0.029;1.554;20579
B31558;2015/03/09 00:19:41;20579;76;33.5;28.1;2.590;1.651;1.048;2.067;0.029;1.561;20580
B31558;2015/03/09 00:19:52;20580;78;35.4;27.4;2.732;1.645;1.048;2.067;0.032;1.554;20581
B31558;2015/03/09 00:20:01;20581;69;25.1;27.7;2.496;1.645;1.051;2.067;0.032;1.570;20582
B31558;2015/03/09 00:20:12;20582;83;30.6;28.1;2.545;1.632;1.051;2.016;0.032;1.570;20583
B31558;2015/03/09 00:20:21;20583;75;30.3;27.7;2.709;1.632;1.103;2.016;0.032;1.538;20584
B31558;2015/03/09 00:20:32;20584;81;35.4;27.7;2.751;1.661;1.103;2.016;0.151;1.522;20585
B31558;2015/03/09 00:20:41;20585;84;30.9;27.9;2.754;1.661;1.051;2.016;0.151;1.545;20586
B31558;2015/03/09 00:20:52;20586;81;30.3;27.6;2.574;1.612;1.051;2.048;0.151;1.551;20587
B31558;2015/03/09 00:21:01;20587;85;29.0;27.9;2.509;1.612;1.077;2.048;0.151;1.525;20588
B31558;2015/03/09 00:21:12;20588;91;30.3;27.6;2.525;1.648;1.077;2.048;0.041;1.558;20589
B31558;2015/03/09 00:21:21;20589;78;27.0;27.9;2.761;1.648;1.077;2.048;0.041;1.535;20590
B31558;2015/03/09 00:21:32;20590;93;31.2;28.1;2.667;1.638;1.077;2.054;0.041;1.551;20591
B31558;2015/03/09 00:21:41;20591;81;31.2;27.9;2.729;1.638;1.054;2.054;0.041;1.535;20592
B31558;2015/03/09 00:21:52;20592;79;27.4;27.9;2.509;1.661;1.054;2.054;0.032;1.541;20593
B31558;2015/03/09 00:22:01;20593;84;24.8;28.1;2.545;1.661;1.054;2.054;0.032;1.548;20594
B31558;2015/03/09 00:22:12;20594;83;24.8;27.4;2.554;1.638;1.054;2.045;0.032;1.532;20595
B31558;2015/03/09 00:22:21;20595;84;30.9;27.4;2.696;1.638;1.051;2.045;0.032;1.558;20596
B31558;2015/03/09 00:22:32;20596;89;30.6;27.9;2.706;1.648;1.051;2.045;0.019;1.519;20597
B31558;2015/03/09 00:22:41;20597;80;27.7;27.9;2.761;1.648;1.064;2.045;0.019;1.548;20598
B31558;2015/03/09 00:22:52;20598;71;32.9;27.4;2.709;1.658;1.064;2.041;0.019;1.554;20599
B31558;2015/03/09 00:23:01;20599;83;28.3;27.6;2.500;1.658;1.058;2.041;0.019;1.551;20600
B31558;2015/03/09 00:23:12;20600;83;27.4;27.4;2.699;1.629;1.058;2.041;0.093;1.541;20601
B31558;2015/03/09 00:23:21;20601;78;30.9;27.7;2.719;1.629;1.058;2.041;0.093;1.522;20602
B31558;2015/03/09 00:23:32;20602;71;33.5;27.9;2.509;1.622;1.058;2.045;0.093;1.538;20603
B31558;2015/03/09 00:23:41;20603;80;28.3;28.8;2.654;1.622;1.122;2.045;0.093;1.522;20604
B31558;2015/03/09 00:23:52;20604;81;31.2;28.1;2.535;1.651;1.122;2.045;0.032;1.516;20605
B31558;2015/03/09 00:24:01;20605;83;31.6;27.9;2.748;1.651;1.058;2.045;0.032;1.564;20606
B31558;2015/03/09 00:24:12;20606;93;32.5;27.9;2.541;1.651;1.058;2.051;0.032;1.564;20607
B31558;2015/03/09 00:24:21;20607;80;31.6;27.6;2.729;1.651;1.074;2.051;0.032;1.554;20608
B31558;2015/03/09 00:24:32;20608;82;26.4;27.7;2.741;1.648;1.074;2.051;0.051;1.580;20609
B31558;2015/03/09 00:24:41;20609;73;24.5;27.7;2.522;1.648;1.061;2.051;0.051;1.558;20610
B31558;2015/03/09 00:24:52;20610;81;29.6;28.4;2.512;1.645;1.061;2.070;0.051;1.561;20611
B31558;2015/03/09 00:25:01;20611;86;30.3;27.7;2.706;1.645;1.090;2.070;0.051;1.558;20612
B31558;2015/03/09 00:25:12;20612;88;24.8;27.0;2.725;1.622;1.090;2.070;0.032;1.548;20613
B31558;2015/03/09 00:25:21;20613;80;30.0;27.6;2.635;1.622;1.116;2.070;0.032;1.522;20614
B31558;2015/03/09 00:25:32;20614;78;26.4;27.0;2.529;1.654;1.116;2.022;0.032;1.522;20615
B31558;2015/03/09 00:25:41;20615;84;33.8;27.9;2.516;1.654;1.058;2.022;0.032;1.506;20616
B31558;2015/03/09 00:25:52;20616;80;26.1;28.1;2.745;1.629;1.058;2.022;0.041;1.480;20617
B31558;2015/03/09 00:26:01;20617;80;32.5;28.1;2.603;1.629;1.106;2.022;0.041;1.477;20618
B31558;2015/03/09 00:26:12;20618;85;31.9;28.1;2.712;1.661;1.106;2.019;0.041;1.477;20619
B31558;2015/03/09 00:26:21;20619;82;26.4;28.3;2.509;1.661;1.061;2.019;0.041;1.451;20620
B31558;2015/03/09 00:26:32;20620;91;34.5;28.1;2.512;1.629;1.061;2.019;0.070;1.467;20621
B31558;2015/03/09 00:26:41;20621;88;25.8;27.9;2.729;1.629;1.099;2.019;0.070;1.448;20622
B31558;2015/03/09 00:26:52;20622;88;34.1;27.9;2.506;1.645;1.099;2.038;0.070;1.467;20623
B31558;2015/03/09 00:27:01;20623;84;29.0;28.1;2.490;1.645;1.112;2.038;0.070;1.464;20624
B31558;2015/03/09 00:27:12;20624;86;34.5;28.3;2.716;1.651;1.112;2.038;0.038;1.477;20625
B31558;2015/03/09 00:27:21;20625;84;31.6;28.4;2.741;1.651;1.064;2.038;0.038;1.487;20626
B31558;2015/03/09 00:27:32;20626;85;29.3;28.6;2.609;1.664;1.064;2.038;0.038;1.477;20627
B31558;2015/03/09 00:27:41;20627;78;34.5;27.7;2.558;1.664;1.125;2.038;0.038;1.480;20628
B31558;2015/03/09 00:27:52;20628;75;26.4;28.1;2.683;1.664;1.125;2.038;0.061;1.454;20629
B31558;2015/03/09 00:28:01;20629;90;29.0;28.4;2.632;1.664;1.077;2.038;0.061;1.483;20630
B31558;2015/03/09 00:28:12;20630;93;31.9;28.1;2.529;1.670;1.077;2.006;0.061;1.467;20631
B31558;2015/03/09 00:28:21;20631;90;35.1;27.7;2.525;1.670;1.067;2.006;0.061;1.493;20632
B31558;2015/03/09 00:28:32;20632;74;28.3;28.4;2.509;1.654;1.067;2.006;0.045;1.458;20633
B31558;2015/03/09 00:28:41;20633;73;25.1;28.4;2.754;1.654;1.077;2.006;0.045;1.458;20634
B31558;2015/03/09 00:28:52;20634;79;30.3;28.1;2.477;1.670;1.077;2.045;0.045;1.474;20635
B31558;2015/03/09 00:29:01;20635;80;29.6;28.1;2.641;1.670;1.090;2.045;0.045;1.461;20636
B31558;2015/03/09 00:29:12;20636;88;25.8;27.4;2.732;1.654;1.090;2.045;0.032;1.461;20637
B31558;2015/03/09 00:29:21;20637;77;32.2;28.1;2.748;1.654;1.132;2.045;0.032;1.480;20638
B31558;2015/03/09 00:29:32;20638;83;27.4;28.1;2.632;1.674;1.132;2.016;0.032;1.454;20639
B31558;2015/03/09 00:29:41;20639;83;26.1;28.4;2.761;1.674;1.064;2.016;0.032;1.467;20640
B31558;2015/03/09 00:29:52;20640;75;34.5;28.1;2.529;1.658;1.064;2.016;0.032;1.438;20641
B31558;2015/03/09 00:30:01;20641;82;23.8;28.4;2.722;1.658;1.090;2.016;0.032;1.448;20642
B31558;2015/03/09 00:30:12;20642;85;30.6;28.4;2.490;1.658;1.090;2.022;0.032;1.480;20643
B31558;2015/03/09 00:30:21;20643;78;29.6;28.1;2.754;1.658;1.067;2.022;0.032;1.432;20644
B31558;2015/03/09 00:30:32;20644;78;34.5;28.1;2.748;1.635;1.067;2.022;0.106;1.454;20645
B31558;2015/03/09 00:30:41;20645;85;31.9;28.4;2.538;1.635;1.074;2.022;0.106;1.416;20646
B31558;2015/03/09 00:30:52;20646;78;28.0;28.6;2.609;1.674;1.074;2.038;0.106;1.429;20647
B31558;2015/03/09 00:31:01;20647;83;28.0;28.1;2.693;1.674;1.070;2.038;0.106;1.461;20648
B31558;2015/03/09 00:31:12;20648;86;31.6;28.1;2.496;1.638;1.070;2.038;0.038;1.429;20649
B31558;2015/03/09 00:31:21;20649;75;34.5;28.4;2.741;1.638;1.135;2.038;0.038;1.425;20650
B31558;2015/03/09 00:31:32;20650;80;30.0;28.3;2.722;1.667;1.135;2.035;0.038;1.425;20651
B31558;2015/03/09 00:31:41;20651;79;24.1;28.1;2.493;1.667;1.074;2.035;0.038;1.432;20652
B31558;2015/03/09 00:31:52;20652;93;32.9;27.7;2.712;1.687;1.074;2.035;0.032;1.445;20653
B31558;2015/03/09 00:32:01;20653;79;25.4;28.3;2.748;1.687;1.077;2.035;0.032;1.441;20654
B31558;2015/03/09 00:32:12;20654;84;25.1;27.7;2.712;1.638;1.077;2.003;0.032;1.429;20655
B31558;2015/03/09 00:32:21;20655;74;24.8;28.9;2.729;1.638;1.070;2.003;0.032;1.474;20656
B31558;2015/03/09 00:32:32;20656;79;32.2;28.6;2.583;1.651;1.070;2.003;0.067;1.435;20657
B31558;2015/03/09 00:32:41;20657;88;34.5;27.9;2.629;1.651;1.090;2.003;0.067;1.416;20658
B31558;2015/03/09 00:32:52;20658;79;28.7;28.3;2.496;1.658;1.090;2.025;0.067;1.429;20659
B31558;2015/03/09 00:33:01;20659;88;30.0;28.4;2.538;1.658;1.074;2.025;0.067;1.451;20660
B31558;2015/03/09 00:33:12;20660;90;32.2;28.3;2.606;1.654;1.074;2.025;0.032;1.451;20661
B31558;2015/03/09 00:33:21;20661;81;29.6;27.7;2.532;1.654;1.077;2.025;0.032;1.422;20662
B31558;2015/03/09 00:33:32;20662;81;26.4;28.4;2.635;1.641;1.077;2.061;0.032;1.464;20663
B31558;2015/03/09 00:33:41;20663;83;24.8;28.4;2.483;1.641;1.093;2.061;0.032;1.458;20664
B31558;2015/03/09 00:33:52;20664;81;30.6;28.6;2.696;1.648;1.093;2.061;0.032;1.445;20665
B31558;2015/03/09 00:34:01;20665;79;24.8;28.6;2.541;1.648;1.074;2.061;0.032;1.425;20666
B31558;2015/03/09 00:34:12;20666;80;29.0;28.8;2.641;1.664;1.074;2.022;0.032;1.438;20667
B31558;2015/03/09 00:34:21;20667;78;28.0;28.6;2.754;1.664;1.141;2.022;0.032;1.474;20668
B31558;2015/03/09 00:34:32;20668;76;33.5;27.7;2.732;1.641;1.141;2.022;0.087;1.432;20669
B31558;2015/03/09 00:34:41;20669;77;29.6;28.6;2.732;1.641;1.070;2.022;0.087;1.425;20670
B31558;2015/03/09 00:34:52;20670;81;31.2;28.4;2.564;1.661;1.070;2.061;0.087;1.432;20671
B31558;2015/03/09 00:35:02;20671;81;29.6;27.7;2.548;1.661;1.106;2.061;0.087;1.467;20672
B31558;2015/03/09 00:35:12;20672;80;27.4;28.8;2.748;1.648;1.106;2.061;0.041;1.503;20673
B31558;2015/03/09 00:35:21;20673;88;24.5;28.9;2.716;1.648;1.141;2.061;0.041;1.506;20674
B31558;2015/03/09 00:35:32;20674;82;33.2;28.4;2.748;1.645;1.141;2.070;0.041;1.506;20675
B31558;2015/03/09 00:35:41;20675;81;32.9;28.9;2.754;1.645;1.077;2.070;0.041;1.470;20676
B31558;2015/03/09 00:35:52;20676;92;34.5;28.3;2.538;1.648;1.077;2.070;0.041;1.506;20677
B31558;2015/03/09 00:36:01;20677;83;33.2;28.3;2.577;1.648;1.145;2.070;0.041;1.474;20678
B31558;2015/03/09 00:36:12;20678;87;27.4;28.4;2.754;1.648;1.145;2.061;0.041;1.474;20679
B31558;2015/03/09 00:36:21;20679;78;33.8;28.1;2.529;1.648;1.125;2.061;0.041;1.445;20680
B31558;2015/03/09 00:36:32;20680;78;25.1;27.6;2.732;1.670;1.125;2.061;0.048;1.490;20681
B31558;2015/03/09 00:36:41;20681;85;30.3;28.6;2.748;1.670;1.148;2.061;0.048;1.483;20682
B31558;2015/03/09 00:36:52;20682;93;30.0;28.6;2.506;1.690;1.148;2.051;0.048;1.487;20683
B31558;2015/03/09 00:37:01;20683;88;27.7;28.6;2.754;1.690;1.138;2.051;0.048;1.464;20684
B31558;2015/03/09 00:37:12;20684;81;28.7;29.5;2.641;1.654;1.138;2.051;0.080;1.477;20685
B31558;2015/03/09 00:37:21;20685;83;25.4;28.4;2.509;1.654;1.083;2.051;0.080;1.490;20686
B31558;2015/03/09 00:37:32;20686;90;26.4;28.4;2.641;1.661;1.083;2.070;0.080;1.522;20687
B31558;2015/03/09 00:37:41;20687;83;27.4;28.4;2.722;1.661;1.087;2.070;0.080;1.474;20688
B31558;2015/03/09 00:37:52;20688;87;28.3;28.3;2.729;1.654;1.087;2.070;0.045;1.500;20689
B31558;2015/03/09 00:38:01;20689;83;31.9;28.4;2.532;1.654;1.087;2.070;0.045;1.474;20690
B31558;2015/03/09 00:38:12;20690;80;24.5;28.1;2.687;1.648;1.087;2.041;0.045;1.487;20691
B31558;2015/03/09 00:38:21;20691;82;34.5;28.8;2.590;1.648;1.119;2.041;0.045;1.477;20692
B31558;2015/03/09 00:38:32;20692;92;25.4;27.9;2.735;1.651;1.119;2.041;0.038;1.487;20693
B31558;2015/03/09 00:38:41;20693;83;25.4;28.3;2.548;1.651;1.145;2.041;0.038;1.474;20694
B31558;2015/03/09 00:38:52;20694;82;24.5;27.4;2.564;1.687;1.145;2.067;0.038;1.529;20695
B31558;2015/03/09 00:39:01;20695;77;24.8;28.3;2.500;1.687;1.090;2.067;0.038;1.500;20696
B31558;2015/03/09 00:39:12;20696;88;30.6;28.8;2.596;1.648;1.090;2.067;0.051;1.500;20697
B31558;2015/03/09 00:39:21;20697;75;34.1;27.4;2.509;1.648;1.151;2.067;0.051;1.541;20698
B31558;2015/03/09 00:39:32;20698;83;31.2;28.6;2.696;1.677;1.151;2.032;0.051;1.509;20699
B31558;2015/03/09 00:39:41;20699;86;24.8;28.3;2.548;1.677;1.096;2.032;0.051;1.535;20700
B31558;2015/03/09 00:39:52;20700;74;29.0;28.1;2.654;1.658;1.096;2.032;0.051;1.577;20701
B31558;2015/03/09 00:40:01;20701;89;32.2;27.4;2.538;1.658;1.151;2.032;0.051;1.545;20702
B31558;2015/03/09 00:40:12;20702;83;31.2;28.1;2.570;1.651;1.151;2.035;0.051;1.564;20703
B31558;2015/03/09 00:40:21;20703;88;34.5;28.3;2.525;1.651;1.151;2.035;0.051;1.548;20704
B31558;2015/03/09 00:40:32;20704;77;28.3;28.1;2.751;1.683;1.151;2.035;0.045;1.529;20705
B31558;2015/03/09 00:40:41;20705;81;34.5;27.9;2.658;1.683;1.087;2.035;0.045;1.561;20706
B31558;2015/03/09 00:40:52;20706;70;25.1;27.4;2.593;1.670;1.087;2.090;0.045;1.541;20707
B31558;2015/03/09 00:41:01;20707;73;35.8;27.7;2.687;1.670;1.151;2.090;0.045;1.564;20708
B31558;2015/03/09 00:41:12;20708;91;31.6;28.3;2.741;1.651;1.151;2.090;0.025;1.567;20709
B31558;2015/03/09 00:41:21;20709;79;31.2;27.6;2.558;1.651;1.087;2.090;0.025;1.535;20710
B31558;2015/03/09 00:41:32;20710;83;31.9;28.3;2.590;1.680;1.087;2.038;0.025;1.564;20711
B31558;2015/03/09 00:41:41;20711;81;25.8;27.9;2.487;1.680;1.148;2.038;0.025;1.541;20712
B31558;2015/03/09 00:41:52;20712;83;30.0;27.9;2.509;1.667;1.148;2.038;0.025;1.522;20713
B31558;2015/03/09 00:42:01;20713;78;28.0;28.4;2.761;1.667;1.132;2.038;0.025;1.529;20714
B31558;2015/03/09 00:42:12;20714;92;26.1;27.4;2.616;1.667;1.132;2.051;0.025;1.551;20715
B31558;2015/03/09 00:42:21;20715;79;25.1;28.4;2.716;1.667;1.132;2.051;0.025;1.529;20716
B31558;2015/03/09 00:42:32;20716;81;34.8;27.9;2.748;1.677;1.132;2.051;0.045;1.541;20717
B31558;2015/03/09 00:42:41;20717;83;30.3;28.1;2.500;1.677;1.099;2.051;0.045;1.570;20718
B31558;2015/03/09 00:42:52;20718;77;33.2;28.3;2.519;1.670;1.099;2.048;0.045;1.538;20719
B31558;2015/03/09 00:43:01;20719;83;27.7;28.3;2.512;1.670;1.096;2.048;0.045;1.580;20720
B31558;2015/03/09 00:43:12;20720;80;29.6;27.9;2.641;1.677;1.096;2.048;0.099;1.525;20721
B31558;2015/03/09 00:43:21;20721;81;33.2;27.7;2.509;1.677;1.103;2.048;0.099;1.535;20722
B31558;2015/03/09 00:43:32;20722;80;25.1;27.4;2.674;1.674;1.103;2.070;0.099;1.541;20723
B31558;2015/03/09 00:43:41;20723;82;26.4;28.3;2.748;1.674;1.090;2.070;0.099;1.525;20724
B31558;2015/03/09 00:43:52;20724;83;28.0;27.4;2.732;1.661;1.090;2.070;0.045;1.506;20725
B31558;2015/03/09 00:44:01;20725;79;29.0;28.1;2.535;1.661;1.103;2.070;0.045;1.548;20726
B31558;2015/03/09 00:44:12;20726;82;25.4;27.4;2.535;1.658;1.103;2.048;0.045;1.516;20727
B31558;2015/03/09 00:44:21;20727;81;28.0;27.9;2.648;1.658;1.158;2.048;0.045;1.551;20728
B31558;2015/03/09 00:44:32;20728;83;28.3;28.4;2.622;1.664;1.158;2.048;0.038;1.545;20729
B31558;2015/03/09 00:44:41;20729;74;30.0;28.1;2.706;1.664;1.103;2.048;0.038;1.493;20730
B31558;2015/03/09 00:44:52;20730;79;28.0;28.1;2.512;1.674;1.103;2.038;0.038;1.516;20731
B31558;2015/03/09 00:45:01;20731;88;29.3;28.4;2.722;1.674;1.103;2.038;0.038;1.483;20732
B31558;2015/03/09 00:45:12;20732;81;28.3;28.4;2.712;1.687;1.103;2.038;0.025;1.493;20733
B31558;2015/03/09 00:45:21;20733;79;29.0;27.6;2.683;1.687;1.087;2.038;0.025;1.529;20734
B31558;2015/03/09 00:45:32;20734;83;30.9;28.6;2.525;1.677;1.087;2.061;0.025;1.545;20735
B31558;2015/03/09 00:45:41;20735;73;29.0;28.3;2.751;1.677;1.106;2.061;0.025;1.541;20736
B31558;2015/03/09 00:45:52;20736;86;25.1;27.9;2.725;1.690;1.106;2.061;0.029;1.516;20737
B31558;2015/03/09 00:46:01;20737;73;25.1;28.4;2.493;1.690;1.151;2.061;0.029;1.487;20738
B31558;2015/03/09 00:46:12;20738;81;33.2;27.4;2.719;1.677;1.151;2.045;0.029;1.493;20739
B31558;2015/03/09 00:46:21;20739;76;25.1;28.6;2.516;1.677;1.158;2.045;0.029;1.519;20740
B31558;2015/03/09 00:46:32;20740;92;34.5;28.1;2.490;1.674;1.158;2.045;0.038;1.535;20741
B31558;2015/03/09 00:46:41;20741;86;27.7;28.9;2.761;1.674;1.093;2.045;0.038;1.506;20742
B31558;2015/03/09 00:46:52;20742;91;27.0;27.7;2.712;1.670;1.093;2.051;0.038;1.516;20743
B31558;2015/03/09 00:47:01;20743;78;28.3;28.6;2.722;1.670;1.093;2.051;0.038;1.516;20744
B31558;2015/03/09 00:47:12;20744;78;26.4;28.1;2.664;1.693;1.093;2.051;0.048;1.522;20745
B31558;2015/03/09 00:47:21;20745;78;35.1;28.1;2.512;1.693;1.158;2.051;0.048;1.535;20746
B31558;2015/03/09 00:47:32;20746;81;28.0;27.9;2.748;1.703;1.158;2.083;0.048;1.580;20747
B31558;2015/03/09 00:47:41;20747;80;25.1;28.3;2.512;1.703;1.161;2.083;0.048;1.541;20748
B31558;2015/03/09 00:47:52;20748;87;30.6;28.4;2.590;1.661;1.161;2.083;0.045;1.541;20749
B31558;2015/03/09 00:48:01;20749;88;33.2;27.9;2.564;1.661;1.103;2.083;0.045;1.538;20750
B31558;2015/03/09 00:48:12;20750;79;27.7;28.1;2.732;1.693;1.103;2.041;0.045;1.535;20751
B31558;2015/03/09 00:48:21;20751;89;30.0;28.4;2.532;1.693;1.093;2.041;0.045;1.529;20752
B31558;2015/03/09 00:48:32;20752;80;33.2;27.6;2.483;1.680;1.093;2.041;0.048;1.532;20753
B31558;2015/03/09 00:48:41;20753;74;24.8;28.1;2.545;1.680;1.093;2.041;0.048;1.567;20754
B31558;2015/03/09 00:48:52;20754;82;29.3;28.3;2.751;1.661;1.093;2.051;0.048;1.580;20755
B31558;2015/03/09 00:49:01;20755;90;27.4;28.4;2.509;1.661;1.096;2.051;0.048;1.596;20756
B31558;2015/03/09 00:49:12;20756;82;25.1;27.4;2.541;1.699;1.096;2.051;0.045;1.577;20757
B31558;2015/03/09 00:49:21;20757;83;27.7;28.3;2.503;1.699;1.145;2.051;0.045;1.580;20758
B31558;2015/03/09 00:49:32;20758;83;35.1;28.3;2.683;1.687;1.145;2.064;0.045;1.561;20759
B31558;2015/03/09 00:49:41;20759;77;30.3;28.1;2.761;1.687;1.096;2.064;0.045;1.577;20760
B31558;2015/03/09 00:49:52;20760;93;28.7;28.3;2.512;1.703;1.096;2.064;0.048;1.599;20761
B31558;2015/03/09 00:50:01;20761;72;30.9;28.1;2.696;1.703;1.096;2.064;0.048;1.574;20762
B31558;2015/03/09 00:50:12;20762;88;34.1;27.9;2.480;1.690;1.096;2.045;0.048;1.606;20763
B31558;2015/03/09 00:50:21;20763;88;34.8;27.7;2.548;1.690;1.109;2.045;0.048;1.603;20764
B31558;2015/03/09 00:50:32;20764;85;32.9;27.9;2.719;1.709;1.109;2.045;0.099;1.629;20765
B31558;2015/03/09 00:50:41;20765;80;29.3;27.7;2.529;1.709;1.096;2.045;0.099;1.603;20766
B31558;2015/03/09 00:50:52;20766;80;32.2;28.1;2.525;1.664;1.096;2.048;0.099;1.609;20767
B31558;2015/03/09 00:51:01;20767;82;25.8;28.4;2.754;1.664;1.099;2.048;0.099;1.567;20768
B31558;2015/03/09 00:51:12;20768;87;32.2;27.9;2.541;1.664;1.099;2.048;0.138;1.574;20769
B31558;2015/03/09 00:51:21;20769;79;30.0;28.1;2.564;1.664;1.161;2.048;0.138;1.561;20770
B31558;2015/03/09 00:51:32;20770;83;33.2;27.9;2.558;1.709;1.161;2.054;0.138;1.606;20771
B31558;2015/03/09 00:51:41;20771;78;29.6;28.1;2.754;1.709;1.106;2.054;0.138;1.593;20772
B31558;2015/03/09 00:51:52;20772;85;32.9;27.7;2.712;1.670;1.106;2.054;0.045;1.583;20773
B31558;2015/03/09 00:52:01;20773;89;26.7;28.4;2.754;1.670;1.096;2.054;0.045;1.567;20774
B31558;2015/03/09 00:52:12;20774;78;30.6;28.1;2.612;1.674;1.096;2.054;0.045;1.567;20775
B31558;2015/03/09 00:52:21;20775;83;32.5;28.3;2.522;1.674;1.106;2.054;0.045;1.577;20776
B31558;2015/03/09 00:52:32;20776;87;31.9;27.9;2.496;1.670;1.106;2.054;0.038;1.538;20777
B31558;2015/03/09 00:52:41;20777;76;27.4;28.4;2.496;1.670;1.132;2.054;0.038;1.583;20778
B31558;2015/03/09 00:52:52;20778;78;27.7;28.3;2.751;1.680;1.132;2.087;0.038;1.532;20779
B31558;2015/03/09 00:53:01;20779;80;30.9;28.3;2.725;1.680;1.135;2.087;0.038;1.535;20780
B31558;2015/03/09 00:53:12;20780;85;31.9;28.1;2.554;1.693;1.135;2.087;0.051;1.570;20781
B31558;2015/03/09 00:53:21;20781;81;35.1;27.9;2.509;1.693;1.096;2.087;0.051;1.554;20782
B31558;2015/03/09 00:53:32;20782;89;29.0;28.1;2.496;1.667;1.096;2.051;0.051;1.574;20783
B31558;2015/03/09 00:53:41;20783;80;33.8;28.4;2.741;1.667;1.099;2.051;0.051;1.554;20784
B31558;2015/03/09 00:53:52;20784;87;28.3;28.1;2.745;1.664;1.099;2.051;0.029;1.538;20785
B31558;2015/03/09 00:54:01;20785;77;29.3;27.9;2.490;1.664;1.096;2.051;0.029;1.535;20786
B31558;2015/03/09 00:54:12;20786;79;30.0;28.1;2.674;1.709;1.096;2.054;0.029;1.545;20787
B31558;2015/03/09 00:54:21;20787;84;33.5;28.8;2.641;1.709;1.099;2.054;0.029;1.525;20788
B31558;2015/03/09 00:54:32;20788;91;27.0;27.7;2.496;1.667;1.099;2.054;0.074;1.577;20789
B31558;2015/03/09 00:54:41;20789;81;27.7;28.1;2.761;1.667;1.096;2.054;0.074;1.529;20790
B31558;2015/03/09 00:54:52;20790;83;28.3;28.1;2.748;1.712;1.096;2.087;0.074;1.529;20791
B31558;2015/03/09 00:55:01;20791;90;28.3;28.3;2.490;1.712;1.141;2.087;0.074;1.577;20792
B31558;2015/03/09 00:55:12;20792;91;24.8;27.6;2.725;1.677;1.141;2.087;0.054;1.580;20793
B31558;2015/03/09 00:55:21;20793;90;31.6;27.6;2.554;1.677;1.164;2.087;0.054;1.574;20794
B31558;2015/03/09 00:55:32;20794;83;31.9;28.3;2.509;1.696;1.164;2.048;0.054;1.558;20795
B31558;2015/03/09 00:55:41;20795;73;28.7;28.8;2.583;1.696;1.096;2.048;0.054;1.525;20796
B31558;2015/03/09 00:55:52;20796;83;32.2;28.3;2.496;1.674;1.096;2.048;0.045;1.525;20797
B31558;2015/03/09 00:56:01;20797;78;30.3;28.6;2.738;1.674;1.099;2.048;0.045;1.570;20798
B31558;2015/03/09 00:56:12;20798;87;34.5;28.4;2.616;1.712;1.099;2.048;0.045;1.551;20799
B31558;2015/03/09 00:56:21;20799;89;28.7;28.3;2.522;1.712;1.112;2.048;0.045;1.538;20800
B31558;2015/03/09 00:56:32;20800;93;34.1;28.4;2.738;1.667;1.112;2.048;0.067;1.561;20801
B31558;2015/03/09 00:56:42;20801;72;34.5;28.3;2.641;1.667;1.129;2.048;0.067;1.596;20802
B31558;2015/03/09 00:56:52;20802;83;33.2;28.6;2.503;1.670;1.129;2.048;0.067;1.599;20803
B31558;2015/03/09 00:57:01;20803;88;29.3;27.9;2.551;1.670;1.161;2.048;0.067;1.612;20804
B31558;2015/03/09 00:57:12;20804;79;28.0;28.4;2.716;1.706;1.161;2.048;0.048;1.587;20805
B31558;2015/03/09 00:57:21;20805;83;33.2;27.6;2.709;1.706;1.106;2.048;0.048;1.596;20806
B31558;2015/03/09 00:57:32;20806;91;25.8;28.1;2.687;1.706;1.106;2.083;0.048;1.577;20807
B31558;2015/03/09 00:57:41;20807;86;28.7;28.3;2.632;1.706;1.106;2.083;0.048;1.551;20808
B31558;2015/03/09 00:57:52;20808;75;32.9;27.6;2.725;1.706;1.106;2.083;0.038;1.558;20809
B31558;2015/03/09 00:58:01;20809;84;27.0;28.3;2.564;1.706;1.106;2.083;0.038;1.577;20810
B31558;2015/03/09 00:58:12;20810;72;30.6;28.4;2.551;1.693;1.106;2.038;0.038;1.558;20811
B31558;2015/03/09 00:58:21;20811;83;28.3;28.3;2.754;1.693;1.164;2.038;0.038;1.551;20812
B31558;2015/03/09 00:58:32;20812;83;35.8;28.4;2.693;1.674;1.164;2.038;0.061;1.577;20813
B31558;2015/03/09 00:58:41;20813;79;27.0;28.8;2.754;1.674;1.141;2.038;0.061;1.577;20814
B31558;2015/03/09 00:58:52;20814;82;31.2;28.3;2.477;1.677;1.141;2.067;0.061;1.587;20815
B31558;2015/03/09 00:59:01;20815;88;25.4;28.3;2.654;1.677;1.109;2.067;0.061;1.538;20816
B31558;2015/03/09 00:59:12;20816;84;29.6;28.6;2.590;1.670;1.109;2.067;0.048;1.590;20817
B31558;2015/03/09 00:59:21;20817;89;26.1;28.6;2.716;1.670;1.158;2.067;0.048;1.593;20818
B31558;2015/03/09 00:59:32;20818;90;30.6;28.3;2.683;1.712;1.158;2.054;0.048;1.574;20819
B31558;2015/03/09 00:59:41;20819;88;24.8;28.1;2.512;1.712;1.164;2.054;0.048;1.587;20820
B31558;2015/03/09 00:59:52;20820;81;28.7;28.1;2.748;1.706;1.164;2.054;0.183;1.593;20821
B31558;2015/03/09 01:00:01;20821;87;32.2;28.1;2.725;1.706;1.099;2.054;0.183;1.612;20822
B31558;2015/03/09 01:00:12;20822;78;26.4;28.4;2.616;1.674;1.099;2.029;0.183;1.583;20823
B31558;2015/03/09 01:00:21;20823;80;29.3;28.3;2.680;1.674;1.109;2.029;0.183;1.619;20824
B31558;2015/03/09 01:00:32;20824;77;35.8;28.4;2.699;1.693;1.109;2.029;0.038;1.577;20825
B31558;2015/03/09 01:00:41;20825;89;28.7;28.6;2.622;1.693;1.164;2.029;0.038;1.609;20826
B31558;2015/03/09 01:00:52;20826;73;35.1;28.3;2.751;1.712;1.164;2.080;0.038;1.596;20827
B31558;2015/03/09 01:01:01;20827;74;32.9;28.4;2.500;1.712;1.109;2.080;0.038;1.551;20828
B31558;2015/03/09 01:01:12;20828;73;33.5;28.3;2.738;1.696;1.109;2.080;0.058;1.587;20829
B31558;2015/03/09 01:01:21;20829;84;30.0;28.3;2.693;1.696;1.109;2.080;0.058;1.580;20830
B31558;2015/03/09 01:01:32;20830;83;29.3;28.4;2.732;1.716;1.109;2.054;0.058;1.570;20831
B31558;2015/03/09 01:01:41;20831;82;28.7;28.4;2.512;1.716;1.158;2.054;0.058;1.551;20832
B31558;2015/03/09 01:01:52;20832;93;27.4;28.4;2.658;1.687;1.158;2.054;0.151;1.519;20833
B31558;2015/03/09 01:02:01;20833;89;30.3;28.1;2.680;1.687;1.099;2.054;0.151;1.506;20834
B31558;2015/03/09 01:02:12;20834;83;28.0;28.6;2.748;1.687;1.099;2.045;0.151;1.538;20835
B31558;2015/03/09 01:02:21;20835;69;28.7;28.8;2.509;1.687;1.106;2.045;0.151;1.522;20836
B31558;2015/03/09 01:02:32;20836;79;28.7;28.6;2.509;1.712;1.106;2.045;0.045;1.493;20837
B31558;2015/03/09 01:02:41;20837;87;30.6;27.7;2.545;1.712;1.099;2.045;0.045;1.525;20838
B31558;2015/03/09 01:02:52;20838;77;25.1;28.6;2.483;1.670;1.099;2.080;0.045;1.496;20839
B31558;2015/03/09 01:03:01;20839;80;32.5;28.3;2.545;1.670;1.103;2.080;0.045;1.474;20840
B31558;2015/03/09 01:03:12;20840;80;31.9;28.9;2.477;1.699;1.103;2.080;0.048;1.493;20841
B31558;2015/03/09 01:03:21;20841;90;24.8;28.9;2.729;1.699;1.099;2.080;0.048;1.461;20842
B31558;2015/03/09 01:03:32;20842;74;32.9;28.3;2.725;1.712;1.099;2.025;0.048;1.516;20843
B31558;2015/03/09 01:03:41;20843;77;32.5;28.1;2.545;1.712;1.109;2.025;0.048;1.480;20844
B31558;2015/03/09 01:03:52;20844;83;25.8;28.6;2.722;1.693;1.109;2.025;0.029;1.477;20845
B31558;2015/03/09 01:04:01;20845;85;34.1;28.8;2.496;1.693;1.129;2.025;0.029;1.490;20846
B31558;2015/03/09 01:04:12;20846;81;33.8;29.1;2.470;1.696;1.129;2.032;0.029;1.503;20847
B31558;2015/03/09 01:04:21;20847;83;35.1;27.9;2.548;1.696;1.109;2.032;0.029;1.512;20848
B31558;2015/03/09 01:04:32;20848;78;28.3;28.9;2.664;1.670;1.109;2.032;0.145;1.512;20849
B31558;2015/03/09 01:04:41;20849;89;25.4;28.9;2.699;1.670;1.116;2.032;0.145;1.493;20850
B31558;2015/03/09 01:04:52;20850;71;33.8;28.3;2.725;1.712;1.116;2.035;0.145;1.522;20851
B31558;2015/03/09 01:05:01;20851;79;27.4;28.8;2.500;1.712;1.125;2.035;0.145;1.532;20852
B31558;2015/03/09 01:05:12;20852;83;28.7;28.4;2.751;1.683;1.125;2.035;0.074;1.554;20853
B31558;2015/03/09 01:05:21;20853;79;28.7;29.1;2.509;1.683;1.099;2.035;0.074;1.538;20854
B31558;2015/03/09 01:05:32;20854;77;27.0;28.3;2.658;1.680;1.099;2.064;0.074;1.561;20855
B31558;2015/03/09 01:05:41;20855;81;34.8;29.3;2.506;1.680;1.109;2.064;0.074;1.532;20856
B31558;2015/03/09 01:05:52;20856;83;27.7;28.4;2.522;1.687;1.109;2.064;0.045;1.596;20857
B31558;2015/03/09 01:06:01;20857;87;30.3;28.9;2.712;1.687;1.103;2.064;0.045;1.587;20858
B31558;2015/03/09 01:06:12;20858;87;25.1;28.4;2.535;1.709;1.103;2.077;0.045;1.587;20859
B31558;2015/03/09 01:06:21;20859;88;35.8;28.3;2.512;1.709;1.145;2.077;0.045;1.596;20860
B31558;2015/03/09 01:06:32;20860;88;25.8;28.1;2.732;1.719;1.145;2.077;0.045;1.587;20861
B31558;2015/03/09 01:06:41;20861;84;30.3;28.4;2.603;1.719;1.158;2.077;0.045;1.593;20862
B31558;2015/03/09 01:06:52;20862;91;30.3;28.9;2.483;1.674;1.158;2.022;0.045;1.587;20863
B31558;2015/03/09 01:07:01;20863;80;28.3;28.8;2.761;1.674;1.151;2.022;0.045;1.548;20864
B31558;2015/03/09 01:07:12;20864;79;24.5;28.3;2.729;1.674;1.151;2.022;0.045;1.567;20865
B31558;2015/03/09 01:07:21;20865;78;29.6;27.7;2.561;1.674;1.099;2.022;0.045;1.529;20866
B31558;2015/03/09 01:07:32;20866;87;26.7;28.9;2.664;1.709;1.099;2.070;0.045;1.529;20867
B31558;2015/03/09 01:07:41;20867;83;29.3;28.3;2.554;1.709;1.099;2.070;0.045;1.487;20868
B31558;2015/03/09 01:07:52;20868;88;26.1;28.3;2.732;1.716;1.099;2.070;0.038;1.519;20869
B31558;2015/03/09 01:08:01;20869;70;30.6;28.3;2.754;1.716;1.141;2.070;0.038;1.519;20870
B31558;2015/03/09 01:08:12;20870;89;24.5;27.7;2.706;1.677;1.141;2.029;0.038;1.516;20871
B31558;2015/03/09 01:08:21;20871;78;25.4;28.9;2.587;1.677;1.099;2.029;0.038;1.464;20872
B31558;2015/03/09 01:08:32;20872;89;30.6;28.9;2.477;1.674;1.099;2.029;0.035;1.493;20873
B31558;2015/03/09 01:08:41;20873;84;31.6;28.9;2.548;1.674;1.103;2.029;0.035;1.470;20874
B31558;2015/03/09 01:08:52;20874;90;28.3;28.4;2.503;1.696;1.103;2.012;0.035;1.470;20875
B31558;2015/03/09 01:09:01;20875;90;31.9;28.9;2.616;1.696;1.170;2.012;0.035;1.477;20876
B31558;2015/03/09 01:09:12;20876;75;31.6;28.9;2.748;1.716;1.170;2.012;0.087;1.496;20877
B31558;2015/03/09 01:09:21;20877;82;33.5;28.8;2.577;1.716;1.141;2.012;0.087;1.516;20878
B31558;2015/03/09 01:09:32;20878;82;25.1;28.4;2.674;1.699;1.141;2.019;0.087;1.490;20879
B31558;2015/03/09 01:09:41;20879;78;30.0;28.9;2.567;1.699;1.122;2.019;0.087;1.500;20880
B31558;2015/03/09 01:09:52;20880;73;35.4;29.1;2.500;1.674;1.122;2.019;0.045;1.509;20881
B31558;2015/03/09 01:10:01;20881;79;27.7;28.6;2.622;1.674;1.109;2.019;0.045;1.500;20882
B31558;2015/03/09 01:10:12;20882;84;29.6;28.8;2.603;1.674;1.109;2.012;0.045;1.558;20883
B31558;2015/03/09 01:10:21;20883;68;26.4;28.9;2.703;1.674;1.161;2.012;0.045;1.519;20884
B31558;2015/03/09 01:10:32;20884;89;25.8;28.4;2.522;1.674;1.161;2.012;0.112;1.558;20885
B31558;2015/03/09 01:10:41;20885;73;26.4;28.8;2.716;1.674;1.109;2.012;0.112;1.551;20886
B31558;2015/03/09 01:10:52;20886;83;32.5;28.9;2.480;1.677;1.109;2.019;0.112;1.516;20887
B31558;2015/03/09 01:11:01;20887;80;25.8;28.8;2.532;1.677;1.129;2.019;0.112;1.567;20888
B31558;2015/03/09 01:11:12;20888;92;34.8;28.8;2.509;1.690;1.129;2.019;0.045;1.590;20889
B31558;2015/03/09 01:11:21;20889;82;30.9;28.8;2.738;1.690;1.106;2.019;0.045;1.538;20890
B31558;2015/03/09 01:11:32;20890;84;26.4;28.3;2.751;1.674;1.106;2.016;0.045;1.587;20891
B31558;2015/03/09 01:11:41;20891;74;27.4;29.1;2.619;1.674;1.167;2.016;0.045;1.522;20892
B31558;2015/03/09 01:11:52;20892;81;26.1;28.3;2.680;1.693;1.167;2.016;0.061;1.525;20893
B31558;2015/03/09 01:12:01;20893;80;27.0;28.9;2.661;1.693;1.167;2.016;0.061;1.512;20894
B31558;2015/03/09 01:12:12;20894;77;30.3;28.8;2.483;1.722;1.167;2.070;0.061;1.532;20895
B31558;2015/03/09 01:12:21;20895;85;26.4;29.3;2.500;1.722;1.096;2.070;0.061;1.487;20896
B31558;2015/03/09 01:12:32;20896;85;28.3;28.8;2.732;1.722;1.096;2.070;0.038;1.496;20897
B31558;2015/03/09 01:12:41;20897;81;29.0;28.8;2.490;1.722;1.099;2.070;0.038;1.509;20898
B31558;2015/03/09 01:12:52;20898;87;24.5;28.6;2.535;1.680;1.099;2.041;0.038;1.496;20899
B31558;2015/03/09 01:13:01;20899;89;32.5;28.3;2.512;1.680;1.096;2.041;0.038;1.487;20900
B31558;2015/03/09 01:13:12;20900;83;31.2;28.8;2.574;1.709;1.096;2.041;0.025;1.448;20901
B31558;2015/03/09 01:13:21;20901;87;33.2;28.6;2.554;1.709;1.122;2.041;0.025;1.483;20902
B31558;2015/03/09 01:13:32;20902;77;23.8;28.8;2.725;1.699;1.122;2.061;0.025;1.496;20903
B31558;2015/03/09 01:13:41;20903;81;24.8;29.3;2.477;1.699;1.122;2.061;0.025;1.464;20904
B31558;2015/03/09 01:13:52;20904;88;26.4;28.9;2.751;1.719;1.122;2.061;0.087;1.500;20905
B31558;2015/03/09 01:14:01;20905;83;29.0;29.5;2.558;1.719;1.116;2.061;0.087;1.500;20906
B31558;2015/03/09 01:14:12;20906;80;26.4;29.1;2.751;1.696;1.116;2.064;0.087;1.451;20907
B31558;2015/03/09 01:14:21;20907;74;27.0;28.9;2.754;1.696;1.109;2.064;0.087;1.445;20908
B31558;2015/03/09 01:14:32;20908;79;27.4;28.4;2.522;1.690;1.109;2.064;0.038;1.474;20909
B31558;2015/03/09 01:14:41;20909;76;29.3;28.4;2.535;1.690;1.106;2.064;0.038;1.448;20910
B31558;2015/03/09 01:14:52;20910;77;33.5;29.5;2.477;1.696;1.106;2.054;0.038;1.448;20911
B31558;2015/03/09 01:15:01;20911;90;29.6;29.5;2.496;1.696;1.148;2.054;0.038;1.451;20912
B31558;2015/03/09 01:15:12;20912;88;27.0;29.5;2.512;1.703;1.148;2.054;0.183;1.493;20913
B31558;2015/03/09 01:15:21;20913;81;25.1;29.1;2.535;1.703;1.158;2.054;0.183;1.464;20914
B31558;2015/03/09 01:15:32;20914;73;27.0;29.1;2.751;1.677;1.158;2.032;0.183;1.506;20915
B31558;2015/03/09 01:15:41;20915;83;27.7;29.3;2.754;1.677;1.109;2.032;0.183;1.503;20916
B31558;2015/03/09 01:15:52;20916;74;32.9;29.1;2.748;1.690;1.109;2.032;0.045;1.525;20917
B31558;2015/03/09 01:16:01;20917;81;30.6;28.4;2.538;1.690;1.129;2.032;0.045;1.525;20918
B31558;2015/03/09 01:16:12;20918;80;25.8;28.6;2.751;1.677;1.129;2.038;0.045;1.538;20919
B31558;2015/03/09 01:16:21;20919;81;25.8;28.8;2.506;1.677;1.106;2.038;0.045;1.522;20920
B31558;2015/03/09 01:16:32;20920;87;31.6;28.9;2.729;1.683;1.106;2.038;0.022;1.503;20921
B31558;2015/03/09 01:16:41;20921;79;24.5;29.1;2.722;1.683;1.103;2.038;0.022;1.535;20922
B31558;2015/03/09 01:16:52;20922;85;27.7;28.8;2.496;1.699;1.103;2.025;0.022;1.529;20923
B31558;2015/03/09 01:17:01;20923;81;26.7;29.1;2.509;1.699;1.099;2.025;0.022;1.516;20924
B31558;2015/03/09 01:17:12;20924;84;23.8;28.9;2.490;1.680;1.099;2.025;0.061;1.467;20925
B31558;2015/03/09 01:17:21;20925;80;30.9;28.4;2.509;1.680;1.170;2.025;0.061;1.506;20926
B31558;2015/03/09 01:17:32;20926;70;27.4;28.8;2.748;1.722;1.170;2.032;0.061;1.448;20927
B31558;2015/03/09 01:17:41;20927;81;26.4;29.1;2.503;1.722;1.103;2.032;0.061;1.441;20928
B31558;2015/03/09 01:17:52;20928;81;32.2;29.1;2.487;1.703;1.103;2.032;0.045;1.483;20929
B31558;2015/03/09 01:18:01;20929;89;26.1;29.5;2.500;1.703;1.109;2.032;0.045;1.438;20930
B31558;2015/03/09 01:18:12;20930;76;27.0;28.8;2.738;1.699;1.109;2.009;0.045;1.448;20931
B31558;2015/03/09 01:18:21;20931;87;23.8;29.3;2.529;1.699;1.096;2.009;0.045;1.467;20932
B31558;2015/03/09 01:18:32;20932;85;32.9;28.4;2.593;1.693;1.096;2.009;0.032;1.454;20933
B31558;2015/03/09 01:18:41;20933;79;24.8;29.5;2.477;1.693;1.129;2.009;0.032;1.503;20934
B31558;2015/03/09 01:18:52;20934;93;24.5;28.6;2.712;1.712;1.129;2.025;0.032;1.454;20935
B31558;2015/03/09 01:19:01;20935;86;35.8;28.4;2.529;1.712;1.103;2.025;0.032;1.493;20936
B31558;2015/03/09 01:19:12;20936;88;24.8;28.8;2.477;1.696;1.103;2.025;0.048;1.483;20937
B31558;2015/03/09 01:19:21;20937;84;28.3;29.3;2.751;1.696;1.106;2.025;0.048;1.496;20938
B31558;2015/03/09 01:19:32;20938;90;29.3;29.5;2.732;1.725;1.106;2.058;0.048;1.493;20939
B31558;2015/03/09 01:19:41;20939;90;27.7;28.6;2.538;1.725;1.154;2.058;0.048;1.487;20940
B31558;2015/03/09 01:19:52;20940;90;27.4;28.8;2.622;1.703;1.154;2.058;0.045;1.493;20941
B31558;2015/03/09 01:20:01;20941;70;24.5;29.3;2.512;1.703;1.129;2.058;0.045;1.532;20942
B31558;2015/03/09 01:20:12;20942;82;30.0;28.9;2.754;1.683;1.129;2.009;0.045;1.525;20943
B31558;2015/03/09 01:20:21;20943;72;27.0;28.9;2.658;1.683;1.103;2.009;0.045;1.500;20944
B31558;2015/03/09 01:20:32;20944;79;26.4;28.4;2.616;1.709;1.103;2.009;0.099;1.490;20945
B31558;2015/03/09 01:20:41;20945;84;27.0;29.3;2.490;1.709;1.109;2.009;0.099;1.548;20946
B31558;2015/03/09 01:20:52;20946;89;31.2;29.6;2.587;1.687;1.109;2.041;0.099;1.558;20947
B31558;2015/03/09 01:21:01;20947;77;26.4;28.8;2.741;1.687;1.164;2.041;0.099;1.554;20948
B31558;2015/03/09 01:21:12;20948;83;31.9;29.3;2.532;1.696;1.164;2.041;0.067;1.512;20949
B31558;2015/03/09 01:21:21;20949;72;34.5;28.8;2.509;1.696;1.109;2.041;0.067;1.503;20950
B31558;2015/03/09 01:21:32;20950;83;30.6;29.3;2.522;1.722;1.109;2.045;0.067;1.509;20951
B31558;2015/03/09 01:21:41;20951;82;24.5;28.9;2.729;1.722;1.103;2.045;0.067;1.522;20952
B31558;2015/03/09 01:21:52;20952;79;25.1;28.8;2.693;1.719;1.103;2.045;0.038;1.487;20953
B31558;2015/03/09 01:22:01;20953;83;27.4;29.3;2.754;1.719;1.106;2.045;0.038;1.454;20954
B31558;2015/03/09 01:22:12;20954;89;27.7;28.9;2.661;1.699;1.106;2.019;0.038;1.451;20955
B31558;2015/03/09 01:22:21;20955;80;24.1;29.1;2.496;1.699;1.116;2.019;0.038;1.477;20956
B31558;2015/03/09 01:22:32;20956;83;25.4;28.8;2.748;1.716;1.116;2.019;0.048;1.496;20957
B31558;2015/03/09 01:22:41;20957;78;32.5;28.4;2.496;1.716;1.135;2.019;0.048;1.487;20958
B31558;2015/03/09 01:22:52;20958;88;29.0;28.9;2.722;1.674;1.135;2.058;0.048;1.458;20959
B31558;2015/03/09 01:23:01;20959;72;28.3;28.4;2.493;1.674;1.164;2.058;0.048;1.474;20960
B31558;2015/03/09 01:23:12;20960;88;25.8;28.9;2.674;1.719;1.164;2.058;0.029;1.445;20961
B31558;2015/03/09 01:23:21;20961;82;24.1;29.1;2.483;1.719;1.170;2.058;0.029;1.480;20962
B31558;2015/03/09 01:23:32;20962;84;25.1;28.8;2.748;1.674;1.170;2.051;0.029;1.490;20963
B31558;2015/03/09 01:23:41;20963;83;24.1;29.1;2.519;1.674;1.164;2.051;0.029;1.487;20964
B31558;2015/03/09 01:23:52;20964;80;25.1;29.5;2.748;1.687;1.164;2.051;0.038;1.493;20965
B31558;2015/03/09 01:24:01;20965;74;33.8;29.5;2.506;1.687;1.103;2.051;0.038;1.487;20966
B31558;2015/03/09 01:24:12;20966;80;35.4;29.5;2.500;1.696;1.103;2.012;0.038;1.538;20967
B31558;2015/03/09 01:24:21;20967;84;33.8;29.3;2.600;1.696;1.167;2.012;0.038;1.532;20968
B31558;2015/03/09 01:24:32;20968;81;26.4;28.8;2.725;1.719;1.167;2.012;0.051;1.493;20969
B31558;2015/03/09 01:24:41;20969;84;26.7;29.3;2.677;1.719;1.151;2.012;0.051;1.493;20970
B31558;2015/03/09 01:24:52;20970;87;34.1;29.1;2.725;1.693;1.151;2.022;0.051;1.500;20971
B31558;2015/03/09 01:25:02;20971;81;35.8;28.8;2.529;1.693;1.103;2.022;0.051;1.503;20972
B31558;2015/03/09 01:25:12;20972;85;31.9;29.5;2.725;1.696;1.103;2.022;0.025;1.522;20973
B31558;2015/03/09 01:25:21;20973;81;25.4;29.1;2.509;1.696;1.103;2.022;0.025;1.551;20974
B31558;2015/03/09 01:25:32;20974;92;32.2;29.3;2.496;1.690;1.103;2.022;0.025;1.574;20975
B31558;2015/03/09 01:25:41;20975;84;30.9;28.9;2.706;1.690;1.106;2.022;0.025;1.512;20976
B31558;2015/03/09 01:25:52;20976;83;29.0;29.1;2.658;1.687;1.106;2.022;0.041;1.561;20977
B31558;2015/03/09 01:26:01;20977;81;30.3;28.9;2.619;1.687;1.109;2.022;0.041;1.545;20978
B31558;2015/03/09 01:26:12;20978;87;28.0;28.9;2.535;1.709;1.109;2.041;0.041;1.545;20979
B31558;2015/03/09 01:26:21;20979;84;32.2;29.1;2.712;1.709;1.174;2.041;0.041;1.535;20980
B31558;2015/03/09 01:26:32;20980;84;26.4;28.6;2.477;1.693;1.174;2.041;0.038;1.512;20981
B31558;2015/03/09 01:26:41;20981;73;31.9;28.8;2.687;1.693;1.125;2.041;0.038;1.558;20982
B31558;2015/03/09 01:26:52;20982;83;30.9;29.3;2.661;1.696;1.125;2.061;0.038;1.509;20983
B31558;2015/03/09 01:27:01;20983;85;24.5;29.1;2.487;1.696;1.174;2.061;0.038;1.500;20984
B31558;2015/03/09 01:27:12;20984;86;30.3;28.9;2.738;1.674;1.174;2.061;0.038;1.516;20985
B31558;2015/03/09 01:27:21;20985;79;23.8;29.3;2.500;1.674;1.109;2.061;0.038;1.496;20986
B31558;2015/03/09 01:27:32;20986;74;29.3;28.8;2.522;1.674;1.109;2.003;0.038;1.467;20987
B31558;2015/03/09 01:27:41;20987;90;29.3;28.4;2.500;1.674;1.106;2.003;0.038;1.474;20988
B31558;2015/03/09 01:27:52;20988;84;26.4;28.9;2.641;1.677;1.106;2.003;0.045;1.503;20989
B31558;2015/03/09 01:28:01;20989;81;24.1;29.1;2.496;1.677;1.106;2.003;0.045;1.480;20990
B31558;2015/03/09 01:28:12;20990;88;30.0;29.1;2.738;1.719;1.106;1.996;0.045;1.454;20991
B31558;2015/03/09 01:28:21;20991;80;24.8;29.1;2.500;1.719;1.164;1.996;0.045;1.496;20992
B31558;2015/03/09 01:28:32;20992;85;33.8;28.9;2.641;1.699;1.164;1.996;0.038;1.477;20993
B31558;2015/03/09 01:28:41;20993;87;27.7;29.3;2.754;1.699;1.141;1.996;0.038;1.474;20994
B31558;2015/03/09 01:28:52;20994;83;32.9;29.1;2.751;1.677;1.141;2.006;0.038;1.448;20995
B31558;2015/03/09 01:29:01;20995;76;23.8;28.9;2.577;1.677;1.109;2.006;0.038;1.425;20996
B31558;2015/03/09 01:29:12;20996;78;30.0;29.5;2.538;1.716;1.109;2.006;0.045;1.432;20997
B31558;2015/03/09 01:29:21;20997;82;27.7;28.6;2.522;1.716;1.167;2.006;0.045;1.435;20998
B31558;2015/03/09 01:29:32;20998;88;26.7;30.2;2.629;1.712;1.167;2.025;0.045;1.448;20999
B31558;2015/03/09 01:29:41;20999;81;31.2;29.6;2.648;1.712;1.109;2.025;0.045;1.441;21000
B31558;2015/03/09 01:29:52;21000;89;27.4;29.3;2.490;1.716;1.109;2.025;0.045;1.474;21001
B31558;2015/03/09 01:30:01;21001;82;25.1;29.1;2.509;1.716;1.122;2.025;0.045;1.480;21002
B31558;2015/03/09 01:30:12;21002;88;34.5;29.6;2.490;1.722;1.122;2.003;0.045;1.496;21003
B31558;2015/03/09 01:30:21;21003;79;26.1;29.5;2.506;1.722;1.116;2.003;0.045;1.467;21004
B31558;2015/03/09 01:30:32;21004;81;25.1;28.9;2.732;1.709;1.116;2.003;0.038;1.454;21005
B31558;2015/03/09 01:30:41;21005;83;31.2;28.9;2.529;1.709;1.112;2.003;0.038;1.470;21006
B31558;2015/03/09 01:30:52;21006;83;24.5;28.4;2.541;1.725;1.112;2.006;0.038;1.477;21007
B31558;2015/03/09 01:31:01;21007;80;31.9;29.1;2.748;1.725;1.109;2.006;0.038;1.461;21008
B31558;2015/03/09 01:31:12;21008;75;34.5;29.1;2.619;1.693;1.109;2.006;0.099;1.451;21009
B31558;2015/03/09 01:31:21;21009;80;33.2;28.9;2.661;1.693;1.106;2.006;0.099;1.487;21010
B31558;2015/03/09 01:31:32;21010;84;24.8;28.9;2.574;1.712;1.106;2.012;0.099;1.441;21011
B31558;2015/03/09 01:31:41;21011;81;29.6;29.1;2.706;1.712;1.106;2.012;0.099;1.445;21012
B31558;2015/03/09 01:31:52;21012;82;24.5;28.9;2.629;1.683;1.106;2.012;0.048;1.467;21013
B31558;2015/03/09 01:32:01;21013;75;33.8;29.3;2.564;1.683;1.158;2.012;0.048;1.470;21014
B31558;2015/03/09 01:32:12;21014;81;34.5;29.1;2.496;1.716;1.158;2.009;0.048;1.461;21015
B31558;2015/03/09 01:32:21;21015;81;28.7;28.6;2.538;1.716;1.174;2.009;0.048;1.490;21016
B31558;2015/03/09 01:32:32;21016;73;33.2;29.1;2.732;1.683;1.174;2.009;0.045;1.506;21017
B31558;2015/03/09 01:32:41;21017;88;23.8;29.3;2.483;1.683;1.116;2.009;0.045;1.480;21018
B31558;2015/03/09 01:32:52;21018;78;32.2;29.3;2.477;1.677;1.116;2.048;0.045;1.467;21019
B31558;2015/03/09 01:33:01;21019;85;26.4;29.5;2.512;1.677;1.129;2.048;0.045;1.451;21020
B31558;2015/03/09 01:33:12;21020;90;33.8;29.1;2.712;1.719;1.129;2.048;0.087;1.448;21021
B31558;2015/03/09 01:33:21;21021;87;31.2;29.1;2.622;1.719;1.177;2.048;0.087;1.483;21022
B31558;2015/03/09 01:33:32;21022;88;33.2;29.1;2.748;1.687;1.177;2.012;0.087;1.477;21023
B31558;2015/03/09 01:33:41;21023;88;26.4;29.5;2.716;1.687;1.129;2.012;0.087;1.477;21024
B31558;2015/03/09 01:33:52;21024;83;32.2;29.5;2.500;1.709;1.129;2.012;0.038;1.490;21025
B31558;2015/03/09 01:34:01;21025;78;30.9;29.3;2.732;1.709;1.132;2.012;0.038;1.500;21026
B31558;2015/03/09 01:34:12;21026;82;30.0;29.3;2.516;1.699;1.132;2.003;0.038;1.503;21027
B31558;2015/03/09 01:34:21;21027;80;32.5;28.6;2.564;1.699;1.116;2.003;0.038;1.467;21028
B31558;2015/03/09 01:34:32;21028;88;28.3;28.9;2.661;1.680;1.116;2.003;0.038;1.480;21029
B31558;2015/03/09 01:34:41;21029;85;25.1;29.1;2.722;1.680;1.129;2.003;0.038;1.516;21030
B31558;2015/03/09 01:34:52;21030;88;27.4;28.8;2.748;1.709;1.129;2.003;0.038;1.474;21031
B31558;2015/03/09 01:35:01;21031;88;27.4;29.1;2.648;1.709;1.109;2.003;0.038;1.516;21032
B31558;2015/03/09 01:35:12;21032;89;27.0;29.1;2.732;1.696;1.109;2.003;0.067;1.525;21033
B31558;2015/03/09 01:35:21;21033;83;30.3;28.8;2.693;1.696;1.109;2.003;0.067;1.500;21034
B31558;2015/03/09 01:35:32;21034;79;34.8;29.3;2.751;1.680;1.109;2.012;0.067;1.538;21035
B31558;2015/03/09 01:35:41;21035;78;27.4;29.3;2.754;1.680;1.112;2.012;0.067;1.509;21036
B31558;2015/03/09 01:35:52;21036;88;30.3;29.1;2.525;1.680;1.112;2.012;0.038;1.535;21037
B31558;2015/03/09 01:36:01;21037;78;30.6;29.5;2.735;1.680;1.112;2.012;0.038;1.509;21038
B31558;2015/03/09 01:36:12;21038;80;32.5;29.1;2.751;1.696;1.112;2.019;0.038;1.474;21039
B31558;2015/03/09 01:36:21;21039;81;29.3;29.6;2.622;1.696;1.116;2.019;0.038;1.512;21040
B31558;2015/03/09 01:36:32;21040;77;31.6;29.6;2.500;1.699;1.116;2.019;0.032;1.483;21041
B31558;2015/03/09 01:36:41;21041;86;31.2;29.1;2.712;1.699;1.167;2.019;0.032;1.483;21042
B31558;2015/03/09 01:36:52;21042;79;28.7;29.1;2.738;1.677;1.167;2.006;0.032;1.496;21043
B31558;2015/03/09 01:37:01;21043;81;26.4;29.5;2.754;1.677;1.109;2.006;0.032;1.477;21044
B31558;2015/03/09 01:37:12;21044;84;27.4;29.3;2.612;1.722;1.109;2.006;0.045;1.490;21045
B31558;2015/03/09 01:37:21;21045;78;28.3;29.3;2.732;1.722;1.164;2.006;0.045;1.470;21046
B31558;2015/03/09 01:37:32;21046;81;33.8;29.1;2.483;1.677;1.164;2.048;0.045;1.461;21047
B31558;2015/03/09 01:37:41;21047;86;26.4;29.1;2.632;1.677;1.174;2.048;0.045;1.461;21048
B31558;2015/03/09 01:37:52;21048;83;28.7;29.3;2.477;1.699;1.174;2.048;0.087;1.500;21049
B31558;2015/03/09 01:38:01;21049;77;31.9;29.1;2.667;1.699;1.119;2.048;0.087;1.445;21050
B31558;2015/03/09 01:38:12;21050;92;31.9;29.3;2.506;1.683;1.119;2.048;0.087;1.438;21051
B31558;2015/03/09 01:38:21;21051;82;27.0;29.5;2.512;1.683;1.177;2.048;0.087;1.464;21052
B31558;2015/03/09 01:38:32;21052;83;33.2;29.1;2.738;1.680;1.177;2.048;0.067;1.454;21053
B31558;2015/03/09 01:38:41;21053;78;24.8;29.5;2.629;1.680;1.112;2.048;0.067;1.461;21054
B31558;2015/03/09 01:38:52;21054;88;32.2;29.6;2.638;1.680;1.112;1.996;0.067;1.480;21055
B31558;2015/03/09 01:39:01;21055;78;27.4;29.5;2.503;1.680;1.180;1.996;0.067;1.470;21056
B31558;2015/03/09 01:39:12;21056;90;25.8;28.8;2.719;1.680;1.180;1.996;0.035;1.493;21057
B31558;2015/03/09 01:39:21;21057;81;28.0;28.4;2.506;1.680;1.119;1.996;0.035;1.516;21058
B31558;2015/03/09 01:39:32;21058;85;24.5;28.4;2.583;1.699;1.119;1.996;0.035;1.487;21059
B31558;2015/03/09 01:39:41;21059;78;30.0;29.3;2.674;1.699;1.180;1.996;0.035;1.493;21060
B31558;2015/03/09 01:39:52;21060;90;29.3;29.1;2.496;1.699;1.180;1.996;0.051;1.525;21061
B31558;2015/03/09 01:40:02;21061;86;35.1;30.5;2.512;1.699;1.116;1.996;0.051;1.490;21062
B31558;2015/03/09 01:40:12;21062;74;32.5;29.5;2.516;1.696;1.116;2.012;0.051;1.500;21063
B31558;2015/03/09 01:40:21;21063;81;26.1;29.1;2.509;1.696;1.177;2.012;0.051;1.516;21064
B31558;2015/03/09 01:40:32;21064;78;25.8;28.8;2.712;1.716;1.177;2.012;0.106;1.506;21065
B31558;2015/03/09 01:40:41;21065;85;30.3;29.5;2.754;1.716;1.112;2.012;0.106;1.541;21066
B31558;2015/03/09 01:40:52;21066;76;32.5;28.9;2.596;1.703;1.112;2.048;0.106;1.522;21067
B31558;2015/03/09 01:41:01;21067;88;28.7;29.3;2.509;1.703;1.112;2.048;0.106;1.493;21068
B31558;2015/03/09 01:41:12;21068;84;33.8;29.6;2.751;1.729;1.112;2.048;0.038;1.506;21069
B31558;2015/03/09 01:41:21;21069;78;31.9;29.1;2.638;1.729;1.112;2.048;0.038;1.487;21070
B31558;2015/03/09 01:41:32;21070;82;30.3;30.2;2.622;1.703;1.112;2.009;0.038;1.477;21071
B31558;2015/03/09 01:41:41;21071;84;25.1;29.3;2.512;1.703;1.112;2.009;0.038;1.500;21072
B31558;2015/03/09 01:41:52;21072;89;30.6;29.1;2.612;1.712;1.112;2.009;0.038;1.474;21073
B31558;2015/03/09 01:42:01;21073;83;31.2;29.3;2.696;1.712;1.164;2.009;0.038;1.458;21074
B31558;2015/03/09 01:42:12;21074;81;30.9;29.6;2.641;1.677;1.164;2.003;0.038;1.483;21075
B31558;2015/03/09 01:42:21;21075;77;30.9;29.1;2.754;1.677;1.167;2.003;0.038;1.503;21076
B31558;2015/03/09 01:42:32;21076;84;34.8;29.6;2.748;1.725;1.167;2.003;0.074;1.467;21077
B31558;2015/03/09 01:42:41;21077;83;31.2;29.6;2.722;1.725;1.122;2.003;0.074;1.467;21078
B31558;2015/03/09 01:42:52;21078;80;27.4;29.1;2.738;1.719;1.122;2.016;0.074;1.454;21079
B31558;2015/03/09 01:43:01;21079;76;27.0;29.3;2.516;1.719;1.141;2.016;0.074;1.483;21080
B31558;2015/03/09 01:43:12;21080;84;34.1;29.6;2.483;1.722;1.141;2.016;0.061;1.509;21081
B31558;2015/03/09 01:43:21;21081;85;33.2;29.3;2.738;1.722;1.154;2.016;0.061;1.487;21082
B31558;2015/03/09 01:43:32;21082;88;35.4;29.6;2.751;1.709;1.154;2.016;0.061;1.480;21083
B31558;2015/03/09 01:43:41;21083;74;33.5;28.6;2.722;1.709;1.148;2.016;0.061;1.506;21084
B31558;2015/03/09 01:43:52;21084;81;34.8;29.1;2.745;1.699;1.148;2.016;0.045;1.516;21085
B31558;2015/03/09 01:44:01;21085;83;24.5;29.1;2.529;1.699;1.119;2.016;0.045;1.519;21086
B31558;2015/03/09 01:44:12;21086;93;27.0;29.5;2.751;1.683;1.119;2.058;0.045;1.483;21087
B31558;2015/03/09 01:44:21;21087;81;33.2;28.6;2.535;1.683;1.125;2.058;0.045;1.503;21088
B31558;2015/03/09 01:44:32;21088;86;27.4;29.1;2.729;1.699;1.125;2.058;0.048;1.487;21089
B31558;2015/03/09 01:44:41;21089;75;30.9;29.3;2.722;1.699;1.129;2.058;0.048;1.458;21090
B31558;2015/03/09 01:44:52;21090;88;26.1;29.1;2.477;1.729;1.129;2.032;0.048;1.477;21091
B31558;2015/03/09 01:45:01;21091;83;29.0;29.8;2.500;1.729;1.151;2.032;0.048;1.490;21092
B31558;2015/03/09 01:45:12;21092;92;24.8;28.9;2.600;1.729;1.151;2.032;0.038;1.474;21093
B31558;2015/03/09 01:45:21;21093;73;29.6;29.3;2.741;1.729;1.141;2.032;0.038;1.519;21094
B31558;2015/03/09 01:45:32;21094;87;25.8;29.1;2.732;1.699;1.141;2.022;0.038;1.506;21095
B31558;2015/03/09 01:45:41;21095;81;34.5;28.8;2.512;1.699;1.116;2.022;0.038;1.525;21096
B31558;2015/03/09 01:45:52;21096;88;32.5;29.1;2.729;1.703;1.116;2.022;0.070;1.483;21097
B31558;2015/03/09 01:46:01;21097;70;28.3;29.5;2.754;1.703;1.183;2.022;0.070;1.493;21098
B31558;2015/03/09 01:46:12;21098;76;25.8;28.8;2.735;1.729;1.183;2.029;0.070;1.535;21099
B31558;2015/03/09 01:46:21;21099;77;25.1;29.6;2.490;1.729;1.116;2.029;0.070;1.525;21100
B31558;2015/03/09 01:46:32;21100;86;30.6;29.3;2.590;1.716;1.116;2.029;0.080;1.490;21101
B31558;2015/03/09 01:46:41;21101;83;25.1;29.1;2.503;1.716;1.116;2.029;0.080;1.509;21102
B31558;2015/03/09 01:46:52;21102;85;32.5;29.1;2.738;1.725;1.116;2.064;0.080;1.487;21103
B31558;2015/03/09 01:47:01;21103;88;24.8;29.1;2.487;1.725;1.119;2.064;0.080;1.516;21104
B31558;2015/03/09 01:47:12;21104;81;34.8;29.3;2.651;1.716;1.119;2.064;0.048;1.545;21105
B31558;2015/03/09 01:47:21;21105;84;32.9;28.8;2.551;1.716;1.158;2.064;0.048;1.512;21106
B31558;2015/03/09 01:47:32;21106;87;27.4;29.1;2.748;1.696;1.158;2.029;0.048;1.506;21107
B31558;2015/03/09 01:47:41;21107;84;32.5;29.3;2.506;1.696;1.112;2.029;0.048;1.551;21108
B31558;2015/03/09 01:47:52;21108;91;27.4;29.3;2.716;1.683;1.112;2.029;0.041;1.548;21109
B31558;2015/03/09 01:48:01;21109;76;27.7;29.1;2.754;1.683;1.119;2.029;0.041;1.506;21110
B31558;2015/03/09 01:48:12;21110;81;26.7;28.8;2.751;1.696;1.119;2.029;0.041;1.512;21111
B31558;2015/03/09 01:48:21;21111;86;33.5;28.4;2.525;1.696;1.170;2.029;0.041;1.554;21112
B31558;2015/03/09 01:48:32;21112;77;29.3;28.9;2.477;1.729;1.170;2.029;0.106;1.545;21113
B31558;2015/03/09 01:48:41;21113;77;25.8;29.5;2.506;1.729;1.129;2.029;0.106;1.512;21114
B31558;2015/03/09 01:48:52;21114;79;32.2;28.9;2.725;1.690;1.129;2.032;0.106;1.506;21115
B31558;2015/03/09 01:49:01;21115;88;33.5;28.8;2.583;1.690;1.112;2.032;0.106;1.500;21116
B31558;2015/03/09 01:49:12;21116;83;29.6;29.3;2.522;1.725;1.112;2.032;0.048;1.551;21117
B31558;2015/03/09 01:49:21;21117;73;31.2;28.3;2.538;1.725;1.177;2.032;0.048;1.532;21118
B31558;2015/03/09 01:49:32;21118;74;31.2;29.3;2.490;1.699;1.177;2.064;0.048;1.512;21119
B31558;2015/03/09 01:49:41;21119;76;30.6;28.9;2.500;1.699;1.177;2.064;0.048;1.548;21120
B31558;2015/03/09 01:49:52;21120;84;25.1;28.4;2.551;1.703;1.177;2.064;0.029;1.522;21121
B31558;2015/03/09 01:50:01;21121;85;34.5;29.8;2.519;1.703;1.109;2.064;0.029;1.554;21122
B31558;2015/03/09 01:50:12;21122;78;31.6;29.5;2.596;1.683;1.109;2.074;0.029;1.532;21123
B31558;2015/03/09 01:50:21;21123;83;26.1;29.5;2.500;1.683;1.109;2.074;0.029;1.561;21124
B31558;2015/03/09 01:50:32;21124;71;30.0;28.9;2.509;1.683;1.109;2.074;0.038;1.532;21125
B31558;2015/03/09 01:50:41;21125;79;29.6;29.1;2.712;1.683;1.177;2.074;0.038;1.535;21126
B31558;2015/03/09 01:50:52;21126;74;31.9;28.9;2.703;1.725;1.177;2.022;0.038;1.522;21127
B31558;2015/03/09 01:51:01;21127;87;24.8;29.3;2.493;1.725;1.180;2.022;0.038;1.548;21128
B31558;2015/03/09 01:51:12;21128;80;30.6;28.9;2.490;1.732;1.180;2.022;0.080;1.522;21129
B31558;2015/03/09 01:51:21;21129;81;31.9;28.8;2.754;1.732;1.135;2.022;0.080;1.493;21130
B31558;2015/03/09 01:51:32;21130;83;25.8;29.1;2.490;1.683;1.135;2.064;0.080;1.480;21131
B31558;2015/03/09 01:51:41;21131;87;30.3;28.8;2.680;1.683;1.112;2.064;0.080;1.483;21132
B31558;2015/03/09 01:51:52;21132;91;29.3;29.3;2.725;1.719;1.112;2.064;0.074;1.480;21133
B31558;2015/03/09 01:52:01;21133;74;32.2;28.9;2.506;1.719;1.109;2.064;0.074;1.493;21134
B31558;2015/03/09 01:52:12;21134;92;28.0;28.8;2.712;1.690;1.109;2.022;0.074;1.464;21135
B31558;2015/03/09 01:52:21;21135;77;25.4;28.9;2.741;1.690;1.119;2.022;0.074;1.525;21136
B31558;2015/03/09 01:52:32;21136;88;30.9;29.1;2.538;1.683;1.119;2.022;0.054;1.503;21137
B31558;2015/03/09 01:52:41;21137;87;24.8;29.1;2.545;1.683;1.119;2.022;0.054;1.519;21138
B31558;2015/03/09 01:52:52;21138;81;25.1;29.3;2.745;1.709;1.119;2.041;0.054;1.500;21139
B31558;2015/03/09 01:53:01;21139;86;26.7;29.5;2.500;1.709;1.183;2.041;0.054;1.503;21140
B31558;2015/03/09 01:53:12;21140;73;33.2;29.1;2.696;1.699;1.183;2.041;0.051;1.529;21141
B31558;2015/03/09 01:53:21;21141;84;25.8;29.3;2.506;1.699;1.177;2.041;0.051;1.548;21142
B31558;2015/03/09 01:53:32;21142;91;29.3;29.5;2.580;1.693;1.177;2.025;0.051;1.509;21143
B31558;2015/03/09 01:53:41;21143;80;34.5;29.6;2.506;1.693;1.119;2.025;0.051;1.545;21144
B31558;2015/03/09 01:53:52;21144;88;30.6;29.5;2.683;1.703;1.119;2.025;0.038;1.500;21145
B31558;2015/03/09 01:54:01;21145;86;24.8;28.9;2.703;1.703;1.180;2.025;0.038;1.493;21146
B31558;2015/03/09 01:54:12;21146;93;28.7;29.3;2.506;1.699;1.180;2.067;0.038;1.506;21147
B31558;2015/03/09 01:54:21;21147;72;24.5;29.3;2.480;1.699;1.174;2.067;0.038;1.541;21148
B31558;2015/03/09 01:54:32;21148;82;29.6;29.3;2.722;1.722;1.174;2.067;0.038;1.509;21149
B31558;2015/03/09 01:54:41;21149;76;30.0;28.9;2.529;1.722;1.180;2.067;0.038;1.493;21150
B31558;2015/03/09 01:54:52;21150;78;25.1;29.1;2.687;1.683;1.180;2.032;0.038;1.545;21151
B31558;2015/03/09 01:55:01;21151;83;28.7;28.8;2.561;1.683;1.112;2.032;0.038;1.529;21152
B31558;2015/03/09 01:55:12;21152;92;32.5;28.9;2.706;1.722;1.112;2.032;0.061;1.470;21153
B31558;2015/03/09 01:55:21;21153;78;24.1;29.3;2.603;1.722;1.158;2.032;0.061;1.480;21154
B31558;2015/03/09 01:55:32;21154;86;33.8;29.3;2.483;1.683;1.158;2.022;0.061;1.477;21155
B31558;2015/03/09 01:55:41;21155;84;26.1;29.6;2.509;1.683;1.145;2.022;0.061;1.467;21156
B31558;2015/03/09 01:55:52;21156;82;25.1;29.1;2.683;1.703;1.145;2.022;0.064;1.461;21157
B31558;2015/03/09 01:56:01;21157;83;24.1;29.6;2.580;1.703;1.112;2.022;0.064;1.506;21158
B31558;2015/03/09 01:56:12;21158;81;27.7;29.3;2.738;1.696;1.112;2.012;0.064;1.474;21159
B31558;2015/03/09 01:56:21;21159;83;34.1;28.6;2.699;1.696;1.132;2.012;0.064;1.477;21160
B31558;2015/03/09 01:56:32;21160;87;24.8;29.3;2.477;1.725;1.132;2.012;0.038;1.500;21161
B31558;2015/03/09 01:56:41;21161;82;23.8;29.6;2.477;1.725;1.112;2.012;0.038;1.477;21162
B31558;2015/03/09 01:56:52;21162;91;31.9;29.1;2.670;1.699;1.112;2.061;0.038;1.483;21163
B31558;2015/03/09 01:57:01;21163;73;29.3;29.8;2.722;1.699;1.145;2.061;0.038;1.435;21164
B31558;2015/03/09 01:57:12;21164;74;32.5;29.3;2.738;1.729;1.145;2.061;0.032;1.441;21165
B31558;2015/03/09 01:57:21;21165;90;33.5;28.9;2.493;1.729;1.122;2.061;0.032;1.441;21166
B31558;2015/03/09 01:57:32;21166;78;33.5;29.5;2.470;1.709;1.122;2.019;0.032;1.448;21167
B31558;2015/03/09 01:57:41;21167;83;26.4;29.5;2.538;1.709;1.167;2.019;0.032;1.445;21168
B31558;2015/03/09 01:57:52;21168;83;28.0;30.0;2.616;1.719;1.167;2.019;0.045;1.477;21169
B31558;2015/03/09 01:58:01;21169;88;33.8;30.0;2.506;1.719;1.116;2.019;0.045;1.458;21170
B31558;2015/03/09 01:58:12;21170;74;26.7;29.1;2.725;1.683;1.116;2.038;0.045;1.470;21171
B31558;2015/03/09 01:58:21;21171;89;30.3;29.6;2.729;1.683;1.180;2.038;0.045;1.454;21172
B31558;2015/03/09 01:58:32;21172;78;28.0;29.3;2.567;1.709;1.180;2.038;0.048;1.461;21173
B31558;2015/03/09 01:58:41;21173;75;24.8;29.5;2.493;1.709;1.177;2.038;0.048;1.500;21174
B31558;2015/03/09 01:58:52;21174;77;28.3;29.6;2.612;1.716;1.177;2.051;0.048;1.512;21175
B31558;2015/03/09 01:59:01;21175;89;32.2;29.1;2.622;1.716;1.158;2.051;0.048;1.470;21176
B31558;2015/03/09 01:59:12;21176;81;29.6;29.3;2.509;1.706;1.158;2.051;0.058;1.496;21177
B31558;2015/03/09 01:59:22;21177;81;31.9;28.6;2.538;1.706;1.112;2.051;0.058;1.464;21178
B31558;2015/03/09 01:59:32;21178;90;25.8;29.3;2.693;1.712;1.112;2.035;0.058;1.451;21179
B31558;2015/03/09 01:59:42;21179;83;33.5;29.1;2.709;1.712;1.109;2.035;0.058;1.458;21180
B31558;2015/03/09 01:59:52;21180;84;32.5;29.3;2.483;1.699;1.109;2.035;0.058;1.435;21181
