B3155D;2015/03/03 00:00:05;2996;66;32.2;19.2;2.777;1.754;1.006;2.825;0.109;1.590;2997
B3155D;2015/03/03 00:00:14;2997;68;33.5;18.4;2.619;1.754;1.019;2.825;0.109;1.587;2998
B3155D;2015/03/03 00:00:25;2998;62;30.0;18.4;2.770;1.783;1.019;2.787;0.109;1.596;2999
B3155D;2015/03/03 00:00:34;2999;66;30.9;18.7;2.606;1.783;1.009;2.787;0.109;1.609;3000
B3155D;2015/03/03 00:00:45;3000;78;30.6;19.1;2.758;1.770;1.009;2.787;0.122;1.593;3001
B3155D;2015/03/03 00:00:54;3001;63;32.9;19.1;2.764;1.770;1.016;2.787;0.122;1.583;3002
B3155D;2015/03/03 00:01:05;3002;77;32.2;18.5;2.593;1.783;1.016;2.816;0.122;1.567;3003
B3155D;2015/03/03 00:01:14;3003;74;29.0;18.9;2.680;1.783;1.038;2.816;0.122;1.603;3004
B3155D;2015/03/03 00:01:24;3004;67;28.7;19.2;2.651;1.748;1.038;2.816;0.099;1.606;3005
B3155D;2015/03/03 00:01:34;3005;66;29.3;19.1;2.751;1.748;0.996;2.816;0.099;1.596;3006
B3155D;2015/03/03 00:01:44;3006;72;29.3;18.7;2.770;1.780;0.996;2.796;0.099;1.596;3007
B3155D;2015/03/03 00:01:54;3007;70;28.7;18.9;2.745;1.780;0.993;2.796;0.099;1.629;3008
B3155D;2015/03/03 00:02:04;3008;73;32.2;18.7;2.741;1.780;0.993;2.796;0.093;1.587;3009
B3155D;2015/03/03 00:02:14;3009;58;29.6;18.7;2.645;1.780;1.016;2.796;0.093;1.612;3010
B3155D;2015/03/03 00:02:24;3010;70;31.6;19.2;2.583;1.767;1.016;2.793;0.093;1.587;3011
B3155D;2015/03/03 00:02:34;3011;70;34.1;18.9;2.593;1.767;1.041;2.793;0.093;1.612;3012
B3155D;2015/03/03 00:02:44;3012;63;32.5;19.4;2.729;1.748;1.041;2.793;0.093;1.622;3013
B3155D;2015/03/03 00:02:54;3013;55;32.5;19.1;2.770;1.748;0.996;2.793;0.093;1.603;3014
B3155D;2015/03/03 00:03:04;3014;71;31.2;19.6;2.690;1.777;0.996;2.812;0.093;1.612;3015
B3155D;2015/03/03 00:03:14;3015;67;31.9;19.1;2.593;1.777;0.996;2.812;0.093;1.619;3016
B3155D;2015/03/03 00:03:24;3016;76;32.9;18.9;2.722;1.774;0.996;2.812;0.103;1.638;3017
B3155D;2015/03/03 00:03:34;3017;63;31.9;18.9;2.580;1.774;1.048;2.812;0.103;1.638;3018
B3155D;2015/03/03 00:03:44;3018;67;30.3;18.7;2.590;1.780;1.048;2.816;0.103;1.625;3019
B3155D;2015/03/03 00:03:54;3019;70;32.9;18.5;2.603;1.780;0.996;2.816;0.103;1.651;3020
B3155D;2015/03/03 00:04:04;3020;74;33.2;19.2;2.587;1.770;0.996;2.816;0.125;1.641;3021
B3155D;2015/03/03 00:04:14;3021;67;31.6;19.2;2.783;1.770;1.045;2.816;0.125;1.612;3022
B3155D;2015/03/03 00:04:24;3022;79;32.9;18.7;2.770;1.758;1.045;2.819;0.125;1.629;3023
B3155D;2015/03/03 00:04:34;3023;66;29.0;18.9;2.638;1.758;1.041;2.819;0.125;1.606;3024
B3155D;2015/03/03 00:04:44;3024;65;34.1;19.6;2.729;1.761;1.041;2.819;0.096;1.658;3025
B3155D;2015/03/03 00:04:54;3025;64;30.0;19.2;2.664;1.761;1.006;2.819;0.096;1.645;3026
B3155D;2015/03/03 00:05:05;3026;63;29.3;19.1;2.745;1.748;1.006;2.796;0.096;1.619;3027
B3155D;2015/03/03 00:05:14;3027;64;29.6;19.1;2.770;1.748;0.996;2.796;0.096;1.648;3028
B3155D;2015/03/03 00:05:25;3028;75;28.7;18.4;2.758;1.754;0.996;2.796;0.129;1.661;3029
B3155D;2015/03/03 00:05:34;3029;64;31.6;19.2;2.632;1.754;1.006;2.796;0.129;1.638;3030
B3155D;2015/03/03 00:05:44;3030;65;32.9;18.9;2.680;1.748;1.006;2.787;0.129;1.641;3031
B3155D;2015/03/03 00:05:54;3031;70;28.7;18.7;2.725;1.748;1.012;2.787;0.129;1.625;3032
B3155D;2015/03/03 00:06:04;3032;65;31.6;19.8;2.596;1.761;1.012;2.787;0.148;1.648;3033
B3155D;2015/03/03 00:06:14;3033;72;30.6;18.4;2.783;1.761;1.003;2.787;0.148;1.590;3034
B3155D;2015/03/03 00:06:25;3034;70;30.3;19.1;2.770;1.777;1.003;2.803;0.148;1.590;3035
B3155D;2015/03/03 00:06:34;3035;62;28.3;19.1;2.593;1.777;1.045;2.803;0.148;1.635;3036
B3155D;2015/03/03 00:06:44;3036;58;34.5;19.1;2.593;1.777;1.045;2.803;0.148;1.625;3037
B3155D;2015/03/03 00:06:54;3037;72;32.9;18.7;2.612;1.777;0.993;2.803;0.148;1.606;3038
B3155D;2015/03/03 00:07:04;3038;79;31.6;18.9;2.770;1.780;0.993;2.796;0.148;1.609;3039
B3155D;2015/03/03 00:07:14;3039;62;31.2;18.7;2.625;1.780;1.041;2.796;0.148;1.593;3040
B3155D;2015/03/03 00:07:24;3040;72;28.7;18.9;2.622;1.764;1.041;2.796;0.116;1.641;3041
B3155D;2015/03/03 00:07:34;3041;66;34.5;19.8;2.603;1.764;1.041;2.796;0.116;1.606;3042
B3155D;2015/03/03 00:07:44;3042;67;32.9;19.2;2.629;1.758;1.041;2.809;0.116;1.616;3043
B3155D;2015/03/03 00:07:54;3043;73;33.5;19.1;2.648;1.758;1.038;2.809;0.116;1.664;3044
B3155D;2015/03/03 00:08:04;3044;63;31.2;19.2;2.645;1.770;1.038;2.809;0.141;1.645;3045
B3155D;2015/03/03 00:08:14;3045;68;32.9;19.2;2.593;1.770;1.025;2.809;0.141;1.632;3046
B3155D;2015/03/03 00:08:24;3046;74;29.6;19.1;2.606;1.748;1.025;2.780;0.141;1.667;3047
B3155D;2015/03/03 00:08:34;3047;68;32.5;19.4;2.745;1.748;1.025;2.780;0.141;1.667;3048
B3155D;2015/03/03 00:08:44;3048;74;29.3;18.9;2.719;1.748;1.025;2.780;0.141;1.648;3049
B3155D;2015/03/03 00:08:54;3049;65;28.7;19.1;2.725;1.748;1.038;2.780;0.141;1.667;3050
B3155D;2015/03/03 00:09:04;3050;72;33.2;19.1;2.732;1.745;1.038;2.783;0.141;1.638;3051
B3155D;2015/03/03 00:09:14;3051;64;31.6;19.2;2.619;1.745;1.029;2.783;0.141;1.622;3052
B3155D;2015/03/03 00:09:24;3052;73;31.2;19.4;2.583;1.777;1.029;2.783;0.099;1.661;3053
B3155D;2015/03/03 00:09:34;3053;61;30.9;18.7;2.709;1.777;1.041;2.783;0.099;1.583;3054
B3155D;2015/03/03 00:09:44;3054;71;32.9;18.9;2.777;1.774;1.041;2.829;0.099;1.625;3055
B3155D;2015/03/03 00:09:54;3055;65;30.6;18.4;2.780;1.774;1.022;2.829;0.099;1.580;3056
B3155D;2015/03/03 00:10:04;3056;66;31.2;19.2;2.596;1.777;1.022;2.829;0.177;1.574;3057
B3155D;2015/03/03 00:10:14;3057;68;30.0;19.1;2.667;1.777;1.003;2.829;0.177;1.603;3058
B3155D;2015/03/03 00:10:24;3058;63;31.6;18.5;2.767;1.777;1.003;2.787;0.177;1.587;3059
B3155D;2015/03/03 00:10:34;3059;64;29.0;19.2;2.638;1.777;1.009;2.787;0.177;1.564;3060
B3155D;2015/03/03 00:10:44;3060;74;32.2;18.9;2.603;1.745;1.009;2.787;0.148;1.625;3061
B3155D;2015/03/03 00:10:54;3061;63;30.9;18.7;2.606;1.745;1.041;2.787;0.148;1.570;3062
B3155D;2015/03/03 00:11:04;3062;68;33.5;19.2;2.622;1.745;1.041;2.803;0.148;1.603;3063
B3155D;2015/03/03 00:11:14;3063;74;29.0;18.7;2.683;1.745;0.993;2.803;0.148;1.612;3064
B3155D;2015/03/03 00:11:24;3064;72;30.0;19.1;2.596;1.754;0.993;2.803;0.103;1.629;3065
B3155D;2015/03/03 00:11:34;3065;62;30.0;18.9;2.670;1.754;1.012;2.803;0.103;1.593;3066
B3155D;2015/03/03 00:11:44;3066;79;32.9;18.5;2.703;1.748;1.012;2.780;0.103;1.599;3067
B3155D;2015/03/03 00:11:54;3067;62;32.9;19.1;2.751;1.748;0.990;2.780;0.103;1.599;3068
B3155D;2015/03/03 00:12:05;3068;73;29.6;18.9;2.767;1.764;0.990;2.780;0.103;1.574;3069
B3155D;2015/03/03 00:12:14;3069;61;30.6;18.9;2.583;1.764;0.996;2.780;0.103;1.558;3070
B3155D;2015/03/03 00:12:24;3070;73;31.9;19.1;2.696;1.745;0.996;2.822;0.103;1.625;3071
B3155D;2015/03/03 00:12:34;3071;70;32.5;19.1;2.738;1.745;1.003;2.822;0.103;1.612;3072
B3155D;2015/03/03 00:12:44;3072;76;32.9;19.8;2.741;1.745;1.003;2.822;0.119;1.619;3073
B3155D;2015/03/03 00:12:54;3073;67;29.0;18.7;2.583;1.745;1.032;2.822;0.119;1.612;3074
B3155D;2015/03/03 00:13:04;3074;58;30.9;19.1;2.616;1.777;1.032;2.819;0.119;1.606;3075
B3155D;2015/03/03 00:13:14;3075;58;29.6;19.1;2.729;1.777;1.029;2.819;0.119;1.593;3076
B3155D;2015/03/03 00:13:24;3076;69;28.3;18.9;2.677;1.745;1.029;2.819;0.103;1.645;3077
B3155D;2015/03/03 00:13:34;3077;63;31.2;19.4;2.651;1.745;1.041;2.819;0.103;1.603;3078
B3155D;2015/03/03 00:13:44;3078;74;30.6;18.7;2.603;1.780;1.041;2.783;0.103;1.609;3079
B3155D;2015/03/03 00:13:54;3079;67;30.3;19.2;2.606;1.780;1.041;2.783;0.103;1.590;3080
B3155D;2015/03/03 00:14:04;3080;65;29.6;19.1;2.583;1.754;1.041;2.783;0.087;1.641;3081
B3155D;2015/03/03 00:14:14;3081;67;31.6;18.7;2.619;1.754;0.996;2.783;0.087;1.654;3082
B3155D;2015/03/03 00:14:24;3082;67;35.1;19.1;2.745;1.748;0.996;2.812;0.087;1.651;3083
B3155D;2015/03/03 00:14:34;3083;68;33.8;18.7;2.612;1.748;1.006;2.812;0.087;1.596;3084
B3155D;2015/03/03 00:14:44;3084;67;34.8;19.1;2.616;1.745;1.006;2.812;0.125;1.622;3085
B3155D;2015/03/03 00:14:54;3085;68;30.6;18.7;2.603;1.745;0.996;2.812;0.125;1.625;3086
B3155D;2015/03/03 00:15:05;3086;64;32.2;18.4;2.770;1.770;0.996;2.796;0.125;1.609;3087
B3155D;2015/03/03 00:15:14;3087;66;29.0;19.1;2.770;1.770;1.025;2.796;0.125;1.609;3088
B3155D;2015/03/03 00:15:24;3088;74;33.8;19.1;2.770;1.777;1.025;2.796;0.125;1.638;3089
B3155D;2015/03/03 00:15:34;3089;74;29.6;19.4;2.600;1.777;1.000;2.796;0.125;1.587;3090
B3155D;2015/03/03 00:15:44;3090;64;30.3;19.1;2.777;1.780;1.000;2.787;0.125;1.580;3091
B3155D;2015/03/03 00:15:54;3091;67;34.1;18.7;2.664;1.780;0.993;2.787;0.125;1.616;3092
B3155D;2015/03/03 00:16:04;3092;78;28.7;18.7;2.703;1.777;0.993;2.787;0.141;1.641;3093
B3155D;2015/03/03 00:16:14;3093;69;30.0;18.9;2.638;1.777;0.996;2.787;0.141;1.587;3094
B3155D;2015/03/03 00:16:24;3094;74;30.0;18.4;2.770;1.748;0.996;2.803;0.141;1.596;3095
B3155D;2015/03/03 00:16:34;3095;71;29.3;18.4;2.764;1.748;0.996;2.803;0.141;1.593;3096
B3155D;2015/03/03 00:16:44;3096;64;31.9;18.9;2.622;1.767;0.996;2.803;0.087;1.622;3097
B3155D;2015/03/03 00:16:54;3097;68;30.3;18.5;2.612;1.767;1.000;2.803;0.087;1.641;3098
B3155D;2015/03/03 00:17:04;3098;74;31.2;18.9;2.619;1.774;1.000;2.783;0.087;1.664;3099
B3155D;2015/03/03 00:17:14;3099;72;33.5;18.5;2.645;1.774;1.041;2.783;0.087;1.596;3100
B3155D;2015/03/03 00:17:24;3100;63;32.5;19.2;2.616;1.748;1.041;2.783;0.177;1.654;3101
B3155D;2015/03/03 00:17:34;3101;58;30.0;18.4;2.590;1.748;1.038;2.783;0.177;1.625;3102
B3155D;2015/03/03 00:17:44;3102;63;32.2;18.4;2.761;1.770;1.038;2.825;0.177;1.664;3103
B3155D;2015/03/03 00:17:54;3103;71;30.6;18.4;2.619;1.770;0.996;2.825;0.177;1.622;3104
B3155D;2015/03/03 00:18:04;3104;70;29.3;18.4;2.654;1.783;0.996;2.825;0.090;1.661;3105
B3155D;2015/03/03 00:18:14;3105;77;31.2;18.4;2.770;1.783;1.022;2.825;0.090;1.648;3106
B3155D;2015/03/03 00:18:24;3106;67;31.2;19.2;2.729;1.745;1.022;2.819;0.090;1.648;3107
B3155D;2015/03/03 00:18:34;3107;56;32.5;19.1;2.590;1.745;1.035;2.819;0.090;1.629;3108
B3155D;2015/03/03 00:18:44;3108;64;33.5;19.2;2.722;1.780;1.035;2.819;0.174;1.648;3109
B3155D;2015/03/03 00:18:54;3109;67;31.9;19.2;2.783;1.780;1.000;2.819;0.174;1.667;3110
B3155D;2015/03/03 00:19:04;3110;77;32.9;18.7;2.738;1.764;1.000;2.825;0.174;1.670;3111
B3155D;2015/03/03 00:19:14;3111;72;31.9;18.7;2.625;1.764;1.006;2.825;0.174;1.641;3112
B3155D;2015/03/03 00:19:24;3112;68;34.1;19.2;2.696;1.770;1.006;2.825;0.119;1.638;3113
B3155D;2015/03/03 00:19:34;3113;66;33.8;19.2;2.590;1.770;0.990;2.825;0.119;1.645;3114
B3155D;2015/03/03 00:19:44;3114;64;31.6;19.1;2.770;1.758;0.990;2.783;0.119;1.625;3115
B3155D;2015/03/03 00:19:54;3115;70;31.2;18.4;2.619;1.758;1.016;2.783;0.119;1.641;3116
B3155D;2015/03/03 00:20:04;3116;78;31.2;19.6;2.751;1.774;1.016;2.783;0.099;1.661;3117
B3155D;2015/03/03 00:20:14;3117;70;31.2;19.1;2.638;1.774;1.012;2.783;0.099;1.609;3118
B3155D;2015/03/03 00:20:25;3118;63;30.0;18.7;2.703;1.751;1.012;2.819;0.099;1.625;3119
B3155D;2015/03/03 00:20:34;3119;65;30.0;18.4;2.677;1.751;1.009;2.819;0.099;1.590;3120
B3155D;2015/03/03 00:20:44;3120;63;28.7;18.7;2.609;1.764;1.009;2.819;0.116;1.632;3121
B3155D;2015/03/03 00:20:54;3121;67;29.6;19.2;2.600;1.764;0.996;2.819;0.116;1.612;3122
B3155D;2015/03/03 00:21:04;3122;68;30.9;18.9;2.612;1.751;0.996;2.816;0.116;1.635;3123
B3155D;2015/03/03 00:21:14;3123;73;29.6;19.6;2.593;1.751;1.041;2.816;0.116;1.593;3124
B3155D;2015/03/03 00:21:24;3124;60;31.6;19.1;2.764;1.767;1.041;2.816;0.119;1.603;3125
B3155D;2015/03/03 00:21:34;3125;63;31.9;19.1;2.587;1.767;1.019;2.816;0.119;1.606;3126
B3155D;2015/03/03 00:21:44;3126;71;30.3;18.7;2.596;1.745;1.019;2.816;0.119;1.609;3127
B3155D;2015/03/03 00:21:54;3127;61;31.9;19.2;2.735;1.745;1.009;2.816;0.119;1.635;3128
B3155D;2015/03/03 00:22:04;3128;80;29.6;19.1;2.606;1.777;1.009;2.816;0.122;1.609;3129
B3155D;2015/03/03 00:22:14;3129;66;29.0;19.1;2.770;1.777;1.035;2.816;0.122;1.619;3130
B3155D;2015/03/03 00:22:24;3130;69;29.6;18.7;2.683;1.780;1.035;2.819;0.122;1.583;3131
B3155D;2015/03/03 00:22:34;3131;65;30.6;19.1;2.703;1.780;0.990;2.819;0.122;1.567;3132
B3155D;2015/03/03 00:22:45;3132;75;29.6;19.2;2.770;1.748;0.990;2.819;0.093;1.587;3133
B3155D;2015/03/03 00:22:54;3133;60;29.0;18.7;2.638;1.748;1.016;2.819;0.093;1.599;3134
B3155D;2015/03/03 00:23:04;3134;70;31.9;19.2;2.590;1.754;1.016;2.832;0.093;1.599;3135
B3155D;2015/03/03 00:23:14;3135;73;30.9;18.7;2.612;1.754;1.003;2.832;0.093;1.606;3136
B3155D;2015/03/03 00:23:24;3136;70;29.6;19.2;2.777;1.758;1.003;2.832;0.090;1.574;3137
B3155D;2015/03/03 00:23:34;3137;60;31.2;18.7;2.612;1.758;0.987;2.832;0.090;1.574;3138
B3155D;2015/03/03 00:23:44;3138;71;30.0;18.2;2.603;1.780;0.987;2.783;0.090;1.567;3139
B3155D;2015/03/03 00:23:54;3139;60;31.9;18.5;2.758;1.780;0.990;2.783;0.090;1.603;3140
B3155D;2015/03/03 00:24:04;3140;63;30.6;18.7;2.770;1.748;0.990;2.783;0.080;1.603;3141
B3155D;2015/03/03 00:24:14;3141;66;34.8;19.1;2.600;1.748;1.022;2.783;0.080;1.551;3142
B3155D;2015/03/03 00:24:25;3142;63;31.2;19.1;2.770;1.767;1.022;2.783;0.080;1.574;3143
B3155D;2015/03/03 00:24:34;3143;70;31.6;18.7;2.612;1.767;1.038;2.783;0.080;1.574;3144
B3155D;2015/03/03 00:24:44;3144;69;30.0;18.4;2.603;1.764;1.038;2.783;0.135;1.570;3145
B3155D;2015/03/03 00:24:54;3145;73;29.6;18.9;2.780;1.764;1.029;2.783;0.135;1.570;3146
B3155D;2015/03/03 00:25:05;3146;66;34.1;19.4;2.706;1.745;1.029;2.816;0.135;1.558;3147
B3155D;2015/03/03 00:25:14;3147;68;33.8;18.5;2.612;1.745;1.038;2.816;0.135;1.564;3148
B3155D;2015/03/03 00:25:25;3148;73;31.2;18.9;2.596;1.770;1.038;2.816;0.080;1.567;3149
B3155D;2015/03/03 00:25:34;3149;67;29.6;18.7;2.590;1.770;0.990;2.816;0.080;1.580;3150
B3155D;2015/03/03 00:25:44;3150;76;30.3;18.7;2.703;1.745;0.990;2.816;0.080;1.567;3151
B3155D;2015/03/03 00:25:54;3151;68;34.5;18.9;2.606;1.745;0.987;2.816;0.080;1.577;3152
B3155D;2015/03/03 00:26:04;3152;69;31.6;19.1;2.683;1.758;0.987;2.816;0.087;1.577;3153
B3155D;2015/03/03 00:26:14;3153;71;30.9;18.5;2.619;1.758;0.996;2.816;0.087;1.580;3154
B3155D;2015/03/03 00:26:24;3154;70;31.2;19.2;2.770;1.777;0.996;2.825;0.087;1.570;3155
B3155D;2015/03/03 00:26:34;3155;63;28.0;19.2;2.716;1.777;0.990;2.825;0.087;1.538;3156
B3155D;2015/03/03 00:26:44;3156;69;30.6;19.2;2.706;1.780;0.990;2.825;0.080;1.529;3157
B3155D;2015/03/03 00:26:54;3157;62;29.6;18.7;2.645;1.780;1.000;2.825;0.080;1.583;3158
B3155D;2015/03/03 00:27:04;3158;76;33.5;19.1;2.651;1.770;1.000;2.812;0.080;1.564;3159
B3155D;2015/03/03 00:27:14;3159;61;30.3;18.7;2.609;1.770;0.990;2.812;0.080;1.577;3160
B3155D;2015/03/03 00:27:24;3160;68;32.9;19.6;2.600;1.758;0.990;2.812;0.103;1.541;3161
B3155D;2015/03/03 00:27:34;3161;63;29.3;19.2;2.625;1.758;0.996;2.812;0.103;1.548;3162
B3155D;2015/03/03 00:27:44;3162;75;30.6;19.1;2.780;1.751;0.996;2.793;0.103;1.596;3163
B3155D;2015/03/03 00:27:54;3163;71;28.0;18.9;2.619;1.751;0.996;2.793;0.103;1.538;3164
B3155D;2015/03/03 00:28:04;3164;68;28.3;18.9;2.619;1.764;0.996;2.793;0.106;1.567;3165
B3155D;2015/03/03 00:28:14;3165;62;31.2;18.7;2.745;1.764;1.038;2.793;0.106;1.564;3166
B3155D;2015/03/03 00:28:25;3166;78;30.0;19.2;2.703;1.761;1.038;2.796;0.106;1.561;3167
B3155D;2015/03/03 00:28:34;3167;74;30.9;19.1;2.583;1.761;1.041;2.796;0.106;1.558;3168
B3155D;2015/03/03 00:28:44;3168;73;35.1;19.1;2.767;1.780;1.041;2.796;0.096;1.609;3169
B3155D;2015/03/03 00:28:54;3169;63;34.5;19.2;2.658;1.780;1.006;2.796;0.096;1.580;3170
B3155D;2015/03/03 00:29:04;3170;71;33.2;19.2;2.751;1.774;1.006;2.770;0.096;1.641;3171
B3155D;2015/03/03 00:29:14;3171;57;30.3;19.1;2.751;1.774;0.993;2.770;0.096;1.599;3172
B3155D;2015/03/03 00:29:24;3172;74;30.6;19.8;2.741;1.780;0.993;2.770;0.109;1.648;3173
B3155D;2015/03/03 00:29:34;3173;70;31.6;18.9;2.632;1.780;1.012;2.770;0.109;1.622;3174
B3155D;2015/03/03 00:29:44;3174;73;31.6;18.9;2.603;1.754;1.012;2.790;0.109;1.587;3175
B3155D;2015/03/03 00:29:54;3175;66;31.9;18.5;2.741;1.754;0.996;2.790;0.109;1.632;3176
B3155D;2015/03/03 00:30:05;3176;73;29.3;18.9;2.767;1.745;0.996;2.790;0.129;1.609;3177
B3155D;2015/03/03 00:30:14;3177;63;29.0;19.1;2.745;1.745;1.038;2.790;0.129;1.616;3178
B3155D;2015/03/03 00:30:25;3178;67;31.6;19.1;2.629;1.764;1.038;2.780;0.129;1.590;3179
B3155D;2015/03/03 00:30:34;3179;57;33.5;18.7;2.641;1.764;0.990;2.780;0.129;1.619;3180
B3155D;2015/03/03 00:30:44;3180;79;29.3;19.1;2.606;1.777;0.990;2.780;0.099;1.596;3181
B3155D;2015/03/03 00:30:54;3181;68;31.6;18.9;2.745;1.777;1.000;2.780;0.099;1.596;3182
B3155D;2015/03/03 00:31:04;3182;70;29.6;19.4;2.770;1.745;1.000;2.783;0.099;1.599;3183
B3155D;2015/03/03 00:31:14;3183;62;30.0;19.2;2.670;1.745;1.038;2.783;0.099;1.606;3184
B3155D;2015/03/03 00:31:24;3184;67;30.0;19.4;2.616;1.770;1.038;2.783;0.138;1.593;3185
B3155D;2015/03/03 00:31:34;3185;63;30.6;18.7;2.770;1.770;0.990;2.783;0.138;1.616;3186
B3155D;2015/03/03 00:31:44;3186;68;32.2;18.9;2.596;1.745;0.990;2.819;0.138;1.603;3187
B3155D;2015/03/03 00:31:54;3187;66;28.0;19.2;2.732;1.745;1.038;2.819;0.138;1.625;3188
B3155D;2015/03/03 00:32:04;3188;64;28.3;19.4;2.699;1.761;1.038;2.819;0.080;1.619;3189
B3155D;2015/03/03 00:32:14;3189;66;33.8;19.2;2.619;1.761;1.003;2.819;0.080;1.632;3190
B3155D;2015/03/03 00:32:24;3190;68;35.1;19.4;2.761;1.751;1.003;2.819;0.080;1.638;3191
B3155D;2015/03/03 00:32:34;3191;63;29.6;18.9;2.603;1.751;0.990;2.819;0.080;1.609;3192
B3155D;2015/03/03 00:32:44;3192;79;33.2;19.1;2.619;1.761;0.990;2.819;0.112;1.590;3193
B3155D;2015/03/03 00:32:54;3193;71;32.9;18.9;2.632;1.761;0.990;2.819;0.112;1.558;3194
B3155D;2015/03/03 00:33:05;3194;58;30.3;19.2;2.670;1.777;0.990;2.796;0.112;1.590;3195
B3155D;2015/03/03 00:33:14;3195;67;34.8;18.9;2.719;1.777;1.019;2.796;0.112;1.570;3196
B3155D;2015/03/03 00:33:24;3196;59;32.9;19.4;2.745;1.777;1.019;2.796;0.080;1.587;3197
B3155D;2015/03/03 00:33:34;3197;65;29.0;19.2;2.625;1.777;0.990;2.796;0.080;1.606;3198
B3155D;2015/03/03 00:33:44;3198;67;33.8;19.6;2.767;1.770;0.990;2.832;0.080;1.609;3199
B3155D;2015/03/03 00:33:54;3199;65;33.8;19.2;2.703;1.770;1.025;2.832;0.080;1.606;3200
B3155D;2015/03/03 00:34:04;3200;60;30.0;19.4;2.716;1.764;1.025;2.832;0.151;1.648;3201
B3155D;2015/03/03 00:34:14;3201;54;29.0;19.4;2.596;1.764;0.990;2.832;0.151;1.658;3202
B3155D;2015/03/03 00:34:24;3202;76;30.6;19.1;2.777;1.751;0.990;2.835;0.151;1.619;3203
B3155D;2015/03/03 00:34:34;3203;59;31.2;18.9;2.751;1.751;0.990;2.835;0.151;1.629;3204
B3155D;2015/03/03 00:34:44;3204;64;29.6;19.2;2.770;1.751;0.990;2.835;0.093;1.616;3205
B3155D;2015/03/03 00:34:54;3205;70;31.9;18.9;2.738;1.751;0.983;2.835;0.093;1.599;3206
B3155D;2015/03/03 00:35:05;3206;75;28.7;19.1;2.619;1.777;0.983;2.838;0.093;1.619;3207
B3155D;2015/03/03 00:35:14;3207;72;30.6;18.7;2.777;1.777;1.003;2.838;0.093;1.606;3208
B3155D;2015/03/03 00:35:24;3208;65;32.9;19.2;2.606;1.777;1.003;2.838;0.138;1.648;3209
B3155D;2015/03/03 00:35:34;3209;69;32.5;18.9;2.719;1.777;0.990;2.838;0.138;1.667;3210
B3155D;2015/03/03 00:35:44;3210;63;31.9;18.7;2.703;1.761;0.990;2.793;0.138;1.648;3211
B3155D;2015/03/03 00:35:54;3211;71;34.5;18.9;2.619;1.761;0.990;2.793;0.138;1.661;3212
B3155D;2015/03/03 00:36:04;3212;75;30.9;19.1;2.770;1.764;0.990;2.793;0.093;1.664;3213
B3155D;2015/03/03 00:36:14;3213;64;32.5;18.7;2.754;1.764;1.025;2.793;0.093;1.629;3214
B3155D;2015/03/03 00:36:24;3214;80;31.6;18.2;2.770;1.777;1.025;2.793;0.093;1.641;3215
B3155D;2015/03/03 00:36:34;3215;70;28.3;19.1;2.593;1.777;0.993;2.793;0.093;1.645;3216
B3155D;2015/03/03 00:36:44;3216;74;30.9;19.1;2.664;1.774;0.993;2.793;0.090;1.677;3217
B3155D;2015/03/03 00:36:54;3217;56;32.9;19.8;2.590;1.774;0.990;2.793;0.090;1.651;3218
B3155D;2015/03/03 00:37:05;3218;67;30.0;18.2;2.770;1.767;0.990;2.829;0.090;1.699;3219
B3155D;2015/03/03 00:37:14;3219;64;30.0;18.9;2.770;1.767;1.009;2.829;0.090;1.674;3220
B3155D;2015/03/03 00:37:24;3220;73;29.3;18.7;2.670;1.770;1.009;2.829;0.109;1.645;3221
B3155D;2015/03/03 00:37:34;3221;63;34.8;18.4;2.606;1.770;1.038;2.829;0.109;1.674;3222
B3155D;2015/03/03 00:37:45;3222;67;33.5;19.4;2.722;1.774;1.038;2.819;0.109;1.612;3223
B3155D;2015/03/03 00:37:54;3223;60;30.0;18.5;2.606;1.774;0.990;2.819;0.109;1.625;3224
B3155D;2015/03/03 00:38:04;3224;59;30.3;18.7;2.741;1.764;0.990;2.819;0.103;1.616;3225
B3155D;2015/03/03 00:38:14;3225;68;30.9;18.5;2.754;1.764;1.022;2.819;0.103;1.622;3226
B3155D;2015/03/03 00:38:25;3226;74;31.6;19.2;2.583;1.761;1.022;2.832;0.103;1.645;3227
B3155D;2015/03/03 00:38:34;3227;63;28.7;18.7;2.748;1.761;1.006;2.832;0.103;1.632;3228
B3155D;2015/03/03 00:38:45;3228;80;31.6;18.7;2.583;1.754;1.006;2.832;0.141;1.629;3229
B3155D;2015/03/03 00:38:54;3229;55;29.3;19.6;2.583;1.754;1.012;2.832;0.141;1.664;3230
B3155D;2015/03/03 00:39:05;3230;70;35.1;18.7;2.696;1.777;1.012;2.799;0.141;1.651;3231
B3155D;2015/03/03 00:39:14;3231;66;34.5;19.1;2.612;1.777;0.993;2.799;0.141;1.645;3232
B3155D;2015/03/03 00:39:24;3232;71;29.3;18.7;2.758;1.777;0.993;2.799;0.119;1.661;3233
B3155D;2015/03/03 00:39:34;3233;73;31.9;18.9;2.619;1.777;1.025;2.799;0.119;1.683;3234
B3155D;2015/03/03 00:39:45;3234;70;35.4;19.1;2.612;1.745;1.025;2.816;0.119;1.651;3235
B3155D;2015/03/03 00:39:54;3235;63;34.5;19.2;2.619;1.745;0.990;2.816;0.119;1.648;3236
B3155D;2015/03/03 00:40:04;3236;64;30.6;18.7;2.603;1.758;0.990;2.816;0.093;1.677;3237
B3155D;2015/03/03 00:40:14;3237;73;34.8;18.7;2.764;1.758;1.016;2.816;0.093;1.651;3238
B3155D;2015/03/03 00:40:25;3238;67;32.9;18.7;2.764;1.770;1.016;2.799;0.093;1.670;3239
B3155D;2015/03/03 00:40:34;3239;68;32.5;18.9;2.619;1.770;0.987;2.799;0.093;1.606;3240
B3155D;2015/03/03 00:40:44;3240;58;30.6;19.1;2.590;1.745;0.987;2.799;0.135;1.619;3241
B3155D;2015/03/03 00:40:54;3241;65;30.3;18.9;2.625;1.745;1.025;2.799;0.135;1.603;3242
B3155D;2015/03/03 00:41:05;3242;64;29.3;18.5;2.777;1.777;1.025;2.803;0.135;1.612;3243
B3155D;2015/03/03 00:41:14;3243;69;31.6;18.7;2.632;1.777;0.990;2.803;0.135;1.632;3244
B3155D;2015/03/03 00:41:24;3244;71;33.5;19.1;2.619;1.770;0.990;2.803;0.116;1.645;3245
B3155D;2015/03/03 00:41:34;3245;71;33.2;19.2;2.774;1.770;1.038;2.803;0.116;1.619;3246
B3155D;2015/03/03 00:41:45;3246;74;32.5;19.1;2.680;1.745;1.038;2.825;0.116;1.629;3247
B3155D;2015/03/03 00:41:54;3247;63;33.2;18.9;2.774;1.745;0.996;2.825;0.116;1.599;3248
B3155D;2015/03/03 00:42:04;3248;70;30.9;19.1;2.758;1.777;0.996;2.825;0.154;1.664;3249
B3155D;2015/03/03 00:42:14;3249;67;32.9;18.7;2.612;1.777;1.035;2.825;0.154;1.619;3250
B3155D;2015/03/03 00:42:25;3250;73;31.6;18.2;2.622;1.764;1.035;2.812;0.154;1.648;3251
B3155D;2015/03/03 00:42:34;3251;68;29.3;18.9;2.583;1.764;0.987;2.812;0.154;1.625;3252
B3155D;2015/03/03 00:42:44;3252;75;35.4;19.2;2.706;1.748;0.987;2.812;0.080;1.635;3253
B3155D;2015/03/03 00:42:54;3253;74;31.6;18.7;2.629;1.748;1.006;2.812;0.080;1.645;3254
B3155D;2015/03/03 00:43:05;3254;70;31.2;18.7;2.693;1.751;1.006;2.812;0.080;1.658;3255
B3155D;2015/03/03 00:43:14;3255;62;30.6;18.2;2.770;1.751;0.987;2.812;0.080;1.635;3256
B3155D;2015/03/03 00:43:24;3256;65;33.8;18.5;2.748;1.741;0.987;2.812;0.087;1.645;3257
B3155D;2015/03/03 00:43:34;3257;65;34.5;18.7;2.609;1.741;1.035;2.812;0.087;1.632;3258
B3155D;2015/03/03 00:43:45;3258;74;30.9;18.5;2.632;1.761;1.035;2.809;0.087;1.629;3259
B3155D;2015/03/03 00:43:54;3259;58;32.9;19.1;2.777;1.761;0.990;2.809;0.087;1.651;3260
B3155D;2015/03/03 00:44:04;3260;76;32.5;18.9;2.761;1.767;0.990;2.809;0.148;1.674;3261
B3155D;2015/03/03 00:44:14;3261;65;30.9;18.9;2.606;1.767;1.009;2.809;0.148;1.625;3262
B3155D;2015/03/03 00:44:25;3262;72;33.5;18.9;2.661;1.745;1.009;2.819;0.148;1.661;3263
B3155D;2015/03/03 00:44:34;3263;60;29.6;19.1;2.777;1.745;1.041;2.819;0.148;1.609;3264
B3155D;2015/03/03 00:44:44;3264;69;30.0;18.9;2.612;1.761;1.041;2.819;0.087;1.619;3265
B3155D;2015/03/03 00:44:54;3265;63;29.6;18.9;2.667;1.761;0.990;2.819;0.087;1.622;3266
B3155D;2015/03/03 00:45:05;3266;65;31.2;18.5;2.745;1.774;0.990;2.822;0.087;1.670;3267
B3155D;2015/03/03 00:45:14;3267;67;29.6;19.1;2.770;1.774;1.038;2.822;0.087;1.612;3268
B3155D;2015/03/03 00:45:25;3268;73;30.0;19.4;2.729;1.745;1.038;2.822;0.096;1.638;3269
B3155D;2015/03/03 00:45:34;3269;68;29.6;19.1;2.587;1.745;1.038;2.822;0.096;1.638;3270
B3155D;2015/03/03 00:45:45;3270;73;32.9;18.4;2.777;1.761;1.038;2.812;0.096;1.641;3271
B3155D;2015/03/03 00:45:54;3271;63;29.0;19.1;2.596;1.761;1.038;2.812;0.096;1.645;3272
B3155D;2015/03/03 00:46:04;3272;72;33.2;18.7;2.770;1.745;1.038;2.812;0.087;1.632;3273
B3155D;2015/03/03 00:46:14;3273;64;31.6;18.5;2.719;1.745;0.987;2.812;0.087;1.625;3274
B3155D;2015/03/03 00:46:25;3274;72;30.3;19.4;2.638;1.761;0.987;2.832;0.087;1.609;3275
B3155D;2015/03/03 00:46:34;3275;61;32.9;18.7;2.632;1.761;0.996;2.832;0.087;1.603;3276
B3155D;2015/03/03 00:46:44;3276;77;30.0;19.4;2.651;1.745;0.996;2.832;0.099;1.609;3277
B3155D;2015/03/03 00:46:54;3277;67;31.9;19.2;2.600;1.745;1.032;2.832;0.099;1.622;3278
B3155D;2015/03/03 00:47:05;3278;73;29.3;18.7;2.690;1.745;1.032;2.803;0.099;1.674;3279
B3155D;2015/03/03 00:47:14;3279;57;28.7;18.7;2.751;1.745;0.996;2.803;0.099;1.661;3280
B3155D;2015/03/03 00:47:24;3280;76;30.3;18.9;2.603;1.754;0.996;2.803;0.087;1.674;3281
B3155D;2015/03/03 00:47:34;3281;67;30.0;18.5;2.606;1.754;1.029;2.803;0.087;1.603;3282
B3155D;2015/03/03 00:47:45;3282;68;34.1;19.2;2.767;1.777;1.029;2.825;0.087;1.648;3283
B3155D;2015/03/03 00:47:54;3283;66;32.2;19.2;2.696;1.777;0.990;2.825;0.087;1.622;3284
B3155D;2015/03/03 00:48:04;3284;74;33.5;19.4;2.622;1.774;0.990;2.825;0.119;1.622;3285
B3155D;2015/03/03 00:48:14;3285;70;33.2;19.1;2.603;1.774;1.003;2.825;0.119;1.587;3286
B3155D;2015/03/03 00:48:25;3286;73;32.9;18.9;2.696;1.764;1.003;2.793;0.119;1.599;3287
B3155D;2015/03/03 00:48:34;3287;66;30.9;18.5;2.619;1.764;1.025;2.793;0.119;1.609;3288
B3155D;2015/03/03 00:48:44;3288;66;33.5;18.9;2.638;1.770;1.025;2.793;0.087;1.635;3289
B3155D;2015/03/03 00:48:54;3289;74;32.2;18.9;2.645;1.770;0.990;2.793;0.087;1.596;3290
B3155D;2015/03/03 00:49:05;3290;76;35.4;18.5;2.658;1.751;0.990;2.838;0.087;1.583;3291
B3155D;2015/03/03 00:49:14;3291;76;34.8;18.5;2.619;1.751;1.032;2.838;0.087;1.599;3292
B3155D;2015/03/03 00:49:24;3292;80;33.5;18.4;2.777;1.777;1.032;2.838;0.122;1.593;3293
B3155D;2015/03/03 00:49:34;3293;58;30.0;18.7;2.619;1.777;0.990;2.838;0.122;1.590;3294
B3155D;2015/03/03 00:49:45;3294;71;33.5;19.2;2.767;1.774;0.990;2.803;0.122;1.609;3295
B3155D;2015/03/03 00:49:54;3295;65;34.8;19.2;2.706;1.774;0.987;2.803;0.122;1.583;3296
B3155D;2015/03/03 00:50:04;3296;68;30.3;19.1;2.770;1.761;0.987;2.803;0.087;1.612;3297
B3155D;2015/03/03 00:50:14;3297;64;31.6;18.9;2.729;1.761;1.029;2.803;0.087;1.603;3298
B3155D;2015/03/03 00:50:25;3298;66;29.6;19.2;2.767;1.758;1.029;2.832;0.087;1.593;3299
B3155D;2015/03/03 00:50:34;3299;70;30.9;18.4;2.783;1.758;1.035;2.832;0.087;1.593;3300
B3155D;2015/03/03 00:50:44;3300;70;30.3;18.7;2.616;1.741;1.035;2.832;0.129;1.599;3301
B3155D;2015/03/03 00:50:54;3301;74;35.4;18.7;2.619;1.741;0.990;2.832;0.129;1.587;3302
B3155D;2015/03/03 00:51:05;3302;74;32.2;19.1;2.777;1.774;0.990;2.812;0.129;1.638;3303
B3155D;2015/03/03 00:51:14;3303;65;31.6;19.2;2.654;1.774;1.029;2.812;0.129;1.625;3304
B3155D;2015/03/03 00:51:24;3304;68;30.6;18.7;2.745;1.777;1.029;2.812;0.109;1.648;3305
B3155D;2015/03/03 00:51:34;3305;61;32.5;18.7;2.625;1.777;1.025;2.812;0.109;1.612;3306
B3155D;2015/03/03 00:51:45;3306;67;30.0;18.9;2.590;1.774;1.025;2.835;0.109;1.625;3307
B3155D;2015/03/03 00:51:54;3307;53;33.8;19.2;2.706;1.774;1.038;2.835;0.109;1.632;3308
B3155D;2015/03/03 00:52:04;3308;70;30.0;18.4;2.770;1.745;1.038;2.835;0.096;1.661;3309
B3155D;2015/03/03 00:52:14;3309;63;28.3;19.1;2.751;1.745;1.000;2.835;0.096;1.645;3310
B3155D;2015/03/03 00:52:25;3310;68;28.7;19.1;2.738;1.767;1.000;2.796;0.096;1.638;3311
B3155D;2015/03/03 00:52:34;3311;65;30.6;18.7;2.777;1.767;0.990;2.796;0.096;1.641;3312
B3155D;2015/03/03 00:52:44;3312;73;28.3;18.5;2.683;1.777;0.990;2.796;0.099;1.651;3313
B3155D;2015/03/03 00:52:54;3313;65;29.3;18.4;2.774;1.777;1.038;2.796;0.099;1.648;3314
B3155D;2015/03/03 00:53:05;3314;69;30.6;18.9;2.683;1.741;1.038;2.796;0.099;1.645;3315
B3155D;2015/03/03 00:53:14;3315;56;28.0;18.7;2.732;1.741;1.025;2.796;0.099;1.609;3316
B3155D;2015/03/03 00:53:24;3316;70;33.8;19.6;2.729;1.770;1.025;2.796;0.122;1.664;3317
B3155D;2015/03/03 00:53:34;3317;69;30.3;18.5;2.612;1.770;0.993;2.796;0.122;1.603;3318
B3155D;2015/03/03 00:53:45;3318;82;30.9;18.9;2.735;1.745;0.993;2.803;0.122;1.596;3319
B3155D;2015/03/03 00:53:54;3319;65;30.0;18.9;2.664;1.745;0.983;2.803;0.122;1.612;3320
B3155D;2015/03/03 00:54:04;3320;76;34.1;18.9;2.770;1.770;0.983;2.803;0.080;1.603;3321
B3155D;2015/03/03 00:54:14;3321;65;30.3;18.9;2.783;1.770;1.000;2.803;0.080;1.612;3322
B3155D;2015/03/03 00:54:25;3322;79;29.6;18.7;2.703;1.774;1.000;2.832;0.080;1.616;3323
B3155D;2015/03/03 00:54:34;3323;61;30.9;18.5;2.603;1.774;1.009;2.832;0.080;1.577;3324
B3155D;2015/03/03 00:54:44;3324;64;30.6;18.7;2.654;1.745;1.009;2.832;0.090;1.632;3325
B3155D;2015/03/03 00:54:54;3325;65;30.3;18.5;2.761;1.745;1.029;2.832;0.090;1.574;3326
B3155D;2015/03/03 00:55:05;3326;78;29.6;18.4;2.780;1.764;1.029;2.790;0.090;1.612;3327
B3155D;2015/03/03 00:55:14;3327;64;33.8;18.7;2.632;1.764;1.006;2.790;0.090;1.564;3328
B3155D;2015/03/03 00:55:25;3328;70;33.5;19.2;2.777;1.745;1.006;2.790;0.080;1.587;3329
B3155D;2015/03/03 00:55:34;3329;71;30.6;18.5;2.764;1.745;0.996;2.790;0.080;1.574;3330
B3155D;2015/03/03 00:55:45;3330;63;29.3;18.9;2.645;1.780;0.996;2.793;0.080;1.609;3331
B3155D;2015/03/03 00:55:54;3331;67;29.3;18.4;2.619;1.780;0.993;2.793;0.080;1.580;3332
B3155D;2015/03/03 00:56:04;3332;74;32.5;18.5;2.777;1.751;0.993;2.793;0.116;1.625;3333
B3155D;2015/03/03 00:56:14;3333;73;30.6;18.4;2.783;1.751;1.035;2.793;0.116;1.619;3334
B3155D;2015/03/03 00:56:25;3334;63;31.6;18.2;2.770;1.767;1.035;2.790;0.116;1.622;3335
B3155D;2015/03/03 00:56:34;3335;64;30.9;18.4;2.590;1.767;1.003;2.790;0.116;1.641;3336
B3155D;2015/03/03 00:56:44;3336;69;30.9;19.4;2.622;1.754;1.003;2.790;0.090;1.616;3337
B3155D;2015/03/03 00:56:54;3337;55;30.0;19.1;2.606;1.754;1.012;2.790;0.090;1.661;3338
B3155D;2015/03/03 00:57:05;3338;80;32.9;18.7;2.703;1.745;1.012;2.809;0.090;1.670;3339
B3155D;2015/03/03 00:57:14;3339;62;31.9;19.2;2.719;1.745;0.987;2.809;0.090;1.638;3340
B3155D;2015/03/03 00:57:24;3340;63;30.3;18.7;2.606;1.761;0.987;2.809;0.090;1.622;3341
B3155D;2015/03/03 00:57:34;3341;60;32.2;18.2;2.745;1.761;0.983;2.809;0.090;1.645;3342
B3155D;2015/03/03 00:57:45;3342;68;34.1;19.2;2.777;1.764;0.983;2.812;0.090;1.629;3343
B3155D;2015/03/03 00:57:54;3343;63;34.5;18.7;2.606;1.764;1.029;2.812;0.090;1.638;3344
B3155D;2015/03/03 00:58:04;3344;70;30.9;18.4;2.754;1.774;1.029;2.812;0.090;1.632;3345
B3155D;2015/03/03 00:58:14;3345;60;31.6;19.2;2.619;1.774;0.996;2.812;0.090;1.638;3346
B3155D;2015/03/03 00:58:25;3346;68;30.3;19.1;2.770;1.754;0.996;2.790;0.090;1.651;3347
B3155D;2015/03/03 00:58:34;3347;58;29.3;19.2;2.645;1.754;0.990;2.790;0.090;1.651;3348
B3155D;2015/03/03 00:58:45;3348;78;34.1;19.1;2.612;1.754;0.990;2.790;0.148;1.687;3349
B3155D;2015/03/03 00:58:54;3349;65;32.2;19.1;2.661;1.754;1.022;2.790;0.148;1.667;3350
B3155D;2015/03/03 00:59:05;3350;79;28.0;19.4;2.735;1.780;1.022;2.832;0.148;1.658;3351
B3155D;2015/03/03 00:59:14;3351;69;30.3;18.5;2.745;1.780;0.990;2.832;0.148;1.651;3352
B3155D;2015/03/03 00:59:24;3352;73;32.2;18.9;2.583;1.745;0.990;2.832;0.087;1.664;3353
B3155D;2015/03/03 00:59:34;3353;62;29.0;18.9;2.625;1.745;1.009;2.832;0.087;1.635;3354
B3155D;2015/03/03 00:59:45;3354;71;30.0;18.9;2.761;1.774;1.009;2.793;0.087;1.693;3355
B3155D;2015/03/03 00:59:54;3355;69;30.9;19.4;2.774;1.774;1.029;2.793;0.087;1.677;3356
B3155D;2015/03/03 01:00:05;3356;75;33.5;19.1;2.593;1.745;1.029;2.793;0.080;1.616;3357
B3155D;2015/03/03 01:00:14;3357;64;31.9;18.9;2.641;1.745;1.038;2.793;0.080;1.638;3358
B3155D;2015/03/03 01:00:25;3358;82;29.6;18.9;2.632;1.751;1.038;2.819;0.080;1.635;3359
B3155D;2015/03/03 01:00:34;3359;67;30.9;18.9;2.606;1.751;1.022;2.819;0.080;1.625;3360
B3155D;2015/03/03 01:00:44;3360;62;34.8;19.6;2.703;1.777;1.022;2.819;0.122;1.603;3361
B3155D;2015/03/03 01:00:54;3361;62;32.5;18.9;2.703;1.777;1.032;2.819;0.122;1.606;3362
B3155D;2015/03/03 01:01:05;3362;75;30.0;19.4;2.722;1.745;1.032;2.809;0.122;1.632;3363
B3155D;2015/03/03 01:01:14;3363;67;30.0;19.1;2.606;1.745;1.000;2.809;0.122;1.593;3364
B3155D;2015/03/03 01:01:24;3364;76;30.6;19.1;2.580;1.754;1.000;2.809;0.093;1.632;3365
B3155D;2015/03/03 01:01:34;3365;71;31.9;18.4;2.770;1.754;1.032;2.809;0.093;1.619;3366
B3155D;2015/03/03 01:01:45;3366;73;34.1;19.2;2.767;1.774;1.032;2.793;0.093;1.609;3367
B3155D;2015/03/03 01:01:54;3367;65;30.9;19.4;2.612;1.774;0.990;2.793;0.093;1.587;3368
B3155D;2015/03/03 01:02:04;3368;63;29.3;19.2;2.767;1.758;0.990;2.793;0.080;1.622;3369
B3155D;2015/03/03 01:02:14;3369;72;30.0;19.2;2.716;1.758;1.041;2.793;0.080;1.590;3370
B3155D;2015/03/03 01:02:25;3370;64;29.0;19.6;2.741;1.770;1.041;2.832;0.080;1.609;3371
B3155D;2015/03/03 01:02:34;3371;63;34.5;19.4;2.774;1.770;0.987;2.832;0.080;1.580;3372
B3155D;2015/03/03 01:02:44;3372;78;30.9;19.8;2.580;1.745;0.987;2.832;0.099;1.583;3373
B3155D;2015/03/03 01:02:54;3373;66;32.9;19.2;2.651;1.745;0.990;2.832;0.099;1.564;3374
B3155D;2015/03/03 01:03:05;3374;78;30.0;18.4;2.616;1.767;0.990;2.825;0.099;1.593;3375
B3155D;2015/03/03 01:03:14;3375;66;32.9;19.1;2.590;1.767;1.009;2.825;0.099;1.587;3376
B3155D;2015/03/03 01:03:24;3376;63;32.2;18.2;2.777;1.777;1.009;2.825;0.093;1.587;3377
B3155D;2015/03/03 01:03:34;3377;59;31.9;18.7;2.777;1.777;0.990;2.825;0.093;1.609;3378
B3155D;2015/03/03 01:03:45;3378;63;30.9;19.2;2.722;1.764;0.990;2.806;0.093;1.629;3379
B3155D;2015/03/03 01:03:54;3379;63;28.3;19.2;2.635;1.764;1.022;2.806;0.093;1.583;3380
B3155D;2015/03/03 01:04:04;3380;70;32.5;18.4;2.693;1.748;1.022;2.806;0.080;1.619;3381
B3155D;2015/03/03 01:04:14;3381;76;29.3;19.6;2.625;1.748;0.990;2.806;0.080;1.648;3382
B3155D;2015/03/03 01:04:25;3382;59;29.3;19.2;2.651;1.761;0.990;2.783;0.080;1.632;3383
B3155D;2015/03/03 01:04:34;3383;73;33.5;19.1;2.664;1.761;1.038;2.783;0.080;1.596;3384
B3155D;2015/03/03 01:04:44;3384;68;30.3;19.1;2.770;1.780;1.038;2.783;0.096;1.629;3385
B3155D;2015/03/03 01:04:54;3385;74;29.6;19.6;2.590;1.780;0.990;2.783;0.096;1.648;3386
B3155D;2015/03/03 01:05:05;3386;66;31.2;19.9;2.722;1.777;0.990;2.793;0.096;1.648;3387
B3155D;2015/03/03 01:05:14;3387;58;31.6;18.4;2.780;1.777;1.025;2.793;0.096;1.645;3388
B3155D;2015/03/03 01:05:25;3388;75;30.6;19.1;2.770;1.770;1.025;2.793;0.099;1.625;3389
B3155D;2015/03/03 01:05:34;3389;55;31.6;18.9;2.612;1.770;0.987;2.793;0.099;1.616;3390
B3155D;2015/03/03 01:05:45;3390;67;32.9;19.2;2.770;1.780;0.987;2.803;0.099;1.638;3391
B3155D;2015/03/03 01:05:54;3391;66;33.8;18.7;2.596;1.780;0.990;2.803;0.099;1.596;3392
B3155D;2015/03/03 01:06:05;3392;63;32.5;19.1;2.635;1.777;0.990;2.803;0.093;1.616;3393
B3155D;2015/03/03 01:06:14;3393;65;29.0;19.1;2.751;1.777;0.990;2.803;0.093;1.622;3394
B3155D;2015/03/03 01:06:25;3394;73;32.2;18.9;2.661;1.767;0.990;2.790;0.093;1.632;3395
B3155D;2015/03/03 01:06:34;3395;64;33.2;19.1;2.780;1.767;0.987;2.790;0.093;1.603;3396
B3155D;2015/03/03 01:06:44;3396;60;30.9;18.5;2.767;1.770;0.987;2.790;0.122;1.625;3397
B3155D;2015/03/03 01:06:54;3397;63;30.9;18.9;2.706;1.770;1.019;2.790;0.122;1.587;3398
B3155D;2015/03/03 01:07:05;3398;66;29.6;18.9;2.677;1.761;1.019;2.796;0.122;1.616;3399
B3155D;2015/03/03 01:07:14;3399;70;29.0;18.5;2.606;1.761;0.990;2.796;0.122;1.593;3400
B3155D;2015/03/03 01:07:24;3400;73;30.6;19.2;2.703;1.770;0.990;2.796;0.087;1.625;3401
B3155D;2015/03/03 01:07:34;3401;66;28.3;19.2;2.596;1.770;0.990;2.796;0.087;1.632;3402
B3155D;2015/03/03 01:07:45;3402;72;30.0;19.2;2.606;1.767;0.990;2.793;0.087;1.661;3403
B3155D;2015/03/03 01:07:54;3403;66;29.6;18.4;2.777;1.767;0.990;2.793;0.087;1.632;3404
B3155D;2015/03/03 01:08:04;3404;69;30.9;19.4;2.670;1.780;0.990;2.793;0.087;1.654;3405
B3155D;2015/03/03 01:08:14;3405;63;30.9;18.7;2.600;1.780;0.987;2.793;0.087;1.667;3406
B3155D;2015/03/03 01:08:25;3406;67;30.3;19.4;2.596;1.777;0.987;2.803;0.087;1.667;3407
B3155D;2015/03/03 01:08:34;3407;63;28.0;19.2;2.619;1.777;1.038;2.803;0.087;1.664;3408
B3155D;2015/03/03 01:08:44;3408;66;31.9;19.2;2.596;1.748;1.038;2.803;0.167;1.641;3409
B3155D;2015/03/03 01:08:54;3409;57;31.6;19.2;2.677;1.748;1.009;2.803;0.167;1.641;3410
B3155D;2015/03/03 01:09:05;3410;68;31.6;19.4;2.590;1.745;1.009;2.793;0.167;1.622;3411
B3155D;2015/03/03 01:09:14;3411;62;29.6;19.1;2.774;1.745;0.990;2.793;0.167;1.622;3412
B3155D;2015/03/03 01:09:24;3412;78;32.2;19.2;2.741;1.745;0.990;2.793;0.125;1.603;3413
B3155D;2015/03/03 01:09:34;3413;66;30.6;18.4;2.777;1.745;0.987;2.793;0.125;1.580;3414
B3155D;2015/03/03 01:09:45;3414;74;30.3;19.1;2.629;1.767;0.987;2.787;0.125;1.638;3415
B3155D;2015/03/03 01:09:54;3415;66;30.6;19.1;2.732;1.767;1.038;2.787;0.125;1.606;3416
B3155D;2015/03/03 01:10:05;3416;62;32.9;19.4;2.596;1.745;1.038;2.787;0.129;1.596;3417
B3155D;2015/03/03 01:10:14;3417;63;29.6;19.8;2.593;1.745;1.032;2.787;0.129;1.645;3418
B3155D;2015/03/03 01:10:25;3418;73;29.3;19.1;2.712;1.770;1.032;2.819;0.129;1.603;3419
B3155D;2015/03/03 01:10:34;3419;68;31.6;19.2;2.619;1.770;0.993;2.819;0.129;1.619;3420
B3155D;2015/03/03 01:10:44;3420;67;32.9;19.4;2.745;1.780;0.993;2.819;0.154;1.619;3421
B3155D;2015/03/03 01:10:54;3421;70;31.6;18.9;2.751;1.780;1.038;2.819;0.154;1.638;3422
B3155D;2015/03/03 01:11:05;3422;64;33.5;19.1;2.716;1.774;1.038;2.809;0.154;1.677;3423
B3155D;2015/03/03 01:11:14;3423;60;28.7;19.4;2.751;1.774;1.029;2.809;0.154;1.670;3424
B3155D;2015/03/03 01:11:25;3424;68;30.0;19.2;2.716;1.774;1.029;2.809;0.087;1.670;3425
B3155D;2015/03/03 01:11:34;3425;72;28.3;19.6;2.619;1.774;1.038;2.809;0.087;1.670;3426
B3155D;2015/03/03 01:11:45;3426;69;32.9;19.4;2.606;1.780;1.038;2.825;0.087;1.667;3427
B3155D;2015/03/03 01:11:54;3427;63;32.9;19.1;2.767;1.780;1.006;2.825;0.087;1.661;3428
B3155D;2015/03/03 01:12:05;3428;81;31.2;19.6;2.612;1.777;1.006;2.825;0.148;1.706;3429
B3155D;2015/03/03 01:12:14;3429;62;33.5;18.7;2.590;1.777;1.029;2.825;0.148;1.696;3430
B3155D;2015/03/03 01:12:25;3430;73;32.9;19.2;2.690;1.754;1.029;2.832;0.148;1.716;3431
B3155D;2015/03/03 01:12:34;3431;67;30.9;19.2;2.777;1.754;1.038;2.832;0.148;1.690;3432
B3155D;2015/03/03 01:12:44;3432;67;30.9;18.4;2.619;1.761;1.038;2.832;0.080;1.725;3433
B3155D;2015/03/03 01:12:54;3433;62;29.6;18.4;2.777;1.761;0.987;2.832;0.080;1.696;3434
B3155D;2015/03/03 01:13:05;3434;73;30.0;19.1;2.758;1.751;0.987;2.832;0.080;1.706;3435
B3155D;2015/03/03 01:13:14;3435;74;31.6;19.2;2.612;1.751;0.990;2.832;0.080;1.661;3436
B3155D;2015/03/03 01:13:24;3436;60;33.5;19.2;2.664;1.777;0.990;2.832;0.096;1.670;3437
B3155D;2015/03/03 01:13:34;3437;65;31.6;18.7;2.619;1.777;0.993;2.832;0.096;1.703;3438
B3155D;2015/03/03 01:13:45;3438;69;28.3;19.1;2.745;1.774;0.993;2.822;0.096;1.693;3439
B3155D;2015/03/03 01:13:54;3439;67;30.0;19.2;2.761;1.774;1.035;2.822;0.096;1.709;3440
B3155D;2015/03/03 01:14:04;3440;77;31.9;18.9;2.590;1.754;1.035;2.822;0.087;1.661;3441
B3155D;2015/03/03 01:14:14;3441;72;30.6;18.9;2.748;1.754;1.003;2.822;0.087;1.709;3442
B3155D;2015/03/03 01:14:25;3442;76;32.2;18.4;2.583;1.761;1.003;2.832;0.087;1.690;3443
B3155D;2015/03/03 01:14:34;3443;63;29.3;19.1;2.745;1.761;1.032;2.832;0.087;1.677;3444
B3155D;2015/03/03 01:14:44;3444;71;32.9;19.4;2.767;1.770;1.032;2.832;0.093;1.693;3445
B3155D;2015/03/03 01:14:54;3445;59;30.6;18.5;2.751;1.770;0.983;2.832;0.093;1.677;3446
B3155D;2015/03/03 01:15:05;3446;79;30.9;19.1;2.632;1.770;0.983;2.825;0.093;1.683;3447
B3155D;2015/03/03 01:15:14;3447;64;33.5;18.7;2.632;1.770;0.990;2.825;0.093;1.670;3448
B3155D;2015/03/03 01:15:25;3448;68;30.0;19.2;2.670;1.780;0.990;2.825;0.187;1.722;3449
B3155D;2015/03/03 01:15:34;3449;67;33.8;19.1;2.767;1.780;0.983;2.825;0.187;1.683;3450
B3155D;2015/03/03 01:15:45;3450;74;32.5;18.9;2.622;1.774;0.983;2.796;0.187;1.725;3451
B3155D;2015/03/03 01:15:54;3451;65;30.9;18.7;2.612;1.774;0.996;2.796;0.187;1.699;3452
B3155D;2015/03/03 01:16:04;3452;72;31.6;19.4;2.729;1.777;0.996;2.796;0.103;1.725;3453
B3155D;2015/03/03 01:16:14;3453;66;34.1;18.7;2.593;1.777;1.032;2.796;0.103;1.706;3454
B3155D;2015/03/03 01:16:25;3454;68;28.0;19.2;2.770;1.774;1.032;2.825;0.103;1.729;3455
B3155D;2015/03/03 01:16:34;3455;68;30.3;18.9;2.780;1.774;1.029;2.825;0.103;1.732;3456
B3155D;2015/03/03 01:16:44;3456;69;29.3;19.1;2.780;1.745;1.029;2.825;0.129;1.703;3457
B3155D;2015/03/03 01:16:54;3457;70;32.2;19.2;2.619;1.745;1.029;2.825;0.129;1.722;3458
B3155D;2015/03/03 01:17:05;3458;74;30.3;18.9;2.706;1.767;1.029;2.809;0.129;1.729;3459
B3155D;2015/03/03 01:17:14;3459;60;32.9;19.1;2.696;1.767;1.022;2.809;0.129;1.745;3460
B3155D;2015/03/03 01:17:24;3460;70;32.9;19.1;2.770;1.770;1.022;2.809;0.161;1.761;3461
B3155D;2015/03/03 01:17:34;3461;66;29.3;19.1;2.638;1.770;1.025;2.809;0.161;1.732;3462
B3155D;2015/03/03 01:17:45;3462;66;29.6;19.1;2.758;1.767;1.025;2.809;0.161;1.758;3463
B3155D;2015/03/03 01:17:54;3463;73;29.6;19.6;2.609;1.767;0.990;2.809;0.161;1.754;3464
B3155D;2015/03/03 01:18:04;3464;63;30.9;18.5;2.748;1.754;0.990;2.809;0.087;1.793;3465
B3155D;2015/03/03 01:18:14;3465;59;32.5;19.1;2.729;1.754;0.993;2.809;0.087;1.751;3466
B3155D;2015/03/03 01:18:25;3466;76;32.9;19.4;2.770;1.764;0.993;2.825;0.087;1.774;3467
B3155D;2015/03/03 01:18:34;3467;77;32.5;19.6;2.616;1.764;0.993;2.825;0.087;1.790;3468
B3155D;2015/03/03 01:18:45;3468;72;31.6;19.2;2.593;1.780;0.993;2.825;0.103;1.774;3469
B3155D;2015/03/03 01:18:54;3469;57;28.7;18.5;2.748;1.780;0.983;2.825;0.103;1.780;3470
B3155D;2015/03/03 01:19:05;3470;69;34.8;19.4;2.635;1.767;0.983;2.796;0.103;1.748;3471
B3155D;2015/03/03 01:19:14;3471;67;28.0;18.9;2.690;1.767;1.035;2.796;0.103;1.777;3472
B3155D;2015/03/03 01:19:24;3472;72;32.2;19.1;2.722;1.774;1.035;2.796;0.177;1.761;3473
B3155D;2015/03/03 01:19:34;3473;63;31.9;19.1;2.593;1.774;0.990;2.796;0.177;1.767;3474
B3155D;2015/03/03 01:19:45;3474;73;29.3;18.4;2.764;1.774;0.990;2.803;0.177;1.803;3475
B3155D;2015/03/03 01:19:54;3475;69;28.3;19.1;2.741;1.774;1.025;2.803;0.177;1.774;3476
B3155D;2015/03/03 01:20:05;3476;63;30.3;18.4;2.583;1.745;1.025;2.803;0.087;1.793;3477
B3155D;2015/03/03 01:20:14;3477;62;29.0;18.9;2.600;1.745;1.009;2.803;0.087;1.754;3478
B3155D;2015/03/03 01:20:25;3478;73;32.2;19.8;2.770;1.770;1.009;2.841;0.087;1.780;3479
B3155D;2015/03/03 01:20:34;3479;70;31.9;19.4;2.600;1.770;0.990;2.841;0.087;1.800;3480
B3155D;2015/03/03 01:20:44;3480;71;30.9;18.7;2.770;1.780;0.990;2.841;0.080;1.803;3481
B3155D;2015/03/03 01:20:54;3481;67;31.6;19.1;2.777;1.780;0.990;2.841;0.080;1.783;3482
B3155D;2015/03/03 01:21:05;3482;66;31.6;18.4;2.770;1.745;0.990;2.832;0.080;1.783;3483
B3155D;2015/03/03 01:21:14;3483;64;30.6;19.4;2.651;1.745;0.993;2.832;0.080;1.803;3484
B3155D;2015/03/03 01:21:24;3484;76;32.9;19.2;2.758;1.770;0.993;2.832;0.093;1.777;3485
B3155D;2015/03/03 01:21:34;3485;67;34.1;19.4;2.777;1.770;0.990;2.832;0.093;1.770;3486
B3155D;2015/03/03 01:21:45;3486;69;32.9;19.1;2.609;1.748;0.990;2.816;0.093;1.809;3487
B3155D;2015/03/03 01:21:54;3487;65;30.3;19.8;2.587;1.748;1.009;2.816;0.093;1.806;3488
B3155D;2015/03/03 01:22:04;3488;78;31.9;19.6;2.703;1.780;1.009;2.816;0.087;1.777;3489
B3155D;2015/03/03 01:22:14;3489;53;34.1;19.2;2.625;1.780;0.987;2.816;0.087;1.774;3490
B3155D;2015/03/03 01:22:25;3490;73;29.3;19.4;2.777;1.767;0.987;2.829;0.087;1.764;3491
B3155D;2015/03/03 01:22:34;3491;68;32.2;19.6;2.770;1.767;0.996;2.829;0.087;1.761;3492
B3155D;2015/03/03 01:22:45;3492;70;30.3;19.4;2.735;1.745;0.996;2.829;0.080;1.770;3493
B3155D;2015/03/03 01:22:54;3493;67;29.6;19.4;2.593;1.745;1.035;2.829;0.080;1.777;3494
B3155D;2015/03/03 01:23:05;3494;70;29.0;19.4;2.690;1.764;1.035;2.822;0.080;1.787;3495
B3155D;2015/03/03 01:23:14;3495;68;31.2;18.5;2.680;1.764;1.035;2.822;0.080;1.758;3496
B3155D;2015/03/03 01:23:24;3496;73;31.6;19.2;2.696;1.745;1.035;2.822;0.090;1.787;3497
B3155D;2015/03/03 01:23:34;3497;68;32.9;19.1;2.745;1.745;1.019;2.822;0.090;1.780;3498
B3155D;2015/03/03 01:23:45;3498;73;31.2;18.9;2.745;1.758;1.019;2.838;0.090;1.800;3499
B3155D;2015/03/03 01:23:54;3499;63;29.6;18.9;2.780;1.758;1.035;2.838;0.090;1.787;3500
B3155D;2015/03/03 01:24:04;3500;73;30.6;19.1;2.590;1.767;1.035;2.838;0.087;1.816;3501
B3155D;2015/03/03 01:24:14;3501;58;30.6;18.5;2.732;1.767;1.029;2.838;0.087;1.780;3502
B3155D;2015/03/03 01:24:25;3502;69;34.1;19.2;2.616;1.767;1.029;2.838;0.087;1.825;3503
B3155D;2015/03/03 01:24:34;3503;54;33.5;18.9;2.606;1.767;0.990;2.838;0.087;1.825;3504
B3155D;2015/03/03 01:24:44;3504;66;34.8;19.1;2.600;1.761;0.990;2.838;0.087;1.822;3505
B3155D;2015/03/03 01:24:54;3505;59;32.2;18.9;2.593;1.761;1.029;2.838;0.087;1.864;3506
B3155D;2015/03/03 01:25:05;3506;71;31.6;18.4;2.770;1.764;1.029;2.825;0.087;1.874;3507
B3155D;2015/03/03 01:25:14;3507;63;30.6;18.4;2.716;1.764;0.983;2.825;0.087;1.867;3508
B3155D;2015/03/03 01:25:25;3508;73;29.3;18.9;2.606;1.745;0.983;2.825;0.093;1.858;3509
B3155D;2015/03/03 01:25:34;3509;62;29.0;19.6;2.612;1.745;0.990;2.825;0.093;1.861;3510
B3155D;2015/03/03 01:25:45;3510;71;29.6;19.1;2.590;1.770;0.990;2.825;0.093;1.838;3511
B3155D;2015/03/03 01:25:54;3511;74;30.0;18.7;2.670;1.770;1.041;2.825;0.093;1.845;3512
B3155D;2015/03/03 01:26:04;3512;76;31.9;19.6;2.690;1.745;1.041;2.825;0.167;1.825;3513
B3155D;2015/03/03 01:26:14;3513;66;32.5;18.4;2.619;1.745;1.038;2.825;0.167;1.819;3514
B3155D;2015/03/03 01:26:25;3514;78;31.6;19.2;2.677;1.777;1.038;2.832;0.167;1.838;3515
B3155D;2015/03/03 01:26:34;3515;63;31.9;18.7;2.774;1.777;0.990;2.832;0.167;1.806;3516
B3155D;2015/03/03 01:26:44;3516;76;30.9;19.2;2.777;1.777;0.990;2.832;0.116;1.816;3517
B3155D;2015/03/03 01:26:54;3517;60;30.3;18.9;2.596;1.777;1.029;2.832;0.116;1.806;3518
B3155D;2015/03/03 01:27:05;3518;74;32.2;18.9;2.735;1.770;1.029;2.793;0.116;1.800;3519
B3155D;2015/03/03 01:27:14;3519;66;30.3;19.1;2.758;1.770;1.035;2.793;0.116;1.803;3520
B3155D;2015/03/03 01:27:24;3520;74;34.1;19.4;2.603;1.770;1.035;2.793;0.087;1.819;3521
B3155D;2015/03/03 01:27:34;3521;59;28.7;19.1;2.677;1.770;0.990;2.793;0.087;1.845;3522
B3155D;2015/03/03 01:27:45;3522;64;30.3;19.1;2.748;1.758;0.990;2.832;0.087;1.838;3523
B3155D;2015/03/03 01:27:54;3523;56;30.6;18.5;2.738;1.758;1.038;2.832;0.087;1.867;3524
B3155D;2015/03/03 01:28:05;3524;66;29.3;19.2;2.629;1.774;1.038;2.832;0.090;1.851;3525
B3155D;2015/03/03 01:28:14;3525;64;28.7;19.1;2.709;1.774;1.003;2.832;0.090;1.819;3526
B3155D;2015/03/03 01:28:25;3526;72;32.9;19.1;2.593;1.770;1.003;2.825;0.090;1.864;3527
B3155D;2015/03/03 01:28:34;3527;60;30.3;18.7;2.609;1.770;1.000;2.825;0.090;1.832;3528
B3155D;2015/03/03 01:28:45;3528;75;32.9;19.2;2.767;1.745;1.000;2.825;0.099;1.841;3529
B3155D;2015/03/03 01:28:54;3529;71;29.6;19.6;2.600;1.745;1.009;2.825;0.099;1.841;3530
B3155D;2015/03/03 01:29:05;3530;59;30.0;18.5;2.583;1.777;1.009;2.832;0.099;1.858;3531
B3155D;2015/03/03 01:29:14;3531;53;32.2;18.7;2.612;1.777;0.996;2.832;0.099;1.838;3532
B3155D;2015/03/03 01:29:24;3532;66;32.9;19.1;2.770;1.745;0.996;2.832;0.135;1.858;3533
B3155D;2015/03/03 01:29:34;3533;63;32.2;18.9;2.632;1.745;1.035;2.832;0.135;1.877;3534
B3155D;2015/03/03 01:29:45;3534;67;30.0;19.2;2.706;1.745;1.035;2.793;0.135;1.867;3535
B3155D;2015/03/03 01:29:54;3535;64;31.6;18.7;2.632;1.745;0.987;2.793;0.135;1.883;3536
B3155D;2015/03/03 01:30:05;3536;65;29.3;19.1;2.735;1.777;0.987;2.793;0.093;1.925;3537
B3155D;2015/03/03 01:30:14;3537;63;30.6;19.2;2.748;1.777;1.000;2.793;0.093;1.945;3538
B3155D;2015/03/03 01:30:25;3538;68;30.0;19.2;2.729;1.761;1.000;2.816;0.093;1.951;3539
B3155D;2015/03/03 01:30:34;3539;60;34.8;19.1;2.777;1.761;1.000;2.816;0.093;1.912;3540
B3155D;2015/03/03 01:30:44;3540;62;31.2;19.2;2.603;1.745;1.000;2.816;0.129;1.896;3541
B3155D;2015/03/03 01:30:54;3541;65;31.2;19.2;2.735;1.745;0.987;2.816;0.129;1.880;3542
B3155D;2015/03/03 01:31:05;3542;73;29.3;18.9;2.729;1.764;0.987;2.787;0.129;1.858;3543
B3155D;2015/03/03 01:31:14;3543;74;32.5;19.1;2.735;1.764;0.987;2.787;0.129;1.838;3544
B3155D;2015/03/03 01:31:24;3544;63;33.5;19.1;2.745;1.745;0.987;2.787;0.116;1.809;3545
B3155D;2015/03/03 01:31:34;3545;68;30.3;18.7;2.732;1.745;0.996;2.787;0.116;1.800;3546
B3155D;2015/03/03 01:31:45;3546;63;34.1;18.9;2.622;1.770;0.996;2.796;0.116;1.829;3547
B3155D;2015/03/03 01:31:54;3547;63;30.0;19.2;2.625;1.770;1.038;2.796;0.116;1.829;3548
B3155D;2015/03/03 01:32:05;3548;58;35.4;19.1;2.603;1.767;1.038;2.796;0.093;1.825;3549
B3155D;2015/03/03 01:32:14;3549;55;31.6;19.6;2.780;1.767;0.983;2.796;0.093;1.825;3550
B3155D;2015/03/03 01:32:25;3550;74;33.5;19.1;2.606;1.745;0.983;2.799;0.093;1.812;3551
B3155D;2015/03/03 01:32:34;3551;53;32.5;19.1;2.770;1.745;0.990;2.799;0.093;1.816;3552
B3155D;2015/03/03 01:32:44;3552;69;32.9;18.9;2.670;1.777;0.990;2.799;0.090;1.835;3553
B3155D;2015/03/03 01:32:54;3553;63;30.9;19.2;2.596;1.777;0.990;2.799;0.090;1.793;3554
B3155D;2015/03/03 01:33:05;3554;68;32.9;18.7;2.706;1.777;0.990;2.790;0.090;1.829;3555
B3155D;2015/03/03 01:33:14;3555;61;34.5;19.1;2.783;1.777;1.006;2.790;0.090;1.832;3556
B3155D;2015/03/03 01:33:24;3556;67;31.2;19.1;2.754;1.780;1.006;2.790;0.087;1.809;3557
B3155D;2015/03/03 01:33:34;3557;64;29.6;19.1;2.741;1.780;1.029;2.790;0.087;1.819;3558
B3155D;2015/03/03 01:33:45;3558;68;32.9;18.7;2.764;1.745;1.029;2.793;0.087;1.812;3559
B3155D;2015/03/03 01:33:54;3559;69;30.0;19.2;2.587;1.745;0.983;2.793;0.087;1.796;3560
B3155D;2015/03/03 01:34:04;3560;64;33.5;19.4;2.612;1.761;0.983;2.793;0.090;1.793;3561
B3155D;2015/03/03 01:34:14;3561;66;31.2;19.2;2.612;1.761;0.990;2.793;0.090;1.803;3562
B3155D;2015/03/03 01:34:25;3562;80;29.6;18.9;2.616;1.745;0.990;2.806;0.090;1.800;3563
B3155D;2015/03/03 01:34:34;3563;61;30.9;19.2;2.603;1.745;0.987;2.806;0.090;1.806;3564
B3155D;2015/03/03 01:34:44;3564;68;30.3;19.4;2.583;1.761;0.987;2.806;0.103;1.803;3565
B3155D;2015/03/03 01:34:54;3565;69;30.9;19.6;2.764;1.761;1.022;2.806;0.103;1.803;3566
B3155D;2015/03/03 01:35:05;3566;70;30.3;18.7;2.745;1.748;1.022;2.825;0.103;1.796;3567
B3155D;2015/03/03 01:35:14;3567;70;31.9;18.4;2.641;1.748;1.038;2.825;0.103;1.803;3568
B3155D;2015/03/03 01:35:25;3568;65;32.9;18.9;2.764;1.748;1.038;2.825;0.103;1.793;3569
B3155D;2015/03/03 01:35:34;3569;65;29.3;18.7;2.777;1.748;0.983;2.825;0.103;1.800;3570
B3155D;2015/03/03 01:35:45;3570;71;32.9;19.6;2.780;1.748;0.983;2.803;0.103;1.787;3571
B3155D;2015/03/03 01:35:54;3571;63;32.5;19.1;2.593;1.748;1.032;2.803;0.103;1.783;3572
B3155D;2015/03/03 01:36:04;3572;64;34.1;19.4;2.593;1.767;1.032;2.803;0.132;1.800;3573
B3155D;2015/03/03 01:36:14;3573;53;32.2;18.7;2.612;1.767;1.035;2.803;0.132;1.783;3574
B3155D;2015/03/03 01:36:25;3574;67;30.9;18.2;2.603;1.777;1.035;2.790;0.132;1.780;3575
B3155D;2015/03/03 01:36:34;3575;57;33.8;19.6;2.780;1.777;1.000;2.790;0.132;1.761;3576
B3155D;2015/03/03 01:36:44;3576;73;29.3;19.1;2.583;1.764;1.000;2.790;0.099;1.787;3577
B3155D;2015/03/03 01:36:54;3577;63;31.9;19.2;2.770;1.764;0.990;2.790;0.099;1.751;3578
B3155D;2015/03/03 01:37:05;3578;78;30.6;19.2;2.687;1.745;0.990;2.832;0.099;1.745;3579
B3155D;2015/03/03 01:37:14;3579;68;30.9;18.9;2.606;1.745;1.032;2.832;0.099;1.754;3580
B3155D;2015/03/03 01:37:24;3580;74;29.3;19.2;2.629;1.774;1.032;2.832;0.080;1.748;3581
B3155D;2015/03/03 01:37:34;3581;57;33.5;18.7;2.699;1.774;1.003;2.832;0.080;1.758;3582
B3155D;2015/03/03 01:37:45;3582;67;32.9;19.2;2.622;1.777;1.003;2.816;0.080;1.777;3583
B3155D;2015/03/03 01:37:54;3583;69;34.5;18.4;2.761;1.777;1.032;2.816;0.080;1.764;3584
B3155D;2015/03/03 01:38:04;3584;80;34.5;18.9;2.767;1.745;1.032;2.816;0.161;1.767;3585
B3155D;2015/03/03 01:38:14;3585;60;31.9;18.5;2.729;1.745;0.993;2.816;0.161;1.745;3586
B3155D;2015/03/03 01:38:25;3586;67;28.7;19.1;2.777;1.741;0.993;2.832;0.161;1.777;3587
B3155D;2015/03/03 01:38:34;3587;61;29.0;19.2;2.719;1.741;1.006;2.832;0.161;1.745;3588
B3155D;2015/03/03 01:38:45;3588;69;31.9;19.4;2.770;1.764;1.006;2.832;0.099;1.751;3589
B3155D;2015/03/03 01:38:54;3589;67;30.3;19.2;2.777;1.764;1.032;2.832;0.099;1.712;3590
B3155D;2015/03/03 01:39:05;3590;72;31.6;18.7;2.635;1.745;1.032;2.796;0.099;1.732;3591
B3155D;2015/03/03 01:39:14;3591;59;28.0;18.9;2.716;1.745;0.996;2.796;0.099;1.696;3592
B3155D;2015/03/03 01:39:25;3592;64;32.2;18.7;2.770;1.741;0.996;2.796;0.138;1.706;3593
B3155D;2015/03/03 01:39:34;3593;59;30.0;18.7;2.590;1.741;0.983;2.796;0.138;1.703;3594
B3155D;2015/03/03 01:39:45;3594;63;33.5;19.2;2.770;1.777;0.983;2.819;0.138;1.745;3595
B3155D;2015/03/03 01:39:54;3595;64;33.8;19.2;2.593;1.777;1.003;2.819;0.138;1.712;3596
B3155D;2015/03/03 01:40:05;3596;74;29.3;19.2;2.748;1.777;1.003;2.819;0.103;1.712;3597
B3155D;2015/03/03 01:40:14;3597;68;28.0;18.7;2.612;1.777;1.006;2.819;0.103;1.709;3598
B3155D;2015/03/03 01:40:25;3598;73;30.9;19.2;2.770;1.777;1.006;2.812;0.103;1.687;3599
B3155D;2015/03/03 01:40:34;3599;68;28.7;18.9;2.590;1.777;1.006;2.812;0.103;1.706;3600
B3155D;2015/03/03 01:40:44;3600;71;34.1;18.7;2.716;1.758;1.006;2.812;0.087;1.716;3601
B3155D;2015/03/03 01:40:54;3601;75;30.0;18.7;2.645;1.758;1.032;2.812;0.087;1.703;3602
B3155D;2015/03/03 01:41:05;3602;70;33.5;19.6;2.677;1.745;1.032;2.816;0.087;1.706;3603
B3155D;2015/03/03 01:41:14;3603;70;31.9;19.2;2.625;1.745;1.035;2.816;0.087;1.651;3604
B3155D;2015/03/03 01:41:25;3604;69;31.2;19.4;2.758;1.770;1.035;2.816;0.080;1.670;3605
B3155D;2015/03/03 01:41:34;3605;72;32.2;19.4;2.777;1.770;0.983;2.816;0.080;1.654;3606
B3155D;2015/03/03 01:41:45;3606;69;33.5;18.9;2.625;1.777;0.983;2.812;0.080;1.680;3607
B3155D;2015/03/03 01:41:54;3607;69;33.8;18.9;2.590;1.777;1.025;2.812;0.080;1.638;3608
B3155D;2015/03/03 01:42:04;3608;70;30.0;18.9;2.770;1.758;1.025;2.812;0.090;1.680;3609
B3155D;2015/03/03 01:42:14;3609;64;32.9;19.2;2.606;1.758;0.983;2.812;0.090;1.670;3610
B3155D;2015/03/03 01:42:25;3610;64;35.1;19.2;2.670;1.761;0.983;2.841;0.090;1.674;3611
B3155D;2015/03/03 01:42:34;3611;66;31.9;19.2;2.777;1.761;1.035;2.841;0.090;1.687;3612
B3155D;2015/03/03 01:42:45;3612;67;29.6;19.1;2.600;1.777;1.035;2.841;0.148;1.690;3613
B3155D;2015/03/03 01:42:54;3613;63;29.0;19.1;2.590;1.777;0.990;2.841;0.148;1.664;3614
B3155D;2015/03/03 01:43:05;3614;73;33.8;19.1;2.745;1.770;0.990;2.838;0.148;1.706;3615
B3155D;2015/03/03 01:43:14;3615;66;30.6;18.4;2.780;1.770;0.983;2.838;0.148;1.716;3616
B3155D;2015/03/03 01:43:25;3616;63;28.7;19.1;2.622;1.751;0.983;2.838;0.090;1.693;3617
B3155D;2015/03/03 01:43:34;3617;71;33.2;19.1;2.596;1.751;1.019;2.838;0.090;1.661;3618
B3155D;2015/03/03 01:43:45;3618;57;30.3;19.1;2.619;1.767;1.019;2.838;0.090;1.709;3619
B3155D;2015/03/03 01:43:54;3619;69;30.6;19.2;2.606;1.767;1.029;2.838;0.090;1.667;3620
B3155D;2015/03/03 01:44:04;3620;71;30.6;18.9;2.751;1.777;1.029;2.838;0.099;1.667;3621
B3155D;2015/03/03 01:44:14;3621;69;29.0;19.1;2.661;1.777;1.025;2.838;0.099;1.683;3622
B3155D;2015/03/03 01:44:25;3622;67;31.6;18.2;2.777;1.777;1.025;2.803;0.099;1.674;3623
B3155D;2015/03/03 01:44:34;3623;55;30.0;19.2;2.664;1.777;1.035;2.803;0.099;1.674;3624
B3155D;2015/03/03 01:44:45;3624;66;33.5;19.4;2.690;1.767;1.035;2.803;0.093;1.690;3625
B3155D;2015/03/03 01:44:54;3625;68;33.8;18.7;2.596;1.767;1.029;2.803;0.093;1.670;3626
B3155D;2015/03/03 01:45:05;3626;78;29.3;18.7;2.677;1.764;1.029;2.793;0.093;1.716;3627
B3155D;2015/03/03 01:45:14;3627;69;32.5;19.1;2.761;1.764;1.022;2.793;0.093;1.683;3628
B3155D;2015/03/03 01:45:25;3628;66;31.2;18.7;2.658;1.748;1.022;2.793;0.087;1.680;3629
B3155D;2015/03/03 01:45:34;3629;67;30.6;18.9;2.764;1.748;1.035;2.793;0.087;1.677;3630
B3155D;2015/03/03 01:45:45;3630;76;28.7;18.7;2.690;1.754;1.035;2.809;0.087;1.664;3631
B3155D;2015/03/03 01:45:54;3631;73;29.0;19.2;2.625;1.754;1.016;2.809;0.087;1.648;3632
B3155D;2015/03/03 01:46:05;3632;64;33.5;19.2;2.770;1.745;1.016;2.809;0.093;1.664;3633
B3155D;2015/03/03 01:46:14;3633;69;29.3;19.1;2.590;1.745;1.032;2.809;0.093;1.670;3634
B3155D;2015/03/03 01:46:25;3634;79;32.9;19.1;2.722;1.751;1.032;2.838;0.093;1.677;3635
B3155D;2015/03/03 01:46:34;3635;74;29.0;18.7;2.612;1.751;0.996;2.838;0.093;1.632;3636
B3155D;2015/03/03 01:46:45;3636;73;29.3;18.7;2.703;1.761;0.996;2.838;0.090;1.654;3637
B3155D;2015/03/03 01:46:54;3637;65;30.9;18.5;2.619;1.761;0.993;2.838;0.090;1.625;3638
B3155D;2015/03/03 01:47:05;3638;72;30.9;18.5;2.770;1.741;0.993;2.829;0.090;1.638;3639
B3155D;2015/03/03 01:47:14;3639;64;32.5;18.9;2.761;1.741;0.983;2.829;0.090;1.593;3640
B3155D;2015/03/03 01:47:25;3640;70;31.6;19.2;2.748;1.758;0.983;2.829;0.080;1.616;3641
B3155D;2015/03/03 01:47:34;3641;63;30.0;19.1;2.590;1.758;0.983;2.829;0.080;1.609;3642
B3155D;2015/03/03 01:47:45;3642;76;29.3;19.1;2.677;1.745;0.983;2.787;0.080;1.658;3643
B3155D;2015/03/03 01:47:54;3643;67;32.5;19.2;2.719;1.745;0.993;2.787;0.080;1.616;3644
B3155D;2015/03/03 01:48:04;3644;74;32.5;19.6;2.770;1.780;0.993;2.787;0.103;1.625;3645
B3155D;2015/03/03 01:48:14;3645;63;30.6;19.2;2.783;1.780;1.025;2.787;0.103;1.609;3646
B3155D;2015/03/03 01:48:25;3646;70;30.6;19.4;2.609;1.754;1.025;2.793;0.103;1.603;3647
B3155D;2015/03/03 01:48:34;3647;66;30.3;19.4;2.774;1.754;1.009;2.793;0.103;1.590;3648
B3155D;2015/03/03 01:48:45;3648;66;33.5;19.2;2.761;1.745;1.009;2.793;0.087;1.570;3649
B3155D;2015/03/03 01:48:54;3649;70;31.9;19.6;2.777;1.745;1.035;2.793;0.087;1.599;3650
B3155D;2015/03/03 01:49:05;3650;72;28.3;19.4;2.770;1.777;1.035;2.793;0.087;1.622;3651
B3155D;2015/03/03 01:49:14;3651;66;30.9;19.4;2.774;1.777;0.990;2.793;0.087;1.629;3652
B3155D;2015/03/03 01:49:25;3652;68;29.0;19.2;2.748;1.745;0.990;2.793;0.090;1.603;3653
B3155D;2015/03/03 01:49:34;3653;65;29.6;18.9;2.596;1.745;1.029;2.793;0.090;1.606;3654
B3155D;2015/03/03 01:49:45;3654;73;31.6;19.8;2.722;1.770;1.029;2.780;0.090;1.645;3655
B3155D;2015/03/03 01:49:54;3655;67;32.5;19.1;2.780;1.770;1.006;2.780;0.090;1.606;3656
B3155D;2015/03/03 01:50:05;3656;71;31.6;19.1;2.758;1.745;1.006;2.780;0.087;1.629;3657
B3155D;2015/03/03 01:50:14;3657;67;31.9;19.4;2.712;1.745;0.996;2.780;0.087;1.616;3658
B3155D;2015/03/03 01:50:25;3658;68;34.8;19.6;2.696;1.754;0.996;2.787;0.087;1.619;3659
B3155D;2015/03/03 01:50:34;3659;64;30.6;18.7;2.770;1.754;1.003;2.787;0.087;1.632;3660
B3155D;2015/03/03 01:50:45;3660;69;32.9;18.9;2.754;1.780;1.003;2.787;0.087;1.651;3661
B3155D;2015/03/03 01:50:54;3661;59;29.6;18.7;2.780;1.780;0.990;2.787;0.087;1.645;3662
B3155D;2015/03/03 01:51:05;3662;69;33.8;19.4;2.748;1.777;0.990;2.832;0.087;1.622;3663
B3155D;2015/03/03 01:51:14;3663;62;29.3;19.4;2.738;1.777;1.019;2.832;0.087;1.609;3664
B3155D;2015/03/03 01:51:25;3664;75;28.7;19.2;2.629;1.745;1.019;2.832;0.106;1.616;3665
B3155D;2015/03/03 01:51:34;3665;77;29.0;19.6;2.648;1.745;1.022;2.832;0.106;1.625;3666
B3155D;2015/03/03 01:51:45;3666;78;31.6;19.2;2.712;1.777;1.022;2.812;0.106;1.632;3667
B3155D;2015/03/03 01:51:54;3667;74;29.3;19.8;2.693;1.777;0.996;2.812;0.106;1.648;3668
B3155D;2015/03/03 01:52:05;3668;73;31.9;19.4;2.770;1.754;0.996;2.812;0.093;1.629;3669
B3155D;2015/03/03 01:52:14;3669;70;30.0;19.1;2.600;1.754;0.990;2.812;0.093;1.651;3670
B3155D;2015/03/03 01:52:25;3670;74;30.3;19.1;2.619;1.780;0.990;2.796;0.093;1.661;3671
B3155D;2015/03/03 01:52:34;3671;67;31.2;19.6;2.593;1.780;1.032;2.796;0.093;1.641;3672
B3155D;2015/03/03 01:52:45;3672;62;30.0;19.2;2.770;1.745;1.032;2.796;0.103;1.654;3673
B3155D;2015/03/03 01:52:54;3673;54;32.2;19.1;2.600;1.745;1.032;2.796;0.103;1.645;3674
B3155D;2015/03/03 01:53:05;3674;64;30.3;19.4;2.770;1.780;1.032;2.796;0.103;1.645;3675
B3155D;2015/03/03 01:53:14;3675;67;34.5;19.4;2.783;1.780;1.025;2.796;0.103;1.687;3676
B3155D;2015/03/03 01:53:25;3676;68;29.3;19.4;2.680;1.745;1.025;2.796;0.109;1.645;3677
B3155D;2015/03/03 01:53:34;3677;56;33.8;18.7;2.722;1.745;0.983;2.796;0.109;1.632;3678
B3155D;2015/03/03 01:53:45;3678;69;34.1;19.2;2.709;1.745;0.983;2.838;0.109;1.667;3679
B3155D;2015/03/03 01:53:54;3679;58;30.9;18.4;2.583;1.745;0.983;2.838;0.109;1.609;3680
B3155D;2015/03/03 01:54:05;3680;68;32.5;18.9;2.754;1.777;0.983;2.838;0.109;1.619;3681
B3155D;2015/03/03 01:54:14;3681;72;29.3;18.7;2.606;1.777;0.996;2.838;0.109;1.645;3682
B3155D;2015/03/03 01:54:25;3682;76;29.6;18.5;2.670;1.764;0.996;2.835;0.109;1.625;3683
B3155D;2015/03/03 01:54:34;3683;63;33.2;19.2;2.587;1.764;0.990;2.835;0.109;1.619;3684
B3155D;2015/03/03 01:54:45;3684;69;31.9;19.4;2.616;1.754;0.990;2.835;0.103;1.645;3685
B3155D;2015/03/03 01:54:54;3685;58;31.2;18.5;2.738;1.754;1.006;2.835;0.103;1.629;3686
B3155D;2015/03/03 01:55:05;3686;74;33.5;18.7;2.670;1.767;1.006;2.796;0.103;1.641;3687
B3155D;2015/03/03 01:55:14;3687;73;31.2;18.5;2.745;1.767;0.987;2.796;0.103;1.590;3688
B3155D;2015/03/03 01:55:25;3688;66;32.5;18.7;2.777;1.761;0.987;2.796;0.116;1.635;3689
B3155D;2015/03/03 01:55:34;3689;75;32.5;19.2;2.719;1.761;1.003;2.796;0.116;1.635;3690
B3155D;2015/03/03 01:55:45;3690;58;33.5;19.2;2.780;1.764;1.003;2.832;0.116;1.654;3691
B3155D;2015/03/03 01:55:54;3691;61;31.9;18.4;2.745;1.764;0.983;2.832;0.116;1.625;3692
B3155D;2015/03/03 01:56:05;3692;74;29.3;19.1;2.780;1.745;0.983;2.832;0.087;1.596;3693
B3155D;2015/03/03 01:56:14;3693;68;30.6;18.7;2.770;1.745;1.012;2.832;0.087;1.596;3694
B3155D;2015/03/03 01:56:25;3694;71;32.5;19.1;2.670;1.780;1.012;2.832;0.087;1.609;3695
B3155D;2015/03/03 01:56:34;3695;70;29.6;18.9;2.758;1.780;1.038;2.832;0.087;1.593;3696
B3155D;2015/03/03 01:56:45;3696;74;28.7;19.1;2.619;1.745;1.038;2.832;0.096;1.619;3697
B3155D;2015/03/03 01:56:54;3697;63;29.3;19.2;2.583;1.745;0.990;2.832;0.096;1.599;3698
B3155D;2015/03/03 01:57:05;3698;67;29.3;19.2;2.661;1.745;0.990;2.825;0.096;1.583;3699
B3155D;2015/03/03 01:57:14;3699;71;32.2;19.2;2.632;1.745;1.009;2.825;0.096;1.577;3700
B3155D;2015/03/03 01:57:25;3700;78;30.9;18.9;2.622;1.751;1.009;2.825;0.087;1.564;3701
B3155D;2015/03/03 01:57:34;3701;70;30.6;19.2;2.593;1.751;1.038;2.825;0.087;1.564;3702
B3155D;2015/03/03 01:57:45;3702;68;31.2;19.2;2.606;1.780;1.038;2.838;0.087;1.638;3703
B3155D;2015/03/03 01:57:54;3703;60;31.6;19.2;2.619;1.780;1.029;2.838;0.087;1.609;3704
B3155D;2015/03/03 01:58:05;3704;71;28.3;19.4;2.751;1.745;1.029;2.838;0.103;1.596;3705
B3155D;2015/03/03 01:58:14;3705;75;28.7;19.2;2.751;1.745;0.987;2.838;0.103;1.596;3706
B3155D;2015/03/03 01:58:25;3706;63;33.5;19.1;2.619;1.754;0.987;2.829;0.103;1.612;3707
B3155D;2015/03/03 01:58:34;3707;58;30.6;18.4;2.780;1.754;0.996;2.829;0.103;1.638;3708
B3155D;2015/03/03 01:58:45;3708;71;30.9;19.1;2.767;1.745;0.996;2.829;0.080;1.629;3709
B3155D;2015/03/03 01:58:54;3709;77;30.0;19.1;2.780;1.745;1.006;2.829;0.080;1.616;3710
B3155D;2015/03/03 01:59:05;3710;69;29.3;18.9;2.770;1.745;1.006;2.793;0.080;1.612;3711
B3155D;2015/03/03 01:59:14;3711;66;32.9;19.2;2.690;1.745;1.032;2.793;0.080;1.638;3712
B3155D;2015/03/03 01:59:25;3712;70;28.7;19.2;2.748;1.783;1.032;2.793;0.174;1.651;3713
B3155D;2015/03/03 01:59:34;3713;76;34.8;18.9;2.603;1.783;1.032;2.793;0.174;1.632;3714
B3155D;2015/03/03 01:59:45;3714;69;32.9;19.1;2.593;1.748;1.032;2.832;0.174;1.619;3715
B3155D;2015/03/03 01:59:54;3715;58;30.6;18.7;2.777;1.748;1.035;2.832;0.174;1.638;3716
B3155D;2015/03/03 02:00:05;3716;74;30.0;19.2;2.770;1.754;1.035;2.832;0.109;1.629;3717
B3155D;2015/03/03 02:00:14;3717;58;28.7;19.1;2.706;1.754;0.987;2.832;0.109;1.632;3718
B3155D;2015/03/03 02:00:25;3718;57;30.9;19.8;2.722;1.770;0.987;2.793;0.109;1.622;3719
B3155D;2015/03/03 02:00:34;3719;65;29.0;19.4;2.648;1.770;1.029;2.793;0.109;1.583;3720
B3155D;2015/03/03 02:00:45;3720;67;29.3;19.2;2.761;1.767;1.029;2.793;0.141;1.632;3721
B3155D;2015/03/03 02:00:54;3721;65;28.3;19.6;2.738;1.767;0.983;2.793;0.141;1.590;3722
