B31570;2015/03/04 00:00:02;142;85;25.1;-25.8;2.409;1.532;1.232;2.509;0.093;0.416;143
B31570;2015/03/04 00:00:37;0;1;28.3;-25.8;2.251;-1.000;-1.000;-1.000;-1.000;0.409;1
B31570;2015/03/04 00:00:56;1;85;26.4;-25.6;2.358;-1.000;-1.000;-1.000;-1.000;0.399;2
B31570;2015/03/04 00:01:07;2;75;26.1;-25.8;2.567;1.229;-1.000;2.548;-1.000;0.412;3
B31570;2015/03/04 00:01:16;3;74;24.1;-25.8;2.387;1.229;1.261;2.548;-1.000;0.435;4
B31570;2015/03/04 00:01:27;4;83;30.6;-25.8;2.500;1.341;1.261;2.548;0.158;0.422;5
B31570;2015/03/04 00:01:36;5;71;28.0;-25.8;2.396;1.341;1.225;2.548;0.158;0.432;6
B31570;2015/03/04 00:01:47;6;68;26.1;-25.6;2.399;1.396;1.225;2.383;0.158;0.409;7
B31570;2015/03/04 00:01:56;7;74;23.8;-25.4;2.403;1.396;1.203;2.383;0.158;0.422;8
B31570;2015/03/04 00:02:07;8;74;24.5;-25.6;2.387;1.454;1.203;2.383;0.174;0.438;9
B31570;2015/03/04 00:02:16;9;74;28.7;-25.4;2.390;1.454;1.245;2.383;0.174;0.409;10
B31570;2015/03/04 00:02:27;10;67;29.3;-25.8;2.409;1.480;1.245;2.470;0.174;0.409;11
B31570;2015/03/04 00:02:36;11;67;23.8;-25.4;2.396;1.480;1.241;2.470;0.174;0.429;12
B31570;2015/03/04 00:02:47;12;78;25.8;-25.6;2.396;1.477;1.241;2.470;0.132;0.409;13
B31570;2015/03/04 00:02:56;13;78;29.0;-25.2;2.570;1.477;1.241;2.470;0.132;0.403;14
B31570;2015/03/04 00:03:07;14;81;25.4;-25.6;2.583;1.496;1.241;2.496;0.132;0.416;15
B31570;2015/03/04 00:03:16;15;83;29.6;-25.4;2.422;1.496;1.245;2.496;0.132;0.403;16
B31570;2015/03/04 00:03:27;16;81;24.5;-25.8;2.583;1.493;1.245;2.496;0.138;0.403;17
B31570;2015/03/04 00:03:36;17;81;28.0;-25.8;2.587;1.493;1.199;2.496;0.138;0.432;18
B31570;2015/03/04 00:03:47;18;83;26.7;-25.8;2.538;1.512;1.199;2.519;0.138;0.432;19
B31570;2015/03/04 00:03:56;19;86;26.1;-25.8;2.587;1.512;1.199;2.519;0.138;0.419;20
B31570;2015/03/04 00:04:07;20;79;28.3;-25.4;2.412;1.532;1.199;2.519;0.112;0.425;21
B31570;2015/03/04 00:04:16;21;73;28.7;-25.4;2.435;1.532;1.222;2.519;0.112;0.403;22
B31570;2015/03/04 00:04:27;22;65;25.1;-25.8;2.425;1.503;1.222;2.487;0.112;0.412;23
B31570;2015/03/04 00:04:36;23;71;23.8;-25.8;2.387;1.503;1.187;2.487;0.112;0.396;24
B31570;2015/03/04 00:04:47;24;83;29.0;-25.8;2.470;1.509;1.187;2.487;0.203;0.409;25
B31570;2015/03/04 00:04:56;25;75;28.0;-25.8;2.567;1.509;1.209;2.487;0.203;0.422;26
B31570;2015/03/04 00:05:07;26;73;29.3;-25.8;2.480;1.529;1.209;2.477;0.203;0.406;27
B31570;2015/03/04 00:05:16;27;75;28.0;-25.2;2.577;1.529;1.212;2.477;0.203;0.412;28
B31570;2015/03/04 00:05:27;28;65;26.1;-25.8;2.570;1.535;1.212;2.477;0.119;0.403;29
B31570;2015/03/04 00:05:36;29;73;26.7;-25.8;2.451;1.535;1.238;2.477;0.119;0.403;30
B31570;2015/03/04 00:05:47;30;83;27.0;-25.4;2.496;1.532;1.238;2.509;0.119;0.419;31
B31570;2015/03/04 00:05:56;31;74;28.0;-25.2;2.490;1.532;1.232;2.509;0.119;0.435;32
B31570;2015/03/04 00:06:07;32;77;25.1;-25.8;2.396;1.519;1.232;2.509;0.125;0.416;33
B31570;2015/03/04 00:06:16;33;78;29.3;-25.6;2.470;1.519;1.199;2.509;0.125;0.419;34
B31570;2015/03/04 00:06:27;34;75;27.0;-25.4;2.412;1.516;1.199;2.483;0.125;0.409;35
B31570;2015/03/04 00:06:36;35;79;26.7;-25.8;2.441;1.516;1.245;2.483;0.125;0.429;36
B31570;2015/03/04 00:06:47;36;80;28.0;-25.8;2.477;1.535;1.245;2.483;0.106;0.412;37
B31570;2015/03/04 00:06:56;37;62;27.0;-25.8;2.467;1.535;1.190;2.483;0.106;0.396;38
B31570;2015/03/04 00:07:07;38;70;29.3;-24.7;2.561;1.516;1.190;2.487;0.106;0.396;39
B31570;2015/03/04 00:07:16;39;75;27.7;-25.4;2.577;1.516;1.232;2.487;0.106;0.403;40
B31570;2015/03/04 00:07:27;40;82;28.0;-25.8;2.561;1.525;1.232;2.487;0.183;0.403;41
B31570;2015/03/04 00:07:36;41;80;26.1;-25.8;2.432;1.525;1.212;2.487;0.183;0.403;42
B31570;2015/03/04 00:07:47;42;86;24.1;-25.8;2.509;1.541;1.212;2.532;0.183;0.425;43
B31570;2015/03/04 00:07:56;43;80;26.7;-25.6;2.412;1.541;1.190;2.532;0.183;0.403;44
B31570;2015/03/04 00:08:07;44;82;30.0;-25.8;2.590;1.525;1.190;2.532;0.093;0.396;45
B31570;2015/03/04 00:08:16;45;76;27.4;-25.4;2.406;1.525;1.190;2.532;0.093;0.403;46
B31570;2015/03/04 00:08:27;46;73;28.7;-25.8;2.483;1.525;1.190;2.532;0.093;0.419;47
B31570;2015/03/04 00:08:36;47;70;27.7;-25.4;2.567;1.525;1.199;2.532;0.093;0.403;48
B31570;2015/03/04 00:08:47;48;80;26.7;-25.6;2.583;1.532;1.199;2.532;0.103;0.419;49
B31570;2015/03/04 00:08:56;49;74;28.0;-25.2;2.512;1.532;1.206;2.532;0.103;0.406;50
B31570;2015/03/04 00:09:07;50;76;26.4;-25.6;2.403;1.522;1.206;2.519;0.103;0.412;51
B31570;2015/03/04 00:09:16;51;81;27.7;-25.2;2.509;1.522;1.209;2.519;0.103;0.403;52
B31570;2015/03/04 00:09:27;52;70;26.7;-25.6;2.558;1.551;1.209;2.519;0.093;0.425;53
B31570;2015/03/04 00:09:36;53;67;28.0;-25.8;2.396;1.551;1.203;2.519;0.093;0.406;54
B31570;2015/03/04 00:09:47;54;76;30.0;-25.8;2.583;1.535;1.203;2.506;0.093;0.425;55
B31570;2015/03/04 00:09:56;55;66;26.4;-25.8;2.435;1.535;1.203;2.506;0.093;0.412;56
B31570;2015/03/04 00:10:07;56;82;25.8;-25.6;2.399;1.551;1.203;2.506;0.135;0.438;57
B31570;2015/03/04 00:10:16;57;70;28.0;-25.4;2.435;1.551;1.187;2.506;0.135;0.416;58
B31570;2015/03/04 00:10:27;58;84;26.7;-25.6;2.393;1.538;1.187;2.535;0.135;0.412;59
B31570;2015/03/04 00:10:36;59;73;29.3;-25.4;2.393;1.538;1.190;2.535;0.135;0.422;60
B31570;2015/03/04 00:10:47;60;83;24.5;-25.8;2.519;1.522;1.190;2.535;0.135;0.409;61
B31570;2015/03/04 00:10:56;61;73;23.8;-25.8;2.396;1.522;1.190;2.535;0.135;0.403;62
B31570;2015/03/04 00:11:07;62;78;24.1;-25.8;2.570;1.529;1.190;2.532;0.135;0.406;63
B31570;2015/03/04 00:11:16;63;67;23.8;-25.8;2.399;1.529;1.245;2.532;0.135;0.412;64
B31570;2015/03/04 00:11:27;64;68;28.0;-25.8;2.580;1.545;1.245;2.532;0.099;0.425;65
B31570;2015/03/04 00:11:36;65;71;25.1;-25.8;2.409;1.545;1.193;2.532;0.099;0.403;66
B31570;2015/03/04 00:11:47;66;74;28.3;-25.8;2.438;1.545;1.193;2.512;0.099;0.435;67
B31570;2015/03/04 00:11:56;67;76;23.8;-25.8;2.406;1.545;1.203;2.512;0.099;0.425;68
B31570;2015/03/04 00:12:11;0;1;24.1;-25.8;2.164;-1.000;-1.000;-1.000;-1.000;0.429;1
B31570;2015/03/04 00:12:30;1;86;29.0;-25.8;2.341;-1.000;-1.000;-1.000;-1.000;0.409;2
B31570;2015/03/04 00:12:41;2;72;25.1;-25.6;2.390;1.351;-1.000;2.622;-1.000;0.406;3
B31570;2015/03/04 00:12:50;3;80;25.8;-25.8;2.416;1.351;1.206;2.622;-1.000;0.422;4
B31570;2015/03/04 00:13:01;4;69;30.6;-25.8;2.458;1.387;1.206;2.622;0.141;0.432;5
B31570;2015/03/04 00:13:10;5;78;24.8;-25.8;2.403;1.387;1.225;2.622;0.141;0.438;6
B31570;2015/03/04 00:13:21;6;78;30.0;-25.8;2.577;1.435;1.225;2.464;0.141;0.422;7
B31570;2015/03/04 00:13:30;7;74;28.0;-25.8;2.525;1.435;1.196;2.464;0.141;0.425;8
B31570;2015/03/04 00:13:41;8;88;30.3;-25.8;2.419;1.490;1.196;2.464;0.119;0.412;9
B31570;2015/03/04 00:13:50;9;73;24.5;-25.8;2.583;1.490;1.245;2.464;0.119;0.409;10
B31570;2015/03/04 00:14:01;10;77;25.4;-25.8;2.580;1.509;1.245;2.506;0.119;0.409;11
B31570;2015/03/04 00:14:10;11;76;26.4;-25.8;2.432;1.509;1.216;2.506;0.119;0.416;12
B31570;2015/03/04 00:14:21;12;88;25.1;-25.8;2.538;1.529;1.216;2.506;0.138;0.435;13
B31570;2015/03/04 00:14:30;13;81;26.1;-25.8;2.587;1.529;1.206;2.506;0.138;0.435;14
B31570;2015/03/04 00:14:41;14;82;26.7;-25.4;2.406;1.506;1.206;2.535;0.138;0.412;15
B31570;2015/03/04 00:14:50;15;66;28.0;-25.8;2.393;1.506;1.245;2.535;0.138;0.422;16
B31570;2015/03/04 00:15:01;16;80;28.3;-25.8;2.496;1.503;1.245;2.535;0.141;0.403;17
B31570;2015/03/04 00:15:10;17;73;27.4;-25.6;2.396;1.503;1.238;2.535;0.141;0.409;18
B31570;2015/03/04 00:15:21;18;64;27.4;-25.8;2.412;1.506;1.238;2.506;0.141;0.409;19
B31570;2015/03/04 00:15:30;19;83;30.0;-25.8;2.490;1.506;1.193;2.506;0.141;0.409;20
B31570;2015/03/04 00:15:41;20;72;23.8;-25.8;2.516;1.509;1.193;2.506;0.116;0.409;21
B31570;2015/03/04 00:15:50;21;73;25.1;-25.8;2.425;1.509;1.245;2.506;0.116;0.435;22
B31570;2015/03/04 00:16:01;22;83;29.3;-25.8;2.425;1.545;1.245;2.522;0.116;0.406;23
B31570;2015/03/04 00:16:10;23;80;30.0;-25.6;2.412;1.545;1.238;2.522;0.116;0.419;24
B31570;2015/03/04 00:16:21;24;71;29.3;-25.8;2.516;1.516;1.238;2.522;0.135;0.419;25
B31570;2015/03/04 00:16:30;25;84;26.7;-25.8;2.432;1.516;1.245;2.522;0.135;0.425;26
B31570;2015/03/04 00:16:41;26;75;31.2;-25.8;2.390;1.538;1.245;2.529;0.135;0.419;27
B31570;2015/03/04 00:16:50;27;78;27.4;-25.8;2.580;1.538;1.216;2.529;0.135;0.412;28
B31570;2015/03/04 00:17:01;28;83;23.5;-25.8;2.506;1.541;1.216;2.529;0.138;0.416;29
B31570;2015/03/04 00:17:10;29;79;29.3;-25.4;2.422;1.541;1.187;2.529;0.138;0.412;30
B31570;2015/03/04 00:17:21;30;84;29.3;-25.8;2.500;1.519;1.187;2.551;0.138;0.425;31
B31570;2015/03/04 00:17:30;31;83;26.4;-25.8;2.538;1.519;1.199;2.551;0.138;0.406;32
B31570;2015/03/04 00:17:41;32;78;27.0;-25.6;2.506;1.538;1.199;2.551;0.106;0.419;33
B31570;2015/03/04 00:17:50;33;70;27.4;-25.4;2.429;1.538;1.241;2.551;0.106;0.403;34
B31570;2015/03/04 00:18:01;34;78;26.4;-25.6;2.399;1.519;1.241;2.525;0.106;0.403;35
B31570;2015/03/04 00:18:10;35;70;28.7;-25.4;2.387;1.519;1.190;2.525;0.106;0.403;36
B31570;2015/03/04 00:18:21;36;78;24.5;-25.8;2.590;1.538;1.190;2.525;0.190;0.419;37
B31570;2015/03/04 00:18:30;37;83;28.7;-25.8;2.483;1.538;1.196;2.525;0.190;0.403;38
B31570;2015/03/04 00:18:41;38;87;25.8;-25.6;2.467;1.522;1.196;2.525;0.190;0.416;39
B31570;2015/03/04 00:18:50;39;76;29.3;-25.6;2.487;1.522;1.193;2.525;0.190;0.435;40
B31570;2015/03/04 00:19:01;40;75;29.6;-25.8;2.412;1.532;1.193;2.525;0.216;0.412;41
B31570;2015/03/04 00:19:10;41;74;27.4;-25.2;2.583;1.532;1.235;2.525;0.216;0.399;42
B31570;2015/03/04 00:19:21;42;78;29.6;-25.8;2.403;1.558;1.235;2.525;0.216;0.412;43
B31570;2015/03/04 00:19:30;43;83;25.8;-25.8;2.399;1.558;1.248;2.525;0.216;0.419;44
B31570;2015/03/04 00:19:41;44;68;27.4;-25.6;2.564;1.548;1.248;2.525;0.112;0.435;45
B31570;2015/03/04 00:19:50;45;78;27.0;-25.8;2.541;1.548;1.212;2.525;0.112;0.432;46
B31570;2015/03/04 00:20:01;46;74;27.0;-25.4;2.506;1.538;1.212;2.577;0.112;0.412;47
B31570;2015/03/04 00:20:11;47;75;26.7;-25.8;2.470;1.538;1.193;2.577;0.112;0.432;48
B31570;2015/03/04 00:20:21;48;87;24.5;-25.6;2.583;1.532;1.193;2.577;0.174;0.425;49
B31570;2015/03/04 00:20:30;49;86;29.6;-25.4;2.548;1.532;1.193;2.577;0.174;0.406;50
B31570;2015/03/04 00:20:41;50;87;28.0;-25.6;2.393;1.525;1.193;2.574;0.174;0.409;51
B31570;2015/03/04 00:20:50;51;77;24.8;-25.8;2.399;1.525;1.193;2.574;0.174;0.425;52
B31570;2015/03/04 00:21:01;52;83;25.1;-25.8;2.583;1.532;1.193;2.574;0.112;0.403;53
B31570;2015/03/04 00:21:10;53;73;25.1;-25.8;2.412;1.532;1.190;2.574;0.112;0.412;54
B31570;2015/03/04 00:21:21;54;83;28.0;-25.8;2.512;1.554;1.190;2.538;0.112;0.406;55
B31570;2015/03/04 00:21:30;55;80;28.7;-25.4;2.435;1.554;1.241;2.538;0.112;0.425;56
B31570;2015/03/04 00:21:41;56;79;24.5;-25.8;2.551;1.525;1.241;2.538;0.158;0.409;57
B31570;2015/03/04 00:21:50;57;78;25.4;-25.8;2.432;1.525;1.193;2.538;0.158;0.409;58
B31570;2015/03/04 00:22:01;58;84;29.6;-25.8;2.438;1.545;1.193;2.554;0.158;0.416;59
B31570;2015/03/04 00:22:10;59;78;30.0;-25.8;2.538;1.545;1.238;2.554;0.158;0.422;60
B31570;2015/03/04 00:22:21;60;68;26.4;-25.4;2.490;1.532;1.238;2.554;0.106;0.409;61
B31570;2015/03/04 00:22:30;61;73;28.0;-25.6;2.399;1.532;1.229;2.554;0.106;0.441;62
B31570;2015/03/04 00:22:41;62;74;29.6;-25.8;2.425;1.561;1.229;2.506;0.106;0.445;63
B31570;2015/03/04 00:22:50;63;81;29.3;-25.4;2.587;1.561;1.229;2.506;0.106;0.438;64
B31570;2015/03/04 00:23:01;64;73;28.3;-25.4;2.412;1.532;1.229;2.506;0.096;0.416;65
B31570;2015/03/04 00:23:10;65;67;25.8;-25.8;2.509;1.532;1.212;2.506;0.096;0.435;66
B31570;2015/03/04 00:23:21;66;75;28.3;-25.8;2.477;1.535;1.212;2.548;0.096;0.429;67
B31570;2015/03/04 00:23:30;67;81;27.4;-25.8;2.451;1.535;1.209;2.548;0.096;0.416;68
B31570;2015/03/04 00:23:41;68;83;29.0;-25.8;2.583;1.532;1.209;2.548;0.154;0.409;69
B31570;2015/03/04 00:23:50;69;69;23.8;-25.8;2.412;1.532;1.190;2.548;0.154;0.419;70
B31570;2015/03/04 00:24:01;70;76;28.0;-25.8;2.529;1.535;1.190;2.529;0.154;0.416;71
B31570;2015/03/04 00:24:11;0;1;24.1;-25.8;2.054;-1.000;-1.000;-1.000;-1.000;0.406;1
B31570;2015/03/04 00:24:30;1;83;27.0;-25.6;2.351;-1.000;-1.000;-1.000;-1.000;0.422;2
B31570;2015/03/04 00:24:41;2;70;28.7;-25.8;2.583;1.325;-1.000;2.641;-1.000;0.403;3
B31570;2015/03/04 00:24:51;3;77;27.0;-25.8;2.419;1.325;1.261;2.641;-1.000;0.406;4
B31570;2015/03/04 00:25:01;4;68;25.4;-25.6;2.564;1.403;1.261;2.641;0.141;0.416;5
B31570;2015/03/04 00:25:11;5;78;26.1;-25.6;2.393;1.403;1.196;2.641;0.141;0.435;6
B31570;2015/03/04 00:25:21;6;82;25.1;-25.8;2.570;1.454;1.196;2.425;0.141;0.412;7
B31570;2015/03/04 00:25:31;7;72;27.4;-25.8;2.387;1.454;1.199;2.425;0.141;0.403;8
B31570;2015/03/04 00:25:41;8;85;25.8;-25.8;2.558;1.470;1.199;2.425;0.132;0.403;9
B31570;2015/03/04 00:25:51;9;82;28.0;-25.8;2.387;1.470;1.216;2.425;0.132;0.403;10
B31570;2015/03/04 00:26:01;10;73;25.1;-25.8;2.529;1.500;1.216;2.509;0.132;0.403;11
B31570;2015/03/04 00:26:11;11;79;25.4;-25.8;2.412;1.500;1.219;2.509;0.132;0.403;12
B31570;2015/03/04 00:26:21;12;85;25.8;-25.8;2.551;1.506;1.219;2.509;0.129;0.432;13
B31570;2015/03/04 00:26:31;13;83;29.0;-25.4;2.399;1.506;1.225;2.509;0.129;0.409;14
B31570;2015/03/04 00:26:41;14;67;28.7;-25.8;2.467;1.525;1.225;2.538;0.129;0.403;15
B31570;2015/03/04 00:26:51;15;74;26.7;-25.8;2.590;1.525;1.219;2.538;0.129;0.403;16
B31570;2015/03/04 00:27:01;16;85;30.0;-25.6;2.577;1.532;1.219;2.538;0.154;0.425;17
B31570;2015/03/04 00:27:11;17;84;24.5;-25.8;2.393;1.532;1.232;2.538;0.154;0.403;18
B31570;2015/03/04 00:27:21;18;82;27.7;-25.8;2.496;1.519;1.232;2.509;0.154;0.406;19
B31570;2015/03/04 00:27:31;19;80;30.3;-25.4;2.583;1.519;1.248;2.509;0.154;0.412;20
B31570;2015/03/04 00:27:41;20;73;24.8;-25.6;2.570;1.529;1.248;2.509;0.116;0.419;21
B31570;2015/03/04 00:27:51;21;72;29.0;-25.8;2.590;1.529;1.190;2.509;0.116;0.419;22
B31570;2015/03/04 00:28:01;22;81;30.0;-25.6;2.570;1.516;1.190;2.490;0.116;0.403;23
B31570;2015/03/04 00:28:11;23;80;24.8;-25.8;2.412;1.516;1.193;2.490;0.116;0.422;24
B31570;2015/03/04 00:28:21;24;73;24.5;-25.8;2.509;1.522;1.193;2.490;0.122;0.445;25
B31570;2015/03/04 00:28:31;25;69;25.1;-25.8;2.548;1.522;1.193;2.490;0.122;0.416;26
B31570;2015/03/04 00:28:41;26;80;26.7;-25.8;2.503;1.554;1.193;2.516;0.122;0.429;27
B31570;2015/03/04 00:28:51;27;87;25.1;-25.8;2.561;1.554;1.245;2.516;0.122;0.416;28
B31570;2015/03/04 00:29:01;28;77;28.7;-25.4;2.432;1.548;1.245;2.516;0.183;0.412;29
B31570;2015/03/04 00:29:11;29;73;29.0;-25.8;2.448;1.548;1.222;2.516;0.183;0.416;30
B31570;2015/03/04 00:29:21;30;67;25.8;-25.8;2.577;1.535;1.222;2.509;0.183;0.409;31
B31570;2015/03/04 00:29:31;31;78;24.8;-25.8;2.396;1.535;1.193;2.509;0.183;0.441;32
B31570;2015/03/04 00:29:41;32;83;25.8;-25.8;2.548;1.522;1.193;2.509;0.222;0.438;33
B31570;2015/03/04 00:29:51;33;79;28.7;-25.4;2.583;1.522;1.196;2.509;0.222;0.441;34
B31570;2015/03/04 00:30:01;34;77;26.7;-25.6;2.564;1.522;1.196;2.493;0.222;0.448;35
B31570;2015/03/04 00:30:11;35;72;26.4;-25.2;2.583;1.522;1.190;2.493;0.222;0.441;36
B31570;2015/03/04 00:30:21;36;74;25.4;-25.6;2.558;1.535;1.190;2.493;0.164;0.412;37
B31570;2015/03/04 00:30:31;37;71;23.8;-25.8;2.583;1.535;1.248;2.493;0.164;0.416;38
B31570;2015/03/04 00:30:41;38;77;29.6;-25.4;2.412;1.548;1.248;2.487;0.164;0.425;39
B31570;2015/03/04 00:30:51;39;82;29.3;-25.4;2.435;1.548;1.209;2.487;0.164;0.425;40
B31570;2015/03/04 00:31:01;40;87;29.0;-25.6;2.577;1.535;1.209;2.487;0.161;0.445;41
B31570;2015/03/04 00:31:11;41;75;25.8;-25.8;2.412;1.535;1.232;2.487;0.161;0.409;42
B31570;2015/03/04 00:31:21;42;83;28.3;-25.4;2.399;1.538;1.232;2.506;0.161;0.416;43
B31570;2015/03/04 00:31:31;43;82;26.7;-25.8;2.438;1.538;1.196;2.506;0.161;0.416;44
B31570;2015/03/04 00:31:41;44;84;28.7;-25.4;2.535;1.545;1.196;2.506;0.112;0.412;45
B31570;2015/03/04 00:31:51;45;76;28.7;-25.4;2.399;1.545;1.241;2.506;0.112;0.416;46
B31570;2015/03/04 00:32:01;46;82;27.0;-25.8;2.496;1.538;1.241;2.551;0.112;0.429;47
B31570;2015/03/04 00:32:11;47;78;24.1;-25.8;2.412;1.538;1.196;2.551;0.112;0.441;48
B31570;2015/03/04 00:32:21;48;74;26.7;-25.8;2.506;1.541;1.196;2.551;0.103;0.409;49
B31570;2015/03/04 00:32:31;49;68;29.6;-25.8;2.409;1.541;1.238;2.551;0.103;0.409;50
B31570;2015/03/04 00:32:41;50;72;28.0;-25.6;2.390;1.541;1.238;2.525;0.103;0.409;51
B31570;2015/03/04 00:32:51;51;78;29.3;-25.4;2.535;1.541;1.248;2.525;0.103;0.448;52
B31570;2015/03/04 00:33:01;52;71;30.0;-25.8;2.500;1.532;1.248;2.525;0.154;0.425;53
B31570;2015/03/04 00:33:11;53;83;25.1;-25.8;2.412;1.532;1.216;2.525;0.154;0.461;54
B31570;2015/03/04 00:33:21;54;77;26.7;-25.8;2.532;1.532;1.216;2.506;0.154;0.432;55
B31570;2015/03/04 00:33:31;55;72;29.3;-25.4;2.590;1.532;1.241;2.506;0.154;0.409;56
B31570;2015/03/04 00:33:41;56;76;24.5;-25.8;2.583;1.567;1.241;2.506;0.190;0.425;57
B31570;2015/03/04 00:33:51;57;68;25.8;-25.6;2.487;1.567;1.203;2.506;0.190;0.441;58
B31570;2015/03/04 00:34:01;58;73;27.7;-25.4;2.509;1.567;1.203;2.512;0.190;0.425;59
B31570;2015/03/04 00:34:11;59;87;26.4;-25.8;2.590;1.567;1.232;2.512;0.190;0.403;60
B31570;2015/03/04 00:34:21;60;84;24.5;-25.8;2.538;1.564;1.232;2.512;0.122;0.409;61
B31570;2015/03/04 00:34:31;61;69;28.3;-25.4;2.412;1.564;1.196;2.512;0.122;0.432;62
B31570;2015/03/04 00:34:41;62;78;25.1;-25.6;2.558;1.564;1.196;2.487;0.122;0.429;63
B31570;2015/03/04 00:34:51;63;80;24.5;-25.8;2.390;1.564;1.196;2.487;0.122;0.406;64
B31570;2015/03/04 00:35:01;64;87;26.1;-25.6;2.422;1.529;1.196;2.487;0.135;0.406;65
B31570;2015/03/04 00:35:11;65;77;25.8;-25.8;2.564;1.529;1.235;2.487;0.135;0.406;66
B31570;2015/03/04 00:35:21;66;87;24.8;-25.6;2.580;1.567;1.235;2.519;0.135;0.409;67
B31570;2015/03/04 00:35:31;67;77;28.7;-25.8;2.470;1.567;1.245;2.519;0.135;0.409;68
B31570;2015/03/04 00:35:41;68;74;29.3;-25.8;2.412;1.554;1.245;2.519;0.093;0.409;69
B31570;2015/03/04 00:35:51;69;67;24.5;-25.8;2.396;1.554;1.199;2.519;0.093;0.403;70
B31570;2015/03/04 00:36:01;70;80;23.8;-25.8;2.583;1.567;1.199;2.535;0.093;0.432;71
B31570;2015/03/04 00:36:12;0;1;23.8;-25.8;2.174;-1.000;-1.000;-1.000;-1.000;0.429;1
B31570;2015/03/04 00:36:31;1;82;25.1;-25.8;2.441;-1.000;-1.000;-1.000;-1.000;0.422;2
B31570;2015/03/04 00:36:41;2;82;26.7;-25.8;2.561;1.332;-1.000;2.638;-1.000;0.416;3
B31570;2015/03/04 00:36:51;3;79;27.4;-25.8;2.577;1.332;1.235;2.638;-1.000;0.406;4
B31570;2015/03/04 00:37:01;4;71;26.7;-25.6;2.551;1.364;1.235;2.638;0.141;0.399;5
B31570;2015/03/04 00:37:11;5;70;27.7;-25.8;2.461;1.364;1.199;2.638;0.141;0.409;6
B31570;2015/03/04 00:37:21;6;88;26.7;-25.8;2.487;1.458;1.199;2.399;0.141;0.425;7
B31570;2015/03/04 00:37:31;7;74;26.1;-25.8;2.541;1.458;1.235;2.399;0.141;0.403;8
B31570;2015/03/04 00:37:41;8;74;30.3;-25.4;2.412;1.470;1.235;2.399;0.122;0.412;9
B31570;2015/03/04 00:37:51;9;77;28.3;-25.8;2.393;1.470;1.199;2.399;0.122;0.406;10
B31570;2015/03/04 00:38:01;10;68;29.0;-25.8;2.445;1.503;1.199;2.432;0.122;0.435;11
B31570;2015/03/04 00:38:11;11;78;28.0;-25.8;2.583;1.503;1.245;2.432;0.122;0.419;12
B31570;2015/03/04 00:38:21;12;89;28.7;-25.2;2.522;1.506;1.245;2.432;0.122;0.412;13
B31570;2015/03/04 00:38:31;13;75;28.7;-25.4;2.399;1.506;1.196;2.432;0.122;0.435;14
B31570;2015/03/04 00:38:41;14;68;24.8;-25.8;2.577;1.512;1.196;2.516;0.122;0.403;15
B31570;2015/03/04 00:38:51;15;79;27.0;-25.8;2.419;1.512;1.203;2.516;0.122;0.441;16
B31570;2015/03/04 00:39:01;16;77;26.4;-25.6;2.583;1.538;1.203;2.516;0.116;0.432;17
B31570;2015/03/04 00:39:11;17;80;27.4;-25.8;2.393;1.538;1.235;2.516;0.116;0.435;18
B31570;2015/03/04 00:39:21;18;83;27.4;-25.8;2.458;1.532;1.235;2.535;0.116;0.425;19
B31570;2015/03/04 00:39:31;19;68;27.4;-25.8;2.435;1.532;1.212;2.535;0.116;0.419;20
B31570;2015/03/04 00:39:41;20;78;24.8;-25.8;2.583;1.541;1.212;2.535;0.154;0.435;21
B31570;2015/03/04 00:39:51;21;82;24.8;-25.8;2.387;1.541;1.199;2.535;0.154;0.396;22
B31570;2015/03/04 00:40:01;22;85;27.7;-25.4;2.538;1.535;1.199;2.541;0.154;0.416;23
B31570;2015/03/04 00:40:11;23;83;30.3;-25.4;2.590;1.535;1.219;2.541;0.154;0.432;24
B31570;2015/03/04 00:40:21;24;81;24.8;-25.8;2.503;1.535;1.219;2.541;0.106;0.432;25
B31570;2015/03/04 00:40:31;25;80;26.1;-25.8;2.409;1.535;1.199;2.541;0.106;0.438;26
B31570;2015/03/04 00:40:41;26;85;28.3;-25.4;2.393;1.548;1.199;2.509;0.106;0.429;27
B31570;2015/03/04 00:40:51;27;84;28.0;-25.4;2.416;1.548;1.241;2.509;0.106;0.416;28
B31570;2015/03/04 00:41:01;28;69;25.1;-25.8;2.583;1.538;1.241;2.509;0.148;0.409;29
B31570;2015/03/04 00:41:11;29;76;29.3;-25.4;2.541;1.538;1.199;2.509;0.148;0.419;30
B31570;2015/03/04 00:41:21;30;76;25.8;-25.8;2.551;1.541;1.199;2.551;0.148;0.438;31
B31570;2015/03/04 00:41:31;31;82;23.8;-25.8;2.577;1.541;1.232;2.551;0.148;0.406;32
B31570;2015/03/04 00:41:41;32;78;26.4;-25.6;2.438;1.561;1.232;2.551;0.106;0.403;33
B31570;2015/03/04 00:41:51;33;74;23.8;-25.8;2.583;1.561;1.238;2.551;0.106;0.412;34
B31570;2015/03/04 00:42:01;34;72;29.0;-25.8;2.490;1.548;1.238;2.554;0.106;0.425;35
B31570;2015/03/04 00:42:11;35;79;25.1;-25.8;2.577;1.548;1.248;2.554;0.106;0.409;36
B31570;2015/03/04 00:42:21;36;84;28.7;-25.8;2.448;1.567;1.248;2.554;0.106;0.406;37
B31570;2015/03/04 00:42:31;37;68;29.3;-25.8;2.483;1.567;1.199;2.554;0.106;0.435;38
B31570;2015/03/04 00:42:41;38;78;30.0;-25.8;2.500;1.545;1.199;2.548;0.106;0.435;39
B31570;2015/03/04 00:42:51;39;71;28.0;-25.8;2.567;1.545;1.196;2.548;0.106;0.425;40
B31570;2015/03/04 00:43:01;40;83;27.4;-25.6;2.390;1.529;1.196;2.548;0.112;0.416;41
B31570;2015/03/04 00:43:11;41;79;29.3;-25.4;2.387;1.529;1.241;2.548;0.112;0.416;42
B31570;2015/03/04 00:43:21;42;72;25.4;-25.6;2.558;1.529;1.241;2.574;0.112;0.419;43
B31570;2015/03/04 00:43:31;43;70;25.1;-25.8;2.406;1.529;1.199;2.574;0.112;0.409;44
B31570;2015/03/04 00:43:41;44;65;25.1;-25.8;2.583;1.535;1.199;2.574;0.106;0.409;45
B31570;2015/03/04 00:43:51;45;78;29.6;-25.4;2.406;1.535;1.199;2.574;0.106;0.425;46
B31570;2015/03/04 00:44:01;46;76;26.7;-25.8;2.406;1.548;1.199;2.570;0.106;0.425;47
B31570;2015/03/04 00:44:11;47;77;27.4;-25.8;2.429;1.548;1.199;2.570;0.106;0.409;48
B31570;2015/03/04 00:44:21;48;82;27.4;-25.6;2.538;1.535;1.199;2.570;0.099;0.419;49
B31570;2015/03/04 00:44:31;49;80;28.3;-25.4;2.412;1.535;1.199;2.570;0.099;0.432;50
B31570;2015/03/04 00:44:41;50;73;29.0;-25.8;2.399;1.532;1.199;2.545;0.099;0.429;51
B31570;2015/03/04 00:44:51;51;72;26.7;-25.2;2.461;1.532;1.199;2.545;0.099;0.432;52
B31570;2015/03/04 00:45:01;52;76;27.4;-25.4;2.393;1.554;1.199;2.545;0.122;0.409;53
B31570;2015/03/04 00:45:11;53;79;25.8;-25.8;2.406;1.554;1.203;2.545;0.122;0.409;54
B31570;2015/03/04 00:45:21;54;78;28.0;-25.8;2.396;1.538;1.203;2.516;0.122;0.416;55
B31570;2015/03/04 00:45:31;55;85;23.8;-25.4;2.422;1.538;1.248;2.516;0.122;0.409;56
B31570;2015/03/04 00:45:41;56;83;24.5;-25.6;2.564;1.567;1.248;2.516;0.099;0.403;57
B31570;2015/03/04 00:45:51;57;75;24.8;-25.8;2.583;1.567;1.206;2.516;0.099;0.412;58
B31570;2015/03/04 00:46:01;58;89;25.8;-25.6;2.558;1.532;1.206;2.512;0.099;0.416;59
B31570;2015/03/04 00:46:11;59;70;24.8;-25.8;2.580;1.532;1.251;2.512;0.099;0.419;60
B31570;2015/03/04 00:46:21;60;83;26.7;-25.6;2.387;1.554;1.251;2.512;0.125;0.416;61
B31570;2015/03/04 00:46:31;61;75;26.1;-25.2;2.564;1.554;1.238;2.512;0.125;0.403;62
B31570;2015/03/04 00:46:41;62;77;27.4;-25.6;2.393;1.558;1.238;2.525;0.125;0.432;63
B31570;2015/03/04 00:46:51;63;78;28.0;-25.4;2.435;1.558;1.238;2.525;0.125;0.419;64
B31570;2015/03/04 00:47:01;64;78;30.0;-25.8;2.406;1.558;1.238;2.525;0.099;0.438;65
B31570;2015/03/04 00:47:11;65;67;25.1;-25.8;2.538;1.558;1.251;2.525;0.099;0.432;66
B31570;2015/03/04 00:47:21;66;89;29.3;-25.4;2.406;1.538;1.251;2.558;0.099;0.409;67
B31570;2015/03/04 00:47:31;67;72;27.4;-25.8;2.432;1.538;1.196;2.558;0.099;0.403;68
B31570;2015/03/04 00:47:41;68;76;26.4;-25.6;2.429;1.535;1.196;2.558;0.106;0.409;69
B31570;2015/03/04 00:47:51;69;73;27.4;-25.8;2.583;1.535;1.209;2.558;0.106;0.425;70
B31570;2015/03/04 00:48:01;70;89;25.4;-25.6;2.561;1.561;1.209;2.577;0.106;0.435;71
B31570;2015/03/04 00:48:12;0;1;24.1;-25.8;2.067;-1.000;-1.000;-1.000;-1.000;0.403;1
B31570;2015/03/04 00:48:31;1;84;25.1;-25.6;2.367;-1.000;-1.000;-1.000;-1.000;0.422;2
B31570;2015/03/04 00:48:41;2;76;29.6;-25.6;2.380;1.312;-1.000;2.670;-1.000;0.399;3
B31570;2015/03/04 00:48:51;3;87;29.6;-25.4;2.567;1.312;1.270;2.670;-1.000;0.435;4
B31570;2015/03/04 00:49:01;4;64;24.8;-25.8;2.580;1.383;1.270;2.670;0.167;0.396;5
B31570;2015/03/04 00:49:11;5;72;26.7;-25.6;2.454;1.383;1.251;2.670;0.167;0.416;6
B31570;2015/03/04 00:49:21;6;68;30.0;-25.6;2.390;1.435;1.251;2.470;0.167;0.422;7
B31570;2015/03/04 00:49:31;7;78;28.3;-25.4;2.558;1.435;1.203;2.470;0.167;0.396;8
B31570;2015/03/04 00:49:41;8;75;27.4;-25.6;2.564;1.467;1.203;2.470;0.174;0.403;9
B31570;2015/03/04 00:49:51;9;78;25.8;-25.8;2.545;1.467;1.258;2.470;0.174;0.396;10
B31570;2015/03/04 00:50:01;10;64;30.0;-25.8;2.583;1.519;1.258;2.503;0.174;0.409;11
B31570;2015/03/04 00:50:11;11;73;30.0;-25.8;2.583;1.519;1.203;2.503;0.174;0.403;12
B31570;2015/03/04 00:50:21;12;67;27.7;-25.4;2.512;1.516;1.203;2.503;0.132;0.409;13
B31570;2015/03/04 00:50:31;13;65;26.1;-25.8;2.387;1.516;1.209;2.503;0.132;0.403;14
B31570;2015/03/04 00:50:41;14;83;30.3;-25.8;2.383;1.535;1.209;2.548;0.132;0.403;15
B31570;2015/03/04 00:50:51;15;73;28.0;-25.8;2.587;1.535;1.203;2.548;0.132;0.396;16
B31570;2015/03/04 00:51:01;16;67;28.0;-25.8;2.583;1.545;1.203;2.548;0.141;0.419;17
B31570;2015/03/04 00:51:11;17;81;25.1;-25.8;2.580;1.545;1.258;2.548;0.141;0.432;18
B31570;2015/03/04 00:51:21;18;70;28.3;-25.8;2.425;1.525;1.258;2.532;0.141;0.432;19
B31570;2015/03/04 00:51:31;19;78;23.8;-25.8;2.583;1.525;1.241;2.532;0.141;0.448;20
B31570;2015/03/04 00:51:41;20;78;26.4;-25.6;2.399;1.551;1.241;2.532;0.145;0.419;21
B31570;2015/03/04 00:51:51;21;80;30.6;-25.4;2.412;1.551;1.203;2.532;0.145;0.435;22
B31570;2015/03/04 00:52:01;22;73;27.4;-25.4;2.509;1.519;1.203;2.503;0.145;0.409;23
B31570;2015/03/04 00:52:11;23;74;24.8;-25.8;2.419;1.519;1.245;2.503;0.145;0.403;24
B31570;2015/03/04 00:52:21;24;73;25.1;-25.6;2.438;1.538;1.245;2.503;0.119;0.409;25
B31570;2015/03/04 00:52:31;25;69;28.3;-25.4;2.580;1.538;1.196;2.503;0.119;0.403;26
B31570;2015/03/04 00:52:41;26;80;25.8;-25.8;2.564;1.558;1.196;2.516;0.119;0.425;27
B31570;2015/03/04 00:52:51;27;75;26.1;-25.8;2.554;1.558;1.206;2.516;0.119;0.403;28
B31570;2015/03/04 00:53:01;28;79;26.7;-25.8;2.574;1.541;1.206;2.516;0.109;0.403;29
B31570;2015/03/04 00:53:11;29;87;27.4;-25.6;2.406;1.541;1.196;2.516;0.109;0.403;30
B31570;2015/03/04 00:53:21;30;78;25.1;-25.8;2.558;1.525;1.196;2.480;0.109;0.403;31
B31570;2015/03/04 00:53:31;31;76;23.8;-25.8;2.399;1.525;1.225;2.480;0.109;0.406;32
B31570;2015/03/04 00:53:41;32;80;26.7;-25.8;2.532;1.525;1.225;2.480;0.116;0.403;33
B31570;2015/03/04 00:53:51;33;79;25.8;-25.8;2.441;1.525;1.232;2.480;0.116;0.441;34
B31570;2015/03/04 00:54:01;34;72;26.7;-25.6;2.570;1.567;1.232;2.506;0.116;0.432;35
B31570;2015/03/04 00:54:11;35;74;29.3;-25.2;2.500;1.567;1.199;2.506;0.116;0.435;36
B31570;2015/03/04 00:54:21;36;83;24.1;-25.8;2.590;1.532;1.199;2.506;0.109;0.409;37
B31570;2015/03/04 00:54:31;37;67;25.1;-25.8;2.567;1.532;1.212;2.506;0.109;0.435;38
B31570;2015/03/04 00:54:41;38;78;25.4;-25.6;2.399;1.535;1.212;2.512;0.109;0.409;39
B31570;2015/03/04 00:54:51;39;74;28.0;-25.8;2.406;1.535;1.209;2.512;0.109;0.406;40
B31570;2015/03/04 00:55:01;40;77;25.1;-25.8;2.538;1.548;1.209;2.512;0.099;0.406;41
B31570;2015/03/04 00:55:11;41;78;23.8;-25.4;2.406;1.548;1.209;2.512;0.099;0.406;42
B31570;2015/03/04 00:55:21;42;86;26.7;-25.6;2.390;1.535;1.209;2.506;0.099;0.403;43
B31570;2015/03/04 00:55:31;43;84;27.4;-25.8;2.406;1.535;1.216;2.506;0.099;0.435;44
B31570;2015/03/04 00:55:41;44;83;30.3;-25.8;2.464;1.554;1.216;2.506;0.138;0.425;45
B31570;2015/03/04 00:55:51;45;78;26.1;-25.8;2.393;1.554;1.225;2.506;0.138;0.403;46
B31570;2015/03/04 00:56:01;46;80;29.0;-25.8;2.487;1.570;1.225;2.519;0.138;0.435;47
B31570;2015/03/04 00:56:11;47;77;28.3;-25.4;2.554;1.570;1.241;2.519;0.138;0.399;48
B31570;2015/03/04 00:56:21;48;68;25.1;-25.6;2.490;1.564;1.241;2.519;0.106;0.432;49
B31570;2015/03/04 00:56:31;49;87;26.4;-25.8;2.454;1.564;1.216;2.519;0.106;0.409;50
B31570;2015/03/04 00:56:41;50;83;25.1;-25.6;2.390;1.558;1.216;2.529;0.106;0.416;51
B31570;2015/03/04 00:56:51;51;69;24.5;-25.8;2.412;1.558;1.203;2.529;0.106;0.435;52
B31570;2015/03/04 00:57:01;52;70;28.0;-25.6;2.577;1.535;1.203;2.529;0.103;0.425;53
B31570;2015/03/04 00:57:11;53;76;24.5;-25.8;2.406;1.535;1.212;2.529;0.103;0.406;54
B31570;2015/03/04 00:57:21;54;86;25.8;-25.6;2.406;1.535;1.212;2.548;0.103;0.406;55
B31570;2015/03/04 00:57:31;55;77;29.6;-25.4;2.409;1.535;1.248;2.548;0.103;0.403;56
B31570;2015/03/04 00:57:41;56;83;29.0;-25.4;2.425;1.535;1.248;2.548;0.112;0.409;57
B31570;2015/03/04 00:57:51;57;70;28.7;-25.4;2.409;1.535;1.251;2.548;0.112;0.422;58
B31570;2015/03/04 00:58:01;58;69;24.1;-25.8;2.538;1.535;1.251;2.506;0.112;0.406;59
B31570;2015/03/04 00:58:11;59;73;29.3;-25.2;2.583;1.535;1.248;2.506;0.112;0.416;60
B31570;2015/03/04 00:58:21;60;82;31.2;-25.8;2.477;1.551;1.248;2.506;0.106;0.409;61
B31570;2015/03/04 00:58:31;61;74;26.1;-25.8;2.503;1.551;1.229;2.506;0.106;0.425;62
B31570;2015/03/04 00:58:41;62;78;26.4;-25.4;2.512;1.570;1.229;2.509;0.106;0.425;63
B31570;2015/03/04 00:58:51;63;66;28.7;-25.4;2.590;1.570;1.203;2.509;0.106;0.403;64
B31570;2015/03/04 00:59:01;64;85;24.5;-25.8;2.564;1.561;1.203;2.509;0.106;0.445;65
B31570;2015/03/04 00:59:11;65;77;25.1;-25.8;2.525;1.561;1.225;2.509;0.106;0.422;66
B31570;2015/03/04 00:59:21;66;65;24.1;-25.8;2.519;1.535;1.225;2.496;0.106;0.445;67
B31570;2015/03/04 00:59:31;67;73;28.7;-25.4;2.396;1.535;1.245;2.496;0.106;0.435;68
B31570;2015/03/04 00:59:41;68;78;29.0;-25.6;2.577;1.567;1.245;2.496;0.135;0.425;69
B31570;2015/03/04 00:59:51;69;82;30.6;-25.4;2.399;1.567;1.199;2.496;0.135;0.409;70
B31570;2015/03/04 01:00:01;70;82;24.5;-25.8;2.583;1.554;1.199;2.532;0.135;0.435;71
B31570;2015/03/04 01:00:24;0;1;24.1;-25.8;2.112;-1.000;-1.000;-1.000;-1.000;0.409;1
B31570;2015/03/04 01:00:43;1;97;28.3;-25.8;2.541;-1.000;-1.000;-1.000;-1.000;0.419;2
B31570;2015/03/04 01:00:53;2;83;28.0;-25.6;2.574;1.293;-1.000;2.590;-1.000;0.406;3
B31570;2015/03/04 01:01:03;3;83;28.7;-25.2;2.477;1.293;1.216;2.590;-1.000;0.409;4
B31570;2015/03/04 01:01:13;4;80;29.0;-24.7;2.561;1.351;1.216;2.590;0.145;0.425;5
B31570;2015/03/04 01:01:23;5;85;28.0;-25.8;2.399;1.351;1.212;2.590;0.145;0.412;6
B31570;2015/03/04 01:01:33;6;88;29.6;-25.8;2.522;1.432;1.212;2.448;0.145;0.403;7
B31570;2015/03/04 01:01:43;7;70;28.7;-25.4;2.396;1.432;1.212;2.448;0.145;0.409;8
B31570;2015/03/04 01:01:53;8;82;28.0;-25.8;2.558;1.483;1.212;2.448;0.164;0.432;9
B31570;2015/03/04 01:02:03;9;79;23.8;-25.8;2.387;1.483;1.222;2.448;0.164;0.403;10
B31570;2015/03/04 01:02:13;10;88;24.8;-25.8;2.516;1.496;1.222;2.500;0.164;0.406;11
B31570;2015/03/04 01:02:23;11;78;29.6;-25.4;2.416;1.496;1.222;2.500;0.164;0.441;12
B31570;2015/03/04 01:02:33;12;69;26.7;-25.8;2.548;1.529;1.222;2.500;0.183;0.425;13
B31570;2015/03/04 01:02:43;13;75;28.3;-25.4;2.561;1.529;1.219;2.500;0.183;0.435;14
B31570;2015/03/04 01:02:53;14;72;30.3;-25.8;2.448;1.522;1.219;2.512;0.183;0.412;15
B31570;2015/03/04 01:03:03;15;72;24.8;-25.8;2.406;1.522;1.209;2.512;0.183;0.432;16
B31570;2015/03/04 01:03:13;16;83;27.7;-25.4;2.522;1.529;1.209;2.512;0.129;0.412;17
B31570;2015/03/04 01:03:23;17;73;23.8;-25.8;2.583;1.529;1.206;2.512;0.129;0.419;18
B31570;2015/03/04 01:03:33;18;83;24.5;-25.8;2.583;1.516;1.206;2.529;0.129;0.406;19
B31570;2015/03/04 01:03:43;19;67;28.0;-25.8;2.390;1.516;1.209;2.529;0.129;0.409;20
B31570;2015/03/04 01:03:53;20;65;25.4;-25.8;2.506;1.538;1.209;2.529;0.125;0.416;21
B31570;2015/03/04 01:04:03;21;73;28.0;-25.8;2.558;1.538;1.254;2.529;0.125;0.403;22
B31570;2015/03/04 01:04:13;22;85;24.8;-25.8;2.577;1.538;1.254;2.574;0.125;0.416;23
B31570;2015/03/04 01:04:23;23;73;29.0;-25.8;2.500;1.538;1.248;2.574;0.125;0.403;24
B31570;2015/03/04 01:04:33;24;87;24.8;-25.8;2.570;1.525;1.248;2.574;0.122;0.403;25
B31570;2015/03/04 01:04:43;25;61;27.4;-25.2;2.474;1.525;1.203;2.574;0.122;0.406;26
B31570;2015/03/04 01:04:53;26;78;25.8;-25.6;2.396;1.551;1.203;2.541;0.122;0.435;27
B31570;2015/03/04 01:05:03;27;83;27.7;-25.6;2.419;1.551;1.199;2.541;0.122;0.403;28
B31570;2015/03/04 01:05:13;28;72;28.7;-25.8;2.464;1.558;1.199;2.541;0.119;0.403;29
B31570;2015/03/04 01:05:23;29;80;30.9;-25.4;2.399;1.558;1.241;2.541;0.119;0.419;30
B31570;2015/03/04 01:05:33;30;77;30.9;-25.8;2.399;1.567;1.241;2.538;0.119;0.416;31
B31570;2015/03/04 01:05:43;31;78;24.8;-25.8;2.409;1.567;1.245;2.538;0.119;0.425;32
B31570;2015/03/04 01:05:53;32;72;27.4;-25.8;2.500;1.545;1.245;2.538;0.106;0.416;33
B31570;2015/03/04 01:06:03;33;83;29.3;-25.4;2.412;1.545;1.206;2.538;0.106;0.396;34
B31570;2015/03/04 01:06:13;34;83;27.4;-25.4;2.406;1.561;1.206;2.558;0.106;0.425;35
B31570;2015/03/04 01:06:23;35;69;25.1;-25.8;2.403;1.561;1.206;2.558;0.106;0.399;36
B31570;2015/03/04 01:06:33;36;78;26.4;-25.4;2.406;1.551;1.206;2.558;0.183;0.425;37
B31570;2015/03/04 01:06:43;37;78;28.0;-25.8;2.590;1.551;1.199;2.558;0.183;0.399;38
B31570;2015/03/04 01:06:53;38;82;29.6;-25.4;2.454;1.538;1.199;2.512;0.183;0.435;39
B31570;2015/03/04 01:07:03;39;73;28.7;-25.8;2.487;1.538;1.206;2.512;0.183;0.406;40
B31570;2015/03/04 01:07:13;40;74;26.7;-25.6;2.583;1.538;1.206;2.512;0.209;0.409;41
B31570;2015/03/04 01:07:23;41;70;30.6;-25.4;2.393;1.538;1.203;2.512;0.209;0.403;42
B31570;2015/03/04 01:07:33;42;88;25.8;-25.6;2.474;1.532;1.203;2.554;0.209;0.438;43
B31570;2015/03/04 01:07:43;43;82;25.8;-25.8;2.535;1.532;1.206;2.554;0.209;0.422;44
B31570;2015/03/04 01:07:53;44;73;24.1;-25.8;2.580;1.551;1.206;2.554;0.103;0.416;45
B31570;2015/03/04 01:08:03;45;81;23.8;-25.4;2.403;1.551;1.206;2.554;0.103;0.416;46
B31570;2015/03/04 01:08:13;46;85;27.0;-25.4;2.406;1.567;1.206;2.519;0.103;0.429;47
B31570;2015/03/04 01:08:23;47;75;25.1;-25.8;2.409;1.567;1.254;2.519;0.103;0.429;48
B31570;2015/03/04 01:08:33;48;77;27.0;-25.8;2.500;1.554;1.254;2.519;0.138;0.422;49
B31570;2015/03/04 01:08:43;49;83;26.4;-25.8;2.429;1.554;1.222;2.519;0.138;0.432;50
B31570;2015/03/04 01:08:53;50;76;25.1;-25.6;2.538;1.541;1.222;2.548;0.138;0.425;51
B31570;2015/03/04 01:09:03;51;72;29.6;-25.4;2.425;1.541;1.251;2.548;0.138;0.425;52
B31570;2015/03/04 01:09:13;52;85;27.7;-25.4;2.429;1.561;1.251;2.548;0.135;0.403;53
B31570;2015/03/04 01:09:23;53;64;28.7;-25.8;2.483;1.561;1.229;2.548;0.135;0.425;54
B31570;2015/03/04 01:09:33;54;78;27.7;-25.2;2.480;1.570;1.229;2.512;0.135;0.435;55
B31570;2015/03/04 01:09:43;55;85;24.8;-25.8;2.587;1.570;1.216;2.512;0.135;0.403;56
B31570;2015/03/04 01:09:53;56;82;25.8;-25.6;2.396;1.538;1.216;2.512;0.154;0.403;57
B31570;2015/03/04 01:10:03;57;69;25.8;-25.8;2.554;1.538;1.261;2.512;0.154;0.425;58
B31570;2015/03/04 01:10:13;58;67;27.0;-25.4;2.522;1.561;1.261;2.548;0.154;0.416;59
B31570;2015/03/04 01:10:23;59;72;28.3;-25.4;2.396;1.561;1.206;2.548;0.154;0.409;60
B31570;2015/03/04 01:10:33;60;84;28.7;-25.8;2.419;1.570;1.206;2.548;0.106;0.425;61
B31570;2015/03/04 01:10:43;61;85;25.1;-25.8;2.461;1.570;1.206;2.548;0.106;0.403;62
B31570;2015/03/04 01:10:53;62;80;26.4;-25.6;2.490;1.551;1.206;2.506;0.106;0.412;63
B31570;2015/03/04 01:11:03;63;77;23.8;-25.8;2.393;1.551;1.216;2.506;0.106;0.441;64
B31570;2015/03/04 01:11:13;64;74;26.7;-25.8;2.467;1.545;1.216;2.506;0.158;0.412;65
B31570;2015/03/04 01:11:23;65;87;25.1;-25.8;2.406;1.545;1.251;2.506;0.158;0.435;66
B31570;2015/03/04 01:11:33;66;88;24.5;-25.8;2.577;1.570;1.251;2.512;0.158;0.448;67
B31570;2015/03/04 01:11:43;67;82;26.4;-25.8;2.435;1.570;1.212;2.512;0.158;0.406;68
B31570;2015/03/04 01:11:53;68;84;26.1;-25.8;2.577;1.535;1.212;2.512;0.106;0.412;69
B31570;2015/03/04 01:12:03;69;73;26.1;-25.8;2.422;1.535;1.254;2.512;0.106;0.403;70
B31570;2015/03/04 01:12:13;70;71;24.1;-25.8;2.564;1.538;1.254;2.503;0.106;0.409;71
B31570;2015/03/04 01:12:23;71;71;28.7;-25.8;2.503;1.538;1.222;2.503;0.106;0.403;72
B31570;2015/03/04 01:12:33;72;87;27.7;-25.4;2.425;1.551;1.222;2.503;0.122;0.435;73
B31570;2015/03/04 01:12:43;73;79;26.7;-25.8;2.561;1.551;1.258;2.503;0.122;0.409;74
B31570;2015/03/04 01:12:53;74;68;25.1;-25.6;2.387;1.538;1.258;2.545;0.122;0.406;75
B31570;2015/03/04 01:13:03;75;74;27.0;-25.8;2.454;1.538;1.261;2.545;0.122;0.419;76
B31570;2015/03/04 01:13:13;76;83;27.7;-25.4;2.419;1.564;1.261;2.545;0.112;0.425;77
B31570;2015/03/04 01:13:23;77;77;25.1;-25.8;2.558;1.564;1.248;2.545;0.112;0.425;78
B31570;2015/03/04 01:13:33;78;76;24.5;-25.8;2.532;1.564;1.248;2.551;0.112;0.416;79
B31570;2015/03/04 01:13:43;79;78;29.3;-25.4;2.396;1.564;1.219;2.551;0.112;0.406;80
B31570;2015/03/04 01:13:53;80;69;27.0;-25.4;2.506;1.577;1.219;2.551;0.103;0.435;81
B31570;2015/03/04 01:14:03;81;68;26.4;-25.8;2.435;1.577;1.203;2.551;0.103;0.396;82
B31570;2015/03/04 01:14:13;82;81;24.5;-25.8;2.583;1.538;1.203;2.554;0.103;0.396;83
B31570;2015/03/04 01:14:23;83;79;25.1;-25.8;2.409;1.538;1.235;2.554;0.103;0.409;84
B31570;2015/03/04 01:14:33;84;79;26.4;-25.4;2.406;1.538;1.235;2.554;0.154;0.403;85
B31570;2015/03/04 01:14:43;85;74;24.5;-25.8;2.583;1.538;1.225;2.554;0.154;0.432;86
B31570;2015/03/04 01:14:53;86;85;25.8;-25.6;2.387;1.558;1.225;2.577;0.154;0.435;87
B31570;2015/03/04 01:15:03;87;63;26.1;-25.8;2.435;1.558;1.209;2.577;0.154;0.403;88
B31570;2015/03/04 01:15:13;88;67;29.6;-25.8;2.461;1.554;1.209;2.577;0.183;0.419;89
B31570;2015/03/04 01:15:23;89;73;25.4;-25.8;2.412;1.554;1.209;2.577;0.183;0.399;90
B31570;2015/03/04 01:15:33;90;78;29.3;-25.8;2.474;1.561;1.209;2.577;0.183;0.435;91
B31570;2015/03/04 01:15:43;91;75;29.3;-25.6;2.467;1.561;1.251;2.577;0.183;0.403;92
B31570;2015/03/04 01:15:53;92;84;27.4;-25.4;2.406;1.574;1.251;2.577;0.112;0.416;93
B31570;2015/03/04 01:16:03;93;75;28.7;-25.2;2.500;1.574;1.232;2.577;0.112;0.409;94
B31570;2015/03/04 01:16:13;94;76;25.1;-25.6;2.445;1.561;1.232;2.558;0.112;0.425;95
B31570;2015/03/04 01:16:23;95;78;28.7;-25.4;2.574;1.561;1.241;2.558;0.112;0.409;96
B31570;2015/03/04 01:16:33;96;77;29.3;-25.8;2.380;1.577;1.241;2.558;0.106;0.445;97
B31570;2015/03/04 01:16:43;97;76;23.8;-25.8;2.396;1.577;1.261;2.558;0.106;0.406;98
B31570;2015/03/04 01:16:53;98;86;29.3;-25.8;2.422;1.580;1.261;2.554;0.106;0.403;99
B31570;2015/03/04 01:17:03;99;74;29.6;-25.8;2.412;1.580;1.251;2.554;0.106;0.425;100
B31570;2015/03/04 01:17:13;100;68;25.4;-25.8;2.583;1.545;1.251;2.554;0.112;0.403;101
B31570;2015/03/04 01:17:23;101;71;28.3;-25.2;2.493;1.545;1.245;2.554;0.112;0.419;102
B31570;2015/03/04 01:17:33;102;66;25.1;-25.6;2.464;1.551;1.245;2.548;0.112;0.432;103
B31570;2015/03/04 01:17:43;103;82;28.0;-25.8;2.387;1.551;1.209;2.548;0.112;0.422;104
B31570;2015/03/04 01:17:53;104;74;29.0;-25.6;2.577;1.574;1.209;2.548;0.154;0.458;105
B31570;2015/03/04 01:18:03;105;79;27.7;-25.4;2.412;1.574;1.251;2.548;0.154;0.422;106
B31570;2015/03/04 01:18:13;106;62;27.7;-25.8;2.425;1.558;1.251;2.525;0.154;0.438;107
B31570;2015/03/04 01:18:23;107;78;29.3;-25.4;2.390;1.558;1.261;2.525;0.154;0.435;108
B31570;2015/03/04 01:18:33;108;78;28.3;-25.4;2.538;1.583;1.261;2.525;0.112;0.432;109
B31570;2015/03/04 01:18:43;109;79;23.8;-25.8;2.387;1.583;1.209;2.525;0.112;0.425;110
B31570;2015/03/04 01:18:53;110;71;28.0;-25.6;2.390;1.567;1.209;2.574;0.112;0.432;111
B31570;2015/03/04 01:19:03;111;68;26.7;-24.9;2.509;1.567;1.209;2.574;0.112;0.403;112
B31570;2015/03/04 01:19:13;112;84;29.3;-25.8;2.538;1.574;1.209;2.574;0.125;0.416;113
B31570;2015/03/04 01:19:23;113;83;28.7;-25.2;2.477;1.574;1.232;2.574;0.125;0.435;114
B31570;2015/03/04 01:19:33;114;80;23.8;-25.8;2.583;1.577;1.232;2.541;0.125;0.409;115
B31570;2015/03/04 01:19:43;115;70;28.7;-25.4;2.399;1.577;1.209;2.541;0.125;0.435;116
B31570;2015/03/04 01:19:53;116;70;27.4;-25.4;2.512;1.545;1.209;2.541;0.138;0.403;117
B31570;2015/03/04 01:20:03;117;78;24.5;-25.8;2.396;1.545;1.209;2.541;0.138;0.419;118
B31570;2015/03/04 01:20:13;118;79;28.0;-25.8;2.512;1.561;1.209;2.519;0.138;0.432;119
B31570;2015/03/04 01:20:23;119;69;24.8;-25.8;2.422;1.561;1.206;2.519;0.138;0.435;120
B31570;2015/03/04 01:20:33;120;72;26.7;-25.6;2.558;1.554;1.206;2.519;0.096;0.432;121
B31570;2015/03/04 01:20:43;121;65;28.0;-25.2;2.583;1.554;1.235;2.519;0.096;0.432;122
B31570;2015/03/04 01:20:53;122;85;27.4;-25.8;2.419;1.577;1.235;2.551;0.096;0.435;123
B31570;2015/03/04 01:21:03;123;63;25.1;-25.8;2.393;1.577;1.232;2.551;0.096;0.403;124
B31570;2015/03/04 01:21:13;124;80;24.5;-25.8;2.564;1.551;1.232;2.551;0.112;0.403;125
B31570;2015/03/04 01:21:23;125;87;27.4;-25.8;2.461;1.551;1.209;2.551;0.112;0.425;126
B31570;2015/03/04 01:21:33;126;81;26.1;-25.6;2.393;1.558;1.209;2.519;0.112;0.412;127
B31570;2015/03/04 01:21:43;127;71;28.7;-25.4;2.396;1.558;1.254;2.519;0.112;0.409;128
B31570;2015/03/04 01:21:53;128;79;28.7;-25.8;2.500;1.545;1.254;2.519;0.096;0.403;129
B31570;2015/03/04 01:22:03;129;65;24.5;-25.8;2.567;1.545;1.225;2.519;0.096;0.403;130
B31570;2015/03/04 01:22:13;130;80;26.7;-25.6;2.399;1.580;1.225;2.500;0.096;0.448;131
B31570;2015/03/04 01:22:23;131;85;25.1;-25.8;2.412;1.580;1.241;2.500;0.096;0.419;132
B31570;2015/03/04 01:22:33;132;89;25.1;-25.6;2.387;1.545;1.241;2.500;0.106;0.403;133
B31570;2015/03/04 01:22:43;133;85;26.7;-25.8;2.532;1.545;1.261;2.500;0.106;0.403;134
B31570;2015/03/04 01:22:53;134;72;28.7;-25.8;2.425;1.577;1.261;2.519;0.106;0.458;135
B31570;2015/03/04 01:23:03;135;77;25.1;-25.8;2.406;1.577;1.212;2.519;0.106;0.448;136
B31570;2015/03/04 01:23:13;136;78;24.5;-25.8;2.564;1.561;1.212;2.519;0.106;0.425;137
B31570;2015/03/04 01:23:23;137;73;28.7;-25.4;2.396;1.561;1.212;2.519;0.106;0.409;138
B31570;2015/03/04 01:23:33;138;83;29.3;-25.4;2.548;1.551;1.212;2.541;0.106;0.409;139
B31570;2015/03/04 01:23:43;139;73;24.8;-25.8;2.406;1.551;1.216;2.541;0.106;0.409;140
B31570;2015/03/04 01:23:53;140;83;28.0;-25.8;2.535;1.577;1.216;2.541;0.112;0.432;141
B31570;2015/03/04 01:24:03;141;81;28.0;-25.8;2.570;1.577;1.261;2.541;0.112;0.419;142
B31570;2015/03/04 01:24:13;142;76;24.1;-25.8;2.583;1.551;1.261;2.525;0.112;0.419;143
B31570;2015/03/04 01:24:23;143;69;30.0;-25.8;2.445;1.551;1.209;2.525;0.112;0.403;144
B31570;2015/03/04 01:24:33;144;83;28.7;-25.4;2.570;1.545;1.209;2.525;0.148;0.403;145
B31570;2015/03/04 01:24:43;145;81;27.4;-25.6;2.467;1.545;1.235;2.525;0.148;0.416;146
B31570;2015/03/04 01:24:53;146;78;24.8;-25.6;2.399;1.548;1.235;2.512;0.148;0.406;147
B31570;2015/03/04 01:25:03;147;73;28.7;-25.4;2.567;1.548;1.261;2.512;0.148;0.409;148
B31570;2015/03/04 01:25:13;148;87;28.7;-24.7;2.564;1.567;1.261;2.512;0.103;0.425;149
B31570;2015/03/04 01:25:23;149;74;23.8;-25.6;2.409;1.567;1.264;2.512;0.103;0.432;150
B31570;2015/03/04 01:25:33;150;84;24.5;-25.6;2.387;1.577;1.264;2.561;0.103;0.425;151
B31570;2015/03/04 01:25:43;151;72;28.7;-25.2;2.583;1.577;1.229;2.561;0.103;0.419;152
B31570;2015/03/04 01:25:53;152;83;25.8;-25.8;2.390;1.583;1.229;2.561;0.099;0.409;153
B31570;2015/03/04 01:26:03;153;79;27.7;-25.8;2.461;1.583;1.225;2.561;0.099;0.454;154
B31570;2015/03/04 01:26:13;154;88;27.7;-25.8;2.387;1.570;1.225;2.532;0.099;0.419;155
B31570;2015/03/04 01:26:23;155;73;27.4;-25.8;2.477;1.570;1.212;2.532;0.099;0.441;156
B31570;2015/03/04 01:26:33;156;70;26.7;-25.6;2.570;1.548;1.212;2.532;0.138;0.425;157
B31570;2015/03/04 01:26:43;157;81;26.7;-25.8;2.438;1.548;1.216;2.532;0.138;0.409;158
B31570;2015/03/04 01:26:53;158;80;24.5;-25.8;2.558;1.583;1.216;2.558;0.138;0.425;159
B31570;2015/03/04 01:27:03;159;80;29.0;-25.4;2.412;1.583;1.261;2.558;0.138;0.432;160
B31570;2015/03/04 01:27:13;160;76;28.0;-25.8;2.583;1.561;1.261;2.558;0.132;0.409;161
B31570;2015/03/04 01:27:23;161;72;25.1;-25.8;2.412;1.561;1.212;2.558;0.132;0.412;162
B31570;2015/03/04 01:27:33;162;82;29.3;-25.4;2.558;1.574;1.212;2.519;0.132;0.445;163
B31570;2015/03/04 01:27:43;163;85;26.4;-25.8;2.458;1.574;1.212;2.519;0.132;0.419;164
B31570;2015/03/04 01:27:53;164;78;26.7;-25.6;2.577;1.561;1.212;2.519;0.099;0.409;165
B31570;2015/03/04 01:28:03;165;75;28.7;-25.6;2.399;1.561;1.209;2.519;0.099;0.412;166
B31570;2015/03/04 01:28:13;166;66;27.4;-25.8;2.529;1.570;1.209;2.574;0.099;0.412;167
B31570;2015/03/04 01:28:23;167;70;30.0;-25.8;2.396;1.570;1.212;2.574;0.099;0.448;168
B31570;2015/03/04 01:28:33;168;74;26.4;-25.4;2.506;1.587;1.212;2.574;0.112;0.412;169
B31570;2015/03/04 01:28:43;169;74;29.3;-25.4;2.393;1.587;1.261;2.574;0.112;0.432;170
B31570;2015/03/04 01:28:53;170;70;26.1;-25.6;2.570;1.587;1.261;2.532;0.112;0.445;171
B31570;2015/03/04 01:29:03;171;75;28.0;-25.4;2.393;1.587;1.258;2.532;0.112;0.416;172
B31570;2015/03/04 01:29:13;172;70;27.7;-25.8;2.390;1.548;1.258;2.532;0.103;0.416;173
B31570;2015/03/04 01:29:23;173;87;24.5;-25.8;2.393;1.548;1.264;2.532;0.103;0.448;174
B31570;2015/03/04 01:29:33;174;74;27.7;-25.4;2.406;1.548;1.264;2.574;0.103;0.416;175
B31570;2015/03/04 01:29:43;175;73;25.1;-25.8;2.409;1.548;1.212;2.574;0.103;0.432;176
B31570;2015/03/04 01:29:53;176;73;25.8;-25.6;2.399;1.548;1.212;2.574;0.122;0.416;177
B31570;2015/03/04 01:30:03;177;84;24.5;-25.8;2.399;1.548;1.264;2.574;0.122;0.425;178
B31570;2015/03/04 01:30:13;178;86;24.5;-25.8;2.577;1.580;1.264;2.593;0.122;0.438;179
B31570;2015/03/04 01:30:23;179;83;28.7;-25.4;2.390;1.580;1.216;2.593;0.122;0.416;180
B31570;2015/03/04 01:30:33;180;83;25.1;-25.6;2.445;1.561;1.216;2.593;0.106;0.425;181
B31570;2015/03/04 01:30:43;181;76;25.1;-25.8;2.570;1.561;1.261;2.593;0.106;0.412;182
B31570;2015/03/04 01:30:53;182;68;29.0;-25.6;2.570;1.590;1.261;2.612;0.106;0.416;183
B31570;2015/03/04 01:31:03;183;78;25.1;-25.8;2.412;1.590;1.216;2.612;0.106;0.416;184
B31570;2015/03/04 01:31:13;184;79;30.0;-25.8;2.583;1.587;1.216;2.612;0.122;0.412;185
B31570;2015/03/04 01:31:23;185;73;27.7;-25.8;2.470;1.587;1.219;2.612;0.122;0.419;186
B31570;2015/03/04 01:31:33;186;71;28.0;-25.6;2.554;1.558;1.219;2.600;0.122;0.419;187
B31570;2015/03/04 01:31:43;187;75;25.8;-25.8;2.419;1.558;1.216;2.600;0.122;0.412;188
B31570;2015/03/04 01:31:53;188;74;25.4;-25.8;2.503;1.567;1.216;2.600;0.106;0.419;189
B31570;2015/03/04 01:32:03;189;71;27.0;-25.8;2.458;1.567;1.225;2.600;0.106;0.412;190
B31570;2015/03/04 01:32:13;190;66;25.8;-25.6;2.448;1.561;1.225;2.570;0.106;0.425;191
B31570;2015/03/04 01:32:23;191;69;28.7;-25.4;2.412;1.561;1.216;2.570;0.106;0.412;192
B31570;2015/03/04 01:32:33;192;69;25.8;-25.6;2.580;1.577;1.216;2.570;0.106;0.458;193
B31570;2015/03/04 01:32:43;193;68;25.1;-25.8;2.406;1.577;1.219;2.570;0.106;0.425;194
B31570;2015/03/04 01:32:53;194;74;24.5;-25.8;2.583;1.548;1.219;2.538;0.106;0.416;195
B31570;2015/03/04 01:33:03;195;83;30.6;-25.4;2.387;1.548;1.261;2.538;0.106;0.416;196
B31570;2015/03/04 01:33:13;196;77;26.7;-25.6;2.564;1.548;1.261;2.538;0.090;0.409;197
B31570;2015/03/04 01:33:23;197;80;26.1;-25.8;2.393;1.548;1.216;2.538;0.090;0.422;198
B31570;2015/03/04 01:33:33;198;73;24.8;-25.8;2.583;1.548;1.216;2.574;0.090;0.432;199
B31570;2015/03/04 01:33:43;199;70;27.4;-25.2;2.583;1.548;1.254;2.574;0.090;0.416;200
B31570;2015/03/04 01:33:53;200;82;30.3;-25.8;2.458;1.561;1.254;2.574;0.158;0.445;201
B31570;2015/03/04 01:34:03;201;73;24.5;-25.8;2.390;1.561;1.251;2.574;0.158;0.425;202
B31570;2015/03/04 01:34:13;202;81;25.8;-25.8;2.387;1.548;1.251;2.548;0.158;0.419;203
B31570;2015/03/04 01:34:23;203;70;26.4;-25.8;2.448;1.548;1.219;2.548;0.158;0.403;204
B31570;2015/03/04 01:34:33;204;79;25.1;-25.6;2.441;1.570;1.219;2.548;0.122;0.416;205
B31570;2015/03/04 01:34:43;205;71;29.3;-25.4;2.409;1.570;1.258;2.548;0.122;0.425;206
B31570;2015/03/04 01:34:53;206;65;25.4;-25.8;2.580;1.558;1.258;2.567;0.122;0.435;207
B31570;2015/03/04 01:35:03;207;74;23.8;-25.6;2.399;1.558;1.258;2.567;0.122;0.435;208
B31570;2015/03/04 01:35:13;208;73;26.1;-25.8;2.551;1.590;1.258;2.567;0.090;0.409;209
B31570;2015/03/04 01:35:23;209;68;27.4;-25.8;2.399;1.590;1.258;2.567;0.090;0.419;210
B31570;2015/03/04 01:35:33;210;63;30.6;-25.8;2.477;1.587;1.258;2.567;0.090;0.403;211
B31570;2015/03/04 01:35:43;211;83;25.1;-25.8;2.396;1.587;1.216;2.567;0.090;0.403;212
B31570;2015/03/04 01:35:53;212;88;25.8;-25.6;2.390;1.561;1.216;2.567;0.106;0.429;213
B31570;2015/03/04 01:36:03;213;73;25.4;-25.8;2.564;1.561;1.225;2.567;0.106;0.425;214
B31570;2015/03/04 01:36:13;214;70;29.3;-25.8;2.483;1.590;1.225;2.551;0.106;0.406;215
B31570;2015/03/04 01:36:23;215;79;28.3;-25.8;2.590;1.590;1.216;2.551;0.106;0.403;216
B31570;2015/03/04 01:36:33;216;72;24.8;-25.8;2.577;1.574;1.216;2.551;0.148;0.416;217
B31570;2015/03/04 01:36:43;217;73;26.1;-25.8;2.432;1.574;1.264;2.551;0.148;0.435;218
B31570;2015/03/04 01:36:53;218;88;26.1;-25.6;2.583;1.551;1.264;2.570;0.148;0.403;219
B31570;2015/03/04 01:37:03;219;85;25.8;-25.8;2.435;1.551;1.216;2.570;0.148;0.441;220
B31570;2015/03/04 01:37:13;220;78;26.4;-25.6;2.399;1.551;1.216;2.570;0.099;0.403;221
B31570;2015/03/04 01:37:23;221;67;30.3;-25.4;2.412;1.551;1.258;2.570;0.099;0.432;222
B31570;2015/03/04 01:37:33;222;74;27.4;-25.4;2.406;1.551;1.258;2.587;0.099;0.416;223
B31570;2015/03/04 01:37:43;223;83;24.5;-25.8;2.409;1.551;1.216;2.587;0.099;0.403;224
B31570;2015/03/04 01:37:53;224;79;30.3;-25.8;2.464;1.558;1.216;2.587;0.103;0.409;225
B31570;2015/03/04 01:38:03;225;78;28.0;-25.8;2.393;1.558;1.225;2.587;0.103;0.406;226
B31570;2015/03/04 01:38:13;226;71;30.3;-25.8;2.387;1.564;1.225;2.548;0.103;0.409;227
B31570;2015/03/04 01:38:23;227;70;28.0;-25.4;2.438;1.564;1.216;2.548;0.103;0.422;228
B31570;2015/03/04 01:38:33;228;83;25.1;-25.8;2.551;1.577;1.216;2.548;0.099;0.425;229
B31570;2015/03/04 01:38:43;229;73;24.1;-25.8;2.393;1.577;1.225;2.548;0.099;0.403;230
B31570;2015/03/04 01:38:53;230;76;27.7;-25.4;2.422;1.577;1.225;2.587;0.099;0.432;231
B31570;2015/03/04 01:39:03;231;74;24.5;-25.8;2.587;1.577;1.212;2.587;0.099;0.409;232
B31570;2015/03/04 01:39:13;232;64;28.7;-25.8;2.477;1.570;1.212;2.587;0.103;0.425;233
B31570;2015/03/04 01:39:23;233;71;30.0;-25.8;2.587;1.570;1.216;2.587;0.103;0.412;234
B31570;2015/03/04 01:39:33;234;80;26.1;-25.6;2.567;1.558;1.216;2.567;0.103;0.422;235
B31570;2015/03/04 01:39:43;235;84;30.0;-25.8;2.393;1.558;1.212;2.567;0.103;0.441;236
B31570;2015/03/04 01:39:53;236;70;26.1;-25.6;2.577;1.554;1.212;2.567;0.093;0.419;237
B31570;2015/03/04 01:40:03;237;84;24.1;-25.8;2.583;1.554;1.254;2.567;0.093;0.445;238
B31570;2015/03/04 01:40:13;238;73;27.0;-25.4;2.409;1.558;1.254;2.567;0.093;0.409;239
B31570;2015/03/04 01:40:23;239;73;28.7;-25.8;2.493;1.558;1.212;2.567;0.093;0.432;240
B31570;2015/03/04 01:40:33;240;84;25.1;-25.8;2.383;1.590;1.212;2.567;0.103;0.403;241
B31570;2015/03/04 01:40:43;241;73;29.3;-25.4;2.396;1.590;1.216;2.567;0.103;0.409;242
B31570;2015/03/04 01:40:53;242;80;25.1;-25.6;2.390;1.551;1.216;2.587;0.103;0.445;243
B31570;2015/03/04 01:41:03;243;73;26.4;-25.8;2.441;1.551;1.270;2.587;0.103;0.409;244
B31570;2015/03/04 01:41:13;244;69;28.7;-25.8;2.448;1.570;1.270;2.587;0.093;0.419;245
B31570;2015/03/04 01:41:23;245;73;25.8;-25.8;2.538;1.570;1.251;2.587;0.093;0.422;246
B31570;2015/03/04 01:41:33;246;80;27.7;-25.4;2.522;1.574;1.251;2.570;0.093;0.419;247
B31570;2015/03/04 01:41:43;247;76;26.7;-25.8;2.432;1.574;1.264;2.570;0.093;0.441;248
B31570;2015/03/04 01:41:53;248;74;28.0;-25.8;2.583;1.551;1.264;2.570;0.125;0.425;249
B31570;2015/03/04 01:42:03;249;73;25.8;-25.2;2.512;1.551;1.212;2.570;0.125;0.403;250
B31570;2015/03/04 01:42:13;250;73;28.7;-25.8;2.425;1.587;1.212;2.551;0.125;0.425;251
B31570;2015/03/04 01:42:23;251;76;27.7;-25.8;2.574;1.587;1.229;2.551;0.125;0.412;252
B31570;2015/03/04 01:42:33;252;84;24.8;-25.6;2.390;1.558;1.229;2.551;0.090;0.419;253
B31570;2015/03/04 01:42:43;253;73;29.3;-25.4;2.580;1.558;1.267;2.551;0.090;0.454;254
B31570;2015/03/04 01:42:53;254;73;29.6;-25.4;2.432;1.554;1.267;2.570;0.090;0.409;255
B31570;2015/03/04 01:43:03;255;68;28.3;-25.4;2.412;1.554;1.245;2.570;0.090;0.416;256
B31570;2015/03/04 01:43:13;256;81;28.3;-25.2;2.551;1.574;1.245;2.570;0.096;0.416;257
B31570;2015/03/04 01:43:23;257;73;27.7;-25.8;2.406;1.574;1.258;2.570;0.096;0.416;258
B31570;2015/03/04 01:43:33;258;72;25.8;-25.4;2.399;1.567;1.258;2.612;0.096;0.403;259
B31570;2015/03/04 01:43:43;259;72;25.1;-25.8;2.429;1.567;1.216;2.612;0.096;0.441;260
B31570;2015/03/04 01:43:53;260;76;27.0;-25.4;2.506;1.570;1.216;2.612;0.125;0.429;261
B31570;2015/03/04 01:44:03;261;68;24.1;-25.8;2.587;1.570;1.267;2.612;0.125;0.403;262
B31570;2015/03/04 01:44:13;262;82;25.1;-25.6;2.399;1.570;1.267;2.590;0.125;0.435;263
B31570;2015/03/04 01:44:23;263;72;23.8;-25.8;2.393;1.570;1.235;2.590;0.125;0.406;264
B31570;2015/03/04 01:44:33;264;73;27.7;-25.8;2.432;1.554;1.235;2.590;0.106;0.409;265
B31570;2015/03/04 01:44:43;265;80;27.4;-25.2;2.509;1.554;1.232;2.590;0.106;0.406;266
B31570;2015/03/04 01:44:53;266;77;28.7;-25.4;2.412;1.583;1.232;2.580;0.106;0.438;267
B31570;2015/03/04 01:45:03;267;87;30.6;-25.4;2.425;1.583;1.212;2.580;0.106;0.403;268
B31570;2015/03/04 01:45:13;268;68;27.4;-25.8;2.483;1.583;1.212;2.580;0.093;0.406;269
B31570;2015/03/04 01:45:23;269;72;29.3;-25.4;2.393;1.583;1.267;2.580;0.093;0.403;270
B31570;2015/03/04 01:45:33;270;85;29.3;-25.4;2.425;1.577;1.267;2.580;0.093;0.412;271
B31570;2015/03/04 01:45:43;271;78;24.8;-25.8;2.583;1.577;1.261;2.580;0.093;0.422;272
B31570;2015/03/04 01:45:53;272;73;29.0;-25.8;2.406;1.577;1.261;2.580;0.116;0.425;273
B31570;2015/03/04 01:46:03;273;81;29.0;-25.8;2.500;1.577;1.216;2.580;0.116;0.432;274
B31570;2015/03/04 01:46:13;274;74;25.1;-25.8;2.535;1.580;1.216;2.561;0.116;0.403;275
B31570;2015/03/04 01:46:23;275;75;29.0;-25.4;2.470;1.580;1.270;2.561;0.116;0.441;276
B31570;2015/03/04 01:46:33;276;70;30.0;-25.8;2.490;1.551;1.270;2.561;0.158;0.416;277
B31570;2015/03/04 01:46:43;277;84;26.7;-25.2;2.583;1.551;1.264;2.561;0.158;0.403;278
B31570;2015/03/04 01:46:53;278;83;26.7;-25.8;2.538;1.554;1.264;2.545;0.158;0.416;279
B31570;2015/03/04 01:47:03;279;81;28.0;-25.8;2.403;1.554;1.212;2.545;0.158;0.419;280
B31570;2015/03/04 01:47:13;280;82;29.3;-25.2;2.551;1.551;1.212;2.545;0.103;0.409;281
B31570;2015/03/04 01:47:23;281;82;23.8;-25.8;2.390;1.551;1.241;2.545;0.103;0.412;282
B31570;2015/03/04 01:47:33;282;80;28.7;-25.8;2.445;1.561;1.241;2.583;0.103;0.416;283
B31570;2015/03/04 01:47:43;283;70;28.0;-25.8;2.583;1.561;1.264;2.583;0.103;0.435;284
B31570;2015/03/04 01:47:53;284;80;25.1;-25.6;2.390;1.580;1.264;2.583;0.106;0.432;285
B31570;2015/03/04 01:48:12;0;1;24.1;-25.8;2.070;-1.000;-1.000;-1.000;-1.000;0.393;1
B31570;2015/03/04 01:48:31;1;83;26.1;-25.8;2.474;-1.000;-1.000;-1.000;-1.000;0.432;2
B31570;2015/03/04 01:48:41;2;76;26.1;-25.8;2.554;1.361;-1.000;2.680;-1.000;0.399;3
B31570;2015/03/04 01:48:51;3;83;28.0;-25.8;2.387;1.361;1.229;2.680;-1.000;0.419;4
B31570;2015/03/04 01:49:01;4;83;25.8;-25.6;2.387;1.429;1.229;2.680;0.138;0.432;5
B31570;2015/03/04 01:49:11;5;80;29.3;-25.4;2.393;1.429;1.267;2.680;0.138;0.435;6
B31570;2015/03/04 01:49:21;6;88;24.8;-25.8;2.577;1.480;1.267;2.487;0.138;0.396;7
B31570;2015/03/04 01:49:31;7;63;26.4;-25.8;2.387;1.480;1.258;2.487;0.138;0.419;8
B31570;2015/03/04 01:49:41;8;81;27.4;-25.8;2.503;1.496;1.258;2.487;0.141;0.396;9
B31570;2015/03/04 01:49:51;9;83;26.4;-25.8;2.583;1.496;1.267;2.487;0.141;0.425;10
B31570;2015/03/04 01:50:01;10;79;25.1;-25.6;2.377;1.525;1.267;2.535;0.141;0.409;11
B31570;2015/03/04 01:50:11;11;68;28.7;-25.2;2.493;1.525;1.274;2.535;0.141;0.419;12
B31570;2015/03/04 01:50:21;12;68;26.4;-25.4;2.406;1.535;1.274;2.535;0.116;0.403;13
B31570;2015/03/04 01:50:31;13;70;24.8;-25.8;2.406;1.535;1.270;2.535;0.116;0.419;14
B31570;2015/03/04 01:50:41;14;63;30.9;-25.8;2.496;1.545;1.270;2.554;0.116;0.403;15
B31570;2015/03/04 01:50:51;15;81;23.8;-25.8;2.393;1.545;1.274;2.554;0.116;0.419;16
B31570;2015/03/04 01:51:01;16;78;28.0;-25.6;2.551;1.570;1.274;2.554;0.129;0.425;17
B31570;2015/03/04 01:51:11;17;78;27.0;-25.8;2.451;1.570;1.216;2.554;0.129;0.399;18
B31570;2015/03/04 01:51:21;18;72;24.5;-25.8;2.509;1.570;1.216;2.541;0.129;0.425;19
B31570;2015/03/04 01:51:31;19;75;26.7;-25.8;2.435;1.570;1.261;2.541;0.129;0.429;20
B31570;2015/03/04 01:51:41;20;74;28.0;-25.8;2.399;1.541;1.261;2.541;0.116;0.422;21
B31570;2015/03/04 01:51:51;21;78;23.8;-25.8;2.580;1.541;1.222;2.541;0.116;0.412;22
B31570;2015/03/04 01:52:01;22;84;27.4;-25.6;2.551;1.564;1.222;2.538;0.116;0.451;23
B31570;2015/03/04 01:52:11;23;65;25.1;-25.8;2.425;1.564;1.251;2.538;0.116;0.403;24
B31570;2015/03/04 01:52:21;24;79;27.7;-25.8;2.461;1.583;1.251;2.538;0.106;0.425;25
B31570;2015/03/04 01:52:31;25;73;25.8;-25.8;2.529;1.583;1.238;2.538;0.106;0.396;26
B31570;2015/03/04 01:52:41;26;83;27.7;-25.8;2.412;1.583;1.238;2.548;0.106;0.409;27
B31570;2015/03/04 01:52:51;27;66;25.1;-25.8;2.396;1.583;1.274;2.548;0.106;0.435;28
B31570;2015/03/04 01:53:01;28;68;25.1;-25.8;2.399;1.548;1.274;2.548;0.116;0.425;29
B31570;2015/03/04 01:53:11;29;75;28.0;-25.8;2.564;1.548;1.232;2.548;0.116;0.406;30
B31570;2015/03/04 01:53:21;30;78;29.6;-25.8;2.506;1.558;1.232;2.583;0.116;0.409;31
B31570;2015/03/04 01:53:31;31;73;27.0;-25.8;2.409;1.558;1.216;2.583;0.116;0.403;32
B31570;2015/03/04 01:53:41;32;83;26.7;-25.6;2.558;1.551;1.216;2.583;0.116;0.432;33
B31570;2015/03/04 01:53:51;33;80;25.1;-25.8;2.393;1.551;1.245;2.583;0.116;0.399;34
B31570;2015/03/04 01:54:01;34;74;26.7;-25.6;2.393;1.590;1.245;2.554;0.116;0.425;35
B31570;2015/03/04 01:54:11;35;78;27.4;-25.2;2.583;1.590;1.216;2.554;0.116;0.432;36
B31570;2015/03/04 01:54:21;36;78;30.0;-25.6;2.567;1.574;1.216;2.554;0.103;0.419;37
B31570;2015/03/04 01:54:31;37;70;25.1;-25.8;2.561;1.574;1.235;2.554;0.103;0.435;38
B31570;2015/03/04 01:54:41;38;85;25.8;-25.6;2.396;1.551;1.235;2.577;0.103;0.409;39
B31570;2015/03/04 01:54:51;39;79;24.5;-25.8;2.412;1.551;1.222;2.577;0.103;0.432;40
B31570;2015/03/04 01:55:01;40;87;27.7;-25.8;2.429;1.570;1.222;2.577;0.103;0.425;41
B31570;2015/03/04 01:55:11;41;73;26.1;-25.8;2.393;1.570;1.274;2.577;0.103;0.435;42
B31570;2015/03/04 01:55:21;42;85;30.3;-25.8;2.496;1.554;1.274;2.551;0.103;0.445;43
B31570;2015/03/04 01:55:31;43;78;23.8;-25.8;2.583;1.554;1.270;2.551;0.103;0.441;44
B31570;2015/03/04 01:55:41;44;83;28.3;-25.4;2.451;1.583;1.270;2.551;0.164;0.429;45
B31570;2015/03/04 01:55:51;45;81;28.0;-25.8;2.574;1.583;1.222;2.551;0.164;0.422;46
B31570;2015/03/04 01:56:01;46;73;29.3;-25.8;2.477;1.564;1.222;2.558;0.164;0.406;47
B31570;2015/03/04 01:56:11;47;75;28.3;-25.8;2.574;1.564;1.216;2.558;0.164;0.406;48
B31570;2015/03/04 01:56:21;48;68;29.3;-25.8;2.396;1.574;1.216;2.558;0.106;0.409;49
B31570;2015/03/04 01:56:31;49;81;26.7;-25.8;2.509;1.574;1.229;2.558;0.106;0.432;50
B31570;2015/03/04 01:56:41;50;80;26.1;-25.6;2.577;1.593;1.229;2.603;0.106;0.403;51
B31570;2015/03/04 01:56:51;51;72;27.7;-25.4;2.393;1.593;1.229;2.603;0.106;0.416;52
B31570;2015/03/04 01:57:01;52;78;30.0;-25.8;2.580;1.564;1.229;2.603;0.148;0.416;53
B31570;2015/03/04 01:57:11;53;82;24.5;-25.8;2.393;1.564;1.225;2.603;0.148;0.403;54
B31570;2015/03/04 01:57:21;54;80;27.7;-25.4;2.545;1.554;1.225;2.603;0.148;0.448;55
B31570;2015/03/04 01:57:31;55;78;28.3;-25.4;2.435;1.554;1.229;2.603;0.148;0.432;56
B31570;2015/03/04 01:57:41;56;88;23.5;-25.8;2.522;1.587;1.229;2.603;0.112;0.425;57
B31570;2015/03/04 01:57:51;57;70;27.7;-25.4;2.406;1.587;1.225;2.603;0.112;0.403;58
B31570;2015/03/04 01:58:01;58;89;24.8;-25.8;2.558;1.593;1.225;2.564;0.112;0.403;59
B31570;2015/03/04 01:58:11;59;73;26.4;-25.8;2.441;1.593;1.222;2.564;0.112;0.432;60
B31570;2015/03/04 01:58:21;60;78;27.4;-25.4;2.548;1.558;1.222;2.564;0.103;0.435;61
B31570;2015/03/04 01:58:31;61;81;25.1;-25.8;2.390;1.558;1.219;2.564;0.103;0.419;62
B31570;2015/03/04 01:58:41;62;64;24.8;-25.6;2.383;1.554;1.219;2.593;0.103;0.435;63
B31570;2015/03/04 01:58:51;63;78;28.3;-25.4;2.564;1.554;1.219;2.593;0.103;0.448;64
B31570;2015/03/04 01:59:01;64;81;26.7;-25.4;2.399;1.570;1.219;2.593;0.177;0.409;65
B31570;2015/03/04 01:59:11;65;85;25.1;-25.8;2.419;1.570;1.274;2.593;0.177;0.432;66
B31570;2015/03/04 01:59:21;66;70;27.0;-25.8;2.516;1.593;1.274;2.564;0.177;0.403;67
B31570;2015/03/04 01:59:31;67;72;24.5;-25.8;2.393;1.593;1.264;2.564;0.177;0.403;68
B31570;2015/03/04 01:59:41;68;83;29.3;-25.8;2.538;1.590;1.264;2.564;0.148;0.425;69
B31570;2015/03/04 01:59:51;69;74;30.0;-25.8;2.532;1.590;1.270;2.564;0.148;0.419;70
B31570;2015/03/04 02:00:01;70;73;27.4;-25.6;2.567;1.577;1.270;2.558;0.148;0.425;71
B31570;2015/03/04 02:00:11;71;83;28.3;-25.6;2.458;1.577;1.264;2.558;0.148;0.409;72
B31570;2015/03/04 02:00:21;72;76;28.0;-25.8;2.538;1.567;1.264;2.558;0.148;0.409;73
B31570;2015/03/04 02:00:31;73;66;27.7;-25.8;2.496;1.567;1.216;2.558;0.148;0.403;74
B31570;2015/03/04 02:00:41;74;85;26.4;-25.4;2.409;1.596;1.216;2.593;0.148;0.438;75
B31570;2015/03/04 02:00:51;75;69;29.6;-25.6;2.412;1.596;1.225;2.593;0.148;0.432;76
