B315F1;2015/03/02 00:00:07;18935;81;31.2;26.9;2.667;1.803;1.190;2.583;0.077;1.577;18936
B315F1;2015/03/02 00:00:17;18936;83;30.9;27.7;2.587;1.764;1.190;2.583;0.138;1.590;18937
B315F1;2015/03/02 00:00:27;18937;93;27.7;27.7;2.580;1.764;1.212;2.583;0.138;1.587;18938
B315F1;2015/03/02 00:00:37;18938;79;32.5;27.7;2.603;1.803;1.212;2.606;0.138;1.596;18939
B315F1;2015/03/02 00:00:47;18939;84;30.3;27.2;2.622;1.803;1.187;2.606;0.138;1.606;18940
B315F1;2015/03/02 00:00:57;18940;87;31.2;27.4;2.577;1.793;1.187;2.606;0.077;1.603;18941
B315F1;2015/03/02 00:01:07;18941;88;30.0;27.6;2.761;1.793;1.235;2.606;0.077;1.574;18942
B315F1;2015/03/02 00:01:17;18942;88;28.3;27.9;2.619;1.796;1.235;2.577;0.077;1.593;18943
B315F1;2015/03/02 00:01:27;18943;85;30.0;28.3;2.699;1.796;1.190;2.577;0.077;1.574;18944
B315F1;2015/03/02 00:01:37;18944;93;34.8;27.4;2.619;1.796;1.190;2.577;0.070;1.606;18945
B315F1;2015/03/02 00:01:47;18945;88;35.4;27.6;2.706;1.796;1.241;2.577;0.070;1.622;18946
B315F1;2015/03/02 00:01:57;18946;91;33.8;27.6;2.648;1.764;1.241;2.606;0.070;1.619;18947
B315F1;2015/03/02 00:02:07;18947;89;34.5;27.4;2.590;1.764;1.187;2.606;0.070;1.593;18948
B315F1;2015/03/02 00:02:17;18948;84;34.8;27.7;2.609;1.783;1.187;2.606;0.067;1.616;18949
B315F1;2015/03/02 00:02:27;18949;85;30.0;27.6;2.751;1.783;1.225;2.606;0.067;1.567;18950
B315F1;2015/03/02 00:02:37;18950;91;31.9;27.9;2.645;1.764;1.225;2.593;0.067;1.561;18951
B315F1;2015/03/02 00:02:47;18951;93;34.8;26.7;2.699;1.764;1.187;2.593;0.067;1.580;18952
B315F1;2015/03/02 00:02:57;18952;85;30.6;27.6;2.687;1.777;1.187;2.593;0.087;1.599;18953
B315F1;2015/03/02 00:03:07;18953;83;29.0;27.2;2.732;1.777;1.190;2.593;0.087;1.574;18954
B315F1;2015/03/02 00:03:17;18954;89;31.9;27.7;2.603;1.800;1.190;2.593;0.087;1.548;18955
B315F1;2015/03/02 00:03:27;18955;93;27.7;27.7;2.632;1.800;1.187;2.593;0.087;1.561;18956
B315F1;2015/03/02 00:03:37;18956;81;33.2;27.6;2.593;1.764;1.187;2.593;0.087;1.587;18957
B315F1;2015/03/02 00:03:47;18957;84;27.7;27.4;2.799;1.764;1.187;2.593;0.087;1.548;18958
B315F1;2015/03/02 00:03:57;18958;91;30.3;27.6;2.687;1.787;1.187;2.593;0.087;1.587;18959
B315F1;2015/03/02 00:04:07;18959;86;33.8;26.9;2.745;1.787;1.193;2.593;0.087;1.577;18960
B315F1;2015/03/02 00:04:17;18960;85;33.8;27.6;2.699;1.800;1.193;2.593;0.083;1.551;18961
B315F1;2015/03/02 00:04:27;18961;83;28.3;28.1;2.683;1.800;1.238;2.593;0.083;1.545;18962
B315F1;2015/03/02 00:04:37;18962;83;31.6;28.1;2.603;1.790;1.238;2.625;0.083;1.587;18963
B315F1;2015/03/02 00:04:47;18963;83;31.2;27.4;2.799;1.790;1.235;2.625;0.083;1.583;18964
B315F1;2015/03/02 00:04:57;18964;88;28.3;27.6;2.619;1.806;1.235;2.625;0.074;1.593;18965
B315F1;2015/03/02 00:05:07;18965;92;31.9;27.9;2.777;1.806;1.187;2.625;0.074;1.551;18966
B315F1;2015/03/02 00:05:17;18966;91;27.7;27.0;2.745;1.767;1.187;2.580;0.074;1.551;18967
B315F1;2015/03/02 00:05:27;18967;86;32.9;27.4;2.693;1.767;1.190;2.580;0.074;1.548;18968
B315F1;2015/03/02 00:05:37;18968;78;31.2;27.6;2.703;1.800;1.190;2.580;0.074;1.593;18969
B315F1;2015/03/02 00:05:47;18969;91;32.9;27.2;2.783;1.800;1.190;2.580;0.074;1.587;18970
B315F1;2015/03/02 00:05:57;18970;80;29.6;27.6;2.561;1.793;1.190;2.590;0.074;1.564;18971
B315F1;2015/03/02 00:06:07;18971;92;33.2;27.6;2.574;1.793;1.248;2.590;0.074;1.590;18972
B315F1;2015/03/02 00:06:17;18972;93;31.2;27.7;2.790;1.770;1.248;2.590;0.161;1.577;18973
B315F1;2015/03/02 00:06:27;18973;83;34.5;27.0;2.699;1.770;1.241;2.590;0.161;1.570;18974
B315F1;2015/03/02 00:06:37;18974;90;33.5;27.4;2.603;1.767;1.241;2.629;0.161;1.558;18975
B315F1;2015/03/02 00:06:47;18975;82;28.0;27.2;2.674;1.767;1.196;2.629;0.161;1.583;18976
B315F1;2015/03/02 00:06:57;18976;88;30.6;27.4;2.783;1.790;1.196;2.629;0.074;1.561;18977
B315F1;2015/03/02 00:07:07;18977;85;34.8;27.2;2.699;1.790;1.190;2.629;0.074;1.570;18978
B315F1;2015/03/02 00:07:17;18978;81;27.7;27.2;2.593;1.783;1.190;2.606;0.074;1.541;18979
B315F1;2015/03/02 00:07:27;18979;79;30.9;27.9;2.767;1.783;1.235;2.606;0.074;1.554;18980
B315F1;2015/03/02 00:07:37;18980;86;30.9;27.9;2.600;1.767;1.235;2.606;0.077;1.583;18981
B315F1;2015/03/02 00:07:47;18981;82;30.9;27.2;2.806;1.767;1.203;2.606;0.077;1.548;18982
B315F1;2015/03/02 00:07:57;18982;86;33.2;27.6;2.761;1.767;1.203;2.600;0.077;1.551;18983
B315F1;2015/03/02 00:08:07;18983;81;30.9;27.4;2.758;1.767;1.206;2.600;0.077;1.541;18984
B315F1;2015/03/02 00:08:17;18984;93;34.5;27.9;2.612;1.796;1.206;2.600;0.112;1.561;18985
B315F1;2015/03/02 00:08:27;18985;87;30.0;28.4;2.596;1.796;1.190;2.600;0.112;1.519;18986
B315F1;2015/03/02 00:08:37;18986;94;31.2;28.1;2.738;1.796;1.190;2.619;0.112;1.574;18987
B315F1;2015/03/02 00:08:47;18987;93;31.9;27.9;2.777;1.796;1.251;2.619;0.112;1.548;18988
B315F1;2015/03/02 00:08:57;18988;81;31.6;27.9;2.748;1.790;1.251;2.619;0.067;1.580;18989
B315F1;2015/03/02 00:09:07;18989;85;33.5;27.6;2.625;1.790;1.193;2.619;0.067;1.570;18990
B315F1;2015/03/02 00:09:17;18990;94;34.8;28.1;2.725;1.796;1.193;2.625;0.067;1.564;18991
B315F1;2015/03/02 00:09:27;18991;92;27.7;28.1;2.577;1.796;1.190;2.625;0.067;1.587;18992
B315F1;2015/03/02 00:09:37;18992;77;31.9;27.9;2.725;1.770;1.190;2.625;0.080;1.596;18993
B315F1;2015/03/02 00:09:47;18993;93;30.9;27.7;2.587;1.770;1.225;2.625;0.080;1.599;18994
B315F1;2015/03/02 00:09:57;18994;86;27.7;27.9;2.774;1.780;1.225;2.619;0.080;1.580;18995
B315F1;2015/03/02 00:10:07;18995;89;30.9;27.9;2.677;1.780;1.241;2.619;0.080;1.551;18996
B315F1;2015/03/02 00:10:17;18996;89;33.8;27.7;2.580;1.809;1.241;2.619;0.090;1.583;18997
B315F1;2015/03/02 00:10:27;18997;76;27.7;27.7;2.638;1.809;1.251;2.619;0.090;1.590;18998
B315F1;2015/03/02 00:10:37;18998;85;30.3;27.0;2.712;1.809;1.251;2.629;0.090;1.580;18999
B315F1;2015/03/02 00:10:47;18999;77;30.3;27.7;2.748;1.809;1.190;2.629;0.090;1.554;19000
B315F1;2015/03/02 00:10:57;19000;85;30.9;27.4;2.680;1.770;1.190;2.629;0.074;1.535;19001
B315F1;2015/03/02 00:11:07;19001;83;33.8;27.0;2.680;1.770;1.199;2.629;0.074;1.564;19002
B315F1;2015/03/02 00:11:17;19002;91;33.8;28.3;2.600;1.770;1.199;2.619;0.074;1.570;19003
B315F1;2015/03/02 00:11:27;19003;82;29.0;27.0;2.600;1.770;1.203;2.619;0.074;1.554;19004
B315F1;2015/03/02 00:11:37;19004;77;29.3;27.6;2.587;1.790;1.203;2.619;0.074;1.558;19005
B315F1;2015/03/02 00:11:47;19005;88;31.2;27.0;2.680;1.790;1.190;2.619;0.074;1.554;19006
B315F1;2015/03/02 00:11:57;19006;85;28.3;27.9;2.590;1.780;1.190;2.635;0.074;1.558;19007
B315F1;2015/03/02 00:12:07;19007;93;30.0;27.6;2.770;1.780;1.193;2.635;0.074;1.558;19008
B315F1;2015/03/02 00:12:17;19008;84;34.1;28.1;2.583;1.770;1.193;2.635;0.099;1.574;19009
B315F1;2015/03/02 00:12:27;19009;83;28.3;27.7;2.593;1.770;1.219;2.635;0.099;1.535;19010
B315F1;2015/03/02 00:12:37;19010;86;31.9;27.4;2.787;1.790;1.219;2.600;0.099;1.570;19011
B315F1;2015/03/02 00:12:47;19011;88;31.6;28.1;2.687;1.790;1.212;2.600;0.099;1.535;19012
B315F1;2015/03/02 00:12:57;19012;85;34.5;27.9;2.732;1.783;1.212;2.600;0.138;1.561;19013
B315F1;2015/03/02 00:13:07;19013;79;28.7;28.3;2.600;1.783;1.206;2.600;0.138;1.574;19014
B315F1;2015/03/02 00:13:17;19014;78;31.2;27.9;2.593;1.790;1.206;2.609;0.138;1.538;19015
B315F1;2015/03/02 00:13:27;19015;90;32.5;27.2;2.699;1.790;1.193;2.609;0.138;1.538;19016
B315F1;2015/03/02 00:13:37;19016;84;32.2;27.2;2.574;1.777;1.193;2.609;0.074;1.587;19017
B315F1;2015/03/02 00:13:47;19017;91;34.5;26.7;2.693;1.777;1.196;2.609;0.074;1.577;19018
B315F1;2015/03/02 00:13:57;19018;88;32.2;27.6;2.616;1.793;1.196;2.635;0.074;1.567;19019
B315F1;2015/03/02 00:14:07;19019;89;31.9;26.9;2.793;1.793;1.229;2.635;0.074;1.577;19020
B315F1;2015/03/02 00:14:17;19020;81;31.2;28.1;2.600;1.780;1.229;2.635;0.077;1.561;19021
B315F1;2015/03/02 00:14:27;19021;83;29.0;27.7;2.612;1.780;1.209;2.635;0.077;1.522;19022
B315F1;2015/03/02 00:14:37;19022;80;32.9;27.7;2.635;1.780;1.209;2.606;0.077;1.538;19023
B315F1;2015/03/02 00:14:47;19023;91;32.9;27.6;2.783;1.780;1.206;2.606;0.077;1.522;19024
B315F1;2015/03/02 00:14:57;19024;89;31.6;27.6;2.616;1.809;1.206;2.606;0.083;1.558;19025
B315F1;2015/03/02 00:15:07;19025;83;32.9;27.7;2.751;1.809;1.196;2.606;0.083;1.574;19026
B315F1;2015/03/02 00:15:17;19026;88;33.5;28.1;2.587;1.809;1.196;2.632;0.083;1.577;19027
B315F1;2015/03/02 00:15:27;19027;91;30.6;27.2;2.674;1.809;1.199;2.632;0.083;1.554;19028
B315F1;2015/03/02 00:15:37;19028;88;35.4;27.7;2.600;1.793;1.199;2.632;0.074;1.554;19029
B315F1;2015/03/02 00:15:47;19029;83;31.9;27.6;2.803;1.793;1.258;2.632;0.074;1.558;19030
B315F1;2015/03/02 00:15:57;19030;93;33.5;27.6;2.635;1.774;1.258;2.619;0.074;1.603;19031
B315F1;2015/03/02 00:16:07;19031;81;29.0;28.8;2.625;1.774;1.196;2.619;0.074;1.583;19032
B315F1;2015/03/02 00:16:17;19032;88;30.9;27.4;2.635;1.790;1.196;2.619;0.074;1.583;19033
B315F1;2015/03/02 00:16:27;19033;86;34.8;27.7;2.632;1.790;1.199;2.619;0.074;1.561;19034
B315F1;2015/03/02 00:16:37;19034;89;31.2;28.4;2.761;1.800;1.199;2.583;0.074;1.593;19035
B315F1;2015/03/02 00:16:47;19035;92;30.0;27.4;2.567;1.800;1.196;2.583;0.074;1.545;19036
B315F1;2015/03/02 00:16:57;19036;91;30.0;27.9;2.680;1.790;1.196;2.583;0.083;1.577;19037
B315F1;2015/03/02 00:17:07;19037;81;33.5;27.4;2.596;1.790;1.206;2.583;0.083;1.577;19038
B315F1;2015/03/02 00:17:17;19038;93;28.3;27.7;2.593;1.777;1.206;2.596;0.083;1.596;19039
B315F1;2015/03/02 00:17:27;19039;92;29.0;27.7;2.616;1.777;1.209;2.596;0.083;1.567;19040
B315F1;2015/03/02 00:17:37;19040;90;34.8;27.9;2.596;1.812;1.209;2.596;0.077;1.590;19041
B315F1;2015/03/02 00:17:47;19041;88;30.0;27.9;2.770;1.812;1.203;2.596;0.077;1.577;19042
B315F1;2015/03/02 00:17:57;19042;87;32.5;27.6;2.580;1.777;1.203;2.593;0.077;1.554;19043
B315F1;2015/03/02 00:18:07;19043;78;27.7;28.3;2.629;1.777;1.248;2.593;0.077;1.587;19044
B315F1;2015/03/02 00:18:17;19044;93;31.9;27.9;2.625;1.777;1.248;2.593;0.090;1.574;19045
B315F1;2015/03/02 00:18:27;19045;89;27.7;27.7;2.574;1.777;1.203;2.593;0.090;1.567;19046
B315F1;2015/03/02 00:18:37;19046;81;29.0;27.7;2.616;1.816;1.203;2.625;0.090;1.606;19047
B315F1;2015/03/02 00:18:47;19047;84;32.5;27.6;2.774;1.816;1.196;2.625;0.090;1.596;19048
B315F1;2015/03/02 00:18:57;19048;96;30.3;27.4;2.790;1.816;1.196;2.625;0.077;1.599;19049
B315F1;2015/03/02 00:19:07;19049;79;28.0;27.2;2.667;1.816;1.196;2.625;0.077;1.599;19050
B315F1;2015/03/02 00:19:17;19050;77;33.8;27.6;2.616;1.809;1.196;2.593;0.077;1.590;19051
B315F1;2015/03/02 00:19:27;19051;84;34.5;27.6;2.751;1.809;1.199;2.593;0.077;1.596;19052
B315F1;2015/03/02 00:19:37;19052;84;28.3;27.6;2.774;1.816;1.199;2.593;0.074;1.596;19053
B315F1;2015/03/02 00:19:47;19053;87;35.4;27.0;2.600;1.816;1.248;2.593;0.074;1.583;19054
B315F1;2015/03/02 00:19:57;19054;88;34.5;27.6;2.587;1.793;1.248;2.638;0.074;1.606;19055
B315F1;2015/03/02 00:20:07;19055;93;30.0;27.4;2.612;1.793;1.216;2.638;0.074;1.593;19056
B315F1;2015/03/02 00:20:17;19056;89;31.9;27.7;2.751;1.793;1.216;2.638;0.074;1.596;19057
B315F1;2015/03/02 00:20:27;19057;93;28.7;27.7;2.616;1.793;1.206;2.638;0.074;1.609;19058
B315F1;2015/03/02 00:20:37;19058;83;30.0;27.6;2.654;1.809;1.206;2.590;0.074;1.593;19059
B315F1;2015/03/02 00:20:47;19059;88;28.3;27.7;2.577;1.809;1.196;2.590;0.074;1.606;19060
B315F1;2015/03/02 00:20:57;19060;87;31.2;28.4;2.764;1.816;1.196;2.590;0.074;1.609;19061
B315F1;2015/03/02 00:21:07;19061;75;33.2;27.6;2.767;1.816;1.193;2.590;0.074;1.583;19062
B315F1;2015/03/02 00:21:17;19062;85;33.2;28.8;2.764;1.777;1.193;2.635;0.074;1.583;19063
B315F1;2015/03/02 00:21:27;19063;88;28.0;27.4;2.674;1.777;1.216;2.635;0.074;1.574;19064
B315F1;2015/03/02 00:21:37;19064;88;31.2;27.6;2.600;1.809;1.216;2.635;0.067;1.599;19065
B315F1;2015/03/02 00:21:47;19065;90;30.6;27.6;2.661;1.809;1.229;2.635;0.067;1.554;19066
B315F1;2015/03/02 00:21:57;19066;81;33.2;27.9;2.596;1.796;1.229;2.641;0.067;1.596;19067
B315F1;2015/03/02 00:22:07;19067;81;28.3;27.7;2.616;1.796;1.196;2.641;0.067;1.596;19068
B315F1;2015/03/02 00:22:17;19068;88;33.5;27.6;2.587;1.777;1.196;2.641;0.074;1.577;19069
B315F1;2015/03/02 00:22:27;19069;92;28.3;27.7;2.600;1.777;1.248;2.641;0.074;1.567;19070
B315F1;2015/03/02 00:22:37;19070;90;31.9;28.1;2.748;1.809;1.248;2.619;0.074;1.564;19071
B315F1;2015/03/02 00:22:47;19071;80;30.3;28.3;2.793;1.809;1.199;2.619;0.074;1.583;19072
B315F1;2015/03/02 00:22:57;19072;85;28.3;27.7;2.616;1.780;1.199;2.619;0.083;1.564;19073
B315F1;2015/03/02 00:23:07;19073;84;29.0;27.9;2.609;1.780;1.203;2.619;0.083;1.545;19074
B315F1;2015/03/02 00:23:17;19074;77;32.5;28.1;2.574;1.777;1.203;2.603;0.083;1.561;19075
B315F1;2015/03/02 00:23:27;19075;84;29.0;27.7;2.751;1.777;1.203;2.603;0.083;1.596;19076
B315F1;2015/03/02 00:23:37;19076;83;31.2;27.4;2.777;1.806;1.203;2.603;0.083;1.558;19077
B315F1;2015/03/02 00:23:47;19077;75;30.3;27.4;2.583;1.806;1.216;2.603;0.083;1.554;19078
B315F1;2015/03/02 00:23:57;19078;87;31.6;27.7;2.580;1.780;1.216;2.593;0.083;1.593;19079
B315F1;2015/03/02 00:24:07;19079;80;27.7;28.1;2.593;1.780;1.199;2.593;0.083;1.574;19080
B315F1;2015/03/02 00:24:17;19080;88;34.5;28.1;2.593;1.819;1.199;2.593;0.077;1.583;19081
B315F1;2015/03/02 00:24:27;19081;87;28.7;28.3;2.603;1.819;1.199;2.593;0.077;1.554;19082
B315F1;2015/03/02 00:24:37;19082;85;31.9;28.1;2.758;1.816;1.199;2.622;0.077;1.574;19083
B315F1;2015/03/02 00:24:47;19083;81;28.3;27.9;2.574;1.816;1.199;2.622;0.077;1.580;19084
B315F1;2015/03/02 00:24:57;19084;94;31.2;27.7;2.603;1.800;1.199;2.622;0.077;1.570;19085
B315F1;2015/03/02 00:25:07;19085;88;28.3;28.3;2.600;1.800;1.199;2.622;0.077;1.551;19086
B315F1;2015/03/02 00:25:17;19086;91;32.9;28.3;2.574;1.806;1.199;2.606;0.077;1.577;19087
B315F1;2015/03/02 00:25:27;19087;84;34.1;27.7;2.738;1.806;1.209;2.606;0.077;1.570;19088
B315F1;2015/03/02 00:25:37;19088;93;27.7;28.1;2.625;1.816;1.209;2.606;0.074;1.564;19089
B315F1;2015/03/02 00:25:47;19089;88;27.7;28.4;2.600;1.816;1.209;2.606;0.074;1.577;19090
B315F1;2015/03/02 00:25:57;19090;77;30.3;27.9;2.587;1.819;1.209;2.645;0.074;1.551;19091
B315F1;2015/03/02 00:26:07;19091;89;34.5;27.6;2.641;1.819;1.258;2.645;0.074;1.554;19092
B315F1;2015/03/02 00:26:17;19092;89;31.2;27.9;2.758;1.816;1.258;2.645;0.064;1.535;19093
B315F1;2015/03/02 00:26:27;19093;90;28.3;28.3;2.600;1.816;1.199;2.645;0.064;1.558;19094
B315F1;2015/03/02 00:26:37;19094;83;33.5;28.3;2.654;1.790;1.199;2.625;0.064;1.545;19095
B315F1;2015/03/02 00:26:47;19095;93;33.2;27.7;2.593;1.790;1.251;2.625;0.064;1.554;19096
B315F1;2015/03/02 00:26:57;19096;83;33.5;27.9;2.712;1.822;1.251;2.625;0.106;1.583;19097
B315F1;2015/03/02 00:27:07;19097;93;32.9;28.1;2.764;1.822;1.261;2.625;0.106;1.554;19098
B315F1;2015/03/02 00:27:17;19098;90;30.3;27.9;2.587;1.800;1.261;2.593;0.106;1.596;19099
B315F1;2015/03/02 00:27:27;19099;86;32.5;27.9;2.722;1.800;1.222;2.593;0.106;1.545;19100
B315F1;2015/03/02 00:27:37;19100;89;31.6;27.2;2.567;1.790;1.222;2.593;0.112;1.596;19101
B315F1;2015/03/02 00:27:47;19101;88;29.0;27.4;2.570;1.790;1.216;2.593;0.112;1.554;19102
B315F1;2015/03/02 00:27:57;19102;89;28.3;27.9;2.722;1.819;1.216;2.593;0.112;1.590;19103
B315F1;2015/03/02 00:28:07;19103;83;27.7;28.4;2.812;1.819;1.206;2.593;0.112;1.583;19104
B315F1;2015/03/02 00:28:17;19104;81;35.4;27.7;2.593;1.819;1.206;2.593;0.077;1.590;19105
B315F1;2015/03/02 00:28:27;19105;85;34.5;27.2;2.683;1.819;1.199;2.593;0.077;1.541;19106
B315F1;2015/03/02 00:28:37;19106;86;28.3;27.2;2.803;1.819;1.199;2.600;0.077;1.545;19107
B315F1;2015/03/02 00:28:47;19107;90;31.9;27.7;2.751;1.819;1.203;2.600;0.077;1.529;19108
B315F1;2015/03/02 00:28:57;19108;88;29.0;27.6;2.574;1.806;1.203;2.600;0.083;1.558;19109
B315F1;2015/03/02 00:29:07;19109;89;27.7;27.7;2.600;1.806;1.238;2.600;0.083;1.538;19110
B315F1;2015/03/02 00:29:17;19110;90;32.2;27.9;2.654;1.809;1.238;2.603;0.083;1.538;19111
B315F1;2015/03/02 00:29:27;19111;85;31.6;27.7;2.600;1.809;1.248;2.603;0.083;1.558;19112
B315F1;2015/03/02 00:29:37;19112;77;31.9;27.9;2.616;1.783;1.248;2.603;0.106;1.535;19113
B315F1;2015/03/02 00:29:47;19113;88;31.9;27.6;2.738;1.783;1.216;2.603;0.106;1.548;19114
B315F1;2015/03/02 00:29:57;19114;94;27.7;27.2;2.600;1.822;1.216;2.619;0.106;1.583;19115
B315F1;2015/03/02 00:30:07;19115;89;30.6;27.0;2.596;1.822;1.261;2.619;0.106;1.551;19116
B315F1;2015/03/02 00:30:17;19116;90;30.9;27.2;2.790;1.819;1.261;2.619;0.083;1.580;19117
B315F1;2015/03/02 00:30:27;19117;83;28.0;27.0;2.596;1.819;1.199;2.619;0.083;1.567;19118
B315F1;2015/03/02 00:30:37;19118;87;28.7;28.3;2.580;1.790;1.199;2.596;0.083;1.606;19119
B315F1;2015/03/02 00:30:47;19119;92;27.7;28.1;2.580;1.790;1.199;2.596;0.083;1.577;19120
B315F1;2015/03/02 00:30:57;19120;85;32.9;27.9;2.667;1.783;1.199;2.596;0.067;1.558;19121
B315F1;2015/03/02 00:31:07;19121;93;30.3;27.4;2.587;1.783;1.206;2.596;0.067;1.558;19122
B315F1;2015/03/02 00:31:17;19122;80;33.2;27.7;2.600;1.790;1.206;2.596;0.067;1.577;19123
B315F1;2015/03/02 00:31:27;19123;85;28.7;27.7;2.670;1.790;1.203;2.596;0.067;1.558;19124
B315F1;2015/03/02 00:31:37;19124;85;32.9;27.9;2.683;1.796;1.203;2.596;0.083;1.567;19125
B315F1;2015/03/02 00:31:47;19125;87;28.7;27.4;2.580;1.796;1.261;2.596;0.083;1.570;19126
B315F1;2015/03/02 00:31:57;19126;87;29.6;27.4;2.803;1.796;1.261;2.609;0.083;1.548;19127
B315F1;2015/03/02 00:32:07;19127;82;27.4;27.7;2.603;1.796;1.203;2.609;0.083;1.561;19128
B315F1;2015/03/02 00:32:17;19128;88;31.2;27.6;2.609;1.816;1.203;2.609;0.083;1.558;19129
B315F1;2015/03/02 00:32:27;19129;91;34.5;27.6;2.719;1.816;1.203;2.609;0.083;1.538;19130
B315F1;2015/03/02 00:32:37;19130;87;33.2;27.9;2.683;1.790;1.203;2.612;0.083;1.558;19131
B315F1;2015/03/02 00:32:47;19131;90;32.9;27.6;2.812;1.790;1.199;2.612;0.083;1.538;19132
B315F1;2015/03/02 00:32:57;19132;94;34.5;28.3;2.658;1.809;1.199;2.612;0.074;1.564;19133
B315F1;2015/03/02 00:33:07;19133;88;28.7;27.7;2.593;1.809;1.264;2.612;0.074;1.551;19134
B315F1;2015/03/02 00:33:17;19134;95;29.3;28.1;2.580;1.787;1.264;2.590;0.074;1.541;19135
B315F1;2015/03/02 00:33:27;19135;91;28.7;28.4;2.774;1.787;1.222;2.590;0.074;1.554;19136
B315F1;2015/03/02 00:33:37;19136;90;28.3;27.9;2.612;1.819;1.222;2.590;0.080;1.525;19137
B315F1;2015/03/02 00:33:47;19137;87;32.9;27.9;2.806;1.819;1.199;2.590;0.080;1.554;19138
B315F1;2015/03/02 00:33:57;19138;93;30.6;27.4;2.777;1.793;1.199;2.625;0.080;1.583;19139
B315F1;2015/03/02 00:34:07;19139;90;28.0;27.4;2.654;1.793;1.222;2.625;0.080;1.551;19140
B315F1;2015/03/02 00:34:17;19140;89;34.8;27.9;2.625;1.803;1.222;2.625;0.080;1.577;19141
B315F1;2015/03/02 00:34:27;19141;82;33.8;27.6;2.625;1.803;1.209;2.625;0.080;1.554;19142
B315F1;2015/03/02 00:34:37;19142;89;31.9;28.3;2.625;1.783;1.209;2.600;0.080;1.548;19143
B315F1;2015/03/02 00:34:47;19143;90;30.6;27.2;2.777;1.783;1.203;2.600;0.080;1.541;19144
B315F1;2015/03/02 00:34:57;19144;93;32.5;27.9;2.658;1.790;1.203;2.600;0.106;1.561;19145
B315F1;2015/03/02 00:35:07;19145;78;29.6;27.7;2.580;1.790;1.264;2.600;0.106;1.522;19146
B315F1;2015/03/02 00:35:17;19146;83;33.8;27.7;2.651;1.783;1.264;2.596;0.106;1.567;19147
B315F1;2015/03/02 00:35:27;19147;78;34.1;28.1;2.738;1.783;1.248;2.596;0.106;1.554;19148
B315F1;2015/03/02 00:35:37;19148;88;32.2;28.1;2.622;1.793;1.248;2.596;0.077;1.587;19149
B315F1;2015/03/02 00:35:47;19149;88;32.5;27.2;2.687;1.793;1.261;2.596;0.077;1.570;19150
B315F1;2015/03/02 00:35:57;19150;89;30.3;27.4;2.803;1.793;1.261;2.580;0.077;1.587;19151
B315F1;2015/03/02 00:36:07;19151;89;32.5;28.4;2.616;1.793;1.206;2.580;0.077;1.599;19152
B315F1;2015/03/02 00:36:17;19152;88;32.9;28.3;2.580;1.790;1.206;2.580;0.067;1.551;19153
B315F1;2015/03/02 00:36:27;19153;94;31.9;27.6;2.806;1.790;1.206;2.580;0.067;1.574;19154
B315F1;2015/03/02 00:36:37;19154;88;32.9;28.6;2.787;1.796;1.206;2.596;0.067;1.551;19155
B315F1;2015/03/02 00:36:47;19155;87;31.9;27.6;2.725;1.796;1.251;2.596;0.067;1.551;19156
B315F1;2015/03/02 00:36:57;19156;84;30.9;27.7;2.783;1.816;1.251;2.596;0.083;1.558;19157
B315F1;2015/03/02 00:37:07;19157;90;30.3;27.6;2.667;1.816;1.267;2.596;0.083;1.551;19158
B315F1;2015/03/02 00:37:17;19158;84;32.2;28.1;2.648;1.803;1.267;2.619;0.083;1.564;19159
B315F1;2015/03/02 00:37:27;19159;88;34.1;27.6;2.748;1.803;1.209;2.619;0.083;1.590;19160
B315F1;2015/03/02 00:37:37;19160;90;34.5;27.9;2.635;1.793;1.209;2.619;0.096;1.567;19161
B315F1;2015/03/02 00:37:47;19161;93;30.0;27.7;2.751;1.793;1.267;2.619;0.096;1.558;19162
B315F1;2015/03/02 00:37:57;19162;85;33.8;28.1;2.596;1.796;1.267;2.629;0.096;1.603;19163
B315F1;2015/03/02 00:38:07;19163;87;28.0;27.7;2.680;1.796;1.225;2.629;0.096;1.577;19164
B315F1;2015/03/02 00:38:17;19164;88;30.3;27.0;2.732;1.803;1.225;2.629;0.074;1.558;19165
B315F1;2015/03/02 00:38:27;19165;87;33.8;27.0;2.590;1.803;1.261;2.629;0.074;1.593;19166
B315F1;2015/03/02 00:38:37;19166;88;32.2;27.4;2.703;1.800;1.261;2.641;0.074;1.554;19167
B315F1;2015/03/02 00:38:47;19167;88;31.2;27.0;2.596;1.800;1.206;2.641;0.074;1.538;19168
B315F1;2015/03/02 00:38:57;19168;93;33.2;28.1;2.809;1.790;1.206;2.641;0.077;1.558;19169
B315F1;2015/03/02 00:39:07;19169;88;33.8;27.4;2.587;1.790;1.248;2.641;0.077;1.564;19170
B315F1;2015/03/02 00:39:17;19170;90;30.3;27.7;2.596;1.790;1.248;2.593;0.077;1.587;19171
B315F1;2015/03/02 00:39:27;19171;93;29.0;28.1;2.616;1.790;1.212;2.593;0.077;1.593;19172
B315F1;2015/03/02 00:39:37;19172;83;31.9;27.7;2.803;1.793;1.212;2.593;0.138;1.548;19173
B315F1;2015/03/02 00:39:47;19173;88;27.7;28.1;2.587;1.793;1.206;2.593;0.138;1.587;19174
B315F1;2015/03/02 00:39:57;19174;78;33.2;28.3;2.622;1.796;1.206;2.645;0.138;1.548;19175
B315F1;2015/03/02 00:40:07;19175;85;34.5;27.6;2.806;1.796;1.209;2.645;0.138;1.554;19176
B315F1;2015/03/02 00:40:17;19176;90;33.2;28.3;2.716;1.825;1.209;2.645;0.096;1.570;19177
B315F1;2015/03/02 00:40:27;19177;88;34.8;27.4;2.661;1.825;1.225;2.645;0.096;1.561;19178
B315F1;2015/03/02 00:40:37;19178;86;32.5;27.9;2.680;1.816;1.225;2.654;0.096;1.558;19179
B315F1;2015/03/02 00:40:47;19179;88;29.0;27.7;2.735;1.816;1.241;2.654;0.096;1.570;19180
B315F1;2015/03/02 00:40:57;19180;85;29.0;28.3;2.593;1.829;1.241;2.654;0.119;1.570;19181
B315F1;2015/03/02 00:41:07;19181;78;27.7;28.4;2.593;1.829;1.203;2.654;0.119;1.567;19182
B315F1;2015/03/02 00:41:17;19182;93;27.7;27.2;2.809;1.816;1.203;2.645;0.119;1.570;19183
B315F1;2015/03/02 00:41:27;19183;93;29.0;27.9;2.612;1.816;1.232;2.645;0.119;1.570;19184
B315F1;2015/03/02 00:41:37;19184;90;32.5;27.9;2.603;1.829;1.232;2.645;0.070;1.554;19185
B315F1;2015/03/02 00:41:47;19185;93;31.2;27.9;2.806;1.829;1.264;2.645;0.070;1.541;19186
B315F1;2015/03/02 00:41:57;19186;83;30.9;27.4;2.799;1.825;1.264;2.603;0.070;1.593;19187
B315F1;2015/03/02 00:42:07;19187;90;34.5;27.9;2.738;1.825;1.232;2.603;0.070;1.561;19188
B315F1;2015/03/02 00:42:17;19188;77;31.2;28.1;2.729;1.822;1.232;2.603;0.077;1.564;19189
B315F1;2015/03/02 00:42:27;19189;87;30.0;27.7;2.806;1.822;1.212;2.603;0.077;1.545;19190
B315F1;2015/03/02 00:42:37;19190;81;31.6;28.3;2.616;1.790;1.212;2.641;0.077;1.570;19191
B315F1;2015/03/02 00:42:47;19191;88;31.2;27.0;2.719;1.790;1.206;2.641;0.077;1.603;19192
B315F1;2015/03/02 00:42:57;19192;79;30.9;27.4;2.703;1.825;1.206;2.641;0.074;1.593;19193
B315F1;2015/03/02 00:43:07;19193;88;33.2;27.9;2.616;1.825;1.241;2.641;0.074;1.564;19194
B315F1;2015/03/02 00:43:17;19194;91;31.9;28.4;2.738;1.819;1.241;2.596;0.074;1.577;19195
B315F1;2015/03/02 00:43:27;19195;85;30.3;27.7;2.638;1.819;1.225;2.596;0.074;1.554;19196
B315F1;2015/03/02 00:43:37;19196;92;30.3;27.4;2.690;1.800;1.225;2.596;0.087;1.561;19197
B315F1;2015/03/02 00:43:47;19197;88;32.2;27.9;2.799;1.800;1.206;2.596;0.087;1.561;19198
B315F1;2015/03/02 00:43:57;19198;86;31.2;27.7;2.783;1.790;1.206;2.600;0.087;1.564;19199
B315F1;2015/03/02 00:44:07;19199;93;28.0;27.4;2.603;1.790;1.248;2.600;0.087;1.603;19200
B315F1;2015/03/02 00:44:17;19200;85;29.3;27.7;2.587;1.790;1.248;2.600;0.074;1.593;19201
B315F1;2015/03/02 00:44:27;19201;86;29.0;27.7;2.622;1.790;1.206;2.600;0.074;1.564;19202
B315F1;2015/03/02 00:44:37;19202;96;31.9;28.8;2.751;1.796;1.206;2.619;0.074;1.570;19203
B315F1;2015/03/02 00:44:47;19203;82;27.7;28.1;2.590;1.796;1.209;2.619;0.074;1.574;19204
B315F1;2015/03/02 00:44:57;19204;84;32.5;28.1;2.600;1.829;1.209;2.619;0.087;1.590;19205
B315F1;2015/03/02 00:45:07;19205;84;32.5;27.2;2.661;1.829;1.264;2.619;0.087;1.574;19206
B315F1;2015/03/02 00:45:17;19206;88;30.3;28.1;2.600;1.806;1.264;2.603;0.087;1.554;19207
B315F1;2015/03/02 00:45:27;19207;91;27.7;28.1;2.638;1.806;1.225;2.603;0.087;1.570;19208
B315F1;2015/03/02 00:45:37;19208;86;34.5;27.6;2.600;1.790;1.225;2.603;0.083;1.551;19209
B315F1;2015/03/02 00:45:47;19209;89;27.7;28.1;2.638;1.790;1.267;2.603;0.083;1.541;19210
B315F1;2015/03/02 00:45:57;19210;84;28.3;27.6;2.722;1.819;1.267;2.651;0.083;1.545;19211
B315F1;2015/03/02 00:46:07;19211;87;31.2;27.0;2.696;1.819;1.209;2.651;0.083;1.596;19212
B315F1;2015/03/02 00:46:17;19212;95;31.2;28.1;2.622;1.790;1.209;2.651;0.077;1.574;19213
B315F1;2015/03/02 00:46:27;19213;93;34.1;27.6;2.725;1.790;1.206;2.651;0.077;1.570;19214
B315F1;2015/03/02 00:46:37;19214;84;28.3;27.7;2.629;1.829;1.206;2.641;0.077;1.567;19215
B315F1;2015/03/02 00:46:47;19215;86;31.9;27.6;2.725;1.829;1.261;2.641;0.077;1.580;19216
B315F1;2015/03/02 00:46:57;19216;78;32.5;27.9;2.587;1.829;1.261;2.641;0.106;1.564;19217
B315F1;2015/03/02 00:47:07;19217;81;34.5;27.4;2.587;1.829;1.225;2.641;0.106;1.564;19218
B315F1;2015/03/02 00:47:17;19218;81;30.3;27.0;2.803;1.800;1.225;2.616;0.106;1.541;19219
B315F1;2015/03/02 00:47:27;19219;77;34.8;27.0;2.609;1.800;1.225;2.616;0.106;1.548;19220
B315F1;2015/03/02 00:47:37;19220;92;32.2;27.6;2.641;1.796;1.225;2.616;0.119;1.554;19221
B315F1;2015/03/02 00:47:47;19221;88;28.3;28.1;2.667;1.796;1.209;2.616;0.119;1.548;19222
B315F1;2015/03/02 00:47:57;19222;87;31.2;27.7;2.796;1.800;1.209;2.654;0.119;1.551;19223
B315F1;2015/03/02 00:48:07;19223;91;32.5;27.0;2.609;1.800;1.206;2.654;0.119;1.548;19224
B315F1;2015/03/02 00:48:17;19224;76;28.3;27.9;2.780;1.825;1.206;2.654;0.083;1.554;19225
B315F1;2015/03/02 00:48:27;19225;87;30.3;27.4;2.687;1.825;1.219;2.654;0.083;1.538;19226
B315F1;2015/03/02 00:48:37;19226;84;31.2;28.1;2.745;1.816;1.219;2.616;0.083;1.554;19227
B315F1;2015/03/02 00:48:47;19227;83;30.3;28.1;2.629;1.816;1.203;2.616;0.083;1.551;19228
B315F1;2015/03/02 00:48:57;19228;83;29.0;28.1;2.680;1.790;1.203;2.616;0.083;1.561;19229
B315F1;2015/03/02 00:49:07;19229;93;29.6;27.9;2.590;1.790;1.209;2.616;0.083;1.541;19230
B315F1;2015/03/02 00:49:17;19230;86;32.2;27.6;2.764;1.812;1.209;2.632;0.083;1.522;19231
B315F1;2015/03/02 00:49:27;19231;92;30.3;27.6;2.632;1.812;1.267;2.632;0.083;1.535;19232
B315F1;2015/03/02 00:49:37;19232;88;33.8;27.7;2.748;1.822;1.267;2.632;0.083;1.541;19233
B315F1;2015/03/02 00:49:47;19233;88;34.5;27.6;2.764;1.822;1.232;2.632;0.083;1.541;19234
B315F1;2015/03/02 00:49:57;19234;88;31.6;27.4;2.732;1.800;1.232;2.645;0.083;1.570;19235
B315F1;2015/03/02 00:50:07;19235;85;34.8;27.2;2.777;1.800;1.203;2.645;0.083;1.551;19236
B315F1;2015/03/02 00:50:17;19236;91;30.3;28.3;2.609;1.829;1.203;2.645;0.067;1.554;19237
B315F1;2015/03/02 00:50:27;19237;89;29.0;27.7;2.735;1.829;1.254;2.645;0.067;1.551;19238
B315F1;2015/03/02 00:50:37;19238;91;29.0;27.7;2.667;1.822;1.254;2.622;0.067;1.541;19239
B315F1;2015/03/02 00:50:47;19239;93;30.0;27.7;2.793;1.822;1.258;2.622;0.067;1.541;19240
B315F1;2015/03/02 00:50:57;19240;93;33.2;28.4;2.709;1.806;1.258;2.622;0.119;1.587;19241
B315F1;2015/03/02 00:51:07;19241;93;32.9;27.0;2.606;1.806;1.267;2.622;0.119;1.541;19242
B315F1;2015/03/02 00:51:17;19242;83;34.5;27.9;2.603;1.793;1.267;2.606;0.119;1.587;19243
B315F1;2015/03/02 00:51:27;19243;85;30.0;27.2;2.616;1.793;1.222;2.606;0.119;1.541;19244
B315F1;2015/03/02 00:51:37;19244;88;30.3;27.4;2.716;1.806;1.222;2.606;0.077;1.564;19245
B315F1;2015/03/02 00:51:47;19245;85;29.6;27.2;2.738;1.806;1.209;2.606;0.077;1.570;19246
B315F1;2015/03/02 00:51:57;19246;85;30.3;27.7;2.603;1.816;1.209;2.645;0.077;1.577;19247
B315F1;2015/03/02 00:52:07;19247;83;32.2;27.6;2.799;1.816;1.238;2.645;0.077;1.580;19248
B315F1;2015/03/02 00:52:17;19248;87;29.0;27.7;2.616;1.806;1.238;2.645;0.090;1.535;19249
B315F1;2015/03/02 00:52:27;19249;93;33.5;27.7;2.812;1.806;1.212;2.645;0.090;1.535;19250
B315F1;2015/03/02 00:52:37;19250;83;33.2;28.3;2.735;1.819;1.212;2.606;0.090;1.554;19251
B315F1;2015/03/02 00:52:47;19251;83;31.9;27.6;2.722;1.819;1.219;2.606;0.090;1.548;19252
B315F1;2015/03/02 00:52:57;19252;93;30.3;27.7;2.587;1.793;1.219;2.606;0.132;1.570;19253
B315F1;2015/03/02 00:53:07;19253;83;30.3;27.4;2.635;1.793;1.241;2.606;0.132;1.554;19254
B315F1;2015/03/02 00:53:17;19254;82;28.3;27.7;2.787;1.829;1.241;2.648;0.132;1.554;19255
B315F1;2015/03/02 00:53:27;19255;88;28.0;27.2;2.670;1.829;1.206;2.648;0.132;1.570;19256
B315F1;2015/03/02 00:53:37;19256;83;29.3;27.6;2.812;1.829;1.206;2.648;0.064;1.570;19257
B315F1;2015/03/02 00:53:47;19257;88;33.2;27.9;2.819;1.829;1.245;2.648;0.064;1.558;19258
B315F1;2015/03/02 00:53:57;19258;83;32.5;27.6;2.593;1.796;1.245;2.638;0.064;1.567;19259
B315F1;2015/03/02 00:54:07;19259;88;32.2;27.6;2.819;1.796;1.206;2.638;0.064;1.599;19260
B315F1;2015/03/02 00:54:17;19260;94;30.3;27.4;2.725;1.825;1.206;2.638;0.183;1.577;19261
B315F1;2015/03/02 00:54:27;19261;88;30.9;27.9;2.806;1.825;1.229;2.638;0.183;1.551;19262
B315F1;2015/03/02 00:54:37;19262;88;30.6;27.4;2.693;1.796;1.229;2.648;0.183;1.561;19263
B315F1;2015/03/02 00:54:47;19263;77;28.0;27.6;2.635;1.796;1.261;2.648;0.183;1.551;19264
B315F1;2015/03/02 00:54:57;19264;83;30.9;27.4;2.674;1.832;1.261;2.648;0.138;1.561;19265
B315F1;2015/03/02 00:55:07;19265;83;30.0;27.6;2.738;1.832;1.261;2.648;0.138;1.561;19266
B315F1;2015/03/02 00:55:17;19266;79;30.9;27.6;2.719;1.809;1.261;2.612;0.138;1.577;19267
B315F1;2015/03/02 00:55:27;19267;88;32.2;27.7;2.719;1.809;1.206;2.612;0.138;1.583;19268
B315F1;2015/03/02 00:55:37;19268;91;32.5;27.6;2.600;1.800;1.206;2.612;0.106;1.558;19269
B315F1;2015/03/02 00:55:47;19269;92;31.9;27.6;2.712;1.800;1.212;2.612;0.106;1.593;19270
B315F1;2015/03/02 00:55:57;19270;96;28.7;27.7;2.580;1.822;1.212;2.600;0.106;1.567;19271
B315F1;2015/03/02 00:56:07;19271;82;28.0;27.6;2.632;1.822;1.212;2.600;0.106;1.551;19272
B315F1;2015/03/02 00:56:17;19272;85;35.1;27.6;2.716;1.793;1.212;2.600;0.080;1.593;19273
B315F1;2015/03/02 00:56:27;19273;88;31.9;28.1;2.609;1.793;1.264;2.600;0.080;1.561;19274
B315F1;2015/03/02 00:56:37;19274;83;34.5;27.6;2.593;1.800;1.264;2.638;0.080;1.577;19275
B315F1;2015/03/02 00:56:47;19275;90;30.9;27.9;2.787;1.800;1.229;2.638;0.080;1.551;19276
B315F1;2015/03/02 00:56:57;19276;90;30.9;28.1;2.616;1.793;1.229;2.638;0.196;1.551;19277
B315F1;2015/03/02 00:57:07;19277;87;30.6;27.6;2.635;1.793;1.267;2.638;0.196;1.574;19278
B315F1;2015/03/02 00:57:17;19278;89;33.8;28.1;2.641;1.793;1.267;2.596;0.196;1.545;19279
B315F1;2015/03/02 00:57:27;19279;93;32.9;26.9;2.706;1.793;1.206;2.596;0.196;1.567;19280
B315F1;2015/03/02 00:57:37;19280;77;31.2;27.9;2.732;1.822;1.206;2.596;0.064;1.587;19281
B315F1;2015/03/02 00:57:47;19281;88;34.8;27.0;2.677;1.822;1.209;2.596;0.064;1.564;19282
B315F1;2015/03/02 00:57:57;19282;90;29.0;27.9;2.593;1.803;1.209;2.590;0.064;1.570;19283
B315F1;2015/03/02 00:58:07;19283;91;30.6;26.9;2.693;1.803;1.261;2.590;0.064;1.599;19284
B315F1;2015/03/02 00:58:17;19284;90;28.7;27.6;2.641;1.832;1.261;2.590;0.074;1.564;19285
B315F1;2015/03/02 00:58:27;19285;84;30.3;27.7;2.696;1.832;1.209;2.590;0.074;1.577;19286
B315F1;2015/03/02 00:58:37;19286;83;28.3;27.2;2.812;1.803;1.209;2.635;0.074;1.567;19287
B315F1;2015/03/02 00:58:47;19287;78;33.5;27.4;2.706;1.803;1.209;2.635;0.074;1.561;19288
B315F1;2015/03/02 00:58:57;19288;88;30.3;27.6;2.603;1.825;1.209;2.635;0.080;1.564;19289
B315F1;2015/03/02 00:59:07;19289;83;28.3;27.9;2.600;1.825;1.209;2.635;0.080;1.564;19290
B315F1;2015/03/02 00:59:17;19290;80;31.9;27.4;2.651;1.832;1.209;2.641;0.080;1.603;19291
B315F1;2015/03/02 00:59:27;19291;88;28.0;27.0;2.651;1.832;1.267;2.641;0.080;1.558;19292
B315F1;2015/03/02 00:59:37;19292;90;30.9;27.0;2.719;1.812;1.267;2.641;0.093;1.551;19293
B315F1;2015/03/02 00:59:47;19293;80;28.3;27.7;2.683;1.812;1.212;2.641;0.093;1.564;19294
B315F1;2015/03/02 00:59:57;19294;81;29.0;27.4;2.629;1.816;1.212;2.641;0.093;1.577;19295
B315F1;2015/03/02 01:00:07;19295;88;33.2;27.6;2.783;1.816;1.264;2.641;0.093;1.561;19296
B315F1;2015/03/02 01:00:17;19296;81;32.5;27.7;2.674;1.803;1.264;2.641;0.083;1.606;19297
B315F1;2015/03/02 01:00:27;19297;78;29.0;27.9;2.745;1.803;1.254;2.641;0.083;1.599;19298
B315F1;2015/03/02 01:00:37;19298;96;33.2;28.1;2.725;1.829;1.254;2.635;0.083;1.596;19299
B315F1;2015/03/02 01:00:47;19299;83;33.2;27.7;2.616;1.829;1.248;2.635;0.083;1.603;19300
B315F1;2015/03/02 01:00:57;19300;83;29.0;27.0;2.812;1.796;1.248;2.635;0.083;1.593;19301
B315F1;2015/03/02 01:01:07;19301;81;31.9;27.9;2.780;1.796;1.267;2.635;0.083;1.561;19302
B315F1;2015/03/02 01:01:17;19302;89;34.5;27.9;2.709;1.800;1.267;2.648;0.083;1.580;19303
B315F1;2015/03/02 01:01:27;19303;88;31.2;27.9;2.751;1.800;1.258;2.648;0.083;1.558;19304
B315F1;2015/03/02 01:01:37;19304;87;31.9;28.1;2.812;1.832;1.258;2.648;0.070;1.590;19305
B315F1;2015/03/02 01:01:47;19305;88;31.6;27.0;2.609;1.832;1.248;2.648;0.070;1.561;19306
B315F1;2015/03/02 01:01:57;19306;94;28.3;28.1;2.580;1.809;1.248;2.654;0.070;1.583;19307
B315F1;2015/03/02 01:02:07;19307;83;31.2;27.2;2.803;1.809;1.219;2.654;0.070;1.554;19308
B315F1;2015/03/02 01:02:17;19308;82;28.7;27.7;2.577;1.835;1.219;2.654;0.064;1.541;19309
B315F1;2015/03/02 01:02:27;19309;88;31.6;27.6;2.767;1.835;1.209;2.654;0.064;1.574;19310
B315F1;2015/03/02 01:02:37;19310;83;34.8;28.1;2.603;1.800;1.209;2.609;0.064;1.561;19311
B315F1;2015/03/02 01:02:47;19311;74;30.0;28.1;2.612;1.800;1.203;2.609;0.064;1.541;19312
B315F1;2015/03/02 01:02:57;19312;96;28.3;27.7;2.609;1.809;1.203;2.609;0.190;1.545;19313
B315F1;2015/03/02 01:03:07;19313;87;29.0;28.3;2.625;1.809;1.254;2.609;0.190;1.561;19314
B315F1;2015/03/02 01:03:17;19314;91;34.5;28.1;2.600;1.829;1.254;2.612;0.190;1.599;19315
B315F1;2015/03/02 01:03:27;19315;83;28.7;28.3;2.712;1.829;1.206;2.612;0.190;1.570;19316
B315F1;2015/03/02 01:03:37;19316;89;28.3;27.6;2.635;1.816;1.206;2.612;0.096;1.558;19317
B315F1;2015/03/02 01:03:47;19317;88;31.2;27.4;2.609;1.816;1.209;2.612;0.096;1.554;19318
B315F1;2015/03/02 01:03:57;19318;88;28.3;27.4;2.819;1.832;1.209;2.625;0.096;1.554;19319
B315F1;2015/03/02 01:04:07;19319;93;27.7;27.7;2.600;1.832;1.212;2.625;0.096;1.570;19320
B315F1;2015/03/02 01:04:17;19320;88;34.5;27.9;2.612;1.800;1.212;2.625;0.112;1.554;19321
B315F1;2015/03/02 01:04:27;19321;86;30.3;27.0;2.603;1.800;1.216;2.625;0.112;1.587;19322
B315F1;2015/03/02 01:04:37;19322;84;35.8;27.9;2.603;1.822;1.216;2.658;0.112;1.587;19323
B315F1;2015/03/02 01:04:47;19323;90;30.3;27.6;2.793;1.822;1.209;2.658;0.112;1.567;19324
B315F1;2015/03/02 01:04:57;19324;81;31.2;27.9;2.616;1.832;1.209;2.658;0.064;1.599;19325
B315F1;2015/03/02 01:05:07;19325;93;32.5;27.2;2.648;1.832;1.212;2.658;0.064;1.548;19326
B315F1;2015/03/02 01:05:17;19326;83;35.1;27.6;2.619;1.819;1.212;2.654;0.064;1.587;19327
B315F1;2015/03/02 01:05:27;19327;84;29.0;28.4;2.593;1.819;1.206;2.654;0.064;1.535;19328
B315F1;2015/03/02 01:05:37;19328;95;31.9;27.9;2.758;1.800;1.206;2.654;0.070;1.567;19329
B315F1;2015/03/02 01:05:47;19329;78;27.7;27.7;2.600;1.800;1.245;2.654;0.070;1.570;19330
B315F1;2015/03/02 01:05:57;19330;86;33.8;27.6;2.712;1.793;1.245;2.622;0.070;1.558;19331
B315F1;2015/03/02 01:06:07;19331;88;28.0;27.2;2.638;1.793;1.264;2.622;0.070;1.545;19332
B315F1;2015/03/02 01:06:17;19332;76;29.3;28.1;2.609;1.832;1.264;2.622;0.080;1.564;19333
B315F1;2015/03/02 01:06:27;19333;88;34.8;27.2;2.651;1.832;1.209;2.622;0.080;1.545;19334
B315F1;2015/03/02 01:06:37;19334;86;30.3;27.7;2.612;1.803;1.209;2.635;0.080;1.545;19335
B315F1;2015/03/02 01:06:47;19335;87;30.3;27.0;2.664;1.803;1.206;2.635;0.080;1.532;19336
B315F1;2015/03/02 01:06:57;19336;79;30.9;27.9;2.609;1.816;1.206;2.635;0.067;1.570;19337
B315F1;2015/03/02 01:07:07;19337;83;32.2;27.4;2.725;1.816;1.209;2.635;0.067;1.577;19338
B315F1;2015/03/02 01:07:17;19338;90;32.5;28.1;2.654;1.796;1.209;2.619;0.067;1.567;19339
B315F1;2015/03/02 01:07:27;19339;90;33.5;27.0;2.709;1.796;1.209;2.619;0.067;1.554;19340
B315F1;2015/03/02 01:07:37;19340;88;29.0;27.4;2.816;1.796;1.209;2.619;0.077;1.567;19341
B315F1;2015/03/02 01:07:47;19341;85;32.5;27.0;2.609;1.796;1.212;2.619;0.077;1.580;19342
B315F1;2015/03/02 01:07:57;19342;88;29.3;27.6;2.664;1.816;1.212;2.619;0.077;1.583;19343
B315F1;2015/03/02 01:08:07;19343;87;28.0;27.2;2.670;1.816;1.261;2.619;0.077;1.558;19344
B315F1;2015/03/02 01:08:17;19344;94;30.6;27.6;2.709;1.825;1.261;2.619;0.070;1.599;19345
B315F1;2015/03/02 01:08:27;19345;81;31.6;27.7;2.758;1.825;1.264;2.619;0.070;1.564;19346
B315F1;2015/03/02 01:08:37;19346;90;32.5;27.7;2.638;1.796;1.264;2.661;0.070;1.554;19347
B315F1;2015/03/02 01:08:47;19347;82;31.9;27.9;2.806;1.796;1.229;2.661;0.070;1.564;19348
B315F1;2015/03/02 01:08:57;19348;88;33.2;27.6;2.593;1.793;1.229;2.661;0.083;1.551;19349
B315F1;2015/03/02 01:09:07;19349;93;30.3;27.2;2.787;1.793;1.209;2.661;0.083;1.577;19350
B315F1;2015/03/02 01:09:17;19350;87;31.6;27.9;2.790;1.796;1.209;2.664;0.083;1.561;19351
B315F1;2015/03/02 01:09:27;19351;89;29.3;27.7;2.632;1.796;1.267;2.664;0.083;1.567;19352
B315F1;2015/03/02 01:09:37;19352;88;31.2;28.1;2.616;1.806;1.267;2.664;0.064;1.570;19353
B315F1;2015/03/02 01:09:47;19353;88;30.3;27.0;2.648;1.806;1.209;2.664;0.064;1.541;19354
B315F1;2015/03/02 01:09:57;19354;87;27.7;27.9;2.803;1.803;1.209;2.619;0.064;1.551;19355
B315F1;2015/03/02 01:10:07;19355;93;30.9;27.6;2.606;1.803;1.251;2.619;0.064;1.564;19356
B315F1;2015/03/02 01:10:17;19356;92;31.2;27.9;2.735;1.819;1.251;2.619;0.083;1.567;19357
B315F1;2015/03/02 01:10:27;19357;76;31.2;27.6;2.709;1.819;1.212;2.619;0.083;1.548;19358
B315F1;2015/03/02 01:10:37;19358;92;31.6;28.1;2.616;1.796;1.212;2.641;0.083;1.580;19359
B315F1;2015/03/02 01:10:47;19359;83;33.2;27.9;2.819;1.796;1.206;2.641;0.083;1.561;19360
B315F1;2015/03/02 01:10:57;19360;83;32.5;27.9;2.609;1.796;1.206;2.641;0.067;1.554;19361
B315F1;2015/03/02 01:11:07;19361;92;27.7;28.1;2.641;1.796;1.267;2.641;0.067;1.612;19362
B315F1;2015/03/02 01:11:17;19362;92;29.3;27.7;2.580;1.832;1.267;2.625;0.067;1.590;19363
B315F1;2015/03/02 01:11:27;19363;85;32.5;27.9;2.738;1.832;1.229;2.625;0.067;1.587;19364
B315F1;2015/03/02 01:11:37;19364;88;30.9;27.7;2.803;1.796;1.229;2.625;0.064;1.580;19365
B315F1;2015/03/02 01:11:47;19365;83;29.0;28.4;2.609;1.796;1.212;2.625;0.064;1.570;19366
B315F1;2015/03/02 01:11:57;19366;91;32.2;28.3;2.661;1.835;1.212;2.609;0.064;1.570;19367
B315F1;2015/03/02 01:12:07;19367;88;29.3;27.7;2.732;1.835;1.212;2.609;0.064;1.603;19368
B315F1;2015/03/02 01:12:17;19368;90;28.3;27.2;2.606;1.796;1.212;2.609;0.074;1.590;19369
B315F1;2015/03/02 01:12:27;19369;83;34.8;27.2;2.667;1.796;1.212;2.609;0.074;1.551;19370
B315F1;2015/03/02 01:12:37;19370;81;31.2;27.7;2.616;1.796;1.212;2.600;0.074;1.558;19371
B315F1;2015/03/02 01:12:47;19371;87;32.2;27.6;2.725;1.796;1.206;2.600;0.074;1.603;19372
B315F1;2015/03/02 01:12:57;19372;93;31.6;27.9;2.677;1.809;1.206;2.600;0.119;1.587;19373
B315F1;2015/03/02 01:13:07;19373;81;33.2;27.2;2.751;1.809;1.209;2.600;0.119;1.596;19374
B315F1;2015/03/02 01:13:17;19374;86;29.3;28.1;2.587;1.838;1.209;2.596;0.119;1.593;19375
B315F1;2015/03/02 01:13:27;19375;88;34.1;27.4;2.609;1.838;1.270;2.596;0.119;1.570;19376
B315F1;2015/03/02 01:13:37;19376;87;31.9;27.6;2.622;1.806;1.270;2.596;0.077;1.564;19377
B315F1;2015/03/02 01:13:47;19377;80;31.2;27.2;2.732;1.806;1.216;2.596;0.077;1.574;19378
B315F1;2015/03/02 01:13:57;19378;80;27.7;27.2;2.600;1.835;1.216;2.651;0.077;1.587;19379
B315F1;2015/03/02 01:14:07;19379;86;27.7;28.1;2.603;1.835;1.245;2.651;0.077;1.554;19380
B315F1;2015/03/02 01:14:17;19380;88;29.3;27.7;2.580;1.806;1.245;2.651;0.070;1.580;19381
B315F1;2015/03/02 01:14:27;19381;78;31.6;27.9;2.819;1.806;1.258;2.651;0.070;1.580;19382
B315F1;2015/03/02 01:14:37;19382;96;30.0;28.1;2.674;1.796;1.258;2.616;0.070;1.541;19383
B315F1;2015/03/02 01:14:47;19383;88;29.0;27.4;2.641;1.796;1.219;2.616;0.070;1.561;19384
B315F1;2015/03/02 01:14:57;19384;83;28.3;27.6;2.790;1.800;1.219;2.616;0.064;1.558;19385
B315F1;2015/03/02 01:15:07;19385;85;29.3;27.2;2.761;1.800;1.274;2.616;0.064;1.574;19386
B315F1;2015/03/02 01:15:17;19386;92;32.5;27.7;2.580;1.816;1.274;2.625;0.064;1.545;19387
B315F1;2015/03/02 01:15:27;19387;85;29.0;28.1;2.612;1.816;1.232;2.625;0.064;1.570;19388
B315F1;2015/03/02 01:15:37;19388;93;31.9;27.4;2.796;1.838;1.232;2.625;0.074;1.593;19389
B315F1;2015/03/02 01:15:47;19389;88;34.1;27.6;2.758;1.838;1.267;2.625;0.074;1.551;19390
B315F1;2015/03/02 01:15:57;19390;86;28.7;27.6;2.722;1.825;1.267;2.609;0.074;1.583;19391
B315F1;2015/03/02 01:16:07;19391;77;27.7;28.1;2.593;1.825;1.209;2.609;0.074;1.548;19392
B315F1;2015/03/02 01:16:17;19392;83;28.3;27.7;2.799;1.800;1.209;2.609;0.067;1.590;19393
B315F1;2015/03/02 01:16:27;19393;90;30.9;27.9;2.812;1.800;1.270;2.609;0.067;1.564;19394
B315F1;2015/03/02 01:16:37;19394;93;28.3;27.4;2.748;1.835;1.270;2.632;0.067;1.577;19395
B315F1;2015/03/02 01:16:47;19395;92;28.0;27.2;2.664;1.835;1.222;2.632;0.067;1.525;19396
B315F1;2015/03/02 01:16:57;19396;84;33.2;27.9;2.719;1.838;1.222;2.632;0.093;1.554;19397
B315F1;2015/03/02 01:17:07;19397;83;32.2;27.9;2.603;1.838;1.209;2.632;0.093;1.554;19398
B315F1;2015/03/02 01:17:17;19398;86;31.2;27.9;2.612;1.816;1.209;2.651;0.093;1.570;19399
B315F1;2015/03/02 01:17:27;19399;82;33.2;27.7;2.632;1.816;1.225;2.651;0.093;1.532;19400
B315F1;2015/03/02 01:17:37;19400;93;32.2;27.9;2.777;1.819;1.225;2.651;0.112;1.548;19401
B315F1;2015/03/02 01:17:47;19401;84;30.0;27.6;2.758;1.819;1.222;2.651;0.112;1.567;19402
B315F1;2015/03/02 01:17:57;19402;84;31.9;27.7;2.758;1.809;1.222;2.619;0.112;1.554;19403
B315F1;2015/03/02 01:18:07;19403;86;34.5;27.2;2.638;1.809;1.209;2.619;0.112;1.580;19404
B315F1;2015/03/02 01:18:17;19404;90;28.3;27.7;2.580;1.800;1.209;2.619;0.077;1.593;19405
B315F1;2015/03/02 01:18:27;19405;85;28.3;27.7;2.693;1.800;1.267;2.619;0.077;1.532;19406
B315F1;2015/03/02 01:18:37;19406;88;30.3;27.2;2.593;1.822;1.267;2.629;0.077;1.522;19407
B315F1;2015/03/02 01:18:47;19407;84;29.0;27.9;2.603;1.822;1.212;2.629;0.077;1.532;19408
B315F1;2015/03/02 01:18:57;19408;83;30.9;27.2;2.816;1.829;1.212;2.629;0.070;1.574;19409
B315F1;2015/03/02 01:19:07;19409;85;27.7;28.1;2.600;1.829;1.229;2.629;0.070;1.577;19410
B315F1;2015/03/02 01:19:17;19410;91;30.3;27.0;2.712;1.800;1.229;2.635;0.070;1.554;19411
B315F1;2015/03/02 01:19:27;19411;86;30.3;27.0;2.654;1.800;1.206;2.635;0.070;1.551;19412
B315F1;2015/03/02 01:19:37;19412;76;28.7;27.7;2.580;1.832;1.206;2.635;0.064;1.583;19413
B315F1;2015/03/02 01:19:47;19413;92;29.3;27.2;2.616;1.832;1.238;2.635;0.064;1.564;19414
B315F1;2015/03/02 01:19:57;19414;88;31.6;27.4;2.616;1.806;1.238;2.622;0.064;1.590;19415
B315F1;2015/03/02 01:20:07;19415;93;34.5;27.4;2.606;1.806;1.216;2.622;0.064;1.583;19416
B315F1;2015/03/02 01:20:17;19416;88;32.2;27.6;2.790;1.806;1.216;2.622;0.183;1.551;19417
B315F1;2015/03/02 01:20:27;19417;81;34.1;27.4;2.629;1.806;1.241;2.622;0.183;1.587;19418
B315F1;2015/03/02 01:20:37;19418;89;29.0;27.9;2.780;1.822;1.241;2.622;0.183;1.583;19419
B315F1;2015/03/02 01:20:47;19419;78;31.9;27.0;2.719;1.822;1.212;2.622;0.183;1.548;19420
B315F1;2015/03/02 01:20:57;19420;88;31.2;27.7;2.729;1.838;1.212;2.622;0.070;1.590;19421
B315F1;2015/03/02 01:21:07;19421;88;28.0;27.2;2.777;1.838;1.216;2.622;0.070;1.561;19422
B315F1;2015/03/02 01:21:17;19422;93;28.7;27.7;2.667;1.806;1.216;2.638;0.070;1.551;19423
B315F1;2015/03/02 01:21:27;19423;82;31.6;27.0;2.725;1.806;1.274;2.638;0.070;1.577;19424
B315F1;2015/03/02 01:21:37;19424;84;35.1;27.7;2.719;1.822;1.274;2.638;0.074;1.538;19425
B315F1;2015/03/02 01:21:47;19425;83;28.3;27.9;2.619;1.822;1.212;2.638;0.074;1.567;19426
B315F1;2015/03/02 01:21:57;19426;88;32.5;27.9;2.732;1.832;1.212;2.612;0.074;1.561;19427
B315F1;2015/03/02 01:22:07;19427;80;30.0;27.4;2.664;1.832;1.219;2.612;0.074;1.567;19428
B315F1;2015/03/02 01:22:17;19428;93;33.2;27.6;2.725;1.803;1.219;2.612;0.138;1.606;19429
B315F1;2015/03/02 01:22:27;19429;82;31.9;27.6;2.790;1.803;1.274;2.612;0.138;1.577;19430
B315F1;2015/03/02 01:22:37;19430;94;29.0;27.6;2.587;1.838;1.274;2.658;0.138;1.561;19431
B315F1;2015/03/02 01:22:47;19431;91;28.0;26.9;2.690;1.838;1.267;2.658;0.138;1.587;19432
B315F1;2015/03/02 01:22:57;19432;83;30.6;27.9;2.635;1.800;1.267;2.658;0.080;1.596;19433
B315F1;2015/03/02 01:23:07;19433;88;28.0;27.0;2.596;1.800;1.274;2.658;0.080;1.570;19434
B315F1;2015/03/02 01:23:17;19434;89;30.6;27.4;2.699;1.812;1.274;2.658;0.080;1.587;19435
B315F1;2015/03/02 01:23:27;19435;87;31.6;27.6;2.603;1.812;1.212;2.658;0.080;1.558;19436
B315F1;2015/03/02 01:23:37;19436;88;33.8;28.1;2.790;1.838;1.212;2.658;0.132;1.596;19437
B315F1;2015/03/02 01:23:47;19437;88;31.2;27.9;2.825;1.838;1.216;2.658;0.132;1.596;19438
B315F1;2015/03/02 01:23:57;19438;86;31.9;27.9;2.629;1.812;1.216;2.625;0.132;1.558;19439
B315F1;2015/03/02 01:24:07;19439;81;27.7;27.7;2.651;1.812;1.222;2.625;0.132;1.570;19440
B315F1;2015/03/02 01:24:17;19440;88;28.3;27.9;2.612;1.809;1.222;2.625;0.151;1.564;19441
B315F1;2015/03/02 01:24:27;19441;88;29.6;27.4;2.593;1.809;1.225;2.625;0.151;1.580;19442
B315F1;2015/03/02 01:24:37;19442;90;32.5;28.1;2.612;1.806;1.225;2.667;0.151;1.567;19443
B315F1;2015/03/02 01:24:47;19443;86;31.9;27.2;2.732;1.806;1.219;2.667;0.151;1.580;19444
B315F1;2015/03/02 01:24:57;19444;88;33.8;27.6;2.616;1.800;1.219;2.667;0.070;1.558;19445
B315F1;2015/03/02 01:25:07;19445;84;28.7;27.7;2.612;1.800;1.232;2.667;0.070;1.541;19446
B315F1;2015/03/02 01:25:17;19446;85;29.0;28.1;2.629;1.832;1.232;2.670;0.070;1.570;19447
B315F1;2015/03/02 01:25:27;19447;85;29.0;27.6;2.751;1.832;1.209;2.670;0.070;1.561;19448
B315F1;2015/03/02 01:25:37;19448;77;34.5;27.6;2.625;1.819;1.209;2.670;0.138;1.570;19449
B315F1;2015/03/02 01:25:47;19449;83;31.2;26.9;2.699;1.819;1.264;2.670;0.138;1.551;19450
B315F1;2015/03/02 01:25:57;19450;83;29.0;27.6;2.635;1.841;1.264;2.661;0.138;1.593;19451
B315F1;2015/03/02 01:26:07;19451;77;30.0;27.7;2.729;1.841;1.225;2.661;0.138;1.548;19452
B315F1;2015/03/02 01:26:17;19452;88;34.5;27.9;2.603;1.822;1.225;2.661;0.109;1.570;19453
B315F1;2015/03/02 01:26:27;19453;91;31.2;28.1;2.738;1.822;1.216;2.661;0.109;1.587;19454
B315F1;2015/03/02 01:26:37;19454;87;30.0;27.9;2.693;1.825;1.216;2.629;0.109;1.564;19455
B315F1;2015/03/02 01:26:47;19455;88;31.9;27.4;2.629;1.825;1.267;2.629;0.109;1.577;19456
B315F1;2015/03/02 01:26:57;19456;96;29.0;26.9;2.816;1.803;1.267;2.629;0.083;1.587;19457
B315F1;2015/03/02 01:27:07;19457;91;29.0;27.9;2.616;1.803;1.274;2.629;0.083;1.538;19458
B315F1;2015/03/02 01:27:17;19458;82;30.9;27.2;2.816;1.819;1.274;2.654;0.083;1.583;19459
B315F1;2015/03/02 01:27:27;19459;87;33.5;26.9;2.719;1.819;1.245;2.654;0.083;1.564;19460
B315F1;2015/03/02 01:27:37;19460;88;34.8;27.7;2.709;1.816;1.245;2.654;0.106;1.561;19461
B315F1;2015/03/02 01:27:47;19461;84;32.9;27.6;2.764;1.816;1.225;2.654;0.106;1.548;19462
B315F1;2015/03/02 01:27:57;19462;85;28.0;27.6;2.609;1.803;1.225;2.622;0.106;1.554;19463
B315F1;2015/03/02 01:28:07;19463;84;27.7;28.1;2.600;1.803;1.216;2.622;0.106;1.596;19464
B315F1;2015/03/02 01:28:17;19464;79;30.0;28.1;2.709;1.803;1.216;2.622;0.070;1.554;19465
B315F1;2015/03/02 01:28:27;19465;77;28.7;27.7;2.616;1.803;1.216;2.622;0.070;1.558;19466
B315F1;2015/03/02 01:28:37;19466;85;30.3;27.9;2.603;1.803;1.216;2.616;0.070;1.548;19467
B315F1;2015/03/02 01:28:47;19467;94;35.1;27.2;2.677;1.803;1.274;2.616;0.070;1.564;19468
B315F1;2015/03/02 01:28:57;19468;85;28.3;27.7;2.793;1.829;1.274;2.616;0.083;1.596;19469
B315F1;2015/03/02 01:29:07;19469;89;30.6;26.9;2.690;1.829;1.277;2.616;0.083;1.580;19470
B315F1;2015/03/02 01:29:17;19470;90;33.5;27.7;2.593;1.809;1.277;2.625;0.083;1.558;19471
B315F1;2015/03/02 01:29:27;19471;75;31.9;26.9;2.812;1.809;1.267;2.625;0.083;1.587;19472
B315F1;2015/03/02 01:29:37;19472;86;30.3;27.6;2.609;1.803;1.267;2.625;0.070;1.564;19473
B315F1;2015/03/02 01:29:47;19473;93;30.3;27.4;2.638;1.803;1.219;2.625;0.070;1.570;19474
B315F1;2015/03/02 01:29:57;19474;94;31.6;27.9;2.770;1.841;1.219;2.648;0.070;1.545;19475
B315F1;2015/03/02 01:30:07;19475;93;31.9;27.4;2.748;1.841;1.254;2.648;0.070;1.564;19476
B315F1;2015/03/02 01:30:17;19476;92;31.9;27.9;2.693;1.825;1.254;2.648;0.080;1.567;19477
B315F1;2015/03/02 01:30:27;19477;90;33.5;27.6;2.825;1.825;1.212;2.648;0.080;1.558;19478
B315F1;2015/03/02 01:30:37;19478;79;28.0;27.6;2.612;1.829;1.212;2.654;0.080;1.561;19479
B315F1;2015/03/02 01:30:47;19479;78;33.5;27.2;2.777;1.829;1.216;2.654;0.080;1.590;19480
B315F1;2015/03/02 01:30:57;19480;92;30.3;27.4;2.703;1.803;1.216;2.654;0.067;1.574;19481
B315F1;2015/03/02 01:31:07;19481;93;28.0;27.0;2.609;1.803;1.216;2.654;0.067;1.596;19482
B315F1;2015/03/02 01:31:17;19482;85;31.2;27.4;2.600;1.841;1.216;2.674;0.067;1.599;19483
B315F1;2015/03/02 01:31:27;19483;84;32.2;27.4;2.738;1.841;1.267;2.674;0.067;1.570;19484
B315F1;2015/03/02 01:31:37;19484;87;28.3;27.6;2.716;1.838;1.267;2.674;0.077;1.570;19485
B315F1;2015/03/02 01:31:47;19485;81;28.7;28.3;2.612;1.838;1.245;2.674;0.077;1.567;19486
B315F1;2015/03/02 01:31:57;19486;93;34.5;27.6;2.603;1.803;1.245;2.667;0.077;1.570;19487
B315F1;2015/03/02 01:32:07;19487;85;30.0;27.6;2.748;1.803;1.222;2.667;0.077;1.577;19488
B315F1;2015/03/02 01:32:17;19488;81;28.7;27.6;2.600;1.841;1.222;2.667;0.080;1.577;19489
B315F1;2015/03/02 01:32:27;19489;87;32.9;27.4;2.719;1.841;1.245;2.667;0.080;1.596;19490
B315F1;2015/03/02 01:32:37;19490;88;33.2;27.4;2.625;1.819;1.245;2.622;0.080;1.558;19491
B315F1;2015/03/02 01:32:47;19491;84;31.2;27.4;2.661;1.819;1.232;2.622;0.080;1.570;19492
B315F1;2015/03/02 01:32:57;19492;84;34.5;27.6;2.612;1.829;1.232;2.622;0.064;1.599;19493
B315F1;2015/03/02 01:33:07;19493;85;32.2;27.0;2.612;1.829;1.245;2.622;0.064;1.590;19494
B315F1;2015/03/02 01:33:17;19494;84;34.5;27.6;2.600;1.809;1.245;2.629;0.064;1.561;19495
B315F1;2015/03/02 01:33:27;19495;88;28.7;27.7;2.699;1.809;1.232;2.629;0.064;1.583;19496
B315F1;2015/03/02 01:33:37;19496;78;32.5;27.6;2.596;1.841;1.232;2.629;0.080;1.583;19497
B315F1;2015/03/02 01:33:47;19497;89;31.2;26.9;2.787;1.841;1.219;2.629;0.080;1.599;19498
B315F1;2015/03/02 01:33:57;19498;95;32.5;27.9;2.609;1.803;1.219;2.664;0.080;1.577;19499
B315F1;2015/03/02 01:34:07;19499;86;30.0;27.0;2.758;1.803;1.274;2.664;0.080;1.554;19500
B315F1;2015/03/02 01:34:17;19500;88;33.2;27.7;2.819;1.819;1.274;2.664;0.070;1.564;19501
B315F1;2015/03/02 01:34:27;19501;89;33.5;27.2;2.670;1.819;1.212;2.664;0.070;1.587;19502
B315F1;2015/03/02 01:34:37;19502;88;31.2;27.6;2.612;1.829;1.212;2.629;0.070;1.564;19503
B315F1;2015/03/02 01:34:47;19503;94;28.0;27.4;2.664;1.829;1.264;2.629;0.070;1.538;19504
B315F1;2015/03/02 01:34:57;19504;92;33.2;27.6;2.674;1.819;1.264;2.629;0.067;1.558;19505
B315F1;2015/03/02 01:35:07;19505;85;33.5;27.6;2.761;1.819;1.232;2.629;0.067;1.548;19506
B315F1;2015/03/02 01:35:17;19506;84;30.0;27.6;2.674;1.845;1.232;2.622;0.067;1.583;19507
B315F1;2015/03/02 01:35:27;19507;79;30.3;27.4;2.654;1.845;1.245;2.622;0.067;1.574;19508
B315F1;2015/03/02 01:35:37;19508;89;34.5;27.9;2.735;1.835;1.245;2.622;0.125;1.561;19509
B315F1;2015/03/02 01:35:47;19509;90;32.9;27.2;2.725;1.835;1.274;2.622;0.125;1.596;19510
B315F1;2015/03/02 01:35:57;19510;86;28.7;27.9;2.587;1.803;1.274;2.661;0.125;1.567;19511
B315F1;2015/03/02 01:36:07;19511;78;27.7;27.7;2.596;1.803;1.274;2.661;0.125;1.548;19512
B315F1;2015/03/02 01:36:17;19512;78;30.9;26.9;2.822;1.845;1.274;2.661;0.112;1.583;19513
B315F1;2015/03/02 01:36:27;19513;88;28.7;27.7;2.612;1.845;1.232;2.661;0.112;1.545;19514
B315F1;2015/03/02 01:36:37;19514;93;28.3;27.4;2.587;1.832;1.232;2.674;0.112;1.567;19515
B315F1;2015/03/02 01:36:47;19515;89;32.2;27.4;2.635;1.832;1.267;2.674;0.112;1.577;19516
B315F1;2015/03/02 01:36:57;19516;86;30.3;27.4;2.796;1.835;1.267;2.674;0.074;1.558;19517
B315F1;2015/03/02 01:37:07;19517;87;27.7;27.7;2.596;1.835;1.270;2.674;0.074;1.535;19518
B315F1;2015/03/02 01:37:17;19518;88;34.5;27.9;2.641;1.803;1.270;2.635;0.074;1.567;19519
B315F1;2015/03/02 01:37:27;19519;76;32.9;27.0;2.616;1.803;1.225;2.635;0.074;1.545;19520
B315F1;2015/03/02 01:37:37;19520;86;33.2;27.7;2.796;1.835;1.225;2.635;0.119;1.570;19521
B315F1;2015/03/02 01:37:47;19521;87;33.8;27.6;2.641;1.835;1.216;2.635;0.119;1.558;19522
B315F1;2015/03/02 01:37:57;19522;93;30.0;27.9;2.658;1.819;1.216;2.645;0.119;1.548;19523
B315F1;2015/03/02 01:38:07;19523;88;30.9;27.4;2.819;1.819;1.219;2.645;0.119;1.541;19524
B315F1;2015/03/02 01:38:17;19524;90;29.0;27.0;2.816;1.838;1.219;2.645;0.158;1.558;19525
B315F1;2015/03/02 01:38:27;19525;87;28.0;27.0;2.712;1.838;1.264;2.645;0.158;1.564;19526
B315F1;2015/03/02 01:38:37;19526;83;27.7;27.9;2.793;1.812;1.264;2.635;0.158;1.529;19527
B315F1;2015/03/02 01:38:47;19527;84;28.0;27.0;2.616;1.812;1.222;2.635;0.158;1.564;19528
B315F1;2015/03/02 01:38:57;19528;86;29.0;27.9;2.648;1.809;1.222;2.635;0.138;1.558;19529
B315F1;2015/03/02 01:39:07;19529;88;32.9;27.7;2.783;1.809;1.235;2.635;0.138;1.538;19530
B315F1;2015/03/02 01:39:17;19530;84;32.9;27.7;2.587;1.812;1.235;2.629;0.138;1.561;19531
B315F1;2015/03/02 01:39:27;19531;83;28.0;27.4;2.658;1.812;1.225;2.629;0.138;1.577;19532
B315F1;2015/03/02 01:39:37;19532;85;32.5;27.7;2.709;1.806;1.225;2.629;0.074;1.551;19533
B315F1;2015/03/02 01:39:47;19533;84;30.3;26.9;2.661;1.806;1.219;2.629;0.074;1.551;19534
B315F1;2015/03/02 01:39:57;19534;93;30.3;27.6;2.709;1.835;1.219;2.616;0.074;1.574;19535
B315F1;2015/03/02 01:40:07;19535;90;30.0;27.6;2.770;1.835;1.216;2.616;0.074;1.603;19536
B315F1;2015/03/02 01:40:17;19536;86;32.5;27.4;2.609;1.803;1.216;2.616;0.074;1.612;19537
B315F1;2015/03/02 01:40:27;19537;84;28.7;27.7;2.616;1.803;1.219;2.616;0.074;1.554;19538
B315F1;2015/03/02 01:40:37;19538;86;34.5;27.9;2.603;1.812;1.219;2.645;0.074;1.561;19539
B315F1;2015/03/02 01:40:47;19539;88;34.5;27.0;2.603;1.812;1.238;2.645;0.074;1.583;19540
B315F1;2015/03/02 01:40:57;19540;94;33.8;27.7;2.612;1.822;1.238;2.645;0.070;1.574;19541
B315F1;2015/03/02 01:41:07;19541;75;35.1;26.9;2.687;1.822;1.280;2.645;0.070;1.590;19542
B315F1;2015/03/02 01:41:17;19542;91;32.5;27.6;2.641;1.825;1.280;2.658;0.070;1.583;19543
B315F1;2015/03/02 01:41:27;19543;84;31.6;27.4;2.735;1.825;1.222;2.658;0.070;1.564;19544
B315F1;2015/03/02 01:41:37;19544;88;32.5;27.6;2.693;1.819;1.222;2.658;0.083;1.587;19545
B315F1;2015/03/02 01:41:47;19545;93;28.7;27.7;2.616;1.819;1.274;2.658;0.083;1.564;19546
B315F1;2015/03/02 01:41:57;19546;78;31.6;27.6;2.748;1.845;1.274;2.632;0.083;1.541;19547
B315F1;2015/03/02 01:42:07;19547;87;31.9;26.9;2.816;1.845;1.232;2.632;0.083;1.551;19548
B315F1;2015/03/02 01:42:17;19548;92;29.6;27.2;2.822;1.816;1.232;2.632;0.132;1.561;19549
B315F1;2015/03/02 01:42:27;19549;90;29.0;27.6;2.619;1.816;1.280;2.632;0.132;1.548;19550
B315F1;2015/03/02 01:42:37;19550;89;30.3;27.6;2.603;1.812;1.280;2.674;0.132;1.564;19551
B315F1;2015/03/02 01:42:47;19551;80;29.0;27.7;2.629;1.812;1.277;2.674;0.132;1.564;19552
B315F1;2015/03/02 01:42:57;19552;87;29.0;28.1;2.677;1.816;1.277;2.674;0.112;1.548;19553
B315F1;2015/03/02 01:43:07;19553;88;33.2;27.6;2.825;1.816;1.267;2.674;0.112;1.593;19554
B315F1;2015/03/02 01:43:17;19554;93;31.6;27.9;2.777;1.835;1.267;2.638;0.112;1.577;19555
B315F1;2015/03/02 01:43:27;19555;88;28.0;27.2;2.712;1.835;1.280;2.638;0.112;1.558;19556
B315F1;2015/03/02 01:43:37;19556;77;27.7;27.2;2.825;1.845;1.280;2.638;0.080;1.590;19557
B315F1;2015/03/02 01:43:47;19557;93;28.7;27.7;2.616;1.845;1.235;2.638;0.080;1.564;19558
B315F1;2015/03/02 01:43:57;19558;88;32.5;27.9;2.635;1.841;1.235;2.677;0.080;1.570;19559
B315F1;2015/03/02 01:44:07;19559;88;32.2;27.6;2.738;1.841;1.280;2.677;0.080;1.577;19560
B315F1;2015/03/02 01:44:17;19560;87;27.7;27.6;2.816;1.838;1.280;2.677;0.077;1.567;19561
B315F1;2015/03/02 01:44:27;19561;89;32.5;27.4;2.606;1.838;1.216;2.677;0.077;1.603;19562
B315F1;2015/03/02 01:44:37;19562;88;35.1;27.9;2.616;1.809;1.216;2.632;0.077;1.548;19563
B315F1;2015/03/02 01:44:47;19563;76;33.5;27.0;2.612;1.809;1.238;2.632;0.077;1.567;19564
B315F1;2015/03/02 01:44:57;19564;83;30.9;27.4;2.803;1.816;1.238;2.632;0.106;1.590;19565
B315F1;2015/03/02 01:45:07;19565;80;35.1;26.9;2.774;1.816;1.219;2.632;0.106;1.548;19566
B315F1;2015/03/02 01:45:17;19566;81;31.6;27.6;2.625;1.822;1.219;2.632;0.106;1.558;19567
B315F1;2015/03/02 01:45:27;19567;91;31.9;27.4;2.616;1.822;1.219;2.632;0.106;1.583;19568
B315F1;2015/03/02 01:45:37;19568;88;31.6;27.6;2.635;1.816;1.219;2.632;0.151;1.590;19569
B315F1;2015/03/02 01:45:47;19569;86;29.0;27.7;2.590;1.816;1.264;2.632;0.151;1.596;19570
B315F1;2015/03/02 01:45:57;19570;91;31.9;28.1;2.803;1.819;1.264;2.632;0.151;1.558;19571
B315F1;2015/03/02 01:46:07;19571;84;31.6;27.6;2.616;1.819;1.264;2.632;0.151;1.574;19572
B315F1;2015/03/02 01:46:17;19572;82;32.5;27.6;2.654;1.806;1.264;2.632;0.080;1.587;19573
B315F1;2015/03/02 01:46:27;19573;80;31.9;27.6;2.725;1.806;1.267;2.632;0.080;1.567;19574
B315F1;2015/03/02 01:46:37;19574;95;31.9;27.6;2.632;1.838;1.267;2.651;0.080;1.587;19575
B315F1;2015/03/02 01:46:47;19575;86;28.3;27.4;2.612;1.838;1.264;2.651;0.080;1.570;19576
B315F1;2015/03/02 01:46:57;19576;85;29.3;27.2;2.612;1.819;1.264;2.651;0.070;1.593;19577
B315F1;2015/03/02 01:47:07;19577;82;32.5;27.4;2.609;1.819;1.280;2.651;0.070;1.558;19578
B315F1;2015/03/02 01:47:17;19578;93;32.5;27.9;2.632;1.809;1.280;2.635;0.070;1.577;19579
B315F1;2015/03/02 01:47:27;19579;83;35.1;26.7;2.712;1.809;1.232;2.635;0.070;1.599;19580
B315F1;2015/03/02 01:47:37;19580;80;31.2;27.9;2.751;1.835;1.232;2.635;0.064;1.599;19581
B315F1;2015/03/02 01:47:47;19581;93;31.9;27.0;2.609;1.835;1.232;2.635;0.064;1.567;19582
B315F1;2015/03/02 01:47:57;19582;94;34.5;27.2;2.761;1.825;1.232;2.635;0.064;1.619;19583
B315F1;2015/03/02 01:48:07;19583;85;28.7;27.7;2.616;1.825;1.270;2.635;0.064;1.590;19584
B315F1;2015/03/02 01:48:17;19584;86;29.0;27.6;2.593;1.822;1.270;2.635;0.074;1.574;19585
B315F1;2015/03/02 01:48:27;19585;87;30.6;27.2;2.664;1.822;1.251;2.635;0.074;1.587;19586
B315F1;2015/03/02 01:48:37;19586;85;31.2;27.4;2.796;1.845;1.251;2.667;0.074;1.570;19587
B315F1;2015/03/02 01:48:47;19587;76;32.5;27.7;2.625;1.845;1.274;2.667;0.074;1.587;19588
B315F1;2015/03/02 01:48:57;19588;83;31.6;27.2;2.641;1.806;1.274;2.667;0.074;1.577;19589
B315F1;2015/03/02 01:49:07;19589;86;28.7;27.7;2.619;1.806;1.238;2.667;0.074;1.570;19590
B315F1;2015/03/02 01:49:17;19590;85;29.0;27.4;2.587;1.838;1.238;2.687;0.074;1.606;19591
B315F1;2015/03/02 01:49:27;19591;83;28.0;27.0;2.667;1.838;1.216;2.687;0.074;1.570;19592
B315F1;2015/03/02 01:49:37;19592;87;28.3;27.7;2.799;1.812;1.216;2.687;0.132;1.599;19593
B315F1;2015/03/02 01:49:47;19593;86;28.7;27.7;2.616;1.812;1.219;2.687;0.132;1.574;19594
B315F1;2015/03/02 01:49:57;19594;87;32.5;27.9;2.632;1.848;1.219;2.687;0.132;1.567;19595
B315F1;2015/03/02 01:50:07;19595;88;34.8;27.2;2.829;1.848;1.222;2.687;0.132;1.535;19596
B315F1;2015/03/02 01:50:17;19596;80;29.6;27.0;2.822;1.816;1.222;2.687;0.132;1.567;19597
B315F1;2015/03/02 01:50:27;19597;88;28.3;27.6;2.616;1.816;1.274;2.687;0.132;1.548;19598
B315F1;2015/03/02 01:50:37;19598;93;30.3;27.0;2.716;1.835;1.274;2.641;0.132;1.545;19599
B315F1;2015/03/02 01:50:47;19599;78;34.5;27.4;2.596;1.835;1.216;2.641;0.132;1.564;19600
B315F1;2015/03/02 01:50:57;19600;82;28.7;27.6;2.645;1.845;1.216;2.641;0.067;1.577;19601
B315F1;2015/03/02 01:51:07;19601;83;30.9;27.6;2.780;1.845;1.270;2.641;0.067;1.532;19602
B315F1;2015/03/02 01:51:17;19602;89;33.2;27.9;2.725;1.845;1.270;2.651;0.067;1.558;19603
B315F1;2015/03/02 01:51:27;19603;81;29.6;26.9;2.664;1.845;1.251;2.651;0.067;1.532;19604
B315F1;2015/03/02 01:51:37;19604;88;27.7;27.2;2.799;1.829;1.251;2.651;0.077;1.574;19605
B315F1;2015/03/02 01:51:47;19605;88;27.7;27.7;2.603;1.829;1.267;2.651;0.077;1.535;19606
B315F1;2015/03/02 01:51:57;19606;88;28.0;27.4;2.812;1.809;1.267;2.645;0.077;1.580;19607
B315F1;2015/03/02 01:52:07;19607;87;29.0;27.7;2.596;1.809;1.222;2.645;0.077;1.545;19608
B315F1;2015/03/02 01:52:17;19608;79;31.2;27.2;2.725;1.848;1.222;2.645;0.080;1.596;19609
B315F1;2015/03/02 01:52:27;19609;84;31.9;26.9;2.812;1.848;1.245;2.645;0.080;1.561;19610
B315F1;2015/03/02 01:52:37;19610;95;30.0;27.4;2.600;1.832;1.245;2.670;0.080;1.567;19611
B315F1;2015/03/02 01:52:47;19611;77;27.7;27.7;2.606;1.832;1.261;2.670;0.080;1.558;19612
B315F1;2015/03/02 01:52:57;19612;83;31.2;27.9;2.754;1.845;1.261;2.670;0.125;1.583;19613
B315F1;2015/03/02 01:53:07;19613;89;29.0;27.6;2.748;1.845;1.232;2.670;0.125;1.590;19614
B315F1;2015/03/02 01:53:17;19614;88;32.2;27.4;2.590;1.812;1.232;2.661;0.125;1.538;19615
B315F1;2015/03/02 01:53:27;19615;87;28.0;27.0;2.612;1.812;1.261;2.661;0.125;1.554;19616
B315F1;2015/03/02 01:53:37;19616;80;30.9;27.2;2.816;1.835;1.261;2.661;0.138;1.580;19617
B315F1;2015/03/02 01:53:47;19617;81;31.9;27.6;2.809;1.835;1.232;2.661;0.138;1.590;19618
B315F1;2015/03/02 01:53:57;19618;88;29.0;27.7;2.603;1.841;1.232;2.648;0.138;1.574;19619
B315F1;2015/03/02 01:54:07;19619;89;34.1;27.2;2.732;1.841;1.225;2.648;0.138;1.599;19620
B315F1;2015/03/02 01:54:17;19620;81;29.6;27.7;2.706;1.841;1.225;2.648;0.125;1.554;19621
B315F1;2015/03/02 01:54:27;19621;83;33.2;27.6;2.799;1.841;1.222;2.648;0.125;1.580;19622
B315F1;2015/03/02 01:54:37;19622;85;28.3;27.7;2.822;1.845;1.222;2.641;0.125;1.558;19623
B315F1;2015/03/02 01:54:47;19623;84;34.5;27.0;2.658;1.845;1.274;2.641;0.125;1.554;19624
B315F1;2015/03/02 01:54:57;19624;91;32.2;27.6;2.803;1.809;1.274;2.641;0.138;1.587;19625
B315F1;2015/03/02 01:55:07;19625;88;28.7;27.7;2.616;1.809;1.258;2.641;0.138;1.577;19626
B315F1;2015/03/02 01:55:17;19626;91;35.1;27.9;2.619;1.829;1.258;2.674;0.138;1.583;19627
B315F1;2015/03/02 01:55:27;19627;88;31.6;26.9;2.716;1.829;1.225;2.674;0.138;1.564;19628
B315F1;2015/03/02 01:55:37;19628;87;28.3;27.7;2.796;1.829;1.225;2.674;0.070;1.570;19629
B315F1;2015/03/02 01:55:47;19629;89;32.2;27.0;2.612;1.829;1.225;2.674;0.070;1.561;19630
B315F1;2015/03/02 01:55:57;19630;83;33.5;27.9;2.716;1.812;1.225;2.664;0.070;1.558;19631
B315F1;2015/03/02 01:56:07;19631;87;29.3;27.4;2.603;1.812;1.248;2.664;0.070;1.570;19632
B315F1;2015/03/02 01:56:17;19632;88;31.6;27.6;2.770;1.848;1.248;2.664;0.138;1.580;19633
B315F1;2015/03/02 01:56:27;19633;89;30.0;27.2;2.764;1.848;1.283;2.664;0.138;1.558;19634
B315F1;2015/03/02 01:56:37;19634;86;30.9;27.0;2.709;1.835;1.283;2.645;0.138;1.574;19635
B315F1;2015/03/02 01:56:47;19635;83;33.2;28.3;2.641;1.835;1.222;2.645;0.138;1.583;19636
B315F1;2015/03/02 01:56:57;19636;88;34.8;27.6;2.619;1.851;1.222;2.645;0.125;1.535;19637
B315F1;2015/03/02 01:57:07;19637;90;27.7;27.7;2.596;1.851;1.277;2.645;0.125;1.548;19638
B315F1;2015/03/02 01:57:17;19638;95;27.7;27.4;2.764;1.809;1.277;2.658;0.125;1.590;19639
B315F1;2015/03/02 01:57:27;19639;87;30.0;28.4;2.600;1.809;1.270;2.658;0.125;1.551;19640
B315F1;2015/03/02 01:57:37;19640;88;33.5;27.4;2.616;1.812;1.270;2.658;0.106;1.596;19641
B315F1;2015/03/02 01:57:47;19641;88;33.2;27.6;2.748;1.812;1.222;2.658;0.106;1.548;19642
B315F1;2015/03/02 01:57:57;19642;79;31.6;27.6;2.770;1.809;1.222;2.664;0.106;1.541;19643
B315F1;2015/03/02 01:58:07;19643;83;28.7;28.1;2.638;1.809;1.229;2.664;0.106;1.538;19644
B315F1;2015/03/02 01:58:17;19644;88;33.2;27.4;2.799;1.845;1.229;2.664;0.077;1.564;19645
B315F1;2015/03/02 01:58:27;19645;85;30.3;27.9;2.761;1.845;1.225;2.664;0.077;1.583;19646
B315F1;2015/03/02 01:58:37;19646;93;29.0;27.7;2.587;1.835;1.225;2.706;0.077;1.564;19647
B315F1;2015/03/02 01:58:47;19647;88;31.2;27.2;2.712;1.835;1.258;2.706;0.077;1.545;19648
B315F1;2015/03/02 01:58:57;19648;91;31.9;27.6;2.703;1.822;1.258;2.706;0.074;1.538;19649
B315F1;2015/03/02 01:59:07;19649;94;31.6;27.9;2.616;1.822;1.232;2.706;0.074;1.561;19650
B315F1;2015/03/02 01:59:17;19650;83;28.3;27.0;2.745;1.819;1.232;2.703;0.074;1.554;19651
B315F1;2015/03/02 01:59:27;19651;93;34.8;27.6;2.819;1.819;1.287;2.703;0.074;1.545;19652
B315F1;2015/03/02 01:59:37;19652;88;33.5;27.9;2.635;1.851;1.287;2.703;0.099;1.587;19653
B315F1;2015/03/02 01:59:47;19653;77;30.0;27.4;2.790;1.851;1.280;2.703;0.099;1.548;19654
B315F1;2015/03/02 01:59:57;19654;96;31.2;27.6;2.616;1.832;1.280;2.664;0.099;1.551;19655
B315F1;2015/03/02 02:00:07;19655;84;32.5;27.4;2.622;1.832;1.280;2.664;0.099;1.548;19656
B315F1;2015/03/02 02:00:17;19656;90;31.2;27.4;2.593;1.851;1.280;2.664;0.196;1.606;19657
B315F1;2015/03/02 02:00:27;19657;93;28.3;27.7;2.667;1.851;1.225;2.664;0.196;1.577;19658
B315F1;2015/03/02 02:00:37;19658;87;28.7;27.7;2.799;1.835;1.225;2.658;0.196;1.593;19659
B315F1;2015/03/02 02:00:47;19659;91;32.2;27.0;2.616;1.835;1.270;2.658;0.196;1.558;19660
B315F1;2015/03/02 02:00:57;19660;87;31.9;27.4;2.703;1.838;1.270;2.658;0.083;1.551;19661
