B315F1;2015/03/08 00:00:08;11852;87;23.8;25.3;2.629;1.306;0.845;1.293;0.006;1.058;11853
B315F1;2015/03/08 00:00:18;11853;86;25.8;25.5;2.658;1.306;0.854;1.293;0.006;1.064;11854
B315F1;2015/03/08 00:00:28;11854;93;24.8;25.7;2.783;1.283;0.854;1.287;0.006;1.064;11855
B315F1;2015/03/08 00:00:38;11855;88;26.1;25.8;2.683;1.283;0.858;1.287;0.006;1.029;11856
B315F1;2015/03/08 00:00:48;11856;78;28.3;25.7;2.841;1.277;0.858;1.287;0.054;1.022;11857
B315F1;2015/03/08 00:00:58;11857;88;29.3;25.8;2.635;1.277;0.825;1.287;0.054;1.041;11858
B315F1;2015/03/08 00:01:08;11858;88;26.7;25.7;2.841;1.277;0.825;1.261;0.054;1.032;11859
B315F1;2015/03/08 00:01:18;11859;88;24.1;25.3;2.845;1.277;0.867;1.261;0.054;1.025;11860
B315F1;2015/03/08 00:01:28;11860;82;26.1;25.1;2.825;1.316;0.867;1.261;0.000;1.016;11861
B315F1;2015/03/08 00:01:38;11861;86;24.8;25.7;2.745;1.316;0.829;1.261;0.000;1.041;11862
B315F1;2015/03/08 00:01:48;11862;86;25.1;25.5;2.606;1.277;0.829;1.270;0.000;1.061;11863
B315F1;2015/03/08 00:01:58;11863;85;19.3;25.7;2.693;1.277;0.825;1.270;0.000;1.058;11864
B315F1;2015/03/08 00:02:08;11864;84;20.6;25.5;2.641;1.300;0.825;1.270;0.000;1.051;11865
B315F1;2015/03/08 00:02:18;11865;88;27.7;25.3;2.725;1.300;0.877;1.270;0.000;1.022;11866
B315F1;2015/03/08 00:02:28;11866;83;22.5;25.8;2.799;1.283;0.877;1.261;0.000;1.045;11867
B315F1;2015/03/08 00:02:38;11867;87;20.0;25.5;2.632;1.283;0.829;1.261;0.000;1.022;11868
B315F1;2015/03/08 00:02:48;11868;84;24.1;25.8;2.745;1.296;0.829;1.261;0.000;1.012;11869
B315F1;2015/03/08 00:02:58;11869;87;23.8;25.7;2.651;1.296;0.829;1.261;0.000;1.016;11870
B315F1;2015/03/08 00:03:08;11870;89;23.2;25.3;2.593;1.303;0.829;1.303;0.000;1.051;11871
B315F1;2015/03/08 00:03:18;11871;87;26.4;25.8;2.625;1.303;0.861;1.303;0.000;1.022;11872
B315F1;2015/03/08 00:03:28;11872;82;20.6;25.7;2.829;1.293;0.861;1.303;0.000;1.016;11873
B315F1;2015/03/08 00:03:38;11873;88;28.0;25.7;2.625;1.293;0.825;1.303;0.000;1.019;11874
B315F1;2015/03/08 00:03:48;11874;90;24.1;25.3;2.638;1.322;0.825;1.274;0.000;1.025;11875
B315F1;2015/03/08 00:03:58;11875;84;25.4;25.3;2.851;1.322;0.880;1.274;0.000;1.048;11876
B315F1;2015/03/08 00:04:08;11876;88;22.2;25.5;2.764;1.277;0.880;1.274;0.006;1.006;11877
B315F1;2015/03/08 00:04:18;11877;83;24.5;25.7;2.641;1.277;0.825;1.274;0.006;1.025;11878
B315F1;2015/03/08 00:04:28;11878;83;22.5;25.3;2.632;1.312;0.825;1.300;0.006;1.061;11879
B315F1;2015/03/08 00:04:38;11879;89;26.7;25.7;2.851;1.312;0.825;1.300;0.006;1.054;11880
B315F1;2015/03/08 00:04:48;11880;88;26.1;26.0;2.612;1.280;0.825;1.300;0.003;1.058;11881
B315F1;2015/03/08 00:04:58;11881;87;19.0;26.0;2.719;1.280;0.867;1.300;0.003;1.054;11882
B315F1;2015/03/08 00:05:08;11882;87;20.9;25.8;2.741;1.312;0.867;1.264;0.003;1.038;11883
B315F1;2015/03/08 00:05:18;11883;92;28.3;25.7;2.625;1.312;0.838;1.264;0.003;1.025;11884
B315F1;2015/03/08 00:05:28;11884;79;23.5;25.5;2.838;1.277;0.838;1.264;0.006;1.009;11885
B315F1;2015/03/08 00:05:38;11885;83;27.0;25.7;2.825;1.277;0.822;1.264;0.006;1.032;11886
B315F1;2015/03/08 00:05:48;11886;87;24.5;25.5;2.664;1.303;0.822;1.306;0.006;1.009;11887
B315F1;2015/03/08 00:05:58;11887;81;23.8;25.7;2.635;1.303;0.822;1.306;0.006;1.016;11888
B315F1;2015/03/08 00:06:08;11888;93;24.5;25.8;2.803;1.322;0.822;1.306;0.000;1.025;11889
B315F1;2015/03/08 00:06:18;11889;89;24.1;25.5;2.851;1.322;0.877;1.306;0.000;1.019;11890
B315F1;2015/03/08 00:06:28;11890;94;21.2;26.2;2.816;1.280;0.877;1.290;0.000;1.032;11891
B315F1;2015/03/08 00:06:38;11891;93;28.0;25.7;2.712;1.280;0.819;1.290;0.000;1.029;11892
B315F1;2015/03/08 00:06:48;11892;93;27.7;26.0;2.816;1.280;0.819;1.290;0.000;1.048;11893
B315F1;2015/03/08 00:06:58;11893;87;22.2;25.7;2.832;1.280;0.877;1.290;0.000;1.012;11894
B315F1;2015/03/08 00:07:08;11894;83;23.5;26.3;2.816;1.312;0.877;1.254;0.000;1.009;11895
B315F1;2015/03/08 00:07:18;11895;87;26.1;26.0;2.622;1.312;0.822;1.254;0.000;1.041;11896
B315F1;2015/03/08 00:07:28;11896;95;24.8;26.3;2.812;1.325;0.822;1.254;0.009;0.996;11897
B315F1;2015/03/08 00:07:38;11897;85;20.3;25.7;2.799;1.325;0.825;1.254;0.009;1.025;11898
B315F1;2015/03/08 00:07:48;11898;91;21.9;25.8;2.625;1.283;0.825;1.229;0.009;1.009;11899
B315F1;2015/03/08 00:07:58;11899;88;23.5;26.3;2.625;1.283;0.819;1.229;0.009;1.022;11900
B315F1;2015/03/08 00:08:08;11900;84;24.1;25.3;2.648;1.309;0.819;1.229;0.051;1.016;11901
B315F1;2015/03/08 00:08:18;11901;94;21.6;25.1;2.825;1.309;0.848;1.229;0.051;1.019;11902
B315F1;2015/03/08 00:08:28;11902;88;25.8;26.0;2.829;1.325;0.848;1.283;0.051;1.022;11903
B315F1;2015/03/08 00:08:38;11903;87;23.2;25.8;2.625;1.325;0.835;1.283;0.051;1.029;11904
B315F1;2015/03/08 00:08:48;11904;83;28.0;25.7;2.638;1.287;0.835;1.283;0.009;1.032;11905
B315F1;2015/03/08 00:08:58;11905;76;27.7;26.2;2.625;1.287;0.835;1.283;0.009;1.025;11906
B315F1;2015/03/08 00:09:08;11906;86;22.2;25.8;2.764;1.280;0.835;1.290;0.009;1.025;11907
B315F1;2015/03/08 00:09:18;11907;93;22.2;26.2;2.835;1.280;0.822;1.290;0.009;1.006;11908
B315F1;2015/03/08 00:09:28;11908;78;20.0;26.2;2.825;1.296;0.822;1.290;0.000;1.009;11909
B315F1;2015/03/08 00:09:38;11909;93;26.1;25.8;2.619;1.296;0.819;1.290;0.000;1.009;11910
B315F1;2015/03/08 00:09:48;11910;94;22.5;25.7;2.699;1.293;0.819;1.293;0.000;1.035;11911
B315F1;2015/03/08 00:09:58;11911;82;19.3;25.7;2.851;1.293;0.835;1.293;0.000;1.009;11912
B315F1;2015/03/08 00:10:08;11912;87;25.4;26.0;2.612;1.280;0.835;1.293;0.003;1.016;11913
B315F1;2015/03/08 00:10:18;11913;88;23.5;26.7;2.629;1.280;0.816;1.293;0.003;1.029;11914
B315F1;2015/03/08 00:10:28;11914;83;20.6;25.7;2.629;1.306;0.816;1.322;0.003;1.016;11915
B315F1;2015/03/08 00:10:38;11915;93;24.8;25.8;2.845;1.306;0.835;1.322;0.003;1.003;11916
B315F1;2015/03/08 00:10:48;11916;88;24.1;25.5;2.638;1.312;0.835;1.322;0.006;1.006;11917
B315F1;2015/03/08 00:10:58;11917;87;19.6;26.0;2.758;1.312;0.816;1.322;0.006;1.016;11918
B315F1;2015/03/08 00:11:08;11918;90;20.0;25.8;2.783;1.296;0.816;1.270;0.006;1.003;11919
B315F1;2015/03/08 00:11:18;11919;87;19.0;25.8;2.706;1.296;0.848;1.270;0.006;1.048;11920
B315F1;2015/03/08 00:11:28;11920;91;22.5;26.2;2.719;1.309;0.848;1.270;0.041;1.029;11921
B315F1;2015/03/08 00:11:38;11921;92;20.9;25.5;2.845;1.309;0.845;1.270;0.041;1.035;11922
B315F1;2015/03/08 00:11:48;11922;96;24.5;25.8;2.612;1.316;0.845;1.277;0.041;1.019;11923
B315F1;2015/03/08 00:11:58;11923;85;27.4;26.5;2.651;1.316;0.822;1.277;0.041;1.067;11924
B315F1;2015/03/08 00:12:08;11924;91;21.9;25.8;2.629;1.296;0.822;1.277;0.061;1.054;11925
B315F1;2015/03/08 00:12:18;11925;85;21.6;26.3;2.693;1.296;0.874;1.277;0.061;1.016;11926
B315F1;2015/03/08 00:12:28;11926;93;24.5;26.0;2.816;1.296;0.874;1.283;0.061;1.061;11927
B315F1;2015/03/08 00:12:38;11927;81;29.3;26.0;2.603;1.296;0.870;1.283;0.061;1.025;11928
B315F1;2015/03/08 00:12:48;11928;86;26.1;25.7;2.648;1.283;0.870;1.283;0.000;1.029;11929
B315F1;2015/03/08 00:12:58;11929;88;23.5;26.5;2.706;1.283;0.832;1.283;0.000;1.022;11930
B315F1;2015/03/08 00:13:08;11930;92;26.4;25.5;2.651;1.325;0.832;1.361;0.000;1.074;11931
B315F1;2015/03/08 00:13:18;11931;87;26.4;26.3;2.632;1.325;0.822;1.361;0.000;1.051;11932
B315F1;2015/03/08 00:13:28;11932;84;21.9;26.2;2.825;1.290;0.822;1.361;0.006;1.038;11933
B315F1;2015/03/08 00:13:38;11933;82;20.6;26.3;2.680;1.290;0.870;1.361;0.006;1.041;11934
B315F1;2015/03/08 00:13:48;11934;96;19.3;26.2;2.612;1.300;0.870;1.358;0.006;1.035;11935
B315F1;2015/03/08 00:13:58;11935;88;19.6;26.0;2.819;1.300;0.867;1.358;0.006;1.029;11936
B315F1;2015/03/08 00:14:08;11936;86;29.3;25.8;2.629;1.303;0.867;1.358;0.006;1.032;11937
B315F1;2015/03/08 00:14:18;11937;89;22.9;25.7;2.845;1.303;0.841;1.358;0.006;1.067;11938
B315F1;2015/03/08 00:14:28;11938;87;24.5;26.5;2.845;1.303;0.841;1.322;0.006;1.025;11939
B315F1;2015/03/08 00:14:38;11939;80;27.4;25.8;2.651;1.303;0.874;1.322;0.006;1.067;11940
B315F1;2015/03/08 00:14:48;11940;86;22.5;25.7;2.629;1.303;0.874;1.322;0.006;1.019;11941
B315F1;2015/03/08 00:14:58;11941;89;28.3;25.8;2.809;1.303;0.816;1.322;0.006;1.061;11942
B315F1;2015/03/08 00:15:08;11942;94;28.7;26.0;2.612;1.316;0.816;1.335;0.006;1.038;11943
B315F1;2015/03/08 00:15:18;11943;87;19.6;26.3;2.735;1.316;0.867;1.335;0.006;1.048;11944
B315F1;2015/03/08 00:15:28;11944;95;26.7;26.7;2.841;1.293;0.867;1.335;0.000;1.067;11945
B315F1;2015/03/08 00:15:38;11945;88;20.9;25.5;2.777;1.293;0.867;1.335;0.000;1.029;11946
B315F1;2015/03/08 00:15:48;11946;86;26.4;25.8;2.783;1.306;0.867;1.309;0.000;1.048;11947
B315F1;2015/03/08 00:15:58;11947;93;26.7;25.8;2.851;1.306;0.819;1.309;0.000;1.025;11948
B315F1;2015/03/08 00:16:08;11948;85;29.3;26.0;2.838;1.322;0.819;1.309;0.029;1.051;11949
B315F1;2015/03/08 00:16:18;11949;87;19.6;25.8;2.751;1.322;0.835;1.309;0.029;1.022;11950
B315F1;2015/03/08 00:16:28;11950;84;21.6;25.7;2.629;1.312;0.835;1.312;0.029;1.019;11951
B315F1;2015/03/08 00:16:38;11951;87;20.9;25.1;2.787;1.312;0.838;1.312;0.029;1.035;11952
B315F1;2015/03/08 00:16:48;11952;87;22.5;25.3;2.658;1.316;0.838;1.312;0.000;1.019;11953
B315F1;2015/03/08 00:16:58;11953;83;26.4;26.2;2.612;1.316;0.819;1.312;0.000;1.012;11954
B315F1;2015/03/08 00:17:08;11954;83;20.6;26.3;2.632;1.300;0.819;1.293;0.000;1.041;11955
B315F1;2015/03/08 00:17:18;11955;81;29.3;25.8;2.632;1.300;0.838;1.293;0.000;1.032;11956
B315F1;2015/03/08 00:17:28;11956;83;22.5;25.5;2.612;1.325;0.838;1.293;0.000;1.035;11957
B315F1;2015/03/08 00:17:38;11957;89;26.1;25.5;2.641;1.325;0.870;1.293;0.000;1.029;11958
B315F1;2015/03/08 00:17:48;11958;95;21.9;25.8;2.619;1.312;0.870;1.322;0.000;1.045;11959
B315F1;2015/03/08 00:17:58;11959;88;21.6;25.3;2.799;1.312;0.816;1.322;0.000;1.067;11960
B315F1;2015/03/08 00:18:08;11960;88;27.4;25.7;2.632;1.293;0.816;1.322;0.000;1.012;11961
B315F1;2015/03/08 00:18:18;11961;82;26.1;26.0;2.629;1.293;0.870;1.322;0.000;1.029;11962
B315F1;2015/03/08 00:18:28;11962;82;20.0;26.3;2.835;1.283;0.870;1.287;0.000;1.048;11963
B315F1;2015/03/08 00:18:38;11963;78;19.0;25.7;2.845;1.283;0.812;1.287;0.000;1.038;11964
B315F1;2015/03/08 00:18:48;11964;88;20.0;26.0;2.606;1.309;0.812;1.287;0.000;1.012;11965
B315F1;2015/03/08 00:18:58;11965;85;26.7;25.8;2.625;1.309;0.854;1.287;0.000;1.022;11966
B315F1;2015/03/08 00:19:08;11966;87;27.0;26.7;2.845;1.293;0.854;1.267;0.000;1.029;11967
B315F1;2015/03/08 00:19:18;11967;76;28.0;25.8;2.632;1.293;0.819;1.267;0.000;1.032;11968
B315F1;2015/03/08 00:19:28;11968;91;20.6;25.8;2.638;1.325;0.819;1.267;0.041;1.029;11969
B315F1;2015/03/08 00:19:38;11969;90;22.9;25.1;2.825;1.325;0.867;1.267;0.041;1.019;11970
B315F1;2015/03/08 00:19:48;11970;93;22.9;26.2;2.719;1.277;0.867;1.316;0.041;1.045;11971
B315F1;2015/03/08 00:19:58;11971;84;23.5;26.0;2.609;1.277;0.822;1.316;0.041;1.077;11972
B315F1;2015/03/08 00:20:08;11972;84;21.6;25.5;2.677;1.277;0.822;1.316;0.006;1.048;11973
B315F1;2015/03/08 00:20:18;11973;87;22.2;26.0;2.667;1.277;0.845;1.316;0.006;1.038;11974
B315F1;2015/03/08 00:20:28;11974;78;27.0;25.7;2.619;1.274;0.845;1.335;0.006;1.051;11975
B315F1;2015/03/08 00:20:38;11975;92;23.8;25.7;2.758;1.274;0.822;1.335;0.006;1.035;11976
B315F1;2015/03/08 00:20:48;11976;84;23.8;26.2;2.635;1.300;0.822;1.335;0.000;1.064;11977
B315F1;2015/03/08 00:20:58;11977;80;27.4;26.2;2.638;1.300;0.822;1.335;0.000;1.038;11978
B315F1;2015/03/08 00:21:08;11978;76;26.7;26.7;2.845;1.300;0.822;1.280;0.000;1.077;11979
B315F1;2015/03/08 00:21:18;11979;84;22.2;25.0;2.832;1.300;0.816;1.280;0.000;1.054;11980
B315F1;2015/03/08 00:21:28;11980;83;25.1;25.5;2.803;1.287;0.816;1.280;0.000;1.029;11981
B315F1;2015/03/08 00:21:38;11981;85;23.5;26.5;2.732;1.287;0.812;1.280;0.000;1.041;11982
B315F1;2015/03/08 00:21:48;11982;93;21.9;26.0;2.841;1.309;0.812;1.348;0.000;1.054;11983
B315F1;2015/03/08 00:21:58;11983;88;24.5;25.8;2.632;1.309;0.841;1.348;0.000;1.061;11984
B315F1;2015/03/08 00:22:08;11984;88;24.5;25.7;2.761;1.277;0.841;1.348;0.000;1.054;11985
B315F1;2015/03/08 00:22:18;11985;87;28.7;25.3;2.641;1.277;0.812;1.348;0.000;1.048;11986
B315F1;2015/03/08 00:22:28;11986;94;28.3;25.5;2.696;1.300;0.812;1.341;0.000;1.058;11987
B315F1;2015/03/08 00:22:38;11987;88;21.9;25.5;2.796;1.300;0.867;1.341;0.000;1.080;11988
B315F1;2015/03/08 00:22:48;11988;83;25.1;25.7;2.829;1.274;0.867;1.341;0.006;1.054;11989
B315F1;2015/03/08 00:22:58;11989;91;22.5;25.7;2.783;1.274;0.854;1.341;0.006;1.051;11990
B315F1;2015/03/08 00:23:08;11990;85;25.8;25.7;2.603;1.309;0.854;1.345;0.006;1.045;11991
B315F1;2015/03/08 00:23:18;11991;81;20.6;25.8;2.712;1.309;0.864;1.345;0.006;1.064;11992
B315F1;2015/03/08 00:23:28;11992;80;26.1;25.8;2.777;1.319;0.864;1.345;0.000;1.038;11993
B315F1;2015/03/08 00:23:38;11993;89;26.7;25.8;2.609;1.319;0.832;1.345;0.000;1.054;11994
B315F1;2015/03/08 00:23:48;11994;88;20.3;25.3;2.716;1.319;0.832;1.319;0.000;1.087;11995
B315F1;2015/03/08 00:23:58;11995;92;21.9;25.1;2.816;1.319;0.816;1.319;0.000;1.070;11996
B315F1;2015/03/08 00:24:08;11996;83;22.5;25.8;2.764;1.277;0.816;1.319;0.054;1.064;11997
B315F1;2015/03/08 00:24:18;11997;89;24.5;25.7;2.654;1.277;0.812;1.319;0.054;1.051;11998
B315F1;2015/03/08 00:24:28;11998;91;20.0;25.5;2.845;1.316;0.812;1.300;0.054;1.058;11999
B315F1;2015/03/08 00:24:38;11999;83;22.9;25.0;2.825;1.316;0.838;1.300;0.054;1.070;12000
B315F1;2015/03/08 00:24:48;12000;88;22.5;25.1;2.729;1.277;0.838;1.300;0.006;1.032;12001
B315F1;2015/03/08 00:24:58;12001;83;26.1;25.8;2.629;1.277;0.816;1.300;0.006;1.080;12002
B315F1;2015/03/08 00:25:08;12002;79;20.9;25.7;2.638;1.277;0.816;1.296;0.006;1.041;12003
B315F1;2015/03/08 00:25:18;12003;87;21.9;25.7;2.799;1.277;0.867;1.296;0.006;1.035;12004
B315F1;2015/03/08 00:25:28;12004;81;25.1;25.8;2.803;1.277;0.867;1.296;0.061;1.032;12005
B315F1;2015/03/08 00:25:38;12005;93;24.5;25.1;2.603;1.277;0.822;1.296;0.061;1.067;12006
B315F1;2015/03/08 00:25:48;12006;83;24.5;25.5;2.616;1.287;0.822;1.309;0.061;1.067;12007
B315F1;2015/03/08 00:25:58;12007;80;20.0;25.0;2.735;1.287;0.867;1.309;0.061;1.048;12008
B315F1;2015/03/08 00:26:08;12008;92;21.2;26.0;2.664;1.290;0.867;1.309;0.029;1.029;12009
B315F1;2015/03/08 00:26:18;12009;83;25.4;25.8;2.851;1.290;0.816;1.309;0.029;1.025;12010
B315F1;2015/03/08 00:26:28;12010;93;29.6;25.7;2.619;1.316;0.816;1.345;0.029;1.054;12011
B315F1;2015/03/08 00:26:38;12011;90;22.5;25.7;2.651;1.316;0.874;1.345;0.029;1.035;12012
B315F1;2015/03/08 00:26:48;12012;86;27.0;26.0;2.790;1.280;0.874;1.345;0.000;1.032;12013
B315F1;2015/03/08 00:26:58;12013;93;26.4;25.8;2.632;1.280;0.819;1.345;0.000;1.077;12014
B315F1;2015/03/08 00:27:08;12014;94;25.8;25.8;2.619;1.319;0.819;1.303;0.000;1.032;12015
B315F1;2015/03/08 00:27:18;12015;87;20.0;25.5;2.851;1.319;0.816;1.303;0.000;1.064;12016
B315F1;2015/03/08 00:27:28;12016;93;26.1;25.8;2.822;1.280;0.816;1.303;0.000;1.048;12017
B315F1;2015/03/08 00:27:38;12017;86;19.6;25.7;2.709;1.280;0.867;1.303;0.000;1.067;12018
B315F1;2015/03/08 00:27:48;12018;95;23.8;26.2;2.783;1.300;0.867;1.306;0.000;1.067;12019
B315F1;2015/03/08 00:27:58;12019;87;20.0;25.3;2.612;1.300;0.825;1.306;0.000;1.041;12020
B315F1;2015/03/08 00:28:08;12020;88;21.6;26.0;2.658;1.303;0.825;1.306;0.006;1.045;12021
B315F1;2015/03/08 00:28:18;12021;83;21.2;25.3;2.793;1.303;0.825;1.306;0.006;1.064;12022
B315F1;2015/03/08 00:28:28;12022;87;21.9;25.5;2.632;1.287;0.825;1.351;0.006;1.029;12023
B315F1;2015/03/08 00:28:38;12023;87;21.9;25.3;2.806;1.287;0.819;1.351;0.006;1.064;12024
B315F1;2015/03/08 00:28:48;12024;87;27.7;25.5;2.783;1.283;0.819;1.351;0.000;1.029;12025
B315F1;2015/03/08 00:28:58;12025;88;20.9;25.0;2.851;1.283;0.816;1.351;0.000;1.045;12026
B315F1;2015/03/08 00:29:08;12026;93;21.2;25.8;2.783;1.283;0.816;1.364;0.000;1.041;12027
B315F1;2015/03/08 00:29:18;12027;91;25.1;25.7;2.735;1.283;0.858;1.364;0.000;1.048;12028
B315F1;2015/03/08 00:29:28;12028;84;24.8;25.5;2.761;1.280;0.858;1.364;0.000;1.090;12029
B315F1;2015/03/08 00:29:38;12029;88;22.5;25.7;2.651;1.280;0.822;1.364;0.000;1.038;12030
B315F1;2015/03/08 00:29:48;12030;93;25.8;25.1;2.709;1.312;0.822;1.380;0.000;1.054;12031
B315F1;2015/03/08 00:29:58;12031;77;27.4;25.1;2.622;1.312;0.816;1.380;0.000;1.045;12032
B315F1;2015/03/08 00:30:08;12032;88;22.5;25.5;2.732;1.293;0.816;1.380;0.000;1.064;12033
B315F1;2015/03/08 00:30:18;12033;82;26.7;25.1;2.625;1.293;0.861;1.380;0.000;1.035;12034
B315F1;2015/03/08 00:30:28;12034;84;22.5;24.8;2.845;1.309;0.861;1.325;0.000;1.029;12035
B315F1;2015/03/08 00:30:38;12035;88;26.7;25.1;2.809;1.309;0.832;1.325;0.000;1.054;12036
B315F1;2015/03/08 00:30:48;12036;95;21.9;25.7;2.629;1.274;0.832;1.325;0.000;1.067;12037
B315F1;2015/03/08 00:30:58;12037;93;25.4;25.0;2.838;1.274;0.829;1.325;0.000;1.029;12038
B315F1;2015/03/08 00:31:08;12038;82;26.4;25.8;2.593;1.300;0.829;1.358;0.000;1.045;12039
B315F1;2015/03/08 00:31:18;12039;87;25.8;25.5;2.625;1.300;0.809;1.358;0.000;1.067;12040
B315F1;2015/03/08 00:31:28;12040;91;22.5;25.3;2.745;1.274;0.809;1.358;0.016;1.080;12041
B315F1;2015/03/08 00:31:38;12041;88;25.4;25.7;2.625;1.274;0.819;1.358;0.016;1.070;12042
B315F1;2015/03/08 00:31:48;12042;87;22.5;25.1;2.625;1.277;0.819;1.338;0.016;1.067;12043
B315F1;2015/03/08 00:31:58;12043;89;28.7;25.3;2.603;1.277;0.854;1.338;0.016;1.025;12044
B315F1;2015/03/08 00:32:08;12044;78;26.7;24.8;2.829;1.300;0.854;1.338;0.006;1.067;12045
B315F1;2015/03/08 00:32:18;12045;89;28.7;25.0;2.838;1.300;0.812;1.338;0.006;1.022;12046
B315F1;2015/03/08 00:32:28;12046;88;23.5;25.5;2.790;1.300;0.812;1.338;0.006;1.038;12047
B315F1;2015/03/08 00:32:38;12047;84;24.5;25.5;2.632;1.300;0.867;1.338;0.006;1.025;12048
B315F1;2015/03/08 00:32:48;12048;84;28.0;24.6;2.603;1.303;0.867;1.338;0.022;1.032;12049
B315F1;2015/03/08 00:32:58;12049;85;25.1;25.3;2.725;1.303;0.861;1.338;0.022;1.061;12050
B315F1;2015/03/08 00:33:08;12050;93;23.2;25.1;2.758;1.287;0.861;1.335;0.022;1.032;12051
B315F1;2015/03/08 00:33:18;12051;76;20.6;25.5;2.819;1.287;0.841;1.335;0.022;1.032;12052
B315F1;2015/03/08 00:33:28;12052;88;26.7;25.5;2.600;1.293;0.841;1.335;0.000;1.048;12053
B315F1;2015/03/08 00:33:38;12053;83;27.7;25.1;2.632;1.293;0.812;1.335;0.000;1.035;12054
B315F1;2015/03/08 00:33:48;12054;90;25.4;25.8;2.780;1.277;0.812;1.335;0.000;1.080;12055
B315F1;2015/03/08 00:33:58;12055;88;21.2;25.5;2.719;1.277;0.858;1.335;0.000;1.058;12056
B315F1;2015/03/08 00:34:08;12056;89;26.7;25.0;2.645;1.293;0.858;1.335;0.000;1.054;12057
B315F1;2015/03/08 00:34:18;12057;82;21.9;25.7;2.696;1.293;0.819;1.335;0.000;1.032;12058
B315F1;2015/03/08 00:34:28;12058;92;23.5;25.5;2.664;1.319;0.819;1.338;0.000;1.070;12059
B315F1;2015/03/08 00:34:38;12059;85;27.4;25.8;2.629;1.319;0.806;1.338;0.000;1.048;12060
B315F1;2015/03/08 00:34:48;12060;89;20.6;25.5;2.716;1.277;0.806;1.338;0.003;1.080;12061
B315F1;2015/03/08 00:34:58;12061;82;26.4;25.3;2.612;1.277;0.822;1.338;0.003;1.051;12062
B315F1;2015/03/08 00:35:08;12062;93;24.1;25.7;2.845;1.277;0.822;1.361;0.003;1.041;12063
B315F1;2015/03/08 00:35:18;12063;88;26.1;25.0;2.629;1.277;0.816;1.361;0.003;1.045;12064
B315F1;2015/03/08 00:35:28;12064;89;26.7;25.0;2.819;1.303;0.816;1.361;0.006;1.074;12065
B315F1;2015/03/08 00:35:38;12065;91;21.9;25.7;2.803;1.303;0.841;1.361;0.006;1.045;12066
B315F1;2015/03/08 00:35:48;12066;94;24.5;25.3;2.609;1.280;0.841;1.329;0.006;1.054;12067
B315F1;2015/03/08 00:35:58;12067;86;26.7;25.1;2.654;1.280;0.809;1.329;0.006;1.032;12068
B315F1;2015/03/08 00:36:08;12068;88;26.1;25.5;2.835;1.290;0.809;1.329;0.006;1.058;12069
B315F1;2015/03/08 00:36:18;12069;90;20.9;24.8;2.670;1.290;0.822;1.329;0.006;1.074;12070
B315F1;2015/03/08 00:36:28;12070;88;22.5;25.7;2.674;1.303;0.822;1.316;0.006;1.064;12071
B315F1;2015/03/08 00:36:38;12071;90;25.1;25.5;2.609;1.303;0.861;1.316;0.006;1.083;12072
B315F1;2015/03/08 00:36:48;12072;83;25.8;25.5;2.848;1.293;0.861;1.316;0.000;1.045;12073
B315F1;2015/03/08 00:36:58;12073;87;21.2;26.0;2.706;1.293;0.867;1.316;0.000;1.051;12074
B315F1;2015/03/08 00:37:08;12074;92;23.2;25.1;2.725;1.312;0.867;1.361;0.000;1.038;12075
B315F1;2015/03/08 00:37:18;12075;76;21.2;25.5;2.751;1.312;0.809;1.361;0.000;1.045;12076
B315F1;2015/03/08 00:37:28;12076;83;28.0;25.5;2.777;1.274;0.809;1.361;0.000;1.083;12077
B315F1;2015/03/08 00:37:38;12077;90;28.0;25.5;2.677;1.274;0.861;1.361;0.000;1.064;12078
B315F1;2015/03/08 00:37:48;12078;91;23.5;26.0;2.609;1.303;0.861;1.374;0.000;1.058;12079
B315F1;2015/03/08 00:37:58;12079;94;20.3;25.8;2.838;1.303;0.861;1.374;0.000;1.074;12080
B315F1;2015/03/08 00:38:08;12080;83;22.9;25.3;2.632;1.274;0.861;1.374;0.000;1.070;12081
B315F1;2015/03/08 00:38:18;12081;80;28.0;25.7;2.709;1.274;0.822;1.374;0.000;1.067;12082
B315F1;2015/03/08 00:38:28;12082;82;20.6;25.1;2.687;1.274;0.822;1.316;0.000;1.035;12083
B315F1;2015/03/08 00:38:38;12083;84;21.9;25.3;2.674;1.274;0.812;1.316;0.000;1.067;12084
B315F1;2015/03/08 00:38:48;12084;81;26.7;25.0;2.651;1.290;0.812;1.316;0.006;1.048;12085
B315F1;2015/03/08 00:38:58;12085;84;29.3;25.1;2.793;1.290;0.841;1.316;0.006;1.032;12086
B315F1;2015/03/08 00:39:08;12086;88;24.5;25.3;2.845;1.274;0.841;1.338;0.006;1.067;12087
B315F1;2015/03/08 00:39:18;12087;81;24.8;25.5;2.845;1.274;0.809;1.338;0.006;1.080;12088
B315F1;2015/03/08 00:39:28;12088;89;20.9;25.7;2.677;1.283;0.809;1.338;0.000;1.045;12089
B315F1;2015/03/08 00:39:38;12089;81;26.4;25.7;2.632;1.283;0.835;1.338;0.000;1.064;12090
B315F1;2015/03/08 00:39:48;12090;83;26.1;26.0;2.819;1.274;0.835;1.332;0.000;1.074;12091
B315F1;2015/03/08 00:39:58;12091;83;22.9;25.5;2.612;1.274;0.819;1.332;0.000;1.035;12092
B315F1;2015/03/08 00:40:08;12092;85;24.5;25.3;2.845;1.274;0.819;1.332;0.003;1.032;12093
B315F1;2015/03/08 00:40:18;12093;88;19.6;26.0;2.829;1.274;0.864;1.332;0.003;1.080;12094
B315F1;2015/03/08 00:40:28;12094;79;29.3;25.7;2.835;1.274;0.864;1.300;0.003;1.067;12095
B315F1;2015/03/08 00:40:38;12095;91;21.9;25.0;2.777;1.274;0.819;1.300;0.003;1.058;12096
B315F1;2015/03/08 00:40:48;12096;81;21.6;25.5;2.751;1.277;0.819;1.300;0.006;1.035;12097
B315F1;2015/03/08 00:40:58;12097;84;25.1;25.3;2.609;1.277;0.832;1.300;0.006;1.074;12098
B315F1;2015/03/08 00:41:08;12098;76;27.0;25.7;2.841;1.274;0.832;1.319;0.006;1.064;12099
B315F1;2015/03/08 00:41:18;12099;87;30.3;25.1;2.654;1.274;0.806;1.319;0.006;1.096;12100
B315F1;2015/03/08 00:41:28;12100;89;26.1;25.7;2.799;1.296;0.806;1.319;0.003;1.058;12101
B315F1;2015/03/08 00:41:38;12101;90;28.0;25.5;2.648;1.296;0.832;1.319;0.003;1.041;12102
B315F1;2015/03/08 00:41:48;12102;84;24.5;25.0;2.600;1.300;0.832;1.329;0.003;1.061;12103
B315F1;2015/03/08 00:41:58;12103;89;28.0;25.7;2.732;1.300;0.854;1.329;0.003;1.074;12104
B315F1;2015/03/08 00:42:08;12104;82;21.9;25.8;2.835;1.277;0.854;1.329;0.006;1.051;12105
B315F1;2015/03/08 00:42:18;12105;82;21.2;25.3;2.751;1.277;0.812;1.329;0.006;1.048;12106
B315F1;2015/03/08 00:42:28;12106;90;24.1;25.3;2.845;1.283;0.812;1.367;0.006;1.067;12107
B315F1;2015/03/08 00:42:38;12107;81;23.2;25.3;2.664;1.283;0.861;1.367;0.006;1.054;12108
B315F1;2015/03/08 00:42:48;12108;88;25.1;25.1;2.777;1.274;0.861;1.367;0.006;1.054;12109
B315F1;2015/03/08 00:42:58;12109;82;28.7;25.5;2.793;1.274;0.841;1.367;0.006;1.045;12110
B315F1;2015/03/08 00:43:08;12110;90;29.6;24.6;2.838;1.303;0.841;1.335;0.006;1.061;12111
B315F1;2015/03/08 00:43:18;12111;85;20.9;25.1;2.751;1.303;0.809;1.335;0.006;1.041;12112
B315F1;2015/03/08 00:43:28;12112;83;24.5;25.1;2.841;1.274;0.809;1.335;0.009;1.087;12113
B315F1;2015/03/08 00:43:38;12113;78;23.8;25.3;2.738;1.274;0.858;1.335;0.009;1.067;12114
B315F1;2015/03/08 00:43:48;12114;85;20.6;25.3;2.790;1.277;0.858;1.358;0.009;1.067;12115
B315F1;2015/03/08 00:43:58;12115;76;20.9;24.6;2.738;1.277;0.806;1.358;0.009;1.093;12116
B315F1;2015/03/08 00:44:08;12116;88;24.5;24.6;2.600;1.296;0.806;1.358;0.009;1.067;12117
B315F1;2015/03/08 00:44:18;12117;86;29.3;24.8;2.825;1.296;0.861;1.358;0.009;1.093;12118
B315F1;2015/03/08 00:44:28;12118;96;24.1;24.4;2.829;1.316;0.861;1.325;0.009;1.051;12119
B315F1;2015/03/08 00:44:38;12119;87;29.0;24.6;2.622;1.316;0.825;1.325;0.009;1.054;12120
B315F1;2015/03/08 00:44:48;12120;90;28.7;24.8;2.670;1.277;0.825;1.325;0.009;1.058;12121
B315F1;2015/03/08 00:44:58;12121;93;20.9;24.6;2.764;1.277;0.809;1.325;0.009;1.090;12122
B315F1;2015/03/08 00:45:08;12122;77;21.2;25.3;2.758;1.312;0.809;1.348;0.009;1.103;12123
B315F1;2015/03/08 00:45:18;12123;91;29.3;25.1;2.809;1.312;0.825;1.348;0.009;1.077;12124
B315F1;2015/03/08 00:45:28;12124;93;27.4;25.0;2.819;1.287;0.825;1.348;0.035;1.083;12125
B315F1;2015/03/08 00:45:38;12125;78;26.4;25.1;2.625;1.287;0.819;1.348;0.035;1.080;12126
B315F1;2015/03/08 00:45:48;12126;83;25.4;24.6;2.674;1.319;0.819;1.361;0.035;1.080;12127
B315F1;2015/03/08 00:45:58;12127;90;25.8;25.1;2.622;1.319;0.819;1.361;0.035;1.074;12128
B315F1;2015/03/08 00:46:08;12128;89;27.7;25.7;2.625;1.280;0.819;1.361;0.006;1.083;12129
B315F1;2015/03/08 00:46:18;12129;93;28.3;24.8;2.625;1.280;0.806;1.361;0.006;1.070;12130
B315F1;2015/03/08 00:46:28;12130;93;24.1;24.6;2.641;1.319;0.806;1.387;0.006;1.074;12131
B315F1;2015/03/08 00:46:38;12131;92;28.7;24.8;2.848;1.319;0.854;1.387;0.006;1.099;12132
B315F1;2015/03/08 00:46:48;12132;85;22.2;25.5;2.690;1.319;0.854;1.387;0.000;1.067;12133
B315F1;2015/03/08 00:46:58;12133;81;20.3;25.3;2.825;1.319;0.829;1.387;0.000;1.064;12134
B315F1;2015/03/08 00:47:08;12134;94;20.3;25.0;2.677;1.274;0.829;1.390;0.000;1.099;12135
B315F1;2015/03/08 00:47:18;12135;88;26.7;24.8;2.783;1.274;0.806;1.390;0.000;1.070;12136
B315F1;2015/03/08 00:47:28;12136;85;25.8;24.8;2.793;1.309;0.806;1.390;0.000;1.070;12137
B315F1;2015/03/08 00:47:38;12137;85;24.5;24.8;2.645;1.309;0.819;1.390;0.000;1.103;12138
B315F1;2015/03/08 00:47:48;12138;93;27.4;24.8;2.699;1.277;0.819;1.354;0.000;1.106;12139
B315F1;2015/03/08 00:47:58;12139;92;21.2;24.3;2.825;1.277;0.819;1.354;0.000;1.090;12140
B315F1;2015/03/08 00:48:08;12140;88;26.4;25.1;2.777;1.280;0.819;1.354;0.006;1.087;12141
B315F1;2015/03/08 00:48:18;12141;93;19.6;25.1;2.712;1.280;0.829;1.354;0.006;1.051;12142
B315F1;2015/03/08 00:48:28;12142;88;24.5;25.1;2.803;1.290;0.829;1.351;0.006;1.048;12143
B315F1;2015/03/08 00:48:38;12143;88;25.1;25.0;2.735;1.290;0.848;1.351;0.006;1.083;12144
B315F1;2015/03/08 00:48:48;12144;88;29.0;25.7;2.841;1.303;0.848;1.351;0.003;1.048;12145
B315F1;2015/03/08 00:48:58;12145;74;21.9;25.3;2.651;1.303;0.829;1.351;0.003;1.054;12146
B315F1;2015/03/08 00:49:08;12146;86;21.2;25.1;2.635;1.300;0.829;1.312;0.003;1.067;12147
B315F1;2015/03/08 00:49:18;12147;84;22.9;24.8;2.699;1.300;0.845;1.312;0.003;1.048;12148
B315F1;2015/03/08 00:49:28;12148;77;21.2;25.3;2.638;1.293;0.845;1.312;0.009;1.074;12149
B315F1;2015/03/08 00:49:38;12149;88;28.7;25.0;2.625;1.293;0.809;1.312;0.009;1.038;12150
B315F1;2015/03/08 00:49:48;12150;88;19.6;25.3;2.783;1.274;0.809;1.338;0.009;1.038;12151
B315F1;2015/03/08 00:49:58;12151;86;21.2;24.8;2.693;1.274;0.809;1.338;0.009;1.045;12152
B315F1;2015/03/08 00:50:08;12152;86;19.6;25.3;2.761;1.274;0.809;1.338;0.000;1.061;12153
B315F1;2015/03/08 00:50:18;12153;80;21.9;25.7;2.787;1.274;0.809;1.338;0.000;1.058;12154
B315F1;2015/03/08 00:50:28;12154;89;29.3;25.5;2.848;1.293;0.809;1.322;0.000;1.045;12155
B315F1;2015/03/08 00:50:38;12155;92;21.2;25.1;2.806;1.293;0.803;1.322;0.000;1.025;12156
B315F1;2015/03/08 00:50:48;12156;91;22.5;25.3;2.619;1.280;0.803;1.322;0.000;1.058;12157
B315F1;2015/03/08 00:50:58;12157;92;26.4;25.3;2.632;1.280;0.841;1.322;0.000;1.025;12158
B315F1;2015/03/08 00:51:08;12158;88;25.4;26.7;2.845;1.290;0.841;1.293;0.000;1.041;12159
B315F1;2015/03/08 00:51:18;12159;81;29.6;25.1;2.606;1.290;0.854;1.293;0.000;1.038;12160
B315F1;2015/03/08 00:51:28;12160;94;26.7;25.7;2.829;1.274;0.854;1.293;0.006;1.058;12161
B315F1;2015/03/08 00:51:38;12161;80;20.0;25.3;2.780;1.274;0.819;1.293;0.006;1.061;12162
B315F1;2015/03/08 00:51:48;12162;81;20.6;25.5;2.777;1.296;0.819;1.325;0.006;1.051;12163
B315F1;2015/03/08 00:51:58;12163;89;20.0;25.1;2.825;1.296;0.854;1.325;0.006;1.058;12164
B315F1;2015/03/08 00:52:08;12164;82;20.6;25.5;2.777;1.290;0.854;1.325;0.000;1.074;12165
B315F1;2015/03/08 00:52:18;12165;81;27.0;25.8;2.661;1.290;0.809;1.325;0.000;1.051;12166
B315F1;2015/03/08 00:52:28;12166;86;21.9;25.8;2.738;1.296;0.809;1.283;0.000;1.061;12167
B315F1;2015/03/08 00:52:38;12167;93;27.4;25.5;2.612;1.296;0.799;1.283;0.000;1.038;12168
B315F1;2015/03/08 00:52:48;12168;90;28.7;25.8;2.829;1.287;0.799;1.283;0.035;1.070;12169
B315F1;2015/03/08 00:52:58;12169;82;22.9;26.0;2.796;1.287;0.854;1.283;0.035;1.064;12170
B315F1;2015/03/08 00:53:08;12170;76;24.5;25.3;2.619;1.290;0.854;1.322;0.035;1.080;12171
B315F1;2015/03/08 00:53:18;12171;81;24.8;25.1;2.812;1.290;0.861;1.322;0.035;1.070;12172
B315F1;2015/03/08 00:53:28;12172;91;20.6;25.5;2.803;1.290;0.861;1.322;0.006;1.070;12173
B315F1;2015/03/08 00:53:38;12173;87;25.1;25.3;2.629;1.290;0.861;1.322;0.006;1.029;12174
B315F1;2015/03/08 00:53:48;12174;92;21.9;25.5;2.783;1.290;0.861;1.277;0.006;1.074;12175
B315F1;2015/03/08 00:53:58;12175;90;21.9;25.8;2.693;1.290;0.841;1.277;0.006;1.032;12176
B315F1;2015/03/08 00:54:08;12176;96;22.5;25.5;2.625;1.290;0.841;1.277;0.000;1.029;12177
B315F1;2015/03/08 00:54:18;12177;91;28.0;25.7;2.641;1.290;0.829;1.277;0.000;1.032;12178
B315F1;2015/03/08 00:54:28;12178;88;27.4;25.5;2.812;1.290;0.829;1.264;0.000;1.029;12179
B315F1;2015/03/08 00:54:38;12179;83;26.4;25.7;2.632;1.290;0.806;1.264;0.000;1.045;12180
B315F1;2015/03/08 00:54:48;12180;95;21.6;25.7;2.735;1.300;0.806;1.264;0.009;1.038;12181
B315F1;2015/03/08 00:54:58;12181;90;28.3;25.3;2.641;1.300;0.806;1.264;0.009;1.025;12182
B315F1;2015/03/08 00:55:08;12182;96;26.1;25.3;2.832;1.274;0.806;1.274;0.009;1.077;12183
B315F1;2015/03/08 00:55:18;12183;94;28.3;25.3;2.816;1.274;0.806;1.274;0.009;1.025;12184
B315F1;2015/03/08 00:55:28;12184;86;26.1;25.7;2.812;1.296;0.806;1.274;0.000;1.025;12185
B315F1;2015/03/08 00:55:38;12185;82;28.0;25.3;2.645;1.296;0.864;1.274;0.000;1.041;12186
B315F1;2015/03/08 00:55:48;12186;85;20.0;25.7;2.816;1.277;0.864;1.306;0.000;1.051;12187
B315F1;2015/03/08 00:55:58;12187;86;19.6;25.7;2.825;1.277;0.861;1.306;0.000;1.041;12188
B315F1;2015/03/08 00:56:08;12188;79;22.5;25.7;2.619;1.300;0.861;1.306;0.003;1.038;12189
B315F1;2015/03/08 00:56:18;12189;82;24.1;25.1;2.835;1.300;0.825;1.306;0.003;1.035;12190
B315F1;2015/03/08 00:56:28;12190;85;28.7;26.0;2.606;1.319;0.825;1.361;0.003;1.038;12191
B315F1;2015/03/08 00:56:38;12191;88;23.2;25.7;2.777;1.319;0.812;1.361;0.003;1.054;12192
B315F1;2015/03/08 00:56:48;12192;89;25.1;25.8;2.819;1.283;0.812;1.361;0.006;1.022;12193
B315F1;2015/03/08 00:56:58;12193;74;27.0;25.7;2.812;1.283;0.809;1.361;0.006;1.016;12194
B315F1;2015/03/08 00:57:08;12194;94;25.1;25.5;2.764;1.296;0.809;1.309;0.006;1.022;12195
B315F1;2015/03/08 00:57:18;12195;81;27.4;25.7;2.632;1.296;0.809;1.309;0.006;1.029;12196
B315F1;2015/03/08 00:57:28;12196;79;24.5;25.5;2.593;1.300;0.809;1.309;0.009;1.009;12197
B315F1;2015/03/08 00:57:38;12197;83;25.1;25.8;2.761;1.300;0.812;1.309;0.009;1.016;12198
B315F1;2015/03/08 00:57:48;12198;88;23.5;25.7;2.803;1.309;0.812;1.303;0.009;1.035;12199
B315F1;2015/03/08 00:57:58;12199;82;20.9;26.0;2.699;1.309;0.851;1.303;0.009;1.029;12200
B315F1;2015/03/08 00:58:08;12200;93;21.6;25.7;2.816;1.309;0.851;1.303;0.054;1.022;12201
B315F1;2015/03/08 00:58:18;12201;85;24.5;25.0;2.845;1.309;0.861;1.303;0.054;1.012;12202
B315F1;2015/03/08 00:58:28;12202;81;22.5;25.3;2.625;1.303;0.861;1.303;0.054;1.032;12203
B315F1;2015/03/08 00:58:38;12203;87;21.6;25.3;2.661;1.303;0.867;1.303;0.054;1.045;12204
B315F1;2015/03/08 00:58:48;12204;83;25.4;26.3;2.838;1.287;0.867;1.303;0.000;1.054;12205
B315F1;2015/03/08 00:58:58;12205;78;27.0;25.7;2.603;1.287;0.825;1.303;0.000;1.016;12206
B315F1;2015/03/08 00:59:08;12206;85;25.4;26.0;2.838;1.316;0.825;1.322;0.000;1.029;12207
B315F1;2015/03/08 00:59:18;12207;89;27.0;25.7;2.722;1.316;0.822;1.322;0.000;1.048;12208
B315F1;2015/03/08 00:59:28;12208;87;25.1;26.2;2.809;1.309;0.822;1.322;0.000;1.025;12209
B315F1;2015/03/08 00:59:38;12209;88;27.0;25.8;2.619;1.309;0.867;1.322;0.000;1.029;12210
B315F1;2015/03/08 00:59:48;12210;89;23.2;25.7;2.709;1.306;0.867;1.332;0.000;1.032;12211
B315F1;2015/03/08 00:59:58;12211;83;28.0;26.0;2.638;1.306;0.819;1.332;0.000;1.035;12212
B315F1;2015/03/08 01:00:08;12212;96;25.8;26.0;2.841;1.283;0.819;1.332;0.022;1.032;12213
B315F1;2015/03/08 01:00:18;12213;89;24.1;25.5;2.825;1.283;0.835;1.332;0.022;1.058;12214
B315F1;2015/03/08 01:00:28;12214;77;26.7;25.0;2.600;1.303;0.835;1.303;0.022;1.029;12215
B315F1;2015/03/08 01:00:38;12215;86;28.7;25.8;2.616;1.303;0.867;1.303;0.022;1.041;12216
B315F1;2015/03/08 01:00:48;12216;88;27.7;25.8;2.835;1.332;0.867;1.303;0.006;1.051;12217
B315F1;2015/03/08 01:00:58;12217;78;25.8;25.7;2.625;1.332;0.861;1.303;0.006;1.048;12218
B315F1;2015/03/08 01:01:08;12218;84;26.4;26.0;2.835;1.283;0.861;1.345;0.006;1.032;12219
B315F1;2015/03/08 01:01:18;12219;84;25.8;25.8;2.625;1.283;0.841;1.345;0.006;1.035;12220
B315F1;2015/03/08 01:01:28;12220;88;28.0;25.5;2.780;1.303;0.841;1.345;0.006;1.019;12221
B315F1;2015/03/08 01:01:38;12221;88;27.4;25.8;2.629;1.303;0.809;1.345;0.006;1.000;12222
B315F1;2015/03/08 01:01:48;12222;78;20.0;25.8;2.812;1.312;0.809;1.306;0.006;1.000;12223
B315F1;2015/03/08 01:01:58;12223;92;23.8;25.8;2.719;1.312;0.864;1.306;0.006;1.006;12224
B315F1;2015/03/08 01:02:08;12224;92;21.2;25.8;2.667;1.312;0.864;1.306;0.000;1.025;12225
B315F1;2015/03/08 01:02:18;12225;88;28.3;25.8;2.603;1.312;0.812;1.306;0.000;0.996;12226
B315F1;2015/03/08 01:02:28;12226;78;20.6;25.8;2.651;1.303;0.812;1.306;0.000;1.025;12227
B315F1;2015/03/08 01:02:38;12227;91;24.1;25.5;2.606;1.303;0.861;1.306;0.000;1.012;12228
B315F1;2015/03/08 01:02:48;12228;83;24.1;26.2;2.783;1.293;0.861;1.306;0.000;1.016;12229
B315F1;2015/03/08 01:02:58;12229;84;19.6;25.8;2.783;1.293;0.819;1.306;0.000;1.022;12230
B315F1;2015/03/08 01:03:08;12230;84;22.9;26.0;2.693;1.312;0.819;1.277;0.000;0.980;12231
B315F1;2015/03/08 01:03:18;12231;78;28.3;26.0;2.806;1.312;0.829;1.277;0.000;0.987;12232
B315F1;2015/03/08 01:03:28;12232;90;26.4;26.0;2.825;1.293;0.829;1.277;0.006;1.009;12233
B315F1;2015/03/08 01:03:38;12233;78;18.7;26.0;2.835;1.293;0.812;1.277;0.006;1.012;12234
B315F1;2015/03/08 01:03:48;12234;87;21.9;26.2;2.625;1.319;0.812;1.309;0.006;1.019;12235
B315F1;2015/03/08 01:03:58;12235;93;22.2;26.0;2.835;1.319;0.867;1.309;0.006;1.003;12236
B315F1;2015/03/08 01:04:08;12236;88;21.6;26.2;2.738;1.322;0.867;1.309;0.006;1.041;12237
B315F1;2015/03/08 01:04:18;12237;83;23.8;26.3;2.641;1.322;0.832;1.309;0.006;1.012;12238
B315F1;2015/03/08 01:04:28;12238;93;24.8;26.5;2.829;1.287;0.832;1.316;0.006;1.000;12239
B315F1;2015/03/08 01:04:38;12239;83;28.0;26.0;2.622;1.287;0.832;1.316;0.006;1.003;12240
B315F1;2015/03/08 01:04:48;12240;88;22.9;25.5;2.603;1.335;0.832;1.316;0.006;1.038;12241
B315F1;2015/03/08 01:04:58;12241;87;19.3;26.0;2.851;1.335;0.832;1.316;0.006;1.032;12242
B315F1;2015/03/08 01:05:08;12242;94;20.6;26.5;2.654;1.296;0.832;1.322;0.006;1.045;12243
B315F1;2015/03/08 01:05:18;12243;93;27.4;26.5;2.603;1.296;0.838;1.322;0.006;1.006;12244
B315F1;2015/03/08 01:05:28;12244;82;24.8;26.5;2.806;1.332;0.838;1.322;0.006;1.048;12245
B315F1;2015/03/08 01:05:38;12245;90;19.0;26.5;2.722;1.332;0.816;1.322;0.006;1.035;12246
B315F1;2015/03/08 01:05:48;12246;80;26.1;26.3;2.829;1.303;0.816;1.303;0.006;1.006;12247
B315F1;2015/03/08 01:05:58;12247;92;22.5;26.0;2.806;1.303;0.822;1.303;0.006;1.035;12248
B315F1;2015/03/08 01:06:08;12248;93;24.1;26.5;2.838;1.329;0.822;1.303;0.009;1.019;12249
B315F1;2015/03/08 01:06:18;12249;81;23.8;26.5;2.719;1.329;0.867;1.303;0.009;1.000;12250
B315F1;2015/03/08 01:06:28;12250;85;18.7;26.7;2.651;1.319;0.867;1.306;0.009;0.990;12251
B315F1;2015/03/08 01:06:38;12251;84;23.2;26.5;2.661;1.319;0.819;1.306;0.009;0.996;12252
B315F1;2015/03/08 01:06:48;12252;89;18.7;26.7;2.790;1.300;0.819;1.306;0.000;1.025;12253
B315F1;2015/03/08 01:06:58;12253;83;21.6;26.3;2.706;1.300;0.812;1.306;0.000;1.019;12254
B315F1;2015/03/08 01:07:08;12254;88;21.9;26.3;2.619;1.329;0.812;1.270;0.000;0.996;12255
B315F1;2015/03/08 01:07:18;12255;86;21.2;26.3;2.670;1.329;0.812;1.270;0.000;1.038;12256
B315F1;2015/03/08 01:07:28;12256;86;24.1;26.7;2.764;1.300;0.812;1.270;0.000;1.029;12257
B315F1;2015/03/08 01:07:38;12257;84;27.4;26.5;2.606;1.300;0.829;1.270;0.000;1.016;12258
B315F1;2015/03/08 01:07:48;12258;85;23.5;26.7;2.841;1.296;0.829;1.316;0.000;1.029;12259
B315F1;2015/03/08 01:07:58;12259;84;24.8;26.5;2.625;1.296;0.867;1.316;0.000;1.006;12260
B315F1;2015/03/08 01:08:08;12260;88;24.5;26.7;2.777;1.296;0.867;1.316;0.009;1.006;12261
B315F1;2015/03/08 01:08:18;12261;83;29.6;26.5;2.654;1.296;0.867;1.316;0.009;1.025;12262
B315F1;2015/03/08 01:08:28;12262;87;25.4;26.9;2.829;1.300;0.867;1.280;0.009;1.025;12263
B315F1;2015/03/08 01:08:38;12263;88;19.0;26.0;2.790;1.300;0.819;1.280;0.009;1.038;12264
B315F1;2015/03/08 01:08:48;12264;82;23.8;26.2;2.651;1.329;0.819;1.280;0.006;1.019;12265
B315F1;2015/03/08 01:08:58;12265;93;24.1;26.2;2.841;1.329;0.819;1.280;0.006;1.012;12266
B315F1;2015/03/08 01:09:08;12266;87;19.6;26.3;2.654;1.300;0.819;1.287;0.006;1.022;12267
B315F1;2015/03/08 01:09:18;12267;90;27.7;26.5;2.722;1.300;0.822;1.287;0.006;1.025;12268
B315F1;2015/03/08 01:09:28;12268;84;20.0;26.2;2.799;1.332;0.822;1.287;0.054;1.038;12269
B315F1;2015/03/08 01:09:38;12269;93;27.4;26.2;2.609;1.332;0.816;1.287;0.054;1.035;12270
B315F1;2015/03/08 01:09:48;12270;92;22.9;26.5;2.838;1.293;0.816;1.309;0.054;1.045;12271
B315F1;2015/03/08 01:09:58;12271;90;21.6;26.3;2.661;1.293;0.816;1.309;0.054;1.025;12272
B315F1;2015/03/08 01:10:08;12272;92;27.0;26.7;2.809;1.303;0.816;1.309;0.000;1.029;12273
B315F1;2015/03/08 01:10:18;12273;86;20.0;25.5;2.819;1.303;0.867;1.309;0.000;1.041;12274
B315F1;2015/03/08 01:10:28;12274;83;20.6;26.2;2.664;1.303;0.867;1.309;0.000;1.038;12275
B315F1;2015/03/08 01:10:38;12275;93;28.0;26.7;2.658;1.303;0.867;1.309;0.000;1.003;12276
B315F1;2015/03/08 01:10:48;12276;92;20.6;26.5;2.745;1.329;0.867;1.309;0.006;0.993;12277
B315F1;2015/03/08 01:10:58;12277;88;20.0;25.8;2.832;1.329;0.816;1.309;0.006;1.006;12278
B315F1;2015/03/08 01:11:08;12278;91;25.4;26.0;2.625;1.309;0.816;1.290;0.006;1.025;12279
B315F1;2015/03/08 01:11:18;12279;83;28.7;26.3;2.612;1.309;0.812;1.290;0.006;1.006;12280
B315F1;2015/03/08 01:11:28;12280;91;24.5;25.8;2.629;1.325;0.812;1.290;0.000;1.025;12281
B315F1;2015/03/08 01:11:38;12281;78;23.8;26.2;2.838;1.325;0.819;1.290;0.000;1.029;12282
B315F1;2015/03/08 01:11:48;12282;85;22.5;26.2;2.838;1.296;0.819;1.270;0.000;0.996;12283
B315F1;2015/03/08 01:11:58;12283;77;20.3;26.0;2.851;1.296;0.812;1.270;0.000;1.006;12284
B315F1;2015/03/08 01:12:08;12284;78;27.4;26.5;2.748;1.325;0.812;1.270;0.000;1.009;12285
B315F1;2015/03/08 01:12:18;12285;82;24.1;26.5;2.609;1.325;0.816;1.270;0.000;1.016;12286
B315F1;2015/03/08 01:12:28;12286;83;27.7;26.7;2.729;1.287;0.816;1.254;0.000;0.993;12287
B315F1;2015/03/08 01:12:38;12287;89;20.0;26.2;2.812;1.287;0.816;1.254;0.000;0.996;12288
B315F1;2015/03/08 01:12:48;12288;88;21.9;26.5;2.709;1.325;0.816;1.254;0.022;1.009;12289
B315F1;2015/03/08 01:12:58;12289;84;19.0;26.0;2.838;1.325;0.861;1.254;0.022;1.022;12290
B315F1;2015/03/08 01:13:08;12290;82;21.2;26.2;2.619;1.312;0.861;1.261;0.022;1.003;12291
B315F1;2015/03/08 01:13:18;12291;81;22.2;25.8;2.812;1.312;0.819;1.261;0.022;1.000;12292
B315F1;2015/03/08 01:13:28;12292;79;23.5;26.2;2.612;1.325;0.819;1.261;0.000;0.987;12293
B315F1;2015/03/08 01:13:38;12293;82;20.0;25.8;2.819;1.325;0.812;1.261;0.000;0.993;12294
B315F1;2015/03/08 01:13:48;12294;84;23.2;26.2;2.625;1.290;0.812;1.274;0.000;1.019;12295
B315F1;2015/03/08 01:13:58;12295;87;20.0;26.2;2.812;1.290;0.864;1.274;0.000;1.016;12296
B315F1;2015/03/08 01:14:08;12296;88;27.4;27.0;2.764;1.332;0.864;1.274;0.006;1.022;12297
B315F1;2015/03/08 01:14:18;12297;84;21.9;26.2;2.819;1.332;0.835;1.274;0.006;1.000;12298
B315F1;2015/03/08 01:14:28;12298;89;24.8;26.9;2.829;1.316;0.835;1.316;0.006;0.996;12299
B315F1;2015/03/08 01:14:38;12299;83;29.3;26.5;2.654;1.316;0.841;1.316;0.006;1.009;12300
B315F1;2015/03/08 01:14:48;12300;93;26.4;26.9;2.600;1.300;0.841;1.316;0.000;1.019;12301
B315F1;2015/03/08 01:14:58;12301;83;26.7;26.7;2.625;1.300;0.867;1.316;0.000;1.000;12302
B315F1;2015/03/08 01:15:08;12302;83;24.8;26.0;2.593;1.316;0.867;1.274;0.000;0.996;12303
B315F1;2015/03/08 01:15:18;12303;85;19.6;26.0;2.799;1.316;0.825;1.274;0.000;0.980;12304
B315F1;2015/03/08 01:15:28;12304;88;21.6;26.7;2.732;1.316;0.825;1.274;0.006;1.003;12305
B315F1;2015/03/08 01:15:38;12305;83;23.2;26.9;2.635;1.316;0.816;1.274;0.006;0.983;12306
B315F1;2015/03/08 01:15:48;12306;83;20.0;26.9;2.816;1.325;0.816;1.296;0.006;1.003;12307
B315F1;2015/03/08 01:15:58;12307;88;24.1;26.2;2.835;1.325;0.845;1.296;0.006;1.003;12308
B315F1;2015/03/08 01:16:08;12308;78;23.2;26.2;2.758;1.325;0.845;1.296;0.000;1.009;12309
B315F1;2015/03/08 01:16:18;12309;86;24.5;27.0;2.596;1.325;0.870;1.296;0.000;0.987;12310
B315F1;2015/03/08 01:16:28;12310;87;25.1;25.8;2.664;1.316;0.870;1.267;0.000;0.964;12311
B315F1;2015/03/08 01:16:38;12311;80;22.5;26.7;2.641;1.316;0.816;1.267;0.000;0.990;12312
B315F1;2015/03/08 01:16:48;12312;90;22.9;26.7;2.796;1.287;0.816;1.267;0.035;1.012;12313
B315F1;2015/03/08 01:16:58;12313;85;24.1;26.2;2.851;1.287;0.832;1.267;0.035;0.980;12314
B315F1;2015/03/08 01:17:08;12314;88;25.4;26.5;2.838;1.287;0.832;1.241;0.035;0.987;12315
B315F1;2015/03/08 01:17:18;12315;91;21.2;26.3;2.738;1.287;0.816;1.241;0.035;0.970;12316
B315F1;2015/03/08 01:17:28;12316;93;24.5;26.7;2.845;1.300;0.816;1.241;0.003;1.016;12317
B315F1;2015/03/08 01:17:38;12317;83;21.2;26.7;2.670;1.300;0.816;1.241;0.003;0.990;12318
B315F1;2015/03/08 01:17:48;12318;95;21.9;26.3;2.622;1.296;0.816;1.303;0.003;1.019;12319
B315F1;2015/03/08 01:17:58;12319;82;26.4;26.5;2.612;1.296;0.819;1.303;0.003;0.993;12320
B315F1;2015/03/08 01:18:08;12320;84;21.9;26.3;2.622;1.309;0.819;1.303;0.054;1.012;12321
B315F1;2015/03/08 01:18:18;12321;83;26.7;26.2;2.603;1.309;0.819;1.303;0.054;0.980;12322
B315F1;2015/03/08 01:18:28;12322;83;22.2;26.2;2.609;1.335;0.819;1.258;0.054;0.987;12323
B315F1;2015/03/08 01:18:38;12323;89;26.1;26.7;2.703;1.335;0.816;1.258;0.054;1.000;12324
B315F1;2015/03/08 01:18:48;12324;93;21.9;26.9;2.841;1.332;0.816;1.258;0.000;1.022;12325
B315F1;2015/03/08 01:18:58;12325;88;19.6;26.5;2.845;1.332;0.867;1.258;0.000;0.993;12326
B315F1;2015/03/08 01:19:08;12326;86;20.0;26.5;2.803;1.287;0.867;1.300;0.000;1.025;12327
B315F1;2015/03/08 01:19:18;12327;86;19.3;26.2;2.761;1.287;0.819;1.300;0.000;1.019;12328
B315F1;2015/03/08 01:19:28;12328;83;25.8;26.0;2.638;1.300;0.819;1.300;0.000;1.022;12329
B315F1;2015/03/08 01:19:38;12329;93;19.6;26.7;2.712;1.300;0.845;1.300;0.000;1.016;12330
B315F1;2015/03/08 01:19:48;12330;93;19.0;26.2;2.625;1.290;0.845;1.303;0.000;1.041;12331
B315F1;2015/03/08 01:19:58;12331;78;24.1;26.5;2.838;1.290;0.812;1.303;0.000;1.022;12332
B315F1;2015/03/08 01:20:08;12332;81;24.1;26.3;2.816;1.329;0.812;1.303;0.000;0.983;12333
B315F1;2015/03/08 01:20:18;12333;82;18.7;26.9;2.835;1.329;0.812;1.303;0.000;0.990;12334
B315F1;2015/03/08 01:20:28;12334;80;18.7;26.3;2.651;1.287;0.812;1.241;0.000;1.029;12335
B315F1;2015/03/08 01:20:38;12335;88;28.0;26.9;2.622;1.287;0.870;1.241;0.000;1.029;12336
B315F1;2015/03/08 01:20:48;12336;80;21.2;26.2;2.622;1.280;0.870;1.241;0.000;0.996;12337
B315F1;2015/03/08 01:20:58;12337;88;22.5;26.5;2.751;1.280;0.825;1.241;0.000;0.990;12338
B315F1;2015/03/08 01:21:08;12338;93;23.2;26.7;2.764;1.290;0.825;1.245;0.000;1.025;12339
B315F1;2015/03/08 01:21:18;12339;88;24.5;26.7;2.845;1.290;0.819;1.245;0.000;0.983;12340
B315F1;2015/03/08 01:21:28;12340;90;20.6;26.9;2.629;1.312;0.819;1.245;0.054;1.019;12341
B315F1;2015/03/08 01:21:38;12341;88;19.6;26.7;2.751;1.312;0.819;1.245;0.054;1.009;12342
B315F1;2015/03/08 01:21:48;12342;87;24.1;26.3;2.812;1.332;0.819;1.274;0.054;1.006;12343
B315F1;2015/03/08 01:21:58;12343;87;27.0;26.3;2.838;1.332;0.819;1.274;0.054;1.022;12344
B315F1;2015/03/08 01:22:08;12344;88;20.9;26.9;2.803;1.287;0.819;1.274;0.000;1.012;12345
B315F1;2015/03/08 01:22:18;12345;83;22.9;26.0;2.612;1.287;0.851;1.274;0.000;1.012;12346
B315F1;2015/03/08 01:22:28;12346;83;27.0;27.0;2.683;1.332;0.851;1.293;0.000;1.025;12347
B315F1;2015/03/08 01:22:38;12347;87;20.9;25.7;2.612;1.332;0.825;1.293;0.000;1.006;12348
B315F1;2015/03/08 01:22:48;12348;90;22.5;26.5;2.735;1.293;0.825;1.293;0.000;1.012;12349
B315F1;2015/03/08 01:22:58;12349;79;23.5;26.5;2.835;1.293;0.864;1.293;0.000;1.000;12350
B315F1;2015/03/08 01:23:08;12350;93;27.4;26.3;2.790;1.319;0.864;1.280;0.000;0.993;12351
B315F1;2015/03/08 01:23:18;12351;88;24.1;26.0;2.845;1.319;0.874;1.280;0.000;1.003;12352
B315F1;2015/03/08 01:23:28;12352;91;18.7;26.3;2.803;1.316;0.874;1.280;0.035;1.009;12353
B315F1;2015/03/08 01:23:38;12353;90;19.6;25.8;2.751;1.316;0.838;1.280;0.035;1.022;12354
B315F1;2015/03/08 01:23:48;12354;87;21.2;26.5;2.835;1.316;0.838;1.248;0.035;1.006;12355
B315F1;2015/03/08 01:23:58;12355;88;19.6;25.5;2.799;1.316;0.819;1.248;0.035;1.003;12356
B315F1;2015/03/08 01:24:08;12356;93;22.2;26.2;2.777;1.283;0.819;1.248;0.006;0.996;12357
B315F1;2015/03/08 01:24:18;12357;89;27.4;26.3;2.600;1.283;0.867;1.248;0.006;1.000;12358
B315F1;2015/03/08 01:24:28;12358;94;23.5;27.0;2.758;1.287;0.867;1.241;0.006;1.019;12359
B315F1;2015/03/08 01:24:38;12359;87;23.5;26.5;2.712;1.287;0.832;1.241;0.006;1.012;12360
B315F1;2015/03/08 01:24:48;12360;82;28.7;26.7;2.835;1.306;0.832;1.241;0.000;0.983;12361
B315F1;2015/03/08 01:24:58;12361;85;22.5;25.7;2.812;1.306;0.825;1.241;0.000;0.983;12362
B315F1;2015/03/08 01:25:08;12362;93;21.9;26.5;2.625;1.329;0.825;1.232;0.000;1.016;12363
B315F1;2015/03/08 01:25:18;12363;82;25.4;26.5;2.819;1.329;0.819;1.232;0.000;0.980;12364
B315F1;2015/03/08 01:25:28;12364;93;27.7;26.7;2.835;1.287;0.819;1.232;0.006;0.996;12365
B315F1;2015/03/08 01:25:38;12365;93;19.6;27.2;2.845;1.287;0.819;1.232;0.006;0.980;12366
B315F1;2015/03/08 01:25:48;12366;92;22.9;26.7;2.809;1.316;0.819;1.277;0.006;1.012;12367
B315F1;2015/03/08 01:25:58;12367;88;24.5;26.3;2.835;1.316;0.835;1.277;0.006;1.000;12368
B315F1;2015/03/08 01:26:08;12368;87;23.2;26.0;2.612;1.325;0.835;1.277;0.000;1.000;12369
B315F1;2015/03/08 01:26:18;12369;87;25.1;26.9;2.748;1.325;0.825;1.277;0.000;0.993;12370
B315F1;2015/03/08 01:26:28;12370;85;23.5;26.5;2.687;1.306;0.825;1.277;0.000;0.983;12371
B315F1;2015/03/08 01:26:38;12371;88;21.9;26.2;2.832;1.306;0.877;1.277;0.000;0.987;12372
B315F1;2015/03/08 01:26:48;12372;85;21.2;26.3;2.625;1.287;0.877;1.277;0.006;0.996;12373
B315F1;2015/03/08 01:26:58;12373;93;25.4;26.7;2.658;1.287;0.832;1.277;0.006;1.016;12374
B315F1;2015/03/08 01:27:08;12374;95;20.6;26.3;2.609;1.329;0.832;1.280;0.006;0.987;12375
B315F1;2015/03/08 01:27:18;12375;88;18.7;25.8;2.845;1.329;0.861;1.280;0.006;1.029;12376
B315F1;2015/03/08 01:27:28;12376;94;23.2;25.8;2.683;1.287;0.861;1.280;0.009;1.012;12377
B315F1;2015/03/08 01:27:38;12377;88;18.3;26.0;2.764;1.287;0.822;1.280;0.009;0.993;12378
B315F1;2015/03/08 01:27:48;12378;88;19.6;26.5;2.687;1.300;0.822;1.225;0.009;1.000;12379
B315F1;2015/03/08 01:27:58;12379;83;20.9;26.7;2.674;1.300;0.816;1.225;0.009;1.003;12380
B315F1;2015/03/08 01:28:08;12380;95;20.6;26.9;2.783;1.293;0.816;1.225;0.000;0.993;12381
B315F1;2015/03/08 01:28:18;12381;88;22.9;26.7;2.770;1.293;0.822;1.225;0.000;0.974;12382
B315F1;2015/03/08 01:28:28;12382;90;18.7;26.9;2.683;1.280;0.822;1.274;0.000;0.977;12383
B315F1;2015/03/08 01:28:38;12383;91;23.8;26.3;2.632;1.280;0.870;1.274;0.000;1.000;12384
B315F1;2015/03/08 01:28:48;12384;88;22.5;26.2;2.683;1.300;0.870;1.274;0.000;0.983;12385
B315F1;2015/03/08 01:28:58;12385;78;21.9;26.7;2.654;1.300;0.832;1.274;0.000;0.974;12386
B315F1;2015/03/08 01:29:08;12386;88;20.0;26.9;2.825;1.309;0.832;1.216;0.000;1.012;12387
B315F1;2015/03/08 01:29:18;12387;86;22.5;26.9;2.764;1.309;0.835;1.216;0.000;1.009;12388
B315F1;2015/03/08 01:29:28;12388;83;20.9;26.5;2.748;1.280;0.835;1.216;0.054;1.022;12389
B315F1;2015/03/08 01:29:38;12389;91;28.0;26.9;2.712;1.280;0.819;1.216;0.054;1.003;12390
B315F1;2015/03/08 01:29:48;12390;85;19.6;26.9;2.770;1.280;0.819;1.232;0.054;0.983;12391
B315F1;2015/03/08 01:29:58;12391;78;23.5;26.5;2.719;1.280;0.819;1.232;0.054;0.983;12392
B315F1;2015/03/08 01:30:08;12392;81;22.5;26.3;2.619;1.316;0.819;1.232;0.003;1.012;12393
B315F1;2015/03/08 01:30:18;12393;84;21.2;26.2;2.819;1.316;0.845;1.232;0.003;1.009;12394
B315F1;2015/03/08 01:30:28;12394;88;26.1;26.7;2.835;1.303;0.845;1.277;0.003;0.983;12395
B315F1;2015/03/08 01:30:38;12395;86;28.7;26.7;2.603;1.303;0.851;1.277;0.003;1.006;12396
B315F1;2015/03/08 01:30:48;12396;90;27.7;27.0;2.699;1.322;0.851;1.277;0.009;0.990;12397
B315F1;2015/03/08 01:30:58;12397;88;20.9;26.2;2.832;1.322;0.822;1.277;0.009;1.000;12398
B315F1;2015/03/08 01:31:08;12398;87;23.2;26.3;2.612;1.309;0.822;1.238;0.009;1.029;12399
B315F1;2015/03/08 01:31:18;12399;87;24.5;26.3;2.632;1.309;0.877;1.238;0.009;0.993;12400
B315F1;2015/03/08 01:31:28;12400;86;25.4;26.2;2.600;1.300;0.877;1.238;0.006;1.016;12401
B315F1;2015/03/08 01:31:38;12401;83;25.1;26.5;2.738;1.300;0.861;1.238;0.006;1.029;12402
B315F1;2015/03/08 01:31:48;12402;88;21.9;26.5;2.625;1.283;0.861;1.309;0.006;1.035;12403
B315F1;2015/03/08 01:31:58;12403;87;21.2;25.7;2.825;1.283;0.819;1.309;0.006;0.987;12404
B315F1;2015/03/08 01:32:08;12404;91;26.1;26.3;2.816;1.296;0.819;1.309;0.022;0.990;12405
B315F1;2015/03/08 01:32:18;12405;89;20.0;25.8;2.838;1.296;0.816;1.309;0.022;0.993;12406
B315F1;2015/03/08 01:32:28;12406;89;23.2;26.2;2.619;1.332;0.816;1.254;0.022;0.993;12407
B315F1;2015/03/08 01:32:38;12407;88;25.4;26.5;2.661;1.332;0.816;1.254;0.022;1.025;12408
B315F1;2015/03/08 01:32:48;12408;88;21.9;26.0;2.706;1.309;0.816;1.254;0.009;1.003;12409
B315F1;2015/03/08 01:32:58;12409;85;22.2;26.3;2.658;1.309;0.825;1.254;0.009;1.035;12410
B315F1;2015/03/08 01:33:08;12410;86;24.1;25.5;2.609;1.319;0.825;1.300;0.009;0.987;12411
B315F1;2015/03/08 01:33:18;12411;93;26.1;26.5;2.622;1.319;0.861;1.300;0.009;1.025;12412
B315F1;2015/03/08 01:33:28;12412;93;20.6;26.2;2.635;1.303;0.861;1.300;0.003;1.035;12413
B315F1;2015/03/08 01:33:38;12413;81;21.6;25.7;2.790;1.303;0.816;1.300;0.003;1.009;12414
B315F1;2015/03/08 01:33:48;12414;89;23.5;26.3;2.683;1.309;0.816;1.251;0.003;1.006;12415
B315F1;2015/03/08 01:33:58;12415;88;24.5;26.0;2.738;1.309;0.874;1.251;0.003;1.012;12416
B315F1;2015/03/08 01:34:08;12416;88;27.0;26.0;2.593;1.287;0.874;1.251;0.003;1.029;12417
B315F1;2015/03/08 01:34:18;12417;88;21.9;26.3;2.651;1.287;0.816;1.251;0.003;0.980;12418
B315F1;2015/03/08 01:34:28;12418;94;22.9;26.2;2.799;1.325;0.816;1.277;0.003;1.003;12419
B315F1;2015/03/08 01:34:38;12419;86;21.2;26.0;2.835;1.325;0.812;1.277;0.003;1.016;12420
B315F1;2015/03/08 01:34:48;12420;88;20.0;26.5;2.825;1.309;0.812;1.277;0.006;1.025;12421
B315F1;2015/03/08 01:34:58;12421;88;21.9;26.7;2.677;1.309;0.816;1.277;0.006;0.996;12422
B315F1;2015/03/08 01:35:08;12422;88;21.6;26.7;2.770;1.316;0.816;1.303;0.006;1.003;12423
B315F1;2015/03/08 01:35:18;12423;80;18.7;26.7;2.832;1.316;0.832;1.303;0.006;1.012;12424
B315F1;2015/03/08 01:35:28;12424;93;20.0;26.9;2.819;1.293;0.832;1.303;0.000;0.996;12425
B315F1;2015/03/08 01:35:38;12425;85;28.0;26.9;2.632;1.293;0.870;1.303;0.000;1.035;12426
B315F1;2015/03/08 01:35:48;12426;86;25.8;25.8;2.806;1.293;0.870;1.258;0.000;0.993;12427
B315F1;2015/03/08 01:35:58;12427;85;27.0;26.2;2.777;1.293;0.867;1.258;0.000;0.993;12428
B315F1;2015/03/08 01:36:08;12428;91;21.2;26.2;2.690;1.309;0.867;1.258;0.000;1.025;12429
B315F1;2015/03/08 01:36:18;12429;89;24.5;26.7;2.625;1.309;0.812;1.258;0.000;1.019;12430
B315F1;2015/03/08 01:36:28;12430;92;23.5;26.5;2.835;1.303;0.812;1.280;0.000;1.016;12431
B315F1;2015/03/08 01:36:38;12431;79;24.5;26.3;2.812;1.303;0.816;1.280;0.000;1.003;12432
B315F1;2015/03/08 01:36:48;12432;93;19.3;26.2;2.661;1.296;0.816;1.280;0.041;1.006;12433
B315F1;2015/03/08 01:36:58;12433;88;24.1;26.5;2.616;1.296;0.816;1.280;0.041;1.016;12434
B315F1;2015/03/08 01:37:08;12434;88;20.0;26.2;2.783;1.300;0.816;1.232;0.041;1.006;12435
B315F1;2015/03/08 01:37:18;12435;88;24.1;26.9;2.629;1.300;0.816;1.232;0.041;1.003;12436
B315F1;2015/03/08 01:37:28;12436;88;19.6;26.3;2.674;1.312;0.816;1.232;0.000;1.016;12437
B315F1;2015/03/08 01:37:38;12437;77;18.7;26.3;2.735;1.312;0.874;1.232;0.000;0.993;12438
B315F1;2015/03/08 01:37:48;12438;91;20.6;26.5;2.709;1.309;0.874;1.280;0.000;1.035;12439
B315F1;2015/03/08 01:37:58;12439;91;19.3;25.7;2.845;1.309;0.816;1.280;0.000;0.996;12440
B315F1;2015/03/08 01:38:08;12440;92;18.7;26.7;2.783;1.283;0.816;1.280;0.000;1.016;12441
B315F1;2015/03/08 01:38:18;12441;75;23.5;26.5;2.735;1.283;0.835;1.280;0.000;1.035;12442
B315F1;2015/03/08 01:38:28;12442;86;20.0;26.5;2.783;1.280;0.835;1.251;0.000;1.022;12443
B315F1;2015/03/08 01:38:38;12443;93;22.5;26.7;2.632;1.280;0.819;1.251;0.000;1.041;12444
B315F1;2015/03/08 01:38:48;12444;88;24.5;25.7;2.641;1.300;0.819;1.251;0.000;1.035;12445
B315F1;2015/03/08 01:38:58;12445;92;28.7;26.5;2.619;1.300;0.816;1.251;0.000;1.022;12446
B315F1;2015/03/08 01:39:08;12446;78;21.9;26.2;2.732;1.309;0.816;1.274;0.000;1.009;12447
B315F1;2015/03/08 01:39:18;12447;86;21.9;26.0;2.812;1.309;0.864;1.274;0.000;1.003;12448
B315F1;2015/03/08 01:39:28;12448;83;19.0;26.5;2.654;1.287;0.864;1.274;0.003;1.000;12449
B315F1;2015/03/08 01:39:38;12449;87;26.4;26.2;2.629;1.287;0.864;1.274;0.003;1.016;12450
B315F1;2015/03/08 01:39:48;12450;84;26.7;26.5;2.612;1.280;0.864;1.319;0.003;1.025;12451
B315F1;2015/03/08 01:39:58;12451;86;21.9;26.3;2.648;1.280;0.816;1.319;0.003;1.006;12452
B315F1;2015/03/08 01:40:08;12452;88;23.5;26.3;2.790;1.332;0.816;1.319;0.006;1.016;12453
B315F1;2015/03/08 01:40:18;12453;90;28.7;26.5;2.629;1.332;0.825;1.319;0.006;1.035;12454
B315F1;2015/03/08 01:40:28;12454;84;21.2;26.2;2.716;1.293;0.825;1.287;0.006;1.045;12455
B315F1;2015/03/08 01:40:38;12455;84;24.5;26.3;2.641;1.293;0.819;1.287;0.006;1.012;12456
B315F1;2015/03/08 01:40:48;12456;87;26.1;26.0;2.629;1.280;0.819;1.287;0.006;1.016;12457
B315F1;2015/03/08 01:40:58;12457;90;22.9;26.3;2.661;1.280;0.867;1.287;0.006;1.012;12458
B315F1;2015/03/08 01:41:08;12458;90;19.6;26.2;2.600;1.280;0.867;1.332;0.006;1.003;12459
B315F1;2015/03/08 01:41:18;12459;88;19.0;26.7;2.751;1.280;0.819;1.332;0.006;0.996;12460
B315F1;2015/03/08 01:41:28;12460;85;27.4;26.5;2.838;1.280;0.819;1.332;0.000;0.983;12461
B315F1;2015/03/08 01:41:38;12461;87;26.7;26.3;2.625;1.280;0.838;1.332;0.000;0.974;12462
B315F1;2015/03/08 01:41:48;12462;91;22.2;26.3;2.612;1.280;0.838;1.258;0.000;0.974;12463
B315F1;2015/03/08 01:41:58;12463;88;20.6;26.7;2.712;1.280;0.816;1.258;0.000;1.032;12464
B315F1;2015/03/08 01:42:08;12464;87;21.2;26.5;2.622;1.309;0.816;1.258;0.009;0.983;12465
B315F1;2015/03/08 01:42:18;12465;88;20.9;26.0;2.783;1.309;0.812;1.258;0.009;0.980;12466
B315F1;2015/03/08 01:42:28;12466;93;23.5;26.5;2.774;1.316;0.812;1.309;0.009;0.993;12467
B315F1;2015/03/08 01:42:38;12467;91;21.6;26.2;2.845;1.316;0.812;1.309;0.009;0.993;12468
B315F1;2015/03/08 01:42:48;12468;87;24.1;25.7;2.606;1.280;0.812;1.309;0.006;1.019;12469
B315F1;2015/03/08 01:42:58;12469;90;18.3;26.2;2.758;1.280;0.832;1.309;0.006;1.016;12470
B315F1;2015/03/08 01:43:08;12470;86;21.6;26.7;2.641;1.293;0.832;1.306;0.006;0.983;12471
B315F1;2015/03/08 01:43:18;12471;89;20.9;26.2;2.825;1.293;0.829;1.306;0.006;1.006;12472
B315F1;2015/03/08 01:43:28;12472;89;19.6;26.5;2.796;1.290;0.829;1.306;0.000;1.000;12473
B315F1;2015/03/08 01:43:38;12473;77;25.4;26.3;2.616;1.290;0.816;1.306;0.000;0.980;12474
B315F1;2015/03/08 01:43:48;12474;92;21.2;26.2;2.706;1.300;0.816;1.303;0.000;1.032;12475
B315F1;2015/03/08 01:43:58;12475;88;22.2;26.7;2.835;1.300;0.825;1.303;0.000;1.003;12476
B315F1;2015/03/08 01:44:08;12476;84;20.6;26.9;2.635;1.293;0.825;1.303;0.000;0.983;12477
B315F1;2015/03/08 01:44:18;12477;88;21.6;27.0;2.616;1.293;0.812;1.303;0.000;1.000;12478
B315F1;2015/03/08 01:44:28;12478;81;26.7;27.0;2.835;1.319;0.812;1.261;0.000;1.003;12479
B315F1;2015/03/08 01:44:38;12479;88;19.6;26.0;2.851;1.319;0.867;1.261;0.000;1.000;12480
B315F1;2015/03/08 01:44:48;12480;88;23.2;26.9;2.783;1.319;0.867;1.261;0.006;1.012;12481
B315F1;2015/03/08 01:44:58;12481;88;21.9;26.7;2.664;1.319;0.867;1.261;0.006;0.996;12482
B315F1;2015/03/08 01:45:08;12482;81;25.4;25.7;2.609;1.296;0.867;1.290;0.006;1.035;12483
B315F1;2015/03/08 01:45:18;12483;79;22.5;26.3;2.619;1.296;0.838;1.290;0.006;1.000;12484
B315F1;2015/03/08 01:45:28;12484;84;27.4;26.5;2.835;1.300;0.838;1.290;0.000;1.029;12485
B315F1;2015/03/08 01:45:38;12485;87;26.7;26.2;2.732;1.300;0.816;1.290;0.000;0.993;12486
B315F1;2015/03/08 01:45:48;12486;93;27.0;26.7;2.841;1.300;0.816;1.270;0.000;0.987;12487
B315F1;2015/03/08 01:45:58;12487;93;25.8;26.2;2.616;1.300;0.835;1.270;0.000;0.993;12488
B315F1;2015/03/08 01:46:08;12488;85;28.0;26.2;2.606;1.303;0.835;1.270;0.009;1.029;12489
B315F1;2015/03/08 01:46:18;12489;92;24.5;26.3;2.625;1.303;0.816;1.270;0.009;1.038;12490
B315F1;2015/03/08 01:46:28;12490;77;21.2;26.5;2.761;1.300;0.816;1.248;0.009;1.000;12491
B315F1;2015/03/08 01:46:38;12491;86;19.6;26.3;2.758;1.300;0.867;1.248;0.009;1.000;12492
B315F1;2015/03/08 01:46:48;12492;88;22.9;27.0;2.764;1.316;0.867;1.248;0.000;1.019;12493
B315F1;2015/03/08 01:46:58;12493;89;27.4;26.7;2.799;1.316;0.867;1.248;0.000;1.029;12494
B315F1;2015/03/08 01:47:08;12494;87;27.7;26.5;2.829;1.283;0.867;1.274;0.000;1.006;12495
B315F1;2015/03/08 01:47:18;12495;85;25.8;26.2;2.616;1.283;0.870;1.274;0.000;1.003;12496
B315F1;2015/03/08 01:47:28;12496;88;21.9;26.7;2.625;1.325;0.870;1.274;0.000;1.012;12497
B315F1;2015/03/08 01:47:38;12497;91;22.5;26.3;2.648;1.325;0.864;1.274;0.000;1.022;12498
B315F1;2015/03/08 01:47:48;12498;93;25.4;27.2;2.609;1.322;0.864;1.274;0.000;1.022;12499
B315F1;2015/03/08 01:47:58;12499;83;25.1;26.3;2.845;1.322;0.825;1.274;0.000;1.029;12500
B315F1;2015/03/08 01:48:08;12500;87;27.0;26.9;2.593;1.287;0.825;1.274;0.009;1.022;12501
B315F1;2015/03/08 01:48:18;12501;84;25.4;26.5;2.806;1.287;0.816;1.274;0.009;0.987;12502
B315F1;2015/03/08 01:48:28;12502;83;29.3;25.8;2.835;1.283;0.816;1.251;0.009;1.025;12503
B315F1;2015/03/08 01:48:38;12503;84;20.9;27.0;2.616;1.283;0.864;1.251;0.009;1.016;12504
B315F1;2015/03/08 01:48:48;12504;96;22.5;26.9;2.783;1.283;0.864;1.251;0.006;0.996;12505
B315F1;2015/03/08 01:48:58;12505;80;24.8;26.5;2.838;1.283;0.841;1.251;0.006;1.000;12506
B315F1;2015/03/08 01:49:08;12506;88;21.9;25.8;2.603;1.283;0.841;1.245;0.006;1.029;12507
B315F1;2015/03/08 01:49:18;12507;86;19.0;27.0;2.745;1.283;0.864;1.245;0.006;0.993;12508
B315F1;2015/03/08 01:49:28;12508;84;20.0;26.5;2.841;1.293;0.864;1.245;0.006;1.022;12509
B315F1;2015/03/08 01:49:38;12509;92;24.5;26.9;2.732;1.293;0.812;1.245;0.006;1.032;12510
B315F1;2015/03/08 01:49:48;12510;85;19.6;26.3;2.600;1.319;0.812;1.296;0.006;0.990;12511
B315F1;2015/03/08 01:49:58;12511;86;23.2;26.3;2.641;1.319;0.809;1.296;0.006;1.035;12512
B315F1;2015/03/08 01:50:08;12512;88;21.6;26.5;2.735;1.290;0.809;1.296;0.009;1.016;12513
B315F1;2015/03/08 01:50:18;12513;78;20.6;27.0;2.625;1.290;0.822;1.296;0.009;1.032;12514
B315F1;2015/03/08 01:50:28;12514;83;27.0;26.9;2.829;1.319;0.822;1.280;0.009;1.016;12515
B315F1;2015/03/08 01:50:38;12515;84;25.4;26.5;2.683;1.319;0.812;1.280;0.009;1.000;12516
B315F1;2015/03/08 01:50:48;12516;88;21.9;26.7;2.619;1.309;0.812;1.280;0.009;1.019;12517
B315F1;2015/03/08 01:50:58;12517;90;23.5;26.7;2.606;1.309;0.812;1.280;0.009;1.006;12518
B315F1;2015/03/08 01:51:08;12518;94;22.2;26.5;2.751;1.283;0.812;1.267;0.009;1.025;12519
B315F1;2015/03/08 01:51:18;12519;81;25.8;26.7;2.729;1.283;0.867;1.267;0.009;1.054;12520
B315F1;2015/03/08 01:51:28;12520;93;25.1;26.9;2.812;1.300;0.867;1.267;0.000;1.038;12521
B315F1;2015/03/08 01:51:38;12521;86;21.9;26.5;2.777;1.300;0.812;1.267;0.000;1.003;12522
B315F1;2015/03/08 01:51:48;12522;83;24.1;26.0;2.812;1.322;0.812;1.277;0.000;1.054;12523
B315F1;2015/03/08 01:51:58;12523;93;28.7;26.2;2.774;1.322;0.812;1.277;0.000;1.012;12524
B315F1;2015/03/08 01:52:08;12524;90;19.3;26.7;2.641;1.300;0.812;1.277;0.006;1.000;12525
B315F1;2015/03/08 01:52:18;12525;87;20.9;25.8;2.799;1.300;0.812;1.277;0.006;1.006;12526
B315F1;2015/03/08 01:52:28;12526;86;27.0;26.7;2.719;1.293;0.812;1.254;0.006;1.041;12527
B315F1;2015/03/08 01:52:38;12527;82;22.5;26.2;2.816;1.293;0.861;1.254;0.006;1.048;12528
B315F1;2015/03/08 01:52:48;12528;80;20.0;26.5;2.841;1.296;0.861;1.254;0.009;1.038;12529
B315F1;2015/03/08 01:52:58;12529;93;19.6;26.2;2.783;1.296;0.825;1.254;0.009;1.038;12530
B315F1;2015/03/08 01:53:08;12530;82;25.4;27.0;2.838;1.303;0.825;1.290;0.009;1.019;12531
B315F1;2015/03/08 01:53:18;12531;84;23.8;26.9;2.641;1.303;0.838;1.290;0.009;1.012;12532
B315F1;2015/03/08 01:53:28;12532;83;26.1;26.2;2.845;1.325;0.838;1.290;0.006;1.022;12533
B315F1;2015/03/08 01:53:38;12533;92;20.9;26.5;2.706;1.325;0.822;1.290;0.006;1.032;12534
B315F1;2015/03/08 01:53:48;12534;85;19.6;26.9;2.641;1.306;0.822;1.261;0.006;1.025;12535
B315F1;2015/03/08 01:53:58;12535;81;23.2;26.9;2.764;1.306;0.864;1.261;0.006;1.022;12536
B315F1;2015/03/08 01:54:08;12536;80;27.4;26.9;2.670;1.309;0.864;1.261;0.000;1.003;12537
B315F1;2015/03/08 01:54:18;12537;78;24.1;26.0;2.622;1.309;0.812;1.261;0.000;1.025;12538
B315F1;2015/03/08 01:54:28;12538;94;20.0;26.2;2.745;1.316;0.812;1.325;0.000;1.016;12539
B315F1;2015/03/08 01:54:38;12539;88;29.3;26.5;2.609;1.316;0.835;1.325;0.000;1.006;12540
B315F1;2015/03/08 01:54:48;12540;83;21.6;26.5;2.625;1.280;0.835;1.325;0.000;1.041;12541
B315F1;2015/03/08 01:54:58;12541;84;21.9;25.7;2.819;1.280;0.816;1.325;0.000;1.045;12542
B315F1;2015/03/08 01:55:08;12542;83;21.9;26.2;2.758;1.283;0.816;1.332;0.000;1.035;12543
B315F1;2015/03/08 01:55:18;12543;88;26.7;26.5;2.625;1.283;0.864;1.332;0.000;1.025;12544
B315F1;2015/03/08 01:55:28;12544;94;21.6;26.5;2.693;1.300;0.864;1.332;0.054;1.009;12545
B315F1;2015/03/08 01:55:38;12545;93;21.6;26.3;2.845;1.300;0.858;1.332;0.054;1.045;12546
B315F1;2015/03/08 01:55:48;12546;87;20.0;26.3;2.809;1.280;0.858;1.267;0.054;1.048;12547
B315F1;2015/03/08 01:55:58;12547;83;29.6;26.2;2.616;1.280;0.809;1.267;0.054;1.022;12548
B315F1;2015/03/08 01:56:08;12548;85;19.0;26.2;2.593;1.300;0.809;1.267;0.000;1.016;12549
B315F1;2015/03/08 01:56:18;12549;91;23.2;26.7;2.661;1.300;0.858;1.267;0.000;1.048;12550
B315F1;2015/03/08 01:56:28;12550;86;20.6;26.2;2.719;1.283;0.858;1.309;0.000;1.038;12551
B315F1;2015/03/08 01:56:38;12551;88;27.0;26.5;2.812;1.283;0.825;1.309;0.000;1.025;12552
B315F1;2015/03/08 01:56:48;12552;84;24.5;26.7;2.783;1.319;0.825;1.309;0.000;1.012;12553
B315F1;2015/03/08 01:56:58;12553;80;22.9;26.2;2.845;1.319;0.809;1.309;0.000;1.035;12554
B315F1;2015/03/08 01:57:08;12554;79;27.0;27.0;2.790;1.312;0.809;1.296;0.000;1.038;12555
B315F1;2015/03/08 01:57:18;12555;83;28.7;26.0;2.774;1.312;0.861;1.296;0.000;1.032;12556
B315F1;2015/03/08 01:57:28;12556;78;20.0;26.5;2.774;1.300;0.861;1.296;0.006;1.016;12557
B315F1;2015/03/08 01:57:38;12557;88;19.6;26.3;2.722;1.300;0.819;1.296;0.006;1.009;12558
B315F1;2015/03/08 01:57:48;12558;82;20.0;26.5;2.764;1.296;0.819;1.293;0.006;1.006;12559
B315F1;2015/03/08 01:57:58;12559;81;20.0;25.5;2.606;1.296;0.812;1.293;0.006;1.012;12560
B315F1;2015/03/08 01:58:08;12560;92;26.1;26.0;2.612;1.283;0.812;1.293;0.016;1.041;12561
B315F1;2015/03/08 01:58:18;12561;78;23.8;26.2;2.629;1.283;0.861;1.293;0.016;1.006;12562
B315F1;2015/03/08 01:58:28;12562;90;24.1;25.7;2.690;1.303;0.861;1.300;0.016;0.996;12563
B315F1;2015/03/08 01:58:38;12563;87;20.0;26.2;2.845;1.303;0.812;1.300;0.016;0.987;12564
B315F1;2015/03/08 01:58:48;12564;88;20.3;26.5;2.732;1.287;0.812;1.300;0.009;1.035;12565
B315F1;2015/03/08 01:58:58;12565;88;29.6;26.0;2.603;1.287;0.806;1.300;0.009;1.019;12566
B315F1;2015/03/08 01:59:08;12566;91;28.7;25.7;2.841;1.303;0.806;1.316;0.009;0.993;12567
B315F1;2015/03/08 01:59:18;12567;83;21.9;26.7;2.787;1.303;0.829;1.316;0.009;1.029;12568
B315F1;2015/03/08 01:59:28;12568;92;23.5;26.3;2.658;1.283;0.829;1.316;0.003;1.006;12569
B315F1;2015/03/08 01:59:38;12569;89;25.8;26.0;2.632;1.283;0.819;1.316;0.003;1.012;12570
B315F1;2015/03/08 01:59:48;12570;89;21.2;26.5;2.693;1.280;0.819;1.332;0.003;0.990;12571
B315F1;2015/03/08 01:59:58;12571;78;22.9;25.8;2.819;1.280;0.812;1.332;0.003;0.993;12572
B315F1;2015/03/08 02:00:08;12572;78;19.6;26.2;2.648;1.287;0.812;1.332;0.025;1.035;12573
B315F1;2015/03/08 02:00:18;12573;83;28.7;26.2;2.619;1.287;0.832;1.332;0.025;1.029;12574
B315F1;2015/03/08 02:00:28;12574;91;24.5;26.0;2.625;1.325;0.832;1.322;0.025;1.032;12575
