B516D9;2015/03/02 00:00:00;18790;85;29.6;26.9;2.622;1.699;1.093;1.954;0.132;0.406;18791
B516D9;2015/03/02 00:00:10;18791;93;24.1;27.0;2.538;1.699;1.109;1.954;0.132;0.409;18792
B516D9;2015/03/02 00:00:20;18792;88;29.0;26.7;2.722;1.712;1.109;1.954;0.087;0.429;18793
B516D9;2015/03/02 00:00:30;18793;88;24.1;26.9;2.645;1.712;1.099;1.954;0.087;0.409;18794
B516D9;2015/03/02 00:00:40;18794;82;28.3;26.9;2.538;1.722;1.099;1.974;0.087;0.429;18795
B516D9;2015/03/02 00:00:50;18795;88;26.7;26.3;2.658;1.722;1.138;1.974;0.087;0.393;18796
B516D9;2015/03/02 00:01:00;18796;97;32.5;26.7;2.516;1.706;1.138;1.974;0.099;0.422;18797
B516D9;2015/03/02 00:01:10;18797;93;24.5;26.9;2.519;1.706;1.161;1.974;0.099;0.409;18798
B516D9;2015/03/02 00:01:20;18798;83;27.7;26.3;2.722;1.732;1.161;1.967;0.099;0.422;18799
B516D9;2015/03/02 00:01:30;18799;92;29.6;26.7;2.651;1.732;1.106;1.967;0.099;0.396;18800
B516D9;2015/03/02 00:01:40;18800;88;32.5;27.0;2.529;1.725;1.106;1.967;0.090;0.429;18801
B516D9;2015/03/02 00:01:50;18801;95;26.1;26.9;2.487;1.725;1.096;1.967;0.090;0.416;18802
B516D9;2015/03/02 00:02:00;18802;92;26.7;26.7;2.493;1.741;1.096;1.970;0.090;0.409;18803
B516D9;2015/03/02 00:02:10;18803;90;28.3;26.9;2.493;1.741;1.151;1.970;0.090;0.409;18804
B516D9;2015/03/02 00:02:20;18804;92;32.9;26.7;2.529;1.745;1.151;1.970;0.093;0.393;18805
B516D9;2015/03/02 00:02:30;18805;87;26.7;26.3;2.622;1.745;1.148;1.970;0.093;0.393;18806
B516D9;2015/03/02 00:02:40;18806;91;28.3;27.0;2.493;1.735;1.148;1.948;0.093;0.409;18807
B516D9;2015/03/02 00:02:50;18807;82;23.8;26.9;2.483;1.735;1.154;1.948;0.093;0.393;18808
B516D9;2015/03/02 00:03:00;18808;82;25.1;26.7;2.480;1.741;1.154;1.948;0.099;0.416;18809
B516D9;2015/03/02 00:03:10;18809;80;30.9;26.5;2.470;1.741;1.099;1.948;0.099;0.399;18810
B516D9;2015/03/02 00:03:20;18810;83;32.5;26.7;2.564;1.703;1.099;2.009;0.099;0.419;18811
B516D9;2015/03/02 00:03:30;18811;85;26.7;26.5;2.725;1.703;1.119;2.009;0.099;0.422;18812
B516D9;2015/03/02 00:03:40;18812;95;24.1;26.2;2.506;1.716;1.119;2.009;0.138;0.399;18813
B516D9;2015/03/02 00:03:50;18813;87;23.8;26.9;2.625;1.716;1.096;2.009;0.138;0.422;18814
B516D9;2015/03/02 00:04:00;18814;96;29.6;27.0;2.519;1.703;1.096;2.009;0.138;0.438;18815
B516D9;2015/03/02 00:04:10;18815;80;31.9;26.5;2.483;1.703;1.099;2.009;0.138;0.416;18816
B516D9;2015/03/02 00:04:20;18816;81;27.0;27.0;2.467;1.706;1.099;2.009;0.161;0.399;18817
B516D9;2015/03/02 00:04:30;18817;84;28.0;27.0;2.483;1.706;1.096;2.009;0.161;0.422;18818
B516D9;2015/03/02 00:04:40;18818;88;31.6;26.9;2.716;1.729;1.096;2.000;0.161;0.441;18819
B516D9;2015/03/02 00:04:50;18819;83;29.6;26.2;2.729;1.729;1.096;2.000;0.161;0.406;18820
B516D9;2015/03/02 00:05:00;18820;81;27.0;26.9;2.629;1.712;1.096;2.000;0.145;0.403;18821
B516D9;2015/03/02 00:05:10;18821;88;29.0;26.7;2.487;1.712;1.096;2.000;0.145;0.406;18822
B516D9;2015/03/02 00:05:20;18822;85;28.3;26.7;2.622;1.725;1.096;1.980;0.145;0.422;18823
B516D9;2015/03/02 00:05:30;18823;81;23.8;27.2;2.690;1.725;1.112;1.980;0.145;0.416;18824
B516D9;2015/03/02 00:05:40;18824;91;32.5;26.9;2.658;1.748;1.112;1.980;0.070;0.422;18825
B516D9;2015/03/02 00:05:50;18825;90;30.9;26.7;2.719;1.748;1.112;1.980;0.070;0.438;18826
B516D9;2015/03/02 00:06:00;18826;93;24.5;26.5;2.474;1.716;1.112;1.980;0.070;0.422;18827
B516D9;2015/03/02 00:06:10;18827;87;24.8;26.5;2.703;1.716;1.096;1.980;0.070;0.438;18828
B516D9;2015/03/02 00:06:21;18828;95;28.0;27.0;2.632;1.745;1.096;1.980;0.180;0.435;18829
B516D9;2015/03/02 00:06:30;18829;87;24.5;26.7;2.651;1.745;1.106;1.980;0.180;0.409;18830
B516D9;2015/03/02 00:06:40;18830;95;31.2;26.9;2.709;1.706;1.106;1.954;0.180;0.403;18831
B516D9;2015/03/02 00:06:50;18831;88;27.7;26.2;2.690;1.706;1.119;1.954;0.180;0.435;18832
B516D9;2015/03/02 00:07:00;18832;89;25.1;26.5;2.706;1.745;1.119;1.954;0.116;0.429;18833
B516D9;2015/03/02 00:07:10;18833;91;25.4;27.0;2.551;1.745;1.103;1.954;0.116;0.422;18834
B516D9;2015/03/02 00:07:20;18834;92;29.6;26.9;2.596;1.729;1.103;1.990;0.116;0.406;18835
B516D9;2015/03/02 00:07:30;18835;92;32.5;26.5;2.670;1.729;1.103;1.990;0.116;0.406;18836
B516D9;2015/03/02 00:07:40;18836;78;32.2;27.0;2.532;1.706;1.103;1.990;0.148;0.422;18837
B516D9;2015/03/02 00:07:50;18837;78;24.5;27.2;2.629;1.706;1.099;1.990;0.148;0.399;18838
B516D9;2015/03/02 00:08:00;18838;91;28.0;27.4;2.519;1.738;1.099;1.945;0.148;0.419;18839
B516D9;2015/03/02 00:08:10;18839;83;27.4;26.9;2.541;1.738;1.096;1.945;0.148;0.416;18840
B516D9;2015/03/02 00:08:20;18840;95;27.4;26.5;2.483;1.725;1.096;1.945;0.096;0.429;18841
B516D9;2015/03/02 00:08:30;18841;83;27.0;27.0;2.487;1.725;1.151;1.945;0.096;0.409;18842
B516D9;2015/03/02 00:08:40;18842;97;26.1;26.9;2.490;1.716;1.151;1.948;0.096;0.399;18843
B516D9;2015/03/02 00:08:50;18843;83;31.2;26.9;2.493;1.716;1.129;1.948;0.096;0.406;18844
B516D9;2015/03/02 00:09:00;18844;91;25.1;26.9;2.477;1.745;1.129;1.948;0.083;0.416;18845
B516D9;2015/03/02 00:09:10;18845;88;30.0;27.0;2.719;1.745;1.145;1.948;0.083;0.422;18846
B516D9;2015/03/02 00:09:20;18846;88;27.7;26.9;2.722;1.751;1.145;1.983;0.083;0.399;18847
B516D9;2015/03/02 00:09:30;18847;82;31.6;27.2;2.693;1.751;1.096;1.983;0.083;0.403;18848
B516D9;2015/03/02 00:09:40;18848;96;28.0;27.4;2.658;1.706;1.096;1.983;0.096;0.399;18849
B516D9;2015/03/02 00:09:50;18849;91;23.8;27.0;2.729;1.706;1.132;1.983;0.096;0.399;18850
B516D9;2015/03/02 00:10:00;18850;93;26.7;27.2;2.503;1.703;1.132;1.996;0.096;0.409;18851
B516D9;2015/03/02 00:10:10;18851;93;27.7;26.2;2.658;1.703;1.099;1.996;0.096;0.435;18852
B516D9;2015/03/02 00:10:20;18852;84;28.0;27.0;2.525;1.748;1.099;1.996;0.074;0.406;18853
B516D9;2015/03/02 00:10:30;18853;77;28.3;26.9;2.519;1.748;1.099;1.996;0.074;0.399;18854
B516D9;2015/03/02 00:10:40;18854;88;29.3;27.0;2.590;1.729;1.099;1.958;0.074;0.422;18855
B516D9;2015/03/02 00:10:50;18855;92;26.1;27.6;2.574;1.729;1.138;1.958;0.074;0.416;18856
B516D9;2015/03/02 00:11:00;18856;94;26.4;26.5;2.603;1.709;1.138;1.958;0.116;0.406;18857
B516D9;2015/03/02 00:11:10;18857;87;24.1;26.7;2.532;1.709;1.164;1.958;0.116;0.416;18858
B516D9;2015/03/02 00:11:20;18858;85;29.3;27.0;2.506;1.722;1.164;1.990;0.116;0.412;18859
B516D9;2015/03/02 00:11:30;18859;83;24.1;27.2;2.532;1.722;1.103;1.990;0.116;0.399;18860
B516D9;2015/03/02 00:11:40;18860;77;30.0;27.0;2.696;1.722;1.103;1.990;0.087;0.451;18861
B516D9;2015/03/02 00:11:50;18861;84;30.3;26.9;2.483;1.722;1.103;1.990;0.087;0.399;18862
B516D9;2015/03/02 00:12:00;18862;92;24.8;26.2;2.716;1.732;1.103;1.958;0.087;0.429;18863
B516D9;2015/03/02 00:12:10;18863;92;25.4;26.9;2.574;1.732;1.103;1.958;0.087;0.399;18864
B516D9;2015/03/02 00:12:20;18864;91;29.6;27.4;2.609;1.712;1.103;1.958;0.116;0.406;18865
B516D9;2015/03/02 00:12:30;18865;90;26.4;26.9;2.496;1.712;1.164;1.958;0.116;0.416;18866
B516D9;2015/03/02 00:12:40;18866;84;31.2;26.9;2.677;1.754;1.164;2.003;0.116;0.441;18867
B516D9;2015/03/02 00:12:50;18867;80;24.8;26.2;2.606;1.754;1.164;2.003;0.116;0.419;18868
B516D9;2015/03/02 00:13:00;18868;94;26.7;27.2;2.519;1.716;1.164;2.003;0.083;0.399;18869
B516D9;2015/03/02 00:13:10;18869;94;24.5;27.0;2.519;1.716;1.122;2.003;0.083;0.406;18870
B516D9;2015/03/02 00:13:20;18870;86;30.3;26.7;2.532;1.745;1.122;1.954;0.083;0.399;18871
B516D9;2015/03/02 00:13:30;18871;81;28.3;27.0;2.474;1.745;1.154;1.954;0.083;0.409;18872
B516D9;2015/03/02 00:13:40;18872;81;24.1;26.9;2.480;1.709;1.154;1.954;0.090;0.435;18873
B516D9;2015/03/02 00:13:50;18873;93;28.0;26.5;2.487;1.709;1.103;1.954;0.090;0.409;18874
B516D9;2015/03/02 00:14:00;18874;83;27.0;26.5;2.503;1.741;1.103;1.951;0.090;0.441;18875
B516D9;2015/03/02 00:14:10;18875;89;26.7;26.2;2.658;1.741;1.106;1.951;0.090;0.438;18876
B516D9;2015/03/02 00:14:20;18876;81;25.4;27.2;2.590;1.722;1.106;1.951;0.077;0.438;18877
B516D9;2015/03/02 00:14:30;18877;86;26.1;26.9;2.600;1.722;1.106;1.951;0.077;0.399;18878
B516D9;2015/03/02 00:14:40;18878;93;28.0;27.0;2.525;1.741;1.106;1.974;0.077;0.429;18879
B516D9;2015/03/02 00:14:50;18879;93;29.3;27.0;2.735;1.741;1.161;1.974;0.077;0.399;18880
B516D9;2015/03/02 00:15:00;18880;83;30.3;27.0;2.509;1.741;1.161;1.974;0.087;0.409;18881
B516D9;2015/03/02 00:15:10;18881;84;27.0;26.5;2.732;1.741;1.158;1.974;0.087;0.432;18882
B516D9;2015/03/02 00:15:20;18882;93;27.7;26.7;2.729;1.735;1.158;2.000;0.087;0.399;18883
B516D9;2015/03/02 00:15:30;18883;86;31.6;26.5;2.487;1.735;1.106;2.000;0.087;0.409;18884
B516D9;2015/03/02 00:15:40;18884;93;27.0;27.2;2.519;1.722;1.106;2.000;0.087;0.429;18885
B516D9;2015/03/02 00:15:50;18885;93;29.0;26.9;2.719;1.722;1.109;2.000;0.087;0.409;18886
B516D9;2015/03/02 00:16:00;18886;89;24.8;27.0;2.477;1.748;1.109;1.951;0.087;0.393;18887
B516D9;2015/03/02 00:16:10;18887;94;24.5;27.2;2.580;1.748;1.106;1.951;0.087;0.416;18888
B516D9;2015/03/02 00:16:20;18888;90;28.3;26.7;2.729;1.722;1.106;1.951;0.074;0.406;18889
B516D9;2015/03/02 00:16:30;18889;88;27.0;26.2;2.532;1.722;1.106;1.951;0.074;0.399;18890
B516D9;2015/03/02 00:16:40;18890;94;24.8;26.5;2.503;1.709;1.106;1.993;0.074;0.406;18891
B516D9;2015/03/02 00:16:50;18891;83;28.0;27.0;2.500;1.709;1.106;1.993;0.074;0.393;18892
B516D9;2015/03/02 00:17:00;18892;97;24.1;26.5;2.477;1.735;1.106;1.993;0.074;0.399;18893
B516D9;2015/03/02 00:17:10;18893;87;24.1;27.0;2.477;1.735;1.119;1.993;0.074;0.403;18894
B516D9;2015/03/02 00:17:20;18894;82;26.7;26.9;2.596;1.712;1.119;1.970;0.074;0.451;18895
B516D9;2015/03/02 00:17:30;18895;87;28.3;26.2;2.680;1.712;1.170;1.970;0.074;0.429;18896
B516D9;2015/03/02 00:17:40;18896;93;24.5;27.0;2.483;1.751;1.170;1.970;0.090;0.399;18897
B516D9;2015/03/02 00:17:50;18897;96;26.1;27.6;2.696;1.751;1.122;1.970;0.090;0.432;18898
B516D9;2015/03/02 00:18:00;18898;90;28.3;26.9;2.664;1.712;1.122;1.948;0.090;0.390;18899
B516D9;2015/03/02 00:18:10;18899;83;30.0;26.9;2.532;1.712;1.132;1.948;0.090;0.438;18900
B516D9;2015/03/02 00:18:20;18900;88;27.0;26.7;2.729;1.732;1.132;1.948;0.132;0.406;18901
B516D9;2015/03/02 00:18:30;18901;88;26.4;27.0;2.735;1.732;1.112;1.948;0.132;0.393;18902
B516D9;2015/03/02 00:18:40;18902;93;30.9;27.0;2.609;1.719;1.112;1.980;0.132;0.441;18903
B516D9;2015/03/02 00:18:50;18903;92;27.4;26.3;2.558;1.719;1.112;1.980;0.132;0.403;18904
B516D9;2015/03/02 00:19:00;18904;93;28.3;26.9;2.670;1.709;1.112;1.980;0.077;0.429;18905
B516D9;2015/03/02 00:19:10;18905;93;28.3;26.5;2.735;1.709;1.103;1.980;0.077;0.396;18906
B516D9;2015/03/02 00:19:20;18906;84;31.6;27.0;2.564;1.725;1.103;1.964;0.077;0.399;18907
B516D9;2015/03/02 00:19:30;18907;91;28.7;27.4;2.709;1.725;1.103;1.964;0.077;0.396;18908
B516D9;2015/03/02 00:19:40;18908;93;28.0;27.0;2.690;1.725;1.103;1.964;0.106;0.396;18909
B516D9;2015/03/02 00:19:50;18909;91;25.4;27.0;2.719;1.725;1.158;1.964;0.106;0.393;18910
B516D9;2015/03/02 00:20:00;18910;85;24.1;26.5;2.480;1.712;1.158;1.967;0.106;0.409;18911
B516D9;2015/03/02 00:20:10;18911;85;29.0;27.4;2.706;1.712;1.116;1.967;0.106;0.390;18912
B516D9;2015/03/02 00:20:20;18912;78;29.6;27.0;2.496;1.745;1.116;1.967;0.074;0.406;18913
B516D9;2015/03/02 00:20:30;18913;88;26.7;26.7;2.664;1.745;1.109;1.967;0.074;0.399;18914
B516D9;2015/03/02 00:20:40;18914;90;28.0;27.0;2.532;1.758;1.109;2.009;0.074;0.399;18915
B516D9;2015/03/02 00:20:50;18915;84;24.8;27.4;2.500;1.758;1.132;2.009;0.074;0.438;18916
B516D9;2015/03/02 00:21:00;18916;94;28.3;26.9;2.732;1.761;1.132;2.009;0.090;0.399;18917
B516D9;2015/03/02 00:21:10;18917;78;29.3;26.9;2.490;1.761;1.158;2.009;0.090;0.416;18918
B516D9;2015/03/02 00:21:20;18918;93;26.4;26.7;2.729;1.725;1.158;2.012;0.090;0.432;18919
B516D9;2015/03/02 00:21:30;18919;84;24.1;27.0;2.532;1.725;1.106;2.012;0.090;0.438;18920
B516D9;2015/03/02 00:21:40;18920;86;30.9;27.4;2.690;1.722;1.106;2.012;0.083;0.406;18921
B516D9;2015/03/02 00:21:50;18921;92;24.1;26.7;2.519;1.722;1.106;2.012;0.083;0.416;18922
B516D9;2015/03/02 00:22:00;18922;89;23.8;26.2;2.699;1.751;1.106;1.964;0.083;0.416;18923
B516D9;2015/03/02 00:22:10;18923;78;23.8;27.0;2.487;1.751;1.132;1.964;0.083;0.409;18924
B516D9;2015/03/02 00:22:20;18924;86;24.8;26.5;2.577;1.754;1.132;1.964;0.203;0.435;18925
B516D9;2015/03/02 00:22:30;18925;80;26.7;26.9;2.706;1.754;1.106;1.964;0.203;0.406;18926
B516D9;2015/03/02 00:22:40;18926;88;27.4;27.2;2.512;1.732;1.106;1.990;0.203;0.422;18927
B516D9;2015/03/02 00:22:50;18927;94;29.0;26.9;2.480;1.732;1.122;1.990;0.203;0.406;18928
B516D9;2015/03/02 00:23:00;18928;88;27.4;27.4;2.729;1.748;1.122;1.990;0.070;0.399;18929
B516D9;2015/03/02 00:23:10;18929;90;27.7;27.0;2.738;1.748;1.116;1.990;0.070;0.429;18930
B516D9;2015/03/02 00:23:20;18930;88;29.3;26.9;2.658;1.748;1.116;1.987;0.070;0.419;18931
B516D9;2015/03/02 00:23:30;18931;88;24.8;27.4;2.596;1.748;1.164;1.987;0.070;0.399;18932
B516D9;2015/03/02 00:23:40;18932;87;30.9;27.0;2.616;1.761;1.164;1.987;0.090;0.448;18933
B516D9;2015/03/02 00:23:50;18933;88;27.7;27.2;2.487;1.761;1.167;1.987;0.090;0.409;18934
B516D9;2015/03/02 00:24:00;18934;84;30.3;26.9;2.699;1.751;1.167;1.964;0.090;0.399;18935
B516D9;2015/03/02 00:24:10;18935;87;28.3;26.0;2.703;1.751;1.112;1.964;0.090;0.412;18936
B516D9;2015/03/02 00:24:20;18936;84;29.6;26.9;2.709;1.751;1.112;1.964;0.112;0.399;18937
B516D9;2015/03/02 00:24:30;18937;88;24.1;27.0;2.545;1.751;1.109;1.964;0.112;0.416;18938
B516D9;2015/03/02 00:24:40;18938;85;25.4;26.9;2.732;1.745;1.109;1.983;0.112;0.399;18939
B516D9;2015/03/02 00:24:50;18939;86;26.7;26.3;2.629;1.745;1.170;1.983;0.112;0.422;18940
B516D9;2015/03/02 00:25:00;18940;78;29.3;27.0;2.500;1.725;1.170;1.983;0.083;0.406;18941
B516D9;2015/03/02 00:25:10;18941;94;30.0;27.2;2.516;1.725;1.112;1.983;0.083;0.416;18942
B516D9;2015/03/02 00:25:20;18942;91;29.0;27.2;2.680;1.735;1.112;1.983;0.083;0.438;18943
B516D9;2015/03/02 00:25:30;18943;76;28.3;27.0;2.735;1.735;1.109;1.983;0.083;0.399;18944
B516D9;2015/03/02 00:25:40;18944;93;25.4;27.2;2.500;1.761;1.109;1.983;0.106;0.399;18945
B516D9;2015/03/02 00:25:50;18945;82;29.6;27.2;2.722;1.761;1.106;1.983;0.106;0.425;18946
B516D9;2015/03/02 00:26:00;18946;80;32.2;27.0;2.529;1.716;1.106;2.003;0.106;0.422;18947
B516D9;2015/03/02 00:26:10;18947;87;30.3;27.2;2.496;1.716;1.112;2.003;0.106;0.403;18948
B516D9;2015/03/02 00:26:20;18948;80;28.3;26.3;2.732;1.719;1.112;2.003;0.093;0.425;18949
B516D9;2015/03/02 00:26:30;18949;83;29.0;27.4;2.487;1.719;1.109;2.003;0.093;0.406;18950
B516D9;2015/03/02 00:26:40;18950;93;29.6;27.0;2.696;1.732;1.109;1.967;0.093;0.393;18951
B516D9;2015/03/02 00:26:50;18951;91;29.6;26.9;2.732;1.732;1.116;1.967;0.093;0.383;18952
B516D9;2015/03/02 00:27:00;18952;94;24.1;26.2;2.541;1.725;1.116;1.967;0.083;0.383;18953
B516D9;2015/03/02 00:27:10;18953;81;26.1;27.0;2.735;1.725;1.106;1.967;0.083;0.419;18954
B516D9;2015/03/02 00:27:20;18954;86;29.3;26.9;2.616;1.732;1.106;2.000;0.083;0.403;18955
B516D9;2015/03/02 00:27:30;18955;76;27.4;26.3;2.664;1.732;1.135;2.000;0.083;0.387;18956
B516D9;2015/03/02 00:27:40;18956;93;24.8;27.0;2.732;1.745;1.135;2.000;0.148;0.393;18957
B516D9;2015/03/02 00:27:50;18957;74;32.9;26.2;2.690;1.745;1.151;2.000;0.148;0.416;18958
B516D9;2015/03/02 00:28:00;18958;95;25.8;26.3;2.735;1.748;1.151;1.974;0.148;0.445;18959
B516D9;2015/03/02 00:28:10;18959;84;25.4;26.7;2.606;1.748;1.161;1.974;0.148;0.393;18960
B516D9;2015/03/02 00:28:20;18960;94;31.6;27.0;2.648;1.719;1.161;1.974;0.112;0.387;18961
B516D9;2015/03/02 00:28:30;18961;81;25.4;27.2;2.696;1.719;1.167;1.974;0.112;0.387;18962
B516D9;2015/03/02 00:28:40;18962;87;26.4;26.3;2.496;1.758;1.167;1.983;0.112;0.387;18963
B516D9;2015/03/02 00:28:50;18963;93;29.6;26.9;2.738;1.758;1.119;1.983;0.112;0.406;18964
B516D9;2015/03/02 00:29:00;18964;93;28.7;26.5;2.477;1.719;1.119;1.983;0.087;0.387;18965
B516D9;2015/03/02 00:29:10;18965;88;28.7;27.0;2.741;1.719;1.112;1.983;0.087;0.390;18966
B516D9;2015/03/02 00:29:20;18966;92;31.6;27.0;2.583;1.758;1.112;2.003;0.087;0.412;18967
B516D9;2015/03/02 00:29:30;18967;88;27.7;26.5;2.670;1.758;1.125;2.003;0.087;0.403;18968
B516D9;2015/03/02 00:29:40;18968;84;27.4;27.0;2.487;1.741;1.125;2.003;0.083;0.393;18969
B516D9;2015/03/02 00:29:50;18969;91;24.5;27.4;2.545;1.741;1.145;2.003;0.083;0.403;18970
B516D9;2015/03/02 00:30:00;18970;92;30.9;26.9;2.709;1.716;1.145;1.980;0.083;0.409;18971
B516D9;2015/03/02 00:30:10;18971;90;27.4;26.7;2.506;1.716;1.122;1.980;0.083;0.403;18972
B516D9;2015/03/02 00:30:21;18972;95;30.0;27.4;2.703;1.761;1.122;1.980;0.106;0.399;18973
B516D9;2015/03/02 00:30:30;18973;84;27.4;27.4;2.738;1.761;1.122;1.980;0.106;0.387;18974
B516D9;2015/03/02 00:30:40;18974;97;24.8;26.2;2.500;1.719;1.122;1.970;0.106;0.422;18975
B516D9;2015/03/02 00:30:50;18975;89;29.6;27.4;2.719;1.719;1.119;1.970;0.106;0.387;18976
B516D9;2015/03/02 00:31:00;18976;88;29.6;27.2;2.648;1.729;1.119;1.970;0.103;0.396;18977
B516D9;2015/03/02 00:31:10;18977;82;30.0;26.9;2.645;1.729;1.170;1.970;0.103;0.390;18978
B516D9;2015/03/02 00:31:20;18978;92;23.8;26.5;2.506;1.732;1.170;2.019;0.103;0.422;18979
B516D9;2015/03/02 00:31:30;18979;76;31.9;27.0;2.683;1.732;1.161;2.019;0.103;0.390;18980
B516D9;2015/03/02 00:31:40;18980;82;29.6;27.4;2.670;1.754;1.161;2.019;0.083;0.393;18981
B516D9;2015/03/02 00:31:50;18981;90;30.0;27.2;2.629;1.754;1.158;2.019;0.083;0.393;18982
B516D9;2015/03/02 00:32:00;18982;95;24.1;26.5;2.503;1.722;1.158;1.964;0.083;0.409;18983
B516D9;2015/03/02 00:32:10;18983;83;24.1;27.4;2.496;1.722;1.170;1.964;0.083;0.422;18984
B516D9;2015/03/02 00:32:20;18984;88;29.3;27.2;2.558;1.764;1.170;1.964;0.083;0.425;18985
B516D9;2015/03/02 00:32:30;18985;87;26.4;27.0;2.500;1.764;1.112;1.964;0.083;0.396;18986
B516D9;2015/03/02 00:32:40;18986;85;28.0;27.2;2.477;1.758;1.112;1.977;0.083;0.412;18987
B516D9;2015/03/02 00:32:50;18987;82;27.7;26.5;2.706;1.758;1.132;1.977;0.083;0.396;18988
B516D9;2015/03/02 00:33:00;18988;95;29.0;26.5;2.732;1.719;1.132;1.977;0.090;0.396;18989
B516D9;2015/03/02 00:33:10;18989;93;30.0;26.7;2.512;1.719;1.174;1.977;0.090;0.403;18990
B516D9;2015/03/02 00:33:20;18990;94;28.0;27.2;2.732;1.761;1.174;1.983;0.090;0.422;18991
B516D9;2015/03/02 00:33:30;18991;83;27.7;26.2;2.738;1.761;1.112;1.983;0.090;0.399;18992
B516D9;2015/03/02 00:33:40;18992;86;30.9;27.2;2.709;1.761;1.112;1.983;0.090;0.399;18993
B516D9;2015/03/02 00:33:50;18993;80;30.3;26.5;2.496;1.761;1.135;1.983;0.090;0.454;18994
B516D9;2015/03/02 00:34:00;18994;91;24.5;26.2;2.490;1.722;1.135;2.006;0.090;0.429;18995
B516D9;2015/03/02 00:34:10;18995;95;24.1;27.2;2.625;1.722;1.141;2.006;0.090;0.409;18996
B516D9;2015/03/02 00:34:20;18996;97;26.1;26.7;2.500;1.748;1.141;2.006;0.083;0.422;18997
B516D9;2015/03/02 00:34:30;18997;89;24.5;27.0;2.538;1.748;1.122;2.006;0.083;0.425;18998
B516D9;2015/03/02 00:34:40;18998;83;29.6;26.5;2.729;1.722;1.122;1.958;0.083;0.419;18999
B516D9;2015/03/02 00:34:50;18999;78;24.1;27.4;2.545;1.722;1.138;1.958;0.083;0.390;19000
B516D9;2015/03/02 00:35:00;19000;91;29.6;26.5;2.729;1.725;1.138;1.958;0.083;0.393;19001
B516D9;2015/03/02 00:35:10;19001;85;30.0;27.4;2.732;1.725;1.122;1.958;0.083;0.429;19002
B516D9;2015/03/02 00:35:20;19002;83;26.7;26.9;2.483;1.764;1.122;1.970;0.083;0.396;19003
B516D9;2015/03/02 00:35:30;19003;90;27.0;27.4;2.696;1.764;1.116;1.970;0.083;0.396;19004
B516D9;2015/03/02 00:35:40;19004;83;23.8;27.0;2.709;1.722;1.116;1.970;0.083;0.432;19005
B516D9;2015/03/02 00:35:50;19005;84;29.0;26.9;2.503;1.722;1.170;1.970;0.083;0.393;19006
B516D9;2015/03/02 00:36:01;19006;93;26.7;27.6;2.596;1.758;1.170;1.964;0.083;0.396;19007
B516D9;2015/03/02 00:36:10;19007;78;30.3;27.2;2.735;1.758;1.174;1.964;0.083;0.399;19008
B516D9;2015/03/02 00:36:20;19008;93;23.8;27.0;2.622;1.732;1.174;1.964;0.112;0.432;19009
B516D9;2015/03/02 00:36:30;19009;88;28.7;26.9;2.716;1.732;1.116;1.964;0.112;0.399;19010
B516D9;2015/03/02 00:36:40;19010;88;24.8;27.2;2.532;1.725;1.116;1.967;0.112;0.393;19011
B516D9;2015/03/02 00:36:50;19011;93;26.7;26.5;2.625;1.725;1.125;1.967;0.112;0.409;19012
B516D9;2015/03/02 00:37:00;19012;90;25.4;27.0;2.496;1.725;1.125;1.967;0.087;0.393;19013
B516D9;2015/03/02 00:37:10;19013;87;26.7;26.9;2.638;1.725;1.138;1.967;0.087;0.416;19014
B516D9;2015/03/02 00:37:20;19014;88;28.7;27.4;2.503;1.729;1.138;1.958;0.087;0.406;19015
B516D9;2015/03/02 00:37:30;19015;93;27.4;26.9;2.503;1.729;1.129;1.958;0.087;0.422;19016
B516D9;2015/03/02 00:37:40;19016;84;24.1;26.7;2.593;1.764;1.129;1.958;0.077;0.422;19017
B516D9;2015/03/02 00:37:50;19017;90;31.6;27.0;2.651;1.764;1.129;1.958;0.077;0.399;19018
B516D9;2015/03/02 00:38:00;19018;88;28.7;27.2;2.606;1.738;1.129;1.967;0.077;0.393;19019
B516D9;2015/03/02 00:38:10;19019;81;28.0;27.2;2.506;1.738;1.129;1.967;0.077;0.387;19020
B516D9;2015/03/02 00:38:20;19020;88;26.4;26.7;2.732;1.761;1.129;1.967;0.087;0.393;19021
B516D9;2015/03/02 00:38:30;19021;87;29.6;27.4;2.645;1.761;1.154;1.967;0.087;0.403;19022
B516D9;2015/03/02 00:38:40;19022;84;29.0;26.7;2.706;1.758;1.154;1.970;0.087;0.390;19023
B516D9;2015/03/02 00:38:50;19023;88;29.0;26.7;2.593;1.758;1.125;1.970;0.087;0.403;19024
B516D9;2015/03/02 00:39:00;19024;91;23.8;27.9;2.729;1.761;1.125;1.970;0.183;0.409;19025
B516D9;2015/03/02 00:39:10;19025;96;29.0;26.7;2.567;1.761;1.129;1.970;0.183;0.409;19026
B516D9;2015/03/02 00:39:20;19026;89;24.5;26.9;2.490;1.751;1.129;2.006;0.183;0.393;19027
B516D9;2015/03/02 00:39:30;19027;83;23.5;27.4;2.490;1.751;1.154;2.006;0.183;0.393;19028
B516D9;2015/03/02 00:39:40;19028;93;28.3;26.7;2.735;1.748;1.154;2.006;0.083;0.399;19029
B516D9;2015/03/02 00:39:50;19029;87;24.1;27.0;2.503;1.748;1.109;2.006;0.083;0.412;19030
B516D9;2015/03/02 00:40:00;19030;94;25.1;27.0;2.732;1.767;1.109;1.974;0.083;0.393;19031
B516D9;2015/03/02 00:40:10;19031;94;30.9;26.9;2.745;1.767;1.125;1.974;0.083;0.409;19032
B516D9;2015/03/02 00:40:20;19032;86;24.8;27.2;2.596;1.725;1.125;1.974;0.080;0.422;19033
B516D9;2015/03/02 00:40:30;19033;74;24.8;27.6;2.696;1.725;1.174;1.974;0.080;0.409;19034
B516D9;2015/03/02 00:40:40;19034;88;23.8;27.7;2.703;1.758;1.174;2.009;0.080;0.432;19035
B516D9;2015/03/02 00:40:50;19035;88;30.9;26.9;2.748;1.758;1.170;2.009;0.080;0.393;19036
B516D9;2015/03/02 00:41:00;19036;95;29.6;27.4;2.590;1.725;1.170;2.009;0.090;0.406;19037
B516D9;2015/03/02 00:41:10;19037;84;29.0;26.9;2.735;1.725;1.119;2.009;0.090;0.422;19038
B516D9;2015/03/02 00:41:20;19038;88;28.0;27.0;2.532;1.732;1.119;1.974;0.090;0.416;19039
B516D9;2015/03/02 00:41:30;19039;88;27.4;27.7;2.493;1.732;1.158;1.974;0.090;0.396;19040
B516D9;2015/03/02 00:41:40;19040;85;24.1;26.9;2.480;1.767;1.158;1.974;0.070;0.432;19041
B516D9;2015/03/02 00:41:50;19041;87;29.0;26.7;2.729;1.767;1.116;1.974;0.070;0.396;19042
B516D9;2015/03/02 00:42:00;19042;92;29.6;26.9;2.735;1.748;1.116;2.022;0.070;0.393;19043
B516D9;2015/03/02 00:42:10;19043;88;29.3;26.7;2.483;1.748;1.177;2.022;0.070;0.409;19044
B516D9;2015/03/02 00:42:20;19044;78;23.8;26.7;2.683;1.748;1.177;2.022;0.090;0.406;19045
B516D9;2015/03/02 00:42:30;19045;80;29.3;26.7;2.722;1.748;1.170;2.022;0.090;0.416;19046
B516D9;2015/03/02 00:42:40;19046;85;30.6;27.4;2.522;1.738;1.170;1.974;0.090;0.429;19047
B516D9;2015/03/02 00:42:50;19047;90;24.8;27.4;2.577;1.738;1.116;1.974;0.090;0.416;19048
B516D9;2015/03/02 00:43:00;19048;95;29.3;27.4;2.496;1.770;1.116;1.974;0.074;0.416;19049
B516D9;2015/03/02 00:43:10;19049;96;30.3;26.9;2.496;1.770;1.112;1.974;0.074;0.399;19050
B516D9;2015/03/02 00:43:20;19050;79;29.6;27.7;2.677;1.758;1.112;1.990;0.074;0.399;19051
B516D9;2015/03/02 00:43:30;19051;88;29.6;26.9;2.745;1.758;1.174;1.990;0.074;0.406;19052
B516D9;2015/03/02 00:43:40;19052;88;28.3;26.7;2.735;1.748;1.174;1.990;0.093;0.422;19053
B516D9;2015/03/02 00:43:50;19053;88;25.4;26.9;2.564;1.748;1.116;1.990;0.093;0.399;19054
B516D9;2015/03/02 00:44:00;19054;87;29.0;26.7;2.541;1.751;1.116;2.012;0.093;0.448;19055
B516D9;2015/03/02 00:44:10;19055;84;29.6;26.5;2.712;1.751;1.148;2.012;0.093;0.399;19056
B516D9;2015/03/02 00:44:20;19056;92;26.4;26.9;2.506;1.732;1.148;2.012;0.070;0.438;19057
B516D9;2015/03/02 00:44:30;19057;83;30.0;27.4;2.741;1.732;1.116;2.012;0.070;0.409;19058
B516D9;2015/03/02 00:44:40;19058;89;24.5;26.3;2.716;1.761;1.116;1.977;0.070;0.416;19059
B516D9;2015/03/02 00:44:50;19059;88;32.2;27.4;2.712;1.761;1.177;1.977;0.070;0.396;19060
B516D9;2015/03/02 00:45:00;19060;97;24.5;26.9;2.545;1.745;1.177;1.977;0.090;0.393;19061
B516D9;2015/03/02 00:45:10;19061;89;24.5;27.6;2.703;1.745;1.116;1.977;0.090;0.396;19062
B516D9;2015/03/02 00:45:21;19062;89;26.1;27.2;2.619;1.725;1.116;1.987;0.090;0.429;19063
B516D9;2015/03/02 00:45:30;19063;90;27.7;27.4;2.741;1.725;1.138;1.987;0.090;0.393;19064
B516D9;2015/03/02 00:45:40;19064;88;29.0;27.4;2.554;1.764;1.138;1.987;0.170;0.416;19065
B516D9;2015/03/02 00:45:50;19065;84;26.7;27.6;2.622;1.764;1.129;1.987;0.170;0.393;19066
B516D9;2015/03/02 00:46:00;19066;95;25.1;27.0;2.735;1.764;1.129;2.009;0.170;0.448;19067
B516D9;2015/03/02 00:46:10;19067;83;29.0;27.0;2.525;1.764;1.122;2.009;0.170;0.409;19068
B516D9;2015/03/02 00:46:20;19068;81;30.9;27.0;2.635;1.725;1.122;2.009;0.090;0.422;19069
B516D9;2015/03/02 00:46:30;19069;91;25.4;26.5;2.609;1.725;1.116;2.009;0.090;0.429;19070
B516D9;2015/03/02 00:46:40;19070;90;27.0;26.5;2.735;1.761;1.116;1.980;0.090;0.412;19071
B516D9;2015/03/02 00:46:50;19071;86;23.8;27.0;2.483;1.761;1.138;1.980;0.090;0.399;19072
B516D9;2015/03/02 00:47:00;19072;86;27.4;26.9;2.525;1.741;1.138;1.980;0.083;0.399;19073
B516D9;2015/03/02 00:47:10;19073;88;26.1;26.3;2.622;1.741;1.116;1.980;0.083;0.403;19074
B516D9;2015/03/02 00:47:20;19074;87;24.5;27.0;2.729;1.735;1.116;1.974;0.083;0.429;19075
B516D9;2015/03/02 00:47:30;19075;89;29.0;26.9;2.719;1.735;1.122;1.974;0.083;0.393;19076
B516D9;2015/03/02 00:47:40;19076;90;28.3;27.9;2.722;1.745;1.122;1.974;0.096;0.399;19077
B516D9;2015/03/02 00:47:50;19077;80;24.5;27.0;2.500;1.745;1.112;1.974;0.096;0.429;19078
B516D9;2015/03/02 00:48:00;19078;83;30.9;27.0;2.525;1.758;1.112;1.980;0.096;0.393;19079
B516D9;2015/03/02 00:48:10;19079;96;26.1;27.4;2.519;1.758;1.112;1.980;0.096;0.396;19080
B516D9;2015/03/02 00:48:20;19080;95;30.3;27.2;2.677;1.729;1.112;1.980;0.090;0.409;19081
B516D9;2015/03/02 00:48:30;19081;85;23.8;27.6;2.622;1.729;1.116;1.980;0.090;0.422;19082
B516D9;2015/03/02 00:48:40;19082;83;28.3;26.7;2.735;1.735;1.116;1.967;0.090;0.412;19083
B516D9;2015/03/02 00:48:50;19083;83;30.9;27.2;2.719;1.735;1.112;1.967;0.090;0.396;19084
B516D9;2015/03/02 00:49:00;19084;88;27.7;26.9;2.735;1.751;1.112;1.967;0.083;0.416;19085
B516D9;2015/03/02 00:49:10;19085;83;26.7;26.7;2.638;1.751;1.135;1.967;0.083;0.399;19086
B516D9;2015/03/02 00:49:20;19086;90;26.1;26.9;2.567;1.738;1.135;2.006;0.083;0.422;19087
B516D9;2015/03/02 00:49:30;19087;90;26.1;26.9;2.506;1.738;1.170;2.006;0.083;0.396;19088
B516D9;2015/03/02 00:49:40;19088;91;26.1;26.9;2.509;1.761;1.170;2.006;0.129;0.396;19089
B516D9;2015/03/02 00:49:50;19089;96;29.6;26.7;2.741;1.761;1.119;2.006;0.129;0.403;19090
B516D9;2015/03/02 00:50:00;19090;86;25.8;26.7;2.500;1.738;1.119;1.967;0.129;0.416;19091
B516D9;2015/03/02 00:50:10;19091;93;27.7;26.7;2.696;1.738;1.132;1.967;0.129;0.406;19092
B516D9;2015/03/02 00:50:20;19092;79;24.8;27.0;2.729;1.770;1.132;1.967;0.090;0.406;19093
B516D9;2015/03/02 00:50:30;19093;84;30.0;27.2;2.600;1.770;1.170;1.967;0.090;0.422;19094
B516D9;2015/03/02 00:50:40;19094;83;29.0;26.3;2.741;1.732;1.170;1.987;0.090;0.399;19095
B516D9;2015/03/02 00:50:50;19095;83;23.8;27.4;2.503;1.732;1.138;1.987;0.090;0.438;19096
B516D9;2015/03/02 00:51:00;19096;88;27.4;26.9;2.661;1.754;1.138;1.987;0.087;0.399;19097
B516D9;2015/03/02 00:51:10;19097;75;25.1;27.0;2.512;1.754;1.112;1.987;0.087;0.438;19098
B516D9;2015/03/02 00:51:20;19098;92;28.7;27.0;2.606;1.725;1.112;2.003;0.087;0.412;19099
B516D9;2015/03/02 00:51:30;19099;85;30.3;27.2;2.748;1.725;1.109;2.003;0.087;0.445;19100
B516D9;2015/03/02 00:51:40;19100;77;29.3;27.4;2.500;1.725;1.109;2.003;0.090;0.429;19101
B516D9;2015/03/02 00:51:50;19101;85;26.1;26.9;2.629;1.725;1.109;2.003;0.090;0.399;19102
B516D9;2015/03/02 00:52:00;19102;93;32.9;27.0;2.545;1.725;1.109;1.996;0.090;0.399;19103
B516D9;2015/03/02 00:52:10;19103;88;24.8;27.4;2.706;1.725;1.112;1.996;0.090;0.399;19104
B516D9;2015/03/02 00:52:20;19104;83;30.3;27.0;2.687;1.761;1.112;1.996;0.112;0.396;19105
B516D9;2015/03/02 00:52:30;19105;88;24.1;27.4;2.500;1.761;1.129;1.996;0.112;0.393;19106
B516D9;2015/03/02 00:52:40;19106;87;31.6;27.2;2.635;1.729;1.129;2.025;0.112;0.390;19107
B516D9;2015/03/02 00:52:50;19107;83;27.7;27.2;2.506;1.729;1.135;2.025;0.112;0.409;19108
B516D9;2015/03/02 00:53:00;19108;95;27.0;27.2;2.538;1.764;1.135;2.025;0.103;0.425;19109
B516D9;2015/03/02 00:53:10;19109;83;27.0;26.9;2.738;1.764;1.145;2.025;0.103;0.416;19110
B516D9;2015/03/02 00:53:20;19110;94;25.8;27.0;2.738;1.774;1.145;1.983;0.103;0.399;19111
B516D9;2015/03/02 00:53:30;19111;83;26.1;27.4;2.709;1.774;1.119;1.983;0.103;0.399;19112
B516D9;2015/03/02 00:53:40;19112;90;30.3;27.0;2.699;1.738;1.119;1.983;0.090;0.435;19113
B516D9;2015/03/02 00:53:50;19113;86;24.8;26.9;2.606;1.738;1.116;1.983;0.090;0.416;19114
B516D9;2015/03/02 00:54:00;19114;89;26.4;27.6;2.525;1.770;1.116;1.990;0.090;0.406;19115
B516D9;2015/03/02 00:54:10;19115;88;27.0;26.3;2.554;1.770;1.116;1.990;0.090;0.393;19116
B516D9;2015/03/02 00:54:20;19116;86;23.8;27.2;2.674;1.735;1.116;1.990;0.141;0.406;19117
B516D9;2015/03/02 00:54:30;19117;87;27.4;27.6;2.512;1.735;1.116;1.990;0.141;0.409;19118
B516D9;2015/03/02 00:54:40;19118;87;28.3;27.7;2.716;1.754;1.116;1.990;0.141;0.390;19119
B516D9;2015/03/02 00:54:50;19119;81;24.5;27.4;2.512;1.754;1.119;1.990;0.141;0.409;19120
B516D9;2015/03/02 00:55:00;19120;76;32.5;27.2;2.535;1.754;1.119;1.990;0.090;0.406;19121
B516D9;2015/03/02 00:55:10;19121;93;24.1;27.4;2.532;1.754;1.177;1.990;0.090;0.409;19122
B516D9;2015/03/02 00:55:21;19122;87;29.6;27.4;2.596;1.741;1.177;2.025;0.090;0.406;19123
B516D9;2015/03/02 00:55:30;19123;90;23.8;27.4;2.487;1.741;1.112;2.025;0.090;0.399;19124
B516D9;2015/03/02 00:55:40;19124;95;29.3;27.4;2.509;1.738;1.112;2.025;0.099;0.399;19125
B516D9;2015/03/02 00:55:50;19125;88;25.8;26.9;2.629;1.738;1.116;2.025;0.099;0.396;19126
B516D9;2015/03/02 00:56:00;19126;78;24.1;26.9;2.480;1.729;1.116;1.974;0.099;0.393;19127
B516D9;2015/03/02 00:56:10;19127;93;24.1;27.4;2.558;1.729;1.132;1.974;0.099;0.451;19128
B516D9;2015/03/02 00:56:20;19128;85;24.1;26.7;2.496;1.758;1.132;1.974;0.112;0.422;19129
B516D9;2015/03/02 00:56:30;19129;80;30.3;26.9;2.735;1.758;1.116;1.974;0.112;0.399;19130
B516D9;2015/03/02 00:56:40;19130;76;30.3;27.4;2.535;1.729;1.116;2.032;0.112;0.393;19131
B516D9;2015/03/02 00:56:50;19131;91;27.4;27.0;2.506;1.729;1.132;2.032;0.112;0.416;19132
B516D9;2015/03/02 00:57:00;19132;88;30.0;27.0;2.729;1.741;1.132;2.032;0.090;0.409;19133
B516D9;2015/03/02 00:57:10;19133;87;24.5;26.9;2.545;1.741;1.132;2.032;0.090;0.441;19134
B516D9;2015/03/02 00:57:20;19134;83;30.0;26.7;2.487;1.729;1.132;1.980;0.090;0.406;19135
B516D9;2015/03/02 00:57:30;19135;89;24.1;26.9;2.567;1.729;1.122;1.980;0.090;0.399;19136
B516D9;2015/03/02 00:57:40;19136;88;30.6;27.4;2.606;1.754;1.122;1.980;0.090;0.429;19137
B516D9;2015/03/02 00:57:50;19137;88;30.9;27.0;2.735;1.754;1.112;1.980;0.090;0.403;19138
B516D9;2015/03/02 00:58:00;19138;88;29.3;27.4;2.632;1.758;1.112;1.977;0.090;0.403;19139
B516D9;2015/03/02 00:58:10;19139;94;30.0;27.0;2.732;1.758;1.116;1.977;0.090;0.432;19140
B516D9;2015/03/02 00:58:20;19140;88;30.9;27.0;2.619;1.767;1.116;1.977;0.129;0.432;19141
B516D9;2015/03/02 00:58:30;19141;88;25.1;27.2;2.516;1.767;1.116;1.977;0.129;0.416;19142
B516D9;2015/03/02 00:58:40;19142;83;32.9;26.9;2.683;1.745;1.116;1.974;0.129;0.422;19143
B516D9;2015/03/02 00:58:50;19143;79;29.6;27.2;2.741;1.745;1.116;1.974;0.129;0.393;19144
B516D9;2015/03/02 00:59:00;19144;80;27.4;26.9;2.677;1.770;1.116;1.974;0.099;0.422;19145
B516D9;2015/03/02 00:59:10;19145;90;24.1;27.2;2.661;1.770;1.177;1.974;0.099;0.393;19146
B516D9;2015/03/02 00:59:20;19146;89;29.3;27.7;2.622;1.729;1.177;2.009;0.099;0.422;19147
B516D9;2015/03/02 00:59:30;19147;88;26.1;26.7;2.651;1.729;1.164;2.009;0.099;0.409;19148
B516D9;2015/03/02 00:59:40;19148;80;30.3;27.0;2.670;1.738;1.164;2.009;0.099;0.390;19149
B516D9;2015/03/02 00:59:50;19149;89;25.4;27.2;2.577;1.738;1.116;2.009;0.099;0.396;19150
B516D9;2015/03/02 01:00:00;19150;97;28.0;27.0;2.658;1.729;1.116;1.987;0.099;0.396;19151
B516D9;2015/03/02 01:00:10;19151;85;27.0;27.0;2.748;1.729;1.116;1.987;0.099;0.393;19152
B516D9;2015/03/02 01:00:20;19152;81;30.9;27.4;2.722;1.754;1.116;1.987;0.087;0.399;19153
B516D9;2015/03/02 01:00:30;19153;88;24.5;27.2;2.532;1.754;1.158;1.987;0.087;0.409;19154
B516D9;2015/03/02 01:00:40;19154;93;26.7;27.2;2.648;1.741;1.158;2.038;0.087;0.409;19155
B516D9;2015/03/02 01:00:50;19155;84;24.1;27.0;2.500;1.741;1.161;2.038;0.087;0.393;19156
B516D9;2015/03/02 01:01:00;19156;78;29.6;27.6;2.722;1.745;1.161;2.038;0.093;0.399;19157
B516D9;2015/03/02 01:01:10;19157;85;27.0;26.3;2.545;1.745;1.116;2.038;0.093;0.438;19158
B516D9;2015/03/02 01:01:20;19158;80;28.7;27.2;2.570;1.754;1.116;2.022;0.093;0.409;19159
B516D9;2015/03/02 01:01:30;19159;87;29.0;26.2;2.667;1.754;1.116;2.022;0.093;0.409;19160
B516D9;2015/03/02 01:01:40;19160;81;27.0;26.9;2.741;1.745;1.116;2.022;0.074;0.419;19161
B516D9;2015/03/02 01:01:50;19161;91;29.0;26.3;2.706;1.745;1.164;2.022;0.074;0.399;19162
B516D9;2015/03/02 01:02:00;19162;91;23.8;27.0;2.622;1.774;1.164;2.029;0.074;0.438;19163
B516D9;2015/03/02 01:02:10;19163;88;29.0;26.7;2.706;1.774;1.167;2.029;0.074;0.403;19164
B516D9;2015/03/02 01:02:20;19164;88;27.4;26.9;2.535;1.748;1.167;2.029;0.074;0.432;19165
B516D9;2015/03/02 01:02:30;19165;85;29.6;26.7;2.745;1.748;1.170;2.029;0.074;0.406;19166
B516D9;2015/03/02 01:02:40;19166;88;28.0;27.4;2.538;1.754;1.170;1.990;0.074;0.406;19167
B516D9;2015/03/02 01:02:50;19167;85;32.2;26.7;2.741;1.754;1.122;1.990;0.074;0.399;19168
B516D9;2015/03/02 01:03:00;19168;80;30.3;27.2;2.706;1.741;1.122;1.990;0.099;0.438;19169
B516D9;2015/03/02 01:03:10;19169;86;29.6;27.2;2.677;1.741;1.116;1.990;0.099;0.416;19170
B516D9;2015/03/02 01:03:20;19170;88;29.0;26.3;2.741;1.770;1.116;1.977;0.099;0.441;19171
B516D9;2015/03/02 01:03:30;19171;88;26.7;26.7;2.641;1.770;1.125;1.977;0.099;0.438;19172
B516D9;2015/03/02 01:03:40;19172;81;23.8;26.5;2.512;1.758;1.125;1.977;0.077;0.399;19173
B516D9;2015/03/02 01:03:50;19173;83;30.9;27.2;2.735;1.758;1.116;1.977;0.077;0.399;19174
B516D9;2015/03/02 01:04:00;19174;87;30.6;27.0;2.512;1.735;1.116;2.025;0.077;0.429;19175
B516D9;2015/03/02 01:04:10;19175;90;24.5;27.4;2.558;1.735;1.180;2.025;0.077;0.422;19176
B516D9;2015/03/02 01:04:20;19176;83;25.1;27.0;2.496;1.732;1.180;2.025;0.164;0.399;19177
B516D9;2015/03/02 01:04:30;19177;83;28.0;26.9;2.741;1.732;1.183;2.025;0.164;0.409;19178
B516D9;2015/03/02 01:04:40;19178;87;28.3;26.7;2.487;1.741;1.183;1.993;0.164;0.429;19179
B516D9;2015/03/02 01:04:50;19179;86;30.9;26.9;2.748;1.741;1.119;1.993;0.164;0.399;19180
B516D9;2015/03/02 01:05:00;19180;79;28.7;27.0;2.503;1.751;1.119;1.993;0.077;0.409;19181
B516D9;2015/03/02 01:05:10;19181;96;26.1;28.1;2.729;1.751;1.125;1.993;0.077;0.399;19182
B516D9;2015/03/02 01:05:21;19182;92;32.2;27.6;2.677;1.761;1.125;1.980;0.077;0.429;19183
B516D9;2015/03/02 01:05:30;19183;90;26.7;26.5;2.683;1.761;1.132;1.980;0.077;0.435;19184
B516D9;2015/03/02 01:05:40;19184;94;28.0;27.2;2.500;1.732;1.132;1.980;0.077;0.399;19185
B516D9;2015/03/02 01:05:50;19185;89;24.1;27.6;2.512;1.732;1.119;1.980;0.077;0.429;19186
B516D9;2015/03/02 01:06:00;19186;93;27.7;27.7;2.483;1.777;1.119;1.996;0.077;0.429;19187
B516D9;2015/03/02 01:06:10;19187;94;27.7;26.3;2.696;1.777;1.122;1.996;0.077;0.399;19188
B516D9;2015/03/02 01:06:20;19188;90;23.8;27.2;2.732;1.748;1.122;1.996;0.070;0.416;19189
B516D9;2015/03/02 01:06:30;19189;85;28.0;27.2;2.512;1.748;1.119;1.996;0.070;0.416;19190
B516D9;2015/03/02 01:06:40;19190;88;28.0;27.0;2.674;1.770;1.119;2.022;0.070;0.406;19191
B516D9;2015/03/02 01:06:50;19191;80;26.7;27.4;2.509;1.770;1.122;2.022;0.070;0.429;19192
B516D9;2015/03/02 01:07:00;19192;91;26.7;27.2;2.512;1.774;1.122;2.022;0.135;0.403;19193
B516D9;2015/03/02 01:07:10;19193;86;30.0;27.2;2.532;1.774;1.116;2.022;0.135;0.429;19194
B516D9;2015/03/02 01:07:20;19194;92;30.0;27.0;2.735;1.764;1.116;2.029;0.135;0.399;19195
B516D9;2015/03/02 01:07:30;19195;83;30.3;26.7;2.751;1.764;1.116;2.029;0.135;0.419;19196
B516D9;2015/03/02 01:07:40;19196;85;24.8;27.2;2.554;1.754;1.116;2.029;0.083;0.399;19197
B516D9;2015/03/02 01:07:50;19197;83;30.0;27.4;2.519;1.754;1.177;2.029;0.083;0.393;19198
B516D9;2015/03/02 01:08:00;19198;89;24.8;27.2;2.554;1.774;1.177;1.993;0.083;0.422;19199
B516D9;2015/03/02 01:08:10;19199;93;27.7;26.5;2.709;1.774;1.119;1.993;0.083;0.435;19200
B516D9;2015/03/02 01:08:20;19200;79;23.8;27.7;2.490;1.754;1.119;1.993;0.090;0.412;19201
B516D9;2015/03/02 01:08:30;19201;79;27.0;26.9;2.658;1.754;1.167;1.993;0.090;0.432;19202
B516D9;2015/03/02 01:08:40;19202;88;23.8;27.4;2.709;1.745;1.167;2.000;0.090;0.406;19203
B516D9;2015/03/02 01:08:50;19203;82;29.0;27.4;2.751;1.745;1.180;2.000;0.090;0.441;19204
B516D9;2015/03/02 01:09:00;19204;88;28.3;27.2;2.716;1.767;1.180;2.000;0.080;0.399;19205
B516D9;2015/03/02 01:09:10;19205;88;24.8;27.2;2.709;1.767;1.180;2.000;0.080;0.438;19206
B516D9;2015/03/02 01:09:20;19206;91;24.1;26.7;2.629;1.748;1.180;2.006;0.080;0.396;19207
B516D9;2015/03/02 01:09:30;19207;96;23.8;27.0;2.493;1.748;1.135;2.006;0.080;0.451;19208
B516D9;2015/03/02 01:09:40;19208;92;23.8;26.3;2.490;1.738;1.135;2.006;0.080;0.406;19209
B516D9;2015/03/02 01:09:50;19209;90;29.6;26.7;2.677;1.738;1.119;2.006;0.080;0.416;19210
B516D9;2015/03/02 01:10:00;19210;85;32.9;27.0;2.509;1.774;1.119;2.009;0.080;0.416;19211
B516D9;2015/03/02 01:10:10;19211;91;27.0;27.0;2.758;1.774;1.125;2.009;0.080;0.399;19212
B516D9;2015/03/02 01:10:20;19212;83;24.1;26.3;2.538;1.774;1.125;2.009;0.080;0.393;19213
B516D9;2015/03/02 01:10:30;19213;92;23.8;27.2;2.580;1.774;1.132;2.009;0.080;0.396;19214
B516D9;2015/03/02 01:10:40;19214;89;29.3;26.9;2.603;1.770;1.132;1.987;0.080;0.438;19215
B516D9;2015/03/02 01:10:50;19215;89;27.7;27.0;2.748;1.770;1.174;1.987;0.080;0.399;19216
B516D9;2015/03/02 01:11:00;19216;93;27.0;27.2;2.635;1.777;1.174;1.987;0.112;0.429;19217
B516D9;2015/03/02 01:11:10;19217;80;24.8;27.2;2.583;1.777;1.138;1.987;0.112;0.406;19218
B516D9;2015/03/02 01:11:20;19218;91;29.0;26.3;2.683;1.774;1.138;1.987;0.112;0.399;19219
B516D9;2015/03/02 01:11:30;19219;76;26.7;26.3;2.532;1.774;1.174;1.987;0.112;0.429;19220
B516D9;2015/03/02 01:11:40;19220;89;26.1;26.7;2.512;1.738;1.174;1.987;0.080;0.399;19221
B516D9;2015/03/02 01:11:50;19221;92;24.5;27.0;2.509;1.738;1.119;1.987;0.080;0.399;19222
B516D9;2015/03/02 01:12:00;19222;87;29.6;26.9;2.609;1.741;1.119;2.029;0.080;0.416;19223
B516D9;2015/03/02 01:12:10;19223;80;26.1;26.5;2.664;1.741;1.122;2.029;0.080;0.409;19224
B516D9;2015/03/02 01:12:20;19224;86;25.1;26.5;2.509;1.745;1.122;2.029;0.145;0.409;19225
B516D9;2015/03/02 01:12:30;19225;83;31.6;26.9;2.719;1.745;1.122;2.029;0.145;0.396;19226
B516D9;2015/03/02 01:12:40;19226;93;24.5;26.7;2.567;1.774;1.122;1.980;0.145;0.445;19227
B516D9;2015/03/02 01:12:50;19227;76;24.1;27.0;2.522;1.774;1.125;1.980;0.145;0.429;19228
B516D9;2015/03/02 01:13:00;19228;85;30.6;26.9;2.661;1.732;1.125;1.980;0.080;0.399;19229
B516D9;2015/03/02 01:13:10;19229;79;31.6;26.9;2.509;1.732;1.132;1.980;0.080;0.432;19230
B516D9;2015/03/02 01:13:20;19230;92;29.3;26.9;2.564;1.732;1.132;1.983;0.080;0.396;19231
B516D9;2015/03/02 01:13:30;19231;91;27.7;27.0;2.738;1.732;1.158;1.983;0.080;0.409;19232
B516D9;2015/03/02 01:13:40;19232;88;28.0;27.0;2.680;1.758;1.158;1.983;0.080;0.438;19233
B516D9;2015/03/02 01:13:50;19233;88;26.7;26.9;2.625;1.758;1.183;1.983;0.080;0.409;19234
B516D9;2015/03/02 01:14:00;19234;87;29.6;27.0;2.551;1.761;1.183;1.980;0.080;0.435;19235
B516D9;2015/03/02 01:14:10;19235;86;30.6;27.0;2.748;1.761;1.161;1.980;0.080;0.416;19236
B516D9;2015/03/02 01:14:20;19236;89;24.5;27.2;2.487;1.738;1.161;1.980;0.145;0.432;19237
B516D9;2015/03/02 01:14:30;19237;88;23.8;27.0;2.493;1.738;1.180;1.980;0.145;0.416;19238
B516D9;2015/03/02 01:14:41;19238;91;25.1;26.7;2.496;1.761;1.180;1.987;0.145;0.409;19239
B516D9;2015/03/02 01:14:50;19239;91;25.4;27.7;2.593;1.761;1.174;1.987;0.145;0.399;19240
B516D9;2015/03/02 01:15:00;19240;94;23.8;27.2;2.722;1.761;1.174;1.987;0.087;0.399;19241
B516D9;2015/03/02 01:15:10;19241;84;25.4;26.9;2.567;1.761;1.158;1.987;0.087;0.438;19242
B516D9;2015/03/02 01:15:21;19242;81;29.6;27.4;2.522;1.774;1.158;2.003;0.087;0.399;19243
B516D9;2015/03/02 01:15:30;19243;76;24.8;27.2;2.558;1.774;1.122;2.003;0.087;0.399;19244
B516D9;2015/03/02 01:15:40;19244;89;25.8;26.7;2.712;1.735;1.122;2.003;0.070;0.416;19245
B516D9;2015/03/02 01:15:50;19245;84;29.6;27.0;2.722;1.735;1.132;2.003;0.070;0.438;19246
B516D9;2015/03/02 01:16:00;19246;87;24.1;26.2;2.490;1.761;1.132;2.025;0.070;0.412;19247
B516D9;2015/03/02 01:16:10;19247;91;25.1;26.9;2.519;1.761;1.148;2.025;0.070;0.409;19248
B516D9;2015/03/02 01:16:20;19248;91;27.4;26.9;2.551;1.735;1.148;2.025;0.141;0.409;19249
B516D9;2015/03/02 01:16:30;19249;85;23.8;26.9;2.538;1.735;1.129;2.025;0.141;0.422;19250
B516D9;2015/03/02 01:16:40;19250;83;24.5;26.7;2.487;1.777;1.129;1.983;0.141;0.425;19251
B516D9;2015/03/02 01:16:50;19251;90;24.1;27.4;2.503;1.777;1.167;1.983;0.141;0.399;19252
B516D9;2015/03/02 01:17:00;19252;85;25.4;26.9;2.512;1.741;1.167;1.983;0.109;0.406;19253
B516D9;2015/03/02 01:17:10;19253;86;23.8;27.2;2.587;1.741;1.122;1.983;0.109;0.422;19254
B516D9;2015/03/02 01:17:20;19254;87;28.3;27.2;2.729;1.777;1.122;2.019;0.109;0.399;19255
B516D9;2015/03/02 01:17:30;19255;89;29.6;27.2;2.754;1.777;1.141;2.019;0.109;0.429;19256
B516D9;2015/03/02 01:17:40;19256;78;26.4;26.7;2.516;1.761;1.141;2.019;0.077;0.445;19257
B516D9;2015/03/02 01:17:50;19257;83;23.8;27.0;2.738;1.761;1.177;2.019;0.077;0.412;19258
B516D9;2015/03/02 01:18:00;19258;92;26.1;26.9;2.632;1.777;1.177;2.035;0.077;0.451;19259
B516D9;2015/03/02 01:18:10;19259;91;26.7;26.5;2.651;1.777;1.122;2.035;0.077;0.412;19260
B516D9;2015/03/02 01:18:20;19260;83;23.8;26.2;2.496;1.745;1.122;2.035;0.080;0.409;19261
B516D9;2015/03/02 01:18:30;19261;89;30.6;26.9;2.729;1.745;1.122;2.035;0.080;0.399;19262
B516D9;2015/03/02 01:18:40;19262;88;29.6;27.0;2.696;1.751;1.122;2.025;0.080;0.416;19263
B516D9;2015/03/02 01:18:50;19263;88;26.1;26.5;2.677;1.751;1.180;2.025;0.080;0.409;19264
B516D9;2015/03/02 01:19:00;19264;95;29.3;27.0;2.529;1.735;1.180;2.025;0.077;0.416;19265
B516D9;2015/03/02 01:19:10;19265;91;30.6;26.9;2.519;1.735;1.132;2.025;0.077;0.393;19266
B516D9;2015/03/02 01:19:20;19266;94;25.4;26.7;2.506;1.761;1.132;2.038;0.077;0.416;19267
B516D9;2015/03/02 01:19:30;19267;91;30.9;26.9;2.719;1.761;1.138;2.038;0.077;0.422;19268
B516D9;2015/03/02 01:19:40;19268;98;32.2;27.4;2.722;1.745;1.138;2.038;0.080;0.438;19269
B516D9;2015/03/02 01:19:50;19269;87;23.8;27.2;2.541;1.745;1.122;2.038;0.080;0.438;19270
B516D9;2015/03/02 01:20:00;19270;88;30.3;27.6;2.661;1.770;1.122;2.025;0.080;0.412;19271
B516D9;2015/03/02 01:20:10;19271;88;29.0;26.2;2.722;1.770;1.129;2.025;0.080;0.406;19272
B516D9;2015/03/02 01:20:20;19272;87;30.9;27.4;2.596;1.777;1.129;2.025;0.074;0.432;19273
B516D9;2015/03/02 01:20:30;19273;88;28.0;27.0;2.506;1.777;1.119;2.025;0.074;0.425;19274
B516D9;2015/03/02 01:20:41;19274;93;29.3;26.9;2.590;1.777;1.119;2.041;0.074;0.399;19275
B516D9;2015/03/02 01:20:50;19275;85;28.0;27.0;2.512;1.777;1.174;2.041;0.074;0.393;19276
B516D9;2015/03/02 01:21:00;19276;93;26.1;27.4;2.732;1.751;1.174;2.041;0.070;0.416;19277
B516D9;2015/03/02 01:21:10;19277;85;27.0;26.9;2.509;1.751;1.132;2.041;0.070;0.399;19278
B516D9;2015/03/02 01:21:21;19278;94;25.4;27.4;2.522;1.741;1.132;2.000;0.070;0.393;19279
B516D9;2015/03/02 01:21:30;19279;81;23.8;27.0;2.541;1.741;1.122;2.000;0.070;0.393;19280
B516D9;2015/03/02 01:21:40;19280;80;30.9;27.4;2.693;1.758;1.122;2.000;0.135;0.416;19281
B516D9;2015/03/02 01:21:50;19281;82;31.6;26.7;2.754;1.758;1.132;2.000;0.135;0.399;19282
B516D9;2015/03/02 01:22:00;19282;94;26.4;27.4;2.716;1.770;1.132;2.006;0.135;0.399;19283
B516D9;2015/03/02 01:22:10;19283;93;28.7;26.3;2.587;1.770;1.122;2.006;0.135;0.403;19284
B516D9;2015/03/02 01:22:20;19284;93;28.7;27.4;2.590;1.745;1.122;2.006;0.090;0.399;19285
B516D9;2015/03/02 01:22:30;19285;93;30.3;26.9;2.503;1.745;1.141;2.006;0.090;0.409;19286
B516D9;2015/03/02 01:22:40;19286;89;29.6;27.0;2.519;1.745;1.141;2.006;0.090;0.399;19287
B516D9;2015/03/02 01:22:50;19287;85;24.8;27.4;2.519;1.745;1.119;2.006;0.090;0.409;19288
B516D9;2015/03/02 01:23:00;19288;88;28.3;27.2;2.683;1.751;1.119;2.006;0.090;0.399;19289
B516D9;2015/03/02 01:23:10;19289;79;29.0;26.3;2.716;1.751;1.125;2.006;0.090;0.399;19290
B516D9;2015/03/02 01:23:20;19290;88;31.6;27.4;2.716;1.780;1.125;2.000;0.090;0.406;19291
B516D9;2015/03/02 01:23:30;19291;82;23.8;27.4;2.509;1.780;1.122;2.000;0.090;0.406;19292
B516D9;2015/03/02 01:23:40;19292;88;29.0;27.4;2.648;1.777;1.122;2.000;0.077;0.422;19293
B516D9;2015/03/02 01:23:50;19293;86;24.5;26.9;2.670;1.777;1.183;2.000;0.077;0.416;19294
B516D9;2015/03/02 01:24:00;19294;97;23.8;26.9;2.496;1.738;1.183;2.048;0.077;0.399;19295
B516D9;2015/03/02 01:24:10;19295;93;29.3;26.5;2.729;1.738;1.122;2.048;0.077;0.429;19296
B516D9;2015/03/02 01:24:20;19296;76;24.1;26.7;2.490;1.774;1.122;2.048;0.090;0.412;19297
B516D9;2015/03/02 01:24:30;19297;87;31.9;27.0;2.735;1.774;1.180;2.048;0.090;0.429;19298
B516D9;2015/03/02 01:24:41;19298;83;30.3;27.4;2.532;1.754;1.180;2.012;0.090;0.416;19299
B516D9;2015/03/02 01:24:50;19299;87;31.9;27.0;2.709;1.754;1.122;2.012;0.090;0.435;19300
B516D9;2015/03/02 01:25:00;19300;90;29.6;27.2;2.729;1.738;1.122;2.012;0.083;0.416;19301
B516D9;2015/03/02 01:25:10;19301;90;24.8;27.6;2.590;1.738;1.174;2.012;0.083;0.416;19302
B516D9;2015/03/02 01:25:21;19302;87;24.1;26.2;2.716;1.754;1.174;2.045;0.083;0.406;19303
B516D9;2015/03/02 01:25:30;19303;81;27.7;27.0;2.741;1.754;1.119;2.045;0.083;0.396;19304
B516D9;2015/03/02 01:25:40;19304;91;27.7;27.0;2.661;1.751;1.119;2.045;0.080;0.438;19305
B516D9;2015/03/02 01:25:50;19305;83;23.8;26.9;2.509;1.751;1.122;2.045;0.080;0.429;19306
B516D9;2015/03/02 01:26:00;19306;92;29.3;27.4;2.648;1.758;1.122;2.000;0.080;0.399;19307
B516D9;2015/03/02 01:26:10;19307;91;32.5;26.2;2.690;1.758;1.161;2.000;0.080;0.399;19308
B516D9;2015/03/02 01:26:20;19308;91;23.8;27.0;2.716;1.774;1.161;2.000;0.077;0.409;19309
B516D9;2015/03/02 01:26:30;19309;83;31.6;26.5;2.754;1.774;1.122;2.000;0.077;0.419;19310
B516D9;2015/03/02 01:26:40;19310;91;26.1;26.2;2.722;1.777;1.122;1.996;0.077;0.416;19311
B516D9;2015/03/02 01:26:50;19311;87;27.0;26.3;2.558;1.777;1.122;1.996;0.077;0.429;19312
B516D9;2015/03/02 01:27:00;19312;81;26.4;26.5;2.754;1.741;1.122;1.996;0.112;0.409;19313
B516D9;2015/03/02 01:27:10;19313;93;24.1;27.2;2.567;1.741;1.129;1.996;0.112;0.445;19314
B516D9;2015/03/02 01:27:20;19314;88;26.1;27.2;2.512;1.738;1.129;2.003;0.112;0.412;19315
B516D9;2015/03/02 01:27:30;19315;87;25.4;26.3;2.645;1.738;1.125;2.003;0.112;0.409;19316
B516D9;2015/03/02 01:27:40;19316;83;29.0;27.2;2.722;1.764;1.125;2.003;0.070;0.393;19317
B516D9;2015/03/02 01:27:50;19317;89;29.6;27.2;2.729;1.764;1.122;2.003;0.070;0.409;19318
B516D9;2015/03/02 01:28:00;19318;87;29.6;27.4;2.729;1.738;1.122;2.012;0.070;0.399;19319
B516D9;2015/03/02 01:28:10;19319;86;27.4;27.0;2.516;1.738;1.138;2.012;0.070;0.416;19320
B516D9;2015/03/02 01:28:20;19320;91;25.8;26.7;2.735;1.770;1.138;2.012;0.077;0.399;19321
B516D9;2015/03/02 01:28:30;19321;83;28.0;26.9;2.758;1.770;1.183;2.012;0.077;0.412;19322
B516D9;2015/03/02 01:28:40;19322;83;30.6;27.2;2.729;1.777;1.183;2.003;0.077;0.422;19323
B516D9;2015/03/02 01:28:50;19323;93;28.3;26.3;2.751;1.777;1.119;2.003;0.077;0.432;19324
B516D9;2015/03/02 01:29:00;19324;81;23.8;26.2;2.722;1.761;1.119;2.003;0.099;0.438;19325
B516D9;2015/03/02 01:29:10;19325;82;24.1;26.7;2.532;1.761;1.141;2.003;0.099;0.435;19326
B516D9;2015/03/02 01:29:20;19326;90;27.4;27.2;2.545;1.777;1.141;2.012;0.099;0.435;19327
B516D9;2015/03/02 01:29:30;19327;82;24.1;26.9;2.690;1.777;1.135;2.012;0.099;0.409;19328
B516D9;2015/03/02 01:29:40;19328;93;29.6;27.0;2.545;1.738;1.135;2.012;0.167;0.390;19329
B516D9;2015/03/02 01:29:50;19329;82;29.6;26.9;2.761;1.738;1.122;2.012;0.167;0.406;19330
B516D9;2015/03/02 01:30:00;19330;91;24.1;26.9;2.548;1.780;1.122;2.051;0.167;0.406;19331
B516D9;2015/03/02 01:30:10;19331;90;24.1;27.4;2.503;1.780;1.122;2.051;0.167;0.435;19332
B516D9;2015/03/02 01:30:20;19332;88;32.2;27.4;2.722;1.754;1.122;2.051;0.080;0.422;19333
B516D9;2015/03/02 01:30:30;19333;76;27.7;26.3;2.690;1.754;1.125;2.051;0.080;0.425;19334
B516D9;2015/03/02 01:30:41;19334;85;30.0;27.0;2.748;1.780;1.125;2.054;0.080;0.406;19335
B516D9;2015/03/02 01:30:50;19335;87;26.1;27.2;2.519;1.780;1.129;2.054;0.080;0.406;19336
B516D9;2015/03/02 01:31:00;19336;87;28.7;27.2;2.570;1.754;1.129;2.054;0.090;0.425;19337
B516D9;2015/03/02 01:31:10;19337;85;23.8;26.9;2.532;1.754;1.187;2.054;0.090;0.403;19338
B516D9;2015/03/02 01:31:20;19338;90;27.0;26.7;2.741;1.748;1.187;2.048;0.090;0.393;19339
B516D9;2015/03/02 01:31:30;19339;86;28.0;27.4;2.525;1.748;1.135;2.048;0.090;0.432;19340
B516D9;2015/03/02 01:31:40;19340;84;28.0;27.0;2.558;1.751;1.135;2.048;0.132;0.429;19341
B516D9;2015/03/02 01:31:50;19341;75;26.4;26.9;2.564;1.751;1.122;2.048;0.132;0.393;19342
B516D9;2015/03/02 01:32:01;19342;89;24.5;26.5;2.490;1.770;1.122;2.029;0.132;0.396;19343
B516D9;2015/03/02 01:32:10;19343;82;29.6;26.9;2.758;1.770;1.158;2.029;0.132;0.441;19344
B516D9;2015/03/02 01:32:20;19344;84;29.6;27.0;2.661;1.751;1.158;2.029;0.074;0.396;19345
B516D9;2015/03/02 01:32:30;19345;90;28.3;26.5;2.690;1.751;1.187;2.029;0.074;0.393;19346
B516D9;2015/03/02 01:32:40;19346;95;28.7;27.2;2.696;1.780;1.187;2.006;0.074;0.390;19347
B516D9;2015/03/02 01:32:50;19347;89;24.8;26.9;2.580;1.780;1.161;2.006;0.074;0.390;19348
B516D9;2015/03/02 01:33:00;19348;84;28.7;26.5;2.748;1.764;1.161;2.006;0.090;0.393;19349
B516D9;2015/03/02 01:33:10;19349;90;25.1;27.4;2.719;1.764;1.177;2.006;0.090;0.396;19350
B516D9;2015/03/02 01:33:20;19350;89;24.1;26.9;2.503;1.751;1.177;2.051;0.090;0.429;19351
B516D9;2015/03/02 01:33:30;19351;85;29.0;26.7;2.738;1.751;1.145;2.051;0.090;0.403;19352
B516D9;2015/03/02 01:33:40;19352;88;28.0;27.6;2.696;1.741;1.145;2.051;0.116;0.416;19353
B516D9;2015/03/02 01:33:50;19353;95;24.1;27.2;2.645;1.741;1.125;2.051;0.116;0.416;19354
B516D9;2015/03/02 01:34:01;19354;91;27.0;26.9;2.693;1.774;1.125;2.054;0.116;0.396;19355
B516D9;2015/03/02 01:34:10;19355;88;28.3;26.5;2.509;1.774;1.129;2.054;0.116;0.387;19356
B516D9;2015/03/02 01:34:20;19356;94;26.4;26.7;2.735;1.774;1.129;2.054;0.151;0.390;19357
B516D9;2015/03/02 01:34:30;19357;88;25.4;27.6;2.606;1.774;1.129;2.054;0.151;0.422;19358
B516D9;2015/03/02 01:34:41;19358;88;24.1;26.7;2.496;1.777;1.129;2.009;0.151;0.445;19359
B516D9;2015/03/02 01:34:50;19359;74;29.0;26.9;2.696;1.777;1.132;2.009;0.151;0.396;19360
B516D9;2015/03/02 01:35:00;19360;85;24.8;26.7;2.538;1.741;1.132;2.009;0.112;0.406;19361
B516D9;2015/03/02 01:35:10;19361;88;26.1;26.3;2.658;1.741;1.125;2.009;0.112;0.399;19362
B516D9;2015/03/02 01:35:21;19362;95;28.3;26.9;2.558;1.783;1.125;2.019;0.112;0.409;19363
B516D9;2015/03/02 01:35:30;19363;78;31.6;26.9;2.506;1.783;1.145;2.019;0.112;0.403;19364
B516D9;2015/03/02 01:35:40;19364;90;25.8;26.5;2.725;1.783;1.145;2.019;0.151;0.438;19365
B516D9;2015/03/02 01:35:50;19365;92;28.3;26.5;2.745;1.783;1.177;2.019;0.151;0.393;19366
B516D9;2015/03/02 01:36:00;19366;90;29.0;27.9;2.748;1.741;1.177;2.012;0.151;0.429;19367
B516D9;2015/03/02 01:36:10;19367;86;24.1;27.2;2.690;1.741;1.170;2.012;0.151;0.416;19368
B516D9;2015/03/02 01:36:20;19368;85;29.6;27.4;2.658;1.741;1.170;2.012;0.090;0.399;19369
B516D9;2015/03/02 01:36:30;19369;86;31.6;26.9;2.754;1.741;1.129;2.012;0.090;0.399;19370
B516D9;2015/03/02 01:36:40;19370;92;31.9;27.2;2.661;1.774;1.129;2.012;0.090;0.438;19371
B516D9;2015/03/02 01:36:50;19371;80;26.7;26.3;2.658;1.774;1.148;2.012;0.090;0.416;19372
B516D9;2015/03/02 01:37:00;19372;90;28.0;27.2;2.690;1.770;1.148;2.012;0.090;0.406;19373
B516D9;2015/03/02 01:37:10;19373;90;24.1;27.0;2.506;1.770;1.129;2.012;0.090;0.409;19374
B516D9;2015/03/02 01:37:20;19374;83;25.4;27.2;2.512;1.751;1.129;2.009;0.090;0.438;19375
B516D9;2015/03/02 01:37:30;19375;90;28.0;26.7;2.758;1.751;1.129;2.009;0.090;0.403;19376
B516D9;2015/03/02 01:37:40;19376;95;30.3;27.4;2.696;1.780;1.129;2.009;0.132;0.435;19377
B516D9;2015/03/02 01:37:50;19377;94;23.8;27.4;2.525;1.780;1.129;2.009;0.132;0.416;19378
B516D9;2015/03/02 01:38:00;19378;87;29.6;27.4;2.677;1.758;1.129;2.035;0.132;0.416;19379
B516D9;2015/03/02 01:38:10;19379;86;32.5;26.3;2.706;1.758;1.187;2.035;0.132;0.422;19380
B516D9;2015/03/02 01:38:20;19380;93;31.9;27.0;2.535;1.787;1.187;2.035;0.077;0.399;19381
B516D9;2015/03/02 01:38:30;19381;87;30.0;26.7;2.519;1.787;1.138;2.035;0.077;0.399;19382
B516D9;2015/03/02 01:38:41;19382;93;27.0;26.2;2.748;1.764;1.138;2.019;0.077;0.441;19383
B516D9;2015/03/02 01:38:50;19383;89;26.4;26.7;2.522;1.764;1.135;2.019;0.077;0.399;19384
B516D9;2015/03/02 01:39:00;19384;88;29.3;27.2;2.616;1.748;1.135;2.019;0.074;0.399;19385
B516D9;2015/03/02 01:39:10;19385;87;26.7;26.9;2.732;1.748;1.132;2.019;0.074;0.438;19386
B516D9;2015/03/02 01:39:21;19386;76;29.3;26.9;2.596;1.741;1.132;2.051;0.074;0.409;19387
B516D9;2015/03/02 01:39:30;19387;83;26.7;26.3;2.690;1.741;1.141;2.051;0.074;0.403;19388
B516D9;2015/03/02 01:39:40;19388;88;31.9;27.0;2.535;1.741;1.141;2.051;0.093;0.432;19389
B516D9;2015/03/02 01:39:50;19389;92;24.1;27.2;2.567;1.741;1.164;2.051;0.093;0.399;19390
B516D9;2015/03/02 01:40:01;19390;89;29.3;27.0;2.516;1.783;1.164;2.022;0.093;0.399;19391
B516D9;2015/03/02 01:40:10;19391;95;24.1;27.0;2.545;1.783;1.145;2.022;0.093;0.409;19392
B516D9;2015/03/02 01:40:20;19392;83;32.2;27.0;2.545;1.783;1.145;2.022;0.199;0.399;19393
B516D9;2015/03/02 01:40:30;19393;80;24.8;27.0;2.522;1.783;1.125;2.022;0.199;0.435;19394
B516D9;2015/03/02 01:40:40;19394;92;27.4;26.2;2.748;1.777;1.125;2.012;0.199;0.399;19395
B516D9;2015/03/02 01:40:50;19395;83;24.5;27.2;2.538;1.777;1.138;2.012;0.199;0.393;19396
B516D9;2015/03/02 01:41:00;19396;87;26.7;26.9;2.648;1.777;1.138;2.012;0.083;0.399;19397
B516D9;2015/03/02 01:41:10;19397;86;30.0;27.0;2.748;1.777;1.151;2.012;0.083;0.409;19398
B516D9;2015/03/02 01:41:21;19398;84;28.3;27.2;2.677;1.741;1.151;2.019;0.083;0.399;19399
B516D9;2015/03/02 01:41:30;19399;83;28.7;27.0;2.512;1.741;1.129;2.019;0.083;0.419;19400
B516D9;2015/03/02 01:41:40;19400;94;27.4;26.7;2.500;1.780;1.129;2.019;0.090;0.399;19401
B516D9;2015/03/02 01:41:50;19401;87;30.3;26.7;2.758;1.780;1.190;2.019;0.090;0.432;19402
B516D9;2015/03/02 01:42:01;19402;81;28.3;27.2;2.558;1.774;1.190;2.019;0.090;0.399;19403
B516D9;2015/03/02 01:42:10;19403;91;27.7;25.8;2.754;1.774;1.177;2.019;0.090;0.399;19404
B516D9;2015/03/02 01:42:20;19404;88;31.2;26.9;2.732;1.741;1.177;2.019;0.209;0.406;19405
B516D9;2015/03/02 01:42:30;19405;83;24.1;27.0;2.500;1.741;1.170;2.019;0.209;0.432;19406
B516D9;2015/03/02 01:42:41;19406;97;27.4;26.9;2.545;1.758;1.170;2.058;0.209;0.441;19407
B516D9;2015/03/02 01:42:50;19407;81;30.0;26.7;2.519;1.758;1.183;2.058;0.209;0.403;19408
B516D9;2015/03/02 01:43:00;19408;86;28.0;26.7;2.687;1.751;1.183;2.058;0.138;0.393;19409
B516D9;2015/03/02 01:43:10;19409;86;29.0;26.9;2.561;1.751;1.177;2.058;0.138;0.429;19410
B516D9;2015/03/02 01:43:21;19410;78;30.9;27.2;2.741;1.764;1.177;2.054;0.138;0.409;19411
B516D9;2015/03/02 01:43:30;19411;96;29.6;26.5;2.741;1.764;1.177;2.054;0.138;0.396;19412
B516D9;2015/03/02 01:43:40;19412;82;31.9;27.0;2.538;1.754;1.177;2.054;0.083;0.438;19413
B516D9;2015/03/02 01:43:50;19413;78;29.0;26.5;2.754;1.754;1.161;2.054;0.083;0.416;19414
B516D9;2015/03/02 01:44:01;19414;88;26.1;27.2;2.648;1.777;1.161;2.025;0.083;0.441;19415
B516D9;2015/03/02 01:44:10;19415;85;26.7;26.9;2.658;1.777;1.177;2.025;0.083;0.419;19416
B516D9;2015/03/02 01:44:20;19416;88;29.3;27.2;2.719;1.780;1.177;2.025;0.080;0.399;19417
B516D9;2015/03/02 01:44:30;19417;90;27.0;26.7;2.512;1.780;1.138;2.025;0.080;0.432;19418
B516D9;2015/03/02 01:44:41;19418;89;25.1;26.7;2.564;1.758;1.138;2.019;0.080;0.438;19419
B516D9;2015/03/02 01:44:50;19419;91;24.1;27.0;2.545;1.758;1.132;2.019;0.080;0.406;19420
B516D9;2015/03/02 01:45:00;19420;87;29.0;27.0;2.558;1.748;1.132;2.019;0.077;0.399;19421
B516D9;2015/03/02 01:45:10;19421;75;24.1;26.9;2.541;1.748;1.132;2.019;0.077;0.441;19422
B516D9;2015/03/02 01:45:21;19422;92;26.1;26.9;2.519;1.774;1.132;2.025;0.077;0.419;19423
B516D9;2015/03/02 01:45:30;19423;89;24.5;27.0;2.729;1.774;1.129;2.025;0.077;0.441;19424
B516D9;2015/03/02 01:45:40;19424;83;26.1;26.9;2.596;1.751;1.129;2.025;0.070;0.406;19425
B516D9;2015/03/02 01:45:50;19425;88;32.5;26.5;2.725;1.751;1.187;2.025;0.070;0.409;19426
B516D9;2015/03/02 01:46:01;19426;92;30.9;27.4;2.554;1.767;1.187;2.067;0.070;0.396;19427
B516D9;2015/03/02 01:46:10;19427;83;26.1;26.9;2.525;1.767;1.129;2.067;0.070;0.399;19428
B516D9;2015/03/02 01:46:20;19428;87;29.3;27.4;2.603;1.751;1.129;2.067;0.083;0.422;19429
B516D9;2015/03/02 01:46:30;19429;93;28.0;26.5;2.758;1.751;1.161;2.067;0.083;0.425;19430
B516D9;2015/03/02 01:46:41;19430;86;29.6;27.0;2.545;1.783;1.161;2.025;0.083;0.399;19431
B516D9;2015/03/02 01:46:50;19431;80;29.0;27.0;2.758;1.783;1.190;2.025;0.083;0.399;19432
B516D9;2015/03/02 01:47:00;19432;83;28.0;27.2;2.680;1.774;1.190;2.025;0.080;0.412;19433
B516D9;2015/03/02 01:47:10;19433;86;29.0;26.0;2.709;1.774;1.170;2.025;0.080;0.406;19434
B516D9;2015/03/02 01:47:21;19434;82;28.3;26.9;2.722;1.754;1.170;2.048;0.080;0.399;19435
B516D9;2015/03/02 01:47:30;19435;88;30.9;26.7;2.729;1.754;1.170;2.048;0.080;0.406;19436
B516D9;2015/03/02 01:47:40;19436;88;29.6;27.2;2.754;1.780;1.170;2.048;0.206;0.406;19437
B516D9;2015/03/02 01:47:50;19437;76;26.7;26.9;2.641;1.780;1.129;2.048;0.206;0.435;19438
B516D9;2015/03/02 01:48:01;19438;88;30.0;26.3;2.500;1.751;1.129;2.035;0.206;0.406;19439
B516D9;2015/03/02 01:48:10;19439;83;32.2;26.7;2.738;1.751;1.129;2.035;0.206;0.425;19440
B516D9;2015/03/02 01:48:20;19440;91;28.7;27.0;2.590;1.754;1.129;2.035;0.154;0.412;19441
B516D9;2015/03/02 01:48:30;19441;86;30.3;26.5;2.509;1.754;1.132;2.035;0.154;0.438;19442
B516D9;2015/03/02 01:48:41;19442;93;29.6;26.9;2.716;1.770;1.132;2.058;0.154;0.422;19443
B516D9;2015/03/02 01:48:50;19443;85;32.5;26.3;2.735;1.770;1.129;2.058;0.154;0.399;19444
B516D9;2015/03/02 01:49:00;19444;87;28.7;26.9;2.729;1.790;1.129;2.058;0.090;0.406;19445
B516D9;2015/03/02 01:49:10;19445;86;24.1;27.0;2.500;1.790;1.132;2.058;0.090;0.399;19446
B516D9;2015/03/02 01:49:21;19446;92;26.1;26.5;2.593;1.783;1.132;2.016;0.090;0.399;19447
B516D9;2015/03/02 01:49:30;19447;84;29.6;26.7;2.735;1.783;1.145;2.016;0.090;0.396;19448
B516D9;2015/03/02 01:49:40;19448;78;24.8;26.5;2.519;1.770;1.145;2.016;0.087;0.409;19449
B516D9;2015/03/02 01:49:50;19449;78;32.5;26.2;2.687;1.770;1.138;2.016;0.087;0.429;19450
B516D9;2015/03/02 01:50:01;19450;97;29.3;27.0;2.658;1.764;1.138;2.058;0.087;0.393;19451
B516D9;2015/03/02 01:50:10;19451;88;24.1;27.2;2.558;1.764;1.145;2.058;0.087;0.422;19452
B516D9;2015/03/02 01:50:20;19452;75;32.9;26.7;2.503;1.767;1.145;2.058;0.087;0.393;19453
B516D9;2015/03/02 01:50:30;19453;85;24.5;27.0;2.522;1.767;1.132;2.058;0.087;0.425;19454
B516D9;2015/03/02 01:50:41;19454;78;30.6;27.0;2.648;1.767;1.132;2.029;0.087;0.432;19455
B516D9;2015/03/02 01:50:50;19455;88;31.6;27.0;2.506;1.767;1.145;2.029;0.087;0.422;19456
B516D9;2015/03/02 01:51:00;19456;89;28.3;26.9;2.725;1.783;1.145;2.029;0.129;0.390;19457
B516D9;2015/03/02 01:51:10;19457;77;23.8;27.2;2.503;1.783;1.164;2.029;0.129;0.393;19458
B516D9;2015/03/02 01:51:21;19458;77;29.0;27.0;2.635;1.748;1.164;2.058;0.129;0.448;19459
B516D9;2015/03/02 01:51:30;19459;90;29.0;26.5;2.732;1.748;1.132;2.058;0.129;0.429;19460
B516D9;2015/03/02 01:51:40;19460;88;31.6;27.0;2.538;1.751;1.132;2.058;0.077;0.416;19461
B516D9;2015/03/02 01:51:50;19461;83;30.0;26.9;2.529;1.751;1.129;2.058;0.077;0.390;19462
B516D9;2015/03/02 01:52:01;19462;91;28.0;26.9;2.751;1.761;1.129;2.029;0.077;0.422;19463
B516D9;2015/03/02 01:52:10;19463;83;28.0;26.9;2.545;1.761;1.164;2.029;0.077;0.422;19464
B516D9;2015/03/02 01:52:20;19464;81;30.6;27.2;2.619;1.774;1.164;2.029;0.099;0.416;19465
B516D9;2015/03/02 01:52:30;19465;87;29.0;26.5;2.712;1.774;1.190;2.029;0.099;0.393;19466
B516D9;2015/03/02 01:52:41;19466;88;29.6;27.4;2.577;1.770;1.190;2.029;0.099;0.409;19467
B516D9;2015/03/02 01:52:50;19467;82;28.3;27.0;2.758;1.770;1.135;2.029;0.099;0.435;19468
B516D9;2015/03/02 01:53:00;19468;89;24.1;26.3;2.729;1.787;1.135;2.029;0.083;0.390;19469
B516D9;2015/03/02 01:53:10;19469;86;28.3;26.2;2.722;1.787;1.180;2.029;0.083;0.393;19470
B516D9;2015/03/02 01:53:21;19470;76;29.0;27.4;2.538;1.754;1.180;2.041;0.083;0.406;19471
B516D9;2015/03/02 01:53:30;19471;82;27.7;26.2;2.574;1.754;1.132;2.041;0.083;0.419;19472
B516D9;2015/03/02 01:53:40;19472;91;23.8;27.0;2.748;1.758;1.132;2.041;0.106;0.409;19473
B516D9;2015/03/02 01:53:50;19473;79;27.7;26.2;2.703;1.758;1.183;2.041;0.106;0.393;19474
B516D9;2015/03/02 01:54:01;19474;89;26.1;27.2;2.525;1.790;1.183;2.061;0.106;0.429;19475
B516D9;2015/03/02 01:54:10;19475;93;26.7;26.5;2.758;1.790;1.193;2.061;0.106;0.422;19476
B516D9;2015/03/02 01:54:21;19476;77;30.6;27.0;2.619;1.790;1.193;2.061;0.145;0.399;19477
B516D9;2015/03/02 01:54:30;19477;88;26.1;26.2;2.651;1.790;1.145;2.061;0.145;0.393;19478
B516D9;2015/03/02 01:54:41;19478;90;24.1;26.3;2.512;1.748;1.145;2.074;0.145;0.396;19479
B516D9;2015/03/02 01:54:50;19479;88;29.3;26.9;2.503;1.748;1.132;2.074;0.145;0.419;19480
B516D9;2015/03/02 01:55:00;19480;84;26.1;26.7;2.522;1.793;1.132;2.074;0.087;0.425;19481
B516D9;2015/03/02 01:55:10;19481;90;25.4;27.0;2.525;1.793;1.132;2.074;0.087;0.451;19482
B516D9;2015/03/02 01:55:21;19482;88;29.3;26.9;2.622;1.790;1.132;2.061;0.087;0.399;19483
B516D9;2015/03/02 01:55:30;19483;85;23.8;26.9;2.648;1.790;1.138;2.061;0.087;0.399;19484
B516D9;2015/03/02 01:55:40;19484;89;30.9;27.0;2.538;1.748;1.138;2.061;0.119;0.406;19485
B516D9;2015/03/02 01:55:50;19485;90;25.4;26.7;2.532;1.748;1.148;2.061;0.119;0.425;19486
B516D9;2015/03/02 01:56:01;19486;95;25.1;26.7;2.506;1.748;1.148;2.038;0.119;0.438;19487
B516D9;2015/03/02 01:56:10;19487;93;26.7;27.0;2.516;1.748;1.190;2.038;0.119;0.416;19488
B516D9;2015/03/02 01:56:20;19488;88;27.4;26.3;2.754;1.767;1.190;2.038;0.080;0.396;19489
B516D9;2015/03/02 01:56:30;19489;88;27.4;26.9;2.522;1.767;1.180;2.038;0.080;0.396;19490
B516D9;2015/03/02 01:56:41;19490;93;31.6;27.0;2.645;1.770;1.180;2.064;0.080;0.416;19491
B516D9;2015/03/02 01:56:50;19491;84;26.7;26.3;2.683;1.770;1.196;2.064;0.080;0.399;19492
B516D9;2015/03/02 01:57:00;19492;77;27.0;27.2;2.545;1.748;1.196;2.064;0.093;0.406;19493
B516D9;2015/03/02 01:57:10;19493;93;24.8;27.0;2.570;1.748;1.148;2.064;0.093;0.399;19494
B516D9;2015/03/02 01:57:21;19494;86;28.3;27.2;2.738;1.754;1.148;2.019;0.093;0.435;19495
B516D9;2015/03/02 01:57:30;19495;82;24.8;27.0;2.529;1.754;1.158;2.019;0.093;0.429;19496
B516D9;2015/03/02 01:57:40;19496;89;25.1;26.5;2.512;1.787;1.158;2.019;0.090;0.406;19497
B516D9;2015/03/02 01:57:50;19497;90;32.2;26.9;2.758;1.787;1.193;2.019;0.090;0.412;19498
B516D9;2015/03/02 01:58:01;19498;88;29.3;26.9;2.709;1.790;1.193;2.070;0.090;0.416;19499
B516D9;2015/03/02 01:58:10;19499;88;23.8;27.0;2.512;1.790;1.190;2.070;0.090;0.396;19500
B516D9;2015/03/02 01:58:20;19500;91;31.6;26.7;2.648;1.790;1.190;2.070;0.083;0.422;19501
B516D9;2015/03/02 01:58:30;19501;81;29.0;26.7;2.751;1.790;1.132;2.070;0.083;0.416;19502
B516D9;2015/03/02 01:58:41;19502;91;30.9;27.0;2.619;1.777;1.132;2.025;0.083;0.399;19503
B516D9;2015/03/02 01:58:50;19503;88;24.1;26.7;2.558;1.777;1.151;2.025;0.083;0.451;19504
B516D9;2015/03/02 01:59:00;19504;88;32.9;27.0;2.590;1.748;1.151;2.025;0.083;0.406;19505
B516D9;2015/03/02 01:59:10;19505;86;25.4;27.0;2.525;1.748;1.161;2.025;0.083;0.438;19506
B516D9;2015/03/02 01:59:21;19506;79;24.1;26.3;2.722;1.793;1.161;2.064;0.083;0.416;19507
B516D9;2015/03/02 01:59:30;19507;93;23.8;27.2;2.538;1.793;1.132;2.064;0.083;0.393;19508
B516D9;2015/03/02 01:59:40;19508;92;29.6;27.0;2.703;1.748;1.132;2.064;0.106;0.406;19509
B516D9;2015/03/02 01:59:50;19509;89;23.8;26.9;2.529;1.748;1.135;2.064;0.106;0.406;19510
B516D9;2015/03/02 02:00:01;19510;86;29.6;26.9;2.716;1.764;1.135;2.080;0.106;0.390;19511
B516D9;2015/03/02 02:00:10;19511;83;28.3;25.8;2.716;1.764;1.183;2.080;0.106;0.429;19512
B516D9;2015/03/02 02:00:21;19512;87;30.0;26.7;2.506;1.774;1.183;2.080;0.083;0.393;19513
B516D9;2015/03/02 02:00:30;19513;86;27.7;26.2;2.696;1.774;1.148;2.080;0.083;0.393;19514
B516D9;2015/03/02 02:00:41;19514;86;25.1;26.0;2.522;1.758;1.148;2.032;0.083;0.422;19515
