B516D9;2015/03/07 00:00:03;3181;92;30.9;19.2;2.816;1.358;0.838;1.193;0.022;0.387;3182
B516D9;2015/03/07 00:00:13;3182;85;26.1;18.9;2.593;1.370;0.838;1.222;0.022;0.367;3183
B516D9;2015/03/07 00:00:23;3183;89;26.1;19.8;2.699;1.370;0.893;1.222;0.022;0.383;3184
B516D9;2015/03/07 00:00:33;3184;82;23.5;19.6;2.799;1.345;0.893;1.222;0.029;0.364;3185
B516D9;2015/03/07 00:00:43;3185;92;30.6;19.1;2.558;1.345;0.841;1.222;0.029;0.383;3186
B516D9;2015/03/07 00:00:53;3186;79;24.5;18.7;2.780;1.348;0.841;1.180;0.029;0.403;3187
B516D9;2015/03/07 00:01:03;3187;87;26.1;18.4;2.729;1.348;0.854;1.180;0.029;0.361;3188
B516D9;2015/03/07 00:01:13;3188;86;30.6;19.1;2.603;1.354;0.854;1.180;0.077;0.380;3189
B516D9;2015/03/07 00:01:23;3189;86;30.3;19.1;2.809;1.354;0.854;1.180;0.077;0.367;3190
B516D9;2015/03/07 00:01:33;3190;84;29.0;19.4;2.767;1.367;0.854;1.209;0.077;0.374;3191
B516D9;2015/03/07 00:01:43;3191;83;31.6;19.1;2.761;1.367;0.835;1.209;0.077;0.364;3192
B516D9;2015/03/07 00:01:53;3192;82;28.0;19.1;2.654;1.358;0.835;1.209;0.019;0.387;3193
B516D9;2015/03/07 00:02:03;3193;93;27.7;19.4;2.809;1.358;0.838;1.209;0.019;0.374;3194
B516D9;2015/03/07 00:02:13;3194;79;31.6;19.1;2.693;1.348;0.838;1.190;0.019;0.393;3195
B516D9;2015/03/07 00:02:23;3195;84;32.5;19.1;2.799;1.348;0.838;1.190;0.019;0.403;3196
B516D9;2015/03/07 00:02:33;3196;82;26.1;18.9;2.787;1.387;0.838;1.190;0.019;0.380;3197
B516D9;2015/03/07 00:02:43;3197;82;29.0;18.9;2.564;1.387;0.877;1.190;0.019;0.396;3198
B516D9;2015/03/07 00:02:53;3198;92;30.0;19.1;2.725;1.341;0.877;1.170;0.019;0.396;3199
B516D9;2015/03/07 00:03:03;3199;85;24.5;18.7;2.583;1.341;0.838;1.170;0.019;0.380;3200
B516D9;2015/03/07 00:03:13;3200;93;26.4;19.1;2.577;1.377;0.838;1.170;0.077;0.403;3201
B516D9;2015/03/07 00:03:23;3201;86;26.7;19.1;2.580;1.377;0.848;1.170;0.077;0.374;3202
B516D9;2015/03/07 00:03:33;3202;90;23.8;18.7;2.603;1.361;0.848;1.167;0.077;0.403;3203
B516D9;2015/03/07 00:03:43;3203;85;25.4;18.5;2.816;1.361;0.877;1.167;0.077;0.380;3204
B516D9;2015/03/07 00:03:53;3204;91;25.1;19.1;2.809;1.345;0.877;1.167;0.016;0.374;3205
B516D9;2015/03/07 00:04:03;3205;86;26.1;19.1;2.809;1.345;0.835;1.167;0.016;0.383;3206
B516D9;2015/03/07 00:04:13;3206;95;25.4;19.2;2.719;1.377;0.835;1.177;0.016;0.383;3207
B516D9;2015/03/07 00:04:23;3207;88;25.4;19.2;2.670;1.377;0.861;1.177;0.016;0.374;3208
B516D9;2015/03/07 00:04:33;3208;89;27.4;19.1;2.661;1.387;0.861;1.177;0.019;0.380;3209
B516D9;2015/03/07 00:04:43;3209;82;23.5;19.2;2.561;1.387;0.832;1.177;0.019;0.412;3210
B516D9;2015/03/07 00:04:53;3210;83;23.8;18.9;2.551;1.364;0.832;1.170;0.019;0.374;3211
B516D9;2015/03/07 00:05:03;3211;88;29.6;18.9;2.596;1.364;0.838;1.170;0.019;0.374;3212
B516D9;2015/03/07 00:05:13;3212;78;28.0;19.1;2.754;1.348;0.838;1.170;0.022;0.393;3213
B516D9;2015/03/07 00:05:23;3213;94;32.5;18.5;2.767;1.348;0.845;1.170;0.022;0.380;3214
B516D9;2015/03/07 00:05:33;3214;91;26.7;18.4;2.809;1.351;0.845;1.232;0.022;0.403;3215
B516D9;2015/03/07 00:05:43;3215;87;30.6;19.1;2.748;1.351;0.858;1.232;0.022;0.412;3216
B516D9;2015/03/07 00:05:53;3216;88;28.3;18.5;2.551;1.361;0.858;1.232;0.022;0.380;3217
B516D9;2015/03/07 00:06:03;3217;89;23.5;19.1;2.809;1.361;0.896;1.232;0.022;0.390;3218
B516D9;2015/03/07 00:06:13;3218;93;32.5;19.1;2.616;1.348;0.896;1.177;0.022;0.387;3219
B516D9;2015/03/07 00:06:23;3219;82;23.8;19.1;2.564;1.348;0.893;1.177;0.022;0.412;3220
B516D9;2015/03/07 00:06:33;3220;93;28.7;19.2;2.706;1.374;0.893;1.177;0.022;0.416;3221
B516D9;2015/03/07 00:06:43;3221;92;28.3;19.1;2.816;1.374;0.838;1.177;0.022;0.390;3222
B516D9;2015/03/07 00:06:53;3222;93;24.8;18.5;2.629;1.348;0.838;1.167;0.022;0.374;3223
B516D9;2015/03/07 00:07:03;3223;89;27.0;18.4;2.754;1.348;0.838;1.167;0.022;0.399;3224
B516D9;2015/03/07 00:07:13;3224;83;23.5;19.6;2.799;1.387;0.838;1.167;0.019;0.422;3225
B516D9;2015/03/07 00:07:23;3225;89;26.1;18.7;2.729;1.387;0.890;1.167;0.019;0.377;3226
B516D9;2015/03/07 00:07:33;3226;88;24.5;18.5;2.574;1.351;0.890;1.167;0.019;0.403;3227
B516D9;2015/03/07 00:07:43;3227;83;28.3;18.9;2.645;1.351;0.854;1.167;0.019;0.412;3228
B516D9;2015/03/07 00:07:53;3228;88;27.0;18.5;2.725;1.380;0.854;1.167;0.077;0.380;3229
B516D9;2015/03/07 00:08:03;3229;86;25.1;19.1;2.583;1.380;0.838;1.167;0.077;0.380;3230
B516D9;2015/03/07 00:08:13;3230;95;25.4;18.7;2.583;1.367;0.838;1.164;0.077;0.412;3231
B516D9;2015/03/07 00:08:23;3231;87;31.2;18.9;2.790;1.367;0.835;1.164;0.077;0.422;3232
B516D9;2015/03/07 00:08:33;3232;94;25.8;18.5;2.580;1.370;0.835;1.164;0.025;0.422;3233
B516D9;2015/03/07 00:08:43;3233;88;24.1;18.7;2.622;1.370;0.838;1.164;0.025;0.380;3234
B516D9;2015/03/07 00:08:53;3234;93;29.0;19.4;2.699;1.338;0.838;1.183;0.025;0.383;3235
B516D9;2015/03/07 00:09:03;3235;82;25.8;18.5;2.822;1.338;0.848;1.183;0.025;0.390;3236
B516D9;2015/03/07 00:09:13;3236;83;28.3;19.1;2.761;1.364;0.848;1.183;0.035;0.380;3237
B516D9;2015/03/07 00:09:23;3237;95;25.4;19.2;2.683;1.364;0.832;1.183;0.035;0.416;3238
B516D9;2015/03/07 00:09:33;3238;93;25.4;18.9;2.603;1.341;0.832;1.187;0.035;0.377;3239
B516D9;2015/03/07 00:09:43;3239;83;28.3;18.5;2.777;1.341;0.887;1.187;0.035;0.380;3240
B516D9;2015/03/07 00:09:53;3240;85;26.1;18.7;2.583;1.370;0.887;1.187;0.016;0.380;3241
B516D9;2015/03/07 00:10:03;3241;93;28.3;18.7;2.809;1.370;0.832;1.187;0.016;0.383;3242
B516D9;2015/03/07 00:10:13;3242;89;24.8;18.2;2.577;1.345;0.832;1.164;0.016;0.403;3243
B516D9;2015/03/07 00:10:23;3243;90;24.5;19.2;2.651;1.345;0.832;1.164;0.016;0.406;3244
B516D9;2015/03/07 00:10:33;3244;89;30.6;19.2;2.722;1.380;0.832;1.164;0.009;0.409;3245
B516D9;2015/03/07 00:10:43;3245;84;28.7;19.1;2.567;1.380;0.832;1.164;0.009;0.374;3246
B516D9;2015/03/07 00:10:53;3246;88;27.4;18.2;2.809;1.338;0.832;1.158;0.009;0.390;3247
B516D9;2015/03/07 00:11:03;3247;77;31.9;18.7;2.780;1.338;0.877;1.158;0.009;0.390;3248
B516D9;2015/03/07 00:11:13;3248;92;29.0;18.4;2.564;1.380;0.877;1.158;0.019;0.396;3249
B516D9;2015/03/07 00:11:23;3249;88;23.5;19.1;2.574;1.380;0.880;1.158;0.019;0.374;3250
B516D9;2015/03/07 00:11:33;3250;97;29.3;19.4;2.654;1.383;0.880;1.216;0.019;0.412;3251
B516D9;2015/03/07 00:11:43;3251;85;26.1;18.5;2.729;1.383;0.880;1.216;0.019;0.374;3252
B516D9;2015/03/07 00:11:53;3252;89;27.0;18.4;2.580;1.345;0.880;1.216;0.029;0.403;3253
B516D9;2015/03/07 00:12:03;3253;88;30.3;18.7;2.777;1.345;0.838;1.216;0.029;0.393;3254
B516D9;2015/03/07 00:12:13;3254;91;29.6;19.4;2.793;1.380;0.838;1.183;0.029;0.380;3255
B516D9;2015/03/07 00:12:23;3255;78;30.3;19.1;2.819;1.380;0.841;1.183;0.029;0.370;3256
B516D9;2015/03/07 00:12:33;3256;91;30.9;19.4;2.767;1.335;0.841;1.183;0.025;0.380;3257
B516D9;2015/03/07 00:12:43;3257;93;26.4;18.7;2.761;1.335;0.870;1.183;0.025;0.370;3258
B516D9;2015/03/07 00:12:53;3258;80;27.0;18.5;2.809;1.361;0.870;1.219;0.025;0.396;3259
B516D9;2015/03/07 00:13:03;3259;86;30.6;18.9;2.564;1.361;0.890;1.219;0.025;0.403;3260
B516D9;2015/03/07 00:13:13;3260;88;27.0;18.4;2.580;1.377;0.890;1.219;0.006;0.390;3261
B516D9;2015/03/07 00:13:23;3261;93;29.6;18.9;2.574;1.377;0.832;1.219;0.006;0.380;3262
B516D9;2015/03/07 00:13:33;3262;90;27.4;18.9;2.619;1.338;0.832;1.161;0.006;0.374;3263
B516D9;2015/03/07 00:13:43;3263;92;28.3;19.1;2.816;1.338;0.832;1.161;0.006;0.383;3264
B516D9;2015/03/07 00:13:53;3264;96;29.0;19.4;2.754;1.380;0.832;1.161;0.006;0.396;3265
B516D9;2015/03/07 00:14:03;3265;78;23.5;18.7;2.570;1.380;0.832;1.161;0.006;0.374;3266
B516D9;2015/03/07 00:14:13;3266;90;28.0;18.7;2.783;1.370;0.832;1.187;0.006;0.390;3267
B516D9;2015/03/07 00:14:23;3267;86;23.5;18.9;2.593;1.370;0.848;1.187;0.006;0.383;3268
B516D9;2015/03/07 00:14:33;3268;88;25.4;18.9;2.687;1.377;0.848;1.187;0.022;0.396;3269
B516D9;2015/03/07 00:14:43;3269;93;24.1;18.7;2.696;1.377;0.832;1.187;0.022;0.412;3270
B516D9;2015/03/07 00:14:53;3270;82;26.1;19.1;2.551;1.380;0.832;1.158;0.022;0.387;3271
B516D9;2015/03/07 00:15:03;3271;91;28.7;19.1;2.567;1.380;0.832;1.158;0.022;0.374;3272
B516D9;2015/03/07 00:15:13;3272;83;26.7;19.1;2.596;1.341;0.832;1.158;0.009;0.403;3273
B516D9;2015/03/07 00:15:23;3273;81;28.7;18.9;2.570;1.341;0.838;1.158;0.009;0.425;3274
B516D9;2015/03/07 00:15:33;3274;88;23.5;19.2;2.570;1.348;0.838;1.187;0.009;0.374;3275
B516D9;2015/03/07 00:15:43;3275;79;29.0;19.1;2.812;1.348;0.890;1.187;0.009;0.383;3276
B516D9;2015/03/07 00:15:53;3276;79;29.6;18.5;2.812;1.380;0.890;1.187;0.019;0.364;3277
B516D9;2015/03/07 00:16:03;3277;89;32.2;18.9;2.819;1.380;0.887;1.187;0.019;0.403;3278
B516D9;2015/03/07 00:16:13;3278;96;23.5;18.5;2.809;1.377;0.887;1.219;0.019;0.364;3279
B516D9;2015/03/07 00:16:23;3279;90;32.2;18.9;2.583;1.377;0.887;1.219;0.019;0.367;3280
B516D9;2015/03/07 00:16:33;3280;83;31.9;19.1;2.787;1.377;0.887;1.219;0.019;0.412;3281
B516D9;2015/03/07 00:16:43;3281;91;24.8;18.5;2.796;1.377;0.848;1.219;0.019;0.383;3282
B516D9;2015/03/07 00:16:53;3282;81;26.7;19.2;2.603;1.335;0.848;1.164;0.019;0.403;3283
B516D9;2015/03/07 00:17:03;3283;82;24.8;19.2;2.793;1.335;0.854;1.164;0.019;0.390;3284
B516D9;2015/03/07 00:17:13;3284;83;28.7;19.1;2.616;1.364;0.854;1.164;0.022;0.380;3285
B516D9;2015/03/07 00:17:23;3285;87;23.8;19.1;2.612;1.364;0.832;1.164;0.022;0.406;3286
B516D9;2015/03/07 00:17:33;3286;93;29.6;19.4;2.741;1.351;0.832;1.193;0.022;0.383;3287
B516D9;2015/03/07 00:17:43;3287;88;24.8;18.7;2.651;1.351;0.877;1.193;0.022;0.396;3288
B516D9;2015/03/07 00:17:53;3288;80;26.1;19.2;2.683;1.358;0.877;1.193;0.016;0.367;3289
B516D9;2015/03/07 00:18:03;3289;93;24.1;19.4;2.583;1.358;0.832;1.193;0.016;0.367;3290
B516D9;2015/03/07 00:18:13;3290;79;29.6;19.1;2.632;1.374;0.832;1.170;0.016;0.399;3291
B516D9;2015/03/07 00:18:23;3291;80;23.8;18.9;2.748;1.374;0.861;1.170;0.016;0.390;3292
B516D9;2015/03/07 00:18:33;3292;85;28.3;18.7;2.699;1.351;0.861;1.170;0.148;0.364;3293
B516D9;2015/03/07 00:18:43;3293;88;31.6;19.1;2.780;1.351;0.864;1.170;0.148;0.390;3294
B516D9;2015/03/07 00:18:53;3294;88;28.7;19.4;2.583;1.380;0.864;1.180;0.148;0.383;3295
B516D9;2015/03/07 00:19:03;3295;91;28.3;18.9;2.580;1.380;0.832;1.180;0.148;0.370;3296
B516D9;2015/03/07 00:19:13;3296;86;25.1;18.5;2.583;1.364;0.832;1.180;0.006;0.374;3297
B516D9;2015/03/07 00:19:23;3297;86;30.3;19.1;2.574;1.364;0.832;1.180;0.006;0.390;3298
B516D9;2015/03/07 00:19:33;3298;91;24.8;18.9;2.580;1.354;0.832;1.187;0.006;0.412;3299
B516D9;2015/03/07 00:19:43;3299;77;27.7;19.1;2.583;1.354;0.832;1.187;0.006;0.383;3300
B516D9;2015/03/07 00:19:53;3300;92;29.0;18.4;2.551;1.370;0.832;1.187;0.067;0.396;3301
B516D9;2015/03/07 00:20:03;3301;85;32.2;19.1;2.790;1.370;0.874;1.187;0.067;0.367;3302
B516D9;2015/03/07 00:20:13;3302;88;28.0;18.4;2.554;1.361;0.874;1.158;0.067;0.367;3303
B516D9;2015/03/07 00:20:23;3303;93;23.8;18.9;2.703;1.361;0.883;1.158;0.067;0.370;3304
B516D9;2015/03/07 00:20:33;3304;83;31.9;19.2;2.816;1.364;0.883;1.158;0.012;0.390;3305
B516D9;2015/03/07 00:20:43;3305;88;29.6;18.9;2.822;1.364;0.883;1.158;0.012;0.396;3306
B516D9;2015/03/07 00:20:53;3306;93;28.7;19.2;2.693;1.341;0.883;1.193;0.012;0.364;3307
B516D9;2015/03/07 00:21:03;3307;82;23.5;18.9;2.570;1.341;0.874;1.193;0.012;0.377;3308
B516D9;2015/03/07 00:21:13;3308;92;24.8;18.9;2.583;1.364;0.874;1.193;0.035;0.367;3309
B516D9;2015/03/07 00:21:23;3309;87;30.0;18.9;2.741;1.364;0.835;1.193;0.035;0.390;3310
B516D9;2015/03/07 00:21:33;3310;97;25.1;18.9;2.577;1.377;0.835;1.164;0.035;0.403;3311
B516D9;2015/03/07 00:21:43;3311;86;26.1;18.5;2.809;1.377;0.841;1.164;0.035;0.390;3312
B516D9;2015/03/07 00:21:53;3312;88;26.1;19.2;2.722;1.364;0.841;1.164;0.019;0.390;3313
B516D9;2015/03/07 00:22:03;3313;91;27.7;18.7;2.825;1.364;0.848;1.164;0.019;0.399;3314
B516D9;2015/03/07 00:22:13;3314;87;23.8;19.1;2.577;1.341;0.848;1.164;0.019;0.364;3315
B516D9;2015/03/07 00:22:23;3315;86;28.3;18.7;2.606;1.341;0.841;1.164;0.019;0.403;3316
B516D9;2015/03/07 00:22:33;3316;87;30.9;19.1;2.609;1.367;0.841;1.164;0.022;0.380;3317
B516D9;2015/03/07 00:22:43;3317;86;28.0;19.2;2.761;1.367;0.841;1.164;0.022;0.383;3318
B516D9;2015/03/07 00:22:53;3318;96;30.0;18.9;2.558;1.354;0.841;1.170;0.022;0.374;3319
B516D9;2015/03/07 00:23:03;3319;86;29.0;18.7;2.622;1.354;0.848;1.170;0.022;0.374;3320
B516D9;2015/03/07 00:23:13;3320;93;29.0;18.4;2.812;1.358;0.848;1.170;0.006;0.387;3321
B516D9;2015/03/07 00:23:23;3321;90;31.6;18.9;2.574;1.358;0.900;1.170;0.006;0.412;3322
B516D9;2015/03/07 00:23:33;3322;92;25.1;18.5;2.580;1.370;0.900;1.193;0.006;0.374;3323
B516D9;2015/03/07 00:23:43;3323;83;23.8;18.9;2.709;1.370;0.851;1.193;0.006;0.380;3324
B516D9;2015/03/07 00:23:53;3324;93;29.3;19.4;2.590;1.345;0.851;1.193;0.019;0.383;3325
B516D9;2015/03/07 00:24:03;3325;83;25.1;19.2;2.670;1.345;0.906;1.193;0.019;0.390;3326
B516D9;2015/03/07 00:24:13;3326;93;27.4;19.1;2.641;1.361;0.906;1.170;0.019;0.438;3327
B516D9;2015/03/07 00:24:23;3327;85;29.0;19.1;2.816;1.361;0.848;1.170;0.019;0.383;3328
B516D9;2015/03/07 00:24:33;3328;89;27.0;19.1;2.606;1.351;0.848;1.170;0.038;0.387;3329
B516D9;2015/03/07 00:24:43;3329;80;24.1;19.4;2.583;1.351;0.845;1.170;0.038;0.387;3330
B516D9;2015/03/07 00:24:53;3330;88;23.5;19.1;2.777;1.358;0.845;1.196;0.038;0.387;3331
B516D9;2015/03/07 00:25:03;3331;84;28.7;18.5;2.583;1.358;0.893;1.196;0.038;0.387;3332
B516D9;2015/03/07 00:25:13;3332;90;26.1;19.2;2.587;1.348;0.893;1.196;0.016;0.419;3333
B516D9;2015/03/07 00:25:23;3333;86;27.0;18.0;2.809;1.348;0.845;1.196;0.016;0.383;3334
B516D9;2015/03/07 00:25:33;3334;83;23.8;18.7;2.564;1.341;0.845;1.183;0.016;0.403;3335
B516D9;2015/03/07 00:25:43;3335;96;23.8;19.1;2.574;1.341;0.845;1.183;0.016;0.387;3336
B516D9;2015/03/07 00:25:53;3336;83;28.0;19.1;2.648;1.341;0.845;1.183;0.022;0.383;3337
B516D9;2015/03/07 00:26:03;3337;93;30.6;18.2;2.825;1.341;0.887;1.183;0.022;0.416;3338
B516D9;2015/03/07 00:26:13;3338;91;24.1;18.5;2.561;1.383;0.887;1.180;0.022;0.387;3339
B516D9;2015/03/07 00:26:23;3339;88;31.9;18.9;2.819;1.383;0.861;1.180;0.022;0.422;3340
B516D9;2015/03/07 00:26:33;3340;97;27.4;18.9;2.738;1.345;0.861;1.180;0.006;0.390;3341
B516D9;2015/03/07 00:26:43;3341;84;29.0;19.1;2.574;1.345;0.838;1.180;0.006;0.396;3342
B516D9;2015/03/07 00:26:53;3342;80;28.3;18.5;2.574;1.377;0.838;1.190;0.006;0.403;3343
B516D9;2015/03/07 00:27:03;3343;82;24.8;19.2;2.670;1.377;0.880;1.190;0.006;0.406;3344
B516D9;2015/03/07 00:27:13;3344;95;31.6;19.1;2.606;1.345;0.880;1.190;0.016;0.387;3345
B516D9;2015/03/07 00:27:23;3345;92;30.6;18.7;2.577;1.345;0.883;1.190;0.016;0.403;3346
B516D9;2015/03/07 00:27:33;3346;85;27.4;18.5;2.819;1.338;0.883;1.170;0.016;0.387;3347
B516D9;2015/03/07 00:27:43;3347;83;23.8;18.5;2.735;1.338;0.887;1.170;0.016;0.390;3348
B516D9;2015/03/07 00:27:53;3348;97;25.4;18.9;2.587;1.338;0.887;1.170;0.077;0.387;3349
B516D9;2015/03/07 00:28:03;3349;92;26.7;18.2;2.816;1.338;0.841;1.170;0.077;0.390;3350
B516D9;2015/03/07 00:28:13;3350;95;24.1;18.7;2.616;1.338;0.841;1.225;0.077;0.396;3351
B516D9;2015/03/07 00:28:23;3351;86;28.3;18.5;2.609;1.338;0.854;1.225;0.077;0.432;3352
B516D9;2015/03/07 00:28:33;3352;81;24.5;18.7;2.580;1.345;0.854;1.225;0.025;0.393;3353
B516D9;2015/03/07 00:28:43;3353;80;27.7;18.2;2.754;1.345;0.838;1.225;0.025;0.409;3354
B516D9;2015/03/07 00:28:53;3354;86;28.0;18.7;2.748;1.338;0.838;1.187;0.025;0.409;3355
B516D9;2015/03/07 00:29:03;3355;86;27.4;18.4;2.774;1.338;0.896;1.187;0.025;0.403;3356
B516D9;2015/03/07 00:29:13;3356;89;23.8;18.2;2.558;1.374;0.896;1.187;0.029;0.399;3357
B516D9;2015/03/07 00:29:23;3357;90;26.7;18.7;2.722;1.374;0.900;1.187;0.029;0.406;3358
B516D9;2015/03/07 00:29:33;3358;87;28.7;18.7;2.767;1.358;0.900;1.183;0.029;0.416;3359
B516D9;2015/03/07 00:29:43;3359;96;29.0;19.1;2.816;1.358;0.900;1.183;0.029;0.409;3360
B516D9;2015/03/07 00:29:53;3360;88;24.8;18.0;2.587;1.377;0.900;1.183;0.019;0.416;3361
B516D9;2015/03/07 00:30:03;3361;90;27.0;18.4;2.732;1.377;0.893;1.183;0.019;0.409;3362
B516D9;2015/03/07 00:30:13;3362;82;26.4;18.4;2.780;1.377;0.893;1.219;0.019;0.432;3363
B516D9;2015/03/07 00:30:23;3363;80;25.8;18.0;2.564;1.377;0.845;1.219;0.019;0.399;3364
B516D9;2015/03/07 00:30:33;3364;89;27.7;18.4;2.574;1.361;0.845;1.219;0.019;0.393;3365
B516D9;2015/03/07 00:30:43;3365;94;26.7;19.1;2.819;1.361;0.867;1.219;0.019;0.409;3366
B516D9;2015/03/07 00:30:53;3366;88;26.7;19.1;2.600;1.377;0.867;1.190;0.019;0.393;3367
B516D9;2015/03/07 00:31:03;3367;93;26.1;19.2;2.799;1.377;0.845;1.190;0.019;0.396;3368
B516D9;2015/03/07 00:31:13;3368;79;23.5;18.5;2.793;1.351;0.845;1.190;0.022;0.393;3369
B516D9;2015/03/07 00:31:23;3369;79;26.1;18.4;2.680;1.351;0.903;1.190;0.022;0.429;3370
B516D9;2015/03/07 00:31:33;3370;84;28.3;18.7;2.648;1.380;0.903;1.183;0.022;0.393;3371
B516D9;2015/03/07 00:31:43;3371;81;30.3;18.9;2.567;1.380;0.845;1.183;0.022;0.393;3372
B516D9;2015/03/07 00:31:53;3372;88;25.1;18.5;2.641;1.341;0.845;1.183;0.077;0.399;3373
B516D9;2015/03/07 00:32:03;3373;91;30.3;18.5;2.580;1.341;0.848;1.183;0.077;0.390;3374
B516D9;2015/03/07 00:32:13;3374;88;28.7;18.9;2.767;1.387;0.848;1.190;0.077;0.445;3375
B516D9;2015/03/07 00:32:23;3375;94;32.5;18.5;2.761;1.387;0.848;1.190;0.077;0.409;3376
B516D9;2015/03/07 00:32:33;3376;88;29.6;19.1;2.716;1.361;0.848;1.190;0.025;0.416;3377
B516D9;2015/03/07 00:32:43;3377;88;30.9;18.9;2.583;1.361;0.854;1.190;0.025;0.387;3378
B516D9;2015/03/07 00:32:53;3378;93;28.7;19.1;2.648;1.338;0.854;1.183;0.025;0.383;3379
B516D9;2015/03/07 00:33:03;3379;95;23.8;18.5;2.622;1.338;0.845;1.183;0.025;0.399;3380
B516D9;2015/03/07 00:33:13;3380;89;24.8;17.8;2.783;1.380;0.845;1.183;0.045;0.390;3381
B516D9;2015/03/07 00:33:23;3381;88;23.8;18.5;2.577;1.380;0.845;1.183;0.045;0.412;3382
B516D9;2015/03/07 00:33:33;3382;94;28.3;18.7;2.667;1.361;0.845;1.183;0.045;0.429;3383
B516D9;2015/03/07 00:33:43;3383;94;28.3;18.4;2.793;1.361;0.848;1.183;0.045;0.393;3384
B516D9;2015/03/07 00:33:53;3384;88;27.4;18.5;2.748;1.361;0.848;1.183;0.019;0.419;3385
B516D9;2015/03/07 00:34:03;3385;74;29.0;18.5;2.812;1.361;0.851;1.183;0.019;0.429;3386
B516D9;2015/03/07 00:34:13;3386;93;30.9;19.1;2.732;1.345;0.851;1.177;0.019;0.429;3387
B516D9;2015/03/07 00:34:23;3387;83;23.5;18.7;2.606;1.345;0.912;1.177;0.019;0.406;3388
B516D9;2015/03/07 00:34:33;3388;85;28.3;18.0;2.561;1.370;0.912;1.177;0.132;0.448;3389
B516D9;2015/03/07 00:34:43;3389;83;26.7;18.5;2.822;1.370;0.858;1.177;0.132;0.432;3390
B516D9;2015/03/07 00:34:53;3390;78;30.3;18.7;2.806;1.364;0.858;1.177;0.132;0.422;3391
B516D9;2015/03/07 00:35:03;3391;84;23.8;18.7;2.687;1.364;0.854;1.177;0.132;0.412;3392
B516D9;2015/03/07 00:35:13;3392;88;28.3;18.5;2.564;1.377;0.854;1.177;0.019;0.416;3393
B516D9;2015/03/07 00:35:23;3393;86;30.0;18.5;2.616;1.377;0.858;1.177;0.019;0.429;3394
B516D9;2015/03/07 00:35:33;3394;92;32.9;19.1;2.574;1.377;0.858;1.206;0.019;0.454;3395
B516D9;2015/03/07 00:35:43;3395;87;24.1;18.5;2.629;1.377;0.893;1.206;0.019;0.435;3396
B516D9;2015/03/07 00:35:53;3396;93;30.0;18.4;2.806;1.367;0.893;1.206;0.009;0.441;3397
B516D9;2015/03/07 00:36:03;3397;92;24.5;18.7;2.641;1.367;0.912;1.206;0.009;0.419;3398
B516D9;2015/03/07 00:36:13;3398;87;23.8;18.7;2.748;1.387;0.912;1.238;0.009;0.432;3399
B516D9;2015/03/07 00:36:23;3399;83;27.0;18.2;2.735;1.387;0.912;1.238;0.009;0.429;3400
B516D9;2015/03/07 00:36:33;3400;88;28.0;18.5;2.774;1.358;0.912;1.238;0.051;0.432;3401
B516D9;2015/03/07 00:36:43;3401;85;24.8;18.2;2.696;1.358;0.874;1.238;0.051;0.425;3402
B516D9;2015/03/07 00:36:53;3402;79;28.7;18.7;2.654;1.403;0.874;1.199;0.051;0.454;3403
B516D9;2015/03/07 00:37:03;3403;80;29.6;18.5;2.819;1.403;0.890;1.199;0.051;0.425;3404
B516D9;2015/03/07 00:37:13;3404;89;25.1;18.5;2.577;1.367;0.890;1.199;0.019;0.448;3405
B516D9;2015/03/07 00:37:23;3405;92;25.4;18.7;2.587;1.367;0.877;1.199;0.019;0.425;3406
B516D9;2015/03/07 00:37:33;3406;90;29.0;18.7;2.787;1.374;0.877;1.245;0.019;0.425;3407
B516D9;2015/03/07 00:37:43;3407;84;23.5;18.7;2.580;1.374;0.864;1.245;0.019;0.429;3408
B516D9;2015/03/07 00:37:53;3408;90;27.4;18.4;2.812;1.354;0.864;1.245;0.061;0.448;3409
B516D9;2015/03/07 00:38:03;3409;93;27.0;17.8;2.761;1.354;0.864;1.245;0.061;0.470;3410
B516D9;2015/03/07 00:38:13;3410;85;28.3;18.7;2.725;1.377;0.864;1.209;0.061;0.445;3411
B516D9;2015/03/07 00:38:23;3411;88;32.5;18.0;2.783;1.377;0.864;1.209;0.061;0.461;3412
B516D9;2015/03/07 00:38:33;3412;87;24.5;18.4;2.551;1.361;0.864;1.209;0.041;0.464;3413
B516D9;2015/03/07 00:38:43;3413;80;24.1;19.1;2.645;1.361;0.858;1.209;0.041;0.445;3414
B516D9;2015/03/07 00:38:53;3414;97;28.3;18.7;2.667;1.396;0.858;1.187;0.041;0.429;3415
B516D9;2015/03/07 00:39:03;3415;84;30.0;18.7;2.722;1.396;0.870;1.187;0.041;0.451;3416
B516D9;2015/03/07 00:39:13;3416;83;27.4;18.9;2.616;1.364;0.870;1.187;0.029;0.445;3417
B516D9;2015/03/07 00:39:23;3417;90;23.5;19.1;2.806;1.364;0.864;1.187;0.029;0.483;3418
B516D9;2015/03/07 00:39:33;3418;78;30.3;18.2;2.558;1.396;0.864;1.251;0.029;0.464;3419
B516D9;2015/03/07 00:39:43;3419;91;27.7;18.2;2.754;1.396;0.912;1.251;0.029;0.429;3420
B516D9;2015/03/07 00:39:53;3420;86;30.3;18.7;2.809;1.367;0.912;1.251;0.022;0.464;3421
B516D9;2015/03/07 00:40:03;3421;81;27.0;17.8;2.741;1.367;0.874;1.251;0.022;0.435;3422
B516D9;2015/03/07 00:40:13;3422;83;28.0;18.7;2.774;1.396;0.874;1.196;0.022;0.470;3423
B516D9;2015/03/07 00:40:23;3423;92;29.6;18.4;2.580;1.396;0.912;1.196;0.022;0.435;3424
B516D9;2015/03/07 00:40:33;3424;85;24.8;18.4;2.567;1.351;0.912;1.196;0.019;0.470;3425
B516D9;2015/03/07 00:40:43;3425;84;29.0;18.4;2.806;1.351;0.861;1.196;0.019;0.461;3426
B516D9;2015/03/07 00:40:53;3426;93;24.5;18.9;2.580;1.387;0.861;1.216;0.019;0.467;3427
B516D9;2015/03/07 00:41:03;3427;88;29.6;18.7;2.561;1.387;0.903;1.216;0.019;0.432;3428
B516D9;2015/03/07 00:41:13;3428;84;24.5;18.4;2.570;1.393;0.903;1.216;0.019;0.432;3429
B516D9;2015/03/07 00:41:23;3429;90;23.5;18.5;2.616;1.393;0.864;1.216;0.019;0.448;3430
B516D9;2015/03/07 00:41:33;3430;75;23.8;18.7;2.561;1.354;0.864;1.245;0.019;0.493;3431
B516D9;2015/03/07 00:41:43;3431;92;26.7;18.4;2.735;1.354;0.880;1.245;0.019;0.461;3432
B516D9;2015/03/07 00:41:53;3432;96;24.5;18.4;2.616;1.406;0.880;1.245;0.025;0.438;3433
B516D9;2015/03/07 00:42:03;3433;93;25.1;18.7;2.583;1.406;0.906;1.245;0.025;0.435;3434
B516D9;2015/03/07 00:42:13;3434;91;29.0;18.4;2.654;1.396;0.906;1.193;0.025;0.445;3435
B516D9;2015/03/07 00:42:23;3435;84;23.5;18.7;2.574;1.396;0.912;1.193;0.025;0.458;3436
B516D9;2015/03/07 00:42:33;3436;91;32.2;18.9;2.677;1.367;0.912;1.193;0.022;0.445;3437
B516D9;2015/03/07 00:42:43;3437;80;30.0;18.9;2.619;1.367;0.858;1.193;0.022;0.441;3438
B516D9;2015/03/07 00:42:53;3438;78;23.8;18.2;2.564;1.370;0.858;1.229;0.022;0.432;3439
B516D9;2015/03/07 00:43:03;3439;93;25.4;18.7;2.696;1.370;0.854;1.229;0.022;0.441;3440
B516D9;2015/03/07 00:43:13;3440;89;28.0;18.9;2.767;1.396;0.854;1.229;0.022;0.464;3441
B516D9;2015/03/07 00:43:23;3441;78;32.2;19.1;2.803;1.396;0.906;1.229;0.022;0.412;3442
B516D9;2015/03/07 00:43:33;3442;88;28.0;18.9;2.783;1.383;0.906;1.225;0.022;0.458;3443
B516D9;2015/03/07 00:43:43;3443;93;28.7;18.5;2.638;1.383;0.854;1.225;0.022;0.412;3444
B516D9;2015/03/07 00:43:53;3444;88;24.1;18.2;2.574;1.367;0.854;1.225;0.038;0.412;3445
B516D9;2015/03/07 00:44:03;3445;89;26.1;18.4;2.809;1.367;0.858;1.225;0.038;0.441;3446
B516D9;2015/03/07 00:44:13;3446;94;27.0;18.4;2.812;1.351;0.858;1.203;0.038;0.409;3447
B516D9;2015/03/07 00:44:23;3447;88;29.6;18.5;2.825;1.351;0.874;1.203;0.038;0.422;3448
B516D9;2015/03/07 00:44:33;3448;91;27.7;18.0;2.622;1.351;0.874;1.203;0.022;0.412;3449
B516D9;2015/03/07 00:44:43;3449;88;27.7;18.2;2.780;1.351;0.858;1.203;0.022;0.429;3450
B516D9;2015/03/07 00:44:53;3450;78;23.5;18.7;2.787;1.393;0.858;1.199;0.022;0.419;3451
B516D9;2015/03/07 00:45:03;3451;91;24.1;18.5;2.622;1.393;0.851;1.199;0.022;0.429;3452
B516D9;2015/03/07 00:45:13;3452;88;31.6;19.1;2.741;1.348;0.851;1.199;0.022;0.409;3453
B516D9;2015/03/07 00:45:23;3453;90;27.7;18.0;2.806;1.348;0.890;1.199;0.022;0.416;3454
B516D9;2015/03/07 00:45:33;3454;88;23.5;18.7;2.787;1.377;0.890;1.212;0.022;0.429;3455
B516D9;2015/03/07 00:45:43;3455;85;24.8;18.5;2.635;1.377;0.903;1.212;0.022;0.432;3456
B516D9;2015/03/07 00:45:53;3456;93;28.3;19.1;2.699;1.345;0.903;1.212;0.035;0.419;3457
B516D9;2015/03/07 00:46:03;3457;88;27.7;18.4;2.767;1.345;0.867;1.212;0.035;0.409;3458
B516D9;2015/03/07 00:46:13;3458;90;26.1;18.9;2.600;1.354;0.867;1.235;0.035;0.403;3459
B516D9;2015/03/07 00:46:23;3459;78;25.4;18.2;2.819;1.354;0.887;1.235;0.035;0.409;3460
B516D9;2015/03/07 00:46:33;3460;88;26.1;18.9;2.600;1.348;0.887;1.235;0.006;0.406;3461
B516D9;2015/03/07 00:46:43;3461;86;29.0;18.5;2.809;1.348;0.845;1.235;0.006;0.438;3462
B516D9;2015/03/07 00:46:53;3462;88;25.4;18.9;2.583;1.377;0.845;1.199;0.006;0.409;3463
B516D9;2015/03/07 00:47:03;3463;88;23.8;18.7;2.622;1.377;0.848;1.199;0.006;0.422;3464
B516D9;2015/03/07 00:47:13;3464;83;30.9;19.4;2.696;1.380;0.848;1.199;0.035;0.403;3465
B516D9;2015/03/07 00:47:23;3465;91;26.7;18.0;2.819;1.380;0.861;1.199;0.035;0.409;3466
B516D9;2015/03/07 00:47:33;3466;95;24.5;18.4;2.580;1.341;0.861;1.212;0.035;0.403;3467
B516D9;2015/03/07 00:47:43;3467;91;25.1;19.1;2.596;1.341;0.851;1.212;0.035;0.403;3468
B516D9;2015/03/07 00:47:53;3468;89;25.4;18.7;2.587;1.387;0.851;1.212;0.048;0.419;3469
B516D9;2015/03/07 00:48:03;3469;83;32.9;17.8;2.774;1.387;0.861;1.212;0.048;0.406;3470
B516D9;2015/03/07 00:48:13;3470;82;30.3;19.1;2.687;1.338;0.861;1.196;0.048;0.438;3471
B516D9;2015/03/07 00:48:23;3471;87;23.8;18.5;2.632;1.338;0.848;1.196;0.048;0.422;3472
B516D9;2015/03/07 00:48:33;3472;88;24.8;18.2;2.645;1.377;0.848;1.196;0.022;0.399;3473
B516D9;2015/03/07 00:48:43;3473;86;29.6;18.2;2.574;1.377;0.848;1.196;0.022;0.393;3474
B516D9;2015/03/07 00:48:53;3474;92;27.0;18.2;2.809;1.338;0.848;1.203;0.022;0.399;3475
B516D9;2015/03/07 00:49:03;3475;87;24.5;18.9;2.593;1.338;0.838;1.203;0.022;0.403;3476
B516D9;2015/03/07 00:49:13;3476;88;24.8;18.4;2.587;1.361;0.838;1.203;0.019;0.425;3477
B516D9;2015/03/07 00:49:23;3477;91;26.4;18.5;2.664;1.361;0.854;1.203;0.019;0.403;3478
B516D9;2015/03/07 00:49:33;3478;86;29.0;18.7;2.809;1.377;0.854;1.193;0.019;0.390;3479
B516D9;2015/03/07 00:49:43;3479;88;26.7;19.2;2.816;1.377;0.880;1.193;0.019;0.390;3480
B516D9;2015/03/07 00:49:53;3480;88;29.0;18.4;2.812;1.367;0.880;1.193;0.029;0.403;3481
B516D9;2015/03/07 00:50:03;3481;83;27.4;18.2;2.799;1.367;0.838;1.193;0.029;0.393;3482
B516D9;2015/03/07 00:50:13;3482;91;24.1;18.2;2.583;1.338;0.838;1.190;0.029;0.416;3483
B516D9;2015/03/07 00:50:23;3483;95;25.8;19.2;2.806;1.338;0.835;1.190;0.029;0.406;3484
B516D9;2015/03/07 00:50:33;3484;94;30.3;18.7;2.732;1.348;0.835;1.190;0.016;0.409;3485
B516D9;2015/03/07 00:50:43;3485;74;24.8;18.7;2.670;1.348;0.858;1.190;0.016;0.380;3486
B516D9;2015/03/07 00:50:53;3486;88;23.8;18.4;2.558;1.354;0.858;1.216;0.016;0.396;3487
B516D9;2015/03/07 00:51:03;3487;86;26.4;19.1;2.819;1.354;0.890;1.216;0.016;0.432;3488
B516D9;2015/03/07 00:51:13;3488;95;26.4;18.4;2.600;1.374;0.890;1.216;0.006;0.380;3489
B516D9;2015/03/07 00:51:23;3489;83;23.8;18.9;2.699;1.374;0.890;1.216;0.006;0.412;3490
B516D9;2015/03/07 00:51:33;3490;87;23.5;18.4;2.564;1.351;0.890;1.219;0.006;0.380;3491
B516D9;2015/03/07 00:51:43;3491;76;23.5;18.5;2.596;1.351;0.890;1.219;0.006;0.396;3492
B516D9;2015/03/07 00:51:53;3492;80;28.7;18.9;2.699;1.361;0.890;1.219;0.016;0.416;3493
B516D9;2015/03/07 00:52:03;3493;81;30.0;19.1;2.609;1.361;0.890;1.219;0.016;0.390;3494
B516D9;2015/03/07 00:52:13;3494;95;23.8;19.1;2.699;1.383;0.890;1.180;0.016;0.416;3495
B516D9;2015/03/07 00:52:23;3495;80;24.1;18.7;2.761;1.383;0.838;1.180;0.016;0.390;3496
B516D9;2015/03/07 00:52:33;3496;93;26.4;18.9;2.609;1.345;0.838;1.180;0.038;0.383;3497
B516D9;2015/03/07 00:52:43;3497;83;29.3;18.4;2.758;1.345;0.903;1.180;0.038;0.380;3498
B516D9;2015/03/07 00:52:53;3498;87;29.3;19.1;2.722;1.345;0.903;1.174;0.038;0.422;3499
B516D9;2015/03/07 00:53:03;3499;92;25.8;17.8;2.748;1.345;0.870;1.174;0.038;0.396;3500
B516D9;2015/03/07 00:53:13;3500;88;26.1;18.4;2.712;1.345;0.870;1.174;0.022;0.383;3501
B516D9;2015/03/07 00:53:23;3501;88;25.8;18.4;2.819;1.345;0.835;1.174;0.022;0.416;3502
B516D9;2015/03/07 00:53:33;3502;95;28.0;18.9;2.764;1.341;0.835;1.174;0.022;0.422;3503
B516D9;2015/03/07 00:53:43;3503;82;23.5;18.4;2.590;1.341;0.854;1.174;0.022;0.396;3504
B516D9;2015/03/07 00:53:53;3504;89;24.8;18.0;2.687;1.335;0.854;1.174;0.016;0.393;3505
B516D9;2015/03/07 00:54:03;3505;93;23.5;18.7;2.600;1.335;0.890;1.174;0.016;0.387;3506
B516D9;2015/03/07 00:54:13;3506;92;26.4;18.4;2.603;1.370;0.890;1.174;0.016;0.409;3507
B516D9;2015/03/07 00:54:23;3507;89;30.0;18.7;2.709;1.370;0.874;1.174;0.016;0.380;3508
B516D9;2015/03/07 00:54:33;3508;85;29.6;19.1;2.699;1.383;0.874;1.174;0.016;0.380;3509
B516D9;2015/03/07 00:54:43;3509;81;24.1;18.5;2.767;1.383;0.832;1.174;0.016;0.416;3510
B516D9;2015/03/07 00:54:53;3510;77;30.0;18.2;2.567;1.332;0.832;1.177;0.016;0.383;3511
B516D9;2015/03/07 00:55:03;3511;82;24.1;18.5;2.641;1.332;0.870;1.177;0.016;0.403;3512
B516D9;2015/03/07 00:55:13;3512;93;30.9;18.9;2.774;1.341;0.870;1.177;0.025;0.412;3513
B516D9;2015/03/07 00:55:23;3513;83;24.5;18.7;2.780;1.341;0.864;1.177;0.025;0.396;3514
B516D9;2015/03/07 00:55:33;3514;85;31.9;18.9;2.767;1.341;0.864;1.177;0.025;0.403;3515
B516D9;2015/03/07 00:55:43;3515;86;24.1;18.5;2.661;1.341;0.838;1.177;0.025;0.396;3516
B516D9;2015/03/07 00:55:53;3516;77;26.1;18.9;2.712;1.335;0.838;1.177;0.019;0.396;3517
B516D9;2015/03/07 00:56:03;3517;83;31.6;18.5;2.819;1.335;0.867;1.177;0.019;0.383;3518
B516D9;2015/03/07 00:56:13;3518;90;23.8;18.5;2.564;1.341;0.867;1.174;0.019;0.416;3519
B516D9;2015/03/07 00:56:23;3519;84;24.5;19.2;2.677;1.341;0.848;1.174;0.019;0.380;3520
B516D9;2015/03/07 00:56:33;3520;87;28.0;18.2;2.567;1.335;0.848;1.174;0.054;0.377;3521
B516D9;2015/03/07 00:56:43;3521;83;29.0;18.2;2.799;1.335;0.848;1.174;0.054;0.380;3522
B516D9;2015/03/07 00:56:53;3522;84;28.7;18.7;2.712;1.358;0.848;1.180;0.054;0.393;3523
B516D9;2015/03/07 00:57:03;3523;82;23.5;18.7;2.603;1.358;0.829;1.180;0.054;0.377;3524
B516D9;2015/03/07 00:57:13;3524;88;31.9;18.7;2.748;1.383;0.829;1.180;0.041;0.422;3525
B516D9;2015/03/07 00:57:23;3525;89;26.7;18.4;2.819;1.383;0.832;1.180;0.041;0.380;3526
B516D9;2015/03/07 00:57:33;3526;88;31.6;18.7;2.725;1.351;0.832;1.225;0.041;0.409;3527
B516D9;2015/03/07 00:57:43;3527;89;30.9;18.7;2.616;1.351;0.832;1.225;0.041;0.383;3528
B516D9;2015/03/07 00:57:53;3528;89;24.8;18.9;2.587;1.377;0.832;1.225;0.054;0.393;3529
B516D9;2015/03/07 00:58:03;3529;79;24.1;18.7;2.635;1.377;0.854;1.225;0.054;0.412;3530
B516D9;2015/03/07 00:58:13;3530;88;28.3;19.1;2.674;1.335;0.854;1.190;0.054;0.387;3531
B516D9;2015/03/07 00:58:23;3531;90;24.1;18.9;2.635;1.335;0.848;1.190;0.054;0.403;3532
B516D9;2015/03/07 00:58:33;3532;83;26.1;18.2;2.674;1.338;0.848;1.190;0.019;0.419;3533
B516D9;2015/03/07 00:58:43;3533;83;29.3;18.9;2.564;1.338;0.838;1.190;0.019;0.412;3534
B516D9;2015/03/07 00:58:53;3534;83;23.5;18.7;2.799;1.377;0.838;1.180;0.019;0.377;3535
B516D9;2015/03/07 00:59:03;3535;88;24.1;18.7;2.780;1.377;0.838;1.180;0.019;0.383;3536
B516D9;2015/03/07 00:59:13;3536;86;24.8;18.5;2.619;1.338;0.838;1.180;0.022;0.403;3537
B516D9;2015/03/07 00:59:23;3537;86;28.3;18.2;2.793;1.338;0.838;1.180;0.022;0.383;3538
B516D9;2015/03/07 00:59:33;3538;93;26.4;18.9;2.606;1.364;0.838;1.212;0.022;0.403;3539
B516D9;2015/03/07 00:59:43;3539;88;30.0;19.1;2.564;1.364;0.883;1.212;0.022;0.409;3540
B516D9;2015/03/07 00:59:53;3540;95;29.6;18.9;2.722;1.341;0.883;1.212;0.019;0.393;3541
B516D9;2015/03/07 01:00:03;3541;84;26.4;17.8;2.809;1.341;0.887;1.212;0.019;0.393;3542
B516D9;2015/03/07 01:00:13;3542;95;31.6;18.5;2.738;1.332;0.887;1.170;0.019;0.409;3543
B516D9;2015/03/07 01:00:23;3543;94;29.0;18.4;2.816;1.332;0.880;1.170;0.019;0.396;3544
B516D9;2015/03/07 01:00:33;3544;86;24.8;18.2;2.696;1.341;0.880;1.170;0.012;0.396;3545
B516D9;2015/03/07 01:00:43;3545;77;28.3;18.2;2.819;1.341;0.838;1.170;0.012;0.377;3546
B516D9;2015/03/07 01:00:53;3546;88;26.7;18.7;2.809;1.377;0.838;1.209;0.012;0.377;3547
B516D9;2015/03/07 01:01:03;3547;88;24.8;18.5;2.600;1.377;0.838;1.209;0.012;0.374;3548
B516D9;2015/03/07 01:01:13;3548;81;32.2;18.7;2.732;1.351;0.838;1.209;0.019;0.390;3549
B516D9;2015/03/07 01:01:23;3549;80;27.0;18.9;2.590;1.351;0.854;1.209;0.019;0.409;3550
B516D9;2015/03/07 01:01:33;3550;88;28.0;19.1;2.658;1.383;0.854;1.170;0.019;0.387;3551
B516D9;2015/03/07 01:01:43;3551;84;29.6;18.2;2.809;1.383;0.835;1.170;0.019;0.377;3552
B516D9;2015/03/07 01:01:53;3552;86;30.3;18.7;2.787;1.364;0.835;1.170;0.016;0.422;3553
B516D9;2015/03/07 01:02:03;3553;93;26.1;18.4;2.816;1.364;0.880;1.170;0.016;0.390;3554
B516D9;2015/03/07 01:02:13;3554;79;29.6;18.9;2.793;1.364;0.880;1.199;0.016;0.412;3555
B516D9;2015/03/07 01:02:23;3555;85;26.1;18.2;2.819;1.364;0.832;1.199;0.016;0.374;3556
B516D9;2015/03/07 01:02:33;3556;82;27.4;18.5;2.761;1.377;0.832;1.199;0.077;0.403;3557
B516D9;2015/03/07 01:02:43;3557;88;24.1;19.2;2.664;1.377;0.825;1.199;0.077;0.380;3558
B516D9;2015/03/07 01:02:53;3558;87;26.7;18.5;2.616;1.329;0.825;1.180;0.077;0.380;3559
B516D9;2015/03/07 01:03:03;3559;93;26.4;19.1;2.787;1.329;0.825;1.180;0.077;0.377;3560
B516D9;2015/03/07 01:03:13;3560;92;23.5;18.5;2.819;1.338;0.825;1.180;0.041;0.367;3561
B516D9;2015/03/07 01:03:23;3561;96;29.6;18.4;2.822;1.338;0.832;1.180;0.041;0.396;3562
B516D9;2015/03/07 01:03:33;3562;83;28.7;19.1;2.699;1.329;0.832;1.219;0.041;0.409;3563
B516D9;2015/03/07 01:03:43;3563;89;23.5;19.1;2.819;1.329;0.825;1.219;0.041;0.374;3564
B516D9;2015/03/07 01:03:53;3564;97;23.5;19.1;2.793;1.351;0.825;1.219;0.022;0.383;3565
B516D9;2015/03/07 01:04:03;3565;87;29.0;18.9;2.561;1.351;0.825;1.219;0.022;0.370;3566
B516D9;2015/03/07 01:04:13;3566;96;23.5;18.5;2.816;1.329;0.825;1.161;0.022;0.364;3567
B516D9;2015/03/07 01:04:23;3567;85;23.8;19.1;2.803;1.329;0.880;1.161;0.022;0.374;3568
B516D9;2015/03/07 01:04:33;3568;88;26.7;18.5;2.725;1.332;0.880;1.161;0.019;0.377;3569
B516D9;2015/03/07 01:04:43;3569;79;27.7;18.2;2.767;1.332;0.825;1.161;0.019;0.412;3570
B516D9;2015/03/07 01:04:53;3570;86;28.0;19.1;2.761;1.329;0.825;1.158;0.019;0.380;3571
B516D9;2015/03/07 01:05:03;3571;87;28.3;18.9;2.783;1.329;0.880;1.158;0.019;0.412;3572
B516D9;2015/03/07 01:05:13;3572;82;27.4;19.1;2.622;1.367;0.880;1.158;0.058;0.396;3573
B516D9;2015/03/07 01:05:23;3573;87;30.3;18.7;2.558;1.367;0.848;1.158;0.058;0.419;3574
B516D9;2015/03/07 01:05:33;3574;83;29.0;18.4;2.570;1.370;0.848;1.164;0.058;0.393;3575
B516D9;2015/03/07 01:05:43;3575;83;29.0;18.9;2.816;1.370;0.825;1.164;0.058;0.380;3576
B516D9;2015/03/07 01:05:53;3576;91;28.3;18.7;2.712;1.370;0.825;1.164;0.022;0.380;3577
B516D9;2015/03/07 01:06:03;3577;88;30.0;19.1;2.580;1.370;0.829;1.164;0.022;0.390;3578
B516D9;2015/03/07 01:06:13;3578;94;28.7;19.1;2.609;1.332;0.829;1.203;0.022;0.403;3579
B516D9;2015/03/07 01:06:23;3579;92;25.4;18.2;2.816;1.332;0.832;1.203;0.022;0.377;3580
B516D9;2015/03/07 01:06:33;3580;85;32.2;19.1;2.619;1.332;0.832;1.203;0.016;0.380;3581
B516D9;2015/03/07 01:06:43;3581;89;27.0;19.1;2.809;1.332;0.851;1.203;0.016;0.380;3582
B516D9;2015/03/07 01:06:53;3582;89;25.4;18.9;2.600;1.338;0.851;1.158;0.016;0.416;3583
B516D9;2015/03/07 01:07:03;3583;82;27.7;19.1;2.793;1.338;0.880;1.158;0.016;0.416;3584
B516D9;2015/03/07 01:07:13;3584;86;24.8;18.9;2.587;1.329;0.880;1.158;0.041;0.422;3585
B516D9;2015/03/07 01:07:23;3585;88;23.5;19.1;2.654;1.329;0.825;1.158;0.041;0.416;3586
B516D9;2015/03/07 01:07:33;3586;78;27.0;18.5;2.619;1.354;0.825;1.161;0.041;0.380;3587
B516D9;2015/03/07 01:07:43;3587;93;24.1;19.4;2.677;1.354;0.841;1.161;0.041;0.399;3588
B516D9;2015/03/07 01:07:53;3588;88;29.0;18.5;2.583;1.364;0.841;1.161;0.141;0.374;3589
B516D9;2015/03/07 01:08:03;3589;81;29.3;18.7;2.816;1.364;0.829;1.161;0.141;0.374;3590
B516D9;2015/03/07 01:08:13;3590;92;23.2;18.4;2.706;1.367;0.829;1.219;0.141;0.412;3591
B516D9;2015/03/07 01:08:23;3591;93;23.5;18.7;2.564;1.367;0.854;1.219;0.141;0.367;3592
B516D9;2015/03/07 01:08:33;3592;89;26.7;18.9;2.616;1.329;0.854;1.219;0.019;0.367;3593
B516D9;2015/03/07 01:08:43;3593;83;24.1;18.9;2.787;1.329;0.835;1.219;0.019;0.403;3594
B516D9;2015/03/07 01:08:53;3594;91;30.0;18.7;2.564;1.335;0.835;1.158;0.019;0.403;3595
B516D9;2015/03/07 01:09:03;3595;81;30.9;18.9;2.583;1.335;0.822;1.158;0.019;0.403;3596
B516D9;2015/03/07 01:09:13;3596;85;26.4;18.2;2.564;1.364;0.822;1.158;0.019;0.396;3597
B516D9;2015/03/07 01:09:23;3597;94;25.4;19.1;2.590;1.364;0.880;1.158;0.019;0.367;3598
B516D9;2015/03/07 01:09:33;3598;94;31.6;18.9;2.780;1.341;0.880;1.158;0.019;0.403;3599
B516D9;2015/03/07 01:09:43;3599;85;29.0;18.7;2.596;1.341;0.822;1.158;0.019;0.361;3600
B516D9;2015/03/07 01:09:53;3600;97;29.3;18.7;2.780;1.335;0.822;1.158;0.054;0.383;3601
B516D9;2015/03/07 01:10:03;3601;93;25.4;19.1;2.809;1.335;0.851;1.158;0.054;0.377;3602
B516D9;2015/03/07 01:10:13;3602;93;25.8;18.7;2.725;1.348;0.851;1.199;0.054;0.367;3603
B516D9;2015/03/07 01:10:23;3603;86;30.6;19.1;2.777;1.348;0.867;1.199;0.054;0.377;3604
B516D9;2015/03/07 01:10:33;3604;93;30.3;19.1;2.696;1.380;0.867;1.199;0.132;0.403;3605
B516D9;2015/03/07 01:10:43;3605;81;30.9;19.1;2.790;1.380;0.822;1.199;0.132;0.364;3606
B516D9;2015/03/07 01:10:53;3606;97;23.5;18.5;2.809;1.361;0.822;1.209;0.132;0.361;3607
B516D9;2015/03/07 01:11:03;3607;87;30.3;18.9;2.816;1.361;0.880;1.209;0.132;0.370;3608
B516D9;2015/03/07 01:11:13;3608;85;29.0;18.4;2.799;1.364;0.880;1.209;0.022;0.403;3609
B516D9;2015/03/07 01:11:23;3609;91;24.1;19.1;2.674;1.364;0.851;1.209;0.022;0.364;3610
B516D9;2015/03/07 01:11:33;3610;88;28.3;19.1;2.583;1.364;0.851;1.209;0.022;0.358;3611
B516D9;2015/03/07 01:11:43;3611;85;23.5;18.7;2.587;1.364;0.829;1.209;0.022;0.370;3612
B516D9;2015/03/07 01:11:53;3612;81;29.0;18.7;2.748;1.348;0.829;1.209;0.077;0.370;3613
B516D9;2015/03/07 01:12:03;3613;88;23.8;18.9;2.622;1.348;0.825;1.209;0.077;0.377;3614
B516D9;2015/03/07 01:12:13;3614;95;28.3;19.6;2.567;1.329;0.825;1.151;0.077;0.380;3615
B516D9;2015/03/07 01:12:23;3615;87;29.0;18.9;2.570;1.329;0.829;1.151;0.077;0.361;3616
B516D9;2015/03/07 01:12:33;3616;88;23.2;18.4;2.590;1.351;0.829;1.151;0.019;0.358;3617
B516D9;2015/03/07 01:12:43;3617;91;30.3;19.1;2.822;1.351;0.825;1.151;0.019;0.377;3618
B516D9;2015/03/07 01:12:53;3618;89;30.3;18.9;2.809;1.361;0.825;1.154;0.019;0.370;3619
B516D9;2015/03/07 01:13:03;3619;90;30.3;19.1;2.822;1.361;0.845;1.154;0.019;0.377;3620
B516D9;2015/03/07 01:13:13;3620;83;30.3;19.4;2.699;1.364;0.845;1.154;0.022;0.358;3621
B516D9;2015/03/07 01:13:23;3621;94;27.7;18.5;2.787;1.364;0.841;1.154;0.022;0.358;3622
B516D9;2015/03/07 01:13:33;3622;85;27.4;18.9;2.648;1.329;0.841;1.170;0.022;0.367;3623
B516D9;2015/03/07 01:13:43;3623;82;23.5;19.1;2.809;1.329;0.867;1.170;0.022;0.361;3624
B516D9;2015/03/07 01:13:53;3624;85;23.5;18.9;2.806;1.354;0.867;1.170;0.016;0.390;3625
B516D9;2015/03/07 01:14:03;3625;86;24.8;18.7;2.667;1.354;0.829;1.170;0.016;0.354;3626
B516D9;2015/03/07 01:14:13;3626;89;30.3;19.4;2.719;1.367;0.829;1.170;0.016;0.393;3627
B516D9;2015/03/07 01:14:23;3627;77;26.1;19.1;2.699;1.367;0.845;1.170;0.016;0.387;3628
B516D9;2015/03/07 01:14:33;3628;96;28.3;19.1;2.687;1.348;0.845;1.170;0.016;0.367;3629
B516D9;2015/03/07 01:14:43;3629;90;28.3;19.1;2.816;1.348;0.832;1.170;0.016;0.393;3630
B516D9;2015/03/07 01:14:53;3630;84;27.0;19.1;2.580;1.358;0.832;1.151;0.016;0.354;3631
B516D9;2015/03/07 01:15:03;3631;87;27.7;18.2;2.793;1.358;0.851;1.151;0.016;0.367;3632
B516D9;2015/03/07 01:15:13;3632;91;27.0;18.7;2.645;1.367;0.851;1.151;0.022;0.354;3633
B516D9;2015/03/07 01:15:23;3633;96;29.0;19.1;2.564;1.367;0.854;1.151;0.022;0.390;3634
B516D9;2015/03/07 01:15:33;3634;86;29.3;19.1;2.590;1.361;0.854;1.167;0.022;0.370;3635
B516D9;2015/03/07 01:15:43;3635;83;24.8;18.9;2.687;1.361;0.887;1.167;0.022;0.377;3636
B516D9;2015/03/07 01:15:53;3636;93;31.6;19.1;2.674;1.374;0.887;1.167;0.041;0.348;3637
B516D9;2015/03/07 01:16:03;3637;86;23.2;18.9;2.780;1.374;0.825;1.167;0.041;0.354;3638
B516D9;2015/03/07 01:16:13;3638;90;23.8;19.1;2.809;1.351;0.825;1.151;0.041;0.390;3639
B516D9;2015/03/07 01:16:23;3639;79;23.5;19.1;2.741;1.351;0.835;1.151;0.041;0.390;3640
B516D9;2015/03/07 01:16:33;3640;96;26.7;18.9;2.754;1.358;0.835;1.151;0.061;0.377;3641
B516D9;2015/03/07 01:16:43;3641;93;26.7;18.7;2.619;1.358;0.825;1.151;0.061;0.348;3642
B516D9;2015/03/07 01:16:53;3642;86;24.1;18.5;2.687;1.348;0.825;1.158;0.061;0.390;3643
B516D9;2015/03/07 01:17:03;3643;88;28.3;18.5;2.806;1.348;0.829;1.158;0.061;0.374;3644
B516D9;2015/03/07 01:17:13;3644;78;31.6;19.1;2.619;1.358;0.829;1.158;0.009;0.354;3645
B516D9;2015/03/07 01:17:23;3645;88;22.9;18.9;2.603;1.358;0.825;1.158;0.009;0.370;3646
B516D9;2015/03/07 01:17:33;3646;87;24.1;18.4;2.587;1.341;0.825;1.174;0.009;0.367;3647
B516D9;2015/03/07 01:17:43;3647;90;23.5;18.7;2.574;1.341;0.877;1.174;0.009;0.387;3648
B516D9;2015/03/07 01:17:53;3648;83;25.1;18.5;2.583;1.345;0.877;1.174;0.019;0.387;3649
B516D9;2015/03/07 01:18:03;3649;88;29.0;18.7;2.622;1.345;0.880;1.174;0.019;0.370;3650
B516D9;2015/03/07 01:18:13;3650;90;29.6;19.2;2.577;1.345;0.880;1.164;0.019;0.351;3651
B516D9;2015/03/07 01:18:23;3651;89;27.0;18.0;2.583;1.345;0.835;1.164;0.019;0.354;3652
B516D9;2015/03/07 01:18:33;3652;93;26.4;19.2;2.567;1.325;0.835;1.164;0.093;0.390;3653
B516D9;2015/03/07 01:18:43;3653;93;27.4;18.2;2.777;1.325;0.877;1.164;0.093;0.403;3654
B516D9;2015/03/07 01:18:53;3654;90;26.4;18.5;2.574;1.325;0.877;1.180;0.093;0.351;3655
B516D9;2015/03/07 01:19:03;3655;83;28.3;18.9;2.819;1.325;0.825;1.180;0.093;0.358;3656
B516D9;2015/03/07 01:19:13;3656;80;28.3;19.4;2.712;1.332;0.825;1.180;0.106;0.351;3657
B516D9;2015/03/07 01:19:23;3657;88;23.8;19.1;2.603;1.332;0.848;1.180;0.106;0.364;3658
B516D9;2015/03/07 01:19:33;3658;90;24.5;18.5;2.632;1.351;0.848;1.151;0.106;0.361;3659
B516D9;2015/03/07 01:19:43;3659;82;29.6;18.9;2.577;1.351;0.883;1.151;0.106;0.348;3660
B516D9;2015/03/07 01:19:53;3660;91;27.4;19.1;2.574;1.335;0.883;1.151;0.016;0.387;3661
B516D9;2015/03/07 01:20:03;3661;92;28.3;19.2;2.596;1.335;0.822;1.151;0.016;0.393;3662
B516D9;2015/03/07 01:20:13;3662;83;23.5;19.1;2.706;1.348;0.822;1.154;0.016;0.387;3663
B516D9;2015/03/07 01:20:23;3663;95;30.3;18.9;2.580;1.348;0.835;1.154;0.016;0.358;3664
B516D9;2015/03/07 01:20:33;3664;83;24.1;18.4;2.580;1.341;0.835;1.154;0.003;0.361;3665
B516D9;2015/03/07 01:20:43;3665;88;28.3;19.2;2.583;1.341;0.819;1.154;0.003;0.361;3666
B516D9;2015/03/07 01:20:53;3666;87;29.6;19.2;2.799;1.358;0.819;1.148;0.003;0.383;3667
B516D9;2015/03/07 01:21:03;3667;86;23.5;18.7;2.619;1.358;0.838;1.148;0.003;0.403;3668
B516D9;2015/03/07 01:21:13;3668;82;23.5;18.0;2.558;1.345;0.838;1.148;0.006;0.370;3669
B516D9;2015/03/07 01:21:23;3669;83;31.9;18.9;2.787;1.345;0.822;1.148;0.006;0.390;3670
B516D9;2015/03/07 01:21:33;3670;89;30.3;19.1;2.600;1.354;0.822;1.199;0.006;0.380;3671
B516D9;2015/03/07 01:21:43;3671;93;23.5;18.5;2.645;1.354;0.822;1.199;0.006;0.367;3672
B516D9;2015/03/07 01:21:53;3672;88;24.8;18.9;2.583;1.354;0.822;1.199;0.019;0.364;3673
B516D9;2015/03/07 01:22:03;3673;88;30.9;18.2;2.819;1.354;0.877;1.199;0.019;0.364;3674
B516D9;2015/03/07 01:22:13;3674;94;23.5;18.4;2.567;1.338;0.877;1.141;0.019;0.412;3675
B516D9;2015/03/07 01:22:23;3675;93;27.7;18.4;2.799;1.338;0.829;1.141;0.019;0.367;3676
B516D9;2015/03/07 01:22:33;3676;83;24.1;18.4;2.564;1.329;0.829;1.141;0.016;0.367;3677
B516D9;2015/03/07 01:22:43;3677;74;27.7;18.5;2.564;1.329;0.841;1.141;0.016;0.390;3678
B516D9;2015/03/07 01:22:53;3678;88;31.2;19.1;2.735;1.329;0.841;1.148;0.016;0.399;3679
B516D9;2015/03/07 01:23:03;3679;90;28.3;18.5;2.825;1.329;0.819;1.148;0.016;0.390;3680
B516D9;2015/03/07 01:23:13;3680;83;25.4;18.9;2.616;1.345;0.819;1.148;0.029;0.361;3681
B516D9;2015/03/07 01:23:23;3681;88;31.2;18.7;2.583;1.345;0.822;1.148;0.029;0.396;3682
B516D9;2015/03/07 01:23:33;3682;97;26.1;18.7;2.625;1.345;0.822;1.148;0.029;0.390;3683
B516D9;2015/03/07 01:23:43;3683;87;24.8;18.5;2.819;1.345;0.819;1.148;0.029;0.361;3684
B516D9;2015/03/07 01:23:53;3684;84;28.0;19.1;2.699;1.335;0.819;1.148;0.048;0.367;3685
B516D9;2015/03/07 01:24:03;3685;80;22.9;18.7;2.735;1.335;0.874;1.148;0.048;0.383;3686
B516D9;2015/03/07 01:24:13;3686;88;28.3;19.1;2.693;1.335;0.874;1.151;0.048;0.390;3687
B516D9;2015/03/07 01:24:23;3687;95;29.0;18.9;2.809;1.335;0.819;1.151;0.048;0.364;3688
B516D9;2015/03/07 01:24:33;3688;83;27.0;18.2;2.819;1.345;0.819;1.151;0.000;0.361;3689
B516D9;2015/03/07 01:24:43;3689;83;28.3;18.9;2.819;1.345;0.819;1.151;0.000;0.358;3690
B516D9;2015/03/07 01:24:53;3690;87;27.0;18.9;2.648;1.335;0.819;1.145;0.000;0.367;3691
B516D9;2015/03/07 01:25:03;3691;88;25.8;18.7;2.722;1.335;0.838;1.145;0.000;0.361;3692
B516D9;2015/03/07 01:25:13;3692;97;26.1;18.9;2.632;1.370;0.838;1.145;0.016;0.403;3693
B516D9;2015/03/07 01:25:23;3693;86;27.7;18.2;2.783;1.370;0.829;1.145;0.016;0.364;3694
B516D9;2015/03/07 01:25:33;3694;85;23.5;19.6;2.812;1.325;0.829;1.129;0.016;0.403;3695
B516D9;2015/03/07 01:25:43;3695;77;30.9;18.9;2.561;1.325;0.829;1.129;0.016;0.380;3696
B516D9;2015/03/07 01:25:53;3696;82;23.5;19.1;2.809;1.325;0.829;1.129;0.029;0.396;3697
B516D9;2015/03/07 01:26:03;3697;87;24.1;18.9;2.709;1.325;0.819;1.129;0.029;0.367;3698
B516D9;2015/03/07 01:26:13;3698;86;31.2;19.2;2.809;1.319;0.819;1.129;0.029;0.374;3699
B516D9;2015/03/07 01:26:23;3699;91;26.1;18.5;2.822;1.319;0.861;1.129;0.029;0.390;3700
B516D9;2015/03/07 01:26:33;3700;93;29.6;19.1;2.609;1.341;0.861;1.129;0.041;0.390;3701
B516D9;2015/03/07 01:26:43;3701;91;27.7;18.2;2.787;1.341;0.841;1.129;0.041;0.380;3702
B516D9;2015/03/07 01:26:53;3702;90;31.6;18.7;2.748;1.370;0.841;1.145;0.041;0.403;3703
B516D9;2015/03/07 01:27:03;3703;91;30.9;18.5;2.580;1.370;0.841;1.145;0.041;0.380;3704
B516D9;2015/03/07 01:27:13;3704;83;23.5;19.2;2.819;1.364;0.841;1.145;0.054;0.409;3705
B516D9;2015/03/07 01:27:23;3705;81;24.8;18.9;2.683;1.364;0.835;1.145;0.054;0.377;3706
B516D9;2015/03/07 01:27:33;3706;89;28.7;19.1;2.761;1.335;0.835;1.187;0.054;0.380;3707
B516D9;2015/03/07 01:27:43;3707;86;25.4;18.5;2.722;1.335;0.829;1.187;0.054;0.406;3708
B516D9;2015/03/07 01:27:53;3708;87;26.4;18.2;2.780;1.325;0.829;1.187;0.093;0.403;3709
B516D9;2015/03/07 01:28:03;3709;89;26.7;19.1;2.783;1.325;0.816;1.187;0.093;0.367;3710
B516D9;2015/03/07 01:28:13;3710;80;23.5;18.4;2.812;1.354;0.816;1.161;0.093;0.361;3711
B516D9;2015/03/07 01:28:23;3711;91;29.0;18.7;2.574;1.354;0.819;1.161;0.093;0.361;3712
B516D9;2015/03/07 01:28:33;3712;92;27.7;18.9;2.806;1.319;0.819;1.161;0.012;0.367;3713
B516D9;2015/03/07 01:28:43;3713;91;30.3;18.5;2.822;1.319;0.819;1.161;0.012;0.358;3714
B516D9;2015/03/07 01:28:53;3714;81;25.4;18.9;2.609;1.370;0.819;1.145;0.012;0.374;3715
B516D9;2015/03/07 01:29:03;3715;94;28.7;18.9;2.564;1.370;0.851;1.145;0.012;0.377;3716
B516D9;2015/03/07 01:29:13;3716;84;25.8;18.5;2.609;1.364;0.851;1.145;0.029;0.361;3717
B516D9;2015/03/07 01:29:23;3717;87;25.1;18.7;2.638;1.364;0.835;1.145;0.029;0.354;3718
B516D9;2015/03/07 01:29:33;3718;91;26.4;19.6;2.564;1.322;0.835;1.199;0.029;0.358;3719
B516D9;2015/03/07 01:29:43;3719;91;22.9;19.2;2.622;1.322;0.880;1.199;0.029;0.364;3720
B516D9;2015/03/07 01:29:53;3720;82;28.3;18.4;2.806;1.351;0.880;1.199;0.016;0.367;3721
B516D9;2015/03/07 01:30:03;3721;86;22.9;18.7;2.629;1.351;0.877;1.199;0.016;0.358;3722
B516D9;2015/03/07 01:30:13;3722;86;29.6;19.1;2.600;1.322;0.877;1.167;0.016;0.358;3723
B516D9;2015/03/07 01:30:23;3723;75;27.0;18.5;2.783;1.322;0.835;1.167;0.016;0.380;3724
B516D9;2015/03/07 01:30:33;3724;87;28.0;18.9;2.780;1.354;0.835;1.167;0.022;0.377;3725
B516D9;2015/03/07 01:30:43;3725;93;30.0;18.7;2.609;1.354;0.822;1.167;0.022;0.348;3726
B516D9;2015/03/07 01:30:53;3726;94;27.4;19.1;2.706;1.345;0.822;1.145;0.022;0.351;3727
B516D9;2015/03/07 01:31:03;3727;90;28.0;19.1;2.574;1.345;0.874;1.145;0.022;0.374;3728
B516D9;2015/03/07 01:31:13;3728;91;23.5;18.2;2.806;1.351;0.874;1.145;0.061;0.383;3729
B516D9;2015/03/07 01:31:23;3729;87;28.3;18.4;2.825;1.351;0.829;1.145;0.061;0.377;3730
B516D9;2015/03/07 01:31:33;3730;88;24.5;19.1;2.780;1.341;0.829;1.138;0.061;0.354;3731
B516D9;2015/03/07 01:31:43;3731;86;26.7;18.7;2.583;1.341;0.825;1.138;0.061;0.351;3732
B516D9;2015/03/07 01:31:53;3732;93;23.5;19.1;2.732;1.335;0.825;1.138;0.016;0.396;3733
B516D9;2015/03/07 01:32:03;3733;82;31.6;18.9;2.819;1.335;0.841;1.138;0.016;0.354;3734
B516D9;2015/03/07 01:32:13;3734;87;28.3;19.1;2.654;1.319;0.841;1.138;0.016;0.367;3735
B516D9;2015/03/07 01:32:23;3735;87;22.9;19.1;2.574;1.319;0.877;1.138;0.016;0.374;3736
B516D9;2015/03/07 01:32:33;3736;87;28.0;19.4;2.787;1.345;0.877;1.138;0.054;0.370;3737
B516D9;2015/03/07 01:32:43;3737;83;27.7;18.7;2.583;1.345;0.819;1.138;0.054;0.387;3738
B516D9;2015/03/07 01:32:53;3738;90;28.3;18.7;2.574;1.345;0.819;1.141;0.054;0.377;3739
B516D9;2015/03/07 01:33:03;3739;85;22.9;19.2;2.716;1.345;0.841;1.141;0.054;0.370;3740
B516D9;2015/03/07 01:33:13;3740;93;25.4;18.5;2.787;1.351;0.841;1.141;0.016;0.390;3741
B516D9;2015/03/07 01:33:23;3741;84;24.8;19.2;2.674;1.351;0.825;1.141;0.016;0.358;3742
B516D9;2015/03/07 01:33:33;3742;91;29.0;19.1;2.629;1.364;0.825;1.158;0.016;0.412;3743
B516D9;2015/03/07 01:33:43;3743;89;27.7;18.7;2.564;1.364;0.877;1.158;0.016;0.370;3744
B516D9;2015/03/07 01:33:53;3744;84;29.3;18.9;2.793;1.345;0.877;1.158;0.006;0.358;3745
B516D9;2015/03/07 01:34:03;3745;88;28.3;18.7;2.574;1.345;0.825;1.158;0.006;0.354;3746
B516D9;2015/03/07 01:34:13;3746;94;25.1;18.4;2.793;1.370;0.825;1.145;0.006;0.354;3747
B516D9;2015/03/07 01:34:23;3747;96;23.5;18.7;2.590;1.370;0.835;1.145;0.006;0.354;3748
B516D9;2015/03/07 01:34:33;3748;87;25.4;18.9;2.590;1.338;0.835;1.145;0.019;0.351;3749
B516D9;2015/03/07 01:34:43;3749;85;27.4;18.7;2.583;1.338;0.822;1.145;0.019;0.354;3750
B516D9;2015/03/07 01:34:53;3750;92;27.4;18.9;2.622;1.351;0.822;1.154;0.019;0.367;3751
B516D9;2015/03/07 01:35:03;3751;92;28.0;18.7;2.693;1.351;0.874;1.154;0.019;0.358;3752
B516D9;2015/03/07 01:35:13;3752;87;25.1;18.5;2.683;1.358;0.874;1.154;0.041;0.358;3753
B516D9;2015/03/07 01:35:23;3753;79;23.5;19.1;2.819;1.358;0.880;1.154;0.041;0.367;3754
B516D9;2015/03/07 01:35:33;3754;87;30.3;19.1;2.793;1.322;0.880;1.138;0.041;0.370;3755
B516D9;2015/03/07 01:35:43;3755;90;23.2;19.1;2.583;1.322;0.858;1.138;0.041;0.364;3756
B516D9;2015/03/07 01:35:53;3756;93;30.3;18.7;2.812;1.358;0.858;1.138;0.019;0.354;3757
B516D9;2015/03/07 01:36:03;3757;86;23.2;18.7;2.658;1.358;0.883;1.138;0.019;0.377;3758
B516D9;2015/03/07 01:36:13;3758;87;23.5;19.2;2.787;1.341;0.883;1.180;0.019;0.374;3759
B516D9;2015/03/07 01:36:23;3759;86;25.4;18.0;2.819;1.341;0.841;1.180;0.019;0.393;3760
B516D9;2015/03/07 01:36:33;3760;77;23.5;19.2;2.812;1.325;0.841;1.180;0.019;0.377;3761
B516D9;2015/03/07 01:36:43;3761;96;24.8;18.5;2.735;1.325;0.861;1.180;0.019;0.354;3762
B516D9;2015/03/07 01:36:53;3762;81;26.7;18.9;2.612;1.354;0.861;1.141;0.019;0.358;3763
B516D9;2015/03/07 01:37:03;3763;93;28.3;18.4;2.809;1.354;0.825;1.141;0.019;0.354;3764
B516D9;2015/03/07 01:37:13;3764;84;30.9;19.2;2.764;1.358;0.825;1.141;0.148;0.367;3765
B516D9;2015/03/07 01:37:23;3765;90;29.3;18.5;2.590;1.358;0.861;1.141;0.148;0.354;3766
B516D9;2015/03/07 01:37:33;3766;92;29.6;19.2;2.780;1.322;0.861;1.141;0.148;0.367;3767
B516D9;2015/03/07 01:37:43;3767;83;26.1;18.0;2.825;1.322;0.822;1.141;0.148;0.387;3768
B516D9;2015/03/07 01:37:53;3768;88;23.5;18.4;2.812;1.319;0.822;1.141;0.035;0.387;3769
B516D9;2015/03/07 01:38:03;3769;86;27.0;19.1;2.825;1.319;0.819;1.141;0.035;0.364;3770
B516D9;2015/03/07 01:38:13;3770;88;24.8;18.9;2.580;1.358;0.819;1.145;0.035;0.370;3771
B516D9;2015/03/07 01:38:23;3771;83;25.8;18.0;2.793;1.358;0.822;1.145;0.035;0.393;3772
B516D9;2015/03/07 01:38:33;3772;84;29.0;19.1;2.699;1.322;0.822;1.145;0.019;0.370;3773
B516D9;2015/03/07 01:38:43;3773;89;25.4;18.7;2.645;1.322;0.841;1.145;0.019;0.348;3774
B516D9;2015/03/07 01:38:53;3774;91;30.9;18.9;2.777;1.348;0.841;1.138;0.019;0.351;3775
B516D9;2015/03/07 01:39:03;3775;78;26.1;18.5;2.677;1.348;0.835;1.138;0.019;0.370;3776
B516D9;2015/03/07 01:39:13;3776;78;26.1;18.4;2.590;1.329;0.835;1.138;0.012;0.399;3777
B516D9;2015/03/07 01:39:23;3777;92;31.2;19.1;2.799;1.329;0.880;1.138;0.012;0.354;3778
B516D9;2015/03/07 01:39:33;3778;90;27.4;19.1;2.577;1.319;0.880;1.145;0.012;0.351;3779
B516D9;2015/03/07 01:39:43;3779;89;23.5;19.1;2.829;1.319;0.870;1.145;0.012;0.364;3780
B516D9;2015/03/07 01:39:53;3780;83;26.7;18.7;2.629;1.338;0.870;1.145;0.016;0.390;3781
B516D9;2015/03/07 01:40:03;3781;92;24.1;18.9;2.803;1.338;0.848;1.145;0.016;0.358;3782
B516D9;2015/03/07 01:40:13;3782;85;29.3;18.9;2.787;1.351;0.848;1.180;0.016;0.367;3783
B516D9;2015/03/07 01:40:23;3783;76;27.0;19.1;2.819;1.351;0.848;1.180;0.016;0.358;3784
B516D9;2015/03/07 01:40:33;3784;92;30.3;18.9;2.806;1.370;0.848;1.180;0.006;0.351;3785
B516D9;2015/03/07 01:40:43;3785;93;30.3;18.4;2.764;1.370;0.883;1.180;0.006;0.354;3786
B516D9;2015/03/07 01:40:53;3786;93;24.5;18.4;2.587;1.329;0.883;1.199;0.006;0.354;3787
B516D9;2015/03/07 01:41:03;3787;88;29.0;19.1;2.819;1.329;0.887;1.199;0.006;0.358;3788
B516D9;2015/03/07 01:41:13;3788;79;29.0;19.4;2.680;1.364;0.887;1.199;0.019;0.383;3789
B516D9;2015/03/07 01:41:23;3789;92;27.4;18.5;2.583;1.364;0.835;1.199;0.019;0.354;3790
B516D9;2015/03/07 01:41:33;3790;88;29.0;18.7;2.725;1.358;0.835;1.170;0.019;0.367;3791
B516D9;2015/03/07 01:41:43;3791;87;28.7;18.4;2.561;1.358;0.854;1.170;0.019;0.361;3792
B516D9;2015/03/07 01:41:53;3792;96;25.1;18.9;2.590;1.367;0.854;1.170;0.025;0.361;3793
B516D9;2015/03/07 01:42:03;3793;88;23.8;19.1;2.825;1.367;0.858;1.170;0.025;0.383;3794
B516D9;2015/03/07 01:42:13;3794;90;23.5;17.8;2.816;1.351;0.858;1.190;0.025;0.383;3795
B516D9;2015/03/07 01:42:23;3795;79;28.3;17.8;2.564;1.351;0.838;1.190;0.025;0.370;3796
B516D9;2015/03/07 01:42:33;3796;90;29.0;18.7;2.809;1.351;0.838;1.190;0.006;0.374;3797
B516D9;2015/03/07 01:42:43;3797;85;25.4;18.5;2.819;1.351;0.867;1.190;0.006;0.403;3798
B516D9;2015/03/07 01:42:53;3798;88;25.8;18.9;2.609;1.370;0.867;1.154;0.006;0.383;3799
B516D9;2015/03/07 01:43:03;3799;79;25.8;18.7;2.583;1.370;0.867;1.154;0.006;0.416;3800
B516D9;2015/03/07 01:43:13;3800;91;28.3;18.9;2.558;1.332;0.867;1.154;0.019;0.383;3801
B516D9;2015/03/07 01:43:23;3801;76;28.7;18.7;2.570;1.332;0.832;1.154;0.019;0.383;3802
B516D9;2015/03/07 01:43:33;3802;87;24.1;18.7;2.577;1.325;0.832;1.154;0.019;0.403;3803
B516D9;2015/03/07 01:43:43;3803;86;28.3;17.8;2.793;1.325;0.848;1.154;0.019;0.380;3804
B516D9;2015/03/07 01:43:53;3804;89;26.7;18.4;2.809;1.338;0.848;1.154;0.061;0.377;3805
B516D9;2015/03/07 01:44:03;3805;86;29.0;18.7;2.570;1.338;0.829;1.154;0.061;0.390;3806
B516D9;2015/03/07 01:44:13;3806;84;23.8;18.2;2.667;1.367;0.829;1.145;0.061;0.377;3807
B516D9;2015/03/07 01:44:23;3807;94;29.6;17.8;2.583;1.367;0.835;1.145;0.061;0.380;3808
B516D9;2015/03/07 01:44:33;3808;78;26.1;18.5;2.600;1.361;0.835;1.145;0.109;0.380;3809
B516D9;2015/03/07 01:44:43;3809;90;29.0;18.4;2.583;1.361;0.835;1.145;0.109;0.380;3810
B516D9;2015/03/07 01:44:53;3810;92;28.0;18.5;2.787;1.341;0.835;1.145;0.109;0.390;3811
B516D9;2015/03/07 01:45:03;3811;92;24.5;18.7;2.683;1.341;0.890;1.145;0.109;0.374;3812
B516D9;2015/03/07 01:45:13;3812;88;23.5;19.4;2.812;1.341;0.890;1.145;0.016;0.396;3813
B516D9;2015/03/07 01:45:23;3813;93;29.6;18.5;2.564;1.341;0.832;1.145;0.016;0.383;3814
B516D9;2015/03/07 01:45:33;3814;84;26.7;18.2;2.616;1.351;0.832;1.154;0.016;0.374;3815
B516D9;2015/03/07 01:45:43;3815;87;30.0;18.7;2.609;1.351;0.890;1.154;0.016;0.370;3816
B516D9;2015/03/07 01:45:53;3816;94;24.8;18.5;2.583;1.348;0.890;1.154;0.054;0.396;3817
B516D9;2015/03/07 01:46:03;3817;85;30.9;18.4;2.819;1.348;0.854;1.154;0.054;0.370;3818
B516D9;2015/03/07 01:46:13;3818;80;28.3;18.7;2.680;1.374;0.854;1.196;0.054;0.412;3819
B516D9;2015/03/07 01:46:23;3819;92;30.9;18.4;2.790;1.374;0.841;1.196;0.054;0.374;3820
B516D9;2015/03/07 01:46:33;3820;77;31.9;18.7;2.764;1.341;0.841;1.196;0.061;0.380;3821
B516D9;2015/03/07 01:46:43;3821;84;25.8;18.7;2.583;1.341;0.845;1.196;0.061;0.383;3822
B516D9;2015/03/07 01:46:53;3822;97;28.0;18.7;2.783;1.361;0.845;1.151;0.061;0.374;3823
B516D9;2015/03/07 01:47:03;3823;88;24.1;18.5;2.674;1.361;0.883;1.151;0.061;0.412;3824
B516D9;2015/03/07 01:47:13;3824;95;27.0;18.5;2.764;1.332;0.883;1.151;0.019;0.367;3825
B516D9;2015/03/07 01:47:23;3825;87;29.0;18.7;2.561;1.332;0.890;1.151;0.019;0.387;3826
B516D9;2015/03/07 01:47:33;3826;82;28.3;18.7;2.687;1.345;0.890;1.193;0.019;0.403;3827
B516D9;2015/03/07 01:47:43;3827;88;29.0;18.4;2.787;1.345;0.890;1.193;0.019;0.403;3828
B516D9;2015/03/07 01:47:53;3828;83;30.3;19.1;2.712;1.325;0.890;1.193;0.048;0.380;3829
B516D9;2015/03/07 01:48:03;3829;83;26.1;17.8;2.725;1.325;0.867;1.193;0.048;0.374;3830
B516D9;2015/03/07 01:48:13;3830;93;28.0;18.5;2.793;1.329;0.867;1.206;0.048;0.374;3831
B516D9;2015/03/07 01:48:23;3831;93;24.1;18.2;2.703;1.329;0.867;1.206;0.048;0.416;3832
B516D9;2015/03/07 01:48:33;3832;83;30.0;18.0;2.564;1.374;0.867;1.206;0.025;0.374;3833
B516D9;2015/03/07 01:48:43;3833;95;29.0;18.7;2.609;1.374;0.851;1.206;0.025;0.380;3834
B516D9;2015/03/07 01:48:53;3834;84;25.1;18.5;2.583;1.338;0.851;1.158;0.025;0.393;3835
B516D9;2015/03/07 01:49:03;3835;90;30.9;18.2;2.580;1.338;0.841;1.158;0.025;0.377;3836
B516D9;2015/03/07 01:49:13;3836;93;24.5;18.2;2.583;1.354;0.841;1.158;0.019;0.432;3837
B516D9;2015/03/07 01:49:23;3837;82;26.7;17.8;2.748;1.354;0.890;1.158;0.019;0.406;3838
B516D9;2015/03/07 01:49:33;3838;92;26.7;18.2;2.616;1.332;0.890;1.203;0.019;0.380;3839
B516D9;2015/03/07 01:49:43;3839;94;29.0;18.7;2.570;1.332;0.870;1.203;0.019;0.374;3840
B516D9;2015/03/07 01:49:53;3840;84;24.1;18.4;2.674;1.332;0.870;1.203;0.061;0.409;3841
B516D9;2015/03/07 01:50:03;3841;87;23.5;18.4;2.587;1.332;0.841;1.203;0.061;0.416;3842
B516D9;2015/03/07 01:50:13;3842;85;25.8;18.0;2.661;1.329;0.841;1.154;0.061;0.396;3843
B516D9;2015/03/07 01:50:23;3843;77;25.8;17.8;2.754;1.329;0.841;1.154;0.061;0.412;3844
B516D9;2015/03/07 01:50:33;3844;77;26.7;18.4;2.764;1.377;0.841;1.154;0.019;0.390;3845
B516D9;2015/03/07 01:50:43;3845;88;23.5;18.4;2.574;1.377;0.903;1.154;0.019;0.383;3846
B516D9;2015/03/07 01:50:53;3846;88;23.5;18.5;2.809;1.374;0.903;1.154;0.019;0.432;3847
B516D9;2015/03/07 01:51:03;3847;82;30.3;18.2;2.822;1.374;0.854;1.154;0.019;0.399;3848
B516D9;2015/03/07 01:51:13;3848;92;31.9;18.4;2.819;1.380;0.854;1.154;0.006;0.412;3849
B516D9;2015/03/07 01:51:23;3849;92;26.7;17.8;2.764;1.380;0.896;1.154;0.006;0.383;3850
B516D9;2015/03/07 01:51:33;3850;84;24.5;18.2;2.629;1.377;0.896;1.164;0.006;0.403;3851
B516D9;2015/03/07 01:51:43;3851;80;24.1;18.7;2.709;1.377;0.841;1.164;0.006;0.396;3852
B516D9;2015/03/07 01:51:53;3852;83;29.0;18.7;2.780;1.354;0.841;1.164;0.012;0.387;3853
B516D9;2015/03/07 01:52:03;3853;88;25.4;18.7;2.677;1.354;0.851;1.164;0.012;0.383;3854
B516D9;2015/03/07 01:52:13;3854;96;30.9;18.7;2.793;1.351;0.851;1.199;0.012;0.393;3855
B516D9;2015/03/07 01:52:23;3855;88;28.7;18.4;2.596;1.351;0.874;1.199;0.012;0.422;3856
B516D9;2015/03/07 01:52:33;3856;89;25.8;18.0;2.587;1.358;0.874;1.199;0.025;0.406;3857
B516D9;2015/03/07 01:52:43;3857;88;29.0;18.5;2.583;1.358;0.848;1.199;0.025;0.393;3858
B516D9;2015/03/07 01:52:53;3858;95;24.8;18.0;2.587;1.335;0.848;1.161;0.025;0.409;3859
B516D9;2015/03/07 01:53:03;3859;84;23.8;18.2;2.629;1.335;0.851;1.161;0.025;0.416;3860
B516D9;2015/03/07 01:53:13;3860;89;26.1;18.2;2.712;1.351;0.851;1.161;0.009;0.438;3861
B516D9;2015/03/07 01:53:23;3861;91;30.0;18.5;2.722;1.351;0.900;1.161;0.009;0.419;3862
B516D9;2015/03/07 01:53:33;3862;85;26.7;18.2;2.612;1.361;0.900;1.164;0.009;0.422;3863
B516D9;2015/03/07 01:53:43;3863;94;26.1;18.2;2.729;1.361;0.900;1.164;0.009;0.445;3864
B516D9;2015/03/07 01:53:53;3864;81;27.0;17.8;2.816;1.361;0.900;1.164;0.083;0.406;3865
B516D9;2015/03/07 01:54:03;3865;90;24.1;18.7;2.767;1.361;0.861;1.164;0.083;0.396;3866
B516D9;2015/03/07 01:54:13;3866;88;25.1;18.2;2.587;1.354;0.861;1.219;0.083;0.409;3867
B516D9;2015/03/07 01:54:23;3867;89;24.8;18.2;2.703;1.354;0.845;1.219;0.083;0.399;3868
B516D9;2015/03/07 01:54:33;3868;84;27.4;18.4;2.622;1.364;0.845;1.219;0.019;0.390;3869
B516D9;2015/03/07 01:54:43;3869;83;26.7;18.5;2.664;1.364;0.851;1.219;0.019;0.425;3870
B516D9;2015/03/07 01:54:53;3870;83;29.6;18.9;2.806;1.354;0.851;1.177;0.019;0.393;3871
B516D9;2015/03/07 01:55:03;3871;88;27.7;18.0;2.622;1.354;0.854;1.177;0.019;0.409;3872
B516D9;2015/03/07 01:55:13;3872;87;24.1;17.8;2.587;1.367;0.854;1.177;0.064;0.393;3873
B516D9;2015/03/07 01:55:23;3873;90;29.0;18.5;2.629;1.367;0.890;1.177;0.064;0.409;3874
B516D9;2015/03/07 01:55:33;3874;95;30.9;18.7;2.812;1.364;0.890;1.225;0.064;0.409;3875
B516D9;2015/03/07 01:55:43;3875;92;23.5;18.7;2.606;1.364;0.861;1.225;0.064;0.422;3876
B516D9;2015/03/07 01:55:53;3876;88;23.8;18.0;2.616;1.370;0.861;1.225;0.148;0.429;3877
B516D9;2015/03/07 01:56:03;3877;93;24.8;18.7;2.645;1.370;0.848;1.225;0.148;0.432;3878
B516D9;2015/03/07 01:56:13;3878;83;28.3;18.9;2.787;1.354;0.848;1.177;0.148;0.390;3879
B516D9;2015/03/07 01:56:23;3879;93;27.4;18.7;2.583;1.354;0.851;1.177;0.148;0.448;3880
B516D9;2015/03/07 01:56:33;3880;95;29.3;18.4;2.696;1.354;0.851;1.177;0.022;0.406;3881
B516D9;2015/03/07 01:56:43;3881;93;30.3;17.8;2.825;1.354;0.880;1.177;0.022;0.409;3882
B516D9;2015/03/07 01:56:53;3882;94;31.9;18.5;2.806;1.335;0.880;1.225;0.022;0.399;3883
B516D9;2015/03/07 01:57:03;3883;88;29.6;18.2;2.587;1.335;0.848;1.225;0.022;0.399;3884
B516D9;2015/03/07 01:57:13;3884;83;26.7;18.2;2.735;1.358;0.848;1.225;0.006;0.416;3885
B516D9;2015/03/07 01:57:23;3885;95;25.8;18.5;2.687;1.358;0.854;1.225;0.006;0.396;3886
B516D9;2015/03/07 01:57:33;3886;88;29.6;18.0;2.577;1.370;0.854;1.219;0.006;0.393;3887
B516D9;2015/03/07 01:57:43;3887;93;23.5;18.5;2.587;1.370;0.896;1.219;0.006;0.416;3888
B516D9;2015/03/07 01:57:53;3888;96;29.3;18.2;2.699;1.338;0.896;1.219;0.022;0.393;3889
B516D9;2015/03/07 01:58:03;3889;93;24.1;18.4;2.641;1.338;0.848;1.219;0.022;0.409;3890
B516D9;2015/03/07 01:58:13;3890;83;32.5;18.2;2.748;1.348;0.848;1.212;0.022;0.403;3891
B516D9;2015/03/07 01:58:23;3891;90;29.3;18.2;2.825;1.348;0.848;1.212;0.022;0.429;3892
B516D9;2015/03/07 01:58:33;3892;88;28.3;18.4;2.680;1.370;0.848;1.212;0.022;0.409;3893
B516D9;2015/03/07 01:58:43;3893;84;29.0;18.0;2.693;1.370;0.906;1.212;0.022;0.393;3894
B516D9;2015/03/07 01:58:53;3894;95;30.9;18.5;2.787;1.341;0.906;1.187;0.022;0.393;3895
B516D9;2015/03/07 01:59:03;3895;88;28.3;17.5;2.590;1.341;0.848;1.187;0.022;0.409;3896
B516D9;2015/03/07 01:59:13;3896;86;30.9;18.5;2.787;1.338;0.848;1.187;0.019;0.399;3897
B516D9;2015/03/07 01:59:23;3897;83;29.6;17.8;2.832;1.338;0.900;1.187;0.019;0.396;3898
B516D9;2015/03/07 01:59:33;3898;93;25.1;18.2;2.577;1.358;0.900;1.203;0.019;0.390;3899
B516D9;2015/03/07 01:59:43;3899;86;23.8;18.0;2.741;1.358;0.848;1.203;0.019;0.419;3900
B516D9;2015/03/07 01:59:53;3900;83;23.8;18.0;2.632;1.367;0.848;1.203;0.051;0.406;3901
B516D9;2015/03/07 02:00:03;3901;91;29.6;18.4;2.590;1.367;0.874;1.203;0.051;0.403;3902
