B516D9;2015/03/01 00:00:00;10150;89;28.0;20.6;2.767;1.458;0.900;1.680;0.051;0.399;10151
B516D9;2015/03/01 00:00:10;10151;90;29.6;20.3;2.819;1.458;0.896;1.680;0.051;0.399;10152
B516D9;2015/03/01 00:00:20;10152;79;27.7;19.8;2.787;1.493;0.896;1.680;0.038;0.422;10153
B516D9;2015/03/01 00:00:30;10153;75;29.0;20.8;2.564;1.493;0.929;1.680;0.038;0.390;10154
B516D9;2015/03/01 00:00:40;10154;92;29.6;21.0;2.774;1.487;0.929;1.693;0.038;0.390;10155
B516D9;2015/03/01 00:00:50;10155;93;30.0;20.8;2.606;1.487;0.870;1.693;0.038;0.429;10156
B516D9;2015/03/01 00:01:00;10156;89;25.1;19.6;2.590;1.493;0.870;1.693;0.093;0.390;10157
B516D9;2015/03/01 00:01:10;10157;93;29.6;20.3;2.558;1.493;0.870;1.693;0.093;0.416;10158
B516D9;2015/03/01 00:01:20;10158;90;29.0;20.1;2.596;1.490;0.870;1.680;0.093;0.422;10159
B516D9;2015/03/01 00:01:30;10159;83;27.7;19.4;2.651;1.490;0.874;1.680;0.093;0.422;10160
B516D9;2015/03/01 00:01:40;10160;86;29.0;20.1;2.574;1.461;0.874;1.680;0.041;0.406;10161
B516D9;2015/03/01 00:01:50;10161;88;25.4;20.1;2.806;1.461;0.874;1.680;0.041;0.409;10162
B516D9;2015/03/01 00:02:00;10162;82;29.6;20.8;2.787;1.458;0.874;1.648;0.041;0.416;10163
B516D9;2015/03/01 00:02:10;10163;86;28.3;20.4;2.825;1.458;0.887;1.648;0.041;0.432;10164
B516D9;2015/03/01 00:02:20;10164;83;30.3;20.6;2.761;1.493;0.887;1.648;0.038;0.399;10165
B516D9;2015/03/01 00:02:30;10165;79;25.4;19.9;2.709;1.493;0.906;1.648;0.038;0.451;10166
B516D9;2015/03/01 00:02:40;10166;94;30.3;20.4;2.806;1.477;0.906;1.651;0.038;0.435;10167
B516D9;2015/03/01 00:02:50;10167;89;32.2;19.9;2.819;1.477;0.929;1.651;0.038;0.393;10168
B516D9;2015/03/01 00:03:00;10168;96;29.6;20.8;2.609;1.483;0.929;1.651;0.048;0.393;10169
B516D9;2015/03/01 00:03:10;10169;83;28.7;20.4;2.819;1.483;0.870;1.651;0.048;0.393;10170
B516D9;2015/03/01 00:03:20;10170;86;26.1;20.6;2.587;1.451;0.870;1.677;0.048;0.390;10171
B516D9;2015/03/01 00:03:30;10171;90;28.0;20.4;2.577;1.451;0.870;1.677;0.048;0.396;10172
B516D9;2015/03/01 00:03:40;10172;86;26.7;20.1;2.812;1.474;0.870;1.677;0.035;0.406;10173
B516D9;2015/03/01 00:03:50;10173;88;27.0;19.8;2.774;1.474;0.900;1.677;0.035;0.406;10174
B516D9;2015/03/01 00:04:00;10174;88;31.2;20.4;2.722;1.493;0.900;1.687;0.035;0.454;10175
B516D9;2015/03/01 00:04:10;10175;88;24.8;21.0;2.596;1.493;0.880;1.687;0.035;0.429;10176
B516D9;2015/03/01 00:04:20;10176;86;30.3;20.8;2.799;1.461;0.880;1.687;0.032;0.406;10177
B516D9;2015/03/01 00:04:30;10177;87;26.7;19.6;2.754;1.461;0.932;1.687;0.032;0.409;10178
B516D9;2015/03/01 00:04:40;10178;92;24.8;20.3;2.587;1.451;0.932;1.661;0.032;0.448;10179
B516D9;2015/03/01 00:04:50;10179;81;30.9;20.4;2.793;1.451;0.929;1.661;0.032;0.393;10180
B516D9;2015/03/01 00:05:00;10180;89;27.0;20.6;2.725;1.493;0.929;1.661;0.035;0.438;10181
B516D9;2015/03/01 00:05:10;10181;83;29.6;20.6;2.832;1.493;0.893;1.661;0.035;0.429;10182
B516D9;2015/03/01 00:05:20;10182;89;25.1;20.6;2.574;1.500;0.893;1.683;0.035;0.406;10183
B516D9;2015/03/01 00:05:30;10183;78;28.3;19.6;2.719;1.500;0.870;1.683;0.035;0.390;10184
B516D9;2015/03/01 00:05:40;10184;90;27.0;19.9;2.799;1.454;0.870;1.683;0.035;0.393;10185
B516D9;2015/03/01 00:05:50;10185;87;30.3;20.3;2.567;1.454;0.896;1.683;0.035;0.429;10186
B516D9;2015/03/01 00:06:00;10186;79;27.7;20.3;2.819;1.451;0.896;1.670;0.035;0.409;10187
B516D9;2015/03/01 00:06:10;10187;92;31.9;19.9;2.819;1.451;0.925;1.670;0.035;0.393;10188
B516D9;2015/03/01 00:06:20;10188;83;31.6;20.8;2.774;1.483;0.925;1.670;0.035;0.399;10189
B516D9;2015/03/01 00:06:30;10189;85;31.2;20.3;2.590;1.483;0.870;1.670;0.035;0.399;10190
B516D9;2015/03/01 00:06:40;10190;90;29.6;20.8;2.806;1.474;0.870;1.648;0.035;0.416;10191
B516D9;2015/03/01 00:06:50;10191;90;23.8;20.3;2.616;1.474;0.919;1.648;0.035;0.393;10192
B516D9;2015/03/01 00:07:00;10192;89;30.3;20.8;2.767;1.480;0.919;1.648;0.038;0.393;10193
B516D9;2015/03/01 00:07:10;10193;86;26.4;20.4;2.770;1.480;0.893;1.648;0.038;0.416;10194
B516D9;2015/03/01 00:07:20;10194;87;26.1;20.3;2.580;1.480;0.893;1.658;0.038;0.412;10195
B516D9;2015/03/01 00:07:30;10195;77;24.5;20.4;2.583;1.480;0.880;1.658;0.038;0.399;10196
B516D9;2015/03/01 00:07:40;10196;89;29.3;19.9;2.819;1.458;0.880;1.658;0.038;0.399;10197
B516D9;2015/03/01 00:07:50;10197;86;24.8;20.8;2.567;1.458;0.925;1.658;0.038;0.432;10198
B516D9;2015/03/01 00:08:00;10198;89;28.0;20.4;2.616;1.480;0.925;1.693;0.038;0.396;10199
B516D9;2015/03/01 00:08:10;10199;93;28.3;20.6;2.635;1.480;0.900;1.693;0.038;0.429;10200
B516D9;2015/03/01 00:08:20;10200;81;29.0;19.9;2.748;1.454;0.900;1.693;0.041;0.393;10201
B516D9;2015/03/01 00:08:30;10201;89;23.8;20.8;2.619;1.454;0.900;1.693;0.041;0.396;10202
B516D9;2015/03/01 00:08:40;10202;93;30.6;20.4;2.587;1.470;0.900;1.706;0.041;0.432;10203
B516D9;2015/03/01 00:08:50;10203;83;29.0;20.8;2.609;1.470;0.883;1.706;0.041;0.422;10204
B516D9;2015/03/01 00:09:00;10204;86;24.1;19.9;2.567;1.487;0.883;1.706;0.035;0.409;10205
B516D9;2015/03/01 00:09:10;10205;75;27.0;20.3;2.741;1.487;0.870;1.706;0.035;0.429;10206
B516D9;2015/03/01 00:09:20;10206;92;28.0;20.4;2.780;1.461;0.870;1.648;0.035;0.406;10207
B516D9;2015/03/01 00:09:30;10207;87;25.4;20.1;2.803;1.461;0.932;1.648;0.035;0.390;10208
B516D9;2015/03/01 00:09:40;10208;83;30.3;20.8;2.799;1.496;0.932;1.648;0.054;0.387;10209
B516D9;2015/03/01 00:09:50;10209;81;28.3;20.3;2.635;1.496;0.880;1.648;0.054;0.412;10210
B516D9;2015/03/01 00:10:00;10210;78;28.0;20.6;2.787;1.493;0.880;1.690;0.054;0.393;10211
B516D9;2015/03/01 00:10:10;10211;86;27.0;20.1;2.822;1.493;0.874;1.690;0.054;0.429;10212
B516D9;2015/03/01 00:10:20;10212;88;28.7;20.1;2.812;1.467;0.874;1.690;0.048;0.396;10213
B516D9;2015/03/01 00:10:30;10213;91;29.0;20.6;2.574;1.467;0.929;1.690;0.048;0.412;10214
B516D9;2015/03/01 00:10:40;10214;92;29.3;20.4;2.712;1.493;0.929;1.680;0.048;0.380;10215
B516D9;2015/03/01 00:10:50;10215;88;31.6;20.3;2.574;1.493;0.874;1.680;0.048;0.409;10216
B516D9;2015/03/01 00:11:00;10216;85;24.8;20.4;2.812;1.496;0.874;1.680;0.041;0.387;10217
B516D9;2015/03/01 00:11:10;10217;93;29.0;20.4;2.787;1.496;0.932;1.680;0.041;0.409;10218
B516D9;2015/03/01 00:11:20;10218;84;26.4;19.8;2.587;1.464;0.932;1.654;0.041;0.387;10219
B516D9;2015/03/01 00:11:30;10219;93;27.7;20.4;2.587;1.464;0.870;1.654;0.041;0.380;10220
B516D9;2015/03/01 00:11:40;10220;80;24.8;20.1;2.787;1.461;0.870;1.654;0.054;0.383;10221
B516D9;2015/03/01 00:11:50;10221;87;26.7;19.6;2.774;1.461;0.912;1.654;0.054;0.409;10222
B516D9;2015/03/01 00:12:00;10222;84;29.0;20.6;2.812;1.461;0.912;1.680;0.054;0.383;10223
B516D9;2015/03/01 00:12:10;10223;91;25.1;20.4;2.596;1.461;0.874;1.680;0.054;0.396;10224
B516D9;2015/03/01 00:12:20;10224;88;29.3;19.9;2.819;1.480;0.874;1.680;0.035;0.387;10225
B516D9;2015/03/01 00:12:30;10225;86;26.7;19.9;2.780;1.480;0.870;1.680;0.035;0.412;10226
B516D9;2015/03/01 00:12:40;10226;94;26.7;20.3;2.699;1.454;0.870;1.674;0.035;0.422;10227
B516D9;2015/03/01 00:12:50;10227;89;25.1;20.6;2.590;1.454;0.874;1.674;0.035;0.393;10228
B516D9;2015/03/01 00:13:00;10228;90;24.1;19.8;2.577;1.500;0.874;1.674;0.035;0.387;10229
B516D9;2015/03/01 00:13:10;10229;88;24.1;20.4;2.574;1.500;0.874;1.674;0.035;0.425;10230
B516D9;2015/03/01 00:13:20;10230;83;30.9;20.4;2.654;1.500;0.874;1.696;0.035;0.396;10231
B516D9;2015/03/01 00:13:30;10231;87;24.1;20.3;2.622;1.500;0.880;1.696;0.035;0.435;10232
B516D9;2015/03/01 00:13:40;10232;83;25.8;20.4;2.787;1.454;0.880;1.696;0.035;0.390;10233
B516D9;2015/03/01 00:13:50;10233;88;28.0;20.4;2.754;1.454;0.880;1.696;0.035;0.409;10234
B516D9;2015/03/01 00:14:00;10234;81;24.5;19.9;2.574;1.458;0.880;1.677;0.035;0.416;10235
B516D9;2015/03/01 00:14:10;10235;83;26.1;20.1;2.825;1.458;0.877;1.677;0.035;0.409;10236
B516D9;2015/03/01 00:14:20;10236;94;25.8;20.1;2.790;1.477;0.877;1.677;0.019;0.409;10237
B516D9;2015/03/01 00:14:30;10237;90;23.8;20.3;2.574;1.477;0.883;1.677;0.019;0.409;10238
B516D9;2015/03/01 00:14:40;10238;89;29.3;20.8;2.674;1.496;0.883;1.696;0.019;0.387;10239
B516D9;2015/03/01 00:14:50;10239;81;24.1;20.3;2.629;1.496;0.880;1.696;0.019;0.387;10240
B516D9;2015/03/01 00:15:00;10240;91;32.5;20.6;2.661;1.458;0.880;1.696;0.096;0.390;10241
B516D9;2015/03/01 00:15:10;10241;83;30.0;20.4;2.574;1.458;0.880;1.696;0.096;0.396;10242
B516D9;2015/03/01 00:15:20;10242;89;28.7;20.4;2.648;1.464;0.880;1.654;0.096;0.393;10243
B516D9;2015/03/01 00:15:30;10243;92;29.0;20.8;2.564;1.464;0.887;1.654;0.096;0.403;10244
B516D9;2015/03/01 00:15:40;10244;92;28.0;20.6;2.609;1.483;0.887;1.654;0.022;0.406;10245
B516D9;2015/03/01 00:15:50;10245;78;26.7;20.1;2.825;1.483;0.922;1.654;0.022;0.403;10246
B516D9;2015/03/01 00:16:00;10246;84;26.4;19.8;2.812;1.496;0.922;1.658;0.022;0.435;10247
B516D9;2015/03/01 00:16:10;10247;80;26.7;20.8;2.780;1.496;0.883;1.658;0.022;0.419;10248
B516D9;2015/03/01 00:16:20;10248;86;26.4;21.0;2.609;1.477;0.883;1.658;0.035;0.409;10249
B516D9;2015/03/01 00:16:30;10249;85;26.1;21.0;2.690;1.477;0.938;1.658;0.035;0.416;10250
B516D9;2015/03/01 00:16:40;10250;87;29.0;20.8;2.787;1.464;0.938;1.654;0.035;0.399;10251
B516D9;2015/03/01 00:16:50;10251;76;29.0;20.3;2.583;1.464;0.919;1.654;0.035;0.425;10252
B516D9;2015/03/01 00:17:00;10252;85;27.4;19.9;2.812;1.487;0.919;1.654;0.032;0.390;10253
B516D9;2015/03/01 00:17:10;10253;89;25.4;20.1;2.696;1.487;0.919;1.654;0.032;0.416;10254
B516D9;2015/03/01 00:17:20;10254;93;29.3;20.8;2.583;1.496;0.919;1.629;0.032;0.422;10255
B516D9;2015/03/01 00:17:30;10255;88;25.8;20.4;2.590;1.496;0.916;1.629;0.032;0.390;10256
B516D9;2015/03/01 00:17:40;10256;79;28.3;20.8;2.635;1.464;0.916;1.629;0.035;0.429;10257
B516D9;2015/03/01 00:17:50;10257;82;24.5;20.8;2.622;1.464;0.877;1.629;0.035;0.422;10258
B516D9;2015/03/01 00:18:00;10258;83;32.9;20.4;2.570;1.496;0.877;1.658;0.035;0.406;10259
B516D9;2015/03/01 00:18:10;10259;84;31.6;20.3;2.577;1.496;0.929;1.658;0.035;0.409;10260
B516D9;2015/03/01 00:18:20;10260;83;27.4;20.4;2.738;1.467;0.929;1.658;0.032;0.406;10261
B516D9;2015/03/01 00:18:30;10261;76;30.0;21.0;2.596;1.467;0.870;1.658;0.032;0.432;10262
B516D9;2015/03/01 00:18:40;10262;83;28.7;21.0;2.699;1.461;0.870;1.638;0.032;0.390;10263
B516D9;2015/03/01 00:18:50;10263;86;26.7;20.1;2.722;1.461;0.870;1.638;0.032;0.390;10264
B516D9;2015/03/01 00:19:00;10264;80;27.0;19.9;2.819;1.477;0.870;1.638;0.038;0.432;10265
B516D9;2015/03/01 00:19:10;10265;85;30.3;20.6;2.806;1.477;0.916;1.638;0.038;0.438;10266
B516D9;2015/03/01 00:19:20;10266;88;30.3;20.8;2.600;1.483;0.916;1.687;0.038;0.390;10267
B516D9;2015/03/01 00:19:30;10267;90;29.6;20.6;2.564;1.483;0.925;1.687;0.038;0.387;10268
B516D9;2015/03/01 00:19:40;10268;92;30.6;20.3;2.819;1.477;0.925;1.687;0.077;0.422;10269
B516D9;2015/03/01 00:19:50;10269;85;27.7;20.4;2.816;1.477;0.880;1.687;0.077;0.396;10270
B516D9;2015/03/01 00:20:00;10270;93;25.4;20.6;2.699;1.448;0.880;1.690;0.077;0.416;10271
B516D9;2015/03/01 00:20:10;10271;77;24.1;21.0;2.622;1.448;0.877;1.690;0.077;0.422;10272
B516D9;2015/03/01 00:20:20;10272;83;24.5;20.3;2.616;1.487;0.877;1.690;0.032;0.432;10273
B516D9;2015/03/01 00:20:30;10273;78;29.3;20.3;2.806;1.487;0.874;1.690;0.032;0.393;10274
B516D9;2015/03/01 00:20:40;10274;88;32.9;20.6;2.777;1.477;0.874;1.645;0.032;0.399;10275
B516D9;2015/03/01 00:20:50;10275;91;31.6;20.4;2.564;1.477;0.870;1.645;0.032;0.412;10276
B516D9;2015/03/01 00:21:00;10276;91;30.0;20.3;2.812;1.467;0.870;1.645;0.038;0.390;10277
B516D9;2015/03/01 00:21:10;10277;93;23.8;20.3;2.577;1.467;0.929;1.645;0.038;0.393;10278
B516D9;2015/03/01 00:21:20;10278;87;30.9;20.8;2.806;1.458;0.929;1.687;0.038;0.416;10279
B516D9;2015/03/01 00:21:30;10279;95;24.8;20.8;2.793;1.458;0.893;1.687;0.038;0.387;10280
B516D9;2015/03/01 00:21:40;10280;92;25.1;20.4;2.790;1.496;0.893;1.687;0.093;0.390;10281
B516D9;2015/03/01 00:21:50;10281;86;26.1;20.4;2.609;1.496;0.893;1.687;0.093;0.425;10282
B516D9;2015/03/01 00:22:00;10282;87;28.3;20.4;2.580;1.490;0.893;1.670;0.093;0.393;10283
B516D9;2015/03/01 00:22:10;10283;93;26.1;20.1;2.729;1.490;0.893;1.670;0.093;0.416;10284
B516D9;2015/03/01 00:22:20;10284;88;26.1;21.0;2.803;1.467;0.893;1.670;0.025;0.393;10285
B516D9;2015/03/01 00:22:30;10285;90;28.0;20.6;2.583;1.467;0.912;1.670;0.025;0.409;10286
B516D9;2015/03/01 00:22:40;10286;88;26.1;20.4;2.587;1.493;0.912;1.658;0.025;0.438;10287
B516D9;2015/03/01 00:22:50;10287;84;27.7;20.4;2.822;1.493;0.870;1.658;0.025;0.393;10288
B516D9;2015/03/01 00:23:00;10288;96;24.8;20.4;2.587;1.474;0.870;1.658;0.035;0.409;10289
B516D9;2015/03/01 00:23:10;10289;88;30.0;20.4;2.574;1.474;0.919;1.658;0.035;0.393;10290
B516D9;2015/03/01 00:23:20;10290;81;24.8;20.4;2.819;1.454;0.919;1.661;0.035;0.429;10291
B516D9;2015/03/01 00:23:30;10291;87;24.1;20.8;2.632;1.454;0.880;1.661;0.035;0.403;10292
B516D9;2015/03/01 00:23:40;10292;84;30.6;20.8;2.719;1.448;0.880;1.661;0.041;0.409;10293
B516D9;2015/03/01 00:23:50;10293;83;25.8;20.8;2.658;1.448;0.893;1.661;0.041;0.429;10294
B516D9;2015/03/01 00:24:00;10294;95;27.4;21.0;2.812;1.458;0.893;1.629;0.041;0.422;10295
B516D9;2015/03/01 00:24:10;10295;89;26.7;19.9;2.825;1.458;0.867;1.629;0.041;0.393;10296
B516D9;2015/03/01 00:24:20;10296;88;29.6;20.8;2.787;1.448;0.867;1.629;0.038;0.390;10297
B516D9;2015/03/01 00:24:30;10297;83;30.6;20.4;2.803;1.448;0.870;1.629;0.038;0.403;10298
B516D9;2015/03/01 00:24:40;10298;78;27.7;20.3;2.577;1.454;0.870;1.635;0.038;0.409;10299
B516D9;2015/03/01 00:24:50;10299;88;29.6;20.8;2.787;1.454;0.867;1.635;0.038;0.393;10300
B516D9;2015/03/01 00:25:00;10300;83;23.8;20.1;2.558;1.448;0.867;1.635;0.041;0.406;10301
B516D9;2015/03/01 00:25:10;10301;91;30.9;20.6;2.580;1.448;0.919;1.635;0.041;0.390;10302
B516D9;2015/03/01 00:25:20;10302;93;28.0;20.1;2.561;1.496;0.919;1.667;0.041;0.448;10303
B516D9;2015/03/01 00:25:30;10303;91;29.3;20.3;2.790;1.496;0.870;1.667;0.041;0.396;10304
B516D9;2015/03/01 00:25:40;10304;93;26.1;20.3;2.587;1.477;0.870;1.667;0.038;0.406;10305
B516D9;2015/03/01 00:25:50;10305;85;28.3;19.6;2.790;1.477;0.864;1.667;0.038;0.422;10306
B516D9;2015/03/01 00:26:00;10306;97;24.1;20.3;2.561;1.454;0.864;1.629;0.038;0.416;10307
B516D9;2015/03/01 00:26:10;10307;91;26.1;20.6;2.590;1.454;0.916;1.629;0.038;0.403;10308
B516D9;2015/03/01 00:26:20;10308;79;24.8;20.4;2.816;1.474;0.916;1.629;0.106;0.406;10309
B516D9;2015/03/01 00:26:30;10309;80;29.0;19.8;2.787;1.474;0.870;1.629;0.106;0.416;10310
B516D9;2015/03/01 00:26:40;10310;78;31.6;20.8;2.722;1.474;0.870;1.638;0.106;0.399;10311
B516D9;2015/03/01 00:26:50;10311;93;28.3;20.8;2.583;1.474;0.861;1.638;0.106;0.412;10312
B516D9;2015/03/01 00:27:00;10312;90;28.7;20.4;2.583;1.448;0.861;1.638;0.022;0.432;10313
B516D9;2015/03/01 00:27:10;10313;83;25.4;20.1;2.709;1.448;0.864;1.638;0.022;0.432;10314
B516D9;2015/03/01 00:27:20;10314;88;26.7;20.3;2.806;1.477;0.864;1.645;0.022;0.399;10315
B516D9;2015/03/01 00:27:30;10315;83;29.0;20.3;2.787;1.477;0.887;1.645;0.022;0.429;10316
B516D9;2015/03/01 00:27:40;10316;89;28.3;20.6;2.654;1.458;0.887;1.645;0.041;0.438;10317
B516D9;2015/03/01 00:27:50;10317;86;23.8;20.8;2.622;1.458;0.870;1.645;0.041;0.412;10318
B516D9;2015/03/01 00:28:00;10318;95;26.4;20.4;2.590;1.474;0.870;1.667;0.041;0.406;10319
B516D9;2015/03/01 00:28:10;10319;89;27.4;20.6;2.583;1.474;0.870;1.667;0.041;0.416;10320
B516D9;2015/03/01 00:28:20;10320;91;26.4;19.8;2.787;1.451;0.870;1.667;0.038;0.406;10321
B516D9;2015/03/01 00:28:30;10321;94;25.4;20.6;2.664;1.451;0.916;1.667;0.038;0.393;10322
B516D9;2015/03/01 00:28:40;10322;86;26.4;20.6;2.590;1.458;0.916;1.641;0.038;0.406;10323
B516D9;2015/03/01 00:28:50;10323;83;24.5;20.8;2.670;1.458;0.870;1.641;0.038;0.416;10324
B516D9;2015/03/01 00:29:00;10324;88;28.0;21.0;2.767;1.480;0.870;1.641;0.022;0.406;10325
B516D9;2015/03/01 00:29:10;10325;78;30.0;20.8;2.819;1.480;0.870;1.641;0.022;0.435;10326
B516D9;2015/03/01 00:29:20;10326;79;32.5;20.4;2.564;1.493;0.870;1.632;0.022;0.409;10327
B516D9;2015/03/01 00:29:30;10327;88;26.4;19.9;2.761;1.493;0.887;1.632;0.022;0.399;10328
B516D9;2015/03/01 00:29:40;10328;86;29.3;20.8;2.699;1.470;0.887;1.632;0.035;0.399;10329
B516D9;2015/03/01 00:29:50;10329;82;29.0;20.8;2.577;1.470;0.893;1.632;0.035;0.416;10330
B516D9;2015/03/01 00:30:00;10330;93;30.9;21.1;2.774;1.458;0.893;1.641;0.035;0.432;10331
B516D9;2015/03/01 00:30:10;10331;82;29.0;20.6;2.574;1.458;0.870;1.641;0.035;0.409;10332
B516D9;2015/03/01 00:30:20;10332;95;28.0;21.1;2.754;1.487;0.870;1.641;0.035;0.393;10333
B516D9;2015/03/01 00:30:30;10333;88;27.4;19.9;2.748;1.487;0.880;1.641;0.035;0.396;10334
B516D9;2015/03/01 00:30:40;10334;85;24.1;20.1;2.558;1.458;0.880;1.638;0.035;0.406;10335
B516D9;2015/03/01 00:30:50;10335;88;30.0;20.4;2.587;1.458;0.929;1.638;0.035;0.422;10336
B516D9;2015/03/01 00:31:00;10336;83;24.1;20.3;2.696;1.477;0.929;1.638;0.048;0.387;10337
B516D9;2015/03/01 00:31:10;10337;82;32.5;20.3;2.825;1.477;0.932;1.638;0.048;0.390;10338
B516D9;2015/03/01 00:31:20;10338;96;24.5;20.3;2.570;1.467;0.932;1.651;0.048;0.409;10339
B516D9;2015/03/01 00:31:30;10339;93;24.8;20.4;2.590;1.467;0.932;1.651;0.048;0.396;10340
B516D9;2015/03/01 00:31:40;10340;96;28.0;20.8;2.641;1.487;0.932;1.651;0.038;0.393;10341
B516D9;2015/03/01 00:31:50;10341;90;26.7;20.8;2.709;1.487;0.887;1.651;0.038;0.441;10342
B516D9;2015/03/01 00:32:00;10342;84;30.9;20.8;2.799;1.487;0.887;1.641;0.038;0.432;10343
B516D9;2015/03/01 00:32:10;10343;82;28.3;20.4;2.577;1.487;0.877;1.641;0.038;0.435;10344
B516D9;2015/03/01 00:32:20;10344;94;24.1;20.4;2.600;1.490;0.877;1.641;0.035;0.399;10345
B516D9;2015/03/01 00:32:30;10345;88;30.3;20.4;2.819;1.490;0.877;1.641;0.035;0.409;10346
B516D9;2015/03/01 00:32:40;10346;82;29.6;20.8;2.787;1.454;0.877;1.651;0.035;0.412;10347
B516D9;2015/03/01 00:32:50;10347;84;24.1;20.6;2.616;1.454;0.935;1.651;0.035;0.409;10348
B516D9;2015/03/01 00:33:00;10348;88;31.9;20.4;2.774;1.458;0.935;1.651;0.038;0.406;10349
B516D9;2015/03/01 00:33:10;10349;93;29.6;20.4;2.741;1.458;0.880;1.651;0.038;0.406;10350
B516D9;2015/03/01 00:33:20;10350;78;24.8;20.3;2.561;1.496;0.880;1.654;0.038;0.396;10351
B516D9;2015/03/01 00:33:30;10351;84;32.2;20.3;2.796;1.496;0.893;1.654;0.038;0.409;10352
B516D9;2015/03/01 00:33:40;10352;79;26.4;20.6;2.603;1.474;0.893;1.654;0.035;0.409;10353
B516D9;2015/03/01 00:33:50;10353;84;24.1;20.4;2.574;1.474;0.880;1.654;0.035;0.393;10354
B516D9;2015/03/01 00:34:00;10354;88;24.5;21.0;2.580;1.458;0.880;1.677;0.035;0.422;10355
B516D9;2015/03/01 00:34:10;10355;88;30.3;21.0;2.574;1.458;0.874;1.677;0.035;0.409;10356
B516D9;2015/03/01 00:34:20;10356;93;29.0;20.1;2.596;1.474;0.874;1.677;0.054;0.406;10357
B516D9;2015/03/01 00:34:30;10357;87;29.3;20.4;2.787;1.474;0.893;1.677;0.054;0.422;10358
B516D9;2015/03/01 00:34:40;10358;81;26.4;19.9;2.761;1.454;0.893;1.674;0.054;0.390;10359
B516D9;2015/03/01 00:34:50;10359;85;31.2;20.8;2.609;1.454;0.874;1.674;0.054;0.425;10360
B516D9;2015/03/01 00:35:00;10360;83;27.4;20.6;2.606;1.500;0.874;1.674;0.061;0.425;10361
B516D9;2015/03/01 00:35:10;10361;90;30.0;20.8;2.603;1.500;0.877;1.674;0.061;0.396;10362
B516D9;2015/03/01 00:35:20;10362;88;27.0;20.4;2.567;1.461;0.877;1.664;0.061;0.409;10363
B516D9;2015/03/01 00:35:30;10363;83;27.7;20.3;2.799;1.461;0.877;1.664;0.061;0.387;10364
B516D9;2015/03/01 00:35:40;10364;91;28.0;20.6;2.774;1.467;0.877;1.664;0.041;0.393;10365
B516D9;2015/03/01 00:35:50;10365;77;29.6;20.4;2.825;1.467;0.932;1.664;0.041;0.393;10366
B516D9;2015/03/01 00:36:00;10366;94;25.1;20.3;2.570;1.480;0.932;1.683;0.041;0.406;10367
B516D9;2015/03/01 00:36:10;10367;89;27.7;20.3;2.780;1.480;0.874;1.683;0.041;0.425;10368
B516D9;2015/03/01 00:36:20;10368;96;26.4;20.1;2.787;1.480;0.874;1.683;0.038;0.416;10369
B516D9;2015/03/01 00:36:30;10369;87;24.8;20.3;2.696;1.480;0.900;1.683;0.038;0.425;10370
B516D9;2015/03/01 00:36:40;10370;76;29.6;20.4;2.799;1.461;0.900;1.632;0.038;0.399;10371
B516D9;2015/03/01 00:36:50;10371;89;30.0;20.8;2.583;1.461;0.929;1.632;0.038;0.422;10372
B516D9;2015/03/01 00:37:00;10372;80;30.9;21.1;2.806;1.500;0.929;1.632;0.045;0.422;10373
B516D9;2015/03/01 00:37:10;10373;88;30.9;20.6;2.587;1.500;0.880;1.632;0.045;0.387;10374
B516D9;2015/03/01 00:37:20;10374;79;31.9;20.8;2.732;1.458;0.880;1.654;0.045;0.390;10375
B516D9;2015/03/01 00:37:30;10375;78;30.6;21.0;2.825;1.458;0.935;1.654;0.045;0.412;10376
B516D9;2015/03/01 00:37:40;10376;95;30.9;20.4;2.622;1.480;0.935;1.654;0.038;0.399;10377
B516D9;2015/03/01 00:37:50;10377;88;29.0;21.0;2.590;1.480;0.893;1.654;0.038;0.390;10378
B516D9;2015/03/01 00:38:00;10378;88;27.0;20.6;2.587;1.480;0.893;1.658;0.038;0.419;10379
B516D9;2015/03/01 00:38:10;10379;91;23.8;21.0;2.609;1.480;0.890;1.658;0.038;0.403;10380
B516D9;2015/03/01 00:38:20;10380;95;27.4;20.1;2.819;1.464;0.890;1.658;0.051;0.429;10381
B516D9;2015/03/01 00:38:30;10381;85;28.0;20.4;2.822;1.464;0.925;1.658;0.051;0.416;10382
B516D9;2015/03/01 00:38:40;10382;83;27.7;20.4;2.816;1.480;0.925;1.648;0.051;0.416;10383
B516D9;2015/03/01 00:38:50;10383;90;26.1;20.6;2.748;1.480;0.877;1.648;0.051;0.409;10384
B516D9;2015/03/01 00:39:00;10384;94;26.1;20.6;2.600;1.454;0.877;1.648;0.041;0.416;10385
B516D9;2015/03/01 00:39:10;10385;85;26.4;21.1;2.590;1.454;0.935;1.648;0.041;0.409;10386
B516D9;2015/03/01 00:39:20;10386;80;26.4;21.0;2.603;1.496;0.935;1.687;0.041;0.429;10387
B516D9;2015/03/01 00:39:30;10387;84;24.5;20.6;2.648;1.496;0.900;1.687;0.041;0.425;10388
B516D9;2015/03/01 00:39:40;10388;92;24.5;20.6;2.577;1.454;0.900;1.687;0.035;0.416;10389
B516D9;2015/03/01 00:39:50;10389;79;30.0;20.4;2.783;1.454;0.877;1.687;0.035;0.396;10390
B516D9;2015/03/01 00:40:00;10390;79;30.6;20.4;2.629;1.496;0.877;1.658;0.035;0.406;10391
B516D9;2015/03/01 00:40:10;10391;86;32.5;19.9;2.780;1.496;0.893;1.658;0.035;0.393;10392
B516D9;2015/03/01 00:40:20;10392;87;29.3;21.3;2.583;1.470;0.893;1.658;0.038;0.399;10393
B516D9;2015/03/01 00:40:30;10393;91;23.8;20.8;2.570;1.470;0.880;1.658;0.038;0.399;10394
B516D9;2015/03/01 00:40:40;10394;85;29.6;20.4;2.609;1.458;0.880;1.648;0.038;0.422;10395
B516D9;2015/03/01 00:40:50;10395;92;29.3;20.6;2.609;1.458;0.877;1.648;0.038;0.425;10396
B516D9;2015/03/01 00:41:00;10396;91;24.1;20.6;2.570;1.461;0.877;1.648;0.029;0.409;10397
B516D9;2015/03/01 00:41:10;10397;90;29.6;20.4;2.825;1.461;0.874;1.648;0.029;0.416;10398
B516D9;2015/03/01 00:41:20;10398;88;28.0;21.0;2.641;1.503;0.874;1.629;0.029;0.390;10399
B516D9;2015/03/01 00:41:30;10399;88;24.8;20.6;2.677;1.503;0.912;1.629;0.029;0.399;10400
B516D9;2015/03/01 00:41:40;10400;95;29.6;21.1;2.761;1.458;0.912;1.629;0.161;0.406;10401
B516D9;2015/03/01 00:41:50;10401;88;24.1;21.1;2.635;1.458;0.896;1.629;0.161;0.435;10402
B516D9;2015/03/01 00:42:00;10402;93;23.8;20.4;2.567;1.467;0.896;1.648;0.161;0.409;10403
B516D9;2015/03/01 00:42:10;10403;88;23.8;20.8;2.616;1.467;0.887;1.648;0.161;0.393;10404
B516D9;2015/03/01 00:42:20;10404;88;27.0;20.6;2.806;1.451;0.887;1.648;0.087;0.390;10405
B516D9;2015/03/01 00:42:30;10405;95;25.8;20.6;2.741;1.451;0.887;1.648;0.087;0.432;10406
B516D9;2015/03/01 00:42:40;10406;84;23.8;20.1;2.564;1.474;0.887;1.687;0.087;0.406;10407
B516D9;2015/03/01 00:42:50;10407;92;25.8;20.6;2.696;1.474;0.883;1.687;0.087;0.393;10408
B516D9;2015/03/01 00:43:00;10408;88;29.0;21.0;2.780;1.451;0.883;1.687;0.041;0.416;10409
B516D9;2015/03/01 00:43:10;10409;88;28.7;21.1;2.564;1.451;0.880;1.687;0.041;0.396;10410
B516D9;2015/03/01 00:43:20;10410;84;25.4;21.0;2.590;1.487;0.880;1.641;0.041;0.409;10411
B516D9;2015/03/01 00:43:30;10411;93;29.6;20.6;2.809;1.487;0.870;1.641;0.041;0.393;10412
B516D9;2015/03/01 00:43:40;10412;95;25.1;20.6;2.583;1.458;0.870;1.641;0.038;0.406;10413
B516D9;2015/03/01 00:43:50;10413;93;26.1;20.6;2.677;1.458;0.870;1.641;0.038;0.435;10414
B516D9;2015/03/01 00:44:00;10414;81;26.7;21.0;2.725;1.480;0.870;1.683;0.038;0.399;10415
B516D9;2015/03/01 00:44:10;10415;86;27.0;20.6;2.754;1.480;0.870;1.683;0.038;0.432;10416
B516D9;2015/03/01 00:44:20;10416;83;29.0;20.4;2.712;1.451;0.870;1.683;0.032;0.406;10417
B516D9;2015/03/01 00:44:30;10417;84;27.4;21.1;2.583;1.451;0.880;1.683;0.032;0.409;10418
B516D9;2015/03/01 00:44:40;10418;93;27.0;21.1;2.738;1.464;0.880;1.680;0.032;0.399;10419
B516D9;2015/03/01 00:44:50;10419;88;28.0;20.4;2.787;1.464;0.874;1.680;0.032;0.399;10420
B516D9;2015/03/01 00:45:00;10420;87;29.6;21.1;2.787;1.467;0.874;1.680;0.064;0.399;10421
B516D9;2015/03/01 00:45:10;10421;84;30.0;21.0;2.596;1.467;0.925;1.680;0.064;0.432;10422
B516D9;2015/03/01 00:45:20;10422;85;26.1;20.6;2.590;1.487;0.925;1.661;0.064;0.390;10423
B516D9;2015/03/01 00:45:30;10423;80;30.9;20.8;2.564;1.487;0.893;1.661;0.064;0.396;10424
B516D9;2015/03/01 00:45:40;10424;78;24.1;20.1;2.606;1.467;0.893;1.661;0.032;0.422;10425
B516D9;2015/03/01 00:45:50;10425;84;31.6;20.8;2.822;1.467;0.877;1.661;0.032;0.409;10426
B516D9;2015/03/01 00:46:00;10426;88;28.7;20.8;2.661;1.454;0.877;1.658;0.032;0.406;10427
B516D9;2015/03/01 00:46:10;10427;88;28.3;20.4;2.703;1.454;0.877;1.658;0.032;0.393;10428
B516D9;2015/03/01 00:46:20;10428;89;24.8;20.6;2.587;1.500;0.877;1.658;0.067;0.416;10429
B516D9;2015/03/01 00:46:30;10429;84;29.3;20.4;2.703;1.500;0.887;1.658;0.067;0.409;10430
B516D9;2015/03/01 00:46:40;10430;89;30.9;21.5;2.741;1.477;0.887;1.670;0.067;0.406;10431
B516D9;2015/03/01 00:46:50;10431;78;27.0;21.0;2.583;1.477;0.874;1.670;0.067;0.396;10432
B516D9;2015/03/01 00:47:00;10432;86;24.8;20.8;2.564;1.483;0.874;1.670;0.158;0.409;10433
B516D9;2015/03/01 00:47:10;10433;85;30.9;21.0;2.590;1.483;0.906;1.670;0.158;0.422;10434
B516D9;2015/03/01 00:47:20;10434;94;25.4;21.1;2.706;1.461;0.906;1.648;0.158;0.422;10435
B516D9;2015/03/01 00:47:30;10435;94;27.7;20.3;2.564;1.461;0.874;1.648;0.158;0.393;10436
B516D9;2015/03/01 00:47:40;10436;85;24.1;20.6;2.632;1.477;0.874;1.648;0.148;0.422;10437
B516D9;2015/03/01 00:47:50;10437;79;27.7;20.3;2.774;1.477;0.922;1.648;0.148;0.416;10438
B516D9;2015/03/01 00:48:00;10438;88;31.9;21.0;2.748;1.470;0.922;1.648;0.148;0.429;10439
B516D9;2015/03/01 00:48:10;10439;88;29.0;20.4;2.712;1.470;0.874;1.648;0.148;0.422;10440
B516D9;2015/03/01 00:48:20;10440;90;29.0;21.1;2.722;1.464;0.874;1.648;0.022;0.406;10441
B516D9;2015/03/01 00:48:30;10441;88;31.2;20.8;2.567;1.464;0.887;1.648;0.022;0.409;10442
B516D9;2015/03/01 00:48:40;10442;93;27.4;21.1;2.745;1.451;0.887;1.638;0.022;0.399;10443
B516D9;2015/03/01 00:48:50;10443;81;29.3;21.0;2.570;1.451;0.867;1.638;0.022;0.403;10444
B516D9;2015/03/01 00:49:00;10444;88;26.1;21.0;2.603;1.467;0.867;1.638;0.038;0.399;10445
B516D9;2015/03/01 00:49:10;10445;92;24.8;21.1;2.696;1.467;0.900;1.638;0.038;0.393;10446
B516D9;2015/03/01 00:49:20;10446;85;27.0;20.6;2.816;1.483;0.900;1.674;0.038;0.393;10447
B516D9;2015/03/01 00:49:30;10447;90;29.3;21.0;2.825;1.483;0.870;1.674;0.038;0.396;10448
B516D9;2015/03/01 00:49:40;10448;83;30.3;21.1;2.799;1.464;0.870;1.674;0.041;0.396;10449
B516D9;2015/03/01 00:49:50;10449;93;27.0;21.3;2.825;1.464;0.883;1.674;0.041;0.390;10450
B516D9;2015/03/01 00:50:00;10450;87;29.6;21.3;2.587;1.464;0.883;1.664;0.041;0.390;10451
B516D9;2015/03/01 00:50:10;10451;88;24.5;20.8;2.761;1.464;0.874;1.664;0.041;0.419;10452
B516D9;2015/03/01 00:50:20;10452;87;28.0;21.3;2.754;1.451;0.874;1.664;0.158;0.422;10453
B516D9;2015/03/01 00:50:30;10453;91;28.0;20.6;2.622;1.451;0.870;1.664;0.158;0.393;10454
B516D9;2015/03/01 00:50:40;10454;87;28.0;21.3;2.635;1.464;0.870;1.635;0.158;0.406;10455
B516D9;2015/03/01 00:50:50;10455;88;25.8;20.8;2.754;1.464;0.864;1.635;0.158;0.409;10456
B516D9;2015/03/01 00:51:00;10456;86;30.3;21.3;2.712;1.461;0.864;1.635;0.038;0.390;10457
B516D9;2015/03/01 00:51:10;10457;93;28.0;21.3;2.622;1.461;0.922;1.635;0.038;0.425;10458
B516D9;2015/03/01 00:51:20;10458;88;24.5;20.8;2.574;1.458;0.922;1.635;0.038;0.396;10459
B516D9;2015/03/01 00:51:30;10459;80;28.3;19.9;2.793;1.458;0.874;1.635;0.038;0.403;10460
B516D9;2015/03/01 00:51:40;10460;87;26.1;20.6;2.706;1.477;0.874;1.635;0.022;0.416;10461
B516D9;2015/03/01 00:51:50;10461;92;27.0;20.3;2.806;1.477;0.893;1.635;0.022;0.429;10462
B516D9;2015/03/01 00:52:00;10462;91;24.1;20.3;2.638;1.464;0.893;1.654;0.022;0.438;10463
B516D9;2015/03/01 00:52:10;10463;85;29.3;20.6;2.758;1.464;0.874;1.654;0.022;0.416;10464
B516D9;2015/03/01 00:52:20;10464;95;32.2;21.1;2.732;1.470;0.874;1.654;0.038;0.432;10465
B516D9;2015/03/01 00:52:30;10465;86;30.9;21.3;2.819;1.470;0.919;1.654;0.038;0.390;10466
B516D9;2015/03/01 00:52:40;10466;87;30.3;21.3;2.674;1.454;0.919;1.661;0.038;0.399;10467
B516D9;2015/03/01 00:52:50;10467;93;30.9;20.6;2.809;1.454;0.874;1.661;0.038;0.409;10468
B516D9;2015/03/01 00:53:00;10468;88;30.9;21.3;2.606;1.454;0.874;1.661;0.035;0.448;10469
B516D9;2015/03/01 00:53:10;10469;76;30.3;21.1;2.816;1.454;0.916;1.661;0.035;0.396;10470
B516D9;2015/03/01 00:53:20;10470;95;29.0;20.8;2.787;1.493;0.916;1.625;0.035;0.393;10471
B516D9;2015/03/01 00:53:30;10471;95;29.6;20.4;2.748;1.493;0.874;1.625;0.035;0.432;10472
B516D9;2015/03/01 00:53:40;10472;79;28.3;20.8;2.645;1.470;0.874;1.625;0.035;0.429;10473
B516D9;2015/03/01 00:53:50;10473;81;28.7;21.3;2.806;1.470;0.906;1.625;0.035;0.412;10474
B516D9;2015/03/01 00:54:00;10474;88;28.7;20.8;2.674;1.493;0.906;1.658;0.035;0.406;10475
B516D9;2015/03/01 00:54:10;10475;87;23.8;21.0;2.567;1.493;0.880;1.658;0.035;0.429;10476
B516D9;2015/03/01 00:54:20;10476;82;27.0;21.0;2.567;1.500;0.880;1.658;0.041;0.422;10477
B516D9;2015/03/01 00:54:30;10477;78;26.7;20.6;2.819;1.500;0.932;1.658;0.041;0.432;10478
B516D9;2015/03/01 00:54:40;10478;88;28.0;21.0;2.819;1.474;0.932;1.645;0.041;0.390;10479
B516D9;2015/03/01 00:54:50;10479;75;24.1;21.5;2.787;1.474;0.893;1.645;0.041;0.406;10480
B516D9;2015/03/01 00:55:00;10480;95;29.6;21.5;2.761;1.467;0.893;1.645;0.035;0.390;10481
B516D9;2015/03/01 00:55:10;10481;77;30.0;20.8;2.587;1.467;0.893;1.645;0.035;0.393;10482
B516D9;2015/03/01 00:55:20;10482;89;26.1;21.3;2.558;1.493;0.893;1.625;0.035;0.390;10483
B516D9;2015/03/01 00:55:30;10483;89;23.8;21.1;2.619;1.493;0.870;1.625;0.035;0.393;10484
B516D9;2015/03/01 00:55:40;10484;89;27.7;21.3;2.570;1.454;0.870;1.625;0.032;0.390;10485
B516D9;2015/03/01 00:55:50;10485;88;31.6;21.1;2.822;1.454;0.870;1.625;0.032;0.422;10486
B516D9;2015/03/01 00:56:00;10486;87;24.8;21.0;2.812;1.461;0.870;1.632;0.032;0.399;10487
B516D9;2015/03/01 00:56:10;10487;86;24.1;21.3;2.570;1.461;0.925;1.632;0.032;0.425;10488
B516D9;2015/03/01 00:56:20;10488;91;30.6;20.4;2.722;1.496;0.925;1.632;0.035;0.390;10489
B516D9;2015/03/01 00:56:30;10489;92;28.7;20.8;2.590;1.496;0.877;1.632;0.035;0.390;10490
B516D9;2015/03/01 00:56:40;10490;91;25.1;20.6;2.629;1.477;0.877;1.641;0.035;0.399;10491
B516D9;2015/03/01 00:56:50;10491;86;28.0;21.0;2.658;1.477;0.932;1.641;0.035;0.396;10492
B516D9;2015/03/01 00:57:00;10492;88;29.6;21.5;2.735;1.477;0.932;1.641;0.038;0.393;10493
B516D9;2015/03/01 00:57:10;10493;85;26.1;21.1;2.596;1.477;0.929;1.641;0.038;0.432;10494
B516D9;2015/03/01 00:57:20;10494;83;28.3;20.3;2.580;1.496;0.929;1.654;0.038;0.399;10495
B516D9;2015/03/01 00:57:30;10495;90;25.1;21.1;2.587;1.496;0.890;1.654;0.038;0.409;10496
B516D9;2015/03/01 00:57:40;10496;93;28.3;21.8;2.706;1.470;0.890;1.654;0.041;0.406;10497
B516D9;2015/03/01 00:57:50;10497;88;28.7;21.3;2.809;1.470;0.900;1.654;0.041;0.422;10498
B516D9;2015/03/01 00:58:00;10498;90;24.1;20.6;2.645;1.458;0.900;1.677;0.041;0.390;10499
B516D9;2015/03/01 00:58:10;10499;80;26.1;21.0;2.583;1.458;0.919;1.677;0.041;0.403;10500
B516D9;2015/03/01 00:58:20;10500;87;32.2;21.3;2.699;1.464;0.919;1.677;0.032;0.409;10501
B516D9;2015/03/01 00:58:30;10501;88;26.7;20.3;2.735;1.464;0.877;1.677;0.032;0.393;10502
B516D9;2015/03/01 00:58:40;10502;91;27.7;20.6;2.574;1.487;0.877;1.658;0.032;0.390;10503
B516D9;2015/03/01 00:58:50;10503;83;28.0;21.1;2.793;1.487;0.874;1.658;0.032;0.387;10504
B516D9;2015/03/01 00:59:00;10504;91;26.7;21.3;2.558;1.477;0.874;1.658;0.038;0.393;10505
B516D9;2015/03/01 00:59:10;10505;85;26.7;20.8;2.622;1.477;0.877;1.658;0.038;0.429;10506
B516D9;2015/03/01 00:59:20;10506;82;24.1;20.6;2.561;1.464;0.877;1.664;0.038;0.390;10507
B516D9;2015/03/01 00:59:30;10507;85;24.1;21.1;2.683;1.464;0.877;1.664;0.038;0.416;10508
B516D9;2015/03/01 00:59:40;10508;78;29.3;21.5;2.787;1.503;0.877;1.664;0.058;0.422;10509
B516D9;2015/03/01 00:59:50;10509;93;30.0;21.1;2.609;1.503;0.896;1.664;0.058;0.438;10510
B516D9;2015/03/01 01:00:00;10510;93;29.0;21.5;2.806;1.464;0.896;1.658;0.058;0.416;10511
B516D9;2015/03/01 01:00:10;10511;89;26.1;21.7;2.593;1.464;0.877;1.658;0.058;0.409;10512
B516D9;2015/03/01 01:00:20;10512;90;29.0;20.6;2.564;1.464;0.877;1.658;0.132;0.422;10513
B516D9;2015/03/01 01:00:30;10513;86;26.1;20.6;2.819;1.464;0.922;1.658;0.132;0.393;10514
B516D9;2015/03/01 01:00:40;10514;83;24.5;21.0;2.561;1.480;0.922;1.635;0.132;0.387;10515
B516D9;2015/03/01 01:00:50;10515;93;24.1;21.0;2.603;1.480;0.880;1.635;0.132;0.393;10516
B516D9;2015/03/01 01:01:00;10516;83;27.0;20.6;2.816;1.464;0.880;1.635;0.045;0.406;10517
B516D9;2015/03/01 01:01:10;10517;95;26.7;20.6;2.829;1.464;0.877;1.635;0.045;0.409;10518
B516D9;2015/03/01 01:01:20;10518;93;31.6;21.5;2.774;1.477;0.877;1.632;0.045;0.390;10519
B516D9;2015/03/01 01:01:30;10519;82;30.3;21.5;2.796;1.477;0.912;1.632;0.045;0.416;10520
B516D9;2015/03/01 01:01:40;10520;86;25.1;21.0;2.587;1.506;0.912;1.632;0.067;0.393;10521
B516D9;2015/03/01 01:01:50;10521;90;25.4;21.5;2.683;1.506;0.883;1.632;0.067;0.393;10522
B516D9;2015/03/01 01:02:00;10522;89;24.5;21.1;2.635;1.467;0.883;1.625;0.067;0.403;10523
B516D9;2015/03/01 01:02:10;10523;78;27.7;20.6;2.816;1.467;0.880;1.625;0.067;0.429;10524
B516D9;2015/03/01 01:02:20;10524;93;26.1;21.3;2.551;1.500;0.880;1.625;0.077;0.422;10525
B516D9;2015/03/01 01:02:30;10525;85;29.3;21.1;2.787;1.500;0.883;1.625;0.077;0.425;10526
B516D9;2015/03/01 01:02:40;10526;81;28.7;20.8;2.812;1.496;0.883;1.664;0.077;0.409;10527
B516D9;2015/03/01 01:02:50;10527;93;27.4;21.3;2.783;1.496;0.938;1.664;0.077;0.403;10528
B516D9;2015/03/01 01:03:00;10528;88;29.6;21.8;2.754;1.490;0.938;1.664;0.035;0.419;10529
B516D9;2015/03/01 01:03:10;10529;80;23.8;21.5;2.754;1.490;0.929;1.664;0.035;0.390;10530
B516D9;2015/03/01 01:03:20;10530;94;29.0;21.1;2.816;1.512;0.929;1.645;0.035;0.422;10531
B516D9;2015/03/01 01:03:30;10531;83;29.0;21.3;2.567;1.512;0.883;1.645;0.035;0.396;10532
B516D9;2015/03/01 01:03:40;10532;88;28.7;21.3;2.580;1.509;0.883;1.645;0.035;0.425;10533
B516D9;2015/03/01 01:03:50;10533;86;27.0;21.0;2.748;1.509;0.883;1.645;0.035;0.429;10534
B516D9;2015/03/01 01:04:00;10534;85;31.9;21.5;2.812;1.483;0.883;1.667;0.035;0.416;10535
B516D9;2015/03/01 01:04:10;10535;88;31.6;21.0;2.829;1.483;0.883;1.667;0.035;0.422;10536
B516D9;2015/03/01 01:04:20;10536;84;30.0;21.1;2.564;1.506;0.883;1.667;0.035;0.399;10537
B516D9;2015/03/01 01:04:30;10537;92;31.9;21.5;2.612;1.506;0.935;1.667;0.035;0.429;10538
B516D9;2015/03/01 01:04:40;10538;86;28.0;21.7;2.632;1.496;0.935;1.629;0.035;0.393;10539
B516D9;2015/03/01 01:04:50;10539;89;24.5;21.5;2.609;1.496;0.929;1.629;0.035;0.409;10540
B516D9;2015/03/01 01:05:00;10540;85;30.0;21.0;2.561;1.483;0.929;1.629;0.032;0.393;10541
B516D9;2015/03/01 01:05:10;10541;89;30.9;21.0;2.825;1.483;0.883;1.629;0.032;0.416;10542
B516D9;2015/03/01 01:05:20;10542;95;24.5;21.7;2.812;1.461;0.883;1.629;0.032;0.441;10543
B516D9;2015/03/01 01:05:30;10543;83;27.7;21.8;2.583;1.461;0.880;1.629;0.032;0.393;10544
B516D9;2015/03/01 01:05:40;10544;92;23.8;21.1;2.570;1.474;0.880;1.629;0.038;0.399;10545
B516D9;2015/03/01 01:05:50;10545;88;26.4;21.5;2.696;1.474;0.935;1.629;0.038;0.380;10546
B516D9;2015/03/01 01:06:00;10546;75;23.8;21.3;2.819;1.470;0.935;1.658;0.038;0.438;10547
B516D9;2015/03/01 01:06:10;10547;89;30.9;21.5;2.596;1.470;0.941;1.658;0.038;0.425;10548
B516D9;2015/03/01 01:06:20;10548;83;26.7;21.0;2.799;1.483;0.941;1.658;0.067;0.403;10549
B516D9;2015/03/01 01:06:30;10549;79;29.6;21.3;2.580;1.483;0.883;1.658;0.067;0.387;10550
B516D9;2015/03/01 01:06:40;10550;88;30.3;20.8;2.812;1.477;0.883;1.667;0.067;0.403;10551
B516D9;2015/03/01 01:06:50;10551;83;30.9;21.5;2.564;1.477;0.883;1.667;0.067;0.393;10552
B516D9;2015/03/01 01:07:00;10552;95;28.7;21.3;2.580;1.477;0.883;1.667;0.035;0.403;10553
B516D9;2015/03/01 01:07:10;10553;88;29.6;21.3;2.729;1.477;0.883;1.667;0.035;0.412;10554
B516D9;2015/03/01 01:07:20;10554;85;27.0;21.3;2.564;1.470;0.883;1.654;0.035;0.383;10555
B516D9;2015/03/01 01:07:30;10555;88;24.1;21.3;2.632;1.470;0.887;1.654;0.035;0.403;10556
B516D9;2015/03/01 01:07:40;10556;89;28.3;21.0;2.806;1.464;0.887;1.654;0.058;0.383;10557
B516D9;2015/03/01 01:07:50;10557;88;23.8;21.7;2.574;1.464;0.932;1.654;0.058;0.390;10558
B516D9;2015/03/01 01:08:00;10558;91;27.7;21.3;2.725;1.483;0.932;1.645;0.058;0.387;10559
B516D9;2015/03/01 01:08:10;10559;88;29.6;21.1;2.816;1.483;0.883;1.645;0.058;0.425;10560
B516D9;2015/03/01 01:08:20;10560;93;28.3;21.3;2.583;1.480;0.883;1.645;0.038;0.399;10561
B516D9;2015/03/01 01:08:30;10561;93;23.8;21.5;2.574;1.480;0.890;1.645;0.038;0.387;10562
B516D9;2015/03/01 01:08:40;10562;94;27.7;21.0;2.741;1.474;0.890;1.632;0.038;0.422;10563
B516D9;2015/03/01 01:08:50;10563;87;27.0;21.5;2.590;1.474;0.935;1.632;0.038;0.441;10564
B516D9;2015/03/01 01:09:00;10564;94;28.7;21.3;2.699;1.493;0.935;1.632;0.038;0.441;10565
B516D9;2015/03/01 01:09:10;10565;89;32.2;21.1;2.783;1.493;0.941;1.632;0.038;0.422;10566
B516D9;2015/03/01 01:09:20;10566;97;27.0;21.3;2.616;1.467;0.941;1.622;0.038;0.387;10567
B516D9;2015/03/01 01:09:30;10567;84;23.8;21.3;2.825;1.467;0.906;1.622;0.038;0.390;10568
B516D9;2015/03/01 01:09:40;10568;91;26.7;21.7;2.577;1.467;0.906;1.622;0.090;0.416;10569
B516D9;2015/03/01 01:09:50;10569;85;28.3;21.8;2.816;1.467;0.912;1.622;0.090;0.390;10570
B516D9;2015/03/01 01:10:00;10570;85;24.8;21.1;2.580;1.477;0.912;1.632;0.090;0.419;10571
B516D9;2015/03/01 01:10:10;10571;81;24.1;22.2;2.590;1.477;0.945;1.632;0.090;0.416;10572
B516D9;2015/03/01 01:10:20;10572;90;24.5;21.5;2.622;1.519;0.945;1.632;0.038;0.393;10573
B516D9;2015/03/01 01:10:30;10573;93;28.0;21.3;2.777;1.519;0.890;1.632;0.038;0.393;10574
B516D9;2015/03/01 01:10:40;10574;94;26.4;21.1;2.577;1.474;0.890;1.667;0.038;0.409;10575
B516D9;2015/03/01 01:10:50;10575;86;27.0;21.5;2.590;1.474;0.890;1.667;0.038;0.387;10576
B516D9;2015/03/01 01:11:00;10576;91;24.5;21.7;2.564;1.477;0.890;1.667;0.093;0.422;10577
B516D9;2015/03/01 01:11:10;10577;86;30.9;21.7;2.722;1.477;0.941;1.667;0.093;0.441;10578
B516D9;2015/03/01 01:11:20;10578;81;23.8;21.0;2.561;1.516;0.941;1.635;0.093;0.390;10579
B516D9;2015/03/01 01:11:30;10579;93;23.8;21.8;2.622;1.516;0.941;1.635;0.093;0.390;10580
B516D9;2015/03/01 01:11:40;10580;95;29.3;21.5;2.693;1.470;0.941;1.635;0.035;0.416;10581
B516D9;2015/03/01 01:11:50;10581;87;24.1;21.7;2.635;1.470;0.890;1.635;0.035;0.390;10582
B516D9;2015/03/01 01:12:00;10582;94;29.6;21.8;2.632;1.516;0.890;1.664;0.035;0.422;10583
B516D9;2015/03/01 01:12:10;10583;88;28.0;22.0;2.741;1.516;0.906;1.664;0.035;0.390;10584
B516D9;2015/03/01 01:12:20;10584;93;26.4;21.8;2.603;1.474;0.906;1.664;0.029;0.393;10585
B516D9;2015/03/01 01:12:30;10585;84;27.7;21.1;2.767;1.474;0.890;1.664;0.029;0.409;10586
B516D9;2015/03/01 01:12:40;10586;90;27.7;21.3;2.812;1.474;0.890;1.674;0.029;0.390;10587
B516D9;2015/03/01 01:12:50;10587;93;30.9;21.5;2.603;1.474;0.903;1.674;0.029;0.409;10588
B516D9;2015/03/01 01:13:00;10588;96;26.4;21.7;2.696;1.493;0.903;1.674;0.032;0.390;10589
B516D9;2015/03/01 01:13:10;10589;93;24.5;21.5;2.716;1.493;0.945;1.674;0.032;0.409;10590
B516D9;2015/03/01 01:13:20;10590;86;26.7;21.5;2.819;1.480;0.945;1.677;0.032;0.406;10591
B516D9;2015/03/01 01:13:30;10591;90;26.7;21.5;2.716;1.480;0.890;1.677;0.032;0.396;10592
B516D9;2015/03/01 01:13:40;10592;80;28.0;21.8;2.751;1.477;0.890;1.677;0.051;0.422;10593
B516D9;2015/03/01 01:13:50;10593;83;28.0;21.8;2.645;1.477;0.890;1.677;0.051;0.409;10594
B516D9;2015/03/01 01:14:00;10594;90;29.3;21.8;2.583;1.509;0.890;1.648;0.051;0.438;10595
B516D9;2015/03/01 01:14:10;10595;88;23.8;22.0;2.606;1.509;0.890;1.648;0.051;0.441;10596
B516D9;2015/03/01 01:14:20;10596;80;26.1;21.7;2.561;1.493;0.890;1.648;0.051;0.419;10597
B516D9;2015/03/01 01:14:30;10597;82;30.0;21.8;2.606;1.493;0.890;1.648;0.051;0.403;10598
B516D9;2015/03/01 01:14:40;10598;83;26.7;21.5;2.819;1.500;0.890;1.654;0.051;0.432;10599
B516D9;2015/03/01 01:14:50;10599;78;25.8;21.5;2.819;1.500;0.890;1.654;0.051;0.396;10600
B516D9;2015/03/01 01:15:00;10600;90;27.7;21.1;2.580;1.480;0.890;1.654;0.099;0.399;10601
B516D9;2015/03/01 01:15:10;10601;84;23.8;22.2;2.622;1.480;0.887;1.654;0.099;0.396;10602
B516D9;2015/03/01 01:15:20;10602;78;28.3;22.2;2.667;1.500;0.887;1.603;0.099;0.387;10603
B516D9;2015/03/01 01:15:30;10603;87;29.6;21.7;2.825;1.500;0.887;1.603;0.099;0.438;10604
B516D9;2015/03/01 01:15:40;10604;88;29.0;21.8;2.699;1.487;0.887;1.603;0.041;0.412;10605
B516D9;2015/03/01 01:15:50;10605;88;24.5;21.8;2.606;1.487;0.887;1.603;0.041;0.429;10606
B516D9;2015/03/01 01:16:00;10606;88;25.4;21.3;2.790;1.474;0.887;1.641;0.041;0.393;10607
B516D9;2015/03/01 01:16:10;10607;87;30.0;22.2;2.603;1.474;0.938;1.641;0.041;0.425;10608
B516D9;2015/03/01 01:16:20;10608;86;29.6;22.2;2.774;1.483;0.938;1.641;0.135;0.416;10609
B516D9;2015/03/01 01:16:30;10609;88;30.0;21.8;2.596;1.483;0.883;1.641;0.135;0.387;10610
B516D9;2015/03/01 01:16:40;10610;90;23.8;22.4;2.793;1.474;0.883;1.625;0.135;0.403;10611
B516D9;2015/03/01 01:16:50;10611;90;28.3;21.3;2.683;1.474;0.893;1.625;0.135;0.387;10612
B516D9;2015/03/01 01:17:00;10612;88;25.8;21.3;2.767;1.480;0.893;1.625;0.038;0.435;10613
B516D9;2015/03/01 01:17:10;10613;76;27.4;21.5;2.761;1.480;0.916;1.625;0.038;0.393;10614
B516D9;2015/03/01 01:17:20;10614;84;24.1;21.7;2.793;1.500;0.916;1.635;0.038;0.432;10615
B516D9;2015/03/01 01:17:30;10615;84;24.5;21.8;2.645;1.500;0.890;1.635;0.038;0.406;10616
B516D9;2015/03/01 01:17:40;10616;83;24.8;21.8;2.587;1.474;0.890;1.635;0.038;0.406;10617
B516D9;2015/03/01 01:17:50;10617;91;28.3;21.7;2.696;1.474;0.890;1.635;0.038;0.390;10618
B516D9;2015/03/01 01:18:00;10618;85;29.3;22.0;2.687;1.496;0.890;1.670;0.038;0.399;10619
B516D9;2015/03/01 01:18:10;10619;91;23.8;21.8;2.609;1.496;0.906;1.670;0.038;0.422;10620
B516D9;2015/03/01 01:18:20;10620;89;24.1;21.5;2.561;1.496;0.906;1.670;0.029;0.390;10621
B516D9;2015/03/01 01:18:30;10621;82;30.3;22.0;2.806;1.496;0.903;1.670;0.029;0.406;10622
B516D9;2015/03/01 01:18:40;10622;93;30.9;22.4;2.748;1.490;0.903;1.629;0.029;0.409;10623
B516D9;2015/03/01 01:18:50;10623;87;23.8;21.8;2.622;1.490;0.890;1.629;0.029;0.390;10624
B516D9;2015/03/01 01:19:00;10624;80;27.0;21.7;2.612;1.506;0.890;1.629;0.029;0.422;10625
B516D9;2015/03/01 01:19:10;10625;96;23.5;21.8;2.570;1.506;0.896;1.629;0.029;0.387;10626
B516D9;2015/03/01 01:19:20;10626;92;32.2;22.2;2.732;1.477;0.896;1.677;0.029;0.435;10627
B516D9;2015/03/01 01:19:30;10627;90;25.4;22.0;2.716;1.477;0.948;1.677;0.029;0.387;10628
B516D9;2015/03/01 01:19:40;10628;88;25.4;21.8;2.590;1.487;0.948;1.677;0.038;0.409;10629
B516D9;2015/03/01 01:19:50;10629;87;26.4;22.2;2.777;1.487;0.909;1.677;0.038;0.387;10630
B516D9;2015/03/01 01:20:00;10630;87;26.1;21.7;2.751;1.503;0.909;1.664;0.038;0.396;10631
B516D9;2015/03/01 01:20:10;10631;89;28.0;21.8;2.809;1.503;0.896;1.664;0.038;0.441;10632
B516D9;2015/03/01 01:20:20;10632;95;31.9;22.2;2.748;1.506;0.896;1.664;0.032;0.387;10633
B516D9;2015/03/01 01:20:30;10633;88;31.6;21.7;2.754;1.506;0.896;1.664;0.032;0.425;10634
B516D9;2015/03/01 01:20:40;10634;86;27.4;22.0;2.619;1.483;0.896;1.619;0.032;0.399;10635
B516D9;2015/03/01 01:20:50;10635;93;24.5;22.4;2.806;1.483;0.900;1.619;0.032;0.416;10636
B516D9;2015/03/01 01:21:00;10636;85;28.3;22.4;2.641;1.506;0.900;1.619;0.035;0.390;10637
B516D9;2015/03/01 01:21:10;10637;78;23.8;21.8;2.609;1.506;0.896;1.619;0.035;0.412;10638
B516D9;2015/03/01 01:21:20;10638;84;29.6;22.2;2.612;1.500;0.896;1.654;0.035;0.396;10639
B516D9;2015/03/01 01:21:30;10639;93;24.1;22.0;2.635;1.500;0.900;1.654;0.035;0.393;10640
B516D9;2015/03/01 01:21:40;10640;87;26.4;22.0;2.590;1.525;0.900;1.654;0.032;0.416;10641
B516D9;2015/03/01 01:21:50;10641;95;28.3;21.5;2.806;1.525;0.896;1.654;0.032;0.390;10642
B516D9;2015/03/01 01:22:00;10642;88;26.7;22.0;2.606;1.500;0.896;1.632;0.032;0.406;10643
B516D9;2015/03/01 01:22:10;10643;83;31.9;22.0;2.780;1.500;0.896;1.632;0.032;0.429;10644
B516D9;2015/03/01 01:22:20;10644;93;23.8;21.1;2.564;1.487;0.896;1.632;0.087;0.390;10645
B516D9;2015/03/01 01:22:30;10645;78;26.1;22.2;2.819;1.487;0.900;1.632;0.087;0.396;10646
B516D9;2015/03/01 01:22:40;10646;86;25.4;21.5;2.806;1.519;0.900;1.677;0.087;0.445;10647
B516D9;2015/03/01 01:22:50;10647;88;26.7;22.2;2.709;1.519;0.896;1.677;0.087;0.432;10648
B516D9;2015/03/01 01:23:00;10648;95;26.1;22.4;2.600;1.490;0.896;1.677;0.035;0.432;10649
B516D9;2015/03/01 01:23:10;10649;88;30.3;21.8;2.783;1.490;0.958;1.677;0.035;0.409;10650
B516D9;2015/03/01 01:23:20;10650;80;24.8;22.2;2.561;1.500;0.958;1.629;0.035;0.429;10651
B516D9;2015/03/01 01:23:30;10651;92;29.0;21.7;2.754;1.500;0.951;1.629;0.035;0.416;10652
B516D9;2015/03/01 01:23:40;10652;83;26.7;22.4;2.600;1.516;0.951;1.629;0.041;0.409;10653
B516D9;2015/03/01 01:23:50;10653;93;27.0;21.8;2.587;1.516;0.951;1.629;0.041;0.393;10654
B516D9;2015/03/01 01:24:00;10654;90;29.6;22.2;2.761;1.500;0.951;1.677;0.041;0.416;10655
B516D9;2015/03/01 01:24:10;10655;80;29.6;22.0;2.825;1.500;0.900;1.677;0.041;0.416;10656
B516D9;2015/03/01 01:24:20;10656;89;29.6;22.7;2.793;1.483;0.900;1.677;0.041;0.387;10657
B516D9;2015/03/01 01:24:30;10657;87;26.1;21.7;2.622;1.483;0.954;1.677;0.041;0.380;10658
B516D9;2015/03/01 01:24:40;10658;93;29.3;22.2;2.680;1.483;0.954;1.645;0.041;0.393;10659
B516D9;2015/03/01 01:24:50;10659;77;26.7;22.0;2.729;1.483;0.896;1.645;0.041;0.406;10660
B516D9;2015/03/01 01:25:00;10660;84;29.0;22.0;2.570;1.490;0.896;1.645;0.032;0.393;10661
B516D9;2015/03/01 01:25:10;10661;86;29.0;22.4;2.825;1.490;0.896;1.645;0.032;0.419;10662
B516D9;2015/03/01 01:25:20;10662;83;23.8;22.4;2.641;1.503;0.896;1.629;0.032;0.393;10663
B516D9;2015/03/01 01:25:30;10663;88;26.7;22.0;2.729;1.503;0.896;1.629;0.032;0.383;10664
B516D9;2015/03/01 01:25:40;10664;90;24.8;22.0;2.622;1.493;0.896;1.629;0.035;0.416;10665
B516D9;2015/03/01 01:25:50;10665;89;30.9;22.2;2.570;1.493;0.948;1.629;0.035;0.396;10666
B516D9;2015/03/01 01:26:00;10666;83;26.1;22.7;2.596;1.509;0.948;1.609;0.035;0.409;10667
B516D9;2015/03/01 01:26:10;10667;95;29.3;22.4;2.803;1.509;0.912;1.609;0.035;0.403;10668
B516D9;2015/03/01 01:26:20;10668;95;25.1;22.4;2.580;1.516;0.912;1.609;0.041;0.387;10669
B516D9;2015/03/01 01:26:30;10669;95;30.3;22.0;2.819;1.516;0.893;1.609;0.041;0.387;10670
B516D9;2015/03/01 01:26:40;10670;88;28.0;22.9;2.761;1.500;0.893;1.619;0.041;0.409;10671
B516D9;2015/03/01 01:26:50;10671;88;27.0;22.4;2.664;1.500;0.954;1.619;0.041;0.425;10672
B516D9;2015/03/01 01:27:00;10672;87;29.6;22.2;2.793;1.496;0.954;1.619;0.035;0.416;10673
B516D9;2015/03/01 01:27:10;10673;83;29.6;22.2;2.803;1.496;0.912;1.619;0.035;0.403;10674
B516D9;2015/03/01 01:27:20;10674;88;23.8;22.0;2.793;1.483;0.912;1.667;0.035;0.387;10675
B516D9;2015/03/01 01:27:30;10675;86;26.7;21.5;2.819;1.483;0.919;1.667;0.035;0.416;10676
B516D9;2015/03/01 01:27:40;10676;86;26.4;22.2;2.587;1.506;0.919;1.667;0.038;0.393;10677
B516D9;2015/03/01 01:27:50;10677;82;26.7;22.0;2.748;1.506;0.938;1.667;0.038;0.422;10678
B516D9;2015/03/01 01:28:00;10678;79;27.7;21.5;2.796;1.516;0.938;1.635;0.038;0.429;10679
B516D9;2015/03/01 01:28:10;10679;74;24.5;22.0;2.632;1.516;0.900;1.635;0.038;0.425;10680
B516D9;2015/03/01 01:28:20;10680;97;31.6;22.2;2.774;1.532;0.900;1.635;0.041;0.396;10681
B516D9;2015/03/01 01:28:30;10681;80;24.5;22.2;2.629;1.532;0.958;1.635;0.041;0.441;10682
B516D9;2015/03/01 01:28:40;10682;78;29.0;21.8;2.812;1.509;0.958;1.674;0.041;0.429;10683
B516D9;2015/03/01 01:28:50;10683;84;25.8;22.0;2.732;1.509;0.954;1.674;0.041;0.387;10684
B516D9;2015/03/01 01:29:00;10684;89;30.6;22.5;2.709;1.496;0.954;1.674;0.093;0.422;10685
B516D9;2015/03/01 01:29:10;10685;85;25.4;22.0;2.729;1.496;0.900;1.674;0.093;0.390;10686
B516D9;2015/03/01 01:29:20;10686;88;23.8;21.5;2.593;1.490;0.900;1.677;0.093;0.393;10687
B516D9;2015/03/01 01:29:30;10687;87;23.8;22.2;2.603;1.490;0.909;1.677;0.093;0.396;10688
B516D9;2015/03/01 01:29:40;10688;91;27.0;22.7;2.606;1.525;0.909;1.677;0.022;0.393;10689
B516D9;2015/03/01 01:29:50;10689;90;29.6;22.4;2.583;1.525;0.954;1.677;0.022;0.409;10690
B516D9;2015/03/01 01:30:00;10690;81;27.0;22.2;2.816;1.500;0.954;1.625;0.022;0.387;10691
B516D9;2015/03/01 01:30:10;10691;77;27.7;21.8;2.787;1.500;0.896;1.625;0.022;0.387;10692
B516D9;2015/03/01 01:30:20;10692;83;24.1;22.4;2.580;1.516;0.896;1.625;0.051;0.438;10693
B516D9;2015/03/01 01:30:30;10693;82;26.1;22.2;2.729;1.516;0.896;1.625;0.051;0.403;10694
B516D9;2015/03/01 01:30:40;10694;85;24.8;22.5;2.667;1.506;0.896;1.654;0.051;0.409;10695
B516D9;2015/03/01 01:30:50;10695;92;30.3;22.5;2.609;1.506;0.954;1.654;0.051;0.387;10696
B516D9;2015/03/01 01:31:00;10696;84;23.8;22.2;2.577;1.522;0.954;1.654;0.061;0.432;10697
B516D9;2015/03/01 01:31:10;10697;88;26.7;22.2;2.741;1.522;0.903;1.654;0.061;0.409;10698
B516D9;2015/03/01 01:31:20;10698;80;29.0;22.2;2.600;1.529;0.903;1.648;0.061;0.387;10699
B516D9;2015/03/01 01:31:30;10699;84;24.1;22.7;2.606;1.529;0.929;1.648;0.061;0.387;10700
B516D9;2015/03/01 01:31:40;10700;91;29.0;22.0;2.564;1.509;0.929;1.648;0.035;0.387;10701
B516D9;2015/03/01 01:31:50;10701;76;31.6;22.0;2.822;1.509;0.916;1.648;0.035;0.412;10702
B516D9;2015/03/01 01:32:00;10702;85;26.1;22.4;2.683;1.500;0.916;1.622;0.035;0.390;10703
B516D9;2015/03/01 01:32:10;10703;92;26.1;22.0;2.729;1.500;0.906;1.622;0.035;0.403;10704
B516D9;2015/03/01 01:32:20;10704;91;28.7;22.7;2.787;1.522;0.906;1.622;0.045;0.393;10705
B516D9;2015/03/01 01:32:30;10705;95;24.1;22.7;2.596;1.522;0.900;1.622;0.045;0.403;10706
B516D9;2015/03/01 01:32:40;10706;97;30.9;22.5;2.741;1.535;0.900;1.651;0.045;0.387;10707
B516D9;2015/03/01 01:32:50;10707;87;23.8;22.5;2.564;1.535;0.903;1.651;0.045;0.422;10708
B516D9;2015/03/01 01:33:00;10708;96;28.7;22.5;2.719;1.490;0.903;1.651;0.051;0.422;10709
B516D9;2015/03/01 01:33:10;10709;83;25.4;22.2;2.590;1.490;0.929;1.651;0.051;0.390;10710
B516D9;2015/03/01 01:33:20;10710;88;24.8;22.2;2.803;1.503;0.929;1.680;0.051;0.422;10711
B516D9;2015/03/01 01:33:30;10711;84;31.6;22.4;2.822;1.503;0.945;1.680;0.051;0.396;10712
B516D9;2015/03/01 01:33:40;10712;87;29.3;22.7;2.806;1.535;0.945;1.680;0.041;0.383;10713
B516D9;2015/03/01 01:33:50;10713;93;25.4;22.9;2.787;1.535;0.958;1.680;0.041;0.396;10714
B516D9;2015/03/01 01:34:00;10714;90;29.6;22.7;2.793;1.535;0.958;1.632;0.041;0.422;10715
B516D9;2015/03/01 01:34:10;10715;84;28.3;21.7;2.683;1.535;0.903;1.632;0.041;0.393;10716
B516D9;2015/03/01 01:34:20;10716;89;29.6;22.7;2.809;1.529;0.903;1.632;0.041;0.403;10717
B516D9;2015/03/01 01:34:30;10717;87;24.5;22.4;2.664;1.529;0.958;1.632;0.041;0.396;10718
B516D9;2015/03/01 01:34:40;10718;86;23.8;22.4;2.564;1.490;0.958;1.648;0.041;0.387;10719
B516D9;2015/03/01 01:34:50;10719;85;29.6;22.4;2.825;1.490;0.954;1.648;0.041;0.425;10720
B516D9;2015/03/01 01:35:00;10720;88;26.1;22.5;2.674;1.516;0.954;1.648;0.048;0.406;10721
B516D9;2015/03/01 01:35:10;10721;88;23.8;22.5;2.641;1.516;0.912;1.648;0.048;0.409;10722
B516D9;2015/03/01 01:35:20;10722;84;26.7;22.4;2.819;1.525;0.912;1.677;0.048;0.393;10723
B516D9;2015/03/01 01:35:30;10723;90;24.8;22.7;2.658;1.525;0.961;1.677;0.048;0.387;10724
B516D9;2015/03/01 01:35:40;10724;95;28.0;22.7;2.816;1.506;0.961;1.677;0.041;0.393;10725
B516D9;2015/03/01 01:35:50;10725;90;25.4;22.9;2.677;1.506;0.925;1.677;0.041;0.396;10726
B516D9;2015/03/01 01:36:00;10726;79;25.8;22.4;2.712;1.493;0.925;1.674;0.041;0.390;10727
B516D9;2015/03/01 01:36:10;10727;88;24.1;22.2;2.596;1.493;0.964;1.674;0.041;0.416;10728
B516D9;2015/03/01 01:36:20;10728;88;24.1;22.0;2.690;1.535;0.964;1.674;0.038;0.438;10729
B516D9;2015/03/01 01:36:30;10729;89;23.8;22.7;2.616;1.535;0.906;1.674;0.038;0.416;10730
B516D9;2015/03/01 01:36:40;10730;79;29.3;22.9;2.780;1.522;0.906;1.635;0.038;0.406;10731
B516D9;2015/03/01 01:36:50;10731;88;23.5;23.2;2.603;1.522;0.951;1.635;0.038;0.429;10732
B516D9;2015/03/01 01:37:00;10732;88;27.7;22.5;2.583;1.503;0.951;1.635;0.141;0.387;10733
B516D9;2015/03/01 01:37:10;10733;90;29.6;22.9;2.574;1.503;0.945;1.635;0.141;0.422;10734
B516D9;2015/03/01 01:37:20;10734;88;24.5;22.4;2.564;1.503;0.945;1.661;0.141;0.387;10735
B516D9;2015/03/01 01:37:30;10735;82;26.1;22.9;2.667;1.503;0.903;1.661;0.141;0.403;10736
B516D9;2015/03/01 01:37:40;10736;88;27.4;22.2;2.812;1.493;0.903;1.661;0.048;0.380;10737
B516D9;2015/03/01 01:37:50;10737;89;29.6;22.9;2.716;1.493;0.929;1.661;0.048;0.387;10738
B516D9;2015/03/01 01:38:00;10738;88;30.9;22.9;2.712;1.503;0.929;1.648;0.048;0.425;10739
B516D9;2015/03/01 01:38:10;10739;83;30.0;22.7;2.619;1.503;0.903;1.648;0.048;0.403;10740
B516D9;2015/03/01 01:38:20;10740;94;26.7;22.2;2.819;1.532;0.903;1.648;0.035;0.409;10741
B516D9;2015/03/01 01:38:30;10741;79;29.3;22.5;2.819;1.532;0.912;1.648;0.035;0.403;10742
B516D9;2015/03/01 01:38:40;10742;83;29.3;22.9;2.732;1.522;0.912;1.629;0.035;0.406;10743
B516D9;2015/03/01 01:38:50;10743;83;24.1;22.9;2.761;1.522;0.903;1.629;0.035;0.399;10744
B516D9;2015/03/01 01:39:00;10744;97;26.7;23.1;2.603;1.512;0.903;1.629;0.112;0.393;10745
B516D9;2015/03/01 01:39:10;10745;80;29.0;22.4;2.716;1.512;0.925;1.629;0.112;0.445;10746
B516D9;2015/03/01 01:39:20;10746;88;24.5;22.5;2.567;1.500;0.925;1.635;0.112;0.416;10747
B516D9;2015/03/01 01:39:30;10747;76;29.3;22.4;2.806;1.500;0.932;1.635;0.112;0.412;10748
B516D9;2015/03/01 01:39:40;10748;95;27.4;23.1;2.609;1.496;0.932;1.635;0.048;0.383;10749
B516D9;2015/03/01 01:39:50;10749;89;28.0;22.9;2.741;1.496;0.954;1.635;0.048;0.419;10750
B516D9;2015/03/01 01:40:00;10750;92;30.3;22.7;2.816;1.519;0.954;1.616;0.048;0.409;10751
B516D9;2015/03/01 01:40:10;10751;88;31.6;22.5;2.806;1.519;0.948;1.616;0.048;0.393;10752
B516D9;2015/03/01 01:40:20;10752;81;28.7;23.2;2.564;1.496;0.948;1.616;0.051;0.387;10753
B516D9;2015/03/01 01:40:30;10753;80;29.0;22.0;2.803;1.496;0.922;1.616;0.051;0.406;10754
B516D9;2015/03/01 01:40:40;10754;85;23.8;22.0;2.587;1.506;0.922;1.609;0.051;0.390;10755
B516D9;2015/03/01 01:40:50;10755;93;24.1;23.1;2.616;1.506;0.912;1.609;0.051;0.390;10756
B516D9;2015/03/01 01:41:00;10756;95;29.3;22.5;2.699;1.509;0.912;1.609;0.161;0.441;10757
B516D9;2015/03/01 01:41:10;10757;93;25.4;22.9;2.683;1.509;0.961;1.609;0.161;0.438;10758
B516D9;2015/03/01 01:41:20;10758;91;23.8;22.2;2.561;1.496;0.961;1.609;0.161;0.387;10759
B516D9;2015/03/01 01:41:30;10759;79;23.8;23.2;2.622;1.496;0.922;1.609;0.161;0.429;10760
B516D9;2015/03/01 01:41:40;10760;87;30.3;23.1;2.793;1.535;0.922;1.609;0.038;0.393;10761
B516D9;2015/03/01 01:41:50;10761;78;29.6;22.5;2.819;1.535;0.909;1.609;0.038;0.390;10762
B516D9;2015/03/01 01:42:00;10762;79;29.3;22.9;2.699;1.538;0.909;1.619;0.038;0.422;10763
B516D9;2015/03/01 01:42:10;10763;88;31.2;22.7;2.754;1.538;0.954;1.619;0.038;0.396;10764
B516D9;2015/03/01 01:42:20;10764;88;24.8;22.9;2.580;1.500;0.954;1.619;0.035;0.425;10765
B516D9;2015/03/01 01:42:30;10765;74;29.6;22.5;2.829;1.500;0.903;1.619;0.035;0.416;10766
B516D9;2015/03/01 01:42:40;10766;93;28.0;22.9;2.819;1.519;0.903;1.674;0.035;0.390;10767
B516D9;2015/03/01 01:42:50;10767;89;26.1;22.9;2.590;1.519;0.925;1.674;0.035;0.419;10768
B516D9;2015/03/01 01:43:00;10768;97;25.1;22.7;2.658;1.519;0.925;1.674;0.045;0.383;10769
B516D9;2015/03/01 01:43:10;10769;82;23.5;23.2;2.603;1.519;0.903;1.674;0.045;0.387;10770
B516D9;2015/03/01 01:43:20;10770;87;23.5;23.1;2.799;1.535;0.903;1.625;0.045;0.396;10771
B516D9;2015/03/01 01:43:30;10771;95;23.5;22.9;2.574;1.535;0.903;1.625;0.045;0.380;10772
B516D9;2015/03/01 01:43:40;10772;93;24.5;22.7;2.648;1.496;0.903;1.625;0.038;0.383;10773
B516D9;2015/03/01 01:43:50;10773;77;27.0;22.4;2.780;1.496;0.961;1.625;0.038;0.396;10774
B516D9;2015/03/01 01:44:00;10774;86;30.9;23.2;2.806;1.538;0.961;1.629;0.038;0.387;10775
B516D9;2015/03/01 01:44:10;10775;79;26.1;22.2;2.748;1.538;0.958;1.629;0.038;0.390;10776
B516D9;2015/03/01 01:44:20;10776;88;31.6;23.2;2.787;1.503;0.958;1.629;0.093;0.383;10777
B516D9;2015/03/01 01:44:30;10777;89;27.0;23.2;2.590;1.503;0.903;1.629;0.093;0.403;10778
B516D9;2015/03/01 01:44:40;10778;93;26.7;22.9;2.606;1.532;0.903;1.619;0.093;0.393;10779
B516D9;2015/03/01 01:44:50;10779;84;25.4;23.2;2.709;1.532;0.912;1.619;0.093;0.403;10780
B516D9;2015/03/01 01:45:00;10780;78;26.1;23.1;2.712;1.509;0.912;1.619;0.035;0.412;10781
B516D9;2015/03/01 01:45:10;10781;83;29.6;22.5;2.825;1.509;0.903;1.619;0.035;0.412;10782
B516D9;2015/03/01 01:45:20;10782;93;29.6;23.4;2.812;1.496;0.903;1.612;0.035;0.416;10783
B516D9;2015/03/01 01:45:30;10783;85;30.3;22.7;2.587;1.496;0.903;1.612;0.035;0.416;10784
B516D9;2015/03/01 01:45:40;10784;83;26.1;23.1;2.603;1.541;0.903;1.612;0.045;0.387;10785
B516D9;2015/03/01 01:45:50;10785;88;29.3;22.7;2.806;1.541;0.925;1.612;0.045;0.390;10786
B516D9;2015/03/01 01:46:00;10786;85;26.4;22.9;2.580;1.496;0.925;1.599;0.045;0.406;10787
B516D9;2015/03/01 01:46:10;10787;92;27.4;22.9;2.587;1.496;0.919;1.599;0.045;0.425;10788
B516D9;2015/03/01 01:46:20;10788;93;28.3;22.7;2.819;1.538;0.919;1.599;0.038;0.422;10789
B516D9;2015/03/01 01:46:30;10789;86;27.7;22.9;2.587;1.538;0.900;1.599;0.038;0.396;10790
B516D9;2015/03/01 01:46:40;10790;93;25.4;22.5;2.587;1.529;0.900;1.596;0.038;0.393;10791
B516D9;2015/03/01 01:46:50;10791;77;23.8;23.2;2.564;1.529;0.954;1.596;0.038;0.383;10792
B516D9;2015/03/01 01:47:00;10792;84;29.0;22.9;2.738;1.512;0.954;1.596;0.054;0.422;10793
B516D9;2015/03/01 01:47:10;10793;88;29.3;23.2;2.564;1.512;0.935;1.596;0.054;0.422;10794
B516D9;2015/03/01 01:47:20;10794;81;23.8;23.1;2.780;1.516;0.935;1.619;0.054;0.393;10795
B516D9;2015/03/01 01:47:30;10795;87;31.6;23.1;2.806;1.516;0.919;1.619;0.054;0.393;10796
B516D9;2015/03/01 01:47:40;10796;83;24.1;22.7;2.564;1.512;0.919;1.619;0.038;0.390;10797
B516D9;2015/03/01 01:47:50;10797;90;27.4;23.1;2.580;1.512;0.900;1.619;0.038;0.390;10798
B516D9;2015/03/01 01:48:00;10798;90;26.1;23.1;2.587;1.496;0.900;1.658;0.038;0.393;10799
B516D9;2015/03/01 01:48:10;10799;91;25.1;23.2;2.590;1.496;0.903;1.658;0.038;0.393;10800
B516D9;2015/03/01 01:48:20;10800;95;31.2;22.9;2.819;1.506;0.903;1.658;0.058;0.409;10801
B516D9;2015/03/01 01:48:30;10801;88;27.0;22.5;2.735;1.506;0.909;1.658;0.058;0.393;10802
B516D9;2015/03/01 01:48:40;10802;81;27.0;23.1;2.609;1.541;0.909;1.629;0.058;0.390;10803
B516D9;2015/03/01 01:48:50;10803;84;24.1;23.4;2.651;1.541;0.909;1.629;0.058;0.393;10804
B516D9;2015/03/01 01:49:00;10804;85;26.4;23.1;2.699;1.529;0.909;1.629;0.045;0.416;10805
B516D9;2015/03/01 01:49:10;10805;91;26.7;22.4;2.729;1.529;0.909;1.629;0.045;0.422;10806
B516D9;2015/03/01 01:49:20;10806;78;31.6;22.9;2.690;1.506;0.909;1.616;0.045;0.393;10807
B516D9;2015/03/01 01:49:30;10807;82;24.5;22.9;2.635;1.506;0.958;1.616;0.045;0.393;10808
B516D9;2015/03/01 01:49:40;10808;93;27.4;23.1;2.648;1.506;0.958;1.616;0.041;0.390;10809
B516D9;2015/03/01 01:49:50;10809;89;24.1;23.2;2.741;1.506;0.906;1.616;0.041;0.406;10810
B516D9;2015/03/01 01:50:00;10810;78;25.1;22.9;2.587;1.509;0.906;1.667;0.041;0.422;10811
B516D9;2015/03/01 01:50:10;10811;86;29.0;22.4;2.567;1.509;0.938;1.667;0.041;0.390;10812
B516D9;2015/03/01 01:50:20;10812;86;26.1;23.1;2.587;1.509;0.938;1.667;0.038;0.390;10813
B516D9;2015/03/01 01:50:30;10813;94;24.5;23.1;2.629;1.509;0.961;1.667;0.038;0.393;10814
B516D9;2015/03/01 01:50:40;10814;80;25.1;23.1;2.674;1.535;0.961;1.616;0.038;0.390;10815
B516D9;2015/03/01 01:50:50;10815;91;23.8;22.9;2.616;1.535;0.912;1.616;0.038;0.409;10816
B516D9;2015/03/01 01:51:00;10816;86;26.1;23.1;2.587;1.548;0.912;1.616;0.090;0.432;10817
B516D9;2015/03/01 01:51:10;10817;88;27.0;22.4;2.767;1.548;0.912;1.616;0.090;0.396;10818
B516D9;2015/03/01 01:51:20;10818;84;27.7;22.5;2.580;1.538;0.912;1.616;0.090;0.416;10819
B516D9;2015/03/01 01:51:30;10819;95;26.7;22.4;2.748;1.538;0.909;1.616;0.090;0.432;10820
B516D9;2015/03/01 01:51:40;10820;87;27.0;22.5;2.806;1.516;0.909;1.616;0.041;0.445;10821
B516D9;2015/03/01 01:51:50;10821;83;30.3;23.1;2.825;1.516;0.967;1.616;0.041;0.393;10822
B516D9;2015/03/01 01:52:00;10822;81;24.5;22.9;2.616;1.541;0.967;1.629;0.041;0.406;10823
B516D9;2015/03/01 01:52:10;10823;78;23.8;22.9;2.603;1.541;0.909;1.629;0.041;0.422;10824
B516D9;2015/03/01 01:52:20;10824;95;28.3;23.1;2.722;1.509;0.909;1.629;0.032;0.393;10825
B516D9;2015/03/01 01:52:30;10825;83;25.1;23.6;2.651;1.509;0.909;1.629;0.032;0.425;10826
B516D9;2015/03/01 01:52:40;10826;92;26.4;23.4;2.587;1.545;0.909;1.648;0.032;0.422;10827
B516D9;2015/03/01 01:52:50;10827;93;23.8;23.6;2.619;1.545;0.938;1.648;0.032;0.387;10828
B516D9;2015/03/01 01:53:00;10828;83;23.8;22.7;2.654;1.535;0.938;1.648;0.051;0.387;10829
B516D9;2015/03/01 01:53:10;10829;88;32.9;22.9;2.780;1.535;0.948;1.648;0.051;0.403;10830
B516D9;2015/03/01 01:53:20;10830;91;24.1;22.7;2.570;1.496;0.948;1.651;0.051;0.429;10831
B516D9;2015/03/01 01:53:30;10831;79;32.2;23.2;2.825;1.496;0.909;1.651;0.051;0.409;10832
B516D9;2015/03/01 01:53:40;10832;86;23.8;23.2;2.812;1.545;0.909;1.651;0.061;0.422;10833
B516D9;2015/03/01 01:53:50;10833;84;24.1;23.4;2.735;1.545;0.912;1.651;0.061;0.396;10834
B516D9;2015/03/01 01:54:00;10834;91;31.6;23.6;2.774;1.525;0.912;1.625;0.061;0.393;10835
B516D9;2015/03/01 01:54:10;10835;92;27.4;22.9;2.635;1.525;0.912;1.625;0.061;0.409;10836
B516D9;2015/03/01 01:54:20;10836;84;23.8;22.9;2.787;1.496;0.912;1.625;0.080;0.441;10837
B516D9;2015/03/01 01:54:30;10837;87;23.8;22.9;2.609;1.496;0.912;1.625;0.080;0.422;10838
B516D9;2015/03/01 01:54:40;10838;83;29.3;22.9;2.706;1.509;0.912;1.632;0.080;0.429;10839
B516D9;2015/03/01 01:54:50;10839;84;28.7;22.9;2.564;1.509;0.916;1.632;0.080;0.390;10840
B516D9;2015/03/01 01:55:00;10840;87;24.1;22.5;2.551;1.506;0.916;1.632;0.129;0.387;10841
B516D9;2015/03/01 01:55:10;10841;85;26.1;24.1;2.819;1.506;0.909;1.632;0.129;0.396;10842
B516D9;2015/03/01 01:55:20;10842;90;29.0;22.7;2.816;1.529;0.909;1.641;0.129;0.393;10843
B516D9;2015/03/01 01:55:30;10843;85;30.0;23.1;2.603;1.529;0.945;1.641;0.129;0.412;10844
B516D9;2015/03/01 01:55:40;10844;92;30.6;23.2;2.712;1.538;0.945;1.641;0.032;0.409;10845
B516D9;2015/03/01 01:55:50;10845;84;29.0;23.2;2.616;1.538;0.967;1.641;0.032;0.419;10846
B516D9;2015/03/01 01:56:00;10846;88;32.2;23.2;2.799;1.506;0.967;1.603;0.032;0.387;10847
B516D9;2015/03/01 01:56:10;10847;78;26.1;22.7;2.741;1.506;0.964;1.603;0.032;0.393;10848
B516D9;2015/03/01 01:56:20;10848;93;26.7;23.1;2.600;1.535;0.964;1.603;0.090;0.393;10849
B516D9;2015/03/01 01:56:30;10849;88;24.8;23.2;2.583;1.535;0.967;1.603;0.090;0.396;10850
B516D9;2015/03/01 01:56:40;10850;95;30.9;23.6;2.812;1.525;0.967;1.658;0.090;0.396;10851
B516D9;2015/03/01 01:56:50;10851;82;30.0;23.6;2.661;1.525;0.935;1.658;0.090;0.416;10852
B516D9;2015/03/01 01:57:00;10852;84;26.7;22.5;2.806;1.525;0.935;1.658;0.032;0.387;10853
B516D9;2015/03/01 01:57:10;10853;84;27.7;23.6;2.564;1.525;0.912;1.658;0.032;0.393;10854
B516D9;2015/03/01 01:57:20;10854;81;27.0;23.4;2.812;1.519;0.912;1.599;0.032;0.409;10855
B516D9;2015/03/01 01:57:30;10855;93;26.4;23.6;2.632;1.519;0.912;1.599;0.032;0.412;10856
B516D9;2015/03/01 01:57:40;10856;95;24.1;23.4;2.564;1.503;0.912;1.599;0.032;0.419;10857
B516D9;2015/03/01 01:57:50;10857;90;24.1;23.2;2.603;1.503;0.909;1.599;0.032;0.387;10858
B516D9;2015/03/01 01:58:00;10858;88;26.7;22.7;2.580;1.500;0.909;1.599;0.032;0.406;10859
B516D9;2015/03/01 01:58:10;10859;88;29.0;23.4;2.606;1.500;0.970;1.599;0.032;0.422;10860
B516D9;2015/03/01 01:58:20;10860;81;25.4;23.4;2.661;1.541;0.970;1.599;0.041;0.416;10861
B516D9;2015/03/01 01:58:30;10861;84;28.0;23.4;2.729;1.541;0.967;1.599;0.041;0.416;10862
B516D9;2015/03/01 01:58:40;10862;82;29.0;22.9;2.583;1.500;0.967;1.632;0.041;0.399;10863
B516D9;2015/03/01 01:58:50;10863;90;23.5;23.4;2.564;1.500;0.935;1.632;0.041;0.387;10864
B516D9;2015/03/01 01:59:00;10864;81;31.6;23.6;2.761;1.509;0.935;1.632;0.041;0.438;10865
B516D9;2015/03/01 01:59:10;10865;86;27.4;23.2;2.587;1.509;0.967;1.632;0.041;0.390;10866
B516D9;2015/03/01 01:59:20;10866;93;25.4;23.1;2.580;1.500;0.967;1.603;0.041;0.403;10867
B516D9;2015/03/01 01:59:30;10867;82;25.4;22.9;2.709;1.500;0.967;1.603;0.041;0.409;10868
B516D9;2015/03/01 01:59:40;10868;78;23.8;23.1;2.564;1.500;0.967;1.603;0.025;0.383;10869
B516D9;2015/03/01 01:59:50;10869;83;26.7;22.7;2.729;1.500;0.925;1.603;0.025;0.390;10870
B516D9;2015/03/01 02:00:00;10870;79;26.7;23.1;2.603;1.545;0.925;1.632;0.025;0.393;10871
B516D9;2015/03/01 02:00:10;10871;87;25.4;23.6;2.780;1.545;0.922;1.632;0.025;0.403;10872
B516D9;2015/03/01 02:00:20;10872;88;31.6;23.4;2.819;1.500;0.922;1.632;0.045;0.399;10873
B516D9;2015/03/01 02:00:30;10873;84;30.9;23.6;2.596;1.500;0.958;1.632;0.045;0.387;10874
B516D9;2015/03/01 02:00:40;10874;95;25.1;23.2;2.587;1.500;0.958;1.612;0.045;0.422;10875
B516D9;2015/03/01 02:00:50;10875;83;25.4;23.4;2.690;1.500;0.919;1.612;0.045;0.387;10876
