B516D9;2015/03/04 00:00:00;142;88;25.8;21.8;2.587;1.761;1.212;2.254;0.093;0.370;143
B516D9;2015/03/04 00:00:35;0;1;24.5;22.5;2.496;-1.000;-1.000;-1.000;-1.000;0.209;1
B516D9;2015/03/04 00:00:54;1;100;30.0;22.0;2.751;-1.000;-1.000;-1.000;-1.000;0.274;2
B516D9;2015/03/04 00:01:05;2;96;29.3;21.8;2.729;1.441;-1.000;2.283;-1.000;0.280;3
B516D9;2015/03/04 00:01:14;3;86;23.8;22.2;2.658;1.441;1.225;2.283;-1.000;0.312;4
B516D9;2015/03/04 00:01:25;4;83;23.5;22.4;2.741;1.538;1.225;2.283;0.145;0.338;5
B516D9;2015/03/04 00:01:34;5;78;26.1;22.0;2.799;1.538;1.170;2.283;0.145;0.325;6
B516D9;2015/03/04 00:01:45;6;82;30.3;22.5;2.712;1.629;1.170;2.096;0.145;0.322;7
B516D9;2015/03/04 00:01:54;7;86;24.1;22.7;2.635;1.629;1.170;2.096;0.145;0.329;8
B516D9;2015/03/04 00:02:05;8;93;26.1;22.4;2.725;1.683;1.170;2.096;0.199;0.351;9
B516D9;2015/03/04 00:02:14;9;88;25.4;22.4;2.696;1.683;1.229;2.096;0.199;0.325;10
B516D9;2015/03/04 00:02:25;10;88;27.4;22.7;2.745;1.719;1.229;2.193;0.199;0.325;11
B516D9;2015/03/04 00:02:34;11;88;29.0;22.5;2.564;1.719;1.170;2.193;0.199;0.329;12
B516D9;2015/03/04 00:02:45;12;89;27.4;22.5;2.580;1.699;1.170;2.193;0.112;0.345;13
B516D9;2015/03/04 00:02:54;13;79;30.0;22.9;2.622;1.699;1.167;2.193;0.112;0.329;14
B516D9;2015/03/04 00:03:05;14;87;24.1;21.7;2.793;1.745;1.167;2.193;0.112;0.361;15
B516D9;2015/03/04 00:03:14;15;88;24.1;22.9;2.632;1.745;1.177;2.193;0.112;0.364;16
B516D9;2015/03/04 00:03:25;16;91;25.4;22.4;2.574;1.738;1.177;2.193;0.116;0.370;17
B516D9;2015/03/04 00:03:34;17;86;24.8;22.9;2.635;1.738;1.190;2.193;0.116;0.332;18
B516D9;2015/03/04 00:03:45;18;87;24.1;22.2;2.564;1.735;1.190;2.206;0.116;0.351;19
B516D9;2015/03/04 00:03:54;19;88;29.0;22.5;2.600;1.735;1.161;2.206;0.116;0.341;20
B516D9;2015/03/04 00:04:05;20;80;26.4;21.7;2.764;1.745;1.161;2.206;0.158;0.374;21
B516D9;2015/03/04 00:04:14;21;83;30.3;22.0;2.583;1.745;1.216;2.206;0.158;0.361;22
B516D9;2015/03/04 00:04:25;22;88;25.8;22.0;2.819;1.761;1.216;2.245;0.158;0.348;23
B516D9;2015/03/04 00:04:34;23;76;25.1;22.0;2.632;1.761;1.193;2.245;0.158;0.345;24
B516D9;2015/03/04 00:04:45;24;79;28.0;21.7;2.819;1.741;1.193;2.245;0.174;0.361;25
B516D9;2015/03/04 00:04:54;25;91;28.3;22.2;2.580;1.741;1.180;2.245;0.174;0.377;26
B516D9;2015/03/04 00:05:05;26;86;28.3;22.4;2.616;1.761;1.180;2.209;0.174;0.348;27
B516D9;2015/03/04 00:05:14;27;87;26.4;22.2;2.587;1.761;1.222;2.209;0.174;0.393;28
B516D9;2015/03/04 00:05:25;28;82;24.5;22.0;2.622;1.770;1.222;2.209;0.103;0.351;29
B516D9;2015/03/04 00:05:34;29;85;26.1;21.8;2.590;1.770;1.174;2.209;0.103;0.351;30
B516D9;2015/03/04 00:05:45;30;87;25.1;22.0;2.580;1.751;1.174;2.229;0.103;0.354;31
B516D9;2015/03/04 00:05:54;31;89;29.6;22.0;2.825;1.751;1.212;2.229;0.103;0.364;32
B516D9;2015/03/04 00:06:05;32;91;30.3;22.5;2.799;1.735;1.212;2.229;0.106;0.393;33
B516D9;2015/03/04 00:06:14;33;93;26.7;21.5;2.819;1.735;1.158;2.229;0.106;0.387;34
B516D9;2015/03/04 00:06:25;34;83;28.0;21.8;2.577;1.761;1.158;2.196;0.106;0.390;35
B516D9;2015/03/04 00:06:34;35;84;29.6;22.0;2.829;1.761;1.161;2.196;0.106;0.354;36
B516D9;2015/03/04 00:06:45;36;93;28.7;21.8;2.635;1.770;1.161;2.196;0.180;0.367;37
B516D9;2015/03/04 00:06:54;37;89;30.6;22.0;2.819;1.770;1.164;2.196;0.180;0.364;38
B516D9;2015/03/04 00:07:05;38;91;23.8;22.0;2.587;1.783;1.164;2.251;0.180;0.361;39
B516D9;2015/03/04 00:07:14;39;95;30.3;22.5;2.635;1.783;1.164;2.251;0.180;0.377;40
B516D9;2015/03/04 00:07:25;40;90;29.3;22.2;2.587;1.741;1.164;2.251;0.129;0.387;41
B516D9;2015/03/04 00:07:34;41;83;28.3;21.7;2.645;1.741;1.219;2.251;0.129;0.354;42
B516D9;2015/03/04 00:07:45;42;93;30.3;22.2;2.761;1.751;1.219;2.225;0.129;0.406;43
B516D9;2015/03/04 00:07:54;43;75;30.0;22.4;2.603;1.751;1.161;2.225;0.129;0.354;44
B516D9;2015/03/04 00:08:05;44;93;25.8;21.8;2.819;1.783;1.161;2.225;0.106;0.406;45
B516D9;2015/03/04 00:08:14;45;81;24.8;22.7;2.635;1.783;1.158;2.225;0.106;0.412;46
B516D9;2015/03/04 00:08:25;46;89;31.9;22.5;2.806;1.783;1.158;2.219;0.106;0.351;47
B516D9;2015/03/04 00:08:34;47;88;29.6;22.5;2.609;1.783;1.209;2.219;0.106;0.354;48
B516D9;2015/03/04 00:08:45;48;94;27.0;22.4;2.722;1.777;1.209;2.219;0.106;0.377;49
B516D9;2015/03/04 00:08:54;49;76;28.3;22.0;2.787;1.777;1.161;2.219;0.106;0.351;50
B516D9;2015/03/04 00:09:05;50;87;26.7;22.4;2.719;1.745;1.161;2.225;0.106;0.380;51
B516D9;2015/03/04 00:09:14;51;78;30.3;22.4;2.580;1.745;1.158;2.225;0.106;0.390;52
B516D9;2015/03/04 00:09:25;52;88;30.9;22.7;2.787;1.787;1.158;2.225;0.103;0.354;53
B516D9;2015/03/04 00:09:34;53;91;27.0;21.5;2.735;1.787;1.161;2.225;0.103;0.354;54
B516D9;2015/03/04 00:09:45;54;97;31.9;22.7;2.825;1.790;1.161;2.251;0.103;0.367;55
B516D9;2015/03/04 00:09:54;55;83;24.5;22.4;2.606;1.790;1.161;2.251;0.103;0.390;56
B516D9;2015/03/04 00:10:05;56;93;29.3;21.5;2.819;1.774;1.161;2.251;0.103;0.396;57
B516D9;2015/03/04 00:10:14;57;88;25.1;22.2;2.590;1.774;1.209;2.251;0.103;0.364;58
B516D9;2015/03/04 00:10:25;58;95;30.9;22.2;2.767;1.745;1.209;2.241;0.103;0.364;59
B516D9;2015/03/04 00:10:34;59;93;26.1;22.4;2.590;1.745;1.158;2.241;0.103;0.374;60
B516D9;2015/03/04 00:10:45;60;83;27.7;22.0;2.570;1.790;1.158;2.241;0.093;0.370;61
B516D9;2015/03/04 00:10:54;61;88;27.7;21.5;2.799;1.790;1.180;2.241;0.093;0.364;62
B516D9;2015/03/04 00:11:05;62;89;29.3;22.2;2.780;1.774;1.180;2.245;0.093;0.406;63
B516D9;2015/03/04 00:11:14;63;93;26.1;22.2;2.670;1.774;1.167;2.245;0.093;0.429;64
B516D9;2015/03/04 00:11:25;64;88;29.6;22.5;2.590;1.777;1.167;2.245;0.103;0.396;65
B516D9;2015/03/04 00:11:34;65;88;24.1;22.2;2.619;1.777;1.177;2.245;0.103;0.374;66
B516D9;2015/03/04 00:11:45;66;93;29.0;21.8;2.561;1.754;1.177;2.216;0.103;0.380;67
B516D9;2015/03/04 00:11:54;67;88;25.8;22.0;2.648;1.754;1.161;2.216;0.103;0.377;68
B516D9;2015/03/04 00:12:10;0;1;24.1;21.8;2.448;-1.000;-1.000;-1.000;-1.000;0.429;1
B516D9;2015/03/04 00:12:29;1;96;26.4;22.4;2.538;-1.000;-1.000;-1.000;-1.000;0.396;2
B516D9;2015/03/04 00:12:39;2;92;27.7;22.5;2.629;1.512;-1.000;2.338;-1.000;0.412;3
B516D9;2015/03/04 00:12:49;3;81;23.8;22.0;2.696;1.512;1.222;2.338;-1.000;0.390;4
B516D9;2015/03/04 00:12:59;4;91;24.8;22.0;2.661;1.570;1.222;2.338;0.125;0.380;5
B516D9;2015/03/04 00:13:09;5;83;28.3;22.2;2.570;1.570;1.170;2.338;0.125;0.377;6
B516D9;2015/03/04 00:13:19;6;86;26.7;22.4;2.603;1.664;1.170;2.174;0.125;0.377;7
B516D9;2015/03/04 00:13:29;7;92;23.8;22.2;2.609;1.664;1.190;2.174;0.125;0.377;8
B516D9;2015/03/04 00:13:39;8;93;23.8;22.7;2.629;1.693;1.190;2.174;0.135;0.354;9
B516D9;2015/03/04 00:13:49;9;77;31.6;21.8;2.819;1.693;1.229;2.174;0.135;0.361;10
B516D9;2015/03/04 00:13:59;10;88;23.8;21.5;2.587;1.699;1.229;2.209;0.135;0.390;11
B516D9;2015/03/04 00:14:09;11;76;25.8;22.0;2.703;1.699;1.164;2.209;0.135;0.361;12
B516D9;2015/03/04 00:14:19;12;91;29.0;21.5;2.764;1.754;1.164;2.209;0.164;0.361;13
B516D9;2015/03/04 00:14:29;13;75;31.6;22.2;2.787;1.754;1.225;2.209;0.164;0.416;14
B516D9;2015/03/04 00:14:39;14;82;28.0;22.0;2.564;1.761;1.225;2.193;0.164;0.403;15
B516D9;2015/03/04 00:14:49;15;83;28.3;21.8;2.806;1.761;1.161;2.193;0.164;0.358;16
B516D9;2015/03/04 00:14:59;16;96;26.7;22.0;2.567;1.764;1.161;2.193;0.132;0.358;17
B516D9;2015/03/04 00:15:09;17;85;25.4;22.0;2.825;1.764;1.216;2.193;0.132;0.361;18
B516D9;2015/03/04 00:15:19;18;85;29.3;22.5;2.725;1.732;1.216;2.212;0.132;0.361;19
B516D9;2015/03/04 00:15:29;19;96;30.9;22.4;2.574;1.732;1.164;2.212;0.132;0.370;20
B516D9;2015/03/04 00:15:39;20;91;29.0;21.8;2.812;1.735;1.164;2.212;0.109;0.380;21
B516D9;2015/03/04 00:15:49;21;90;29.6;22.2;2.809;1.735;1.177;2.212;0.109;0.367;22
B516D9;2015/03/04 00:15:59;22;88;24.8;22.0;2.787;1.777;1.177;2.212;0.109;0.364;23
B516D9;2015/03/04 00:16:09;23;88;30.3;22.4;2.570;1.777;1.225;2.212;0.109;0.380;24
B516D9;2015/03/04 00:16:19;24;97;29.6;22.9;2.693;1.783;1.225;2.212;0.112;0.367;25
B516D9;2015/03/04 00:16:29;25;93;24.1;22.4;2.609;1.783;1.212;2.212;0.112;0.412;26
B516D9;2015/03/04 00:16:39;26;97;30.9;22.7;2.819;1.751;1.212;2.232;0.112;0.409;27
B516D9;2015/03/04 00:16:49;27;88;29.3;22.5;2.783;1.751;1.212;2.232;0.112;0.399;28
B516D9;2015/03/04 00:16:59;28;88;28.3;22.5;2.632;1.741;1.212;2.232;0.154;0.396;29
B516D9;2015/03/04 00:17:09;29;77;30.0;22.5;2.593;1.741;1.177;2.232;0.154;0.380;30
B516D9;2015/03/04 00:17:19;30;84;24.8;21.7;2.819;1.745;1.177;2.209;0.154;0.396;31
B516D9;2015/03/04 00:17:29;31;79;29.0;22.2;2.632;1.745;1.177;2.209;0.154;0.387;32
B516D9;2015/03/04 00:17:39;32;90;30.6;22.5;2.793;1.745;1.177;2.209;0.103;0.380;33
B516D9;2015/03/04 00:17:49;33;92;30.9;22.0;2.825;1.745;1.225;2.209;0.103;0.393;34
B516D9;2015/03/04 00:17:59;34;84;28.3;22.2;2.564;1.770;1.225;2.209;0.103;0.409;35
B516D9;2015/03/04 00:18:09;35;88;26.1;22.0;2.590;1.770;1.161;2.209;0.103;0.396;36
B516D9;2015/03/04 00:18:19;36;92;24.8;21.7;2.812;1.745;1.161;2.209;0.112;0.393;37
B516D9;2015/03/04 00:18:29;37;84;26.7;21.7;2.732;1.745;1.161;2.209;0.112;0.393;38
B516D9;2015/03/04 00:18:39;38;95;27.4;21.5;2.570;1.751;1.161;2.248;0.112;0.399;39
B516D9;2015/03/04 00:18:49;39;93;27.7;21.3;2.632;1.751;1.161;2.248;0.112;0.399;40
B516D9;2015/03/04 00:18:59;40;90;23.8;21.7;2.790;1.754;1.161;2.248;0.093;0.409;41
B516D9;2015/03/04 00:19:09;41;85;24.1;22.0;2.609;1.754;1.222;2.248;0.093;0.396;42
B516D9;2015/03/04 00:19:19;42;95;28.3;22.4;2.564;1.748;1.222;2.248;0.093;0.432;43
B516D9;2015/03/04 00:19:29;43;82;29.0;22.5;2.603;1.748;1.222;2.248;0.093;0.429;44
B516D9;2015/03/04 00:19:39;44;84;26.4;22.4;2.603;1.754;1.222;2.248;0.158;0.429;45
B516D9;2015/03/04 00:19:49;45;83;28.3;22.4;2.564;1.754;1.174;2.248;0.158;0.399;46
B516D9;2015/03/04 00:19:59;46;88;29.6;22.2;2.799;1.748;1.174;2.261;0.158;0.409;47
B516D9;2015/03/04 00:20:09;47;92;27.7;21.1;2.761;1.748;1.209;2.261;0.158;0.412;48
B516D9;2015/03/04 00:20:19;48;83;28.0;22.5;2.751;1.748;1.209;2.261;0.119;0.429;49
B516D9;2015/03/04 00:20:29;49;83;27.4;21.3;2.735;1.748;1.161;2.261;0.119;0.390;50
B516D9;2015/03/04 00:20:39;50;92;26.1;22.4;2.661;1.764;1.161;2.254;0.119;0.422;51
B516D9;2015/03/04 00:20:49;51;83;29.3;21.7;2.793;1.764;1.193;2.254;0.119;0.393;52
B516D9;2015/03/04 00:20:59;52;88;28.7;22.2;2.774;1.774;1.193;2.254;0.112;0.441;53
B516D9;2015/03/04 00:21:09;53;84;23.8;22.2;2.825;1.774;1.180;2.254;0.112;0.380;54
B516D9;2015/03/04 00:21:19;54;83;28.7;22.5;2.658;1.783;1.180;2.258;0.112;0.387;55
B516D9;2015/03/04 00:21:29;55;88;24.8;22.4;2.677;1.783;1.203;2.258;0.112;0.383;56
B516D9;2015/03/04 00:21:39;56;83;27.0;22.4;2.616;1.770;1.203;2.258;0.138;0.409;57
B516D9;2015/03/04 00:21:49;57;90;28.0;22.0;2.622;1.770;1.164;2.258;0.138;0.403;58
B516D9;2015/03/04 00:21:59;58;84;27.7;21.7;2.754;1.751;1.164;2.251;0.138;0.387;59
B516D9;2015/03/04 00:22:09;59;93;25.4;22.0;2.722;1.751;1.212;2.251;0.138;0.409;60
B516D9;2015/03/04 00:22:19;60;97;24.5;22.0;2.564;1.758;1.212;2.251;0.106;0.412;61
B516D9;2015/03/04 00:22:29;61;90;24.1;22.4;2.735;1.758;1.180;2.251;0.106;0.380;62
B516D9;2015/03/04 00:22:39;62;94;26.7;22.4;2.722;1.770;1.180;2.261;0.106;0.403;63
B516D9;2015/03/04 00:22:49;63;96;28.3;22.2;2.587;1.770;1.164;2.261;0.106;0.380;64
B516D9;2015/03/04 00:22:59;64;87;27.0;22.0;2.577;1.751;1.164;2.261;0.090;0.387;65
B516D9;2015/03/04 00:23:09;65;93;27.4;22.0;2.732;1.751;1.187;2.261;0.090;0.387;66
B516D9;2015/03/04 00:23:19;66;85;27.7;22.0;2.825;1.793;1.187;2.225;0.090;0.425;67
B516D9;2015/03/04 00:23:29;67;88;24.5;22.0;2.761;1.793;1.222;2.225;0.090;0.422;68
B516D9;2015/03/04 00:23:39;68;83;28.0;22.5;2.738;1.774;1.222;2.225;0.103;0.393;69
B516D9;2015/03/04 00:23:49;69;85;24.1;22.7;2.635;1.774;1.206;2.225;0.103;0.425;70
B516D9;2015/03/04 00:23:59;70;84;28.0;22.5;2.819;1.780;1.206;2.212;0.103;0.409;71
B516D9;2015/03/04 00:24:10;0;1;28.3;22.0;2.290;-1.000;-1.000;-1.000;-1.000;0.445;1
B516D9;2015/03/04 00:24:29;1;98;24.5;22.5;2.712;-1.000;-1.000;-1.000;-1.000;0.445;2
B516D9;2015/03/04 00:24:39;2;77;30.3;21.7;2.696;1.500;-1.000;2.312;-1.000;0.429;3
B516D9;2015/03/04 00:24:49;3;95;23.8;22.2;2.590;1.500;1.225;2.312;-1.000;0.451;4
B516D9;2015/03/04 00:24:59;4;83;26.1;22.0;2.577;1.596;1.225;2.312;0.125;0.419;5
B516D9;2015/03/04 00:25:09;5;88;26.1;22.7;2.803;1.596;1.180;2.312;0.125;0.429;6
B516D9;2015/03/04 00:25:19;6;88;28.7;22.0;2.632;1.664;1.180;2.112;0.125;0.422;7
B516D9;2015/03/04 00:25:29;7;88;29.6;22.0;2.812;1.664;1.199;2.112;0.125;0.438;8
B516D9;2015/03/04 00:25:39;8;87;29.3;21.5;2.574;1.693;1.199;2.112;0.170;0.429;9
B516D9;2015/03/04 00:25:49;9;86;27.7;21.3;2.748;1.693;1.167;2.112;0.170;0.422;10
B516D9;2015/03/04 00:25:59;10;96;23.8;22.7;2.780;1.741;1.167;2.203;0.170;0.419;11
B516D9;2015/03/04 00:26:09;11;88;30.0;22.0;2.590;1.741;1.180;2.203;0.170;0.416;12
B516D9;2015/03/04 00:26:19;12;86;29.3;22.4;2.748;1.751;1.180;2.203;0.116;0.406;13
B516D9;2015/03/04 00:26:29;13;92;24.1;22.7;2.635;1.751;1.174;2.203;0.116;0.416;14
B516D9;2015/03/04 00:26:39;14;85;28.3;21.8;2.622;1.761;1.174;2.199;0.116;0.416;15
B516D9;2015/03/04 00:26:49;15;85;27.0;22.2;2.587;1.761;1.167;2.199;0.116;0.393;16
B516D9;2015/03/04 00:26:59;16;90;30.3;22.2;2.774;1.725;1.167;2.199;0.122;0.409;17
B516D9;2015/03/04 00:27:09;17;83;25.4;22.2;2.651;1.725;1.225;2.199;0.122;0.399;18
B516D9;2015/03/04 00:27:19;18;88;30.9;22.0;2.761;1.767;1.225;2.206;0.122;0.438;19
B516D9;2015/03/04 00:27:29;19;92;26.7;21.8;2.741;1.767;1.164;2.206;0.122;0.416;20
B516D9;2015/03/04 00:27:39;20;93;28.0;22.7;2.761;1.741;1.164;2.206;0.154;0.435;21
B516D9;2015/03/04 00:27:49;21;78;29.0;22.4;2.667;1.741;1.167;2.206;0.154;0.422;22
B516D9;2015/03/04 00:27:59;22;88;24.1;21.7;2.787;1.745;1.167;2.203;0.154;0.429;23
B516D9;2015/03/04 00:28:09;23;78;28.7;22.2;2.693;1.745;1.167;2.203;0.154;0.403;24
B516D9;2015/03/04 00:28:19;24;88;25.1;22.0;2.583;1.754;1.167;2.203;0.119;0.458;25
B516D9;2015/03/04 00:28:29;25;94;28.3;22.0;2.567;1.754;1.167;2.203;0.119;0.422;26
B516D9;2015/03/04 00:28:39;26;93;28.3;21.7;2.812;1.738;1.167;2.248;0.119;0.454;27
B516D9;2015/03/04 00:28:49;27;93;26.7;22.0;2.722;1.738;1.167;2.248;0.119;0.409;28
B516D9;2015/03/04 00:28:59;28;89;26.4;21.7;2.764;1.783;1.167;2.248;0.112;0.409;29
B516D9;2015/03/04 00:29:09;29;88;25.4;22.5;2.635;1.783;1.161;2.248;0.112;0.438;30
B516D9;2015/03/04 00:29:19;30;89;26.7;22.4;2.693;1.780;1.161;2.248;0.112;0.403;31
B516D9;2015/03/04 00:29:29;31;93;26.1;22.2;2.709;1.780;1.229;2.248;0.112;0.451;32
B516D9;2015/03/04 00:29:39;32;90;28.0;22.4;2.774;1.780;1.229;2.248;0.193;0.448;33
B516D9;2015/03/04 00:29:49;33;89;30.6;22.5;2.570;1.780;1.177;2.248;0.193;0.416;34
B516D9;2015/03/04 00:29:59;34;78;24.1;22.0;2.809;1.774;1.177;2.212;0.193;0.416;35
B516D9;2015/03/04 00:30:09;35;84;23.8;22.7;2.609;1.774;1.183;2.212;0.193;0.416;36
B516D9;2015/03/04 00:30:19;36;86;29.6;22.2;2.674;1.745;1.183;2.212;0.103;0.419;37
B516D9;2015/03/04 00:30:29;37;89;30.9;22.2;2.564;1.745;1.161;2.212;0.103;0.429;38
B516D9;2015/03/04 00:30:39;38;86;27.0;22.0;2.822;1.764;1.161;2.241;0.103;0.419;39
B516D9;2015/03/04 00:30:49;39;84;25.4;22.5;2.787;1.764;1.177;2.241;0.103;0.451;40
B516D9;2015/03/04 00:30:59;40;85;27.0;22.5;2.725;1.777;1.177;2.241;0.116;0.429;41
B516D9;2015/03/04 00:31:09;41;83;28.0;22.0;2.583;1.777;1.216;2.241;0.116;0.419;42
B516D9;2015/03/04 00:31:19;42;88;29.3;22.5;2.793;1.745;1.216;2.232;0.116;0.451;43
B516D9;2015/03/04 00:31:29;43;77;29.6;22.0;2.829;1.745;1.164;2.232;0.116;0.419;44
B516D9;2015/03/04 00:31:39;44;83;26.4;22.4;2.590;1.748;1.164;2.232;0.138;0.435;45
B516D9;2015/03/04 00:31:49;45;84;25.8;22.0;2.645;1.748;1.222;2.232;0.138;0.454;46
B516D9;2015/03/04 00:31:59;46;84;28.0;22.2;2.754;1.748;1.222;2.241;0.138;0.445;47
B516D9;2015/03/04 00:32:09;47;95;29.0;22.4;2.570;1.748;1.219;2.241;0.138;0.467;48
B516D9;2015/03/04 00:32:19;48;83;32.2;22.7;2.780;1.748;1.219;2.241;0.112;0.412;49
B516D9;2015/03/04 00:32:29;49;93;29.0;22.0;2.816;1.748;1.167;2.241;0.112;0.429;50
B516D9;2015/03/04 00:32:39;50;93;29.6;22.2;2.719;1.783;1.167;2.245;0.112;0.416;51
B516D9;2015/03/04 00:32:49;51;83;28.7;22.5;2.629;1.783;1.222;2.245;0.112;0.429;52
B516D9;2015/03/04 00:32:59;52;91;27.4;22.5;2.616;1.770;1.222;2.245;0.129;0.461;53
B516D9;2015/03/04 00:33:09;53;88;24.1;22.2;2.616;1.770;1.164;2.245;0.129;0.435;54
B516D9;2015/03/04 00:33:19;54;85;27.7;22.7;2.603;1.783;1.164;2.196;0.129;0.425;55
B516D9;2015/03/04 00:33:29;55;83;24.8;22.5;2.783;1.783;1.167;2.196;0.129;0.419;56
B516D9;2015/03/04 00:33:39;56;87;24.8;21.5;2.793;1.780;1.167;2.196;0.106;0.435;57
B516D9;2015/03/04 00:33:49;57;79;27.4;21.8;2.729;1.780;1.177;2.196;0.106;0.445;58
B516D9;2015/03/04 00:33:59;58;95;24.8;21.7;2.819;1.748;1.177;2.196;0.106;0.432;59
B516D9;2015/03/04 00:34:09;59;88;32.9;22.0;2.825;1.748;1.167;2.196;0.106;0.432;60
B516D9;2015/03/04 00:34:19;60;92;29.3;22.4;2.816;1.751;1.167;2.196;0.099;0.441;61
B516D9;2015/03/04 00:34:29;61;84;30.6;22.0;2.570;1.751;1.164;2.196;0.099;0.435;62
B516D9;2015/03/04 00:34:39;62;94;29.3;22.2;2.732;1.751;1.164;2.251;0.099;0.441;63
B516D9;2015/03/04 00:34:49;63;92;24.8;22.7;2.767;1.751;1.216;2.251;0.099;0.432;64
B516D9;2015/03/04 00:34:59;64;89;23.8;22.2;2.680;1.758;1.216;2.251;0.116;0.458;65
B516D9;2015/03/04 00:35:09;65;87;28.0;22.0;2.616;1.758;1.167;2.251;0.116;0.441;66
B516D9;2015/03/04 00:35:19;66;86;23.8;21.5;2.587;1.790;1.167;2.245;0.116;0.419;67
B516D9;2015/03/04 00:35:29;67;88;24.8;22.2;2.635;1.790;1.219;2.245;0.116;0.441;68
B516D9;2015/03/04 00:35:39;68;91;27.4;22.0;2.751;1.774;1.219;2.245;0.103;0.425;69
B516D9;2015/03/04 00:35:49;69;78;29.0;22.2;2.570;1.774;1.167;2.245;0.103;0.422;70
B516D9;2015/03/04 00:35:59;70;85;30.6;22.5;2.687;1.780;1.167;2.251;0.103;0.441;71
B516D9;2015/03/04 00:36:10;0;1;24.8;21.8;2.199;-1.000;-1.000;-1.000;-1.000;0.467;1
B516D9;2015/03/04 00:36:29;1;100;30.3;22.0;2.558;-1.000;-1.000;-1.000;-1.000;0.441;2
B516D9;2015/03/04 00:36:39;2;83;29.6;22.2;2.587;1.519;-1.000;2.361;-1.000;0.438;3
B516D9;2015/03/04 00:36:49;3;84;26.7;22.2;2.809;1.519;1.183;2.361;-1.000;0.422;4
B516D9;2015/03/04 00:36:59;4;92;28.3;21.8;2.812;1.577;1.183;2.361;0.138;0.429;5
B516D9;2015/03/04 00:37:09;5;79;28.3;21.7;2.793;1.577;1.187;2.361;0.138;0.435;6
B516D9;2015/03/04 00:37:19;6;81;26.1;22.5;2.683;1.645;1.187;2.129;0.138;0.419;7
B516D9;2015/03/04 00:37:29;7;86;28.7;22.2;2.574;1.645;1.170;2.129;0.138;0.409;8
B516D9;2015/03/04 00:37:39;8;82;30.3;22.2;2.806;1.680;1.170;2.129;0.116;0.399;9
B516D9;2015/03/04 00:37:49;9;81;25.4;22.0;2.790;1.680;1.216;2.129;0.116;0.406;10
B516D9;2015/03/04 00:37:59;10;84;26.1;22.5;2.674;1.699;1.216;2.196;0.116;0.438;11
B516D9;2015/03/04 00:38:09;11;93;24.1;22.2;2.638;1.699;1.177;2.196;0.116;0.422;12
B516D9;2015/03/04 00:38:19;12;86;32.2;22.4;2.787;1.719;1.177;2.196;0.122;0.422;13
B516D9;2015/03/04 00:38:29;13;90;29.0;22.2;2.725;1.719;1.167;2.196;0.122;0.403;14
B516D9;2015/03/04 00:38:39;14;95;24.8;22.0;2.819;1.735;1.167;2.235;0.122;0.406;15
B516D9;2015/03/04 00:38:49;15;79;24.8;22.5;2.648;1.735;1.170;2.235;0.122;0.422;16
B516D9;2015/03/04 00:38:59;16;85;31.6;22.9;2.787;1.764;1.170;2.235;0.151;0.393;17
B516D9;2015/03/04 00:39:09;17;93;28.0;22.5;2.609;1.764;1.170;2.235;0.151;0.416;18
B516D9;2015/03/04 00:39:19;18;92;25.4;22.4;2.661;1.741;1.170;2.212;0.151;0.422;19
B516D9;2015/03/04 00:39:29;19;94;26.1;23.1;2.696;1.741;1.174;2.212;0.151;0.409;20
B516D9;2015/03/04 00:39:39;20;88;26.7;22.7;2.748;1.754;1.174;2.212;0.125;0.419;21
B516D9;2015/03/04 00:39:49;21;80;28.3;22.4;2.580;1.754;1.219;2.212;0.125;0.422;22
B516D9;2015/03/04 00:39:59;22;86;23.8;22.2;2.806;1.770;1.219;2.225;0.125;0.416;23
B516D9;2015/03/04 00:40:09;23;86;23.5;22.2;2.564;1.770;1.235;2.225;0.125;0.409;24
B516D9;2015/03/04 00:40:19;24;92;30.9;22.5;2.793;1.774;1.235;2.225;0.109;0.422;25
B516D9;2015/03/04 00:40:29;25;82;31.6;22.5;2.606;1.774;1.187;2.225;0.109;0.399;26
B516D9;2015/03/04 00:40:39;26;83;24.5;22.5;2.570;1.741;1.187;2.219;0.109;0.422;27
B516D9;2015/03/04 00:40:49;27;95;31.2;22.4;2.825;1.741;1.235;2.219;0.109;0.406;28
B516D9;2015/03/04 00:40:59;28;97;25.1;22.0;2.574;1.751;1.235;2.219;0.145;0.422;29
B516D9;2015/03/04 00:41:09;29;86;23.5;22.2;2.583;1.751;1.190;2.219;0.145;0.399;30
B516D9;2015/03/04 00:41:19;30;90;25.1;22.2;2.570;1.767;1.190;2.267;0.145;0.435;31
B516D9;2015/03/04 00:41:29;31;89;27.0;21.7;2.761;1.767;1.170;2.267;0.145;0.399;32
B516D9;2015/03/04 00:41:39;32;89;30.3;22.9;2.787;1.767;1.170;2.267;0.112;0.406;33
B516D9;2015/03/04 00:41:49;33;92;28.3;22.5;2.787;1.767;1.187;2.267;0.112;0.399;34
B516D9;2015/03/04 00:41:59;34;91;23.5;21.8;2.812;1.745;1.187;2.238;0.112;0.399;35
B516D9;2015/03/04 00:42:09;35;83;30.0;22.5;2.683;1.745;1.174;2.238;0.112;0.416;36
B516D9;2015/03/04 00:42:19;36;92;24.5;22.7;2.616;1.793;1.174;2.238;0.109;0.393;37
B516D9;2015/03/04 00:42:29;37;88;28.7;22.0;2.806;1.793;1.222;2.238;0.109;0.441;38
B516D9;2015/03/04 00:42:39;38;94;27.7;22.5;2.812;1.783;1.222;2.238;0.109;0.406;39
B516D9;2015/03/04 00:42:49;39;78;25.4;22.0;2.809;1.783;1.193;2.238;0.109;0.422;40
B516D9;2015/03/04 00:42:59;40;93;26.1;22.5;2.712;1.780;1.193;2.238;0.103;0.445;41
B516D9;2015/03/04 00:43:09;41;81;28.3;22.7;2.680;1.780;1.219;2.238;0.103;0.406;42
B516D9;2015/03/04 00:43:19;42;80;24.8;22.0;2.583;1.790;1.219;2.251;0.103;0.409;43
B516D9;2015/03/04 00:43:29;43;84;28.0;22.7;2.629;1.790;1.183;2.251;0.103;0.422;44
B516D9;2015/03/04 00:43:39;44;83;28.7;22.5;2.709;1.770;1.183;2.251;0.109;0.448;45
B516D9;2015/03/04 00:43:49;45;88;24.1;22.5;2.632;1.770;1.187;2.251;0.109;0.422;46
B516D9;2015/03/04 00:43:59;46;93;26.4;22.0;2.709;1.793;1.187;2.251;0.109;0.419;47
B516D9;2015/03/04 00:44:09;47;88;23.8;22.5;2.580;1.793;1.183;2.251;0.109;0.419;48
B516D9;2015/03/04 00:44:19;48;84;24.8;22.0;2.574;1.793;1.183;2.251;0.119;0.425;49
B516D9;2015/03/04 00:44:29;49;83;30.9;22.4;2.793;1.793;1.167;2.251;0.119;0.419;50
B516D9;2015/03/04 00:44:39;50;84;25.4;21.8;2.819;1.793;1.167;2.216;0.119;0.412;51
B516D9;2015/03/04 00:44:49;51;87;23.8;22.5;2.603;1.793;1.170;2.216;0.119;0.409;52
B516D9;2015/03/04 00:44:59;52;91;24.8;22.4;2.661;1.780;1.170;2.216;0.103;0.409;53
B516D9;2015/03/04 00:45:09;53;83;26.7;22.0;2.722;1.780;1.229;2.216;0.103;0.409;54
B516D9;2015/03/04 00:45:19;54;80;24.5;22.0;2.583;1.780;1.229;2.219;0.103;0.409;55
B516D9;2015/03/04 00:45:29;55;92;25.4;22.0;2.709;1.780;1.170;2.219;0.103;0.438;56
B516D9;2015/03/04 00:45:39;56;97;24.5;22.0;2.574;1.793;1.170;2.219;0.174;0.409;57
B516D9;2015/03/04 00:45:49;57;96;29.0;22.5;2.593;1.793;1.229;2.219;0.174;0.409;58
B516D9;2015/03/04 00:45:59;58;93;27.4;22.2;2.819;1.761;1.229;2.216;0.174;0.448;59
B516D9;2015/03/04 00:46:09;59;82;24.5;22.9;2.635;1.761;1.199;2.216;0.174;0.438;60
B516D9;2015/03/04 00:46:19;60;85;26.4;22.7;2.590;1.783;1.199;2.216;0.154;0.416;61
B516D9;2015/03/04 00:46:29;61;83;30.9;22.0;2.819;1.783;1.183;2.216;0.154;0.438;62
B516D9;2015/03/04 00:46:39;62;93;29.3;22.7;2.806;1.793;1.183;2.248;0.154;0.425;63
B516D9;2015/03/04 00:46:49;63;80;29.3;22.9;2.577;1.793;1.206;2.248;0.154;0.422;64
B516D9;2015/03/04 00:46:59;64;85;30.9;22.7;2.774;1.793;1.206;2.248;0.209;0.419;65
B516D9;2015/03/04 00:47:09;65;77;27.0;22.2;2.741;1.793;1.174;2.248;0.209;0.429;66
B516D9;2015/03/04 00:47:19;66;89;24.1;22.5;2.625;1.793;1.174;2.219;0.209;0.412;67
B516D9;2015/03/04 00:47:29;67;91;29.0;22.5;2.577;1.793;1.196;2.219;0.209;0.438;68
B516D9;2015/03/04 00:47:39;68;88;23.5;23.4;2.570;1.777;1.196;2.219;0.106;0.451;69
B516D9;2015/03/04 00:47:49;69;82;31.6;22.0;2.825;1.777;1.174;2.219;0.106;0.429;70
B516D9;2015/03/04 00:47:59;70;92;30.3;22.7;2.767;1.780;1.174;2.222;0.106;0.435;71
B516D9;2015/03/04 00:48:10;0;1;24.8;22.0;2.441;-1.000;-1.000;-1.000;-1.000;0.464;1
B516D9;2015/03/04 00:48:29;1;97;28.0;22.4;2.658;-1.000;-1.000;-1.000;-1.000;0.496;2
B516D9;2015/03/04 00:48:39;2;96;28.7;22.5;2.819;1.532;-1.000;2.358;-1.000;0.435;3
B516D9;2015/03/04 00:48:49;3;87;29.0;22.5;2.596;1.532;1.183;2.358;-1.000;0.441;4
B516D9;2015/03/04 00:48:59;4;85;28.3;22.7;2.570;1.609;1.183;2.358;0.164;0.419;5
B516D9;2015/03/04 00:49:09;5;84;29.0;22.4;2.564;1.609;1.216;2.358;0.164;0.451;6
B516D9;2015/03/04 00:49:19;6;92;29.6;23.2;2.722;1.654;1.216;2.119;0.164;0.448;7
B516D9;2015/03/04 00:49:29;7;76;29.0;22.5;2.729;1.654;1.187;2.119;0.164;0.422;8
B516D9;2015/03/04 00:49:39;8;88;26.7;22.2;2.812;1.690;1.187;2.119;0.145;0.422;9
B516D9;2015/03/04 00:49:49;9;82;24.1;22.5;2.635;1.690;1.238;2.119;0.145;0.416;10
B516D9;2015/03/04 00:49:59;10;78;28.7;22.5;2.774;1.712;1.238;2.190;0.145;0.461;11
B516D9;2015/03/04 00:50:09;11;89;23.5;22.2;2.564;1.712;1.238;2.190;0.145;0.419;12
B516D9;2015/03/04 00:50:19;12;94;26.1;22.7;2.696;1.761;1.238;2.190;0.187;0.416;13
B516D9;2015/03/04 00:50:29;13;79;24.8;22.5;2.645;1.761;1.203;2.190;0.187;0.454;14
B516D9;2015/03/04 00:50:39;14;94;28.3;22.4;2.632;1.761;1.203;2.216;0.187;0.419;15
B516D9;2015/03/04 00:50:49;15;81;28.7;21.8;2.764;1.761;1.174;2.216;0.187;0.416;16
B516D9;2015/03/04 00:50:59;16;86;30.3;22.5;2.745;1.758;1.174;2.216;0.109;0.441;17
B516D9;2015/03/04 00:51:09;17;93;23.5;22.2;2.809;1.758;1.190;2.216;0.109;0.406;18
B516D9;2015/03/04 00:51:19;18;84;28.7;22.4;2.648;1.732;1.190;2.209;0.109;0.406;19
B516D9;2015/03/04 00:51:29;19;83;26.1;22.2;2.587;1.732;1.222;2.209;0.109;0.409;20
B516D9;2015/03/04 00:51:39;20;94;25.4;22.5;2.590;1.751;1.222;2.209;0.112;0.422;21
B516D9;2015/03/04 00:51:49;21;91;25.4;21.7;2.712;1.751;1.193;2.209;0.112;0.422;22
B516D9;2015/03/04 00:51:59;22;84;30.0;21.8;2.819;1.754;1.193;2.248;0.112;0.409;23
B516D9;2015/03/04 00:52:09;23;88;24.8;21.8;2.712;1.754;1.174;2.248;0.112;0.441;24
B516D9;2015/03/04 00:52:19;24;77;32.5;22.4;2.754;1.783;1.174;2.248;0.112;0.438;25
B516D9;2015/03/04 00:52:29;25;83;31.2;21.8;2.825;1.783;1.235;2.248;0.112;0.448;26
B516D9;2015/03/04 00:52:39;26;88;25.4;22.4;2.580;1.761;1.235;2.270;0.112;0.409;27
B516D9;2015/03/04 00:52:49;27;81;30.9;22.0;2.564;1.761;1.203;2.270;0.112;0.432;28
B516D9;2015/03/04 00:52:59;28;86;27.0;22.2;2.825;1.758;1.203;2.270;0.112;0.406;29
B516D9;2015/03/04 00:53:09;29;87;24.5;22.7;2.635;1.758;1.238;2.270;0.112;0.409;30
B516D9;2015/03/04 00:53:19;30;89;26.4;21.7;2.819;1.790;1.238;2.274;0.112;0.406;31
B516D9;2015/03/04 00:53:29;31;90;30.0;22.7;2.622;1.790;1.174;2.274;0.112;0.416;32
B516D9;2015/03/04 00:53:39;32;93;27.4;22.0;2.612;1.780;1.174;2.274;0.103;0.409;33
B516D9;2015/03/04 00:53:49;33;88;30.0;22.7;2.683;1.780;1.170;2.274;0.103;0.429;34
B516D9;2015/03/04 00:53:59;34;96;28.3;22.4;2.625;1.777;1.170;2.232;0.103;0.419;35
B516D9;2015/03/04 00:54:09;35;81;25.4;22.2;2.696;1.777;1.174;2.232;0.103;0.419;36
B516D9;2015/03/04 00:54:19;36;91;29.0;21.7;2.787;1.748;1.174;2.232;0.125;0.435;37
B516D9;2015/03/04 00:54:29;37;78;24.8;22.4;2.635;1.748;1.174;2.232;0.125;0.425;38
B516D9;2015/03/04 00:54:39;38;95;26.1;22.4;2.590;1.780;1.174;2.264;0.125;0.425;39
B516D9;2015/03/04 00:54:49;39;92;27.4;22.0;2.583;1.780;1.180;2.264;0.125;0.435;40
B516D9;2015/03/04 00:54:59;40;86;29.6;22.2;2.725;1.748;1.180;2.264;0.109;0.464;41
B516D9;2015/03/04 00:55:09;41;90;25.4;22.2;2.590;1.748;1.170;2.264;0.109;0.435;42
B516D9;2015/03/04 00:55:19;42;79;24.1;21.5;2.687;1.783;1.170;2.238;0.109;0.425;43
B516D9;2015/03/04 00:55:29;43;75;28.7;22.2;2.587;1.783;1.196;2.238;0.109;0.438;44
B516D9;2015/03/04 00:55:39;44;88;28.0;22.2;2.748;1.787;1.196;2.238;0.106;0.409;45
B516D9;2015/03/04 00:55:49;45;78;24.8;22.7;2.635;1.787;1.232;2.238;0.106;0.438;46
B516D9;2015/03/04 00:55:59;46;91;23.8;23.2;2.564;1.761;1.232;2.248;0.106;0.441;47
B516D9;2015/03/04 00:56:09;47;79;26.7;22.0;2.819;1.761;1.183;2.248;0.106;0.406;48
B516D9;2015/03/04 00:56:19;48;87;28.0;22.4;2.761;1.764;1.183;2.248;0.119;0.441;49
B516D9;2015/03/04 00:56:29;49;82;27.0;21.7;2.735;1.764;1.232;2.248;0.119;0.441;50
B516D9;2015/03/04 00:56:39;50;91;28.0;22.7;2.819;1.793;1.232;2.261;0.119;0.454;51
B516D9;2015/03/04 00:56:49;51;88;28.3;22.5;2.583;1.793;1.177;2.261;0.119;0.399;52
B516D9;2015/03/04 00:56:59;52;83;25.4;22.0;2.590;1.780;1.177;2.261;0.109;0.458;53
B516D9;2015/03/04 00:57:09;53;94;29.6;22.5;2.822;1.780;1.174;2.261;0.109;0.422;54
B516D9;2015/03/04 00:57:19;54;88;23.8;22.0;2.564;1.754;1.174;2.219;0.109;0.435;55
B516D9;2015/03/04 00:57:29;55;82;25.4;22.2;2.703;1.754;1.238;2.219;0.109;0.419;56
B516D9;2015/03/04 00:57:39;56;91;32.2;22.5;2.754;1.761;1.238;2.219;0.116;0.419;57
B516D9;2015/03/04 00:57:49;57;84;27.0;22.2;2.587;1.761;1.174;2.219;0.116;0.422;58
B516D9;2015/03/04 00:57:59;58;84;26.7;22.0;2.819;1.754;1.174;2.267;0.116;0.412;59
B516D9;2015/03/04 00:58:09;59;89;24.1;22.7;2.603;1.754;1.216;2.267;0.116;0.419;60
B516D9;2015/03/04 00:58:19;60;83;29.6;22.7;2.787;1.783;1.216;2.267;0.109;0.419;61
B516D9;2015/03/04 00:58:29;61;93;28.3;21.8;2.793;1.783;1.177;2.267;0.109;0.432;62
B516D9;2015/03/04 00:58:39;62;83;25.1;22.5;2.674;1.796;1.177;2.267;0.109;0.432;63
B516D9;2015/03/04 00:58:49;63;88;23.8;22.5;2.609;1.796;1.174;2.267;0.109;0.419;64
B516D9;2015/03/04 00:58:59;64;81;30.3;22.5;2.741;1.761;1.174;2.267;0.106;0.441;65
B516D9;2015/03/04 00:59:09;65;86;25.4;23.2;2.699;1.761;1.174;2.267;0.106;0.429;66
B516D9;2015/03/04 00:59:19;66;81;24.1;22.4;2.616;1.796;1.174;2.232;0.106;0.416;67
B516D9;2015/03/04 00:59:29;67;93;23.5;22.2;2.583;1.796;1.174;2.232;0.106;0.422;68
B516D9;2015/03/04 00:59:39;68;80;28.0;22.7;2.787;1.796;1.174;2.232;0.103;0.435;69
B516D9;2015/03/04 00:59:49;69;83;25.8;22.7;2.667;1.796;1.238;2.232;0.103;0.438;70
B516D9;2015/03/04 00:59:59;70;88;26.7;22.0;2.812;1.754;1.238;2.264;0.103;0.432;71
B516D9;2015/03/04 01:00:20;0;1;27.0;22.4;2.348;-1.000;-1.000;-1.000;-1.000;0.474;1
B516D9;2015/03/04 01:00:39;1;100;23.5;21.7;2.545;-1.000;-1.000;-1.000;-1.000;0.474;2
B516D9;2015/03/04 01:00:50;2;86;24.5;22.5;2.570;1.506;-1.000;2.329;-1.000;0.458;3
B516D9;2015/03/04 01:00:59;3;87;23.5;22.4;2.583;1.506;1.190;2.329;-1.000;0.483;4
B516D9;2015/03/04 01:01:10;4;92;26.1;21.8;2.793;1.599;1.190;2.329;0.135;0.464;5
B516D9;2015/03/04 01:01:19;5;78;27.4;21.7;2.732;1.599;1.206;2.329;0.135;0.467;6
B516D9;2015/03/04 01:01:30;6;90;26.7;22.7;2.712;1.661;1.206;2.180;0.135;0.454;7
B516D9;2015/03/04 01:01:39;7;85;24.8;22.5;2.587;1.661;1.241;2.180;0.135;0.464;8
B516D9;2015/03/04 01:01:50;8;88;24.1;22.0;2.583;1.693;1.241;2.180;0.122;0.432;9
B516D9;2015/03/04 01:01:59;9;88;23.8;22.7;2.622;1.693;1.174;2.180;0.122;0.429;10
B516D9;2015/03/04 01:02:10;10;95;29.0;22.4;2.812;1.751;1.174;2.196;0.122;0.441;11
B516D9;2015/03/04 01:02:19;11;88;27.4;21.8;2.767;1.751;1.235;2.196;0.122;0.419;12
B516D9;2015/03/04 01:02:30;12;80;28.0;22.4;2.632;1.758;1.235;2.196;0.209;0.419;13
B516D9;2015/03/04 01:02:39;13;84;23.8;22.5;2.716;1.758;1.238;2.196;0.209;0.419;14
B516D9;2015/03/04 01:02:50;14;88;26.1;21.8;2.577;1.767;1.238;2.219;0.209;0.419;15
B516D9;2015/03/04 01:02:59;15;86;29.6;22.4;2.580;1.767;1.174;2.219;0.209;0.412;16
B516D9;2015/03/04 01:03:10;16;93;29.0;22.9;2.793;1.777;1.174;2.219;0.109;0.419;17
B516D9;2015/03/04 01:03:19;17;87;23.5;22.5;2.574;1.777;1.209;2.219;0.109;0.454;18
B516D9;2015/03/04 01:03:30;18;87;25.8;22.4;2.683;1.748;1.209;2.219;0.109;0.451;19
B516D9;2015/03/04 01:03:39;19;83;28.0;22.2;2.596;1.748;1.177;2.219;0.109;0.429;20
B516D9;2015/03/04 01:03:50;20;90;24.8;21.7;2.787;1.783;1.177;2.219;0.151;0.416;21
B516D9;2015/03/04 01:03:59;21;88;26.7;22.0;2.825;1.783;1.177;2.219;0.151;0.461;22
B516D9;2015/03/04 01:04:10;22;84;26.1;22.7;2.587;1.780;1.177;2.219;0.151;0.425;23
B516D9;2015/03/04 01:04:19;23;79;24.5;22.5;2.645;1.780;1.183;2.219;0.151;0.406;24
B516D9;2015/03/04 01:04:30;24;97;31.6;22.4;2.767;1.770;1.183;2.219;0.119;0.441;25
B516D9;2015/03/04 01:04:39;25;88;26.4;21.7;2.748;1.770;1.180;2.219;0.119;0.406;26
B516D9;2015/03/04 01:04:50;26;83;26.4;22.7;2.590;1.783;1.180;2.212;0.119;0.409;27
B516D9;2015/03/04 01:04:59;27;85;29.0;22.4;2.796;1.783;1.174;2.212;0.119;0.441;28
B516D9;2015/03/04 01:05:10;28;86;29.0;23.2;2.812;1.783;1.174;2.212;0.138;0.412;29
B516D9;2015/03/04 01:05:19;29;88;29.6;22.4;2.806;1.783;1.232;2.212;0.138;0.419;30
B516D9;2015/03/04 01:05:30;30;93;27.0;22.4;2.570;1.787;1.232;2.209;0.138;0.416;31
B516D9;2015/03/04 01:05:39;31;86;30.9;22.5;2.574;1.787;1.199;2.209;0.138;0.438;32
B516D9;2015/03/04 01:05:50;32;88;26.7;22.7;2.719;1.787;1.199;2.209;0.109;0.441;33
B516D9;2015/03/04 01:05:59;33;83;30.3;22.4;2.825;1.787;1.199;2.209;0.109;0.425;34
B516D9;2015/03/04 01:06:10;34;95;29.3;22.5;2.793;1.777;1.199;2.219;0.109;0.441;35
B516D9;2015/03/04 01:06:19;35;79;30.3;22.5;2.574;1.777;1.196;2.219;0.109;0.454;36
B516D9;2015/03/04 01:06:30;36;89;29.3;22.9;2.709;1.777;1.196;2.219;0.151;0.445;37
B516D9;2015/03/04 01:06:39;37;96;32.2;22.4;2.825;1.777;1.177;2.219;0.151;0.435;38
B516D9;2015/03/04 01:06:50;38;88;30.0;22.2;2.799;1.754;1.177;2.267;0.151;0.454;39
B516D9;2015/03/04 01:06:59;39;88;30.9;22.4;2.825;1.754;1.206;2.267;0.151;0.441;40
B516D9;2015/03/04 01:07:10;40;92;28.3;22.5;2.670;1.796;1.206;2.267;0.096;0.464;41
B516D9;2015/03/04 01:07:19;41;75;27.0;22.2;2.748;1.796;1.180;2.267;0.096;0.454;42
B516D9;2015/03/04 01:07:30;42;93;26.7;22.0;2.816;1.758;1.180;2.219;0.096;0.490;43
B516D9;2015/03/04 01:07:39;43;81;23.8;22.7;2.596;1.758;1.177;2.219;0.096;0.445;44
B516D9;2015/03/04 01:07:50;44;82;29.6;22.5;2.764;1.770;1.177;2.219;0.109;0.458;45
B516D9;2015/03/04 01:07:59;45;78;25.4;22.7;2.767;1.770;1.212;2.219;0.109;0.454;46
B516D9;2015/03/04 01:08:10;46;87;29.6;22.2;2.654;1.793;1.212;2.261;0.109;0.438;47
B516D9;2015/03/04 01:08:19;47;85;27.0;22.5;2.622;1.793;1.187;2.261;0.109;0.438;48
B516D9;2015/03/04 01:08:30;48;84;31.6;22.2;2.725;1.758;1.187;2.261;0.116;0.451;49
B516D9;2015/03/04 01:08:39;49;86;27.4;22.2;2.738;1.758;1.170;2.261;0.116;0.438;50
B516D9;2015/03/04 01:08:50;50;94;31.9;22.2;2.787;1.767;1.170;2.232;0.116;0.467;51
B516D9;2015/03/04 01:08:59;51;92;31.6;21.8;2.825;1.767;1.235;2.232;0.116;0.448;52
B516D9;2015/03/04 01:09:10;52;86;24.1;21.5;2.787;1.803;1.235;2.232;0.112;0.458;53
B516D9;2015/03/04 01:09:19;53;83;28.0;22.5;2.622;1.803;1.174;2.232;0.112;0.493;54
B516D9;2015/03/04 01:09:30;54;84;30.0;21.5;2.787;1.793;1.174;2.222;0.112;0.458;55
B516D9;2015/03/04 01:09:39;55;82;26.7;22.5;2.799;1.793;1.174;2.222;0.112;0.454;56
B516D9;2015/03/04 01:09:50;56;88;25.1;21.8;2.574;1.790;1.174;2.222;0.151;0.493;57
B516D9;2015/03/04 01:09:59;57;91;25.4;22.0;2.816;1.790;1.174;2.222;0.151;0.454;58
B516D9;2015/03/04 01:10:10;58;88;26.1;22.0;2.587;1.800;1.174;2.229;0.151;0.445;59
B516D9;2015/03/04 01:10:19;59;88;29.0;21.7;2.687;1.800;1.174;2.229;0.151;0.445;60
B516D9;2015/03/04 01:10:30;60;85;29.6;22.2;2.693;1.783;1.174;2.229;0.132;0.441;61
B516D9;2015/03/04 01:10:39;61;88;28.3;22.4;2.574;1.783;1.190;2.229;0.132;0.445;62
B516D9;2015/03/04 01:10:50;62;92;29.6;22.7;2.780;1.787;1.190;2.225;0.132;0.441;63
B516D9;2015/03/04 01:10:59;63;86;29.0;22.2;2.777;1.787;1.196;2.225;0.132;0.493;64
B516D9;2015/03/04 01:11:10;64;87;30.0;22.0;2.609;1.761;1.196;2.225;0.122;0.474;65
B516D9;2015/03/04 01:11:19;65;83;25.4;21.7;2.590;1.761;1.232;2.225;0.122;0.448;66
B516D9;2015/03/04 01:11:30;66;97;29.3;22.2;2.680;1.787;1.232;2.245;0.122;0.464;67
B516D9;2015/03/04 01:11:39;67;78;26.7;22.2;2.670;1.787;1.174;2.245;0.122;0.445;68
B516D9;2015/03/04 01:11:50;68;95;26.1;22.4;2.587;1.761;1.174;2.245;0.106;0.445;69
B516D9;2015/03/04 01:11:59;69;82;26.7;21.7;2.596;1.761;1.174;2.245;0.106;0.448;70
B516D9;2015/03/04 01:12:10;70;90;28.7;22.5;2.787;1.796;1.174;2.225;0.106;0.438;71
B516D9;2015/03/04 01:12:19;71;84;28.3;21.5;2.796;1.796;1.238;2.225;0.106;0.458;72
B516D9;2015/03/04 01:12:30;72;82;24.8;22.4;2.619;1.803;1.238;2.225;0.196;0.451;73
B516D9;2015/03/04 01:12:39;73;82;30.9;21.8;2.819;1.803;1.177;2.225;0.196;0.445;74
B516D9;2015/03/04 01:12:50;74;91;29.6;22.2;2.725;1.770;1.177;2.225;0.196;0.467;75
B516D9;2015/03/04 01:12:59;75;77;27.7;22.0;2.777;1.770;1.190;2.225;0.196;0.464;76
B516D9;2015/03/04 01:13:10;76;85;27.0;22.0;2.603;1.800;1.190;2.225;0.170;0.445;77
B516D9;2015/03/04 01:13:19;77;77;29.6;22.0;2.806;1.800;1.187;2.225;0.170;0.503;78
B516D9;2015/03/04 01:13:30;78;92;24.1;21.7;2.774;1.774;1.187;2.270;0.170;0.441;79
B516D9;2015/03/04 01:13:39;79;77;26.7;22.0;2.709;1.774;1.174;2.270;0.170;0.445;80
B516D9;2015/03/04 01:13:50;80;91;27.7;21.5;2.574;1.783;1.174;2.270;0.129;0.464;81
B516D9;2015/03/04 01:13:59;81;84;26.1;21.7;2.609;1.783;1.196;2.270;0.129;0.458;82
B516D9;2015/03/04 01:14:10;82;86;27.0;22.4;2.583;1.800;1.196;2.258;0.129;0.451;83
B516D9;2015/03/04 01:14:19;83;91;24.8;22.2;2.590;1.800;1.190;2.258;0.129;0.464;84
B516D9;2015/03/04 01:14:30;84;88;28.7;22.4;2.641;1.806;1.190;2.258;0.106;0.441;85
B516D9;2015/03/04 01:14:39;85;88;29.6;22.4;2.625;1.806;1.196;2.258;0.106;0.474;86
B516D9;2015/03/04 01:14:50;86;93;29.0;21.3;2.780;1.787;1.196;2.264;0.106;0.483;87
B516D9;2015/03/04 01:14:59;87;88;24.5;21.8;2.616;1.787;1.174;2.264;0.106;0.445;88
B516D9;2015/03/04 01:15:10;88;93;26.1;22.2;2.590;1.764;1.174;2.264;0.112;0.448;89
B516D9;2015/03/04 01:15:19;89;88;29.0;21.7;2.670;1.764;1.206;2.264;0.112;0.445;90
B516D9;2015/03/04 01:15:30;90;87;23.8;21.3;2.564;1.764;1.206;2.238;0.112;0.454;91
B516D9;2015/03/04 01:15:39;91;84;26.1;21.8;2.690;1.764;1.212;2.238;0.112;0.448;92
B516D9;2015/03/04 01:15:50;92;84;24.8;21.3;2.774;1.774;1.212;2.238;0.119;0.474;93
B516D9;2015/03/04 01:15:59;93;89;23.8;21.8;2.622;1.774;1.190;2.238;0.119;0.458;94
B516D9;2015/03/04 01:16:10;94;88;28.0;21.5;2.561;1.764;1.190;2.241;0.119;0.438;95
B516D9;2015/03/04 01:16:19;95;93;24.1;22.0;2.635;1.764;1.206;2.241;0.119;0.448;96
B516D9;2015/03/04 01:16:30;96;88;24.5;21.1;2.596;1.806;1.206;2.241;0.109;0.480;97
B516D9;2015/03/04 01:16:39;97;92;31.2;21.8;2.825;1.806;1.196;2.241;0.109;0.467;98
B516D9;2015/03/04 01:16:50;98;78;24.5;22.0;2.583;1.806;1.196;2.241;0.109;0.438;99
B516D9;2015/03/04 01:16:59;99;87;29.0;22.2;2.622;1.806;1.206;2.241;0.109;0.448;100
B516D9;2015/03/04 01:17:10;100;77;24.5;22.0;2.570;1.764;1.206;2.241;0.093;0.454;101
B516D9;2015/03/04 01:17:19;101;82;29.3;22.0;2.822;1.764;1.177;2.241;0.093;0.448;102
B516D9;2015/03/04 01:17:30;102;88;27.7;21.5;2.819;1.764;1.177;2.232;0.093;0.438;103
B516D9;2015/03/04 01:17:39;103;92;30.0;22.0;2.654;1.764;1.180;2.232;0.093;0.435;104
B516D9;2015/03/04 01:17:50;104;88;26.1;22.0;2.583;1.806;1.180;2.232;0.106;0.438;105
B516D9;2015/03/04 01:17:59;105;83;23.8;22.0;2.709;1.806;1.229;2.232;0.106;0.454;106
B516D9;2015/03/04 01:18:10;106;88;30.9;22.5;2.709;1.793;1.229;2.241;0.106;0.445;107
B516D9;2015/03/04 01:18:19;107;93;31.6;22.0;2.829;1.793;1.232;2.241;0.106;0.477;108
B516D9;2015/03/04 01:18:30;108;91;23.5;22.2;2.780;1.764;1.232;2.241;0.106;0.448;109
B516D9;2015/03/04 01:18:39;109;87;23.8;22.2;2.825;1.764;1.180;2.241;0.106;0.432;110
B516D9;2015/03/04 01:18:50;110;83;24.1;22.2;2.564;1.777;1.180;2.258;0.106;0.474;111
B516D9;2015/03/04 01:18:59;111;95;27.7;21.3;2.761;1.777;1.199;2.258;0.106;0.454;112
B516D9;2015/03/04 01:19:10;112;90;29.3;22.2;2.680;1.767;1.199;2.258;0.112;0.451;113
B516D9;2015/03/04 01:19:20;113;88;29.6;22.0;2.570;1.767;1.180;2.258;0.112;0.461;114
B516D9;2015/03/04 01:19:30;114;81;25.1;22.0;2.799;1.790;1.180;2.261;0.112;0.441;115
B516D9;2015/03/04 01:19:39;115;87;27.0;21.7;2.767;1.790;1.180;2.261;0.112;0.464;116
B516D9;2015/03/04 01:19:50;116;84;28.0;22.0;2.761;1.806;1.180;2.261;0.103;0.445;117
B516D9;2015/03/04 01:19:59;117;81;27.0;22.5;2.632;1.806;1.190;2.261;0.103;0.432;118
B516D9;2015/03/04 01:20:10;118;94;24.5;22.2;2.567;1.809;1.190;2.293;0.103;0.445;119
B516D9;2015/03/04 01:20:19;119;83;28.0;21.8;2.622;1.809;1.180;2.293;0.103;0.448;120
B516D9;2015/03/04 01:20:30;120;91;30.3;22.0;2.761;1.787;1.180;2.293;0.103;0.461;121
B516D9;2015/03/04 01:20:39;121;90;24.8;22.4;2.683;1.787;1.180;2.293;0.103;0.474;122
B516D9;2015/03/04 01:20:50;122;85;24.8;22.2;2.561;1.800;1.180;2.238;0.103;0.435;123
B516D9;2015/03/04 01:20:59;123;93;24.1;21.8;2.564;1.800;1.180;2.238;0.103;0.441;124
B516D9;2015/03/04 01:21:10;124;88;29.3;22.5;2.699;1.767;1.180;2.238;0.106;0.438;125
B516D9;2015/03/04 01:21:19;125;82;24.5;22.7;2.619;1.767;1.196;2.238;0.106;0.458;126
B516D9;2015/03/04 01:21:30;126;75;28.3;22.5;2.629;1.790;1.196;2.277;0.106;0.474;127
B516D9;2015/03/04 01:21:39;127;89;23.5;22.0;2.574;1.790;1.180;2.277;0.106;0.477;128
B516D9;2015/03/04 01:21:50;128;95;30.9;22.4;2.787;1.800;1.180;2.277;0.103;0.477;129
B516D9;2015/03/04 01:21:59;129;93;26.7;22.0;2.722;1.800;1.203;2.277;0.103;0.477;130
B516D9;2015/03/04 01:22:10;130;92;30.9;22.7;2.561;1.787;1.203;2.251;0.103;0.441;131
B516D9;2015/03/04 01:22:19;131;84;26.4;22.0;2.635;1.787;1.193;2.251;0.103;0.467;132
B516D9;2015/03/04 01:22:30;132;87;24.8;21.8;2.574;1.806;1.193;2.251;0.106;0.448;133
B516D9;2015/03/04 01:22:39;133;90;23.8;22.7;2.609;1.806;1.241;2.251;0.106;0.438;134
B516D9;2015/03/04 01:22:50;134;84;25.1;22.0;2.816;1.806;1.241;2.280;0.106;0.474;135
B516D9;2015/03/04 01:22:59;135;88;30.3;21.8;2.819;1.806;1.241;2.280;0.106;0.477;136
B516D9;2015/03/04 01:23:10;136;84;27.4;21.8;2.819;1.806;1.241;2.280;0.106;0.445;137
B516D9;2015/03/04 01:23:19;137;93;29.0;22.5;2.606;1.806;1.196;2.280;0.106;0.441;138
B516D9;2015/03/04 01:23:30;138;89;26.7;21.8;2.603;1.783;1.196;2.280;0.106;0.451;139
B516D9;2015/03/04 01:23:39;139;80;32.5;21.5;2.761;1.783;1.187;2.280;0.106;0.454;140
B516D9;2015/03/04 01:23:50;140;88;23.8;21.8;2.600;1.777;1.187;2.280;0.103;0.458;141
B516D9;2015/03/04 01:23:59;141;94;32.2;22.0;2.816;1.777;1.241;2.280;0.103;0.464;142
B516D9;2015/03/04 01:24:10;142;89;23.8;22.4;2.787;1.809;1.241;2.280;0.103;0.441;143
B516D9;2015/03/04 01:24:19;143;86;29.3;21.8;2.793;1.809;1.183;2.280;0.103;0.474;144
B516D9;2015/03/04 01:24:30;144;93;24.1;22.0;2.583;1.777;1.183;2.280;0.099;0.474;145
B516D9;2015/03/04 01:24:39;145;84;26.7;21.8;2.754;1.777;1.180;2.280;0.099;0.451;146
B516D9;2015/03/04 01:24:50;146;88;23.8;22.4;2.780;1.800;1.180;2.245;0.099;0.451;147
B516D9;2015/03/04 01:24:59;147;88;31.9;22.4;2.819;1.800;1.245;2.245;0.099;0.477;148
B516D9;2015/03/04 01:25:10;148;92;25.1;22.4;2.590;1.793;1.245;2.245;0.103;0.474;149
B516D9;2015/03/04 01:25:19;149;90;28.7;22.4;2.567;1.793;1.180;2.245;0.103;0.435;150
B516D9;2015/03/04 01:25:30;150;97;26.1;22.4;2.587;1.812;1.180;2.296;0.103;0.445;151
B516D9;2015/03/04 01:25:39;151;88;29.0;22.5;2.596;1.812;1.190;2.296;0.103;0.435;152
B516D9;2015/03/04 01:25:50;152;86;26.4;22.4;2.600;1.770;1.190;2.296;0.138;0.438;153
B516D9;2015/03/04 01:25:59;153;80;28.0;22.0;2.825;1.770;1.229;2.296;0.138;0.438;154
B516D9;2015/03/04 01:26:10;154;91;24.8;21.8;2.574;1.790;1.229;2.245;0.138;0.445;155
B516D9;2015/03/04 01:26:19;155;94;26.1;22.2;2.670;1.790;1.206;2.245;0.138;0.458;156
B516D9;2015/03/04 01:26:30;156;88;24.5;21.7;2.793;1.793;1.206;2.245;0.096;0.445;157
B516D9;2015/03/04 01:26:39;157;84;28.3;21.5;2.761;1.793;1.216;2.245;0.096;0.445;158
B516D9;2015/03/04 01:26:50;158;96;26.7;21.8;2.696;1.812;1.216;2.264;0.096;0.445;159
B516D9;2015/03/04 01:26:59;159;93;28.0;22.0;2.825;1.812;1.180;2.264;0.096;0.448;160
B516D9;2015/03/04 01:27:10;160;95;29.3;22.2;2.661;1.770;1.180;2.264;0.093;0.467;161
B516D9;2015/03/04 01:27:19;161;91;29.0;22.4;2.603;1.770;1.193;2.264;0.093;0.464;162
B516D9;2015/03/04 01:27:30;162;86;29.3;21.8;2.819;1.770;1.193;2.270;0.093;0.451;163
B516D9;2015/03/04 01:27:39;163;96;26.1;21.7;2.622;1.770;1.180;2.270;0.093;0.438;164
B516D9;2015/03/04 01:27:50;164;88;28.7;22.4;2.761;1.770;1.180;2.270;0.099;0.448;165
B516D9;2015/03/04 01:27:59;165;90;23.8;22.2;2.616;1.770;1.235;2.270;0.099;0.432;166
B516D9;2015/03/04 01:28:10;166;95;27.7;21.3;2.706;1.774;1.235;2.264;0.099;0.435;167
B516D9;2015/03/04 01:28:19;167;83;25.4;22.7;2.690;1.774;1.183;2.264;0.099;0.474;168
B516D9;2015/03/04 01:28:30;168;82;28.3;22.0;2.819;1.770;1.183;2.264;0.103;0.448;169
B516D9;2015/03/04 01:28:39;169;93;30.0;22.4;2.616;1.770;1.196;2.264;0.103;0.461;170
B516D9;2015/03/04 01:28:50;170;84;25.8;22.4;2.687;1.803;1.196;2.258;0.103;0.438;171
B516D9;2015/03/04 01:28:59;171;88;23.8;22.2;2.580;1.803;1.180;2.258;0.103;0.435;172
B516D9;2015/03/04 01:29:10;172;90;30.9;21.3;2.712;1.809;1.180;2.258;0.138;0.467;173
B516D9;2015/03/04 01:29:19;173;88;26.1;22.2;2.587;1.809;1.203;2.258;0.138;0.435;174
B516D9;2015/03/04 01:29:30;174;89;29.6;22.2;2.712;1.793;1.203;2.270;0.138;0.445;175
B516D9;2015/03/04 01:29:39;175;84;29.3;21.7;2.761;1.793;1.190;2.270;0.138;0.432;176
B516D9;2015/03/04 01:29:50;176;93;30.0;21.3;2.806;1.777;1.190;2.270;0.132;0.467;177
B516D9;2015/03/04 01:29:59;177;85;26.7;21.7;2.709;1.777;1.209;2.270;0.132;0.467;178
B516D9;2015/03/04 01:30:10;178;82;25.1;22.0;2.564;1.806;1.209;2.290;0.132;0.435;179
B516D9;2015/03/04 01:30:19;179;82;24.8;22.7;2.696;1.806;1.229;2.290;0.132;0.432;180
B516D9;2015/03/04 01:30:30;180;88;28.3;22.5;2.635;1.812;1.229;2.290;0.096;0.467;181
B516D9;2015/03/04 01:30:39;181;76;29.0;22.2;2.632;1.812;1.187;2.290;0.096;0.454;182
B516D9;2015/03/04 01:30:50;182;87;29.3;22.7;2.558;1.800;1.187;2.241;0.096;0.445;183
B516D9;2015/03/04 01:30:59;183;79;30.9;22.2;2.777;1.800;1.183;2.241;0.096;0.464;184
B516D9;2015/03/04 01:31:10;184;80;23.8;21.5;2.600;1.800;1.183;2.241;0.103;0.464;185
B516D9;2015/03/04 01:31:19;185;86;29.3;22.4;2.580;1.800;1.187;2.241;0.103;0.461;186
B516D9;2015/03/04 01:31:30;186;87;30.3;22.9;2.799;1.800;1.187;2.251;0.103;0.438;187
B516D9;2015/03/04 01:31:39;187;94;29.6;22.0;2.580;1.800;1.235;2.251;0.103;0.470;188
B516D9;2015/03/04 01:31:50;188;89;29.6;22.9;2.761;1.780;1.235;2.251;0.096;0.448;189
B516D9;2015/03/04 01:31:59;189;94;29.0;22.5;2.719;1.780;1.241;2.251;0.096;0.435;190
B516D9;2015/03/04 01:32:10;190;91;32.5;22.4;2.732;1.816;1.241;2.248;0.096;0.438;191
B516D9;2015/03/04 01:32:19;191;89;27.4;21.7;2.632;1.816;1.183;2.248;0.096;0.461;192
B516D9;2015/03/04 01:32:30;192;78;29.3;22.2;2.712;1.816;1.183;2.248;0.151;0.445;193
B516D9;2015/03/04 01:32:39;193;93;25.8;22.5;2.703;1.816;1.180;2.248;0.151;0.441;194
B516D9;2015/03/04 01:32:50;194;93;26.7;21.8;2.732;1.774;1.180;2.267;0.151;0.441;195
B516D9;2015/03/04 01:32:59;195;89;27.0;22.0;2.741;1.774;1.203;2.267;0.151;0.451;196
B516D9;2015/03/04 01:33:10;196;91;30.9;22.2;2.706;1.796;1.203;2.267;0.135;0.480;197
B516D9;2015/03/04 01:33:19;197;92;29.6;21.8;2.829;1.796;1.248;2.267;0.135;0.451;198
B516D9;2015/03/04 01:33:30;198;89;26.4;22.7;2.590;1.796;1.248;2.293;0.135;0.467;199
B516D9;2015/03/04 01:33:39;199;81;27.0;21.7;2.732;1.796;1.180;2.293;0.135;0.470;200
B516D9;2015/03/04 01:33:50;200;87;26.1;22.4;2.583;1.783;1.180;2.293;0.103;0.474;201
B516D9;2015/03/04 01:33:59;201;86;26.7;21.5;2.825;1.783;1.190;2.293;0.103;0.445;202
B516D9;2015/03/04 01:34:10;202;90;24.1;21.7;2.806;1.800;1.190;2.251;0.103;0.445;203
B516D9;2015/03/04 01:34:19;203;88;31.6;21.8;2.729;1.800;1.187;2.251;0.103;0.477;204
B516D9;2015/03/04 01:34:30;204;93;24.8;22.0;2.616;1.774;1.187;2.251;0.103;0.441;205
B516D9;2015/03/04 01:34:39;205;85;23.8;22.2;2.606;1.774;1.183;2.251;0.103;0.467;206
B516D9;2015/03/04 01:34:50;206;89;25.1;22.4;2.570;1.816;1.183;2.241;0.103;0.487;207
B516D9;2015/03/04 01:34:59;207;87;27.7;22.4;2.629;1.816;1.212;2.241;0.103;0.438;208
B516D9;2015/03/04 01:35:10;208;98;31.6;22.2;2.725;1.816;1.212;2.241;0.125;0.445;209
B516D9;2015/03/04 01:35:19;209;93;29.3;21.8;2.793;1.816;1.180;2.241;0.125;0.448;210
B516D9;2015/03/04 01:35:30;210;89;24.8;21.8;2.577;1.809;1.180;2.290;0.125;0.441;211
B516D9;2015/03/04 01:35:39;211;89;26.1;21.7;2.729;1.809;1.183;2.290;0.125;0.445;212
B516D9;2015/03/04 01:35:50;212;93;27.4;22.5;2.774;1.796;1.183;2.290;0.164;0.480;213
B516D9;2015/03/04 01:35:59;213;84;24.8;22.7;2.632;1.796;1.203;2.290;0.164;0.454;214
B516D9;2015/03/04 01:36:10;214;89;26.4;22.5;2.587;1.800;1.203;2.287;0.164;0.445;215
B516D9;2015/03/04 01:36:19;215;95;24.1;22.2;2.674;1.800;1.187;2.287;0.164;0.477;216
B516D9;2015/03/04 01:36:30;216;97;28.7;22.5;2.661;1.803;1.187;2.287;0.148;0.445;217
B516D9;2015/03/04 01:36:39;217;91;29.0;22.4;2.651;1.803;1.187;2.287;0.148;0.467;218
B516D9;2015/03/04 01:36:50;218;83;23.8;22.7;2.787;1.819;1.187;2.293;0.148;0.451;219
B516D9;2015/03/04 01:36:59;219;92;28.7;22.5;2.587;1.819;1.183;2.293;0.148;0.467;220
B516D9;2015/03/04 01:37:10;220;91;28.7;22.7;2.635;1.800;1.183;2.293;0.099;0.458;221
B516D9;2015/03/04 01:37:19;221;85;23.8;22.2;2.619;1.800;1.187;2.293;0.099;0.461;222
B516D9;2015/03/04 01:37:30;222;83;28.0;22.2;2.570;1.809;1.187;2.254;0.099;0.451;223
B516D9;2015/03/04 01:37:39;223;91;26.7;22.4;2.590;1.809;1.187;2.254;0.099;0.483;224
B516D9;2015/03/04 01:37:50;224;87;24.1;22.4;2.641;1.796;1.187;2.254;0.103;0.451;225
B516D9;2015/03/04 01:37:59;225;86;23.8;22.5;2.564;1.796;1.235;2.254;0.103;0.441;226
B516D9;2015/03/04 01:38:10;226;90;29.3;22.5;2.667;1.787;1.235;2.290;0.103;0.474;227
B516D9;2015/03/04 01:38:19;227;92;25.8;21.5;2.677;1.787;1.235;2.290;0.103;0.454;228
B516D9;2015/03/04 01:38:30;228;91;26.4;21.7;2.825;1.783;1.235;2.290;0.099;0.448;229
B516D9;2015/03/04 01:38:39;229;84;23.8;22.5;2.619;1.783;1.190;2.290;0.099;0.441;230
B516D9;2015/03/04 01:38:50;230;91;29.3;22.2;2.587;1.790;1.190;2.270;0.099;0.454;231
B516D9;2015/03/04 01:38:59;231;87;26.7;22.0;2.735;1.790;1.187;2.270;0.099;0.461;232
B516D9;2015/03/04 01:39:10;232;91;24.1;22.0;2.787;1.783;1.187;2.270;0.106;0.416;233
B516D9;2015/03/04 01:39:19;233;86;26.1;21.7;2.609;1.783;1.190;2.270;0.106;0.419;234
B516D9;2015/03/04 01:39:30;234;87;23.5;22.7;2.799;1.777;1.190;2.270;0.106;0.448;235
B516D9;2015/03/04 01:39:39;235;82;30.0;22.4;2.616;1.777;1.199;2.270;0.106;0.425;236
B516D9;2015/03/04 01:39:50;236;90;23.8;22.4;2.564;1.806;1.199;2.270;0.135;0.419;237
B516D9;2015/03/04 01:39:59;237;93;23.8;22.2;2.587;1.806;1.190;2.270;0.135;0.419;238
B516D9;2015/03/04 01:40:10;238;89;30.3;22.4;2.787;1.777;1.190;2.319;0.135;0.425;239
B516D9;2015/03/04 01:40:19;239;93;28.3;22.0;2.806;1.777;1.187;2.319;0.135;0.425;240
B516D9;2015/03/04 01:40:30;240;94;28.7;22.2;2.761;1.777;1.187;2.319;0.099;0.432;241
B516D9;2015/03/04 01:40:39;241;93;29.0;21.8;2.819;1.777;1.193;2.319;0.099;0.461;242
B516D9;2015/03/04 01:40:50;242;82;32.5;22.0;2.603;1.793;1.193;2.316;0.099;0.474;243
B516D9;2015/03/04 01:40:59;243;93;29.6;22.4;2.832;1.793;1.225;2.316;0.099;0.461;244
B516D9;2015/03/04 01:41:10;244;79;28.0;22.4;2.767;1.777;1.225;2.316;0.096;0.445;245
B516D9;2015/03/04 01:41:19;245;81;24.8;22.4;2.635;1.777;1.203;2.316;0.096;0.441;246
B516D9;2015/03/04 01:41:30;246;91;31.9;22.5;2.816;1.777;1.203;2.306;0.096;0.467;247
B516D9;2015/03/04 01:41:39;247;94;26.7;22.0;2.709;1.777;1.187;2.306;0.096;0.493;248
B516D9;2015/03/04 01:41:50;248;88;28.3;21.7;2.712;1.777;1.187;2.306;0.096;0.438;249
B516D9;2015/03/04 01:41:59;249;91;29.6;21.8;2.787;1.777;1.248;2.306;0.096;0.464;250
B516D9;2015/03/04 01:42:10;250;84;28.0;22.4;2.793;1.777;1.248;2.293;0.096;0.483;251
B516D9;2015/03/04 01:42:19;251;88;23.8;22.2;2.825;1.777;1.203;2.293;0.096;0.464;252
B516D9;2015/03/04 01:42:30;252;90;23.8;22.5;2.806;1.803;1.203;2.293;0.099;0.480;253
B516D9;2015/03/04 01:42:39;253;88;24.8;22.4;2.635;1.803;1.187;2.293;0.099;0.451;254
B516D9;2015/03/04 01:42:50;254;89;26.7;22.0;2.819;1.809;1.187;2.248;0.099;0.464;255
B516D9;2015/03/04 01:42:59;255;93;24.8;22.7;2.670;1.809;1.241;2.248;0.099;0.487;256
B516D9;2015/03/04 01:43:10;256;88;28.3;22.2;2.812;1.809;1.241;2.248;0.145;0.458;257
B516D9;2015/03/04 01:43:19;257;91;23.5;22.5;2.606;1.809;1.187;2.248;0.145;0.451;258
B516D9;2015/03/04 01:43:30;258;89;29.6;22.9;2.780;1.812;1.187;2.245;0.145;0.493;259
B516D9;2015/03/04 01:43:39;259;88;31.6;22.4;2.580;1.812;1.193;2.245;0.145;0.461;260
B516D9;2015/03/04 01:43:50;260;97;32.2;22.2;2.787;1.780;1.193;2.245;0.099;0.483;261
B516D9;2015/03/04 01:43:59;261;85;29.0;22.0;2.729;1.780;1.238;2.245;0.099;0.451;262
B516D9;2015/03/04 01:44:10;262;83;29.3;22.5;2.693;1.809;1.238;2.241;0.099;0.451;263
B516D9;2015/03/04 01:44:19;263;93;24.8;22.7;2.638;1.809;1.187;2.241;0.099;0.490;264
B516D9;2015/03/04 01:44:30;264;92;28.0;22.5;2.816;1.819;1.187;2.241;0.099;0.454;265
B516D9;2015/03/04 01:44:39;265;92;24.1;22.4;2.590;1.819;1.235;2.241;0.099;0.464;266
B516D9;2015/03/04 01:44:50;266;94;28.7;22.4;2.764;1.819;1.235;2.258;0.099;0.464;267
B516D9;2015/03/04 01:44:59;267;93;27.7;21.3;2.754;1.819;1.225;2.258;0.099;0.451;268
B516D9;2015/03/04 01:45:10;268;83;27.0;21.5;2.812;1.777;1.225;2.258;0.138;0.474;269
B516D9;2015/03/04 01:45:19;269;86;27.7;21.8;2.583;1.777;1.190;2.258;0.138;0.483;270
B516D9;2015/03/04 01:45:30;270;87;27.0;22.4;2.606;1.780;1.190;2.299;0.138;0.458;271
B516D9;2015/03/04 01:45:39;271;91;26.7;21.5;2.825;1.780;1.193;2.299;0.138;0.438;272
B516D9;2015/03/04 01:45:50;272;88;31.6;22.2;2.609;1.777;1.193;2.299;0.145;0.445;273
B516D9;2015/03/04 01:45:59;273;83;27.4;21.8;2.587;1.777;1.248;2.299;0.145;0.480;274
B516D9;2015/03/04 01:46:10;274;87;28.3;22.4;2.645;1.819;1.248;2.270;0.145;0.461;275
B516D9;2015/03/04 01:46:19;275;92;30.0;22.2;2.596;1.819;1.190;2.270;0.145;0.448;276
B516D9;2015/03/04 01:46:30;276;88;26.1;22.0;2.587;1.787;1.190;2.270;0.096;0.438;277
B516D9;2015/03/04 01:46:39;277;88;32.5;21.3;2.635;1.787;1.209;2.270;0.096;0.454;278
B516D9;2015/03/04 01:46:50;278;95;30.3;22.4;2.787;1.819;1.209;2.264;0.096;0.432;279
B516D9;2015/03/04 01:46:59;279;93;24.1;22.7;2.774;1.819;1.238;2.264;0.096;0.432;280
B516D9;2015/03/04 01:47:10;280;95;29.0;22.7;2.793;1.787;1.238;2.264;0.103;0.454;281
B516D9;2015/03/04 01:47:19;281;75;30.6;22.5;2.583;1.787;1.187;2.264;0.103;0.445;282
B516D9;2015/03/04 01:47:30;282;89;29.6;22.7;2.767;1.780;1.187;2.290;0.103;0.425;283
B516D9;2015/03/04 01:47:39;283;78;26.1;22.5;2.587;1.780;1.187;2.290;0.103;0.425;284
B516D9;2015/03/04 01:47:50;284;86;31.6;22.5;2.754;1.819;1.187;2.290;0.096;0.429;285
B516D9;2015/03/04 01:47:59;285;88;29.0;22.2;2.677;1.819;1.193;2.290;0.096;0.425;286
B516D9;2015/03/04 01:48:10;0;1;24.5;22.0;2.219;-1.000;-1.000;-1.000;-1.000;0.474;1
B516D9;2015/03/04 01:48:29;1;93;30.0;22.2;2.664;-1.000;-1.000;-1.000;-1.000;0.467;2
B516D9;2015/03/04 01:48:40;2;88;24.1;22.4;2.558;1.564;-1.000;2.403;-1.000;0.445;3
B516D9;2015/03/04 01:48:49;3;85;23.5;22.2;2.558;1.564;1.203;2.403;-1.000;0.435;4
B516D9;2015/03/04 01:49:00;4;78;24.1;22.5;2.609;1.654;1.203;2.403;0.187;0.425;5
B516D9;2015/03/04 01:49:09;5;83;29.6;22.4;2.574;1.654;1.222;2.403;0.187;0.461;6
B516D9;2015/03/04 01:49:20;6;94;26.1;22.5;2.580;1.699;1.222;2.219;0.187;0.461;7
B516D9;2015/03/04 01:49:29;7;88;30.3;22.0;2.819;1.699;1.248;2.219;0.187;0.432;8
B516D9;2015/03/04 01:49:40;8;78;27.0;22.4;2.738;1.719;1.248;2.219;0.125;0.409;9
B516D9;2015/03/04 01:49:49;9;94;23.5;22.7;2.561;1.719;1.196;2.219;0.125;0.422;10
B516D9;2015/03/04 01:50:00;10;91;25.4;22.4;2.580;1.780;1.196;2.261;0.125;0.435;11
B516D9;2015/03/04 01:50:09;11;81;28.3;22.5;2.590;1.780;1.196;2.261;0.125;0.432;12
B516D9;2015/03/04 01:50:20;12;87;23.8;22.5;2.574;1.754;1.196;2.261;0.161;0.435;13
B516D9;2015/03/04 01:50:29;13;94;26.1;22.5;2.583;1.754;1.203;2.261;0.161;0.441;14
B516D9;2015/03/04 01:50:40;14;91;24.1;22.2;2.561;1.754;1.203;2.280;0.161;0.416;15
B516D9;2015/03/04 01:50:49;15;88;27.7;21.8;2.774;1.754;1.209;2.280;0.161;0.425;16
B516D9;2015/03/04 01:51:00;16;90;23.5;22.4;2.564;1.783;1.209;2.280;0.116;0.438;17
B516D9;2015/03/04 01:51:09;17;86;26.7;22.2;2.819;1.783;1.193;2.280;0.116;0.429;18
B516D9;2015/03/04 01:51:20;18;88;23.5;22.7;2.812;1.764;1.193;2.258;0.116;0.419;19
B516D9;2015/03/04 01:51:29;19;91;23.5;22.5;2.596;1.764;1.245;2.258;0.116;0.412;20
B516D9;2015/03/04 01:51:40;20;86;28.7;22.2;2.725;1.767;1.245;2.258;0.129;0.435;21
B516D9;2015/03/04 01:51:49;21;83;28.7;22.0;2.570;1.767;1.258;2.258;0.129;0.438;22
B516D9;2015/03/04 01:52:00;22;88;23.8;22.2;2.574;1.812;1.258;2.303;0.129;0.448;23
B516D9;2015/03/04 01:52:09;23;86;23.8;22.7;2.716;1.812;1.254;2.303;0.129;0.435;24
B516D9;2015/03/04 01:52:20;24;95;26.4;22.0;2.580;1.777;1.254;2.303;0.112;0.416;25
B516D9;2015/03/04 01:52:29;25;88;23.5;22.2;2.570;1.777;1.251;2.303;0.112;0.425;26
B516D9;2015/03/04 01:52:40;26;89;28.0;22.7;2.761;1.793;1.251;2.261;0.112;0.474;27
B516D9;2015/03/04 01:52:49;27;86;29.3;22.5;2.590;1.793;1.190;2.261;0.112;0.425;28
B516D9;2015/03/04 01:53:00;28;85;29.3;22.0;2.687;1.812;1.190;2.261;0.116;0.435;29
B516D9;2015/03/04 01:53:09;29;92;28.7;21.3;2.654;1.812;1.193;2.261;0.116;0.448;30
B516D9;2015/03/04 01:53:20;30;95;27.7;21.7;2.816;1.816;1.193;2.258;0.116;0.425;31
B516D9;2015/03/04 01:53:29;31;84;31.6;21.8;2.832;1.816;1.203;2.258;0.116;0.448;32
B516D9;2015/03/04 01:53:40;32;87;26.7;22.0;2.819;1.816;1.203;2.258;0.129;0.461;33
B516D9;2015/03/04 01:53:49;33;83;26.1;21.5;2.829;1.816;1.209;2.258;0.129;0.429;34
B516D9;2015/03/04 01:54:00;34;83;23.5;21.8;2.780;1.806;1.209;2.319;0.129;0.425;35
B516D9;2015/03/04 01:54:09;35;83;26.7;21.5;2.741;1.806;1.209;2.319;0.129;0.454;36
B516D9;2015/03/04 01:54:20;36;96;29.6;22.2;2.799;1.816;1.209;2.319;0.132;0.429;37
B516D9;2015/03/04 01:54:29;37;93;24.1;22.4;2.654;1.816;1.203;2.319;0.132;0.454;38
B516D9;2015/03/04 01:54:40;38;82;28.3;22.2;2.667;1.774;1.203;2.312;0.132;0.435;39
B516D9;2015/03/04 01:54:49;39;88;30.3;22.2;2.567;1.774;1.258;2.312;0.132;0.467;40
B516D9;2015/03/04 01:55:00;40;85;29.6;22.4;2.558;1.777;1.258;2.312;0.109;0.445;41
B516D9;2015/03/04 01:55:09;41;96;30.6;22.4;2.590;1.777;1.245;2.312;0.109;0.432;42
B516D9;2015/03/04 01:55:20;42;88;25.4;22.4;2.661;1.777;1.245;2.306;0.109;0.454;43
B516D9;2015/03/04 01:55:29;43;82;28.3;21.3;2.677;1.777;1.232;2.306;0.109;0.467;44
B516D9;2015/03/04 01:55:40;44;94;24.5;22.0;2.561;1.819;1.232;2.306;0.112;0.445;45
B516D9;2015/03/04 01:55:49;45;84;27.4;21.7;2.748;1.819;1.216;2.306;0.112;0.448;46
B516D9;2015/03/04 01:56:00;46;81;28.0;22.0;2.570;1.777;1.216;2.258;0.112;0.458;47
B516D9;2015/03/04 01:56:09;47;92;23.5;22.2;2.735;1.777;1.251;2.258;0.112;0.454;48
B516D9;2015/03/04 01:56:20;48;93;28.0;22.2;2.741;1.816;1.251;2.258;0.103;0.470;49
B516D9;2015/03/04 01:56:29;49;84;28.7;22.5;2.616;1.816;1.193;2.258;0.103;0.435;50
B516D9;2015/03/04 01:56:40;50;87;27.4;22.0;2.816;1.819;1.193;2.258;0.103;0.438;51
B516D9;2015/03/04 01:56:49;51;79;27.7;21.5;2.777;1.819;1.190;2.258;0.103;0.474;52
B516D9;2015/03/04 01:57:00;52;95;32.5;22.4;2.625;1.819;1.190;2.258;0.154;0.438;53
B516D9;2015/03/04 01:57:09;53;84;26.1;22.7;2.812;1.819;1.193;2.258;0.154;0.461;54
B516D9;2015/03/04 01:57:20;54;88;28.7;22.2;2.580;1.812;1.193;2.287;0.154;0.461;55
B516D9;2015/03/04 01:57:29;55;84;23.8;22.5;2.732;1.812;1.193;2.287;0.154;0.474;56
B516D9;2015/03/04 01:57:40;56;97;24.1;21.5;2.606;1.796;1.193;2.287;0.138;0.445;57
B516D9;2015/03/04 01:57:49;57;81;31.9;22.2;2.816;1.796;1.193;2.287;0.138;0.454;58
B516D9;2015/03/04 01:58:00;58;81;28.3;22.4;2.661;1.825;1.193;2.277;0.138;0.458;59
B516D9;2015/03/04 01:58:09;59;87;24.5;22.2;2.790;1.825;1.196;2.277;0.138;0.454;60
B516D9;2015/03/04 01:58:20;60;89;26.1;21.8;2.787;1.790;1.196;2.277;0.103;0.474;61
B516D9;2015/03/04 01:58:29;61;84;26.1;21.5;2.709;1.790;1.232;2.277;0.103;0.477;62
B516D9;2015/03/04 01:58:40;62;76;27.0;22.2;2.812;1.780;1.232;2.274;0.103;0.467;63
B516D9;2015/03/04 01:58:49;63;91;29.6;21.8;2.825;1.780;1.241;2.274;0.103;0.467;64
B516D9;2015/03/04 01:59:00;64;88;23.8;21.1;2.577;1.819;1.241;2.274;0.106;0.451;65
B516D9;2015/03/04 01:59:09;65;94;29.0;22.2;2.577;1.819;1.193;2.274;0.106;0.474;66
B516D9;2015/03/04 01:59:20;66;87;27.7;21.5;2.819;1.822;1.193;2.312;0.106;0.477;67
B516D9;2015/03/04 01:59:29;67;86;26.7;21.7;2.622;1.822;1.241;2.312;0.106;0.454;68
B516D9;2015/03/04 01:59:40;68;91;28.3;22.5;2.793;1.800;1.241;2.312;0.170;0.448;69
B516D9;2015/03/04 01:59:49;69;90;28.3;21.7;2.654;1.800;1.193;2.312;0.170;0.445;70
B516D9;2015/03/04 02:00:00;70;95;28.3;22.5;2.635;1.822;1.193;2.270;0.170;0.480;71
B516D9;2015/03/04 02:00:09;71;83;24.8;22.2;2.583;1.822;1.203;2.270;0.170;0.448;72
B516D9;2015/03/04 02:00:20;72;86;28.3;22.4;2.667;1.822;1.203;2.270;0.106;0.474;73
B516D9;2015/03/04 02:00:29;73;93;26.1;22.2;2.587;1.822;1.190;2.270;0.106;0.451;74
B516D9;2015/03/04 02:00:40;74;91;30.6;21.8;2.687;1.822;1.190;2.267;0.106;0.458;75
B516D9;2015/03/04 02:00:49;75;79;27.4;21.8;2.583;1.822;1.248;2.267;0.106;0.480;76
