B516D9;2015/03/09 00:00:04;20461;86;32.2;24.1;2.616;1.554;1.025;1.470;0.054;0.490;20462
B516D9;2015/03/09 00:00:14;20462;94;32.2;24.1;2.845;1.561;1.025;1.429;0.054;0.490;20463
B516D9;2015/03/09 00:00:24;20463;93;30.3;24.1;2.809;1.561;0.996;1.429;0.054;0.490;20464
B516D9;2015/03/09 00:00:34;20464;96;32.5;24.1;2.819;1.593;0.996;1.429;0.145;0.503;20465
B516D9;2015/03/09 00:00:44;20465;84;26.1;24.4;2.622;1.593;1.006;1.429;0.145;0.512;20466
B516D9;2015/03/09 00:00:54;20466;93;26.7;24.3;2.590;1.548;1.006;1.432;0.145;0.516;20467
B516D9;2015/03/09 00:01:04;20467;92;29.6;23.7;2.787;1.548;1.022;1.432;0.145;0.506;20468
B516D9;2015/03/09 00:01:14;20468;97;26.4;23.6;2.677;1.567;1.022;1.432;0.054;0.487;20469
B516D9;2015/03/09 00:01:24;20469;83;30.9;23.9;2.799;1.567;1.048;1.432;0.054;0.496;20470
B516D9;2015/03/09 00:01:34;20470;84;26.1;23.9;2.803;1.583;1.048;1.425;0.054;0.506;20471
B516D9;2015/03/09 00:01:44;20471;83;28.7;24.6;2.609;1.583;0.990;1.425;0.054;0.519;20472
B516D9;2015/03/09 00:01:54;20472;91;29.0;23.9;2.825;1.587;0.990;1.425;0.054;0.493;20473
B516D9;2015/03/09 00:02:04;20473;78;31.2;24.1;2.600;1.587;1.041;1.425;0.054;0.490;20474
B516D9;2015/03/09 00:02:14;20474;88;30.6;24.4;2.616;1.583;1.041;1.435;0.054;0.493;20475
B516D9;2015/03/09 00:02:24;20475;94;26.7;24.6;2.687;1.583;0.990;1.435;0.054;0.506;20476
B516D9;2015/03/09 00:02:34;20476;87;30.3;24.8;2.625;1.545;0.990;1.435;0.067;0.493;20477
B516D9;2015/03/09 00:02:44;20477;95;25.4;24.6;2.629;1.545;0.990;1.435;0.067;0.490;20478
B516D9;2015/03/09 00:02:54;20478;88;32.9;24.6;2.687;1.548;0.990;1.441;0.067;0.532;20479
B516D9;2015/03/09 00:03:04;20479;88;29.6;23.9;2.661;1.548;0.993;1.441;0.067;0.490;20480
B516D9;2015/03/09 00:03:14;20480;89;31.9;23.9;2.712;1.548;0.993;1.441;0.054;0.512;20481
B516D9;2015/03/09 00:03:24;20481;86;26.7;24.3;2.696;1.548;1.041;1.441;0.054;0.519;20482
B516D9;2015/03/09 00:03:34;20482;84;25.8;23.7;2.612;1.577;1.041;1.409;0.054;0.490;20483
B516D9;2015/03/09 00:03:44;20483;84;31.6;24.4;2.845;1.577;1.029;1.409;0.054;0.490;20484
B516D9;2015/03/09 00:03:54;20484;80;32.2;24.6;2.806;1.551;1.029;1.409;0.045;0.487;20485
B516D9;2015/03/09 00:04:04;20485;87;30.6;24.1;2.838;1.551;1.029;1.409;0.045;0.500;20486
B516D9;2015/03/09 00:04:14;20486;85;29.0;24.6;2.712;1.580;1.029;1.419;0.045;0.506;20487
B516D9;2015/03/09 00:04:24;20487;80;30.3;24.6;2.641;1.580;1.041;1.419;0.045;0.522;20488
B516D9;2015/03/09 00:04:34;20488;81;29.3;24.4;2.648;1.590;1.041;1.419;0.093;0.519;20489
B516D9;2015/03/09 00:04:44;20489;93;26.1;24.4;2.600;1.590;0.993;1.419;0.093;0.490;20490
B516D9;2015/03/09 00:04:54;20490;89;30.3;24.3;2.809;1.580;0.993;1.464;0.093;0.490;20491
B516D9;2015/03/09 00:05:04;20491;88;30.9;24.3;2.590;1.580;1.041;1.464;0.093;0.500;20492
B516D9;2015/03/09 00:05:14;20492;95;29.6;25.3;2.838;1.590;1.041;1.464;0.077;0.496;20493
B516D9;2015/03/09 00:05:24;20493;90;26.4;24.4;2.600;1.590;1.022;1.464;0.077;0.483;20494
B516D9;2015/03/09 00:05:34;20494;89;29.3;24.1;2.622;1.593;1.022;1.412;0.077;0.480;20495
B516D9;2015/03/09 00:05:44;20495;90;30.9;24.1;2.777;1.593;0.993;1.412;0.077;0.506;20496
B516D9;2015/03/09 00:05:54;20496;88;26.7;23.7;2.583;1.583;0.993;1.412;0.045;0.483;20497
B516D9;2015/03/09 00:06:04;20497;83;31.6;24.6;2.629;1.583;0.993;1.412;0.045;0.487;20498
B516D9;2015/03/09 00:06:14;20498;93;26.7;23.9;2.832;1.558;0.993;1.445;0.045;0.506;20499
B516D9;2015/03/09 00:06:24;20499;88;31.6;24.3;2.600;1.558;1.012;1.445;0.045;0.500;20500
B516D9;2015/03/09 00:06:34;20500;88;33.5;23.9;2.600;1.548;1.012;1.445;0.106;0.487;20501
B516D9;2015/03/09 00:06:44;20501;94;30.9;23.9;2.822;1.548;0.990;1.445;0.106;0.493;20502
B516D9;2015/03/09 00:06:54;20502;87;27.7;24.1;2.687;1.561;0.990;1.419;0.106;0.496;20503
B516D9;2015/03/09 00:07:04;20503;94;26.7;24.3;2.664;1.561;1.032;1.419;0.106;0.532;20504
B516D9;2015/03/09 00:07:14;20504;84;26.1;23.7;2.832;1.548;1.032;1.419;0.045;0.490;20505
B516D9;2015/03/09 00:07:24;20505;85;26.7;24.3;2.664;1.548;0.993;1.419;0.045;0.525;20506
B516D9;2015/03/09 00:07:34;20506;89;27.0;24.1;2.638;1.551;0.993;1.383;0.045;0.503;20507
B516D9;2015/03/09 00:07:44;20507;93;28.7;24.1;2.748;1.551;1.041;1.383;0.045;0.541;20508
B516D9;2015/03/09 00:07:54;20508;94;29.3;24.4;2.622;1.577;1.041;1.383;0.045;0.503;20509
B516D9;2015/03/09 00:08:04;20509;84;31.6;23.7;2.851;1.577;0.990;1.383;0.045;0.483;20510
B516D9;2015/03/09 00:08:14;20510;78;32.9;24.4;2.596;1.548;0.990;1.399;0.045;0.525;20511
B516D9;2015/03/09 00:08:24;20511;95;30.3;24.3;2.590;1.548;1.009;1.399;0.045;0.500;20512
B516D9;2015/03/09 00:08:34;20512;88;29.6;24.6;2.770;1.554;1.009;1.399;0.067;0.490;20513
B516D9;2015/03/09 00:08:44;20513;86;31.9;24.3;2.609;1.554;0.993;1.399;0.067;0.522;20514
B516D9;2015/03/09 00:08:54;20514;88;30.3;23.7;2.835;1.551;0.993;1.387;0.067;0.490;20515
B516D9;2015/03/09 00:09:04;20515;88;30.9;24.1;2.600;1.551;1.009;1.387;0.067;0.483;20516
B516D9;2015/03/09 00:09:14;20516;89;28.3;24.3;2.603;1.583;1.009;1.387;0.045;0.480;20517
B516D9;2015/03/09 00:09:24;20517;93;26.1;24.8;2.654;1.583;1.041;1.387;0.045;0.535;20518
B516D9;2015/03/09 00:09:34;20518;85;34.1;24.6;2.735;1.551;1.041;1.399;0.045;0.483;20519
B516D9;2015/03/09 00:09:44;20519;86;26.1;24.6;2.745;1.551;1.019;1.399;0.045;0.522;20520
B516D9;2015/03/09 00:09:54;20520;89;27.0;24.4;2.835;1.551;1.019;1.399;0.116;0.516;20521
B516D9;2015/03/09 00:10:04;20521;86;30.9;24.1;2.809;1.551;1.003;1.399;0.116;0.477;20522
B516D9;2015/03/09 00:10:14;20522;90;27.7;24.1;2.600;1.577;1.003;1.432;0.116;0.467;20523
B516D9;2015/03/09 00:10:24;20523;92;30.9;24.1;2.848;1.577;0.993;1.432;0.116;0.487;20524
B516D9;2015/03/09 00:10:34;20524;97;26.4;23.4;2.635;1.580;0.993;1.432;0.038;0.500;20525
B516D9;2015/03/09 00:10:44;20525;92;27.0;25.0;2.799;1.580;1.022;1.432;0.038;0.490;20526
B516D9;2015/03/09 00:10:54;20526;95;29.3;24.6;2.622;1.593;1.022;1.403;0.038;0.470;20527
B516D9;2015/03/09 00:11:04;20527;96;30.3;24.6;2.606;1.593;1.012;1.403;0.038;0.458;20528
B516D9;2015/03/09 00:11:14;20528;83;26.1;24.3;2.593;1.558;1.012;1.403;0.093;0.470;20529
B516D9;2015/03/09 00:11:24;20529;86;30.9;23.4;2.799;1.558;1.054;1.403;0.093;0.474;20530
B516D9;2015/03/09 00:11:34;20530;97;31.2;24.8;2.745;1.558;1.054;1.396;0.093;0.487;20531
B516D9;2015/03/09 00:11:44;20531;85;27.0;24.1;2.709;1.558;1.000;1.396;0.093;0.467;20532
B516D9;2015/03/09 00:11:54;20532;83;30.0;24.4;2.835;1.574;1.000;1.396;0.109;0.458;20533
B516D9;2015/03/09 00:12:04;20533;88;29.6;23.7;2.841;1.574;0.996;1.396;0.109;0.477;20534
B516D9;2015/03/09 00:12:14;20534;90;29.0;24.4;2.596;1.561;0.996;1.390;0.109;0.493;20535
B516D9;2015/03/09 00:12:24;20535;90;28.0;24.1;2.841;1.561;1.051;1.390;0.109;0.493;20536
B516D9;2015/03/09 00:12:34;20536;93;30.3;24.1;2.835;1.583;1.051;1.390;0.054;0.480;20537
B516D9;2015/03/09 00:12:44;20537;88;30.9;24.3;2.825;1.583;1.058;1.390;0.054;0.458;20538
B516D9;2015/03/09 00:12:54;20538;95;28.7;24.8;2.835;1.564;1.058;1.412;0.054;0.480;20539
B516D9;2015/03/09 00:13:04;20539;84;26.4;24.3;2.641;1.564;1.003;1.412;0.054;0.474;20540
B516D9;2015/03/09 00:13:14;20540;80;30.0;24.3;2.593;1.558;1.003;1.412;0.051;0.500;20541
B516D9;2015/03/09 00:13:24;20541;83;33.5;23.4;2.787;1.558;1.016;1.412;0.051;0.493;20542
B516D9;2015/03/09 00:13:34;20542;93;31.9;24.3;2.667;1.567;1.016;1.393;0.051;0.464;20543
B516D9;2015/03/09 00:13:44;20543;78;33.8;23.6;2.780;1.567;1.058;1.393;0.051;0.461;20544
B516D9;2015/03/09 00:13:54;20544;93;32.2;24.6;2.819;1.606;1.058;1.393;0.048;0.483;20545
B516D9;2015/03/09 00:14:04;20545;94;26.1;24.1;2.696;1.606;1.003;1.393;0.048;0.487;20546
B516D9;2015/03/09 00:14:14;20546;95;28.7;23.6;2.603;1.596;1.003;1.396;0.048;0.474;20547
B516D9;2015/03/09 00:14:24;20547;84;27.0;24.1;2.774;1.596;1.006;1.396;0.048;0.493;20548
B516D9;2015/03/09 00:14:34;20548;93;27.7;23.9;2.609;1.558;1.006;1.396;0.051;0.477;20549
B516D9;2015/03/09 00:14:44;20549;82;28.3;23.6;2.832;1.558;1.003;1.396;0.051;0.493;20550
B516D9;2015/03/09 00:14:54;20550;89;31.6;24.3;2.725;1.558;1.003;1.396;0.051;0.506;20551
B516D9;2015/03/09 00:15:04;20551;90;27.4;24.6;2.670;1.558;1.058;1.396;0.051;0.487;20552
B516D9;2015/03/09 00:15:14;20552;97;29.3;24.1;2.735;1.596;1.058;1.396;0.054;0.477;20553
B516D9;2015/03/09 00:15:24;20553;77;34.1;23.6;2.848;1.596;1.006;1.396;0.054;0.477;20554
B516D9;2015/03/09 00:15:34;20554;88;30.6;24.1;2.641;1.583;1.006;1.399;0.054;0.506;20555
B516D9;2015/03/09 00:15:44;20555;89;30.3;23.9;2.838;1.583;1.006;1.399;0.054;0.470;20556
B516D9;2015/03/09 00:15:54;20556;88;27.0;23.6;2.593;1.567;1.006;1.399;0.045;0.467;20557
B516D9;2015/03/09 00:16:04;20557;86;31.6;23.7;2.845;1.567;1.025;1.399;0.045;0.496;20558
B516D9;2015/03/09 00:16:14;20558;94;30.3;24.3;2.799;1.561;1.025;1.451;0.045;0.464;20559
B516D9;2015/03/09 00:16:24;20559;93;28.0;24.1;2.825;1.561;1.003;1.451;0.045;0.464;20560
B516D9;2015/03/09 00:16:34;20560;88;31.9;24.3;2.709;1.574;1.003;1.451;0.041;0.500;20561
B516D9;2015/03/09 00:16:44;20561;82;32.5;23.9;2.683;1.574;1.006;1.451;0.041;0.487;20562
B516D9;2015/03/09 00:16:54;20562;92;30.9;23.9;2.725;1.570;1.006;1.416;0.041;0.487;20563
B516D9;2015/03/09 00:17:04;20563;88;26.7;24.1;2.761;1.570;1.006;1.416;0.041;0.467;20564
B516D9;2015/03/09 00:17:14;20564;92;33.2;24.1;2.616;1.570;1.006;1.416;0.048;0.470;20565
B516D9;2015/03/09 00:17:24;20565;81;26.4;23.9;2.803;1.570;1.058;1.416;0.048;0.487;20566
B516D9;2015/03/09 00:17:34;20566;86;29.6;23.6;2.845;1.564;1.058;1.403;0.048;0.483;20567
B516D9;2015/03/09 00:17:44;20567;93;27.4;24.3;2.616;1.564;1.041;1.403;0.048;0.483;20568
B516D9;2015/03/09 00:17:54;20568;86;27.4;23.6;2.845;1.609;1.041;1.403;0.038;0.480;20569
B516D9;2015/03/09 00:18:04;20569;92;30.6;23.9;2.841;1.609;1.067;1.403;0.038;0.483;20570
B516D9;2015/03/09 00:18:14;20570;87;26.4;23.6;2.612;1.570;1.067;1.419;0.038;0.487;20571
B516D9;2015/03/09 00:18:24;20571;92;27.0;24.8;2.612;1.570;1.009;1.419;0.038;0.487;20572
B516D9;2015/03/09 00:18:34;20572;87;31.2;23.9;2.661;1.577;1.009;1.419;0.106;0.496;20573
B516D9;2015/03/09 00:18:44;20573;84;26.4;24.1;2.619;1.577;1.009;1.419;0.106;0.503;20574
B516D9;2015/03/09 00:18:54;20574;89;33.8;24.3;2.641;1.564;1.009;1.461;0.106;0.487;20575
B516D9;2015/03/09 00:19:04;20575;88;33.5;23.4;2.738;1.564;1.061;1.461;0.106;0.490;20576
B516D9;2015/03/09 00:19:14;20576;93;30.6;23.9;2.612;1.606;1.061;1.461;0.041;0.519;20577
B516D9;2015/03/09 00:19:24;20577;87;26.4;24.3;2.635;1.606;1.006;1.461;0.041;0.483;20578
B516D9;2015/03/09 00:19:34;20578;81;26.4;23.4;2.832;1.587;1.006;1.412;0.041;0.519;20579
B516D9;2015/03/09 00:19:44;20579;83;28.0;23.6;2.799;1.587;1.045;1.412;0.041;0.483;20580
B516D9;2015/03/09 00:19:54;20580;94;27.4;24.1;2.606;1.587;1.045;1.412;0.054;0.480;20581
B516D9;2015/03/09 00:20:04;20581;93;29.3;23.9;2.635;1.587;1.012;1.412;0.054;0.516;20582
B516D9;2015/03/09 00:20:14;20582;93;26.4;23.7;2.825;1.574;1.012;1.409;0.054;0.477;20583
B516D9;2015/03/09 00:20:24;20583;85;31.6;23.7;2.851;1.574;1.035;1.409;0.054;0.522;20584
B516D9;2015/03/09 00:20:34;20584;91;30.6;24.4;2.603;1.603;1.035;1.409;0.077;0.506;20585
B516D9;2015/03/09 00:20:44;20585;76;29.6;23.4;2.851;1.603;1.022;1.409;0.077;0.509;20586
B516D9;2015/03/09 00:20:54;20586;94;32.9;23.9;2.603;1.577;1.022;1.441;0.077;0.470;20587
B516D9;2015/03/09 00:21:04;20587;91;26.4;24.1;2.667;1.577;1.012;1.441;0.077;0.506;20588
B516D9;2015/03/09 00:21:14;20588;83;31.9;24.6;2.651;1.606;1.012;1.441;0.048;0.500;20589
B516D9;2015/03/09 00:21:24;20589;87;31.9;24.3;2.790;1.606;1.061;1.441;0.048;0.470;20590
B516D9;2015/03/09 00:21:34;20590;87;32.2;24.6;2.787;1.587;1.061;1.445;0.048;0.474;20591
B516D9;2015/03/09 00:21:44;20591;88;29.3;23.7;2.748;1.587;1.016;1.445;0.048;0.464;20592
B516D9;2015/03/09 00:21:54;20592;87;26.7;24.1;2.596;1.599;1.016;1.445;0.112;0.487;20593
B516D9;2015/03/09 00:22:04;20593;88;26.7;23.9;2.693;1.599;1.016;1.445;0.112;0.464;20594
B516D9;2015/03/09 00:22:14;20594;97;31.2;24.6;2.667;1.574;1.016;1.448;0.112;0.467;20595
B516D9;2015/03/09 00:22:24;20595;82;29.3;23.6;2.738;1.574;1.016;1.448;0.112;0.480;20596
B516D9;2015/03/09 00:22:34;20596;93;33.8;24.6;2.667;1.596;1.016;1.448;0.054;0.483;20597
B516D9;2015/03/09 00:22:44;20597;93;28.3;24.1;2.703;1.596;1.041;1.448;0.054;0.529;20598
B516D9;2015/03/09 00:22:54;20598;98;33.5;23.9;2.635;1.574;1.041;1.403;0.054;0.483;20599
B516D9;2015/03/09 00:23:04;20599;82;26.7;24.3;2.619;1.574;1.029;1.403;0.054;0.480;20600
B516D9;2015/03/09 00:23:14;20600;94;28.3;23.9;2.764;1.616;1.029;1.403;0.061;0.519;20601
B516D9;2015/03/09 00:23:24;20601;95;32.9;23.7;2.761;1.616;1.074;1.403;0.061;0.522;20602
B516D9;2015/03/09 00:23:34;20602;83;31.6;24.3;2.774;1.577;1.074;1.461;0.061;0.522;20603
B516D9;2015/03/09 00:23:44;20603;87;27.4;24.1;2.674;1.577;1.041;1.461;0.061;0.490;20604
B516D9;2015/03/09 00:23:54;20604;77;28.0;23.9;2.661;1.587;1.041;1.461;0.083;0.529;20605
B516D9;2015/03/09 00:24:04;20605;84;27.4;23.6;2.819;1.587;1.029;1.461;0.083;0.496;20606
B516D9;2015/03/09 00:24:14;20606;92;30.9;24.1;2.645;1.599;1.029;1.448;0.083;0.490;20607
B516D9;2015/03/09 00:24:24;20607;84;28.0;24.4;2.616;1.599;1.080;1.448;0.083;0.512;20608
B516D9;2015/03/09 00:24:34;20608;84;31.6;23.7;2.835;1.590;1.080;1.448;0.045;0.496;20609
B516D9;2015/03/09 00:24:44;20609;79;27.4;24.3;2.774;1.590;1.022;1.448;0.045;0.490;20610
B516D9;2015/03/09 00:24:54;20610;83;32.9;24.1;2.667;1.593;1.022;1.409;0.045;0.512;20611
B516D9;2015/03/09 00:25:04;20611;91;33.2;24.4;2.735;1.593;1.041;1.409;0.045;0.503;20612
B516D9;2015/03/09 00:25:14;20612;82;32.9;24.8;2.667;1.606;1.041;1.409;0.054;0.519;20613
B516D9;2015/03/09 00:25:24;20613;78;26.1;24.8;2.799;1.606;1.019;1.409;0.054;0.493;20614
B516D9;2015/03/09 00:25:34;20614;91;27.4;24.3;2.590;1.619;1.019;1.458;0.054;0.519;20615
B516D9;2015/03/09 00:25:44;20615;92;29.6;24.1;2.854;1.619;1.083;1.458;0.054;0.500;20616
B516D9;2015/03/09 00:25:54;20616;88;26.1;23.9;2.793;1.580;1.083;1.458;0.141;0.496;20617
B516D9;2015/03/09 00:26:04;20617;96;30.9;24.4;2.848;1.580;1.080;1.458;0.141;0.500;20618
B516D9;2015/03/09 00:26:14;20618;88;27.4;24.4;2.838;1.593;1.080;1.403;0.141;0.493;20619
B516D9;2015/03/09 00:26:24;20619;88;33.5;23.9;2.748;1.593;1.038;1.403;0.141;0.496;20620
B516D9;2015/03/09 00:26:34;20620;83;29.6;24.8;2.603;1.593;1.038;1.403;0.054;0.496;20621
B516D9;2015/03/09 00:26:44;20621;86;26.1;24.6;2.616;1.593;1.029;1.403;0.054;0.522;20622
B516D9;2015/03/09 00:26:54;20622;90;28.0;24.4;2.680;1.625;1.029;1.432;0.054;0.496;20623
B516D9;2015/03/09 00:27:04;20623;91;31.6;24.4;2.603;1.625;1.080;1.432;0.054;0.496;20624
B516D9;2015/03/09 00:27:14;20624;85;26.4;23.6;2.809;1.596;1.080;1.432;0.054;0.509;20625
B516D9;2015/03/09 00:27:24;20625;93;30.0;24.3;2.648;1.596;1.022;1.432;0.054;0.535;20626
B516D9;2015/03/09 00:27:34;20626;88;29.3;24.3;2.593;1.612;1.022;1.438;0.054;0.525;20627
B516D9;2015/03/09 00:27:44;20627;88;26.4;24.4;2.606;1.612;1.070;1.438;0.054;0.548;20628
B516D9;2015/03/09 00:27:54;20628;92;26.7;24.3;2.596;1.583;1.070;1.438;0.048;0.493;20629
B516D9;2015/03/09 00:28:04;20629;84;31.6;24.1;2.851;1.583;1.061;1.438;0.048;0.512;20630
B516D9;2015/03/09 00:28:14;20630;84;30.6;24.8;2.709;1.625;1.061;1.409;0.048;0.512;20631
B516D9;2015/03/09 00:28:24;20631;87;30.9;23.6;2.793;1.625;1.048;1.409;0.048;0.535;20632
B516D9;2015/03/09 00:28:34;20632;91;29.3;24.4;2.603;1.583;1.048;1.409;0.061;0.525;20633
B516D9;2015/03/09 00:28:44;20633;80;31.6;24.3;2.764;1.583;1.029;1.409;0.061;0.525;20634
B516D9;2015/03/09 00:28:54;20634;90;26.4;24.1;2.593;1.619;1.029;1.458;0.061;0.525;20635
B516D9;2015/03/09 00:29:04;20635;89;28.0;24.4;2.612;1.619;1.051;1.458;0.061;0.496;20636
B516D9;2015/03/09 00:29:14;20636;88;31.6;24.1;2.583;1.609;1.051;1.458;0.054;0.500;20637
B516D9;2015/03/09 00:29:24;20637;85;30.9;23.7;2.809;1.609;1.032;1.458;0.054;0.535;20638
B516D9;2015/03/09 00:29:34;20638;88;26.1;24.1;2.809;1.616;1.032;1.412;0.054;0.503;20639
B516D9;2015/03/09 00:29:44;20639;85;26.4;24.6;2.645;1.616;1.080;1.412;0.054;0.496;20640
B516D9;2015/03/09 00:29:54;20640;97;32.5;24.6;2.712;1.629;1.080;1.412;0.112;0.529;20641
B516D9;2015/03/09 00:30:04;20641;88;30.0;24.4;2.774;1.629;1.083;1.412;0.112;0.535;20642
B516D9;2015/03/09 00:30:14;20642;78;28.3;24.4;2.612;1.603;1.083;1.409;0.112;0.545;20643
B516D9;2015/03/09 00:30:24;20643;87;28.0;25.0;2.767;1.603;1.048;1.409;0.112;0.490;20644
B516D9;2015/03/09 00:30:34;20644;86;28.7;24.3;2.832;1.629;1.048;1.409;0.080;0.525;20645
B516D9;2015/03/09 00:30:44;20645;87;29.6;23.9;2.658;1.629;1.032;1.409;0.080;0.525;20646
B516D9;2015/03/09 00:30:54;20646;81;31.9;24.6;2.661;1.590;1.032;1.416;0.080;0.506;20647
B516D9;2015/03/09 00:31:04;20647;90;30.0;25.0;2.648;1.590;1.032;1.416;0.080;0.496;20648
B516D9;2015/03/09 00:31:14;20648;96;28.0;24.6;2.603;1.599;1.032;1.416;0.054;0.525;20649
B516D9;2015/03/09 00:31:24;20649;90;31.6;24.4;2.780;1.599;1.054;1.416;0.054;0.506;20650
B516D9;2015/03/09 00:31:34;20650;88;27.7;24.1;2.596;1.593;1.054;1.416;0.054;0.500;20651
B516D9;2015/03/09 00:31:44;20651;80;28.0;24.1;2.799;1.593;1.090;1.416;0.054;0.493;20652
B516D9;2015/03/09 00:31:54;20652;92;30.9;24.6;2.793;1.619;1.090;1.416;0.048;0.487;20653
B516D9;2015/03/09 00:32:04;20653;90;32.5;25.1;2.709;1.619;1.045;1.416;0.048;0.490;20654
B516D9;2015/03/09 00:32:14;20654;86;30.9;24.6;2.787;1.632;1.045;1.419;0.048;0.519;20655
B516D9;2015/03/09 00:32:24;20655;88;31.6;24.3;2.590;1.632;1.048;1.419;0.048;0.496;20656
B516D9;2015/03/09 00:32:34;20656;88;32.5;24.3;2.612;1.593;1.048;1.419;0.054;0.490;20657
B516D9;2015/03/09 00:32:44;20657;84;26.1;24.4;2.603;1.593;1.093;1.419;0.054;0.496;20658
B516D9;2015/03/09 00:32:54;20658;93;30.6;24.6;2.641;1.593;1.093;1.412;0.054;0.490;20659
B516D9;2015/03/09 00:33:04;20659;90;28.0;23.7;2.809;1.593;1.035;1.412;0.054;0.532;20660
B516D9;2015/03/09 00:33:14;20660;94;32.5;24.8;2.845;1.629;1.035;1.412;0.061;0.490;20661
B516D9;2015/03/09 00:33:24;20661;92;28.0;24.1;2.799;1.629;1.083;1.412;0.061;0.516;20662
B516D9;2015/03/09 00:33:34;20662;80;29.0;25.1;2.616;1.619;1.083;1.425;0.061;0.525;20663
B516D9;2015/03/09 00:33:44;20663;78;26.1;24.6;2.616;1.619;1.067;1.425;0.061;0.506;20664
B516D9;2015/03/09 00:33:54;20664;87;31.6;24.8;2.725;1.603;1.067;1.425;0.096;0.512;20665
B516D9;2015/03/09 00:34:04;20665;89;32.5;24.6;2.609;1.603;1.038;1.425;0.096;0.487;20666
B516D9;2015/03/09 00:34:14;20666;76;28.7;24.3;2.658;1.619;1.038;1.435;0.096;0.503;20667
B516D9;2015/03/09 00:34:24;20667;88;33.5;23.7;2.799;1.619;1.038;1.435;0.096;0.490;20668
B516D9;2015/03/09 00:34:34;20668;92;29.3;24.6;2.645;1.619;1.038;1.435;0.054;0.496;20669
B516D9;2015/03/09 00:34:44;20669;96;29.3;24.1;2.748;1.619;1.096;1.435;0.054;0.525;20670
B516D9;2015/03/09 00:34:54;20670;97;31.6;25.3;2.841;1.629;1.096;1.409;0.054;0.503;20671
B516D9;2015/03/09 00:35:04;20671;88;31.6;24.8;2.748;1.629;1.070;1.409;0.054;0.483;20672
B516D9;2015/03/09 00:35:14;20672;78;27.4;24.1;2.603;1.606;1.070;1.409;0.109;0.529;20673
B516D9;2015/03/09 00:35:24;20673;88;29.3;23.9;2.632;1.606;1.038;1.409;0.109;0.522;20674
B516D9;2015/03/09 00:35:34;20674;95;26.4;24.1;2.841;1.606;1.038;1.458;0.109;0.480;20675
B516D9;2015/03/09 00:35:44;20675;76;30.9;24.4;2.845;1.606;1.051;1.458;0.109;0.477;20676
B516D9;2015/03/09 00:35:54;20676;92;28.0;25.0;2.793;1.599;1.051;1.458;0.106;0.483;20677
B516D9;2015/03/09 00:36:04;20677;90;28.0;23.9;2.680;1.599;1.045;1.458;0.106;0.509;20678
B516D9;2015/03/09 00:36:14;20678;88;26.7;24.3;2.683;1.641;1.045;1.432;0.106;0.506;20679
B516D9;2015/03/09 00:36:24;20679;88;26.7;24.6;2.648;1.641;1.041;1.432;0.106;0.470;20680
B516D9;2015/03/09 00:36:34;20680;95;34.1;24.6;2.632;1.603;1.041;1.432;0.116;0.506;20681
B516D9;2015/03/09 00:36:44;20681;90;30.0;24.6;2.729;1.603;1.061;1.432;0.116;0.470;20682
B516D9;2015/03/09 00:36:54;20682;95;27.4;24.4;2.838;1.603;1.061;1.445;0.116;0.467;20683
B516D9;2015/03/09 00:37:04;20683;85;28.7;24.6;2.641;1.603;1.045;1.445;0.116;0.467;20684
B516D9;2015/03/09 00:37:14;20684;88;30.9;24.6;2.845;1.603;1.045;1.445;0.048;0.464;20685
B516D9;2015/03/09 00:37:24;20685;90;27.0;24.6;2.641;1.603;1.045;1.445;0.048;0.496;20686
B516D9;2015/03/09 00:37:34;20686;87;26.7;24.4;2.812;1.638;1.045;1.496;0.048;0.470;20687
B516D9;2015/03/09 00:37:44;20687;94;30.3;24.3;2.793;1.638;1.099;1.496;0.048;0.483;20688
B516D9;2015/03/09 00:37:54;20688;88;30.0;24.8;2.590;1.635;1.099;1.496;0.054;0.490;20689
B516D9;2015/03/09 00:38:04;20689;93;27.4;24.6;2.667;1.635;1.054;1.496;0.054;0.493;20690
B516D9;2015/03/09 00:38:14;20690;83;32.2;24.6;2.770;1.635;1.054;1.493;0.054;0.509;20691
B516D9;2015/03/09 00:38:24;20691;93;31.6;24.6;2.616;1.635;1.045;1.493;0.054;0.519;20692
B516D9;2015/03/09 00:38:34;20692;91;26.4;23.9;2.819;1.635;1.045;1.493;0.054;0.493;20693
B516D9;2015/03/09 00:38:44;20693;81;26.7;24.8;2.616;1.635;1.061;1.493;0.054;0.500;20694
B516D9;2015/03/09 00:38:54;20694;88;30.9;24.1;2.825;1.603;1.061;1.454;0.054;0.487;20695
B516D9;2015/03/09 00:39:04;20695;83;28.0;23.7;2.799;1.603;1.045;1.454;0.054;0.467;20696
B516D9;2015/03/09 00:39:14;20696;80;31.9;24.6;2.696;1.619;1.045;1.454;0.054;0.493;20697
B516D9;2015/03/09 00:39:24;20697;92;27.0;24.6;2.667;1.619;1.064;1.454;0.054;0.490;20698
B516D9;2015/03/09 00:39:34;20698;88;31.9;25.0;2.699;1.603;1.064;1.454;0.054;0.493;20699
B516D9;2015/03/09 00:39:44;20699;87;32.9;24.1;2.603;1.603;1.106;1.454;0.054;0.464;20700
B516D9;2015/03/09 00:39:54;20700;87;30.9;24.6;2.825;1.622;1.106;1.454;0.067;0.474;20701
B516D9;2015/03/09 00:40:04;20701;85;28.0;24.1;2.809;1.622;1.109;1.454;0.067;0.493;20702
B516D9;2015/03/09 00:40:14;20702;86;28.0;24.4;2.658;1.629;1.109;1.470;0.067;0.493;20703
B516D9;2015/03/09 00:40:24;20703;93;26.4;24.6;2.703;1.629;1.064;1.470;0.067;0.474;20704
B516D9;2015/03/09 00:40:34;20704;78;30.0;24.3;2.593;1.606;1.064;1.470;0.054;0.500;20705
B516D9;2015/03/09 00:40:44;20705;95;31.9;23.7;2.832;1.606;1.045;1.470;0.054;0.464;20706
B516D9;2015/03/09 00:40:54;20706;88;32.9;24.4;2.590;1.619;1.045;1.500;0.054;0.506;20707
B516D9;2015/03/09 00:41:04;20707;75;26.4;24.3;2.725;1.619;1.048;1.500;0.054;0.470;20708
B516D9;2015/03/09 00:41:14;20708;81;28.7;24.4;2.835;1.612;1.048;1.500;0.112;0.483;20709
B516D9;2015/03/09 00:41:24;20709;90;26.4;24.3;2.616;1.612;1.048;1.500;0.112;0.477;20710
B516D9;2015/03/09 00:41:34;20710;94;30.9;24.3;2.712;1.612;1.048;1.448;0.112;0.480;20711
B516D9;2015/03/09 00:41:44;20711;81;28.0;23.9;2.687;1.612;1.109;1.448;0.112;0.483;20712
B516D9;2015/03/09 00:41:54;20712;90;30.6;24.6;2.761;1.651;1.109;1.448;0.170;0.483;20713
B516D9;2015/03/09 00:42:04;20713;78;28.3;24.3;2.732;1.651;1.051;1.448;0.170;0.483;20714
B516D9;2015/03/09 00:42:14;20714;78;29.3;24.4;2.816;1.629;1.051;1.438;0.170;0.487;20715
B516D9;2015/03/09 00:42:24;20715;92;26.4;24.4;2.616;1.629;1.099;1.438;0.170;0.490;20716
B516D9;2015/03/09 00:42:34;20716;83;31.9;24.8;2.612;1.645;1.099;1.438;0.064;0.512;20717
B516D9;2015/03/09 00:42:44;20717;81;32.9;24.8;2.712;1.645;1.064;1.438;0.064;0.525;20718
B516D9;2015/03/09 00:42:54;20718;87;30.6;24.8;2.635;1.609;1.064;1.483;0.064;0.493;20719
B516D9;2015/03/09 00:43:04;20719;80;30.9;24.3;2.799;1.609;1.048;1.483;0.064;0.532;20720
B516D9;2015/03/09 00:43:14;20720;95;27.7;24.1;2.600;1.619;1.048;1.483;0.116;0.525;20721
B516D9;2015/03/09 00:43:24;20721;82;32.5;23.9;2.738;1.619;1.048;1.483;0.116;0.519;20722
B516D9;2015/03/09 00:43:34;20722;89;30.3;23.9;2.835;1.654;1.048;1.496;0.116;0.516;20723
B516D9;2015/03/09 00:43:44;20723;90;29.3;24.1;2.841;1.654;1.051;1.496;0.116;0.519;20724
B516D9;2015/03/09 00:43:54;20724;97;26.4;23.9;2.799;1.651;1.051;1.496;0.067;0.496;20725
B516D9;2015/03/09 00:44:04;20725;83;33.8;24.1;2.748;1.651;1.096;1.496;0.067;0.509;20726
B516D9;2015/03/09 00:44:14;20726;97;32.5;24.6;2.812;1.641;1.096;1.458;0.067;0.512;20727
B516D9;2015/03/09 00:44:24;20727;92;27.0;24.3;2.693;1.641;1.109;1.458;0.067;0.519;20728
B516D9;2015/03/09 00:44:34;20728;83;32.5;24.4;2.838;1.654;1.109;1.458;0.048;0.490;20729
B516D9;2015/03/09 00:44:44;20729;93;32.9;24.4;2.729;1.654;1.064;1.458;0.048;0.487;20730
B516D9;2015/03/09 00:44:54;20730;92;28.7;24.4;2.809;1.609;1.064;1.493;0.048;0.503;20731
B516D9;2015/03/09 00:45:04;20731;95;29.3;23.9;2.635;1.609;1.064;1.493;0.048;0.525;20732
B516D9;2015/03/09 00:45:14;20732;84;27.0;24.1;2.596;1.629;1.064;1.493;0.093;0.532;20733
B516D9;2015/03/09 00:45:24;20733;88;29.6;23.9;2.754;1.629;1.061;1.493;0.093;0.535;20734
B516D9;2015/03/09 00:45:34;20734;84;30.0;23.9;2.812;1.612;1.061;1.500;0.093;0.496;20735
B516D9;2015/03/09 00:45:44;20735;82;26.4;24.6;2.622;1.612;1.054;1.500;0.093;0.493;20736
B516D9;2015/03/09 00:45:54;20736;88;27.4;24.8;2.832;1.609;1.054;1.500;0.054;0.532;20737
B516D9;2015/03/09 00:46:04;20737;96;29.6;23.9;2.645;1.609;1.083;1.500;0.054;0.503;20738
B516D9;2015/03/09 00:46:14;20738;83;32.9;24.6;2.648;1.612;1.083;1.490;0.054;0.532;20739
B516D9;2015/03/09 00:46:24;20739;81;30.3;24.6;2.596;1.612;1.054;1.490;0.054;0.493;20740
B516D9;2015/03/09 00:46:34;20740;91;32.9;24.8;2.593;1.638;1.054;1.490;0.080;0.503;20741
B516D9;2015/03/09 00:46:44;20741;90;28.7;24.8;2.616;1.638;1.070;1.490;0.080;0.525;20742
B516D9;2015/03/09 00:46:54;20742;94;27.0;24.1;2.845;1.641;1.070;1.445;0.080;0.503;20743
B516D9;2015/03/09 00:47:04;20743;81;33.5;24.3;2.851;1.641;1.112;1.445;0.080;0.541;20744
B516D9;2015/03/09 00:47:14;20744;93;32.5;24.6;2.699;1.651;1.112;1.445;0.077;0.525;20745
B516D9;2015/03/09 00:47:24;20745;76;31.9;24.4;2.845;1.651;1.051;1.445;0.077;0.503;20746
B516D9;2015/03/09 00:47:34;20746;97;29.6;24.4;2.809;1.638;1.051;1.448;0.077;0.522;20747
B516D9;2015/03/09 00:47:44;20747;88;27.4;25.0;2.658;1.638;1.054;1.448;0.077;0.509;20748
B516D9;2015/03/09 00:47:54;20748;94;32.2;24.6;2.725;1.658;1.054;1.448;0.061;0.509;20749
B516D9;2015/03/09 00:48:04;20749;88;30.9;24.1;2.809;1.658;1.093;1.448;0.061;0.509;20750
B516D9;2015/03/09 00:48:14;20750;91;29.0;24.1;2.593;1.651;1.093;1.487;0.061;0.509;20751
B516D9;2015/03/09 00:48:24;20751;84;30.0;24.3;2.741;1.651;1.116;1.487;0.061;0.529;20752
B516D9;2015/03/09 00:48:34;20752;87;31.9;25.0;2.777;1.629;1.116;1.487;0.058;0.541;20753
B516D9;2015/03/09 00:48:44;20753;81;29.3;23.9;2.748;1.629;1.083;1.487;0.058;0.500;20754
B516D9;2015/03/09 00:48:54;20754;88;28.3;23.7;2.838;1.616;1.083;1.461;0.058;0.503;20755
B516D9;2015/03/09 00:49:04;20755;94;34.1;23.7;2.838;1.616;1.112;1.461;0.058;0.500;20756
B516D9;2015/03/09 00:49:14;20756;96;31.2;24.6;2.751;1.648;1.112;1.461;0.064;0.519;20757
B516D9;2015/03/09 00:49:24;20757;88;26.4;24.3;2.719;1.648;1.112;1.461;0.064;0.493;20758
B516D9;2015/03/09 00:49:34;20758;87;33.5;24.6;2.648;1.616;1.112;1.474;0.064;0.496;20759
B516D9;2015/03/09 00:49:44;20759;86;26.4;24.6;2.616;1.616;1.090;1.474;0.064;0.477;20760
B516D9;2015/03/09 00:49:54;20760;90;27.4;24.3;2.609;1.619;1.090;1.474;0.083;0.490;20761
B516D9;2015/03/09 00:50:04;20761;93;28.3;24.6;2.725;1.619;1.112;1.474;0.083;0.512;20762
B516D9;2015/03/09 00:50:14;20762;76;29.6;24.3;2.590;1.651;1.112;1.503;0.083;0.509;20763
B516D9;2015/03/09 00:50:24;20763;90;26.7;24.6;2.648;1.651;1.116;1.503;0.083;0.483;20764
B516D9;2015/03/09 00:50:34;20764;84;32.5;24.6;2.635;1.625;1.116;1.503;0.045;0.500;20765
B516D9;2015/03/09 00:50:44;20765;83;28.3;25.0;2.825;1.625;1.070;1.503;0.045;0.512;20766
B516D9;2015/03/09 00:50:54;20766;91;26.4;23.9;2.845;1.661;1.070;1.461;0.045;0.500;20767
B516D9;2015/03/09 00:51:04;20767;87;33.5;24.3;2.748;1.661;1.058;1.461;0.045;0.477;20768
B516D9;2015/03/09 00:51:14;20768;88;30.0;24.8;2.593;1.619;1.058;1.461;0.054;0.480;20769
B516D9;2015/03/09 00:51:24;20769;80;29.3;24.1;2.838;1.619;1.058;1.461;0.054;0.509;20770
B516D9;2015/03/09 00:51:34;20770;88;28.7;24.8;2.838;1.635;1.058;1.448;0.054;0.522;20771
B516D9;2015/03/09 00:51:44;20771;93;34.8;24.3;2.774;1.635;1.067;1.448;0.054;0.522;20772
B516D9;2015/03/09 00:51:54;20772;88;32.9;24.6;2.616;1.622;1.067;1.448;0.103;0.487;20773
B516D9;2015/03/09 00:52:04;20773;78;30.0;25.1;2.648;1.622;1.074;1.448;0.103;0.516;20774
B516D9;2015/03/09 00:52:14;20774;88;27.4;24.1;2.625;1.629;1.074;1.500;0.103;0.500;20775
B516D9;2015/03/09 00:52:24;20775;87;30.3;25.0;2.625;1.629;1.096;1.500;0.103;0.490;20776
B516D9;2015/03/09 00:52:34;20776;83;30.3;25.0;2.638;1.664;1.096;1.500;0.070;0.490;20777
B516D9;2015/03/09 00:52:44;20777;91;31.6;25.0;2.600;1.664;1.064;1.500;0.070;0.487;20778
B516D9;2015/03/09 00:52:54;20778;87;30.3;25.0;2.816;1.632;1.064;1.470;0.070;0.483;20779
B516D9;2015/03/09 00:53:04;20779;94;27.0;24.6;2.661;1.632;1.058;1.470;0.070;0.522;20780
B516D9;2015/03/09 00:53:14;20780;93;29.0;24.4;2.616;1.658;1.058;1.470;0.064;0.480;20781
B516D9;2015/03/09 00:53:24;20781;88;32.2;24.6;2.848;1.658;1.061;1.470;0.064;0.487;20782
B516D9;2015/03/09 00:53:34;20782;78;30.6;24.8;2.661;1.664;1.061;1.490;0.064;0.487;20783
B516D9;2015/03/09 00:53:44;20783;75;34.1;23.9;2.648;1.664;1.070;1.490;0.064;0.483;20784
B516D9;2015/03/09 00:53:54;20784;95;26.4;23.9;2.809;1.658;1.070;1.490;0.077;0.477;20785
B516D9;2015/03/09 00:54:04;20785;81;31.2;25.0;2.616;1.658;1.061;1.490;0.077;0.493;20786
B516D9;2015/03/09 00:54:14;20786;88;26.7;24.8;2.832;1.658;1.061;1.474;0.077;0.493;20787
B516D9;2015/03/09 00:54:24;20787;79;29.3;24.8;2.625;1.658;1.061;1.474;0.077;0.500;20788
B516D9;2015/03/09 00:54:34;20788;79;27.4;24.1;2.600;1.622;1.061;1.474;0.054;0.477;20789
B516D9;2015/03/09 00:54:44;20789;76;28.7;24.8;2.851;1.622;1.064;1.474;0.054;0.470;20790
B516D9;2015/03/09 00:54:54;20790;93;30.3;24.4;2.745;1.629;1.064;1.503;0.054;0.483;20791
B516D9;2015/03/09 00:55:04;20791;81;30.9;24.3;2.787;1.629;1.058;1.503;0.054;0.480;20792
B516D9;2015/03/09 00:55:14;20792;94;30.6;24.8;2.603;1.664;1.058;1.503;0.054;0.467;20793
B516D9;2015/03/09 00:55:24;20793;80;28.3;24.8;2.661;1.664;1.106;1.503;0.054;0.506;20794
B516D9;2015/03/09 00:55:34;20794;84;28.0;25.0;2.787;1.632;1.106;1.500;0.054;0.467;20795
B516D9;2015/03/09 00:55:44;20795;82;31.6;25.0;2.596;1.632;1.064;1.500;0.054;0.467;20796
B516D9;2015/03/09 00:55:54;20796;86;30.0;24.8;2.635;1.670;1.064;1.500;0.064;0.500;20797
B516D9;2015/03/09 00:56:04;20797;86;29.3;25.1;2.825;1.670;1.077;1.500;0.064;0.477;20798
B516D9;2015/03/09 00:56:14;20798;93;31.2;25.0;2.680;1.635;1.077;1.483;0.064;0.483;20799
B516D9;2015/03/09 00:56:24;20799;83;30.3;25.1;2.590;1.635;1.122;1.483;0.064;0.500;20800
B516D9;2015/03/09 00:56:34;20800;81;30.6;25.1;2.751;1.654;1.122;1.483;0.058;0.487;20801
B516D9;2015/03/09 00:56:44;20801;96;29.3;23.9;2.632;1.654;1.080;1.483;0.058;0.470;20802
B516D9;2015/03/09 00:56:54;20802;87;30.0;24.3;2.616;1.622;1.080;1.467;0.058;0.487;20803
B516D9;2015/03/09 00:57:04;20803;87;27.4;25.1;2.648;1.622;1.122;1.467;0.058;0.470;20804
B516D9;2015/03/09 00:57:14;20804;97;30.9;25.1;2.758;1.638;1.122;1.467;0.051;0.490;20805
B516D9;2015/03/09 00:57:24;20805;87;32.5;24.4;2.716;1.638;1.061;1.467;0.051;0.493;20806
B516D9;2015/03/09 00:57:34;20806;94;28.3;25.0;2.722;1.661;1.061;1.487;0.051;0.451;20807
B516D9;2015/03/09 00:57:44;20807;87;30.3;25.0;2.632;1.661;1.122;1.487;0.051;0.454;20808
B516D9;2015/03/09 00:57:54;20808;88;30.6;24.6;2.819;1.632;1.122;1.487;0.067;0.464;20809
B516D9;2015/03/09 00:58:04;20809;83;29.6;25.0;2.603;1.632;1.064;1.487;0.067;0.451;20810
B516D9;2015/03/09 00:58:14;20810;84;27.7;24.8;2.835;1.648;1.064;1.454;0.067;0.467;20811
B516D9;2015/03/09 00:58:24;20811;77;26.1;24.8;2.629;1.648;1.064;1.454;0.067;0.451;20812
B516D9;2015/03/09 00:58:34;20812;88;27.0;25.1;2.603;1.635;1.064;1.454;0.064;0.454;20813
B516D9;2015/03/09 00:58:44;20813;92;32.9;24.3;2.825;1.635;1.093;1.454;0.064;0.493;20814
B516D9;2015/03/09 00:58:54;20814;84;27.4;24.8;2.590;1.651;1.093;1.454;0.064;0.454;20815
B516D9;2015/03/09 00:59:04;20815;91;31.6;24.6;2.825;1.651;1.064;1.454;0.064;0.454;20816
B516D9;2015/03/09 00:59:14;20816;88;26.1;24.8;2.819;1.625;1.064;1.454;0.064;0.470;20817
B516D9;2015/03/09 00:59:24;20817;88;28.0;25.5;2.648;1.625;1.064;1.454;0.064;0.474;20818
B516D9;2015/03/09 00:59:34;20818;95;29.3;25.1;2.738;1.625;1.064;1.464;0.064;0.454;20819
B516D9;2015/03/09 00:59:44;20819;93;27.4;24.6;2.616;1.625;1.122;1.464;0.064;0.464;20820
B516D9;2015/03/09 00:59:54;20820;85;27.7;24.8;2.838;1.625;1.122;1.464;0.058;0.470;20821
B516D9;2015/03/09 01:00:04;20821;90;30.3;24.4;2.661;1.625;1.074;1.464;0.058;0.503;20822
B516D9;2015/03/09 01:00:14;20822;89;29.3;25.3;2.612;1.667;1.074;1.441;0.058;0.500;20823
B516D9;2015/03/09 01:00:24;20823;77;26.4;25.5;2.632;1.667;1.119;1.441;0.058;0.464;20824
B516D9;2015/03/09 01:00:34;20824;91;30.6;24.4;2.832;1.658;1.119;1.441;0.048;0.467;20825
B516D9;2015/03/09 01:00:44;20825;83;26.7;25.5;2.741;1.658;1.067;1.441;0.048;0.477;20826
B516D9;2015/03/09 01:00:54;20826;89;30.6;24.6;2.632;1.625;1.067;1.445;0.048;0.506;20827
B516D9;2015/03/09 01:01:04;20827;83;33.8;24.4;2.793;1.625;1.083;1.445;0.048;0.477;20828
B516D9;2015/03/09 01:01:14;20828;86;31.9;25.0;2.658;1.635;1.083;1.445;0.061;0.487;20829
B516D9;2015/03/09 01:01:24;20829;96;31.6;24.4;2.683;1.635;1.064;1.445;0.061;0.477;20830
B516D9;2015/03/09 01:01:34;20830;97;29.3;25.1;2.616;1.641;1.064;1.470;0.061;0.500;20831
B516D9;2015/03/09 01:01:44;20831;87;31.2;25.0;2.593;1.641;1.074;1.470;0.061;0.480;20832
B516D9;2015/03/09 01:01:54;20832;87;27.7;24.8;2.603;1.622;1.074;1.470;0.180;0.503;20833
B516D9;2015/03/09 01:02:04;20833;83;30.3;24.4;2.661;1.622;1.109;1.470;0.180;0.480;20834
B516D9;2015/03/09 01:02:14;20834;93;30.6;24.6;2.799;1.651;1.109;1.438;0.180;0.512;20835
B516D9;2015/03/09 01:02:24;20835;94;26.4;25.0;2.635;1.651;1.122;1.438;0.180;0.483;20836
B516D9;2015/03/09 01:02:34;20836;84;28.0;25.0;2.641;1.667;1.122;1.438;0.054;0.519;20837
B516D9;2015/03/09 01:02:44;20837;88;28.3;24.3;2.732;1.667;1.099;1.438;0.054;0.493;20838
B516D9;2015/03/09 01:02:54;20838;89;26.7;24.8;2.751;1.632;1.099;1.432;0.054;0.487;20839
B516D9;2015/03/09 01:03:04;20839;88;27.0;25.1;2.648;1.632;1.077;1.432;0.054;0.506;20840
B516D9;2015/03/09 01:03:14;20840;88;32.5;25.0;2.719;1.622;1.077;1.432;0.061;0.541;20841
B516D9;2015/03/09 01:03:24;20841;88;26.7;25.3;2.609;1.622;1.064;1.432;0.061;0.480;20842
B516D9;2015/03/09 01:03:34;20842;88;30.0;25.0;2.603;1.629;1.064;1.480;0.061;0.496;20843
B516D9;2015/03/09 01:03:44;20843;83;29.3;24.4;2.635;1.629;1.083;1.480;0.061;0.496;20844
B516D9;2015/03/09 01:03:54;20844;84;29.3;24.8;2.761;1.629;1.083;1.480;0.045;0.490;20845
B516D9;2015/03/09 01:04:04;20845;78;26.4;25.0;2.619;1.629;1.093;1.480;0.045;0.509;20846
B516D9;2015/03/09 01:04:14;20846;86;26.7;24.4;2.703;1.625;1.093;1.438;0.045;0.535;20847
B516D9;2015/03/09 01:04:24;20847;86;26.4;25.0;2.619;1.625;1.064;1.438;0.045;0.483;20848
B516D9;2015/03/09 01:04:34;20848;81;26.4;24.3;2.819;1.625;1.064;1.438;0.051;0.480;20849
B516D9;2015/03/09 01:04:44;20849;88;29.3;24.8;2.629;1.625;1.067;1.438;0.051;0.477;20850
B516D9;2015/03/09 01:04:54;20850;93;30.9;25.1;2.774;1.664;1.067;1.445;0.051;0.522;20851
B516D9;2015/03/09 01:05:04;20851;88;29.6;24.3;2.845;1.664;1.103;1.445;0.051;0.487;20852
B516D9;2015/03/09 01:05:14;20852;83;28.7;24.8;2.845;1.625;1.103;1.445;0.058;0.506;20853
B516D9;2015/03/09 01:05:24;20853;93;34.1;24.3;2.845;1.625;1.067;1.445;0.058;0.500;20854
B516D9;2015/03/09 01:05:34;20854;95;26.7;25.0;2.632;1.625;1.067;1.496;0.058;0.512;20855
B516D9;2015/03/09 01:05:44;20855;88;32.5;24.6;2.832;1.625;1.129;1.496;0.058;0.529;20856
B516D9;2015/03/09 01:05:54;20856;86;31.2;25.0;2.793;1.629;1.129;1.496;0.061;0.525;20857
B516D9;2015/03/09 01:06:04;20857;93;28.7;24.3;2.738;1.629;1.067;1.496;0.061;0.483;20858
B516D9;2015/03/09 01:06:14;20858;84;26.7;24.8;2.809;1.629;1.067;1.441;0.061;0.519;20859
B516D9;2015/03/09 01:06:24;20859;95;26.7;25.1;2.612;1.629;1.119;1.441;0.061;0.477;20860
B516D9;2015/03/09 01:06:34;20860;85;32.5;24.8;2.606;1.625;1.119;1.441;0.054;0.483;20861
B516D9;2015/03/09 01:06:44;20861;87;30.6;24.8;2.780;1.625;1.129;1.441;0.054;0.493;20862
B516D9;2015/03/09 01:06:54;20862;78;26.4;24.8;2.793;1.641;1.129;1.445;0.054;0.503;20863
B516D9;2015/03/09 01:07:04;20863;89;31.6;24.4;2.677;1.641;1.067;1.445;0.054;0.490;20864
B516D9;2015/03/09 01:07:14;20864;89;28.0;25.0;2.693;1.625;1.067;1.445;0.054;0.506;20865
B516D9;2015/03/09 01:07:24;20865;80;31.6;25.0;2.635;1.625;1.070;1.445;0.054;0.509;20866
B516D9;2015/03/09 01:07:34;20866;79;26.7;24.8;2.809;1.661;1.070;1.435;0.054;0.493;20867
B516D9;2015/03/09 01:07:44;20867;81;30.9;25.1;2.612;1.661;1.067;1.435;0.054;0.477;20868
B516D9;2015/03/09 01:07:54;20868;94;28.3;25.1;2.712;1.648;1.067;1.435;0.048;0.480;20869
B516D9;2015/03/09 01:08:04;20869;93;26.4;25.3;2.693;1.648;1.067;1.435;0.048;0.483;20870
B516D9;2015/03/09 01:08:14;20870;86;27.4;25.3;2.587;1.654;1.067;1.483;0.048;0.487;20871
B516D9;2015/03/09 01:08:24;20871;90;26.1;25.3;2.616;1.654;1.103;1.483;0.048;0.506;20872
B516D9;2015/03/09 01:08:34;20872;93;29.6;25.0;2.732;1.645;1.103;1.483;0.054;0.519;20873
B516D9;2015/03/09 01:08:44;20873;93;30.9;24.4;2.780;1.645;1.067;1.483;0.054;0.474;20874
B516D9;2015/03/09 01:08:54;20874;87;28.7;25.1;2.609;1.661;1.067;1.461;0.054;0.532;20875
B516D9;2015/03/09 01:09:04;20875;85;31.9;24.3;2.806;1.661;1.067;1.461;0.054;0.493;20876
B516D9;2015/03/09 01:09:14;20876;83;32.5;25.0;2.683;1.651;1.067;1.461;0.048;0.512;20877
B516D9;2015/03/09 01:09:24;20877;90;33.5;24.4;2.632;1.651;1.067;1.461;0.048;0.470;20878
B516D9;2015/03/09 01:09:34;20878;85;30.6;25.5;2.825;1.645;1.067;1.445;0.048;0.500;20879
B516D9;2015/03/09 01:09:44;20879;84;26.7;25.5;2.735;1.645;1.087;1.445;0.048;0.480;20880
B516D9;2015/03/09 01:09:54;20880;93;30.9;25.3;2.780;1.670;1.087;1.445;0.054;0.525;20881
B516D9;2015/03/09 01:10:04;20881;88;26.4;25.5;2.629;1.670;1.090;1.445;0.054;0.470;20882
B516D9;2015/03/09 01:10:14;20882;88;27.4;24.8;2.590;1.654;1.090;1.448;0.054;0.477;20883
B516D9;2015/03/09 01:10:24;20883;87;29.3;24.8;2.732;1.654;1.067;1.448;0.054;0.480;20884
B516D9;2015/03/09 01:10:34;20884;84;34.8;25.3;2.635;1.638;1.067;1.448;0.067;0.477;20885
B516D9;2015/03/09 01:10:44;20885;96;32.9;24.8;2.735;1.638;1.125;1.448;0.067;0.506;20886
B516D9;2015/03/09 01:10:54;20886;96;28.7;25.3;2.616;1.635;1.125;1.490;0.067;0.512;20887
B516D9;2015/03/09 01:11:04;20887;89;26.1;25.0;2.725;1.635;1.125;1.490;0.067;0.522;20888
B516D9;2015/03/09 01:11:14;20888;85;28.7;25.1;2.712;1.648;1.125;1.490;0.051;0.487;20889
B516D9;2015/03/09 01:11:24;20889;88;31.6;25.1;2.832;1.648;1.080;1.490;0.051;0.493;20890
B516D9;2015/03/09 01:11:34;20890;93;30.0;24.8;2.590;1.629;1.080;1.470;0.051;0.500;20891
B516D9;2015/03/09 01:11:44;20891;79;27.4;24.8;2.693;1.629;1.070;1.470;0.051;0.490;20892
B516D9;2015/03/09 01:11:54;20892;97;28.7;24.8;2.838;1.645;1.070;1.470;0.058;0.483;20893
B516D9;2015/03/09 01:12:04;20893;89;30.3;25.3;2.622;1.645;1.064;1.470;0.058;0.480;20894
B516D9;2015/03/09 01:12:14;20894;89;33.2;25.1;2.641;1.625;1.064;1.438;0.058;0.467;20895
B516D9;2015/03/09 01:12:24;20895;88;28.7;25.7;2.729;1.625;1.087;1.438;0.058;0.480;20896
B516D9;2015/03/09 01:12:34;20896;87;26.7;25.0;2.603;1.648;1.087;1.438;0.061;0.477;20897
B516D9;2015/03/09 01:12:44;20897;91;30.0;25.5;2.622;1.648;1.112;1.438;0.061;0.470;20898
B516D9;2015/03/09 01:12:54;20898;78;30.9;25.1;2.693;1.651;1.112;1.438;0.061;0.461;20899
B516D9;2015/03/09 01:13:04;20899;93;27.0;24.6;2.680;1.651;1.070;1.438;0.061;0.506;20900
B516D9;2015/03/09 01:13:14;20900;93;27.0;24.8;2.600;1.625;1.070;1.438;0.080;0.487;20901
B516D9;2015/03/09 01:13:24;20901;88;31.9;25.3;2.629;1.625;1.119;1.438;0.080;0.474;20902
B516D9;2015/03/09 01:13:34;20902;91;30.6;25.3;2.793;1.667;1.119;1.483;0.080;0.477;20903
B516D9;2015/03/09 01:13:44;20903;88;29.6;25.0;2.841;1.667;1.067;1.483;0.080;0.490;20904
B516D9;2015/03/09 01:13:54;20904;86;30.6;25.1;2.667;1.632;1.067;1.483;0.116;0.512;20905
B516D9;2015/03/09 01:14:04;20905;88;30.9;24.3;2.799;1.632;1.067;1.483;0.116;0.512;20906
B516D9;2015/03/09 01:14:14;20906;88;30.9;25.7;2.738;1.648;1.067;1.432;0.116;0.490;20907
B516D9;2015/03/09 01:14:24;20907;93;30.0;25.3;2.632;1.648;1.090;1.432;0.116;0.467;20908
B516D9;2015/03/09 01:14:34;20908;89;31.6;26.0;2.812;1.658;1.090;1.432;0.061;0.477;20909
B516D9;2015/03/09 01:14:44;20909;88;26.4;25.3;2.703;1.658;1.070;1.432;0.061;0.477;20910
B516D9;2015/03/09 01:14:54;20910;89;30.9;25.5;2.648;1.651;1.070;1.435;0.061;0.470;20911
B516D9;2015/03/09 01:15:04;20911;94;28.0;24.8;2.799;1.651;1.125;1.435;0.061;0.474;20912
B516D9;2015/03/09 01:15:14;20912;84;34.1;25.3;2.770;1.629;1.125;1.435;0.058;0.496;20913
B516D9;2015/03/09 01:15:24;20913;88;26.7;25.1;2.761;1.629;1.074;1.435;0.058;0.474;20914
B516D9;2015/03/09 01:15:34;20914;88;28.0;25.3;2.654;1.629;1.074;1.441;0.058;0.487;20915
B516D9;2015/03/09 01:15:44;20915;85;29.3;24.6;2.751;1.629;1.132;1.441;0.058;0.470;20916
B516D9;2015/03/09 01:15:54;20916;91;32.2;25.3;2.832;1.654;1.132;1.441;0.058;0.464;20917
B516D9;2015/03/09 01:16:04;20917;77;27.7;25.1;2.606;1.654;1.129;1.441;0.058;0.500;20918
B516D9;2015/03/09 01:16:14;20918;89;27.7;25.3;2.616;1.629;1.129;1.477;0.058;0.487;20919
B516D9;2015/03/09 01:16:24;20919;88;29.3;24.6;2.851;1.629;1.119;1.477;0.058;0.454;20920
B516D9;2015/03/09 01:16:34;20920;91;31.6;24.6;2.596;1.635;1.119;1.477;0.080;0.458;20921
B516D9;2015/03/09 01:16:44;20921;93;31.9;25.5;2.851;1.635;1.129;1.477;0.080;0.480;20922
B516D9;2015/03/09 01:16:54;20922;93;30.9;25.8;2.806;1.629;1.129;1.458;0.080;0.454;20923
B516D9;2015/03/09 01:17:04;20923;90;30.9;25.1;2.816;1.629;1.116;1.458;0.080;0.480;20924
B516D9;2015/03/09 01:17:14;20924;89;30.9;25.5;2.838;1.629;1.116;1.458;0.058;0.474;20925
B516D9;2015/03/09 01:17:24;20925;92;32.2;24.8;2.735;1.629;1.067;1.458;0.058;0.500;20926
B516D9;2015/03/09 01:17:34;20926;93;26.7;24.8;2.812;1.651;1.067;1.432;0.058;0.470;20927
B516D9;2015/03/09 01:17:44;20927;93;31.6;25.1;2.851;1.651;1.067;1.432;0.058;0.467;20928
B516D9;2015/03/09 01:17:54;20928;88;26.1;24.8;2.803;1.635;1.067;1.432;0.061;0.458;20929
B516D9;2015/03/09 01:18:04;20929;91;30.9;24.6;2.787;1.635;1.070;1.432;0.061;0.500;20930
B516D9;2015/03/09 01:18:14;20930;80;28.0;25.3;2.819;1.625;1.070;1.429;0.061;0.500;20931
B516D9;2015/03/09 01:18:24;20931;76;34.1;24.6;2.841;1.625;1.122;1.429;0.061;0.487;20932
B516D9;2015/03/09 01:18:34;20932;88;31.6;25.7;2.770;1.674;1.122;1.429;0.058;0.477;20933
B516D9;2015/03/09 01:18:44;20933;88;27.4;25.3;2.658;1.674;1.070;1.429;0.058;0.480;20934
B516D9;2015/03/09 01:18:54;20934;88;28.7;25.3;2.609;1.651;1.070;1.477;0.058;0.480;20935
B516D9;2015/03/09 01:19:04;20935;78;31.6;25.0;2.793;1.651;1.112;1.477;0.058;0.480;20936
B516D9;2015/03/09 01:19:14;20936;76;34.1;25.5;2.629;1.670;1.112;1.477;0.061;0.483;20937
B516D9;2015/03/09 01:19:24;20937;82;28.0;25.1;2.774;1.670;1.122;1.477;0.061;0.506;20938
B516D9;2015/03/09 01:19:34;20938;92;30.9;25.7;2.790;1.629;1.122;1.438;0.061;0.470;20939
B516D9;2015/03/09 01:19:44;20939;80;30.6;25.7;2.622;1.629;1.070;1.438;0.061;0.474;20940
B516D9;2015/03/09 01:19:54;20940;85;26.4;25.3;2.635;1.632;1.070;1.438;0.051;0.493;20941
B516D9;2015/03/09 01:20:04;20941;83;29.6;24.8;2.748;1.632;1.122;1.438;0.051;0.509;20942
B516D9;2015/03/09 01:20:14;20942;94;26.4;24.4;2.806;1.638;1.122;1.429;0.051;0.496;20943
B516D9;2015/03/09 01:20:24;20943;94;31.9;25.3;2.848;1.638;1.090;1.429;0.051;0.512;20944
B516D9;2015/03/09 01:20:34;20944;91;30.9;25.8;2.793;1.674;1.090;1.429;0.045;0.464;20945
B516D9;2015/03/09 01:20:44;20945;88;26.7;25.1;2.648;1.674;1.103;1.429;0.045;0.490;20946
B516D9;2015/03/09 01:20:54;20946;87;31.6;25.5;2.764;1.664;1.103;1.451;0.045;0.470;20947
B516D9;2015/03/09 01:21:04;20947;95;29.6;25.0;2.845;1.664;1.109;1.451;0.045;0.470;20948
B516D9;2015/03/09 01:21:14;20948;95;33.5;25.1;2.612;1.641;1.109;1.451;0.054;0.461;20949
B516D9;2015/03/09 01:21:24;20949;81;28.7;24.8;2.680;1.641;1.080;1.451;0.054;0.470;20950
B516D9;2015/03/09 01:21:34;20950;91;29.6;25.0;2.583;1.664;1.080;1.467;0.054;0.464;20951
B516D9;2015/03/09 01:21:44;20951;84;30.9;25.3;2.719;1.664;1.122;1.467;0.054;0.480;20952
B516D9;2015/03/09 01:21:54;20952;81;29.6;25.3;2.725;1.629;1.122;1.467;0.048;0.487;20953
B516D9;2015/03/09 01:22:04;20953;88;27.7;25.0;2.654;1.629;1.087;1.467;0.048;0.467;20954
B516D9;2015/03/09 01:22:14;20954;95;30.9;25.7;2.793;1.670;1.087;1.454;0.048;0.474;20955
B516D9;2015/03/09 01:22:24;20955;78;28.0;24.8;2.667;1.670;1.125;1.454;0.048;0.477;20956
B516D9;2015/03/09 01:22:34;20956;78;28.3;25.3;2.612;1.629;1.125;1.454;0.170;0.477;20957
B516D9;2015/03/09 01:22:44;20957;93;28.0;25.0;2.819;1.629;1.074;1.454;0.170;0.519;20958
B516D9;2015/03/09 01:22:54;20958;95;30.3;25.7;2.793;1.667;1.074;1.419;0.170;0.500;20959
B516D9;2015/03/09 01:23:04;20959;95;26.1;25.5;2.616;1.667;1.070;1.419;0.170;0.483;20960
B516D9;2015/03/09 01:23:14;20960;88;27.7;25.3;2.648;1.667;1.070;1.419;0.045;0.500;20961
B516D9;2015/03/09 01:23:24;20961;83;28.0;24.4;2.670;1.667;1.070;1.419;0.045;0.480;20962
B516D9;2015/03/09 01:23:34;20962;94;30.3;25.3;2.819;1.632;1.070;1.467;0.045;0.470;20963
B516D9;2015/03/09 01:23:44;20963;80;29.6;24.8;2.780;1.632;1.132;1.467;0.045;0.483;20964
B516D9;2015/03/09 01:23:54;20964;97;34.1;25.1;2.751;1.654;1.132;1.467;0.064;0.522;20965
B516D9;2015/03/09 01:24:04;20965;93;28.0;25.1;2.780;1.654;1.070;1.467;0.064;0.480;20966
B516D9;2015/03/09 01:24:14;20966;91;28.0;25.3;2.687;1.674;1.070;1.419;0.064;0.461;20967
B516D9;2015/03/09 01:24:24;20967;83;29.3;25.0;2.767;1.674;1.070;1.419;0.064;0.480;20968
B516D9;2015/03/09 01:24:34;20968;93;29.3;25.3;2.629;1.641;1.070;1.419;0.058;0.493;20969
B516D9;2015/03/09 01:24:44;20969;85;28.7;25.3;2.603;1.641;1.074;1.419;0.058;0.474;20970
B516D9;2015/03/09 01:24:54;20970;93;27.4;25.1;2.583;1.632;1.074;1.429;0.058;0.493;20971
B516D9;2015/03/09 01:25:04;20971;83;30.9;25.1;2.693;1.632;1.087;1.429;0.058;0.464;20972
B516D9;2015/03/09 01:25:14;20972;84;31.6;25.8;2.790;1.651;1.087;1.429;0.045;0.461;20973
B516D9;2015/03/09 01:25:24;20973;88;32.2;25.3;2.622;1.651;1.132;1.429;0.045;0.464;20974
B516D9;2015/03/09 01:25:34;20974;86;28.0;25.3;2.712;1.648;1.132;1.445;0.045;0.506;20975
B516D9;2015/03/09 01:25:44;20975;92;29.3;24.8;2.645;1.648;1.083;1.445;0.045;0.509;20976
B516D9;2015/03/09 01:25:54;20976;85;31.6;25.3;2.832;1.670;1.083;1.445;0.048;0.464;20977
B516D9;2015/03/09 01:26:04;20977;84;28.7;24.8;2.741;1.670;1.132;1.445;0.048;0.490;20978
B516D9;2015/03/09 01:26:14;20978;88;30.0;25.0;2.590;1.674;1.132;1.480;0.048;0.493;20979
B516D9;2015/03/09 01:26:24;20979;78;28.0;24.8;2.803;1.674;1.087;1.480;0.048;0.493;20980
B516D9;2015/03/09 01:26:34;20980;88;30.0;25.5;2.780;1.632;1.087;1.480;0.054;0.454;20981
B516D9;2015/03/09 01:26:44;20981;78;26.1;25.5;2.635;1.632;1.103;1.480;0.054;0.474;20982
B516D9;2015/03/09 01:26:54;20982;81;30.0;26.0;2.835;1.677;1.103;1.477;0.054;0.454;20983
B516D9;2015/03/09 01:27:04;20983;84;26.4;25.5;2.641;1.677;1.132;1.477;0.054;0.458;20984
B516D9;2015/03/09 01:27:14;20984;86;28.0;25.7;2.596;1.654;1.132;1.477;0.087;0.458;20985
B516D9;2015/03/09 01:27:24;20985;94;27.7;25.1;2.661;1.654;1.074;1.477;0.087;0.467;20986
B516D9;2015/03/09 01:27:34;20986;93;32.5;25.5;2.632;1.651;1.074;1.438;0.087;0.461;20987
B516D9;2015/03/09 01:27:44;20987;92;31.9;25.3;2.600;1.651;1.074;1.438;0.087;0.464;20988
B516D9;2015/03/09 01:27:54;20988;86;31.2;25.3;2.725;1.632;1.074;1.438;0.125;0.496;20989
B516D9;2015/03/09 01:28:04;20989;81;32.2;25.1;2.848;1.632;1.080;1.438;0.125;0.461;20990
B516D9;2015/03/09 01:28:14;20990;90;27.7;25.3;2.603;1.645;1.080;1.438;0.125;0.464;20991
B516D9;2015/03/09 01:28:24;20991;77;28.0;25.0;2.799;1.645;1.070;1.438;0.125;0.461;20992
B516D9;2015/03/09 01:28:34;20992;84;26.4;25.1;2.612;1.641;1.070;1.438;0.064;0.464;20993
B516D9;2015/03/09 01:28:44;20993;83;26.1;25.3;2.674;1.641;1.129;1.438;0.064;0.467;20994
B516D9;2015/03/09 01:28:54;20994;93;26.1;25.3;2.793;1.641;1.129;1.432;0.064;0.458;20995
B516D9;2015/03/09 01:29:04;20995;88;30.0;25.5;2.848;1.641;1.119;1.432;0.064;0.496;20996
B516D9;2015/03/09 01:29:14;20996;96;27.7;25.3;2.600;1.664;1.119;1.432;0.054;0.458;20997
B516D9;2015/03/09 01:29:24;20997;88;26.7;25.8;2.635;1.664;1.125;1.432;0.054;0.474;20998
B516D9;2015/03/09 01:29:34;20998;86;31.9;25.7;2.687;1.632;1.125;1.429;0.054;0.493;20999
B516D9;2015/03/09 01:29:44;20999;92;30.9;25.1;2.851;1.632;1.135;1.429;0.054;0.474;21000
B516D9;2015/03/09 01:29:54;21000;94;27.4;25.0;2.838;1.632;1.135;1.429;0.070;0.480;21001
B516D9;2015/03/09 01:30:04;21001;87;26.1;25.5;2.616;1.632;1.074;1.429;0.070;0.461;21002
B516D9;2015/03/09 01:30:14;21002;92;30.9;25.1;2.738;1.645;1.074;1.419;0.070;0.458;21003
B516D9;2015/03/09 01:30:24;21003;74;31.2;25.7;2.761;1.645;1.132;1.419;0.070;0.487;21004
B516D9;2015/03/09 01:30:34;21004;88;30.3;25.5;2.825;1.638;1.132;1.419;0.054;0.500;21005
B516D9;2015/03/09 01:30:44;21005;88;33.2;24.8;2.632;1.638;1.070;1.419;0.054;0.464;21006
B516D9;2015/03/09 01:30:54;21006;83;27.7;25.5;2.596;1.651;1.070;1.416;0.054;0.487;21007
B516D9;2015/03/09 01:31:04;21007;89;27.4;25.1;2.616;1.651;1.129;1.416;0.054;0.483;21008
B516D9;2015/03/09 01:31:14;21008;79;27.7;25.0;2.845;1.664;1.129;1.416;0.058;0.477;21009
B516D9;2015/03/09 01:31:24;21009;84;32.9;24.3;2.838;1.664;1.080;1.416;0.058;0.509;21010
B516D9;2015/03/09 01:31:34;21010;84;34.8;25.1;2.641;1.629;1.080;1.477;0.058;0.461;21011
B516D9;2015/03/09 01:31:44;21011;87;30.0;25.0;2.632;1.629;1.070;1.477;0.058;0.480;21012
B516D9;2015/03/09 01:31:54;21012;87;30.9;25.8;2.819;1.629;1.070;1.477;0.054;0.474;21013
B516D9;2015/03/09 01:32:04;21013;93;26.7;25.1;2.648;1.629;1.106;1.477;0.054;0.454;21014
B516D9;2015/03/09 01:32:14;21014;88;31.6;25.7;2.725;1.651;1.106;1.432;0.054;0.458;21015
B516D9;2015/03/09 01:32:24;21015;81;28.7;24.6;2.741;1.651;1.132;1.432;0.054;0.493;21016
B516D9;2015/03/09 01:32:34;21016;89;31.2;25.3;2.767;1.629;1.132;1.432;0.048;0.461;21017
B516D9;2015/03/09 01:32:44;21017;87;26.1;25.3;2.722;1.629;1.090;1.432;0.048;0.467;21018
B516D9;2015/03/09 01:32:54;21018;86;31.9;25.3;2.806;1.648;1.090;1.419;0.048;0.487;21019
B516D9;2015/03/09 01:33:04;21019;88;29.6;25.0;2.748;1.648;1.070;1.419;0.048;0.464;21020
B516D9;2015/03/09 01:33:14;21020;82;30.6;25.5;2.641;1.629;1.070;1.419;0.080;0.467;21021
B516D9;2015/03/09 01:33:24;21021;91;30.9;25.1;2.812;1.629;1.099;1.419;0.080;0.461;21022
B516D9;2015/03/09 01:33:34;21022;93;27.4;25.5;2.638;1.674;1.099;1.470;0.080;0.451;21023
B516D9;2015/03/09 01:33:44;21023;92;26.1;25.7;2.622;1.674;1.070;1.470;0.080;0.445;21024
B516D9;2015/03/09 01:33:54;21024;88;28.7;25.3;2.612;1.674;1.070;1.470;0.054;0.480;21025
B516D9;2015/03/09 01:34:04;21025;86;33.5;25.0;2.735;1.674;1.125;1.470;0.054;0.445;21026
B516D9;2015/03/09 01:34:14;21026;89;26.4;25.3;2.622;1.641;1.125;1.451;0.054;0.445;21027
B516D9;2015/03/09 01:34:24;21027;88;26.4;25.3;2.629;1.641;1.116;1.451;0.054;0.477;21028
B516D9;2015/03/09 01:34:34;21028;85;33.2;25.3;2.609;1.632;1.116;1.451;0.087;0.441;21029
B516D9;2015/03/09 01:34:44;21029;86;30.9;24.8;2.658;1.632;1.132;1.451;0.087;0.474;21030
B516D9;2015/03/09 01:34:54;21030;91;26.7;24.8;2.803;1.674;1.132;1.461;0.087;0.451;21031
B516D9;2015/03/09 01:35:04;21031;88;32.5;25.1;2.829;1.674;1.077;1.461;0.087;0.464;21032
B516D9;2015/03/09 01:35:14;21032;85;31.6;25.3;2.832;1.658;1.077;1.461;0.103;0.451;21033
B516D9;2015/03/09 01:35:24;21033;88;33.5;24.8;2.648;1.658;1.077;1.461;0.103;0.458;21034
B516D9;2015/03/09 01:35:34;21034;84;26.4;24.4;2.793;1.641;1.077;1.419;0.103;0.464;21035
B516D9;2015/03/09 01:35:44;21035;83;32.5;25.0;2.748;1.641;1.074;1.419;0.103;0.451;21036
B516D9;2015/03/09 01:35:54;21036;89;31.2;25.1;2.825;1.648;1.074;1.419;0.061;0.451;21037
B516D9;2015/03/09 01:36:04;21037;87;30.3;24.8;2.799;1.648;1.135;1.419;0.061;0.480;21038
B516D9;2015/03/09 01:36:14;21038;86;28.7;25.3;2.616;1.648;1.135;1.435;0.061;0.493;21039
B516D9;2015/03/09 01:36:24;21039;91;31.6;24.8;2.683;1.648;1.077;1.435;0.061;0.490;21040
B516D9;2015/03/09 01:36:34;21040;85;26.1;24.6;2.787;1.661;1.077;1.435;0.051;0.458;21041
B516D9;2015/03/09 01:36:44;21041;84;31.2;25.3;2.590;1.661;1.116;1.435;0.051;0.480;21042
B516D9;2015/03/09 01:36:54;21042;82;29.0;25.3;2.609;1.670;1.116;1.470;0.051;0.474;21043
B516D9;2015/03/09 01:37:04;21043;96;26.7;25.7;2.616;1.670;1.083;1.470;0.051;0.458;21044
B516D9;2015/03/09 01:37:14;21044;94;26.4;24.4;2.806;1.658;1.083;1.470;0.132;0.458;21045
B516D9;2015/03/09 01:37:24;21045;95;26.4;25.7;2.635;1.658;1.074;1.470;0.132;0.451;21046
B516D9;2015/03/09 01:37:34;21046;88;27.0;25.0;2.641;1.648;1.074;1.429;0.132;0.451;21047
B516D9;2015/03/09 01:37:44;21047;78;28.3;25.5;2.806;1.648;1.070;1.429;0.132;0.487;21048
B516D9;2015/03/09 01:37:54;21048;87;31.6;25.8;2.764;1.632;1.070;1.429;0.064;0.451;21049
B516D9;2015/03/09 01:38:04;21049;93;27.0;25.3;2.774;1.632;1.083;1.429;0.064;0.451;21050
B516D9;2015/03/09 01:38:14;21050;93;34.1;25.3;2.638;1.651;1.083;1.464;0.064;0.451;21051
B516D9;2015/03/09 01:38:24;21051;85;26.4;25.3;2.616;1.651;1.070;1.464;0.064;0.445;21052
B516D9;2015/03/09 01:38:34;21052;87;27.0;25.0;2.616;1.674;1.070;1.464;0.054;0.448;21053
B516D9;2015/03/09 01:38:44;21053;93;30.3;25.7;2.600;1.674;1.135;1.464;0.054;0.493;21054
B516D9;2015/03/09 01:38:54;21054;87;26.1;24.8;2.799;1.641;1.135;1.445;0.054;0.445;21055
B516D9;2015/03/09 01:39:04;21055;85;34.5;25.0;2.761;1.641;1.083;1.445;0.054;0.480;21056
B516D9;2015/03/09 01:39:14;21056;85;30.3;25.3;2.835;1.651;1.083;1.445;0.087;0.445;21057
B516D9;2015/03/09 01:39:24;21057;85;29.3;25.0;2.829;1.651;1.132;1.445;0.087;0.451;21058
B516D9;2015/03/09 01:39:34;21058;88;30.9;25.8;2.838;1.641;1.132;1.438;0.087;0.451;21059
B516D9;2015/03/09 01:39:44;21059;95;26.4;25.8;2.645;1.641;1.077;1.438;0.087;0.467;21060
B516D9;2015/03/09 01:39:54;21060;88;26.4;24.8;2.793;1.680;1.077;1.438;0.048;0.454;21061
B516D9;2015/03/09 01:40:04;21061;83;31.6;25.1;2.838;1.680;1.116;1.438;0.048;0.477;21062
B516D9;2015/03/09 01:40:14;21062;94;27.7;25.1;2.596;1.680;1.116;1.412;0.048;0.487;21063
B516D9;2015/03/09 01:40:24;21063;88;32.2;25.3;2.612;1.680;1.135;1.412;0.048;0.477;21064
B516D9;2015/03/09 01:40:34;21064;93;33.2;25.3;2.712;1.680;1.135;1.412;0.116;0.467;21065
B516D9;2015/03/09 01:40:44;21065;90;29.0;25.5;2.648;1.680;1.109;1.412;0.116;0.470;21066
B516D9;2015/03/09 01:40:54;21066;86;32.5;25.5;2.612;1.654;1.109;1.458;0.116;0.512;21067
B516D9;2015/03/09 01:41:04;21067;87;31.9;25.1;2.845;1.654;1.109;1.458;0.116;0.483;21068
B516D9;2015/03/09 01:41:14;21068;80;28.7;25.8;2.612;1.632;1.109;1.458;0.109;0.509;21069
B516D9;2015/03/09 01:41:24;21069;86;30.9;24.8;2.661;1.632;1.077;1.458;0.109;0.487;21070
B516D9;2015/03/09 01:41:34;21070;78;28.3;24.8;2.758;1.667;1.077;1.454;0.109;0.525;21071
B516D9;2015/03/09 01:41:44;21071;83;28.3;26.0;2.819;1.667;1.093;1.454;0.109;0.477;21072
B516D9;2015/03/09 01:41:54;21072;92;29.0;25.0;2.590;1.674;1.093;1.454;0.061;0.477;21073
B516D9;2015/03/09 01:42:04;21073;85;27.4;25.5;2.803;1.674;1.077;1.454;0.061;0.506;21074
B516D9;2015/03/09 01:42:14;21074;86;26.4;25.0;2.670;1.638;1.077;1.416;0.061;0.483;21075
B516D9;2015/03/09 01:42:24;21075;95;26.4;25.7;2.629;1.638;1.077;1.416;0.061;0.474;21076
B516D9;2015/03/09 01:42:34;21076;92;29.0;25.7;2.699;1.641;1.077;1.416;0.061;0.483;21077
B516D9;2015/03/09 01:42:44;21077;81;30.9;25.0;2.841;1.641;1.080;1.416;0.061;0.493;21078
B516D9;2015/03/09 01:42:54;21078;93;30.0;26.0;2.764;1.664;1.080;1.419;0.061;0.477;21079
B516D9;2015/03/09 01:43:04;21079;88;29.0;25.3;2.603;1.664;1.077;1.419;0.061;0.483;21080
B516D9;2015/03/09 01:43:14;21080;86;33.5;25.3;2.638;1.638;1.077;1.419;0.093;0.477;21081
B516D9;2015/03/09 01:43:24;21081;78;29.3;25.0;2.845;1.638;1.119;1.419;0.093;0.477;21082
B516D9;2015/03/09 01:43:34;21082;89;30.9;25.3;2.632;1.674;1.119;1.425;0.093;0.512;21083
B516D9;2015/03/09 01:43:44;21083;89;30.0;25.3;2.600;1.674;1.132;1.425;0.093;0.483;21084
B516D9;2015/03/09 01:43:54;21084;83;29.3;25.5;2.609;1.645;1.132;1.425;0.045;0.506;21085
B516D9;2015/03/09 01:44:04;21085;86;29.6;25.1;2.748;1.645;1.083;1.425;0.045;0.480;21086
B516D9;2015/03/09 01:44:14;21086;93;27.7;25.1;2.641;1.638;1.083;1.458;0.045;0.487;21087
B516D9;2015/03/09 01:44:24;21087;89;29.3;25.1;2.774;1.638;1.080;1.458;0.045;0.480;21088
B516D9;2015/03/09 01:44:34;21088;88;32.5;25.1;2.612;1.645;1.080;1.458;0.067;0.500;21089
B516D9;2015/03/09 01:44:44;21089;93;26.1;25.1;2.741;1.645;1.087;1.458;0.067;0.535;21090
B516D9;2015/03/09 01:44:54;21090;90;28.7;25.3;2.606;1.664;1.087;1.429;0.067;0.496;21091
B516D9;2015/03/09 01:45:04;21091;81;30.9;25.0;2.832;1.664;1.080;1.429;0.067;0.506;21092
B516D9;2015/03/09 01:45:14;21092;81;32.2;25.7;2.738;1.670;1.080;1.429;0.080;0.496;21093
B516D9;2015/03/09 01:45:24;21093;89;29.6;25.3;2.600;1.670;1.125;1.429;0.080;0.500;21094
B516D9;2015/03/09 01:45:34;21094;92;26.4;24.4;2.799;1.645;1.125;1.441;0.080;0.490;21095
B516D9;2015/03/09 01:45:44;21095;89;31.6;25.1;2.822;1.645;1.080;1.441;0.080;0.496;21096
B516D9;2015/03/09 01:45:54;21096;88;26.4;25.0;2.606;1.654;1.080;1.441;0.061;0.496;21097
B516D9;2015/03/09 01:46:04;21097;90;31.6;24.4;2.667;1.654;1.080;1.441;0.061;0.532;21098
B516D9;2015/03/09 01:46:14;21098;79;32.9;25.3;2.806;1.654;1.080;1.438;0.061;0.490;21099
B516D9;2015/03/09 01:46:24;21099;89;26.4;25.1;2.725;1.654;1.138;1.438;0.061;0.506;21100
B516D9;2015/03/09 01:46:34;21100;88;26.4;24.8;2.806;1.645;1.138;1.438;0.058;0.519;21101
B516D9;2015/03/09 01:46:44;21101;89;34.1;24.8;2.641;1.645;1.077;1.438;0.058;0.496;21102
B516D9;2015/03/09 01:46:54;21102;90;33.2;25.3;2.667;1.674;1.077;1.429;0.058;0.525;21103
B516D9;2015/03/09 01:47:04;21103;94;30.9;25.3;2.845;1.674;1.106;1.429;0.058;0.500;21104
B516D9;2015/03/09 01:47:14;21104;80;32.9;25.3;2.609;1.667;1.106;1.429;0.106;0.519;21105
B516D9;2015/03/09 01:47:24;21105;83;26.1;25.3;2.612;1.667;1.090;1.429;0.106;0.496;21106
B516D9;2015/03/09 01:47:34;21106;95;31.6;25.7;2.732;1.645;1.090;1.435;0.106;0.477;21107
B516D9;2015/03/09 01:47:44;21107;89;32.5;24.8;2.774;1.645;1.077;1.435;0.106;0.487;21108
B516D9;2015/03/09 01:47:54;21108;94;26.7;25.0;2.583;1.674;1.077;1.435;0.061;0.477;21109
B516D9;2015/03/09 01:48:04;21109;96;30.9;25.1;2.845;1.674;1.135;1.435;0.061;0.522;21110
B516D9;2015/03/09 01:48:14;21110;84;33.2;25.5;2.612;1.645;1.135;1.467;0.061;0.500;21111
B516D9;2015/03/09 01:48:24;21111;83;33.8;25.1;2.767;1.645;1.099;1.467;0.061;0.470;21112
B516D9;2015/03/09 01:48:34;21112;97;26.7;25.5;2.641;1.638;1.099;1.467;0.058;0.470;21113
B516D9;2015/03/09 01:48:44;21113;93;28.0;24.8;2.787;1.638;1.093;1.467;0.058;0.509;21114
B516D9;2015/03/09 01:48:54;21114;89;31.2;25.8;2.764;1.683;1.093;1.496;0.058;0.519;21115
B516D9;2015/03/09 01:49:04;21115;91;29.3;25.7;2.603;1.683;1.080;1.496;0.058;0.487;21116
B516D9;2015/03/09 01:49:14;21116;83;27.7;25.1;2.590;1.680;1.080;1.496;0.058;0.512;21117
B516D9;2015/03/09 01:49:24;21117;91;32.5;25.1;2.735;1.680;1.099;1.496;0.058;0.487;21118
B516D9;2015/03/09 01:49:34;21118;93;33.5;25.7;2.641;1.645;1.099;1.483;0.058;0.512;21119
B516D9;2015/03/09 01:49:44;21119;88;33.5;24.6;2.783;1.645;1.077;1.483;0.058;0.529;21120
B516D9;2015/03/09 01:49:54;21120;77;33.5;25.8;2.632;1.661;1.077;1.483;0.064;0.483;21121
B516D9;2015/03/09 01:50:04;21121;88;26.1;25.5;2.612;1.661;1.132;1.483;0.064;0.500;21122
B516D9;2015/03/09 01:50:14;21122;97;33.5;25.5;2.616;1.667;1.132;1.448;0.064;0.506;21123
B516D9;2015/03/09 01:50:24;21123;82;27.0;25.5;2.658;1.667;1.135;1.448;0.064;0.487;21124
B516D9;2015/03/09 01:50:34;21124;86;33.5;25.8;2.612;1.638;1.135;1.448;0.058;0.477;21125
B516D9;2015/03/09 01:50:44;21125;92;26.4;25.5;2.632;1.638;1.093;1.448;0.058;0.506;21126
B516D9;2015/03/09 01:50:54;21126;83;29.3;25.1;2.616;1.674;1.093;1.438;0.058;0.500;21127
B516D9;2015/03/09 01:51:04;21127;84;33.5;25.1;2.832;1.674;1.080;1.438;0.058;0.506;21128
B516D9;2015/03/09 01:51:14;21128;95;27.0;25.3;2.583;1.674;1.080;1.438;0.045;0.477;21129
B516D9;2015/03/09 01:51:24;21129;89;26.4;25.7;2.609;1.674;1.090;1.438;0.045;0.506;21130
B516D9;2015/03/09 01:51:34;21130;84;28.3;24.6;2.593;1.654;1.090;1.432;0.045;0.477;21131
B516D9;2015/03/09 01:51:44;21131;78;28.7;25.0;2.825;1.654;1.077;1.432;0.045;0.493;21132
B516D9;2015/03/09 01:51:54;21132;88;30.9;24.8;2.751;1.674;1.077;1.432;0.064;0.477;21133
B516D9;2015/03/09 01:52:04;21133;96;30.9;24.8;2.658;1.674;1.077;1.432;0.064;0.493;21134
B516D9;2015/03/09 01:52:14;21134;97;28.7;25.3;2.612;1.648;1.077;1.422;0.064;0.483;21135
B516D9;2015/03/09 01:52:24;21135;96;30.0;25.7;2.629;1.648;1.122;1.422;0.064;0.483;21136
B516D9;2015/03/09 01:52:34;21136;96;30.6;25.1;2.819;1.677;1.122;1.422;0.054;0.500;21137
B516D9;2015/03/09 01:52:44;21137;83;33.5;25.1;2.725;1.677;1.080;1.422;0.054;0.474;21138
B516D9;2015/03/09 01:52:54;21138;85;33.5;25.5;2.780;1.654;1.080;1.467;0.054;0.512;21139
B516D9;2015/03/09 01:53:04;21139;85;32.5;25.5;2.690;1.654;1.132;1.467;0.054;0.496;21140
B516D9;2015/03/09 01:53:14;21140;86;28.7;25.5;2.583;1.683;1.132;1.467;0.054;0.506;21141
B516D9;2015/03/09 01:53:24;21141;86;34.1;24.8;2.787;1.683;1.080;1.467;0.054;0.487;21142
B516D9;2015/03/09 01:53:34;21142;84;26.4;25.1;2.603;1.638;1.080;1.432;0.054;0.500;21143
B516D9;2015/03/09 01:53:44;21143;88;30.6;25.1;2.845;1.638;1.138;1.432;0.054;0.496;21144
B516D9;2015/03/09 01:53:54;21144;85;31.2;25.8;2.761;1.638;1.138;1.432;0.064;0.522;21145
B516D9;2015/03/09 01:54:04;21145;80;27.7;25.8;2.658;1.638;1.077;1.432;0.064;0.496;21146
B516D9;2015/03/09 01:54:14;21146;80;31.9;25.3;2.693;1.658;1.077;1.432;0.064;0.487;21147
B516D9;2015/03/09 01:54:24;21147;88;33.2;25.0;2.806;1.658;1.077;1.432;0.064;0.512;21148
B516D9;2015/03/09 01:54:34;21148;81;34.8;25.3;2.667;1.658;1.077;1.432;0.058;0.512;21149
B516D9;2015/03/09 01:54:44;21149;92;29.6;25.3;2.590;1.658;1.077;1.432;0.058;0.529;21150
B516D9;2015/03/09 01:54:54;21150;93;26.7;24.6;2.625;1.654;1.077;1.451;0.058;0.496;21151
B516D9;2015/03/09 01:55:04;21151;93;34.1;25.1;2.806;1.654;1.132;1.451;0.058;0.506;21152
B516D9;2015/03/09 01:55:14;21152;83;32.5;25.5;2.622;1.680;1.132;1.451;0.058;0.512;21153
B516D9;2015/03/09 01:55:24;21153;90;31.2;25.3;2.632;1.680;1.103;1.451;0.058;0.500;21154
B516D9;2015/03/09 01:55:34;21154;88;32.2;25.3;2.758;1.645;1.103;1.429;0.058;0.525;21155
B516D9;2015/03/09 01:55:44;21155;93;34.1;24.3;2.799;1.645;1.093;1.429;0.058;0.477;21156
B516D9;2015/03/09 01:55:54;21156;84;27.0;25.1;2.596;1.677;1.093;1.429;0.054;0.519;21157
B516D9;2015/03/09 01:56:04;21157;88;32.2;25.3;2.841;1.677;1.080;1.429;0.054;0.519;21158
B516D9;2015/03/09 01:56:14;21158;96;30.0;25.0;2.609;1.635;1.080;1.467;0.054;0.496;21159
B516D9;2015/03/09 01:56:24;21159;94;30.3;24.8;2.658;1.635;1.119;1.467;0.054;0.512;21160
B516D9;2015/03/09 01:56:34;21160;82;28.0;25.5;2.780;1.635;1.119;1.467;0.058;0.512;21161
B516D9;2015/03/09 01:56:44;21161;81;31.2;25.3;2.609;1.635;1.077;1.467;0.058;0.522;21162
B516D9;2015/03/09 01:56:54;21162;92;30.0;26.0;2.735;1.670;1.077;1.432;0.058;0.519;21163
B516D9;2015/03/09 01:57:04;21163;90;26.4;25.5;2.632;1.670;1.106;1.432;0.058;0.483;21164
B516D9;2015/03/09 01:57:14;21164;90;28.0;25.3;2.799;1.658;1.106;1.432;0.064;0.516;21165
B516D9;2015/03/09 01:57:24;21165;81;32.5;25.0;2.732;1.658;1.077;1.432;0.064;0.477;21166
B516D9;2015/03/09 01:57:34;21166;93;27.4;25.1;2.632;1.645;1.077;1.464;0.064;0.477;21167
B516D9;2015/03/09 01:57:44;21167;80;27.4;25.5;2.658;1.645;1.099;1.464;0.064;0.477;21168
B516D9;2015/03/09 01:57:54;21168;87;30.9;25.7;2.799;1.638;1.099;1.464;0.061;0.506;21169
B516D9;2015/03/09 01:58:04;21169;93;27.0;26.0;2.658;1.638;1.087;1.464;0.061;0.532;21170
B516D9;2015/03/09 01:58:14;21170;80;32.2;25.7;2.799;1.661;1.087;1.458;0.061;0.490;21171
B516D9;2015/03/09 01:58:24;21171;88;29.6;25.3;2.767;1.661;1.135;1.458;0.061;0.522;21172
B516D9;2015/03/09 01:58:34;21172;91;32.9;25.3;2.780;1.648;1.135;1.458;0.058;0.506;21173
B516D9;2015/03/09 01:58:44;21173;88;32.5;25.0;2.690;1.648;1.093;1.458;0.058;0.506;21174
B516D9;2015/03/09 01:58:54;21174;84;30.6;25.7;2.632;1.674;1.093;1.445;0.058;0.519;21175
B516D9;2015/03/09 01:59:04;21175;91;30.9;25.3;2.841;1.674;1.077;1.445;0.058;0.509;21176
B516D9;2015/03/09 01:59:14;21176;76;29.3;25.8;2.619;1.654;1.077;1.445;0.058;0.483;21177
B516D9;2015/03/09 01:59:24;21177;83;31.9;25.1;2.806;1.654;1.093;1.445;0.058;0.541;21178
B516D9;2015/03/09 01:59:34;21178;78;32.9;26.0;2.658;1.658;1.093;1.448;0.058;0.500;21179
B516D9;2015/03/09 01:59:44;21179;81;28.0;25.5;2.780;1.658;1.122;1.448;0.058;0.503;21180
B516D9;2015/03/09 01:59:54;21180;95;31.2;26.0;2.683;1.658;1.122;1.448;0.054;0.483;21181
