B516DA;2015/03/02 00:00:05;19144;85;31.9;26.2;2.729;1.658;1.054;2.419;0.070;1.174;19145
B516DA;2015/03/02 00:00:15;19145;90;27.0;25.8;2.551;1.658;1.012;2.419;0.070;1.196;19146
B516DA;2015/03/02 00:00:25;19146;80;27.7;26.0;2.532;1.658;1.012;2.432;0.070;1.180;19147
B516DA;2015/03/02 00:00:34;19147;89;27.4;26.0;2.641;1.658;1.058;2.432;0.070;1.183;19148
B516DA;2015/03/02 00:00:45;19148;85;26.4;26.3;2.532;1.696;1.058;2.432;0.070;1.190;19149
B516DA;2015/03/02 00:00:54;19149;86;31.2;25.7;2.535;1.696;1.016;2.432;0.070;1.180;19150
B516DA;2015/03/02 00:01:05;19150;88;28.0;26.2;2.577;1.658;1.016;2.487;0.070;1.222;19151
B516DA;2015/03/02 00:01:14;19151;82;31.6;26.0;2.535;1.658;1.000;2.487;0.070;1.180;19152
B516DA;2015/03/02 00:01:25;19152;88;29.3;25.5;2.732;1.683;1.000;2.487;0.125;1.190;19153
B516DA;2015/03/02 00:01:34;19153;88;27.4;26.0;2.651;1.683;1.048;2.487;0.125;1.190;19154
B516DA;2015/03/02 00:01:45;19154;88;27.0;26.7;2.541;1.661;1.048;2.438;0.125;1.177;19155
B516DA;2015/03/02 00:01:54;19155;82;34.1;26.3;2.725;1.661;1.000;2.438;0.125;1.187;19156
B516DA;2015/03/02 00:02:05;19156;84;27.0;26.3;2.538;1.658;1.000;2.438;0.138;1.183;19157
B516DA;2015/03/02 00:02:14;19157;91;27.4;25.7;2.545;1.658;1.003;2.438;0.138;1.170;19158
B516DA;2015/03/02 00:02:25;19158;87;30.0;25.8;2.722;1.674;1.003;2.438;0.138;1.209;19159
B516DA;2015/03/02 00:02:34;19159;84;33.5;26.3;2.703;1.674;1.061;2.438;0.138;1.164;19160
B516DA;2015/03/02 00:02:45;19160;93;26.4;26.3;2.532;1.674;1.061;2.438;0.080;1.193;19161
B516DA;2015/03/02 00:02:55;19161;92;30.9;26.2;2.722;1.674;1.006;2.438;0.080;1.206;19162
B516DA;2015/03/02 00:03:05;19162;86;31.2;26.2;2.683;1.683;1.006;2.467;0.080;1.199;19163
B516DA;2015/03/02 00:03:14;19163;85;30.9;25.5;2.535;1.683;1.006;2.467;0.080;1.190;19164
B516DA;2015/03/02 00:03:25;19164;91;27.0;26.3;2.551;1.699;1.006;2.467;0.070;1.206;19165
B516DA;2015/03/02 00:03:34;19165;81;31.6;25.7;2.551;1.699;1.025;2.467;0.070;1.209;19166
B516DA;2015/03/02 00:03:45;19166;84;31.2;25.8;2.532;1.658;1.025;2.477;0.070;1.187;19167
B516DA;2015/03/02 00:03:55;19167;80;33.5;26.3;2.729;1.658;1.022;2.477;0.070;1.187;19168
B516DA;2015/03/02 00:04:05;19168;90;33.5;25.8;2.619;1.677;1.022;2.477;0.070;1.193;19169
B516DA;2015/03/02 00:04:14;19169;86;30.0;26.0;2.522;1.677;1.061;2.477;0.070;1.183;19170
B516DA;2015/03/02 00:04:25;19170;93;29.3;25.5;2.658;1.696;1.061;2.464;0.070;1.187;19171
B516DA;2015/03/02 00:04:34;19171;88;29.3;26.0;2.703;1.696;1.006;2.464;0.070;1.190;19172
B516DA;2015/03/02 00:04:45;19172;91;32.5;25.7;2.722;1.667;1.006;2.464;0.093;1.235;19173
B516DA;2015/03/02 00:04:54;19173;92;29.6;26.0;2.696;1.667;1.041;2.464;0.093;1.206;19174
B516DA;2015/03/02 00:05:05;19174;88;28.7;25.7;2.622;1.699;1.041;2.448;0.093;1.196;19175
B516DA;2015/03/02 00:05:14;19175;83;29.3;25.8;2.722;1.699;1.003;2.448;0.093;1.222;19176
B516DA;2015/03/02 00:05:25;19176;81;27.4;26.9;2.680;1.661;1.003;2.448;0.070;1.206;19177
B516DA;2015/03/02 00:05:34;19177;83;31.2;26.7;2.719;1.661;1.012;2.448;0.070;1.209;19178
B516DA;2015/03/02 00:05:45;19178;82;26.7;25.8;2.554;1.661;1.012;2.441;0.070;1.206;19179
B516DA;2015/03/02 00:05:54;19179;82;29.3;26.2;2.683;1.661;1.029;2.441;0.070;1.216;19180
B516DA;2015/03/02 00:06:05;19180;90;30.6;26.2;2.716;1.680;1.029;2.441;0.070;1.199;19181
B516DA;2015/03/02 00:06:15;19181;85;27.0;26.0;2.729;1.680;1.048;2.441;0.070;1.164;19182
B516DA;2015/03/02 00:06:25;19182;93;29.6;25.3;2.645;1.661;1.048;2.425;0.070;1.222;19183
B516DA;2015/03/02 00:06:34;19183;83;26.1;25.8;2.558;1.661;1.006;2.425;0.070;1.190;19184
B516DA;2015/03/02 00:06:45;19184;87;28.0;26.3;2.699;1.661;1.006;2.425;0.077;1.161;19185
B516DA;2015/03/02 00:06:54;19185;78;29.6;25.5;2.538;1.661;1.000;2.425;0.077;1.212;19186
B516DA;2015/03/02 00:07:05;19186;83;28.0;26.2;2.690;1.683;1.000;2.429;0.077;1.174;19187
B516DA;2015/03/02 00:07:15;19187;91;30.9;25.5;2.577;1.683;1.006;2.429;0.077;1.190;19188
B516DA;2015/03/02 00:07:25;19188;88;31.6;26.2;2.725;1.674;1.006;2.429;0.087;1.216;19189
B516DA;2015/03/02 00:07:34;19189;77;27.0;26.2;2.729;1.674;1.061;2.429;0.087;1.209;19190
B516DA;2015/03/02 00:07:45;19190;83;27.4;26.0;2.561;1.680;1.061;2.441;0.087;1.219;19191
B516DA;2015/03/02 00:07:55;19191;84;32.5;26.0;2.729;1.680;1.006;2.441;0.087;1.190;19192
B516DA;2015/03/02 00:08:05;19192;83;26.4;26.0;2.532;1.696;1.006;2.441;0.080;1.180;19193
B516DA;2015/03/02 00:08:15;19193;81;34.1;26.5;2.732;1.696;1.022;2.441;0.080;1.209;19194
B516DA;2015/03/02 00:08:25;19194;85;28.7;26.0;2.609;1.661;1.022;2.425;0.080;1.170;19195
B516DA;2015/03/02 00:08:35;19195;84;31.2;26.2;2.748;1.661;1.016;2.425;0.080;1.212;19196
B516DA;2015/03/02 00:08:45;19196;84;30.3;26.0;2.538;1.706;1.016;2.425;0.080;1.177;19197
B516DA;2015/03/02 00:08:55;19197;83;30.0;26.2;2.596;1.706;1.022;2.425;0.080;1.174;19198
B516DA;2015/03/02 00:09:05;19198;85;30.3;26.2;2.522;1.696;1.022;2.461;0.080;1.177;19199
B516DA;2015/03/02 00:09:15;19199;86;28.7;26.3;2.709;1.696;1.058;2.461;0.080;1.203;19200
B516DA;2015/03/02 00:09:25;19200;83;30.9;26.2;2.593;1.670;1.058;2.461;0.070;1.180;19201
B516DA;2015/03/02 00:09:34;19201;82;28.0;26.7;2.741;1.670;1.019;2.461;0.070;1.167;19202
B516DA;2015/03/02 00:09:45;19202;86;27.0;26.5;2.548;1.683;1.019;2.412;0.070;1.174;19203
B516DA;2015/03/02 00:09:55;19203;91;26.4;26.2;2.577;1.683;1.035;2.412;0.070;1.206;19204
B516DA;2015/03/02 00:10:05;19204;84;32.9;26.3;2.690;1.677;1.035;2.412;0.080;1.190;19205
B516DA;2015/03/02 00:10:15;19205;83;30.3;26.0;2.538;1.677;1.003;2.412;0.080;1.209;19206
B516DA;2015/03/02 00:10:25;19206;88;33.5;26.2;2.687;1.687;1.003;2.441;0.080;1.209;19207
B516DA;2015/03/02 00:10:35;19207;82;28.7;26.5;2.696;1.687;1.061;2.441;0.080;1.170;19208
B516DA;2015/03/02 00:10:45;19208;79;28.7;25.7;2.622;1.690;1.061;2.441;0.070;1.196;19209
B516DA;2015/03/02 00:10:55;19209;81;32.2;26.2;2.525;1.690;1.006;2.441;0.070;1.212;19210
B516DA;2015/03/02 00:11:05;19210;85;33.8;25.3;2.641;1.664;1.006;2.483;0.070;1.161;19211
B516DA;2015/03/02 00:11:15;19211;82;29.6;26.2;2.716;1.664;1.003;2.483;0.070;1.164;19212
B516DA;2015/03/02 00:11:25;19212;78;29.6;25.3;2.648;1.677;1.003;2.483;0.064;1.167;19213
B516DA;2015/03/02 00:11:35;19213;85;31.6;26.2;2.722;1.677;1.054;2.483;0.064;1.158;19214
B516DA;2015/03/02 00:11:45;19214;87;27.0;26.7;2.548;1.677;1.054;2.429;0.064;1.183;19215
B516DA;2015/03/02 00:11:55;19215;89;27.0;26.0;2.741;1.677;1.054;2.429;0.064;1.203;19216
B516DA;2015/03/02 00:12:05;19216;89;30.6;26.5;2.525;1.664;1.054;2.429;0.077;1.190;19217
B516DA;2015/03/02 00:12:15;19217;77;31.2;25.7;2.538;1.664;1.003;2.429;0.077;1.167;19218
B516DA;2015/03/02 00:12:25;19218;83;29.3;25.5;2.648;1.696;1.003;2.419;0.077;1.183;19219
B516DA;2015/03/02 00:12:35;19219;81;31.2;25.7;2.538;1.696;1.006;2.419;0.077;1.177;19220
B516DA;2015/03/02 00:12:45;19220;82;33.5;26.0;2.741;1.664;1.006;2.419;0.099;1.190;19221
B516DA;2015/03/02 00:12:55;19221;84;26.4;26.3;2.538;1.664;1.061;2.419;0.099;1.180;19222
B516DA;2015/03/02 00:13:05;19222;89;27.0;26.5;2.535;1.690;1.061;2.458;0.099;1.164;19223
B516DA;2015/03/02 00:13:15;19223;83;31.6;25.5;2.606;1.690;1.006;2.458;0.099;1.180;19224
B516DA;2015/03/02 00:13:25;19224;88;27.7;26.3;2.538;1.674;1.006;2.458;0.077;1.174;19225
B516DA;2015/03/02 00:13:35;19225;88;30.0;25.5;2.529;1.674;1.064;2.458;0.077;1.212;19226
B516DA;2015/03/02 00:13:45;19226;85;32.5;25.8;2.683;1.670;1.064;2.470;0.077;1.229;19227
B516DA;2015/03/02 00:13:55;19227;87;32.2;26.2;2.748;1.670;1.009;2.470;0.077;1.187;19228
B516DA;2015/03/02 00:14:05;19228;78;28.7;25.8;2.648;1.699;1.009;2.470;0.077;1.180;19229
B516DA;2015/03/02 00:14:15;19229;77;32.2;25.8;2.558;1.699;1.061;2.470;0.077;1.209;19230
B516DA;2015/03/02 00:14:25;19230;85;32.5;25.7;2.748;1.696;1.061;2.474;0.077;1.216;19231
B516DA;2015/03/02 00:14:35;19231;78;29.3;26.2;2.545;1.696;1.009;2.474;0.077;1.190;19232
B516DA;2015/03/02 00:14:45;19232;88;32.9;26.5;2.525;1.667;1.009;2.474;0.141;1.180;19233
B516DA;2015/03/02 00:14:55;19233;86;32.5;26.3;2.670;1.667;1.009;2.474;0.141;1.199;19234
B516DA;2015/03/02 00:15:05;19234;91;32.9;26.3;2.709;1.709;1.009;2.438;0.141;1.222;19235
B516DA;2015/03/02 00:15:15;19235;82;28.0;26.3;2.748;1.709;1.012;2.438;0.141;1.174;19236
B516DA;2015/03/02 00:15:25;19236;91;30.0;26.5;2.729;1.667;1.012;2.438;0.080;1.183;19237
B516DA;2015/03/02 00:15:35;19237;84;32.9;26.0;2.722;1.667;1.006;2.438;0.080;1.190;19238
B516DA;2015/03/02 00:15:45;19238;93;30.9;26.7;2.522;1.699;1.006;2.425;0.080;1.190;19239
B516DA;2015/03/02 00:15:55;19239;83;30.6;26.0;2.735;1.699;1.006;2.425;0.080;1.180;19240
B516DA;2015/03/02 00:16:05;19240;91;33.5;26.2;2.703;1.667;1.006;2.425;0.077;1.193;19241
B516DA;2015/03/02 00:16:15;19241;91;28.7;26.3;2.577;1.667;1.067;2.425;0.077;1.180;19242
B516DA;2015/03/02 00:16:25;19242;78;30.3;25.8;2.661;1.667;1.067;2.483;0.077;1.193;19243
B516DA;2015/03/02 00:16:35;19243;85;29.0;26.3;2.725;1.667;1.054;2.483;0.077;1.167;19244
B516DA;2015/03/02 00:16:45;19244;83;29.3;26.0;2.525;1.674;1.054;2.483;0.196;1.193;19245
B516DA;2015/03/02 00:16:55;19245;83;27.4;26.2;2.554;1.674;1.054;2.483;0.196;1.203;19246
B516DA;2015/03/02 00:17:05;19246;92;29.3;25.3;2.629;1.667;1.054;2.474;0.196;1.174;19247
B516DA;2015/03/02 00:17:15;19247;88;32.9;26.3;2.748;1.667;1.009;2.474;0.196;1.212;19248
B516DA;2015/03/02 00:17:25;19248;91;30.0;26.2;2.741;1.699;1.009;2.474;0.058;1.222;19249
B516DA;2015/03/02 00:17:35;19249;84;32.2;26.0;2.529;1.699;1.067;2.474;0.058;1.216;19250
B516DA;2015/03/02 00:17:45;19250;91;27.0;25.7;2.670;1.674;1.067;2.448;0.058;1.209;19251
B516DA;2015/03/02 00:17:55;19251;89;31.6;25.5;2.538;1.674;1.019;2.448;0.058;1.206;19252
B516DA;2015/03/02 00:18:05;19252;85;28.3;25.8;2.632;1.696;1.019;2.448;0.080;1.196;19253
B516DA;2015/03/02 00:18:15;19253;86;30.6;26.5;2.532;1.696;1.048;2.448;0.080;1.174;19254
B516DA;2015/03/02 00:18:25;19254;86;26.7;26.0;2.538;1.709;1.048;2.458;0.080;1.216;19255
B516DA;2015/03/02 00:18:35;19255;83;32.2;25.5;2.535;1.709;1.009;2.458;0.080;1.196;19256
B516DA;2015/03/02 00:18:45;19256;81;26.4;26.0;2.641;1.693;1.009;2.458;0.061;1.187;19257
B516DA;2015/03/02 00:18:55;19257;82;27.0;26.2;2.609;1.693;1.016;2.458;0.061;1.196;19258
B516DA;2015/03/02 00:19:05;19258;88;30.6;26.2;2.709;1.670;1.016;2.454;0.061;1.196;19259
B516DA;2015/03/02 00:19:15;19259;82;31.6;26.7;2.654;1.670;1.045;2.454;0.061;1.154;19260
B516DA;2015/03/02 00:19:25;19260;91;30.9;26.7;2.532;1.699;1.045;2.454;0.093;1.177;19261
B516DA;2015/03/02 00:19:35;19261;80;27.7;26.3;2.670;1.699;1.009;2.454;0.093;1.193;19262
B516DA;2015/03/02 00:19:45;19262;83;33.5;26.2;2.693;1.680;1.009;2.461;0.093;1.167;19263
B516DA;2015/03/02 00:19:55;19263;79;31.9;26.2;2.541;1.680;1.041;2.461;0.093;1.196;19264
B516DA;2015/03/02 00:20:05;19264;85;30.3;26.7;2.532;1.677;1.041;2.461;0.087;1.167;19265
B516DA;2015/03/02 00:20:15;19265;83;28.0;26.5;2.748;1.677;1.035;2.461;0.087;1.164;19266
B516DA;2015/03/02 00:20:25;19266;87;26.4;26.3;2.529;1.680;1.035;2.458;0.087;1.180;19267
B516DA;2015/03/02 00:20:35;19267;84;28.7;26.3;2.683;1.680;1.016;2.458;0.087;1.187;19268
B516DA;2015/03/02 00:20:45;19268;89;26.4;26.7;2.632;1.712;1.016;2.458;0.138;1.170;19269
B516DA;2015/03/02 00:20:55;19269;88;31.9;26.2;2.545;1.712;1.029;2.458;0.138;1.174;19270
B516DA;2015/03/02 00:21:05;19270;82;29.6;25.7;2.648;1.696;1.029;2.496;0.138;1.203;19271
B516DA;2015/03/02 00:21:15;19271;85;32.2;26.7;2.748;1.696;1.025;2.496;0.138;1.167;19272
B516DA;2015/03/02 00:21:25;19272;86;26.7;26.0;2.558;1.687;1.025;2.496;0.070;1.183;19273
B516DA;2015/03/02 00:21:35;19273;88;31.6;26.2;2.683;1.687;1.067;2.496;0.070;1.174;19274
B516DA;2015/03/02 00:21:45;19274;85;32.5;25.8;2.667;1.674;1.067;2.458;0.070;1.199;19275
B516DA;2015/03/02 00:21:55;19275;88;30.0;26.0;2.535;1.674;1.012;2.458;0.070;1.183;19276
B516DA;2015/03/02 00:22:05;19276;92;29.0;26.7;2.732;1.716;1.012;2.458;0.070;1.170;19277
B516DA;2015/03/02 00:22:15;19277;75;30.9;26.3;2.735;1.716;1.032;2.458;0.070;1.174;19278
B516DA;2015/03/02 00:22:25;19278;83;31.2;26.2;2.696;1.693;1.032;2.493;0.070;1.222;19279
B516DA;2015/03/02 00:22:35;19279;82;27.0;26.3;2.654;1.693;1.012;2.493;0.070;1.174;19280
B516DA;2015/03/02 00:22:45;19280;75;31.2;26.2;2.529;1.674;1.012;2.493;0.187;1.199;19281
B516DA;2015/03/02 00:22:55;19281;85;27.4;26.3;2.632;1.674;1.012;2.493;0.187;1.167;19282
B516DA;2015/03/02 00:23:05;19282;83;28.7;25.8;2.641;1.674;1.012;2.438;0.187;1.187;19283
B516DA;2015/03/02 00:23:15;19283;91;26.4;26.2;2.596;1.674;1.009;2.438;0.187;1.203;19284
B516DA;2015/03/02 00:23:25;19284;88;30.6;26.3;2.680;1.674;1.009;2.438;0.070;1.154;19285
B516DA;2015/03/02 00:23:35;19285;81;28.0;26.2;2.748;1.674;1.012;2.438;0.070;1.167;19286
B516DA;2015/03/02 00:23:45;19286;85;31.2;26.2;2.725;1.680;1.012;2.425;0.070;1.177;19287
B516DA;2015/03/02 00:23:55;19287;84;30.6;26.3;2.535;1.680;1.074;2.425;0.070;1.203;19288
B516DA;2015/03/02 00:24:05;19288;78;28.7;25.8;2.729;1.703;1.074;2.425;0.093;1.190;19289
B516DA;2015/03/02 00:24:15;19289;86;33.8;26.2;2.696;1.703;1.012;2.425;0.093;1.167;19290
B516DA;2015/03/02 00:24:25;19290;88;30.6;26.3;2.709;1.719;1.012;2.441;0.093;1.180;19291
B516DA;2015/03/02 00:24:35;19291;75;28.7;26.3;2.683;1.719;1.041;2.441;0.093;1.180;19292
B516DA;2015/03/02 00:24:45;19292;83;32.5;26.0;2.735;1.687;1.041;2.441;0.119;1.190;19293
B516DA;2015/03/02 00:24:55;19293;86;33.5;26.3;2.703;1.687;1.016;2.441;0.119;1.209;19294
B516DA;2015/03/02 00:25:05;19294;83;28.0;26.3;2.696;1.693;1.016;2.429;0.119;1.170;19295
B516DA;2015/03/02 00:25:15;19295;84;26.7;26.5;2.722;1.693;1.019;2.429;0.119;1.206;19296
B516DA;2015/03/02 00:25:25;19296;92;27.7;26.3;2.538;1.716;1.019;2.429;0.112;1.199;19297
B516DA;2015/03/02 00:25:35;19297;89;29.3;26.3;2.716;1.716;1.019;2.429;0.112;1.161;19298
B516DA;2015/03/02 00:25:45;19298;74;30.3;26.2;2.532;1.703;1.019;2.487;0.112;1.177;19299
B516DA;2015/03/02 00:25:55;19299;85;28.3;26.3;2.696;1.703;1.016;2.487;0.112;1.167;19300
B516DA;2015/03/02 00:26:05;19300;83;31.2;26.2;2.696;1.703;1.016;2.487;0.080;1.167;19301
B516DA;2015/03/02 00:26:15;19301;83;30.9;26.0;2.748;1.703;1.067;2.487;0.080;1.170;19302
B516DA;2015/03/02 00:26:25;19302;89;30.3;25.5;2.741;1.683;1.067;2.451;0.080;1.167;19303
B516DA;2015/03/02 00:26:35;19303;84;26.4;26.5;2.609;1.683;1.061;2.451;0.080;1.174;19304
B516DA;2015/03/02 00:26:45;19304;86;30.9;26.2;2.732;1.712;1.061;2.451;0.119;1.193;19305
B516DA;2015/03/02 00:26:55;19305;88;30.6;26.5;2.748;1.712;1.016;2.451;0.119;1.203;19306
B516DA;2015/03/02 00:27:05;19306;85;29.0;26.2;2.729;1.674;1.016;2.483;0.119;1.177;19307
B516DA;2015/03/02 00:27:15;19307;86;29.3;26.2;2.703;1.674;1.016;2.483;0.119;1.174;19308
B516DA;2015/03/02 00:27:25;19308;78;27.0;26.5;2.538;1.712;1.016;2.483;0.074;1.199;19309
B516DA;2015/03/02 00:27:35;19309;88;26.4;26.2;2.716;1.712;1.025;2.483;0.074;1.225;19310
B516DA;2015/03/02 00:27:45;19310;84;27.7;25.5;2.729;1.687;1.025;2.448;0.074;1.183;19311
B516DA;2015/03/02 00:27:55;19311;86;32.2;26.5;2.751;1.687;1.067;2.448;0.074;1.180;19312
B516DA;2015/03/02 00:28:05;19312;91;27.0;25.7;2.596;1.677;1.067;2.448;0.061;1.180;19313
B516DA;2015/03/02 00:28:15;19313;83;31.6;25.7;2.535;1.677;1.061;2.448;0.061;1.180;19314
B516DA;2015/03/02 00:28:25;19314;74;29.0;26.7;2.748;1.677;1.061;2.480;0.061;1.180;19315
B516DA;2015/03/02 00:28:35;19315;86;34.1;26.3;2.729;1.677;1.025;2.480;0.061;1.180;19316
B516DA;2015/03/02 00:28:45;19316;92;27.7;26.3;2.541;1.696;1.025;2.480;0.070;1.229;19317
B516DA;2015/03/02 00:28:55;19317;79;33.5;26.3;2.690;1.696;1.016;2.480;0.070;1.190;19318
B516DA;2015/03/02 00:29:05;19318;83;29.6;25.5;2.658;1.690;1.016;2.525;0.070;1.187;19319
B516DA;2015/03/02 00:29:15;19319;84;30.0;26.5;2.729;1.690;1.035;2.525;0.070;1.203;19320
B516DA;2015/03/02 00:29:25;19320;83;29.3;26.0;2.667;1.716;1.035;2.525;0.087;1.203;19321
B516DA;2015/03/02 00:29:35;19321;86;32.5;26.3;2.703;1.716;1.064;2.525;0.087;1.177;19322
B516DA;2015/03/02 00:29:45;19322;77;29.0;25.5;2.719;1.674;1.064;2.519;0.087;1.177;19323
B516DA;2015/03/02 00:29:55;19323;88;31.6;26.7;2.751;1.674;1.012;2.519;0.087;1.206;19324
B516DA;2015/03/02 00:30:05;19324;91;31.6;26.2;2.687;1.677;1.012;2.519;0.074;1.187;19325
B516DA;2015/03/02 00:30:15;19325;87;28.0;26.0;2.545;1.677;1.048;2.519;0.074;1.199;19326
B516DA;2015/03/02 00:30:25;19326;88;27.0;26.9;2.545;1.687;1.048;2.480;0.074;1.203;19327
B516DA;2015/03/02 00:30:35;19327;76;34.5;26.0;2.716;1.687;1.019;2.480;0.074;1.199;19328
B516DA;2015/03/02 00:30:45;19328;89;31.6;26.0;2.748;1.674;1.019;2.480;0.080;1.206;19329
B516DA;2015/03/02 00:30:55;19329;78;32.5;26.3;2.696;1.674;1.019;2.480;0.080;1.177;19330
B516DA;2015/03/02 00:31:05;19330;90;33.5;25.3;2.748;1.719;1.019;2.448;0.080;1.229;19331
B516DA;2015/03/02 00:31:15;19331;91;27.0;26.5;2.622;1.719;1.067;2.448;0.080;1.174;19332
B516DA;2015/03/02 00:31:25;19332;78;27.7;26.0;2.716;1.703;1.067;2.448;0.099;1.193;19333
B516DA;2015/03/02 00:31:35;19333;88;27.0;26.2;2.741;1.703;1.041;2.448;0.099;1.212;19334
B516DA;2015/03/02 00:31:45;19334;84;27.7;26.2;2.577;1.716;1.041;2.500;0.099;1.193;19335
B516DA;2015/03/02 00:31:55;19335;80;26.4;26.5;2.596;1.716;1.074;2.500;0.099;1.222;19336
B516DA;2015/03/02 00:32:05;19336;87;32.5;26.2;2.580;1.706;1.074;2.500;0.087;1.212;19337
B516DA;2015/03/02 00:32:15;19337;78;30.9;26.7;2.729;1.706;1.064;2.500;0.087;1.212;19338
B516DA;2015/03/02 00:32:25;19338;88;34.1;26.2;2.680;1.703;1.064;2.477;0.087;1.196;19339
B516DA;2015/03/02 00:32:35;19339;83;27.4;26.0;2.748;1.703;1.070;2.477;0.087;1.174;19340
B516DA;2015/03/02 00:32:45;19340;83;31.2;26.5;2.729;1.696;1.070;2.477;0.116;1.209;19341
B516DA;2015/03/02 00:32:55;19341;80;30.3;25.7;2.570;1.696;1.054;2.477;0.116;1.174;19342
B516DA;2015/03/02 00:33:05;19342;92;30.9;26.0;2.525;1.703;1.054;2.461;0.116;1.190;19343
B516DA;2015/03/02 00:33:15;19343;91;30.6;26.7;2.545;1.703;1.067;2.461;0.116;1.183;19344
B516DA;2015/03/02 00:33:25;19344;74;28.3;26.3;2.538;1.709;1.067;2.461;0.077;1.196;19345
B516DA;2015/03/02 00:33:35;19345;89;29.6;26.7;2.729;1.709;1.054;2.461;0.077;1.180;19346
B516DA;2015/03/02 00:33:45;19346;81;27.4;26.3;2.564;1.722;1.054;2.487;0.077;1.177;19347
B516DA;2015/03/02 00:33:55;19347;87;32.9;26.2;2.751;1.722;1.019;2.487;0.077;1.187;19348
B516DA;2015/03/02 00:34:05;19348;90;30.9;26.5;2.535;1.699;1.019;2.487;0.058;1.196;19349
B516DA;2015/03/02 00:34:15;19349;86;29.6;26.3;2.619;1.699;1.054;2.487;0.058;1.180;19350
B516DA;2015/03/02 00:34:25;19350;90;32.2;26.2;2.699;1.706;1.054;2.474;0.058;1.177;19351
B516DA;2015/03/02 00:34:35;19351;83;26.1;26.5;2.570;1.706;1.048;2.474;0.058;1.161;19352
B516DA;2015/03/02 00:34:45;19352;79;26.4;26.3;2.538;1.703;1.048;2.474;0.070;1.177;19353
B516DA;2015/03/02 00:34:55;19353;84;26.4;26.2;2.570;1.703;1.019;2.474;0.070;1.187;19354
B516DA;2015/03/02 00:35:05;19354;77;30.0;26.0;2.570;1.687;1.019;2.467;0.070;1.209;19355
B516DA;2015/03/02 00:35:15;19355;84;30.0;26.5;2.709;1.687;1.041;2.467;0.070;1.187;19356
B516DA;2015/03/02 00:35:25;19356;88;32.2;26.7;2.658;1.687;1.041;2.467;0.170;1.219;19357
B516DA;2015/03/02 00:35:35;19357;78;27.4;26.5;2.732;1.687;1.064;2.467;0.170;1.167;19358
B516DA;2015/03/02 00:35:45;19358;81;31.6;26.5;2.548;1.699;1.064;2.429;0.170;1.177;19359
B516DA;2015/03/02 00:35:55;19359;81;26.1;26.2;2.570;1.699;1.067;2.429;0.170;1.203;19360
B516DA;2015/03/02 00:36:05;19360;85;30.6;26.2;2.696;1.716;1.067;2.429;0.077;1.170;19361
B516DA;2015/03/02 00:36:15;19361;91;34.8;26.3;2.741;1.716;1.038;2.429;0.077;1.196;19362
B516DA;2015/03/02 00:36:25;19362;84;30.9;26.9;2.564;1.680;1.038;2.445;0.077;1.161;19363
B516DA;2015/03/02 00:36:35;19363;87;27.4;26.2;2.645;1.680;1.019;2.445;0.077;1.174;19364
B516DA;2015/03/02 00:36:45;19364;82;26.4;26.5;2.545;1.712;1.019;2.445;0.167;1.161;19365
B516DA;2015/03/02 00:36:55;19365;88;30.6;26.3;2.754;1.712;1.019;2.445;0.167;1.219;19366
B516DA;2015/03/02 00:37:05;19366;83;26.4;26.3;2.538;1.703;1.019;2.438;0.167;1.203;19367
B516DA;2015/03/02 00:37:15;19367;81;28.7;26.7;2.729;1.703;1.077;2.438;0.167;1.177;19368
B516DA;2015/03/02 00:37:25;19368;91;29.6;25.7;2.754;1.680;1.077;2.438;0.112;1.170;19369
B516DA;2015/03/02 00:37:35;19369;81;27.0;26.5;2.606;1.680;1.016;2.438;0.112;1.167;19370
B516DA;2015/03/02 00:37:45;19370;82;27.0;26.7;2.564;1.699;1.016;2.409;0.112;1.161;19371
B516DA;2015/03/02 00:37:55;19371;89;27.7;26.7;2.683;1.699;1.019;2.409;0.112;1.193;19372
B516DA;2015/03/02 00:38:05;19372;77;34.1;26.5;2.712;1.722;1.019;2.409;0.064;1.206;19373
B516DA;2015/03/02 00:38:15;19373;84;30.9;26.7;2.741;1.722;1.035;2.409;0.064;1.164;19374
B516DA;2015/03/02 00:38:25;19374;84;26.4;26.5;2.554;1.703;1.035;2.432;0.064;1.183;19375
B516DA;2015/03/02 00:38:35;19375;76;31.6;26.3;2.754;1.703;1.025;2.432;0.064;1.170;19376
B516DA;2015/03/02 00:38:45;19376;91;27.7;26.5;2.548;1.680;1.025;2.432;0.067;1.164;19377
B516DA;2015/03/02 00:38:55;19377;89;30.0;26.2;2.535;1.680;1.077;2.432;0.067;1.177;19378
B516DA;2015/03/02 00:39:05;19378;79;30.3;26.3;2.529;1.706;1.077;2.422;0.067;1.158;19379
B516DA;2015/03/02 00:39:15;19379;80;31.6;26.3;2.538;1.706;1.019;2.422;0.067;1.190;19380
B516DA;2015/03/02 00:39:25;19380;85;28.7;26.3;2.541;1.687;1.019;2.422;0.064;1.196;19381
B516DA;2015/03/02 00:39:35;19381;84;30.9;25.7;2.558;1.687;1.022;2.422;0.064;1.190;19382
B516DA;2015/03/02 00:39:45;19382;92;31.9;26.7;2.748;1.709;1.022;2.432;0.064;1.183;19383
B516DA;2015/03/02 00:39:55;19383;90;31.2;25.5;2.612;1.709;1.029;2.432;0.064;1.151;19384
B516DA;2015/03/02 00:40:05;19384;81;26.4;26.3;2.545;1.693;1.029;2.432;0.077;1.148;19385
B516DA;2015/03/02 00:40:15;19385;86;26.4;26.0;2.670;1.693;1.074;2.432;0.077;1.170;19386
B516DA;2015/03/02 00:40:25;19386;84;33.5;26.2;2.648;1.683;1.074;2.412;0.077;1.183;19387
B516DA;2015/03/02 00:40:35;19387;75;30.3;26.3;2.564;1.683;1.022;2.412;0.077;1.154;19388
B516DA;2015/03/02 00:40:45;19388;83;28.0;26.3;2.722;1.690;1.022;2.412;0.064;1.167;19389
B516DA;2015/03/02 00:40:55;19389;85;31.9;26.0;2.551;1.690;1.022;2.412;0.064;1.158;19390
B516DA;2015/03/02 00:41:05;19390;87;32.9;26.7;2.729;1.722;1.022;2.403;0.064;1.148;19391
B516DA;2015/03/02 00:41:15;19391;83;32.9;26.2;2.748;1.722;1.032;2.403;0.064;1.193;19392
B516DA;2015/03/02 00:41:25;19392;90;30.9;26.3;2.667;1.709;1.032;2.403;0.067;1.190;19393
B516DA;2015/03/02 00:41:35;19393;80;29.0;26.0;2.622;1.709;1.029;2.403;0.067;1.187;19394
B516DA;2015/03/02 00:41:45;19394;81;31.2;26.2;2.583;1.683;1.029;2.470;0.067;1.174;19395
B516DA;2015/03/02 00:41:55;19395;87;30.9;26.0;2.538;1.683;1.080;2.470;0.067;1.141;19396
B516DA;2015/03/02 00:42:05;19396;85;32.5;25.7;2.641;1.709;1.080;2.470;0.077;1.190;19397
B516DA;2015/03/02 00:42:15;19397;74;29.0;26.3;2.690;1.709;1.070;2.470;0.077;1.148;19398
B516DA;2015/03/02 00:42:25;19398;86;31.2;26.2;2.674;1.699;1.070;2.477;0.077;1.190;19399
B516DA;2015/03/02 00:42:35;19399;85;26.7;26.2;2.570;1.699;1.080;2.477;0.077;1.154;19400
B516DA;2015/03/02 00:42:45;19400;83;29.0;26.5;2.732;1.683;1.080;2.477;0.058;1.190;19401
B516DA;2015/03/02 00:42:55;19401;83;26.4;26.0;2.696;1.683;1.035;2.477;0.058;1.183;19402
B516DA;2015/03/02 00:43:05;19402;85;27.7;26.9;2.577;1.703;1.035;2.441;0.058;1.167;19403
B516DA;2015/03/02 00:43:15;19403;83;26.4;26.2;2.583;1.703;1.035;2.441;0.058;1.203;19404
B516DA;2015/03/02 00:43:25;19404;77;28.7;25.8;2.741;1.693;1.035;2.441;0.070;1.154;19405
B516DA;2015/03/02 00:43:35;19405;88;31.9;26.9;2.754;1.693;1.077;2.441;0.070;1.154;19406
B516DA;2015/03/02 00:43:45;19406;84;27.4;26.0;2.567;1.683;1.077;2.461;0.070;1.199;19407
B516DA;2015/03/02 00:43:55;19407;75;30.6;26.2;2.748;1.683;1.032;2.461;0.070;1.183;19408
B516DA;2015/03/02 00:44:05;19408;92;29.6;26.7;2.538;1.722;1.032;2.461;0.112;1.158;19409
B516DA;2015/03/02 00:44:15;19409;88;26.7;26.0;2.683;1.722;1.022;2.461;0.112;1.174;19410
B516DA;2015/03/02 00:44:25;19410;79;28.7;26.0;2.738;1.706;1.022;2.422;0.112;1.161;19411
B516DA;2015/03/02 00:44:35;19411;85;32.5;26.2;2.696;1.706;1.067;2.422;0.112;1.203;19412
B516DA;2015/03/02 00:44:45;19412;82;26.4;26.3;2.545;1.719;1.067;2.422;0.106;1.161;19413
B516DA;2015/03/02 00:44:55;19413;80;32.9;26.3;2.745;1.719;1.019;2.422;0.106;1.158;19414
B516DA;2015/03/02 00:45:05;19414;83;28.7;25.8;2.748;1.706;1.019;2.441;0.106;1.187;19415
B516DA;2015/03/02 00:45:15;19415;86;31.6;26.2;2.551;1.706;1.019;2.441;0.106;1.187;19416
B516DA;2015/03/02 00:45:25;19416;85;30.9;26.3;2.725;1.683;1.019;2.441;0.070;1.209;19417
B516DA;2015/03/02 00:45:35;19417;79;32.5;26.3;2.641;1.683;1.061;2.441;0.070;1.174;19418
B516DA;2015/03/02 00:45:45;19418;80;27.4;26.2;2.616;1.693;1.061;2.474;0.070;1.180;19419
B516DA;2015/03/02 00:45:55;19419;78;32.9;26.3;2.722;1.693;1.054;2.474;0.070;1.167;19420
B516DA;2015/03/02 00:46:05;19420;85;29.6;26.2;2.674;1.712;1.054;2.474;0.070;1.161;19421
B516DA;2015/03/02 00:46:15;19421;81;30.3;26.7;2.758;1.712;1.077;2.474;0.070;1.167;19422
B516DA;2015/03/02 00:46:25;19422;86;30.0;26.2;2.548;1.716;1.077;2.464;0.070;1.158;19423
B516DA;2015/03/02 00:46:35;19423;90;28.7;26.3;2.683;1.716;1.019;2.464;0.070;1.180;19424
B516DA;2015/03/02 00:46:45;19424;87;27.4;26.0;2.570;1.722;1.019;2.464;0.080;1.206;19425
B516DA;2015/03/02 00:46:55;19425;87;28.0;26.2;2.748;1.722;1.077;2.464;0.080;1.190;19426
B516DA;2015/03/02 00:47:05;19426;89;29.3;25.8;2.748;1.687;1.077;2.438;0.080;1.177;19427
B516DA;2015/03/02 00:47:15;19427;91;31.6;26.5;2.735;1.687;1.077;2.438;0.080;1.177;19428
B516DA;2015/03/02 00:47:25;19428;87;29.0;25.8;2.641;1.699;1.077;2.438;0.093;1.212;19429
B516DA;2015/03/02 00:47:35;19429;79;28.7;26.3;2.699;1.699;1.077;2.438;0.093;1.167;19430
B516DA;2015/03/02 00:47:45;19430;82;28.3;25.8;2.590;1.706;1.077;2.425;0.093;1.164;19431
B516DA;2015/03/02 00:47:55;19431;74;28.0;26.3;2.658;1.706;1.045;2.425;0.093;1.167;19432
B516DA;2015/03/02 00:48:05;19432;88;30.0;26.5;2.548;1.683;1.045;2.425;0.077;1.187;19433
B516DA;2015/03/02 00:48:15;19433;79;27.0;26.0;2.722;1.683;1.022;2.425;0.077;1.154;19434
B516DA;2015/03/02 00:48:25;19434;80;30.6;26.0;2.703;1.699;1.022;2.487;0.077;1.161;19435
B516DA;2015/03/02 00:48:35;19435;79;29.6;25.5;2.629;1.699;1.048;2.487;0.077;1.161;19436
B516DA;2015/03/02 00:48:45;19436;80;32.2;26.5;2.754;1.699;1.048;2.487;0.129;1.209;19437
B516DA;2015/03/02 00:48:55;19437;82;26.4;26.5;2.703;1.699;1.019;2.487;0.129;1.180;19438
B516DA;2015/03/02 00:49:05;19438;82;28.7;26.0;2.722;1.699;1.019;2.490;0.129;1.174;19439
B516DA;2015/03/02 00:49:15;19439;81;30.3;25.5;2.558;1.699;1.025;2.490;0.129;1.161;19440
B516DA;2015/03/02 00:49:25;19440;86;28.0;26.5;2.538;1.706;1.025;2.490;0.138;1.167;19441
B516DA;2015/03/02 00:49:35;19441;90;26.4;26.0;2.709;1.706;1.074;2.490;0.138;1.164;19442
B516DA;2015/03/02 00:49:45;19442;85;33.2;26.7;2.532;1.706;1.074;2.480;0.138;1.180;19443
B516DA;2015/03/02 00:49:55;19443;86;30.0;26.2;2.548;1.706;1.074;2.480;0.138;1.187;19444
B516DA;2015/03/02 00:50:05;19444;86;27.4;25.8;2.583;1.712;1.074;2.480;0.074;1.187;19445
B516DA;2015/03/02 00:50:15;19445;83;26.4;26.2;2.583;1.712;1.035;2.480;0.074;1.219;19446
B516DA;2015/03/02 00:50:25;19446;74;26.7;27.0;2.551;1.703;1.035;2.477;0.074;1.170;19447
B516DA;2015/03/02 00:50:35;19447;83;31.2;26.2;2.754;1.703;1.067;2.477;0.074;1.177;19448
B516DA;2015/03/02 00:50:45;19448;85;30.3;26.2;2.699;1.719;1.067;2.477;0.067;1.177;19449
B516DA;2015/03/02 00:50:55;19449;92;27.4;26.2;2.622;1.719;1.074;2.477;0.067;1.183;19450
B516DA;2015/03/02 00:51:05;19450;86;31.2;25.8;2.687;1.683;1.074;2.464;0.067;1.196;19451
B516DA;2015/03/02 00:51:15;19451;83;30.9;26.2;2.564;1.683;1.074;2.464;0.067;1.158;19452
B516DA;2015/03/02 00:51:25;19452;84;32.9;26.2;2.667;1.725;1.074;2.464;0.067;1.161;19453
B516DA;2015/03/02 00:51:35;19453;91;31.9;25.7;2.554;1.725;1.061;2.464;0.067;1.196;19454
B516DA;2015/03/02 00:51:45;19454;76;32.2;26.5;2.538;1.683;1.061;2.406;0.067;1.193;19455
B516DA;2015/03/02 00:51:55;19455;92;26.4;26.3;2.577;1.683;1.019;2.406;0.067;1.151;19456
B516DA;2015/03/02 00:52:05;19456;83;30.0;26.9;2.570;1.690;1.019;2.406;0.070;1.167;19457
B516DA;2015/03/02 00:52:15;19457;79;30.0;26.5;2.741;1.690;1.054;2.406;0.070;1.151;19458
B516DA;2015/03/02 00:52:25;19458;90;33.5;25.5;2.741;1.690;1.054;2.422;0.070;1.154;19459
B516DA;2015/03/02 00:52:35;19459;82;30.9;25.7;2.580;1.690;1.064;2.422;0.070;1.190;19460
B516DA;2015/03/02 00:52:45;19460;85;26.7;26.7;2.564;1.690;1.064;2.422;0.106;1.158;19461
B516DA;2015/03/02 00:52:55;19461;83;26.7;26.7;2.609;1.690;1.074;2.422;0.106;1.141;19462
B516DA;2015/03/02 00:53:05;19462;75;31.9;26.5;2.538;1.699;1.074;2.451;0.106;1.206;19463
B516DA;2015/03/02 00:53:15;19463;73;27.7;26.0;2.758;1.699;1.029;2.451;0.106;1.177;19464
B516DA;2015/03/02 00:53:25;19464;83;30.3;26.3;2.699;1.709;1.029;2.451;0.058;1.187;19465
B516DA;2015/03/02 00:53:35;19465;87;29.3;26.3;2.670;1.709;1.019;2.451;0.058;1.151;19466
B516DA;2015/03/02 00:53:45;19466;83;32.2;26.2;2.754;1.696;1.019;2.422;0.058;1.154;19467
B516DA;2015/03/02 00:53:55;19467;85;30.0;26.2;2.748;1.696;1.032;2.422;0.058;1.177;19468
B516DA;2015/03/02 00:54:05;19468;90;32.2;26.2;2.748;1.706;1.032;2.422;0.064;1.167;19469
B516DA;2015/03/02 00:54:15;19469;82;30.9;26.7;2.758;1.706;1.025;2.422;0.064;1.180;19470
B516DA;2015/03/02 00:54:25;19470;74;30.3;26.5;2.538;1.683;1.025;2.458;0.064;1.151;19471
B516DA;2015/03/02 00:54:35;19471;81;29.0;26.9;2.709;1.683;1.054;2.458;0.064;1.148;19472
B516DA;2015/03/02 00:54:45;19472;85;30.6;26.2;2.729;1.683;1.054;2.458;0.074;1.164;19473
B516DA;2015/03/02 00:54:55;19473;86;26.7;26.5;2.732;1.683;1.025;2.458;0.074;1.203;19474
B516DA;2015/03/02 00:55:05;19474;81;28.0;26.3;2.606;1.719;1.025;2.429;0.074;1.174;19475
B516DA;2015/03/02 00:55:15;19475;86;30.6;26.2;2.745;1.719;1.074;2.429;0.074;1.161;19476
B516DA;2015/03/02 00:55:25;19476;75;27.4;26.2;2.541;1.719;1.074;2.429;0.087;1.183;19477
B516DA;2015/03/02 00:55:35;19477;82;29.3;26.2;2.561;1.719;1.019;2.429;0.087;1.190;19478
B516DA;2015/03/02 00:55:45;19478;92;27.7;27.2;2.590;1.696;1.019;2.441;0.087;1.209;19479
B516DA;2015/03/02 00:55:55;19479;84;32.9;26.2;2.751;1.696;1.058;2.441;0.087;1.180;19480
B516DA;2015/03/02 00:56:05;19480;80;30.9;26.2;2.729;1.706;1.058;2.441;0.080;1.177;19481
B516DA;2015/03/02 00:56:15;19481;84;26.4;26.0;2.609;1.706;1.025;2.441;0.080;1.170;19482
B516DA;2015/03/02 00:56:25;19482;85;27.0;26.5;2.561;1.729;1.025;2.461;0.080;1.183;19483
B516DA;2015/03/02 00:56:35;19483;75;27.7;26.2;2.661;1.729;1.022;2.461;0.080;1.170;19484
B516DA;2015/03/02 00:56:45;19484;84;29.6;26.0;2.683;1.709;1.022;2.461;0.067;1.203;19485
B516DA;2015/03/02 00:56:55;19485;89;30.6;26.2;2.751;1.709;1.077;2.461;0.067;1.216;19486
B516DA;2015/03/02 00:57:05;19486;86;32.5;25.7;2.648;1.709;1.077;2.483;0.067;1.196;19487
B516DA;2015/03/02 00:57:15;19487;85;32.5;26.7;2.703;1.709;1.029;2.483;0.067;1.190;19488
B516DA;2015/03/02 00:57:25;19488;90;29.0;25.5;2.741;1.716;1.029;2.483;0.135;1.187;19489
B516DA;2015/03/02 00:57:35;19489;88;27.7;26.0;2.564;1.716;1.067;2.483;0.135;1.167;19490
B516DA;2015/03/02 00:57:45;19490;73;31.2;26.7;2.754;1.725;1.067;2.441;0.135;1.164;19491
B516DA;2015/03/02 00:57:55;19491;86;30.6;26.7;2.758;1.725;1.070;2.441;0.135;1.158;19492
B516DA;2015/03/02 00:58:05;19492;82;30.9;26.5;2.716;1.729;1.070;2.441;0.064;1.161;19493
B516DA;2015/03/02 00:58:15;19493;74;28.3;25.8;2.645;1.729;1.077;2.441;0.064;1.170;19494
B516DA;2015/03/02 00:58:25;19494;87;29.6;26.0;2.670;1.716;1.077;2.474;0.064;1.206;19495
B516DA;2015/03/02 00:58:35;19495;75;30.0;26.7;2.658;1.716;1.077;2.474;0.064;1.193;19496
B516DA;2015/03/02 00:58:45;19496;87;29.0;25.7;2.687;1.699;1.077;2.474;0.058;1.180;19497
B516DA;2015/03/02 00:58:55;19497;91;27.0;26.7;2.629;1.699;1.061;2.474;0.058;1.151;19498
B516DA;2015/03/02 00:59:05;19498;84;26.7;26.3;2.564;1.706;1.061;2.422;0.058;1.158;19499
B516DA;2015/03/02 00:59:15;19499;89;31.9;26.7;2.761;1.706;1.019;2.422;0.058;1.161;19500
B516DA;2015/03/02 00:59:25;19500;83;30.9;26.3;2.712;1.693;1.019;2.422;0.087;1.193;19501
B516DA;2015/03/02 00:59:35;19501;89;28.7;26.2;2.570;1.693;1.080;2.422;0.087;1.167;19502
B516DA;2015/03/02 00:59:45;19502;81;32.2;26.5;2.741;1.722;1.080;2.464;0.087;1.174;19503
B516DA;2015/03/02 00:59:55;19503;86;28.3;26.7;2.690;1.722;1.025;2.464;0.087;1.180;19504
B516DA;2015/03/02 01:00:05;19504;86;30.9;26.5;2.748;1.709;1.025;2.464;0.074;1.180;19505
B516DA;2015/03/02 01:00:15;19505;82;31.6;26.5;2.570;1.709;1.067;2.464;0.074;1.167;19506
B516DA;2015/03/02 01:00:25;19506;92;26.7;26.3;2.564;1.687;1.067;2.487;0.074;1.177;19507
B516DA;2015/03/02 01:00:35;19507;84;33.5;26.5;2.729;1.687;1.022;2.487;0.074;1.167;19508
B516DA;2015/03/02 01:00:45;19508;83;28.7;26.0;2.725;1.716;1.022;2.487;0.058;1.209;19509
B516DA;2015/03/02 01:00:55;19509;82;31.6;25.5;2.561;1.716;1.025;2.487;0.058;1.187;19510
B516DA;2015/03/02 01:01:05;19510;93;26.4;26.3;2.554;1.699;1.025;2.490;0.058;1.183;19511
B516DA;2015/03/02 01:01:15;19511;83;27.7;26.0;2.664;1.699;1.080;2.490;0.058;1.203;19512
B516DA;2015/03/02 01:01:25;19512;93;29.6;25.8;2.667;1.729;1.080;2.490;0.080;1.170;19513
B516DA;2015/03/02 01:01:35;19513;75;27.4;26.5;2.664;1.729;1.080;2.490;0.080;1.170;19514
B516DA;2015/03/02 01:01:45;19514;86;26.7;26.7;2.561;1.687;1.080;2.464;0.080;1.174;19515
B516DA;2015/03/02 01:01:55;19515;75;28.3;26.3;2.583;1.687;1.077;2.464;0.080;1.206;19516
B516DA;2015/03/02 01:02:05;19516;93;29.6;25.5;2.674;1.693;1.077;2.464;0.135;1.203;19517
B516DA;2015/03/02 01:02:15;19517;87;30.6;26.7;2.551;1.693;1.061;2.464;0.135;1.158;19518
B516DA;2015/03/02 01:02:25;19518;80;29.0;26.5;2.748;1.709;1.061;2.454;0.135;1.183;19519
B516DA;2015/03/02 01:02:35;19519;92;26.7;26.3;2.654;1.709;1.025;2.454;0.135;1.158;19520
B516DA;2015/03/02 01:02:45;19520;86;32.9;25.8;2.725;1.703;1.025;2.454;0.167;1.193;19521
B516DA;2015/03/02 01:02:55;19521;89;30.3;25.7;2.554;1.703;1.048;2.454;0.167;1.196;19522
B516DA;2015/03/02 01:03:05;19522;83;26.4;26.3;2.635;1.687;1.048;2.500;0.167;1.196;19523
B516DA;2015/03/02 01:03:15;19523;83;31.6;25.5;2.622;1.687;1.041;2.500;0.167;1.196;19524
B516DA;2015/03/02 01:03:25;19524;93;29.3;25.7;2.754;1.729;1.041;2.500;0.058;1.164;19525
B516DA;2015/03/02 01:03:35;19525;85;27.7;26.7;2.658;1.729;1.019;2.500;0.058;1.199;19526
B516DA;2015/03/02 01:03:45;19526;92;33.2;26.2;2.554;1.709;1.019;2.487;0.058;1.154;19527
B516DA;2015/03/02 01:03:55;19527;88;26.4;25.8;2.577;1.709;1.041;2.487;0.058;1.154;19528
B516DA;2015/03/02 01:04:05;19528;83;28.7;25.8;2.758;1.722;1.041;2.487;0.058;1.180;19529
B516DA;2015/03/02 01:04:15;19529;88;30.0;26.2;2.545;1.722;1.019;2.487;0.058;1.158;19530
B516DA;2015/03/02 01:04:25;19530;90;33.2;25.7;2.732;1.709;1.019;2.483;0.058;1.154;19531
B516DA;2015/03/02 01:04:35;19531;87;27.4;26.2;2.664;1.709;1.019;2.483;0.058;1.158;19532
B516DA;2015/03/02 01:04:45;19532;81;26.7;25.8;2.687;1.693;1.019;2.483;0.058;1.161;19533
B516DA;2015/03/02 01:04:55;19533;88;29.3;26.3;2.709;1.693;1.080;2.483;0.058;1.219;19534
B516DA;2015/03/02 01:05:05;19534;78;28.3;26.2;2.661;1.706;1.080;2.448;0.058;1.180;19535
B516DA;2015/03/02 01:05:15;19535;81;29.3;26.3;2.716;1.706;1.035;2.448;0.058;1.216;19536
B516DA;2015/03/02 01:05:25;19536;93;31.2;26.0;2.761;1.719;1.035;2.448;0.145;1.183;19537
B516DA;2015/03/02 01:05:35;19537;88;33.5;26.3;2.758;1.719;1.029;2.448;0.145;1.183;19538
B516DA;2015/03/02 01:05:45;19538;89;28.3;25.8;2.629;1.709;1.029;2.532;0.145;1.203;19539
B516DA;2015/03/02 01:05:55;19539;85;27.0;26.2;2.641;1.709;1.035;2.532;0.145;1.180;19540
B516DA;2015/03/02 01:06:05;19540;86;29.6;26.5;2.548;1.722;1.035;2.532;0.064;1.170;19541
B516DA;2015/03/02 01:06:15;19541;78;27.4;26.2;2.648;1.722;1.035;2.532;0.064;1.206;19542
B516DA;2015/03/02 01:06:25;19542;89;28.7;25.8;2.645;1.729;1.035;2.461;0.064;1.177;19543
B516DA;2015/03/02 01:06:35;19543;81;33.5;26.5;2.735;1.729;1.022;2.461;0.064;1.180;19544
B516DA;2015/03/02 01:06:45;19544;78;28.7;26.0;2.648;1.693;1.022;2.461;0.064;1.203;19545
B516DA;2015/03/02 01:06:55;19545;80;28.3;26.0;2.764;1.693;1.022;2.461;0.064;1.190;19546
B516DA;2015/03/02 01:07:05;19546;83;29.6;26.0;2.661;1.712;1.022;2.432;0.064;1.174;19547
B516DA;2015/03/02 01:07:15;19547;79;27.0;26.0;2.670;1.712;1.022;2.432;0.064;1.183;19548
B516DA;2015/03/02 01:07:25;19548;78;30.0;26.2;2.754;1.703;1.022;2.432;0.093;1.212;19549
B516DA;2015/03/02 01:07:35;19549;83;28.0;26.7;2.761;1.703;1.022;2.432;0.093;1.164;19550
B516DA;2015/03/02 01:07:45;19550;85;27.7;26.2;2.699;1.696;1.022;2.477;0.093;1.212;19551
B516DA;2015/03/02 01:07:55;19551;79;27.7;26.2;2.683;1.696;1.067;2.477;0.093;1.209;19552
B516DA;2015/03/02 01:08:05;19552;78;30.6;26.3;2.709;1.729;1.067;2.477;0.183;1.174;19553
B516DA;2015/03/02 01:08:15;19553;81;27.7;26.5;2.674;1.729;1.067;2.477;0.183;1.190;19554
B516DA;2015/03/02 01:08:25;19554;76;27.7;26.2;2.616;1.693;1.067;2.477;0.183;1.196;19555
B516DA;2015/03/02 01:08:35;19555;89;28.3;26.7;2.709;1.693;1.080;2.477;0.183;1.196;19556
B516DA;2015/03/02 01:08:45;19556;90;31.9;26.5;2.554;1.729;1.080;2.477;0.099;1.199;19557
B516DA;2015/03/02 01:08:55;19557;86;32.5;26.7;2.764;1.729;1.022;2.477;0.099;1.216;19558
B516DA;2015/03/02 01:09:05;19558;92;30.6;26.3;2.709;1.693;1.022;2.458;0.099;1.225;19559
B516DA;2015/03/02 01:09:15;19559;83;27.0;26.0;2.648;1.693;1.080;2.458;0.099;1.187;19560
B516DA;2015/03/02 01:09:25;19560;89;33.2;25.8;2.709;1.725;1.080;2.458;0.074;1.222;19561
B516DA;2015/03/02 01:09:35;19561;83;29.3;26.3;2.729;1.725;1.038;2.458;0.074;1.164;19562
B516DA;2015/03/02 01:09:45;19562;88;31.6;26.3;2.712;1.722;1.038;2.441;0.074;1.154;19563
B516DA;2015/03/02 01:09:55;19563;87;26.7;26.2;2.590;1.722;1.019;2.441;0.074;1.196;19564
B516DA;2015/03/02 01:10:05;19564;78;31.6;26.2;2.754;1.690;1.019;2.441;0.064;1.209;19565
B516DA;2015/03/02 01:10:15;19565;73;28.0;26.2;2.748;1.690;1.032;2.441;0.064;1.212;19566
B516DA;2015/03/02 01:10:25;19566;90;26.4;26.3;2.748;1.729;1.032;2.474;0.064;1.212;19567
B516DA;2015/03/02 01:10:35;19567;87;27.0;26.5;2.622;1.729;1.054;2.474;0.064;1.206;19568
B516DA;2015/03/02 01:10:45;19568;82;27.7;26.0;2.641;1.706;1.054;2.474;0.067;1.190;19569
B516DA;2015/03/02 01:10:55;19569;92;26.4;26.7;2.609;1.706;1.022;2.474;0.067;1.161;19570
B516DA;2015/03/02 01:11:05;19570;85;26.7;26.3;2.561;1.703;1.022;2.525;0.067;1.180;19571
B516DA;2015/03/02 01:11:15;19571;88;29.6;26.2;2.564;1.703;1.035;2.525;0.067;1.212;19572
B516DA;2015/03/02 01:11:25;19572;83;32.5;25.7;2.645;1.719;1.035;2.525;0.099;1.174;19573
B516DA;2015/03/02 01:11:35;19573;90;31.9;26.0;2.554;1.719;1.022;2.525;0.099;1.167;19574
B516DA;2015/03/02 01:11:45;19574;85;32.9;26.3;2.741;1.696;1.022;2.451;0.099;1.199;19575
B516DA;2015/03/02 01:11:55;19575;87;27.7;26.5;2.658;1.696;1.022;2.451;0.099;1.196;19576
B516DA;2015/03/02 01:12:05;19576;80;26.4;26.9;2.551;1.729;1.022;2.451;0.067;1.164;19577
B516DA;2015/03/02 01:12:15;19577;91;26.4;26.2;2.583;1.729;1.022;2.451;0.067;1.167;19578
B516DA;2015/03/02 01:12:25;19578;84;26.4;26.7;2.558;1.706;1.022;2.516;0.067;1.170;19579
B516DA;2015/03/02 01:12:35;19579;88;27.4;26.5;2.664;1.706;1.025;2.516;0.067;1.187;19580
B516DA;2015/03/02 01:12:45;19580;91;31.2;26.3;2.722;1.729;1.025;2.516;0.067;1.177;19581
B516DA;2015/03/02 01:12:55;19581;83;29.0;26.5;2.567;1.729;1.032;2.516;0.067;1.190;19582
B516DA;2015/03/02 01:13:05;19582;84;27.7;26.2;2.545;1.696;1.032;2.487;0.067;1.167;19583
B516DA;2015/03/02 01:13:15;19583;83;28.7;26.0;2.699;1.696;1.022;2.487;0.067;1.187;19584
B516DA;2015/03/02 01:13:25;19584;88;27.7;26.3;2.590;1.719;1.022;2.487;0.074;1.164;19585
B516DA;2015/03/02 01:13:35;19585;88;28.7;26.7;2.690;1.719;1.080;2.487;0.074;1.161;19586
B516DA;2015/03/02 01:13:45;19586;92;29.6;26.5;2.545;1.696;1.080;2.429;0.074;1.206;19587
B516DA;2015/03/02 01:13:55;19587;85;27.4;26.0;2.670;1.696;1.032;2.429;0.074;1.193;19588
B516DA;2015/03/02 01:14:05;19588;86;31.2;26.5;2.732;1.687;1.032;2.429;0.058;1.170;19589
B516DA;2015/03/02 01:14:15;19589;86;28.0;26.0;2.767;1.687;1.074;2.429;0.058;1.151;19590
B516DA;2015/03/02 01:14:25;19590;85;29.3;25.7;2.687;1.696;1.074;2.412;0.058;1.187;19591
B516DA;2015/03/02 01:14:35;19591;92;29.3;25.8;2.570;1.696;1.038;2.412;0.058;1.170;19592
B516DA;2015/03/02 01:14:45;19592;83;30.0;25.5;2.693;1.687;1.038;2.412;0.093;1.151;19593
B516DA;2015/03/02 01:14:55;19593;82;31.2;26.3;2.745;1.687;1.061;2.412;0.093;1.164;19594
B516DA;2015/03/02 01:15:05;19594;89;29.0;27.4;2.551;1.690;1.061;2.461;0.093;1.187;19595
B516DA;2015/03/02 01:15:15;19595;91;27.4;26.5;2.751;1.690;1.048;2.461;0.093;1.183;19596
B516DA;2015/03/02 01:15:25;19596;87;29.0;26.2;2.748;1.729;1.048;2.461;0.058;1.154;19597
B516DA;2015/03/02 01:15:35;19597;84;31.9;26.2;2.561;1.729;1.038;2.461;0.058;1.154;19598
B516DA;2015/03/02 01:15:45;19598;88;29.6;25.5;2.670;1.696;1.038;2.438;0.058;1.177;19599
B516DA;2015/03/02 01:15:55;19599;73;26.4;26.5;2.683;1.696;1.080;2.438;0.058;1.199;19600
B516DA;2015/03/02 01:16:05;19600;83;34.1;25.7;2.761;1.712;1.080;2.438;0.193;1.183;19601
B516DA;2015/03/02 01:16:15;19601;80;26.7;25.8;2.577;1.712;1.025;2.438;0.193;1.138;19602
B516DA;2015/03/02 01:16:25;19602;93;28.7;25.7;2.606;1.716;1.025;2.480;0.193;1.148;19603
B516DA;2015/03/02 01:16:35;19603;81;27.0;26.5;2.648;1.716;1.022;2.480;0.193;1.145;19604
B516DA;2015/03/02 01:16:45;19604;87;31.9;26.2;2.735;1.706;1.022;2.480;0.187;1.167;19605
B516DA;2015/03/02 01:16:55;19605;89;30.6;26.2;2.567;1.706;1.022;2.480;0.187;1.135;19606
B516DA;2015/03/02 01:17:05;19606;73;27.4;26.7;2.580;1.693;1.022;2.416;0.187;1.183;19607
B516DA;2015/03/02 01:17:15;19607;87;29.3;26.5;2.748;1.693;1.019;2.416;0.187;1.164;19608
B516DA;2015/03/02 01:17:25;19608;91;32.9;26.2;2.719;1.725;1.019;2.416;0.129;1.158;19609
B516DA;2015/03/02 01:17:35;19609;86;32.9;26.3;2.754;1.725;1.083;2.416;0.129;1.151;19610
B516DA;2015/03/02 01:17:45;19610;87;27.7;25.7;2.574;1.732;1.083;2.425;0.129;1.158;19611
B516DA;2015/03/02 01:17:55;19611;88;28.0;26.0;2.558;1.732;1.025;2.425;0.129;1.190;19612
B516DA;2015/03/02 01:18:05;19612;91;33.5;25.5;2.667;1.712;1.025;2.425;0.129;1.145;19613
B516DA;2015/03/02 01:18:15;19613;72;32.5;26.7;2.722;1.712;1.025;2.425;0.129;1.167;19614
B516DA;2015/03/02 01:18:25;19614;83;32.9;26.5;2.729;1.712;1.025;2.445;0.129;1.180;19615
B516DA;2015/03/02 01:18:35;19615;78;29.6;26.7;2.758;1.712;1.029;2.445;0.129;1.177;19616
B516DA;2015/03/02 01:18:45;19616;80;27.7;26.7;2.561;1.699;1.029;2.445;0.061;1.167;19617
B516DA;2015/03/02 01:18:55;19617;85;30.9;25.8;2.590;1.699;1.029;2.445;0.061;1.151;19618
B516DA;2015/03/02 01:19:05;19618;91;31.2;26.3;2.548;1.712;1.029;2.493;0.061;1.180;19619
B516DA;2015/03/02 01:19:15;19619;85;28.7;25.8;2.574;1.712;1.054;2.493;0.061;1.203;19620
B516DA;2015/03/02 01:19:25;19620;90;27.0;26.3;2.564;1.693;1.054;2.493;0.064;1.183;19621
B516DA;2015/03/02 01:19:35;19621;81;30.0;25.7;2.564;1.693;1.029;2.493;0.064;1.183;19622
B516DA;2015/03/02 01:19:45;19622;81;30.0;26.2;2.761;1.703;1.029;2.487;0.064;1.183;19623
B516DA;2015/03/02 01:19:55;19623;86;27.7;26.3;2.580;1.703;1.083;2.487;0.064;1.161;19624
B516DA;2015/03/02 01:20:05;19624;88;33.5;26.2;2.603;1.732;1.083;2.487;0.061;1.190;19625
B516DA;2015/03/02 01:20:15;19625;85;32.2;26.9;2.574;1.732;1.061;2.487;0.061;1.203;19626
B516DA;2015/03/02 01:20:25;19626;84;26.7;26.2;2.561;1.693;1.061;2.425;0.061;1.183;19627
B516DA;2015/03/02 01:20:35;19627;81;27.4;26.2;2.577;1.693;1.058;2.425;0.061;1.190;19628
B516DA;2015/03/02 01:20:45;19628;83;31.9;26.3;2.616;1.712;1.058;2.425;0.058;1.151;19629
B516DA;2015/03/02 01:20:55;19629;89;26.4;26.0;2.716;1.712;1.025;2.425;0.058;1.148;19630
B516DA;2015/03/02 01:21:05;19630;83;32.5;26.2;2.687;1.722;1.025;2.451;0.058;1.158;19631
B516DA;2015/03/02 01:21:15;19631;84;26.7;26.0;2.577;1.722;1.025;2.451;0.058;1.151;19632
B516DA;2015/03/02 01:21:25;19632;82;30.9;26.0;2.554;1.693;1.025;2.451;0.067;1.161;19633
B516DA;2015/03/02 01:21:35;19633;90;32.9;26.3;2.551;1.693;1.025;2.451;0.067;1.138;19634
B516DA;2015/03/02 01:21:45;19634;82;26.7;26.7;2.680;1.709;1.025;2.445;0.067;1.154;19635
B516DA;2015/03/02 01:21:55;19635;88;26.7;26.2;2.622;1.709;1.083;2.445;0.067;1.158;19636
B516DA;2015/03/02 01:22:05;19636;87;30.9;26.2;2.761;1.696;1.083;2.445;0.080;1.174;19637
B516DA;2015/03/02 01:22:15;19637;79;26.1;26.0;2.577;1.696;1.029;2.445;0.080;1.158;19638
B516DA;2015/03/02 01:22:25;19638;88;26.4;26.0;2.558;1.729;1.029;2.441;0.080;1.164;19639
B516DA;2015/03/02 01:22:35;19639;90;26.1;26.0;2.583;1.729;1.067;2.441;0.080;1.190;19640
B516DA;2015/03/02 01:22:45;19640;82;28.7;26.0;2.654;1.693;1.067;2.441;0.070;1.167;19641
B516DA;2015/03/02 01:22:55;19641;78;28.3;26.5;2.677;1.693;1.022;2.441;0.070;1.170;19642
B516DA;2015/03/02 01:23:05;19642;80;33.2;25.7;2.645;1.703;1.022;2.500;0.070;1.212;19643
B516DA;2015/03/02 01:23:15;19643;83;26.1;26.0;2.583;1.703;1.029;2.500;0.070;1.158;19644
B516DA;2015/03/02 01:23:25;19644;80;29.0;26.2;2.551;1.735;1.029;2.500;0.070;1.161;19645
B516DA;2015/03/02 01:23:35;19645;91;30.3;26.2;2.761;1.735;1.038;2.500;0.070;1.158;19646
B516DA;2015/03/02 01:23:45;19646;83;30.9;26.2;2.590;1.706;1.038;2.464;0.070;1.196;19647
B516DA;2015/03/02 01:23:55;19647;83;28.7;26.0;2.748;1.706;1.041;2.464;0.070;1.180;19648
B516DA;2015/03/02 01:24:05;19648;88;28.0;26.5;2.761;1.719;1.041;2.464;0.064;1.196;19649
B516DA;2015/03/02 01:24:15;19649;78;26.4;26.0;2.616;1.719;1.083;2.464;0.064;1.187;19650
B516DA;2015/03/02 01:24:25;19650;84;28.7;25.8;2.638;1.699;1.083;2.490;0.064;1.177;19651
B516DA;2015/03/02 01:24:35;19651;89;27.0;26.5;2.658;1.699;1.083;2.490;0.064;1.161;19652
B516DA;2015/03/02 01:24:45;19652;83;31.9;26.5;2.767;1.709;1.083;2.490;0.132;1.190;19653
B516DA;2015/03/02 01:24:55;19653;84;28.7;26.3;2.703;1.709;1.087;2.490;0.132;1.190;19654
B516DA;2015/03/02 01:25:05;19654;84;30.6;25.7;2.761;1.699;1.087;2.490;0.132;1.187;19655
B516DA;2015/03/02 01:25:15;19655;88;34.1;26.3;2.729;1.699;1.083;2.490;0.132;1.206;19656
B516DA;2015/03/02 01:25:25;19656;90;31.9;26.2;2.748;1.732;1.083;2.490;0.064;1.177;19657
B516DA;2015/03/02 01:25:35;19657;89;33.2;26.7;2.767;1.732;1.087;2.490;0.064;1.190;19658
B516DA;2015/03/02 01:25:45;19658;87;30.9;26.2;2.545;1.729;1.087;2.487;0.064;1.167;19659
B516DA;2015/03/02 01:25:55;19659;86;32.9;26.5;2.703;1.729;1.029;2.487;0.064;1.174;19660
B516DA;2015/03/02 01:26:05;19660;85;26.4;26.3;2.561;1.693;1.029;2.487;0.067;1.174;19661
B516DA;2015/03/02 01:26:15;19661;81;33.5;26.2;2.748;1.693;1.054;2.487;0.067;1.219;19662
B516DA;2015/03/02 01:26:25;19662;83;32.5;26.0;2.625;1.719;1.054;2.474;0.067;1.174;19663
B516DA;2015/03/02 01:26:35;19663;86;32.5;26.7;2.767;1.719;1.029;2.474;0.067;1.216;19664
B516DA;2015/03/02 01:26:45;19664;84;32.2;26.5;2.548;1.735;1.029;2.474;0.064;1.196;19665
B516DA;2015/03/02 01:26:55;19665;84;30.0;26.3;2.554;1.735;1.080;2.474;0.064;1.164;19666
B516DA;2015/03/02 01:27:05;19666;83;29.3;25.7;2.661;1.712;1.080;2.483;0.064;1.196;19667
B516DA;2015/03/02 01:27:15;19667;79;26.4;26.2;2.564;1.712;1.032;2.483;0.064;1.167;19668
B516DA;2015/03/02 01:27:25;19668;78;27.7;26.0;2.619;1.693;1.032;2.483;0.067;1.170;19669
B516DA;2015/03/02 01:27:35;19669;80;26.4;26.2;2.577;1.693;1.080;2.483;0.067;1.190;19670
B516DA;2015/03/02 01:27:45;19670;90;27.4;25.7;2.596;1.722;1.080;2.429;0.067;1.161;19671
B516DA;2015/03/02 01:27:55;19671;83;30.9;26.3;2.574;1.722;1.077;2.429;0.067;1.193;19672
B516DA;2015/03/02 01:28:05;19672;84;26.4;26.7;2.754;1.699;1.077;2.429;0.064;1.164;19673
B516DA;2015/03/02 01:28:15;19673;80;33.5;26.3;2.741;1.699;1.029;2.429;0.064;1.135;19674
B516DA;2015/03/02 01:28:25;19674;79;31.6;26.0;2.564;1.729;1.029;2.441;0.064;1.154;19675
B516DA;2015/03/02 01:28:35;19675;86;27.4;26.0;2.658;1.729;1.083;2.441;0.064;1.183;19676
B516DA;2015/03/02 01:28:45;19676;89;28.7;26.2;2.564;1.735;1.083;2.441;0.048;1.141;19677
B516DA;2015/03/02 01:28:55;19677;78;28.7;26.2;2.735;1.735;1.029;2.441;0.048;1.148;19678
B516DA;2015/03/02 01:29:05;19678;88;32.2;26.5;2.548;1.738;1.029;2.419;0.048;1.138;19679
B516DA;2015/03/02 01:29:15;19679;77;32.5;26.7;2.767;1.738;1.048;2.419;0.048;1.183;19680
B516DA;2015/03/02 01:29:25;19680;83;26.4;26.3;2.558;1.732;1.048;2.419;0.067;1.161;19681
B516DA;2015/03/02 01:29:35;19681;85;28.7;25.7;2.564;1.732;1.032;2.419;0.067;1.199;19682
B516DA;2015/03/02 01:29:45;19682;84;27.4;26.7;2.680;1.696;1.032;2.483;0.067;1.154;19683
B516DA;2015/03/02 01:29:55;19683;81;27.4;26.0;2.664;1.696;1.051;2.483;0.067;1.158;19684
B516DA;2015/03/02 01:30:05;19684;81;30.6;26.3;2.558;1.703;1.051;2.483;0.067;1.167;19685
B516DA;2015/03/02 01:30:15;19685;84;30.0;26.5;2.635;1.703;1.087;2.483;0.067;1.167;19686
B516DA;2015/03/02 01:30:25;19686;82;28.0;26.0;2.574;1.709;1.087;2.464;0.067;1.161;19687
B516DA;2015/03/02 01:30:35;19687;89;26.4;26.2;2.570;1.709;1.029;2.464;0.067;1.167;19688
B516DA;2015/03/02 01:30:45;19688;82;30.0;26.5;2.761;1.706;1.029;2.464;0.067;1.190;19689
B516DA;2015/03/02 01:30:55;19689;91;31.2;25.7;2.593;1.706;1.048;2.464;0.067;1.187;19690
B516DA;2015/03/02 01:31:05;19690;89;31.9;26.3;2.561;1.716;1.048;2.483;0.067;1.167;19691
B516DA;2015/03/02 01:31:15;19691;73;26.7;25.8;2.677;1.716;1.087;2.483;0.067;1.158;19692
B516DA;2015/03/02 01:31:25;19692;91;31.9;26.2;2.748;1.696;1.087;2.483;0.058;1.158;19693
B516DA;2015/03/02 01:31:35;19693;91;27.0;26.2;2.645;1.696;1.032;2.483;0.058;1.158;19694
B516DA;2015/03/02 01:31:45;19694;88;29.0;25.7;2.687;1.696;1.032;2.483;0.058;1.170;19695
B516DA;2015/03/02 01:31:55;19695;86;28.7;26.2;2.570;1.696;1.087;2.483;0.058;1.193;19696
B516DA;2015/03/02 01:32:05;19696;93;27.7;26.0;2.635;1.709;1.087;2.483;0.112;1.154;19697
B516DA;2015/03/02 01:32:15;19697;84;30.6;25.7;2.564;1.709;1.077;2.483;0.112;1.158;19698
B516DA;2015/03/02 01:32:25;19698;86;30.6;26.0;2.754;1.709;1.077;2.487;0.112;1.170;19699
B516DA;2015/03/02 01:32:35;19699;78;26.7;26.5;2.648;1.709;1.025;2.487;0.112;1.164;19700
B516DA;2015/03/02 01:32:45;19700;84;29.6;26.5;2.567;1.729;1.025;2.487;0.112;1.141;19701
B516DA;2015/03/02 01:32:55;19701;92;30.9;26.5;2.748;1.729;1.087;2.487;0.112;1.167;19702
B516DA;2015/03/02 01:33:05;19702;89;26.4;26.3;2.561;1.738;1.087;2.445;0.112;1.154;19703
B516DA;2015/03/02 01:33:15;19703;81;28.3;26.2;2.670;1.738;1.048;2.445;0.112;1.170;19704
B516DA;2015/03/02 01:33:25;19704;93;27.0;26.0;2.561;1.712;1.048;2.445;0.058;1.158;19705
B516DA;2015/03/02 01:33:35;19705;86;28.3;26.0;2.709;1.712;1.032;2.445;0.058;1.164;19706
B516DA;2015/03/02 01:33:45;19706;83;26.4;26.3;2.564;1.722;1.032;2.425;0.058;1.164;19707
B516DA;2015/03/02 01:33:55;19707;86;29.6;26.3;2.770;1.722;1.032;2.425;0.058;1.180;19708
B516DA;2015/03/02 01:34:05;19708;88;26.4;26.3;2.561;1.729;1.032;2.425;0.058;1.177;19709
B516DA;2015/03/02 01:34:15;19709;92;29.3;26.3;2.741;1.729;1.032;2.425;0.058;1.161;19710
B516DA;2015/03/02 01:34:25;19710;85;28.0;26.2;2.729;1.725;1.032;2.500;0.058;1.174;19711
B516DA;2015/03/02 01:34:35;19711;85;33.5;26.2;2.716;1.725;1.074;2.500;0.058;1.174;19712
B516DA;2015/03/02 01:34:45;19712;89;30.9;26.2;2.719;1.716;1.074;2.500;0.083;1.161;19713
B516DA;2015/03/02 01:34:55;19713;89;26.4;26.0;2.616;1.716;1.074;2.500;0.083;1.154;19714
B516DA;2015/03/02 01:35:05;19714;83;33.2;26.2;2.741;1.738;1.074;2.467;0.083;1.161;19715
B516DA;2015/03/02 01:35:15;19715;83;28.0;26.2;2.770;1.738;1.087;2.467;0.083;1.177;19716
B516DA;2015/03/02 01:35:25;19716;93;28.7;25.7;2.648;1.703;1.087;2.467;0.119;1.193;19717
B516DA;2015/03/02 01:35:35;19717;82;32.9;26.7;2.709;1.703;1.038;2.467;0.119;1.158;19718
B516DA;2015/03/02 01:35:45;19718;91;27.7;25.8;2.622;1.706;1.038;2.532;0.119;1.158;19719
B516DA;2015/03/02 01:35:55;19719;84;32.9;26.3;2.770;1.706;1.032;2.532;0.119;1.177;19720
B516DA;2015/03/02 01:36:05;19720;86;31.9;25.8;2.719;1.722;1.032;2.532;0.067;1.158;19721
B516DA;2015/03/02 01:36:15;19721;85;30.9;26.0;2.577;1.722;1.061;2.532;0.067;1.151;19722
B516DA;2015/03/02 01:36:25;19722;92;27.0;26.7;2.574;1.696;1.061;2.493;0.067;1.180;19723
B516DA;2015/03/02 01:36:35;19723;86;30.0;26.2;2.577;1.696;1.054;2.493;0.067;1.183;19724
B516DA;2015/03/02 01:36:45;19724;86;31.2;26.2;2.741;1.722;1.054;2.493;0.080;1.174;19725
B516DA;2015/03/02 01:36:55;19725;85;32.2;26.3;2.774;1.722;1.029;2.493;0.080;1.183;19726
B516DA;2015/03/02 01:37:05;19726;87;30.6;25.7;2.774;1.725;1.029;2.467;0.080;1.174;19727
B516DA;2015/03/02 01:37:15;19727;86;30.0;25.8;2.558;1.725;1.090;2.467;0.080;1.187;19728
B516DA;2015/03/02 01:37:25;19728;89;28.7;25.5;2.645;1.719;1.090;2.467;0.070;1.154;19729
B516DA;2015/03/02 01:37:35;19729;90;26.4;25.8;2.603;1.719;1.029;2.467;0.070;1.170;19730
B516DA;2015/03/02 01:37:45;19730;83;33.5;25.8;2.719;1.716;1.029;2.470;0.070;1.164;19731
B516DA;2015/03/02 01:37:55;19731;83;30.0;26.9;2.554;1.716;1.041;2.470;0.070;1.164;19732
B516DA;2015/03/02 01:38:05;19732;79;30.0;26.0;2.719;1.738;1.041;2.470;0.093;1.141;19733
B516DA;2015/03/02 01:38:15;19733;80;26.4;26.0;2.709;1.738;1.025;2.470;0.093;1.177;19734
B516DA;2015/03/02 01:38:25;19734;92;30.9;26.3;2.551;1.696;1.025;2.438;0.093;1.190;19735
B516DA;2015/03/02 01:38:35;19735;85;33.5;26.5;2.564;1.696;1.029;2.438;0.093;1.141;19736
B516DA;2015/03/02 01:38:45;19736;83;31.2;26.2;2.748;1.696;1.029;2.438;0.067;1.161;19737
B516DA;2015/03/02 01:38:55;19737;92;32.2;26.2;2.554;1.696;1.029;2.438;0.067;1.161;19738
B516DA;2015/03/02 01:39:05;19738;87;30.9;26.0;2.587;1.738;1.029;2.451;0.067;1.187;19739
B516DA;2015/03/02 01:39:15;19739;92;32.5;26.0;2.758;1.738;1.032;2.451;0.067;1.167;19740
B516DA;2015/03/02 01:39:25;19740;79;32.5;25.7;2.635;1.732;1.032;2.451;0.106;1.174;19741
B516DA;2015/03/02 01:39:35;19741;90;32.2;26.2;2.754;1.732;1.032;2.451;0.106;1.174;19742
B516DA;2015/03/02 01:39:45;19742;80;30.9;26.0;2.741;1.706;1.032;2.454;0.106;1.161;19743
B516DA;2015/03/02 01:39:55;19743;83;29.3;26.3;2.729;1.706;1.051;2.454;0.106;1.164;19744
B516DA;2015/03/02 01:40:05;19744;93;32.5;25.5;2.729;1.729;1.051;2.454;0.067;1.148;19745
B516DA;2015/03/02 01:40:15;19745;88;26.4;25.8;2.703;1.729;1.045;2.454;0.067;1.154;19746
B516DA;2015/03/02 01:40:25;19746;89;32.9;25.8;2.732;1.738;1.045;2.490;0.067;1.190;19747
B516DA;2015/03/02 01:40:35;19747;75;28.7;26.0;2.722;1.738;1.029;2.490;0.067;1.148;19748
B516DA;2015/03/02 01:40:45;19748;83;30.9;25.8;2.548;1.735;1.029;2.490;0.058;1.158;19749
B516DA;2015/03/02 01:40:55;19749;88;28.0;26.3;2.670;1.735;1.087;2.490;0.058;1.190;19750
B516DA;2015/03/02 01:41:05;19750;85;27.4;26.2;2.612;1.729;1.087;2.474;0.058;1.193;19751
B516DA;2015/03/02 01:41:15;19751;79;31.2;25.3;2.564;1.729;1.083;2.474;0.058;1.164;19752
B516DA;2015/03/02 01:41:25;19752;81;30.6;25.8;2.709;1.699;1.083;2.474;0.132;1.167;19753
B516DA;2015/03/02 01:41:35;19753;89;32.2;25.8;2.551;1.699;1.083;2.474;0.132;1.145;19754
B516DA;2015/03/02 01:41:45;19754;85;30.3;26.5;2.583;1.719;1.083;2.464;0.132;1.174;19755
B516DA;2015/03/02 01:41:55;19755;80;29.3;26.0;2.722;1.719;1.035;2.464;0.132;1.167;19756
B516DA;2015/03/02 01:42:05;19756;85;28.7;25.7;2.641;1.709;1.035;2.464;0.093;1.148;19757
B516DA;2015/03/02 01:42:15;19757;89;30.9;26.3;2.751;1.709;1.041;2.464;0.093;1.151;19758
B516DA;2015/03/02 01:42:25;19758;83;33.2;25.5;2.674;1.741;1.041;2.461;0.093;1.177;19759
B516DA;2015/03/02 01:42:35;19759;74;32.2;26.5;2.774;1.741;1.032;2.461;0.093;1.170;19760
B516DA;2015/03/02 01:42:45;19760;74;29.3;25.7;2.661;1.703;1.032;2.461;0.070;1.161;19761
B516DA;2015/03/02 01:42:55;19761;77;33.2;26.3;2.690;1.703;1.087;2.461;0.070;1.158;19762
B516DA;2015/03/02 01:43:05;19762;83;27.7;26.0;2.632;1.699;1.087;2.512;0.070;1.196;19763
B516DA;2015/03/02 01:43:15;19763;86;31.9;26.3;2.754;1.699;1.093;2.512;0.070;1.190;19764
B516DA;2015/03/02 01:43:25;19764;82;31.6;25.8;2.683;1.732;1.093;2.512;0.064;1.190;19765
B516DA;2015/03/02 01:43:35;19765;82;31.2;25.8;2.574;1.732;1.083;2.512;0.064;1.183;19766
B516DA;2015/03/02 01:43:45;19766;85;30.3;26.3;2.761;1.709;1.083;2.500;0.064;1.167;19767
B516DA;2015/03/02 01:43:55;19767;84;28.0;26.7;2.774;1.709;1.058;2.500;0.064;1.183;19768
B516DA;2015/03/02 01:44:05;19768;91;31.9;26.2;2.767;1.703;1.058;2.500;0.087;1.170;19769
B516DA;2015/03/02 01:44:15;19769;82;26.4;25.8;2.699;1.703;1.038;2.500;0.087;1.170;19770
B516DA;2015/03/02 01:44:25;19770;83;31.2;26.2;2.748;1.709;1.038;2.467;0.087;1.151;19771
B516DA;2015/03/02 01:44:35;19771;83;26.1;25.8;2.583;1.709;1.045;2.467;0.087;1.141;19772
B516DA;2015/03/02 01:44:45;19772;88;29.0;25.8;2.748;1.745;1.045;2.467;0.112;1.148;19773
B516DA;2015/03/02 01:44:55;19773;81;32.2;26.0;2.561;1.745;1.035;2.467;0.112;1.148;19774
B516DA;2015/03/02 01:45:05;19774;76;31.9;25.7;2.741;1.703;1.035;2.483;0.112;1.148;19775
B516DA;2015/03/02 01:45:15;19775;73;27.4;25.8;2.661;1.703;1.074;2.483;0.112;1.177;19776
B516DA;2015/03/02 01:45:25;19776;87;30.6;25.8;2.754;1.703;1.074;2.483;0.067;1.141;19777
B516DA;2015/03/02 01:45:35;19777;81;28.7;26.5;2.703;1.703;1.067;2.483;0.067;1.141;19778
B516DA;2015/03/02 01:45:45;19778;83;28.3;26.3;2.561;1.703;1.067;2.483;0.067;1.138;19779
B516DA;2015/03/02 01:45:55;19779;84;28.7;26.0;2.774;1.703;1.087;2.483;0.067;1.180;19780
B516DA;2015/03/02 01:46:05;19780;91;30.3;26.2;2.651;1.738;1.087;2.483;0.058;1.180;19781
B516DA;2015/03/02 01:46:15;19781;88;29.0;26.5;2.751;1.738;1.087;2.483;0.058;1.164;19782
B516DA;2015/03/02 01:46:25;19782;78;27.4;25.7;2.590;1.732;1.087;2.464;0.058;1.151;19783
B516DA;2015/03/02 01:46:35;19783;83;30.9;26.2;2.574;1.732;1.083;2.464;0.058;1.154;19784
B516DA;2015/03/02 01:46:45;19784;91;30.3;26.3;2.741;1.703;1.083;2.464;0.074;1.164;19785
B516DA;2015/03/02 01:46:55;19785;85;27.7;26.2;2.680;1.703;1.093;2.464;0.074;1.183;19786
B516DA;2015/03/02 01:47:05;19786;88;32.5;26.2;2.699;1.722;1.093;2.493;0.074;1.158;19787
B516DA;2015/03/02 01:47:15;19787;89;31.2;25.7;2.570;1.722;1.067;2.493;0.074;1.190;19788
B516DA;2015/03/02 01:47:25;19788;88;32.9;25.5;2.693;1.745;1.067;2.493;0.083;1.183;19789
B516DA;2015/03/02 01:47:35;19789;83;30.3;25.3;2.606;1.745;1.070;2.493;0.083;1.151;19790
B516DA;2015/03/02 01:47:45;19790;86;30.6;25.5;2.687;1.703;1.070;2.464;0.083;1.174;19791
B516DA;2015/03/02 01:47:55;19791;89;30.9;25.7;2.593;1.703;1.045;2.464;0.083;1.154;19792
B516DA;2015/03/02 01:48:05;19792;87;30.6;26.2;2.693;1.745;1.045;2.464;0.154;1.154;19793
B516DA;2015/03/02 01:48:15;19793;90;32.5;26.2;2.590;1.745;1.045;2.464;0.154;1.158;19794
B516DA;2015/03/02 01:48:25;19794;90;29.3;26.3;2.561;1.703;1.045;2.461;0.154;1.190;19795
B516DA;2015/03/02 01:48:35;19795;81;31.2;26.3;2.699;1.703;1.061;2.461;0.154;1.151;19796
B516DA;2015/03/02 01:48:45;19796;93;30.6;26.0;2.706;1.745;1.061;2.461;0.058;1.138;19797
B516DA;2015/03/02 01:48:55;19797;88;30.6;25.3;2.654;1.745;1.032;2.461;0.058;1.164;19798
B516DA;2015/03/02 01:49:05;19798;88;28.7;26.0;2.735;1.732;1.032;2.448;0.058;1.148;19799
B516DA;2015/03/02 01:49:15;19799;84;26.7;26.2;2.596;1.732;1.041;2.448;0.058;1.170;19800
B516DA;2015/03/02 01:49:25;19800;73;32.2;26.3;2.738;1.725;1.041;2.448;0.061;1.183;19801
B516DA;2015/03/02 01:49:35;19801;83;26.4;25.8;2.596;1.725;1.038;2.448;0.061;1.177;19802
B516DA;2015/03/02 01:49:45;19802;85;26.7;26.0;2.567;1.722;1.038;2.512;0.061;1.141;19803
B516DA;2015/03/02 01:49:55;19803;86;26.7;26.2;2.632;1.722;1.035;2.512;0.061;1.141;19804
B516DA;2015/03/02 01:50:05;19804;90;31.9;25.7;2.738;1.703;1.035;2.512;0.058;1.145;19805
B516DA;2015/03/02 01:50:15;19805;88;27.4;26.0;2.670;1.703;1.051;2.512;0.058;1.154;19806
B516DA;2015/03/02 01:50:25;19806;87;27.4;25.8;2.600;1.735;1.051;2.512;0.058;1.158;19807
B516DA;2015/03/02 01:50:35;19807;82;31.6;26.0;2.767;1.735;1.032;2.512;0.058;1.154;19808
B516DA;2015/03/02 01:50:45;19808;78;27.0;26.3;2.564;1.716;1.032;2.512;0.077;1.203;19809
B516DA;2015/03/02 01:50:55;19809;89;28.0;26.0;2.774;1.716;1.096;2.512;0.077;1.174;19810
B516DA;2015/03/02 01:51:05;19810;87;27.4;25.7;2.587;1.735;1.096;2.538;0.077;1.196;19811
B516DA;2015/03/02 01:51:15;19811;75;29.6;25.7;2.564;1.735;1.061;2.538;0.077;1.161;19812
B516DA;2015/03/02 01:51:25;19812;83;30.6;26.0;2.703;1.709;1.061;2.538;0.074;1.180;19813
B516DA;2015/03/02 01:51:35;19813;83;28.0;26.0;2.570;1.709;1.038;2.538;0.074;1.174;19814
B516DA;2015/03/02 01:51:45;19814;87;28.7;25.5;2.654;1.719;1.038;2.467;0.074;1.154;19815
B516DA;2015/03/02 01:51:55;19815;81;32.9;26.0;2.770;1.719;1.083;2.467;0.074;1.177;19816
B516DA;2015/03/02 01:52:05;19816;89;32.2;26.5;2.551;1.745;1.083;2.467;0.067;1.177;19817
B516DA;2015/03/02 01:52:15;19817;76;29.3;26.2;2.767;1.745;1.038;2.467;0.067;1.148;19818
B516DA;2015/03/02 01:52:25;19818;90;26.7;25.7;2.693;1.738;1.038;2.506;0.067;1.158;19819
B516DA;2015/03/02 01:52:35;19819;76;26.4;25.8;2.622;1.738;1.032;2.506;0.067;1.167;19820
B516DA;2015/03/02 01:52:45;19820;85;32.9;26.0;2.567;1.719;1.032;2.506;0.074;1.180;19821
B516DA;2015/03/02 01:52:55;19821;82;27.4;26.3;2.690;1.719;1.054;2.506;0.074;1.193;19822
B516DA;2015/03/02 01:53:05;19822;81;27.0;25.8;2.693;1.735;1.054;2.461;0.074;1.174;19823
B516DA;2015/03/02 01:53:15;19823;77;27.4;25.8;2.664;1.735;1.083;2.461;0.074;1.148;19824
B516DA;2015/03/02 01:53:25;19824;84;27.7;25.5;2.632;1.703;1.083;2.461;0.064;1.154;19825
B516DA;2015/03/02 01:53:35;19825;84;32.5;26.0;2.722;1.703;1.032;2.461;0.064;1.148;19826
B516DA;2015/03/02 01:53:45;19826;83;27.4;26.3;2.699;1.741;1.032;2.477;0.064;1.138;19827
B516DA;2015/03/02 01:53:55;19827;82;33.5;26.0;2.774;1.741;1.048;2.477;0.064;1.141;19828
B516DA;2015/03/02 01:54:05;19828;78;32.2;25.8;2.551;1.703;1.048;2.477;0.064;1.151;19829
B516DA;2015/03/02 01:54:15;19829;77;33.2;25.7;2.561;1.703;1.093;2.477;0.064;1.145;19830
B516DA;2015/03/02 01:54:25;19830;87;29.0;25.3;2.680;1.716;1.093;2.454;0.064;1.177;19831
B516DA;2015/03/02 01:54:35;19831;89;31.2;26.0;2.564;1.716;1.035;2.454;0.064;1.170;19832
B516DA;2015/03/02 01:54:45;19832;83;30.6;26.2;2.732;1.725;1.035;2.454;0.070;1.183;19833
B516DA;2015/03/02 01:54:55;19833;90;26.4;25.8;2.654;1.725;1.093;2.454;0.070;1.145;19834
B516DA;2015/03/02 01:55:05;19834;77;30.3;26.5;2.574;1.741;1.093;2.451;0.070;1.170;19835
B516DA;2015/03/02 01:55:15;19835;86;32.9;26.0;2.574;1.741;1.035;2.451;0.070;1.132;19836
B516DA;2015/03/02 01:55:25;19836;86;30.6;26.2;2.725;1.738;1.035;2.451;0.064;1.145;19837
B516DA;2015/03/02 01:55:35;19837;80;30.9;25.7;2.635;1.738;1.035;2.451;0.064;1.138;19838
B516DA;2015/03/02 01:55:45;19838;89;29.6;26.5;2.561;1.703;1.035;2.451;0.064;1.183;19839
B516DA;2015/03/02 01:55:55;19839;82;31.6;26.0;2.774;1.703;1.032;2.451;0.064;1.161;19840
B516DA;2015/03/02 01:56:05;19840;84;26.7;26.7;2.580;1.729;1.032;2.451;0.093;1.158;19841
B516DA;2015/03/02 01:56:15;19841;86;34.1;26.0;2.764;1.729;1.061;2.451;0.093;1.129;19842
B516DA;2015/03/02 01:56:25;19842;89;30.9;25.5;2.732;1.738;1.061;2.458;0.093;1.187;19843
B516DA;2015/03/02 01:56:35;19843;78;27.4;25.8;2.767;1.738;1.035;2.458;0.093;1.141;19844
B516DA;2015/03/02 01:56:45;19844;91;32.5;25.7;2.567;1.703;1.035;2.458;0.093;1.180;19845
B516DA;2015/03/02 01:56:55;19845;85;33.5;26.0;2.758;1.703;1.041;2.458;0.093;1.141;19846
B516DA;2015/03/02 01:57:05;19846;78;30.9;25.8;2.551;1.703;1.041;2.496;0.093;1.148;19847
B516DA;2015/03/02 01:57:15;19847;79;30.0;25.8;2.561;1.703;1.054;2.496;0.093;1.164;19848
B516DA;2015/03/02 01:57:25;19848;79;33.2;25.5;2.687;1.741;1.054;2.496;0.138;1.183;19849
B516DA;2015/03/02 01:57:35;19849;81;26.4;25.8;2.709;1.741;1.045;2.496;0.138;1.158;19850
B516DA;2015/03/02 01:57:45;19850;80;30.3;26.2;2.567;1.725;1.045;2.506;0.138;1.138;19851
B516DA;2015/03/02 01:57:55;19851;82;29.0;26.0;2.667;1.725;1.035;2.506;0.138;1.141;19852
B516DA;2015/03/02 01:58:05;19852;90;29.0;25.5;2.661;1.725;1.035;2.506;0.074;1.177;19853
B516DA;2015/03/02 01:58:15;19853;89;32.5;25.8;2.754;1.725;1.087;2.506;0.074;1.183;19854
B516DA;2015/03/02 01:58:25;19854;93;29.0;25.5;2.654;1.745;1.087;2.467;0.074;1.141;19855
B516DA;2015/03/02 01:58:35;19855;86;29.6;25.8;2.670;1.745;1.087;2.467;0.074;1.145;19856
B516DA;2015/03/02 01:58:45;19856;75;26.7;26.0;2.658;1.722;1.087;2.467;0.064;1.170;19857
B516DA;2015/03/02 01:58:55;19857;89;29.3;26.0;2.741;1.722;1.035;2.467;0.064;1.167;19858
B516DA;2015/03/02 01:59:05;19858;86;29.6;26.2;2.564;1.738;1.035;2.487;0.064;1.145;19859
B516DA;2015/03/02 01:59:15;19859;78;30.3;25.8;2.580;1.738;1.087;2.487;0.064;1.138;19860
B516DA;2015/03/02 01:59:25;19860;86;30.9;26.2;2.732;1.738;1.087;2.487;0.064;1.154;19861
B516DA;2015/03/02 01:59:35;19861;86;30.9;25.8;2.590;1.738;1.051;2.487;0.064;1.164;19862
B516DA;2015/03/02 01:59:45;19862;86;28.0;25.8;2.748;1.735;1.051;2.441;0.064;1.177;19863
B516DA;2015/03/02 01:59:55;19863;76;26.4;25.8;2.603;1.735;1.038;2.441;0.064;1.158;19864
