B516D9;2015/03/08 00:00:04;11821;88;22.2;19.6;2.774;1.196;0.690;0.812;0.003;0.354;11822
B516D9;2015/03/08 00:00:14;11822;92;27.7;20.1;2.774;1.212;0.690;0.764;0.003;0.351;11823
B516D9;2015/03/08 00:00:23;11823;82;25.4;19.8;2.577;1.212;0.690;0.764;0.003;0.387;11824
B516D9;2015/03/08 00:00:34;11824;91;24.8;19.8;2.687;1.212;0.690;0.764;0.019;0.348;11825
B516D9;2015/03/08 00:00:43;11825;82;27.4;19.8;2.574;1.212;0.725;0.764;0.019;0.364;11826
B516D9;2015/03/08 00:00:54;11826;95;23.5;19.8;2.645;1.196;0.725;0.764;0.019;0.370;11827
B516D9;2015/03/08 00:01:03;11827;83;27.4;19.6;2.816;1.196;0.700;0.764;0.019;0.354;11828
B516D9;2015/03/08 00:01:14;11828;92;19.3;19.8;2.577;1.212;0.700;0.764;0.012;0.364;11829
B516D9;2015/03/08 00:01:23;11829;90;18.7;19.8;2.629;1.212;0.690;0.764;0.012;0.348;11830
B516D9;2015/03/08 00:01:34;11830;82;21.9;19.6;2.570;1.203;0.690;0.764;0.012;0.370;11831
B516D9;2015/03/08 00:01:43;11831;88;18.7;19.9;2.609;1.203;0.716;0.764;0.012;0.364;11832
B516D9;2015/03/08 00:01:54;11832;90;19.6;20.3;2.587;1.206;0.716;0.764;0.000;0.354;11833
B516D9;2015/03/08 00:02:03;11833;76;27.7;19.6;2.770;1.206;0.745;0.764;0.000;0.354;11834
B516D9;2015/03/08 00:02:14;11834;87;19.6;19.4;2.803;1.241;0.745;0.783;0.000;0.348;11835
B516D9;2015/03/08 00:02:23;11835;90;18.7;20.3;2.777;1.241;0.700;0.783;0.000;0.399;11836
B516D9;2015/03/08 00:02:34;11836;88;23.8;20.1;2.809;1.206;0.700;0.783;0.009;0.387;11837
B516D9;2015/03/08 00:02:43;11837;80;22.9;20.1;2.574;1.206;0.741;0.783;0.009;0.390;11838
B516D9;2015/03/08 00:02:54;11838;89;19.6;19.9;2.574;1.203;0.741;0.812;0.009;0.380;11839
B516D9;2015/03/08 00:03:03;11839;89;28.3;19.8;2.712;1.203;0.709;0.812;0.009;0.370;11840
B516D9;2015/03/08 00:03:14;11840;89;25.1;20.4;2.806;1.225;0.709;0.812;0.000;0.361;11841
B516D9;2015/03/08 00:03:23;11841;95;20.9;19.9;2.722;1.225;0.690;0.812;0.000;0.348;11842
B516D9;2015/03/08 00:03:34;11842;88;20.0;20.3;2.754;1.219;0.690;0.758;0.000;0.387;11843
B516D9;2015/03/08 00:03:43;11843;81;29.0;19.8;2.554;1.219;0.690;0.758;0.000;0.361;11844
B516D9;2015/03/08 00:03:54;11844;88;23.8;20.4;2.748;1.196;0.690;0.758;0.003;0.351;11845
B516D9;2015/03/08 00:04:03;11845;92;21.9;20.3;2.687;1.196;0.725;0.758;0.003;0.354;11846
B516D9;2015/03/08 00:04:14;11846;88;26.4;19.9;2.799;1.196;0.725;0.793;0.003;0.387;11847
B516D9;2015/03/08 00:04:23;11847;79;24.5;19.8;2.564;1.196;0.690;0.793;0.003;0.348;11848
B516D9;2015/03/08 00:04:34;11848;94;23.2;20.4;2.754;1.241;0.690;0.793;0.003;0.354;11849
B516D9;2015/03/08 00:04:43;11849;91;27.7;19.9;2.787;1.241;0.687;0.793;0.003;0.354;11850
B516D9;2015/03/08 00:04:54;11850;89;25.1;20.1;2.799;1.222;0.687;0.783;0.003;0.403;11851
B516D9;2015/03/08 00:05:03;11851;88;25.1;19.6;2.812;1.222;0.687;0.783;0.003;0.387;11852
B516D9;2015/03/08 00:05:14;11852;96;20.9;19.9;2.609;1.199;0.687;0.783;0.000;0.348;11853
B516D9;2015/03/08 00:05:23;11853;90;27.4;19.8;2.590;1.199;0.690;0.783;0.000;0.387;11854
B516D9;2015/03/08 00:05:34;11854;93;22.2;19.6;2.741;1.229;0.690;0.819;0.000;0.370;11855
B516D9;2015/03/08 00:05:43;11855;89;27.0;19.6;2.780;1.229;0.700;0.819;0.000;0.387;11856
B516D9;2015/03/08 00:05:54;11856;95;21.2;20.3;2.587;1.199;0.700;0.819;0.000;0.387;11857
B516D9;2015/03/08 00:06:03;11857;93;20.3;19.9;2.606;1.199;0.700;0.819;0.000;0.351;11858
B516D9;2015/03/08 00:06:14;11858;90;23.5;19.8;2.658;1.235;0.700;0.812;0.000;0.383;11859
B516D9;2015/03/08 00:06:23;11859;88;18.7;20.1;2.748;1.235;0.712;0.812;0.000;0.370;11860
B516D9;2015/03/08 00:06:34;11860;88;20.9;20.3;2.564;1.241;0.712;0.812;0.016;0.354;11861
B516D9;2015/03/08 00:06:43;11861;94;27.7;20.1;2.609;1.241;0.729;0.812;0.016;0.370;11862
B516D9;2015/03/08 00:06:54;11862;87;27.0;20.6;2.806;1.232;0.729;0.758;0.016;0.351;11863
B516D9;2015/03/08 00:07:03;11863;87;22.9;19.6;2.764;1.232;0.687;0.758;0.016;0.380;11864
B516D9;2015/03/08 00:07:14;11864;86;23.5;19.8;2.570;1.212;0.687;0.758;0.000;0.348;11865
B516D9;2015/03/08 00:07:23;11865;88;25.8;19.8;2.570;1.212;0.706;0.758;0.000;0.364;11866
B516D9;2015/03/08 00:07:34;11866;78;19.3;20.1;2.570;1.216;0.706;0.751;0.000;0.383;11867
B516D9;2015/03/08 00:07:43;11867;84;26.4;19.8;2.809;1.216;0.693;0.751;0.000;0.387;11868
B516D9;2015/03/08 00:07:54;11868;97;22.2;19.9;2.622;1.203;0.693;0.751;0.035;0.348;11869
B516D9;2015/03/08 00:08:03;11869;87;22.5;20.3;2.696;1.203;0.690;0.751;0.035;0.370;11870
B516D9;2015/03/08 00:08:14;11870;84;27.7;20.4;2.712;1.219;0.690;0.777;0.035;0.377;11871
B516D9;2015/03/08 00:08:23;11871;88;19.0;20.3;2.661;1.219;0.690;0.777;0.035;0.345;11872
B516D9;2015/03/08 00:08:34;11872;78;27.4;20.1;2.793;1.225;0.690;0.777;0.003;0.348;11873
B516D9;2015/03/08 00:08:43;11873;89;24.8;20.1;2.616;1.225;0.700;0.777;0.003;0.348;11874
B516D9;2015/03/08 00:08:54;11874;92;20.9;20.4;2.551;1.206;0.700;0.777;0.003;0.390;11875
B516D9;2015/03/08 00:09:03;11875;83;21.6;19.2;2.616;1.206;0.690;0.777;0.003;0.348;11876
B516D9;2015/03/08 00:09:14;11876;89;25.1;19.8;2.783;1.203;0.690;0.777;0.003;0.348;11877
B516D9;2015/03/08 00:09:23;11877;84;25.1;19.2;2.567;1.203;0.683;0.777;0.003;0.341;11878
B516D9;2015/03/08 00:09:34;11878;88;19.6;19.2;2.551;1.199;0.683;0.822;0.003;0.354;11879
B516D9;2015/03/08 00:09:43;11879;85;23.2;19.6;2.799;1.199;0.683;0.822;0.003;0.364;11880
B516D9;2015/03/08 00:09:54;11880;95;21.6;19.6;2.596;1.206;0.683;0.822;0.000;0.348;11881
B516D9;2015/03/08 00:10:03;11881;93;19.6;19.9;2.677;1.206;0.683;0.822;0.000;0.348;11882
B516D9;2015/03/08 00:10:14;11882;94;27.7;20.1;2.809;1.222;0.683;0.780;0.000;0.370;11883
B516D9;2015/03/08 00:10:23;11883;80;20.3;19.8;2.716;1.222;0.738;0.780;0.000;0.348;11884
B516D9;2015/03/08 00:10:34;11884;95;27.4;20.4;2.606;1.203;0.738;0.780;0.000;0.348;11885
B516D9;2015/03/08 00:10:43;11885;84;27.7;20.1;2.564;1.203;0.722;0.780;0.000;0.390;11886
B516D9;2015/03/08 00:10:54;11886;85;18.7;19.8;2.612;1.212;0.722;0.822;0.000;0.345;11887
B516D9;2015/03/08 00:11:03;11887;86;26.1;19.8;2.558;1.212;0.722;0.822;0.000;0.377;11888
B516D9;2015/03/08 00:11:14;11888;89;18.7;19.4;2.809;1.216;0.722;0.822;0.067;0.341;11889
B516D9;2015/03/08 00:11:23;11889;75;19.0;20.4;2.570;1.216;0.693;0.822;0.067;0.348;11890
B516D9;2015/03/08 00:11:34;11890;87;23.8;19.9;2.645;1.238;0.693;0.796;0.067;0.361;11891
B516D9;2015/03/08 00:11:43;11891;80;20.6;19.9;2.735;1.238;0.683;0.796;0.067;0.341;11892
B516D9;2015/03/08 00:11:54;11892;88;21.9;19.9;2.632;1.232;0.683;0.796;0.000;0.361;11893
B516D9;2015/03/08 00:12:03;11893;93;18.3;19.9;2.616;1.232;0.709;0.796;0.000;0.399;11894
B516D9;2015/03/08 00:12:14;11894;78;18.7;19.8;2.641;1.212;0.709;0.764;0.000;0.348;11895
B516D9;2015/03/08 00:12:23;11895;84;25.8;19.6;2.551;1.212;0.680;0.764;0.000;0.377;11896
B516D9;2015/03/08 00:12:34;11896;84;26.7;19.8;2.722;1.238;0.680;0.764;0.000;0.370;11897
B516D9;2015/03/08 00:12:43;11897;87;23.5;19.8;2.661;1.238;0.690;0.764;0.000;0.348;11898
B516D9;2015/03/08 00:12:54;11898;91;25.8;19.9;2.799;1.199;0.690;0.777;0.000;0.354;11899
B516D9;2015/03/08 00:13:03;11899;79;19.0;20.4;2.590;1.199;0.706;0.777;0.000;0.364;11900
B516D9;2015/03/08 00:13:14;11900;86;26.7;20.1;2.793;1.229;0.706;0.777;0.000;0.348;11901
B516D9;2015/03/08 00:13:23;11901;83;20.9;19.6;2.761;1.229;0.700;0.777;0.000;0.383;11902
B516D9;2015/03/08 00:13:34;11902;79;22.9;20.4;2.609;1.254;0.700;0.783;0.000;0.354;11903
B516D9;2015/03/08 00:13:43;11903;93;25.8;20.4;2.770;1.254;0.729;0.783;0.000;0.348;11904
B516D9;2015/03/08 00:13:54;11904;88;24.5;19.4;2.806;1.219;0.729;0.783;0.003;0.387;11905
B516D9;2015/03/08 00:14:03;11905;85;22.5;20.3;2.596;1.219;0.680;0.783;0.003;0.348;11906
B516D9;2015/03/08 00:14:14;11906;86;25.8;20.4;2.709;1.219;0.680;0.851;0.003;0.387;11907
B516D9;2015/03/08 00:14:23;11907;92;19.6;20.6;2.732;1.219;0.687;0.851;0.003;0.361;11908
B516D9;2015/03/08 00:14:34;11908;88;20.9;20.1;2.616;1.219;0.687;0.851;0.003;0.348;11909
B516D9;2015/03/08 00:14:43;11909;84;19.3;20.4;2.590;1.219;0.735;0.851;0.003;0.345;11910
B516D9;2015/03/08 00:14:54;11910;95;22.2;20.3;2.761;1.245;0.735;0.777;0.003;0.387;11911
B516D9;2015/03/08 00:15:03;11911;91;19.0;20.1;2.748;1.245;0.677;0.777;0.003;0.374;11912
B516D9;2015/03/08 00:15:14;11912;88;26.7;20.1;2.806;1.206;0.677;0.777;0.080;0.370;11913
B516D9;2015/03/08 00:15:23;11913;90;24.8;19.8;2.574;1.206;0.677;0.777;0.080;0.380;11914
B516D9;2015/03/08 00:15:34;11914;91;20.0;20.1;2.693;1.241;0.677;0.774;0.080;0.377;11915
B516D9;2015/03/08 00:15:43;11915;80;18.7;19.9;2.658;1.241;0.712;0.774;0.080;0.364;11916
B516D9;2015/03/08 00:15:54;11916;95;23.8;20.3;2.809;1.232;0.712;0.774;0.003;0.335;11917
B516D9;2015/03/08 00:16:03;11917;78;23.5;20.1;2.777;1.232;0.677;0.774;0.003;0.380;11918
B516D9;2015/03/08 00:16:14;11918;87;19.0;20.3;2.635;1.238;0.677;0.777;0.003;0.338;11919
B516D9;2015/03/08 00:16:23;11919;83;19.0;20.3;2.696;1.238;0.677;0.777;0.003;0.374;11920
B516D9;2015/03/08 00:16:34;11920;88;23.5;19.8;2.587;1.209;0.677;0.777;0.022;0.338;11921
B516D9;2015/03/08 00:16:43;11921;91;24.1;19.2;2.770;1.209;0.700;0.777;0.022;0.335;11922
B516D9;2015/03/08 00:16:54;11922;77;22.2;20.1;2.767;1.222;0.700;0.777;0.022;0.332;11923
B516D9;2015/03/08 00:17:03;11923;93;27.7;20.3;2.554;1.222;0.677;0.777;0.022;0.332;11924
B516D9;2015/03/08 00:17:14;11924;78;27.4;19.8;2.748;1.222;0.677;0.777;0.000;0.364;11925
B516D9;2015/03/08 00:17:23;11925;83;18.3;20.4;2.696;1.222;0.674;0.777;0.000;0.345;11926
B516D9;2015/03/08 00:17:34;11926;86;20.9;20.3;2.587;1.219;0.674;0.770;0.000;0.370;11927
B516D9;2015/03/08 00:17:43;11927;91;23.2;19.8;2.577;1.219;0.687;0.770;0.000;0.341;11928
B516D9;2015/03/08 00:17:54;11928;88;21.9;19.4;2.793;1.196;0.687;0.770;0.003;0.335;11929
B516D9;2015/03/08 00:18:03;11929;88;24.5;19.8;2.809;1.196;0.677;0.770;0.003;0.335;11930
B516D9;2015/03/08 00:18:14;11930;90;25.1;20.4;2.741;1.196;0.677;0.819;0.003;0.335;11931
B516D9;2015/03/08 00:18:23;11931;92;29.3;19.8;2.561;1.196;0.732;0.819;0.003;0.377;11932
B516D9;2015/03/08 00:18:34;11932;84;27.0;20.4;2.709;1.222;0.732;0.819;0.009;0.338;11933
B516D9;2015/03/08 00:18:43;11933;88;23.2;20.4;2.774;1.222;0.719;0.819;0.009;0.341;11934
B516D9;2015/03/08 00:18:54;11934;87;20.9;20.3;2.596;1.193;0.719;0.803;0.009;0.370;11935
B516D9;2015/03/08 00:19:03;11935;82;27.7;19.9;2.812;1.193;0.732;0.803;0.009;0.345;11936
B516D9;2015/03/08 00:19:14;11936;93;24.5;20.1;2.799;1.248;0.732;0.803;0.016;0.351;11937
B516D9;2015/03/08 00:19:23;11937;94;23.2;20.3;2.593;1.248;0.687;0.803;0.016;0.374;11938
B516D9;2015/03/08 00:19:34;11938;81;19.3;19.6;2.687;1.209;0.687;0.764;0.016;0.364;11939
B516D9;2015/03/08 00:19:43;11939;90;19.6;19.8;2.738;1.209;0.696;0.764;0.016;0.335;11940
B516D9;2015/03/08 00:19:54;11940;83;28.3;20.6;2.799;1.245;0.696;0.764;0.009;0.341;11941
B516D9;2015/03/08 00:20:03;11941;78;22.2;19.4;2.670;1.245;0.725;0.764;0.009;0.370;11942
B516D9;2015/03/08 00:20:14;11942;94;19.6;19.4;2.806;1.196;0.725;0.796;0.009;0.348;11943
B516D9;2015/03/08 00:20:23;11943;96;18.3;19.9;2.703;1.196;0.677;0.796;0.009;0.341;11944
B516D9;2015/03/08 00:20:34;11944;97;20.0;20.3;2.722;1.196;0.677;0.796;0.000;0.341;11945
B516D9;2015/03/08 00:20:43;11945;88;25.1;20.1;2.561;1.196;0.670;0.796;0.000;0.351;11946
B516D9;2015/03/08 00:20:54;11946;88;20.3;20.3;2.616;1.199;0.670;0.774;0.000;0.341;11947
B516D9;2015/03/08 00:21:03;11947;83;20.3;19.2;2.780;1.199;0.696;0.774;0.000;0.370;11948
B516D9;2015/03/08 00:21:14;11948;76;24.8;20.4;2.712;1.190;0.696;0.774;0.003;0.377;11949
B516D9;2015/03/08 00:21:23;11949;82;28.3;19.9;2.796;1.190;0.670;0.774;0.003;0.341;11950
B516D9;2015/03/08 00:21:34;11950;87;23.2;20.1;2.806;1.196;0.670;0.758;0.003;0.351;11951
B516D9;2015/03/08 00:21:43;11951;85;18.7;20.4;2.677;1.196;0.729;0.758;0.003;0.345;11952
B516D9;2015/03/08 00:21:54;11952;89;19.6;19.9;2.580;1.203;0.729;0.758;0.003;0.361;11953
B516D9;2015/03/08 00:22:03;11953;91;26.4;20.3;2.574;1.203;0.670;0.758;0.003;0.341;11954
B516D9;2015/03/08 00:22:14;11954;90;20.0;19.9;2.603;1.222;0.670;0.774;0.003;0.377;11955
B516D9;2015/03/08 00:22:23;11955;88;20.6;19.9;2.716;1.222;0.696;0.774;0.003;0.358;11956
B516D9;2015/03/08 00:22:34;11956;88;25.8;19.9;2.761;1.190;0.696;0.774;0.000;0.358;11957
B516D9;2015/03/08 00:22:43;11957;93;26.4;20.1;2.548;1.190;0.706;0.774;0.000;0.364;11958
B516D9;2015/03/08 00:22:54;11958;81;25.4;20.1;2.712;1.196;0.706;0.774;0.000;0.341;11959
B516D9;2015/03/08 00:23:03;11959;81;19.0;20.3;2.687;1.196;0.674;0.774;0.000;0.351;11960
B516D9;2015/03/08 00:23:14;11960;93;29.6;20.4;2.680;1.193;0.674;0.774;0.006;0.341;11961
B516D9;2015/03/08 00:23:23;11961;79;21.6;19.2;2.774;1.193;0.696;0.774;0.006;0.351;11962
B516D9;2015/03/08 00:23:34;11962;93;28.0;20.3;2.809;1.199;0.696;0.774;0.006;0.370;11963
B516D9;2015/03/08 00:23:43;11963;87;19.0;20.4;2.658;1.199;0.677;0.774;0.006;0.374;11964
B516D9;2015/03/08 00:23:54;11964;81;22.9;19.8;2.616;1.199;0.677;0.774;0.003;0.345;11965
B516D9;2015/03/08 00:24:03;11965;84;21.9;19.8;2.590;1.199;0.680;0.774;0.003;0.351;11966
B516D9;2015/03/08 00:24:14;11966;93;27.0;20.3;2.793;1.232;0.680;0.777;0.003;0.377;11967
B516D9;2015/03/08 00:24:23;11967;89;26.1;20.1;2.564;1.232;0.712;0.777;0.003;0.341;11968
B516D9;2015/03/08 00:24:34;11968;89;27.4;20.1;2.738;1.222;0.712;0.777;0.003;0.387;11969
B516D9;2015/03/08 00:24:43;11969;78;18.3;20.1;2.683;1.222;0.729;0.777;0.003;0.341;11970
B516D9;2015/03/08 00:24:54;11970;91;18.3;19.9;2.564;1.193;0.729;0.780;0.003;0.354;11971
B516D9;2015/03/08 00:25:03;11971;93;26.4;19.6;2.577;1.193;0.706;0.780;0.003;0.345;11972
B516D9;2015/03/08 00:25:14;11972;88;23.5;19.8;2.570;1.235;0.706;0.780;0.000;0.338;11973
B516D9;2015/03/08 00:25:23;11973;83;23.5;20.1;2.799;1.235;0.693;0.780;0.000;0.348;11974
B516D9;2015/03/08 00:25:34;11974;89;20.0;19.9;2.603;1.232;0.693;0.764;0.000;0.348;11975
B516D9;2015/03/08 00:25:43;11975;92;21.9;20.3;2.583;1.232;0.680;0.764;0.000;0.387;11976
B516D9;2015/03/08 00:25:54;11976;85;19.6;19.8;2.570;1.193;0.680;0.764;0.000;0.348;11977
B516D9;2015/03/08 00:26:03;11977;74;21.6;19.8;2.741;1.193;0.670;0.764;0.000;0.361;11978
B516D9;2015/03/08 00:26:14;11978;94;23.2;20.8;2.806;1.190;0.670;0.758;0.000;0.341;11979
B516D9;2015/03/08 00:26:23;11979;90;26.4;20.4;2.809;1.190;0.687;0.758;0.000;0.351;11980
B516D9;2015/03/08 00:26:34;11980;89;26.4;20.4;2.625;1.245;0.687;0.758;0.003;0.364;11981
B516D9;2015/03/08 00:26:43;11981;88;25.1;20.1;2.577;1.245;0.729;0.758;0.003;0.341;11982
B516D9;2015/03/08 00:26:54;11982;93;25.1;20.4;2.674;1.222;0.729;0.767;0.003;0.338;11983
B516D9;2015/03/08 00:27:03;11983;82;18.3;20.4;2.638;1.222;0.722;0.767;0.003;0.351;11984
B516D9;2015/03/08 00:27:14;11984;91;19.6;19.9;2.583;1.203;0.722;0.767;0.000;0.354;11985
B516D9;2015/03/08 00:27:23;11985;78;29.0;19.8;2.548;1.203;0.677;0.767;0.000;0.380;11986
B516D9;2015/03/08 00:27:34;11986;89;19.6;19.8;2.661;1.203;0.677;0.819;0.000;0.387;11987
B516D9;2015/03/08 00:27:43;11987;91;24.5;19.8;2.809;1.203;0.700;0.819;0.000;0.341;11988
B516D9;2015/03/08 00:27:54;11988;88;29.3;20.1;2.767;1.206;0.700;0.819;0.129;0.361;11989
B516D9;2015/03/08 00:28:03;11989;86;20.6;19.2;2.809;1.206;0.683;0.819;0.129;0.361;11990
B516D9;2015/03/08 00:28:14;11990;91;20.6;19.4;2.806;1.206;0.683;0.774;0.129;0.364;11991
B516D9;2015/03/08 00:28:23;11991;87;27.0;19.6;2.745;1.206;0.687;0.774;0.129;0.345;11992
B516D9;2015/03/08 00:28:34;11992;90;19.6;19.8;2.583;1.238;0.687;0.774;0.054;0.364;11993
B516D9;2015/03/08 00:28:43;11993;85;24.8;20.1;2.570;1.238;0.677;0.774;0.054;0.358;11994
B516D9;2015/03/08 00:28:54;11994;87;22.9;19.8;2.583;1.238;0.677;0.796;0.054;0.377;11995
B516D9;2015/03/08 00:29:03;11995;90;22.9;20.1;2.583;1.238;0.706;0.796;0.054;0.341;11996
B516D9;2015/03/08 00:29:14;11996;83;24.5;20.3;2.554;1.212;0.706;0.796;0.000;0.364;11997
B516D9;2015/03/08 00:29:23;11997;90;21.2;19.8;2.709;1.212;0.732;0.796;0.000;0.354;11998
B516D9;2015/03/08 00:29:34;11998;86;24.1;20.1;2.793;1.238;0.732;0.777;0.000;0.364;11999
B516D9;2015/03/08 00:29:43;11999;92;25.4;19.9;2.570;1.238;0.725;0.777;0.000;0.364;12000
B516D9;2015/03/08 00:29:54;12000;83;20.3;19.2;2.558;1.196;0.725;0.777;0.129;0.351;12001
B516D9;2015/03/08 00:30:03;12001;93;26.4;19.8;2.816;1.196;0.719;0.777;0.129;0.345;12002
B516D9;2015/03/08 00:30:14;12002;81;19.6;19.4;2.809;1.209;0.719;0.787;0.129;0.351;12003
B516D9;2015/03/08 00:30:23;12003;82;25.1;18.9;2.816;1.209;0.706;0.787;0.129;0.341;12004
B516D9;2015/03/08 00:30:34;12004;95;20.9;19.6;2.616;1.193;0.706;0.787;0.000;0.338;12005
B516D9;2015/03/08 00:30:43;12005;86;25.1;19.6;2.570;1.193;0.670;0.787;0.000;0.361;12006
B516D9;2015/03/08 00:30:54;12006;84;25.4;19.6;2.809;1.196;0.670;0.777;0.000;0.364;12007
B516D9;2015/03/08 00:31:03;12007;88;20.9;19.9;2.606;1.196;0.667;0.777;0.000;0.345;12008
B516D9;2015/03/08 00:31:14;12008;94;24.5;19.4;2.754;1.190;0.667;0.777;0.080;0.341;12009
B516D9;2015/03/08 00:31:23;12009;84;20.3;19.6;2.748;1.190;0.667;0.777;0.080;0.361;12010
B516D9;2015/03/08 00:31:34;12010;79;23.5;18.9;2.603;1.219;0.667;0.770;0.080;0.361;12011
B516D9;2015/03/08 00:31:43;12011;93;24.1;18.9;2.790;1.219;0.709;0.770;0.080;0.377;12012
B516D9;2015/03/08 00:31:54;12012;83;20.3;19.8;2.687;1.206;0.709;0.770;0.003;0.332;12013
B516D9;2015/03/08 00:32:03;12013;81;19.6;19.9;2.651;1.206;0.667;0.770;0.003;0.329;12014
B516D9;2015/03/08 00:32:14;12014;90;28.3;20.1;2.748;1.222;0.667;0.774;0.003;0.332;12015
B516D9;2015/03/08 00:32:23;12015;86;24.5;19.6;2.799;1.222;0.722;0.774;0.003;0.361;12016
B516D9;2015/03/08 00:32:34;12016;95;26.4;19.9;2.787;1.199;0.722;0.774;0.000;0.341;12017
B516D9;2015/03/08 00:32:43;12017;89;19.6;20.3;2.703;1.199;0.680;0.774;0.000;0.351;12018
B516D9;2015/03/08 00:32:54;12018;93;22.5;19.2;2.593;1.199;0.680;0.770;0.000;0.361;12019
B516D9;2015/03/08 00:33:03;12019;95;20.3;19.1;2.722;1.199;0.696;0.770;0.000;0.335;12020
B516D9;2015/03/08 00:33:14;12020;93;24.5;20.1;2.548;1.206;0.696;0.770;0.000;0.335;12021
B516D9;2015/03/08 00:33:23;12021;86;26.1;19.9;2.787;1.206;0.670;0.770;0.000;0.383;12022
B516D9;2015/03/08 00:33:34;12022;79;19.6;19.6;2.574;1.190;0.670;0.819;0.000;0.341;12023
B516D9;2015/03/08 00:33:43;12023;87;21.6;19.2;2.754;1.190;0.667;0.819;0.000;0.367;12024
B516D9;2015/03/08 00:33:54;12024;96;19.6;19.8;2.609;1.209;0.667;0.819;0.012;0.325;12025
B516D9;2015/03/08 00:34:03;12025;86;24.8;19.8;2.570;1.209;0.712;0.819;0.012;0.374;12026
B516D9;2015/03/08 00:34:14;12026;88;18.7;19.9;2.574;1.209;0.712;0.770;0.012;0.370;12027
B516D9;2015/03/08 00:34:23;12027;81;27.7;20.1;2.564;1.209;0.680;0.770;0.012;0.345;12028
B516D9;2015/03/08 00:34:34;12028;84;22.9;19.8;2.674;1.212;0.680;0.770;0.003;0.341;12029
B516D9;2015/03/08 00:34:43;12029;78;25.8;19.9;2.822;1.212;0.683;0.770;0.003;0.354;12030
B516D9;2015/03/08 00:34:54;12030;92;27.7;19.9;2.706;1.209;0.683;0.793;0.003;0.329;12031
B516D9;2015/03/08 00:35:03;12031;77;28.3;19.6;2.770;1.209;0.664;0.793;0.003;0.345;12032
B516D9;2015/03/08 00:35:14;12032;79;18.3;19.9;2.574;1.187;0.664;0.793;0.041;0.335;12033
B516D9;2015/03/08 00:35:23;12033;78;20.0;19.6;2.722;1.187;0.722;0.793;0.041;0.374;12034
B516D9;2015/03/08 00:35:34;12034;81;21.2;19.4;2.787;1.216;0.722;0.770;0.041;0.370;12035
B516D9;2015/03/08 00:35:43;12035;95;21.6;19.4;2.625;1.216;0.680;0.770;0.041;0.364;12036
B516D9;2015/03/08 00:35:54;12036;78;26.4;20.1;2.551;1.238;0.680;0.770;0.003;0.361;12037
B516D9;2015/03/08 00:36:03;12037;92;26.4;20.4;2.551;1.238;0.687;0.770;0.003;0.358;12038
B516D9;2015/03/08 00:36:14;12038;81;23.5;19.6;2.574;1.190;0.687;0.770;0.003;0.358;12039
B516D9;2015/03/08 00:36:23;12039;93;23.2;19.8;2.548;1.190;0.683;0.770;0.003;0.341;12040
B516D9;2015/03/08 00:36:34;12040;88;22.2;19.8;2.687;1.203;0.683;0.770;0.003;0.380;12041
B516D9;2015/03/08 00:36:43;12041;91;20.3;19.8;2.767;1.203;0.722;0.770;0.003;0.338;12042
B516D9;2015/03/08 00:36:54;12042;95;23.8;20.8;2.809;1.206;0.722;0.764;0.003;0.377;12043
B516D9;2015/03/08 00:37:03;12043;81;18.3;20.1;2.658;1.206;0.667;0.764;0.003;0.377;12044
B516D9;2015/03/08 00:37:14;12044;85;18.7;19.4;2.806;1.196;0.667;0.764;0.003;0.348;12045
B516D9;2015/03/08 00:37:23;12045;86;22.5;19.9;2.603;1.196;0.687;0.764;0.003;0.341;12046
B516D9;2015/03/08 00:37:34;12046;85;20.0;20.4;2.554;1.222;0.687;0.799;0.003;0.380;12047
B516D9;2015/03/08 00:37:43;12047;93;27.0;19.8;2.745;1.222;0.719;0.799;0.003;0.341;12048
B516D9;2015/03/08 00:37:54;12048;93;25.4;20.1;2.709;1.206;0.719;0.799;0.003;0.364;12049
B516D9;2015/03/08 00:38:03;12049;92;26.4;19.8;2.564;1.206;0.664;0.799;0.003;0.335;12050
B516D9;2015/03/08 00:38:14;12050;82;23.5;20.4;2.787;1.235;0.664;0.774;0.003;0.377;12051
B516D9;2015/03/08 00:38:23;12051;78;19.0;19.9;2.625;1.235;0.716;0.774;0.003;0.345;12052
B516D9;2015/03/08 00:38:34;12052;93;23.5;20.4;2.667;1.196;0.716;0.774;0.070;0.335;12053
B516D9;2015/03/08 00:38:43;12053;87;29.0;20.1;2.661;1.196;0.674;0.774;0.070;0.341;12054
B516D9;2015/03/08 00:38:54;12054;80;26.4;19.9;2.809;1.190;0.674;0.777;0.070;0.335;12055
B516D9;2015/03/08 00:39:03;12055;87;19.0;19.4;2.606;1.190;0.664;0.777;0.070;0.338;12056
B516D9;2015/03/08 00:39:14;12056;85;21.9;19.2;2.548;1.203;0.664;0.777;0.009;0.341;12057
B516D9;2015/03/08 00:39:23;12057;86;23.2;20.3;2.583;1.203;0.664;0.777;0.009;0.332;12058
B516D9;2015/03/08 00:39:34;12058;92;26.7;20.4;2.603;1.187;0.664;0.777;0.009;0.335;12059
B516D9;2015/03/08 00:39:43;12059;80;29.6;20.3;2.551;1.187;0.700;0.777;0.009;0.393;12060
B516D9;2015/03/08 00:39:54;12060;83;23.2;19.4;2.793;1.216;0.700;0.777;0.016;0.341;12061
B516D9;2015/03/08 00:40:03;12061;78;25.1;20.4;2.809;1.216;0.667;0.777;0.016;0.341;12062
B516D9;2015/03/08 00:40:14;12062;91;20.9;19.9;2.609;1.212;0.667;0.761;0.016;0.361;12063
B516D9;2015/03/08 00:40:23;12063;82;27.0;20.3;2.806;1.212;0.680;0.761;0.016;0.341;12064
B516D9;2015/03/08 00:40:34;12064;94;21.2;19.4;2.787;1.232;0.680;0.761;0.000;0.361;12065
B516D9;2015/03/08 00:40:43;12065;85;25.8;19.9;2.770;1.232;0.680;0.761;0.000;0.364;12066
B516D9;2015/03/08 00:40:54;12066;85;20.0;20.1;2.709;1.187;0.680;0.767;0.000;0.341;12067
B516D9;2015/03/08 00:41:03;12067;88;26.7;19.8;2.583;1.187;0.680;0.767;0.000;0.387;12068
B516D9;2015/03/08 00:41:14;12068;91;20.9;19.8;2.709;1.235;0.680;0.767;0.041;0.341;12069
B516D9;2015/03/08 00:41:23;12069;83;22.9;19.8;2.774;1.235;0.712;0.767;0.041;0.345;12070
B516D9;2015/03/08 00:41:34;12070;89;24.1;20.1;2.674;1.187;0.712;0.758;0.041;0.370;12071
B516D9;2015/03/08 00:41:43;12071;85;19.3;19.8;2.799;1.187;0.680;0.758;0.041;0.341;12072
B516D9;2015/03/08 00:41:54;12072;83;24.5;20.1;2.799;1.187;0.680;0.758;0.000;0.354;12073
B516D9;2015/03/08 00:42:03;12073;92;22.5;20.1;2.577;1.187;0.687;0.758;0.000;0.358;12074
B516D9;2015/03/08 00:42:14;12074;94;25.8;19.9;2.809;1.193;0.687;0.809;0.000;0.370;12075
B516D9;2015/03/08 00:42:23;12075;78;21.6;20.3;2.729;1.193;0.664;0.809;0.000;0.341;12076
B516D9;2015/03/08 00:42:34;12076;84;23.5;20.3;2.693;1.235;0.664;0.809;0.000;0.345;12077
B516D9;2015/03/08 00:42:43;12077;77;24.8;20.3;2.583;1.235;0.674;0.809;0.000;0.361;12078
B516D9;2015/03/08 00:42:54;12078;94;27.4;20.4;2.774;1.209;0.674;0.764;0.000;0.338;12079
B516D9;2015/03/08 00:43:03;12079;87;19.3;19.4;2.609;1.209;0.674;0.764;0.000;0.338;12080
B516D9;2015/03/08 00:43:14;12080;89;25.4;20.1;2.732;1.193;0.674;0.764;0.090;0.361;12081
B516D9;2015/03/08 00:43:23;12081;93;24.1;19.6;2.793;1.193;0.716;0.764;0.090;0.345;12082
B516D9;2015/03/08 00:43:34;12082;88;21.2;19.4;2.787;1.209;0.716;0.816;0.090;0.341;12083
B516D9;2015/03/08 00:43:43;12083;84;25.1;20.3;2.619;1.209;0.716;0.816;0.090;0.345;12084
B516D9;2015/03/08 00:43:54;12084;75;28.0;20.1;2.551;1.196;0.716;0.816;0.000;0.335;12085
B516D9;2015/03/08 00:44:03;12085;88;22.9;19.9;2.558;1.196;0.716;0.816;0.000;0.351;12086
B516D9;2015/03/08 00:44:14;12086;88;20.9;20.3;2.596;1.196;0.716;0.819;0.000;0.364;12087
B516D9;2015/03/08 00:44:23;12087;81;26.7;20.4;2.561;1.196;0.667;0.819;0.000;0.332;12088
B516D9;2015/03/08 00:44:34;12088;88;22.2;20.4;2.661;1.199;0.667;0.819;0.000;0.329;12089
B516D9;2015/03/08 00:44:43;12089;84;19.6;20.6;2.806;1.199;0.680;0.819;0.000;0.358;12090
B516D9;2015/03/08 00:44:54;12090;87;21.6;19.9;2.635;1.193;0.680;0.790;0.000;0.335;12091
B516D9;2015/03/08 00:45:03;12091;82;27.7;19.8;2.680;1.193;0.664;0.790;0.000;0.329;12092
B516D9;2015/03/08 00:45:14;12092;95;23.8;20.4;2.648;1.238;0.664;0.790;0.003;0.370;12093
B516D9;2015/03/08 00:45:23;12093;81;25.8;19.8;2.809;1.238;0.680;0.790;0.003;0.354;12094
B516D9;2015/03/08 00:45:34;12094;76;21.6;19.8;2.606;1.206;0.680;0.777;0.003;0.364;12095
B516D9;2015/03/08 00:45:43;12095;83;25.8;20.1;2.570;1.206;0.719;0.777;0.003;0.332;12096
B516D9;2015/03/08 00:45:54;12096;78;21.6;20.1;2.641;1.241;0.719;0.777;0.009;0.377;12097
B516D9;2015/03/08 00:46:03;12097;93;19.0;20.1;2.754;1.241;0.667;0.777;0.009;0.332;12098
B516D9;2015/03/08 00:46:14;12098;79;24.1;20.1;2.793;1.199;0.667;0.777;0.009;0.329;12099
B516D9;2015/03/08 00:46:23;12099;87;22.2;19.4;2.696;1.199;0.700;0.777;0.009;0.332;12100
B516D9;2015/03/08 00:46:34;12100;94;25.1;20.3;2.806;1.229;0.700;0.777;0.000;0.335;12101
B516D9;2015/03/08 00:46:43;12101;84;25.1;19.8;2.609;1.229;0.664;0.777;0.000;0.351;12102
B516D9;2015/03/08 00:46:54;12102;88;27.7;20.3;2.551;1.238;0.664;0.803;0.000;0.335;12103
B516D9;2015/03/08 00:47:03;12103;84;21.9;20.4;2.590;1.238;0.719;0.803;0.000;0.364;12104
B516D9;2015/03/08 00:47:14;12104;95;22.2;20.4;2.558;1.206;0.719;0.803;0.009;0.370;12105
B516D9;2015/03/08 00:47:23;12105;88;22.5;20.3;2.712;1.206;0.674;0.803;0.009;0.377;12106
B516D9;2015/03/08 00:47:34;12106;90;20.9;19.8;2.709;1.222;0.674;0.770;0.009;0.361;12107
B516D9;2015/03/08 00:47:43;12107;90;19.3;20.4;2.622;1.222;0.667;0.770;0.009;0.335;12108
B516D9;2015/03/08 00:47:54;12108;84;21.9;19.4;2.799;1.212;0.667;0.770;0.003;0.332;12109
B516D9;2015/03/08 00:48:03;12109;79;21.6;19.8;2.741;1.212;0.664;0.770;0.003;0.364;12110
B516D9;2015/03/08 00:48:14;12110;84;20.3;19.8;2.683;1.193;0.664;0.787;0.003;0.341;12111
B516D9;2015/03/08 00:48:23;12111;88;19.0;20.6;2.809;1.193;0.667;0.787;0.003;0.364;12112
B516D9;2015/03/08 00:48:34;12112;97;25.1;20.3;2.551;1.222;0.667;0.787;0.000;0.341;12113
B516D9;2015/03/08 00:48:43;12113;89;25.8;20.4;2.564;1.222;0.664;0.787;0.000;0.351;12114
B516D9;2015/03/08 00:48:54;12114;85;21.6;20.4;2.648;1.206;0.664;0.767;0.000;0.361;12115
B516D9;2015/03/08 00:49:03;12115;78;24.1;20.1;2.570;1.206;0.712;0.767;0.000;0.377;12116
B516D9;2015/03/08 00:49:14;12116;83;18.7;19.8;2.574;1.219;0.712;0.767;0.099;0.345;12117
B516D9;2015/03/08 00:49:23;12117;87;23.2;20.1;2.632;1.219;0.712;0.767;0.099;0.341;12118
B516D9;2015/03/08 00:49:34;12118;81;20.9;19.9;2.574;1.245;0.712;0.758;0.099;0.358;12119
B516D9;2015/03/08 00:49:43;12119;83;19.3;20.3;2.703;1.245;0.716;0.758;0.099;0.361;12120
B516D9;2015/03/08 00:49:54;12120;81;26.7;20.1;2.722;1.212;0.716;0.758;0.003;0.341;12121
B516D9;2015/03/08 00:50:04;12121;79;24.5;19.9;2.816;1.212;0.667;0.758;0.003;0.345;12122
B516D9;2015/03/08 00:50:14;12122;85;22.2;20.1;2.774;1.241;0.667;0.754;0.003;0.396;12123
B516D9;2015/03/08 00:50:23;12123;87;21.6;19.4;2.683;1.241;0.670;0.754;0.003;0.338;12124
B516D9;2015/03/08 00:50:34;12124;88;26.4;20.1;2.748;1.209;0.670;0.754;0.000;0.364;12125
B516D9;2015/03/08 00:50:43;12125;82;26.4;19.9;2.558;1.209;0.664;0.754;0.000;0.361;12126
B516D9;2015/03/08 00:50:54;12126;84;24.1;20.1;2.674;1.209;0.664;0.748;0.000;0.351;12127
B516D9;2015/03/08 00:51:03;12127;94;18.7;20.1;2.632;1.209;0.712;0.748;0.000;0.345;12128
B516D9;2015/03/08 00:51:14;12128;96;20.3;19.4;2.806;1.199;0.712;0.748;0.000;0.338;12129
B516D9;2015/03/08 00:51:23;12129;88;23.5;20.3;2.651;1.199;0.664;0.748;0.000;0.335;12130
B516D9;2015/03/08 00:51:34;12130;89;25.4;20.4;2.712;1.196;0.664;0.758;0.000;0.329;12131
B516D9;2015/03/08 00:51:43;12131;88;21.9;20.3;2.703;1.196;0.683;0.758;0.000;0.370;12132
B516D9;2015/03/08 00:51:54;12132;89;25.8;19.9;2.548;1.222;0.683;0.758;0.009;0.358;12133
B516D9;2015/03/08 00:52:03;12133;82;24.1;19.6;2.790;1.222;0.661;0.758;0.009;0.354;12134
B516D9;2015/03/08 00:52:14;12134;95;18.3;20.3;2.574;1.241;0.661;0.761;0.009;0.329;12135
B516D9;2015/03/08 00:52:23;12135;93;24.5;20.3;2.561;1.241;0.712;0.761;0.009;0.338;12136
B516D9;2015/03/08 00:52:34;12136;88;19.6;19.9;2.551;1.206;0.712;0.761;0.003;0.335;12137
B516D9;2015/03/08 00:52:43;12137;82;20.3;20.6;2.732;1.206;0.706;0.761;0.003;0.335;12138
B516D9;2015/03/08 00:52:54;12138;88;19.6;19.6;2.545;1.225;0.706;0.751;0.003;0.335;12139
B516D9;2015/03/08 00:53:03;12139;85;24.1;19.8;2.603;1.225;0.716;0.751;0.003;0.345;12140
B516D9;2015/03/08 00:53:14;12140;91;23.5;20.3;2.787;1.209;0.716;0.751;0.000;0.361;12141
B516D9;2015/03/08 00:53:23;12141;95;25.8;20.4;2.770;1.209;0.661;0.751;0.000;0.335;12142
B516D9;2015/03/08 00:53:34;12142;85;23.8;19.6;2.570;1.193;0.661;0.751;0.000;0.341;12143
B516D9;2015/03/08 00:53:43;12143;83;21.6;20.1;2.716;1.193;0.677;0.751;0.000;0.341;12144
B516D9;2015/03/08 00:53:54;12144;83;24.5;20.8;2.799;1.196;0.677;0.751;0.003;0.341;12145
B516D9;2015/03/08 00:54:03;12145;87;24.1;20.6;2.645;1.196;0.661;0.751;0.003;0.341;12146
B516D9;2015/03/08 00:54:14;12146;79;25.8;20.4;2.761;1.203;0.661;0.738;0.003;0.348;12147
B516D9;2015/03/08 00:54:23;12147;76;23.8;20.1;2.583;1.203;0.667;0.738;0.003;0.351;12148
B516D9;2015/03/08 00:54:34;12148;90;21.6;19.8;2.538;1.232;0.667;0.738;0.000;0.354;12149
B516D9;2015/03/08 00:54:43;12149;89;20.3;20.8;2.606;1.232;0.664;0.738;0.000;0.335;12150
B516D9;2015/03/08 00:54:54;12150;88;24.1;20.4;2.567;1.190;0.664;0.741;0.000;0.335;12151
B516D9;2015/03/08 00:55:03;12151;83;26.4;20.6;2.803;1.190;0.667;0.741;0.000;0.358;12152
B516D9;2015/03/08 00:55:14;12152;78;19.0;20.1;2.609;1.199;0.667;0.741;0.025;0.361;12153
B516D9;2015/03/08 00:55:23;12153;84;19.0;20.4;2.567;1.199;0.706;0.741;0.025;0.351;12154
B516D9;2015/03/08 00:55:34;12154;88;19.0;19.9;2.806;1.222;0.706;0.751;0.025;0.361;12155
B516D9;2015/03/08 00:55:43;12155;83;20.3;20.3;2.729;1.222;0.680;0.751;0.025;0.364;12156
B516D9;2015/03/08 00:55:54;12156;95;20.9;20.3;2.596;1.193;0.680;0.751;0.054;0.364;12157
B516D9;2015/03/08 00:56:03;12157;87;21.6;19.6;2.816;1.193;0.667;0.751;0.054;0.332;12158
B516D9;2015/03/08 00:56:14;12158;92;26.4;20.1;2.787;1.222;0.667;0.764;0.054;0.341;12159
B516D9;2015/03/08 00:56:23;12159;92;18.7;20.6;2.683;1.222;0.667;0.764;0.054;0.332;12160
B516D9;2015/03/08 00:56:34;12160;91;24.8;20.1;2.712;1.219;0.667;0.764;0.003;0.345;12161
B516D9;2015/03/08 00:56:43;12161;93;27.4;19.9;2.822;1.219;0.722;0.764;0.003;0.329;12162
B516D9;2015/03/08 00:56:54;12162;88;23.5;19.9;2.567;1.216;0.722;0.764;0.003;0.364;12163
B516D9;2015/03/08 00:57:03;12163;91;21.6;20.1;2.596;1.216;0.716;0.764;0.003;0.354;12164
B516D9;2015/03/08 00:57:14;12164;95;20.9;20.4;2.590;1.196;0.716;0.764;0.041;0.345;12165
B516D9;2015/03/08 00:57:23;12165;89;22.2;19.8;2.777;1.196;0.667;0.764;0.041;0.332;12166
B516D9;2015/03/08 00:57:34;12166;84;21.9;19.9;2.551;1.229;0.667;0.822;0.041;0.364;12167
B516D9;2015/03/08 00:57:43;12167;76;24.1;19.2;2.799;1.229;0.722;0.822;0.041;0.345;12168
B516D9;2015/03/08 00:57:54;12168;83;23.5;19.9;2.564;1.209;0.722;0.822;0.038;0.332;12169
B516D9;2015/03/08 00:58:03;12169;85;26.4;20.4;2.809;1.209;0.700;0.822;0.038;0.332;12170
B516D9;2015/03/08 00:58:14;12170;92;19.6;20.1;2.629;1.206;0.700;0.767;0.038;0.335;12171
B516D9;2015/03/08 00:58:23;12171;95;20.9;19.8;2.780;1.206;0.667;0.767;0.038;0.370;12172
B516D9;2015/03/08 00:58:34;12172;83;21.9;20.3;2.732;1.203;0.667;0.767;0.000;0.345;12173
B516D9;2015/03/08 00:58:43;12173;93;25.8;20.4;2.819;1.203;0.664;0.767;0.000;0.351;12174
B516D9;2015/03/08 00:58:54;12174;83;21.2;20.3;2.622;1.212;0.664;0.783;0.000;0.361;12175
B516D9;2015/03/08 00:59:03;12175;93;22.5;20.4;2.780;1.212;0.670;0.783;0.000;0.341;12176
B516D9;2015/03/08 00:59:14;12176;83;21.2;19.6;2.541;1.196;0.670;0.783;0.003;0.370;12177
B516D9;2015/03/08 00:59:23;12177;83;18.7;20.3;2.648;1.196;0.667;0.783;0.003;0.332;12178
B516D9;2015/03/08 00:59:34;12178;78;21.6;20.3;2.674;1.196;0.667;0.764;0.003;0.370;12179
B516D9;2015/03/08 00:59:43;12179;84;28.0;20.6;2.748;1.196;0.664;0.764;0.003;0.351;12180
B516D9;2015/03/08 00:59:54;12180;84;19.6;19.9;2.587;1.196;0.664;0.764;0.003;0.370;12181
B516D9;2015/03/08 01:00:03;12181;82;24.8;20.1;2.641;1.196;0.729;0.764;0.003;0.345;12182
B516D9;2015/03/08 01:00:14;12182;88;23.8;19.9;2.774;1.222;0.729;0.793;0.003;0.335;12183
B516D9;2015/03/08 01:00:23;12183;92;20.9;19.4;2.658;1.222;0.706;0.793;0.003;0.338;12184
B516D9;2015/03/08 01:00:34;12184;86;24.1;20.1;2.787;1.245;0.706;0.793;0.003;0.358;12185
B516D9;2015/03/08 01:00:43;12185;88;25.4;19.6;2.806;1.245;0.700;0.793;0.003;0.351;12186
B516D9;2015/03/08 01:00:54;12186;96;25.8;20.3;2.793;1.219;0.700;0.770;0.003;0.374;12187
B516D9;2015/03/08 01:01:03;12187;83;24.1;19.8;2.793;1.219;0.680;0.770;0.003;0.367;12188
B516D9;2015/03/08 01:01:14;12188;84;24.1;20.3;2.641;1.254;0.680;0.770;0.035;0.364;12189
B516D9;2015/03/08 01:01:23;12189;83;22.2;20.1;2.703;1.254;0.680;0.770;0.035;0.345;12190
B516D9;2015/03/08 01:01:34;12190;85;23.2;19.6;2.767;1.238;0.680;0.799;0.035;0.329;12191
B516D9;2015/03/08 01:01:43;12191;81;19.0;20.1;2.638;1.238;0.667;0.799;0.035;0.351;12192
B516D9;2015/03/08 01:01:54;12192;80;27.7;20.3;2.551;1.206;0.667;0.799;0.003;0.329;12193
B516D9;2015/03/08 01:02:03;12193;84;27.4;20.3;2.819;1.206;0.680;0.799;0.003;0.338;12194
B516D9;2015/03/08 01:02:14;12194;90;27.7;20.4;2.696;1.196;0.680;0.774;0.003;0.345;12195
B516D9;2015/03/08 01:02:23;12195;95;19.0;20.4;2.574;1.196;0.687;0.774;0.003;0.361;12196
B516D9;2015/03/08 01:02:34;12196;93;19.3;19.9;2.580;1.232;0.687;0.774;0.135;0.325;12197
B516D9;2015/03/08 01:02:43;12197;88;24.5;19.6;2.570;1.232;0.677;0.774;0.135;0.367;12198
B516D9;2015/03/08 01:02:54;12198;92;19.3;20.3;2.567;1.199;0.677;0.770;0.135;0.351;12199
B516D9;2015/03/08 01:03:03;12199;90;29.6;20.6;2.551;1.199;0.667;0.770;0.135;0.329;12200
B516D9;2015/03/08 01:03:14;12200;93;26.7;20.8;2.706;1.199;0.667;0.770;0.003;0.335;12201
B516D9;2015/03/08 01:03:23;12201;78;22.2;20.8;2.738;1.199;0.667;0.770;0.003;0.345;12202
B516D9;2015/03/08 01:03:34;12202;88;27.0;20.3;2.699;1.229;0.667;0.767;0.003;0.361;12203
B516D9;2015/03/08 01:03:43;12203;84;19.0;20.1;2.716;1.229;0.719;0.767;0.003;0.345;12204
B516D9;2015/03/08 01:03:54;12204;88;22.9;20.4;2.622;1.222;0.719;0.767;0.003;0.387;12205
B516D9;2015/03/08 01:04:03;12205;93;22.2;19.6;2.551;1.222;0.674;0.767;0.003;0.338;12206
B516D9;2015/03/08 01:04:14;12206;87;29.0;19.9;2.780;1.222;0.674;0.770;0.003;0.380;12207
B516D9;2015/03/08 01:04:23;12207;85;28.3;20.4;2.787;1.222;0.687;0.770;0.003;0.361;12208
B516D9;2015/03/08 01:04:34;12208;81;25.8;21.0;2.806;1.232;0.687;0.770;0.003;0.329;12209
B516D9;2015/03/08 01:04:43;12209;93;20.3;20.1;2.761;1.232;0.687;0.770;0.003;0.338;12210
B516D9;2015/03/08 01:04:54;12210;88;19.3;20.3;2.709;1.212;0.687;0.803;0.003;0.361;12211
B516D9;2015/03/08 01:05:03;12211;87;18.7;20.4;2.583;1.212;0.729;0.803;0.003;0.338;12212
B516D9;2015/03/08 01:05:14;12212;87;18.7;19.4;2.806;1.258;0.729;0.803;0.000;0.325;12213
B516D9;2015/03/08 01:05:23;12213;88;22.5;20.4;2.561;1.258;0.712;0.803;0.000;0.338;12214
B516D9;2015/03/08 01:05:34;12214;88;24.1;20.3;2.680;1.203;0.712;0.774;0.000;0.322;12215
B516D9;2015/03/08 01:05:43;12215;86;19.6;20.1;2.670;1.203;0.693;0.774;0.000;0.329;12216
B516D9;2015/03/08 01:05:54;12216;88;24.5;19.4;2.741;1.209;0.693;0.774;0.003;0.329;12217
B516D9;2015/03/08 01:06:03;12217;91;20.3;20.1;2.735;1.209;0.670;0.774;0.003;0.345;12218
B516D9;2015/03/08 01:06:14;12218;91;28.7;20.4;2.622;1.229;0.670;0.780;0.003;0.322;12219
B516D9;2015/03/08 01:06:23;12219;88;27.4;19.8;2.809;1.229;0.674;0.780;0.003;0.332;12220
B516D9;2015/03/08 01:06:34;12220;93;28.3;20.8;2.809;1.222;0.674;0.780;0.041;0.335;12221
B516D9;2015/03/08 01:06:43;12221;78;19.6;19.9;2.722;1.222;0.670;0.780;0.041;0.322;12222
B516D9;2015/03/08 01:06:54;12222;91;29.0;19.9;2.777;1.238;0.670;0.806;0.041;0.345;12223
B516D9;2015/03/08 01:07:03;12223;85;25.8;20.1;2.580;1.238;0.667;0.806;0.041;0.364;12224
B516D9;2015/03/08 01:07:14;12224;95;26.4;20.1;2.741;1.229;0.667;0.806;0.032;0.341;12225
B516D9;2015/03/08 01:07:23;12225;87;20.0;21.0;2.729;1.229;0.687;0.806;0.032;0.351;12226
B516D9;2015/03/08 01:07:34;12226;92;23.8;20.3;2.564;1.199;0.687;0.799;0.032;0.329;12227
B516D9;2015/03/08 01:07:43;12227;83;19.0;20.1;2.754;1.199;0.719;0.799;0.032;0.322;12228
B516D9;2015/03/08 01:07:54;12228;92;23.8;19.9;2.796;1.238;0.719;0.799;0.003;0.322;12229
B516D9;2015/03/08 01:08:03;12229;88;26.7;20.1;2.564;1.238;0.693;0.799;0.003;0.322;12230
B516D9;2015/03/08 01:08:14;12230;85;20.0;20.3;2.761;1.238;0.693;0.803;0.003;0.322;12231
B516D9;2015/03/08 01:08:23;12231;89;26.1;19.8;2.574;1.238;0.719;0.803;0.003;0.332;12232
B516D9;2015/03/08 01:08:34;12232;96;29.3;20.3;2.780;1.203;0.719;0.803;0.000;0.351;12233
B516D9;2015/03/08 01:08:43;12233;83;25.4;20.3;2.558;1.203;0.670;0.803;0.000;0.338;12234
B516D9;2015/03/08 01:08:54;12234;92;28.3;20.4;2.748;1.238;0.670;0.767;0.000;0.380;12235
B516D9;2015/03/08 01:09:03;12235;79;19.0;19.9;2.709;1.238;0.677;0.767;0.000;0.361;12236
B516D9;2015/03/08 01:09:14;12236;88;21.9;19.4;2.741;1.209;0.677;0.767;0.132;0.341;12237
B516D9;2015/03/08 01:09:23;12237;87;19.3;20.1;2.674;1.209;0.732;0.767;0.132;0.329;12238
B516D9;2015/03/08 01:09:34;12238;88;24.5;20.3;2.687;1.203;0.732;0.822;0.132;0.367;12239
B516D9;2015/03/08 01:09:43;12239;82;23.8;19.9;2.590;1.203;0.690;0.822;0.132;0.348;12240
B516D9;2015/03/08 01:09:54;12240;90;19.6;19.9;2.570;1.209;0.690;0.822;0.009;0.341;12241
B516D9;2015/03/08 01:10:03;12241;93;20.9;19.9;2.761;1.209;0.677;0.822;0.009;0.329;12242
B516D9;2015/03/08 01:10:14;12242;94;29.0;19.8;2.545;1.241;0.677;0.774;0.009;0.332;12243
B516D9;2015/03/08 01:10:23;12243;83;19.0;20.1;2.787;1.241;0.680;0.774;0.009;0.364;12244
B516D9;2015/03/08 01:10:34;12244;81;28.3;20.1;2.806;1.203;0.680;0.774;0.025;0.332;12245
B516D9;2015/03/08 01:10:43;12245;88;21.2;20.3;2.596;1.203;0.716;0.774;0.025;0.367;12246
B516D9;2015/03/08 01:10:54;12246;82;27.7;20.3;2.803;1.222;0.716;0.770;0.025;0.341;12247
B516D9;2015/03/08 01:11:03;12247;84;22.2;20.1;2.596;1.222;0.670;0.770;0.025;0.354;12248
B516D9;2015/03/08 01:11:14;12248;93;25.8;20.1;2.799;1.203;0.670;0.770;0.051;0.332;12249
B516D9;2015/03/08 01:11:23;12249;93;21.9;19.2;2.806;1.203;0.729;0.770;0.051;0.329;12250
B516D9;2015/03/08 01:11:34;12250;86;25.1;19.6;2.806;1.203;0.729;0.777;0.051;0.332;12251
B516D9;2015/03/08 01:11:43;12251;88;20.9;20.1;2.722;1.203;0.680;0.777;0.051;0.332;12252
B516D9;2015/03/08 01:11:54;12252;94;27.4;20.4;2.603;1.222;0.680;0.777;0.000;0.345;12253
B516D9;2015/03/08 01:12:03;12253;74;25.8;20.4;2.554;1.222;0.677;0.777;0.000;0.367;12254
B516D9;2015/03/08 01:12:14;12254;88;20.0;20.4;2.699;1.251;0.677;0.822;0.000;0.335;12255
B516D9;2015/03/08 01:12:23;12255;87;27.0;20.1;2.638;1.251;0.693;0.822;0.000;0.335;12256
B516D9;2015/03/08 01:12:34;12256;82;25.4;20.1;2.741;1.235;0.693;0.822;0.019;0.341;12257
B516D9;2015/03/08 01:12:43;12257;91;19.3;20.8;2.709;1.235;0.680;0.822;0.019;0.329;12258
B516D9;2015/03/08 01:12:54;12258;96;20.9;19.9;2.603;1.222;0.680;0.764;0.019;0.332;12259
B516D9;2015/03/08 01:13:03;12259;87;28.0;20.3;2.583;1.222;0.729;0.764;0.019;0.338;12260
B516D9;2015/03/08 01:13:14;12260;76;21.6;19.8;2.548;1.209;0.729;0.764;0.000;0.332;12261
B516D9;2015/03/08 01:13:23;12261;91;23.5;20.3;2.793;1.209;0.693;0.764;0.000;0.351;12262
B516D9;2015/03/08 01:13:34;12262;78;24.8;20.1;2.780;1.245;0.693;0.764;0.000;0.370;12263
B516D9;2015/03/08 01:13:43;12263;93;22.9;19.6;2.780;1.245;0.725;0.764;0.000;0.364;12264
B516D9;2015/03/08 01:13:54;12264;85;18.7;19.2;2.551;1.238;0.725;0.764;0.041;0.364;12265
B516D9;2015/03/08 01:14:03;12265;90;18.7;20.6;2.625;1.238;0.735;0.764;0.041;0.332;12266
B516D9;2015/03/08 01:14:14;12266;94;23.2;20.4;2.687;1.206;0.735;0.803;0.041;0.341;12267
B516D9;2015/03/08 01:14:23;12267;93;19.0;20.3;2.809;1.206;0.677;0.803;0.041;0.332;12268
B516D9;2015/03/08 01:14:34;12268;95;21.2;20.1;2.596;1.225;0.677;0.803;0.035;0.332;12269
B516D9;2015/03/08 01:14:43;12269;90;29.0;20.1;2.574;1.225;0.732;0.803;0.035;0.351;12270
B516D9;2015/03/08 01:14:54;12270;91;28.3;20.4;2.648;1.248;0.732;0.764;0.035;0.335;12271
B516D9;2015/03/08 01:15:03;12271;87;21.2;20.4;2.558;1.248;0.677;0.764;0.035;0.332;12272
B516D9;2015/03/08 01:15:14;12272;83;18.3;19.9;2.564;1.219;0.677;0.764;0.038;0.358;12273
B516D9;2015/03/08 01:15:23;12273;84;27.7;20.3;2.548;1.219;0.712;0.764;0.038;0.358;12274
B516D9;2015/03/08 01:15:34;12274;86;22.9;20.4;2.603;1.225;0.712;0.767;0.038;0.364;12275
B516D9;2015/03/08 01:15:43;12275;90;19.6;19.9;2.732;1.225;0.674;0.767;0.038;0.348;12276
B516D9;2015/03/08 01:15:54;12276;85;20.0;20.3;2.735;1.248;0.674;0.767;0.064;0.329;12277
B516D9;2015/03/08 01:16:03;12277;90;18.7;20.4;2.564;1.248;0.677;0.767;0.064;0.387;12278
B516D9;2015/03/08 01:16:14;12278;88;28.0;21.0;2.716;1.241;0.677;0.764;0.064;0.332;12279
B516D9;2015/03/08 01:16:23;12279;89;28.0;20.1;2.722;1.241;0.674;0.764;0.064;0.332;12280
B516D9;2015/03/08 01:16:34;12280;84;24.5;20.6;2.803;1.248;0.674;0.764;0.000;0.361;12281
B516D9;2015/03/08 01:16:43;12281;80;28.3;20.3;2.683;1.248;0.729;0.764;0.000;0.345;12282
B516D9;2015/03/08 01:16:54;12282;95;20.6;20.1;2.551;1.251;0.729;0.822;0.000;0.351;12283
B516D9;2015/03/08 01:17:03;12283;91;23.2;20.8;2.574;1.251;0.693;0.822;0.000;0.341;12284
B516D9;2015/03/08 01:17:14;12284;87;24.1;20.8;2.699;1.203;0.693;0.822;0.000;0.348;12285
B516D9;2015/03/08 01:17:23;12285;86;26.4;20.6;2.809;1.203;0.680;0.822;0.000;0.374;12286
B516D9;2015/03/08 01:17:34;12286;88;28.3;20.4;2.658;1.235;0.680;0.745;0.000;0.364;12287
B516D9;2015/03/08 01:17:43;12287;83;23.5;20.4;2.806;1.235;0.674;0.745;0.000;0.361;12288
B516D9;2015/03/08 01:17:54;12288;83;19.0;20.6;2.590;1.219;0.674;0.745;0.006;0.329;12289
B516D9;2015/03/08 01:18:03;12289;82;28.3;20.4;2.554;1.219;0.674;0.745;0.006;0.332;12290
B516D9;2015/03/08 01:18:14;12290;88;24.5;20.1;2.787;1.222;0.674;0.751;0.006;0.351;12291
B516D9;2015/03/08 01:18:23;12291;93;26.4;20.4;2.809;1.222;0.677;0.751;0.006;0.329;12292
B516D9;2015/03/08 01:18:34;12292;92;18.7;20.1;2.567;1.241;0.677;0.751;0.003;0.329;12293
B516D9;2015/03/08 01:18:43;12293;79;24.5;20.3;2.809;1.241;0.696;0.751;0.003;0.332;12294
B516D9;2015/03/08 01:18:54;12294;88;19.0;20.3;2.570;1.209;0.696;0.774;0.003;0.364;12295
B516D9;2015/03/08 01:19:03;12295;89;19.6;20.6;2.806;1.209;0.677;0.774;0.003;0.383;12296
B516D9;2015/03/08 01:19:14;12296;93;21.6;20.1;2.538;1.216;0.677;0.774;0.022;0.351;12297
B516D9;2015/03/08 01:19:23;12297;92;29.3;20.4;2.793;1.216;0.693;0.774;0.022;0.329;12298
B516D9;2015/03/08 01:19:34;12298;89;23.5;20.6;2.645;1.199;0.693;0.796;0.022;0.351;12299
B516D9;2015/03/08 01:19:43;12299;88;26.1;20.1;2.619;1.199;0.706;0.796;0.022;0.329;12300
B516D9;2015/03/08 01:19:54;12300;88;20.9;19.9;2.541;1.206;0.706;0.796;0.045;0.341;12301
B516D9;2015/03/08 01:20:03;12301;90;20.6;19.8;2.770;1.206;0.677;0.796;0.045;0.364;12302
B516D9;2015/03/08 01:20:14;12302;95;20.3;19.9;2.548;1.199;0.677;0.751;0.045;0.351;12303
B516D9;2015/03/08 01:20:23;12303;92;24.1;20.4;2.790;1.199;0.700;0.751;0.045;0.338;12304
B516D9;2015/03/08 01:20:34;12304;87;25.8;20.6;2.803;1.206;0.700;0.751;0.129;0.325;12305
B516D9;2015/03/08 01:20:43;12305;92;19.0;20.1;2.809;1.206;0.719;0.751;0.129;0.345;12306
B516D9;2015/03/08 01:20:54;12306;95;25.4;20.8;2.799;1.235;0.719;0.751;0.129;0.351;12307
B516D9;2015/03/08 01:21:03;12307;88;22.2;19.6;2.770;1.235;0.680;0.751;0.129;0.332;12308
B516D9;2015/03/08 01:21:14;12308;93;19.6;19.9;2.551;1.235;0.680;0.751;0.003;0.370;12309
B516D9;2015/03/08 01:21:23;12309;93;19.6;20.8;2.596;1.235;0.712;0.751;0.003;0.329;12310
B516D9;2015/03/08 01:21:34;12310;86;24.8;21.3;2.806;1.229;0.712;0.751;0.003;0.332;12311
B516D9;2015/03/08 01:21:43;12311;84;24.8;20.8;2.574;1.229;0.735;0.751;0.003;0.332;12312
B516D9;2015/03/08 01:21:54;12312;88;19.6;20.6;2.567;1.206;0.735;0.751;0.006;0.367;12313
B516D9;2015/03/08 01:22:03;12313;92;21.6;19.6;2.777;1.206;0.735;0.751;0.006;0.345;12314
B516D9;2015/03/08 01:22:14;12314;88;21.2;20.6;2.587;1.212;0.735;0.751;0.006;0.345;12315
B516D9;2015/03/08 01:22:23;12315;88;20.3;19.6;2.767;1.212;0.683;0.751;0.006;0.345;12316
B516D9;2015/03/08 01:22:34;12316;85;24.1;20.8;2.693;1.206;0.683;0.751;0.000;0.329;12317
B516D9;2015/03/08 01:22:43;12317;84;27.0;20.8;2.619;1.206;0.716;0.751;0.000;0.329;12318
B516D9;2015/03/08 01:22:54;12318;84;18.7;20.6;2.577;1.229;0.716;0.812;0.000;0.345;12319
B516D9;2015/03/08 01:23:03;12319;88;18.7;20.8;2.658;1.229;0.712;0.812;0.000;0.374;12320
B516D9;2015/03/08 01:23:14;12320;85;22.9;20.6;2.648;1.241;0.712;0.812;0.000;0.335;12321
B516D9;2015/03/08 01:23:23;12321;86;27.7;20.4;2.767;1.241;0.693;0.812;0.000;0.361;12322
B516D9;2015/03/08 01:23:34;12322;88;27.0;20.8;2.793;1.222;0.693;0.819;0.000;0.358;12323
B516D9;2015/03/08 01:23:43;12323;89;27.7;20.3;2.816;1.222;0.693;0.819;0.000;0.351;12324
B516D9;2015/03/08 01:23:54;12324;88;28.7;21.0;2.774;1.206;0.693;0.819;0.000;0.329;12325
B516D9;2015/03/08 01:24:03;12325;85;25.1;20.4;2.777;1.206;0.735;0.819;0.000;0.377;12326
B516D9;2015/03/08 01:24:14;12326;92;28.0;20.4;2.803;1.203;0.735;0.780;0.000;0.335;12327
B516D9;2015/03/08 01:24:23;12327;84;26.4;20.3;2.799;1.203;0.683;0.780;0.000;0.332;12328
B516D9;2015/03/08 01:24:34;12328;95;18.7;20.8;2.570;1.235;0.683;0.780;0.006;0.364;12329
B516D9;2015/03/08 01:24:43;12329;88;20.9;20.1;2.809;1.235;0.680;0.780;0.006;0.345;12330
B516D9;2015/03/08 01:24:54;12330;91;22.5;20.4;2.558;1.222;0.680;0.745;0.006;0.332;12331
B516D9;2015/03/08 01:25:03;12331;86;24.1;19.8;2.648;1.222;0.677;0.745;0.006;0.335;12332
B516D9;2015/03/08 01:25:14;12332;93;21.2;21.0;2.596;1.212;0.677;0.745;0.000;0.341;12333
B516D9;2015/03/08 01:25:23;12333;81;19.0;20.6;2.725;1.212;0.687;0.745;0.000;0.335;12334
B516D9;2015/03/08 01:25:34;12334;79;24.1;20.8;2.699;1.203;0.687;0.793;0.000;0.361;12335
B516D9;2015/03/08 01:25:43;12335;84;20.0;21.5;2.729;1.203;0.706;0.793;0.000;0.345;12336
B516D9;2015/03/08 01:25:54;12336;88;22.5;20.4;2.793;1.245;0.706;0.793;0.025;0.335;12337
B516D9;2015/03/08 01:26:03;12337;93;24.1;20.8;2.551;1.245;0.683;0.793;0.025;0.332;12338
B516D9;2015/03/08 01:26:14;12338;93;25.4;20.8;2.761;1.232;0.683;0.738;0.025;0.348;12339
B516D9;2015/03/08 01:26:23;12339;89;22.5;20.8;2.564;1.232;0.719;0.738;0.025;0.367;12340
B516D9;2015/03/08 01:26:34;12340;91;25.4;20.6;2.722;1.219;0.719;0.738;0.000;0.361;12341
B516D9;2015/03/08 01:26:43;12341;87;20.6;19.9;2.777;1.219;0.738;0.738;0.000;0.364;12342
B516D9;2015/03/08 01:26:54;12342;91;19.6;20.6;2.596;1.241;0.738;0.738;0.000;0.354;12343
B516D9;2015/03/08 01:27:03;12343;83;28.3;20.4;2.554;1.241;0.683;0.738;0.000;0.341;12344
B516D9;2015/03/08 01:27:14;12344;88;25.1;20.8;2.799;1.203;0.683;0.738;0.000;0.335;12345
B516D9;2015/03/08 01:27:23;12345;84;25.8;20.3;2.809;1.203;0.680;0.738;0.000;0.332;12346
B516D9;2015/03/08 01:27:34;12346;88;22.9;21.0;2.712;1.199;0.680;0.764;0.000;0.345;12347
B516D9;2015/03/08 01:27:43;12347;90;25.4;20.3;2.670;1.199;0.683;0.764;0.000;0.377;12348
B516D9;2015/03/08 01:27:54;12348;76;25.8;21.1;2.809;1.206;0.683;0.764;0.000;0.341;12349
B516D9;2015/03/08 01:28:03;12349;95;22.2;20.4;2.554;1.206;0.729;0.764;0.000;0.367;12350
B516D9;2015/03/08 01:28:14;12350;84;19.0;20.1;2.574;1.206;0.729;0.754;0.000;0.341;12351
B516D9;2015/03/08 01:28:23;12351;90;20.0;19.9;2.809;1.206;0.683;0.754;0.000;0.364;12352
B516D9;2015/03/08 01:28:34;12352;94;27.0;20.4;2.683;1.251;0.683;0.754;0.019;0.370;12353
B516D9;2015/03/08 01:28:43;12353;88;23.5;20.8;2.583;1.251;0.725;0.754;0.019;0.354;12354
B516D9;2015/03/08 01:28:54;12354;92;19.3;20.6;2.596;1.199;0.725;0.806;0.019;0.351;12355
B516D9;2015/03/08 01:29:03;12355;85;18.3;21.0;2.570;1.199;0.677;0.806;0.019;0.329;12356
B516D9;2015/03/08 01:29:14;12356;80;22.9;20.4;2.696;1.222;0.677;0.806;0.003;0.332;12357
B516D9;2015/03/08 01:29:23;12357;86;22.9;19.9;2.777;1.222;0.680;0.806;0.003;0.367;12358
B516D9;2015/03/08 01:29:34;12358;83;19.6;20.4;2.777;1.196;0.680;0.745;0.003;0.332;12359
B516D9;2015/03/08 01:29:43;12359;87;25.8;20.8;2.577;1.196;0.683;0.745;0.003;0.332;12360
B516D9;2015/03/08 01:29:54;12360;85;24.8;19.9;2.774;1.199;0.683;0.745;0.000;0.329;12361
B516D9;2015/03/08 01:30:03;12361;76;20.9;20.4;2.548;1.199;0.690;0.745;0.000;0.332;12362
B516D9;2015/03/08 01:30:14;12362;92;18.7;20.3;2.574;1.199;0.690;0.745;0.000;0.329;12363
B516D9;2015/03/08 01:30:23;12363;83;19.0;20.8;2.590;1.199;0.729;0.745;0.000;0.345;12364
B516D9;2015/03/08 01:30:34;12364;83;18.7;20.6;2.590;1.193;0.729;0.745;0.000;0.338;12365
B516D9;2015/03/08 01:30:43;12365;88;29.0;20.4;2.570;1.193;0.677;0.745;0.000;0.325;12366
B516D9;2015/03/08 01:30:54;12366;88;29.0;19.9;2.561;1.229;0.677;0.787;0.000;0.364;12367
B516D9;2015/03/08 01:31:03;12367;85;22.9;19.8;2.767;1.229;0.700;0.787;0.000;0.329;12368
B516D9;2015/03/08 01:31:14;12368;86;20.9;19.8;2.574;1.193;0.700;0.787;0.080;0.370;12369
B516D9;2015/03/08 01:31:23;12369;88;20.3;20.8;2.735;1.193;0.677;0.787;0.080;0.364;12370
B516D9;2015/03/08 01:31:34;12370;90;23.5;20.3;2.661;1.196;0.677;0.793;0.080;0.332;12371
B516D9;2015/03/08 01:31:43;12371;93;23.5;20.4;2.806;1.196;0.680;0.793;0.080;0.345;12372
B516D9;2015/03/08 01:31:54;12372;85;21.6;20.1;2.551;1.229;0.680;0.793;0.000;0.332;12373
B516D9;2015/03/08 01:32:03;12373;89;25.8;20.1;2.667;1.229;0.683;0.793;0.000;0.351;12374
B516D9;2015/03/08 01:32:14;12374;87;25.4;20.4;2.596;1.196;0.683;0.758;0.000;0.325;12375
B516D9;2015/03/08 01:32:23;12375;88;20.3;21.0;2.709;1.196;0.712;0.758;0.000;0.325;12376
B516D9;2015/03/08 01:32:34;12376;92;20.6;19.9;2.806;1.196;0.712;0.758;0.003;0.329;12377
B516D9;2015/03/08 01:32:43;12377;88;27.4;19.9;2.770;1.196;0.732;0.758;0.003;0.332;12378
B516D9;2015/03/08 01:32:54;12378;87;18.3;20.1;2.629;1.209;0.732;0.758;0.003;0.345;12379
B516D9;2015/03/08 01:33:03;12379;88;20.0;19.9;2.722;1.209;0.703;0.758;0.003;0.338;12380
B516D9;2015/03/08 01:33:14;12380;88;19.6;20.6;2.600;1.199;0.703;0.758;0.103;0.341;12381
B516D9;2015/03/08 01:33:23;12381;83;20.3;19.9;2.729;1.199;0.677;0.758;0.103;0.329;12382
B516D9;2015/03/08 01:33:34;12382;88;19.0;19.9;2.570;1.203;0.677;0.754;0.103;0.329;12383
B516D9;2015/03/08 01:33:43;12383;83;20.9;19.9;2.735;1.203;0.680;0.754;0.103;0.345;12384
B516D9;2015/03/08 01:33:54;12384;86;21.2;20.4;2.548;1.219;0.680;0.754;0.012;0.351;12385
B516D9;2015/03/08 01:34:03;12385;88;18.7;20.6;2.635;1.219;0.693;0.754;0.012;0.374;12386
B516D9;2015/03/08 01:34:14;12386;88;24.5;20.4;2.680;1.229;0.693;0.758;0.012;0.329;12387
B516D9;2015/03/08 01:34:23;12387;79;27.7;20.4;2.667;1.229;0.732;0.758;0.012;0.348;12388
B516D9;2015/03/08 01:34:34;12388;88;22.2;20.6;2.609;1.199;0.732;0.758;0.000;0.358;12389
B516D9;2015/03/08 01:34:43;12389;89;18.7;20.1;2.619;1.199;0.732;0.758;0.000;0.345;12390
B516D9;2015/03/08 01:34:54;12390;93;26.4;20.8;2.741;1.212;0.732;0.758;0.000;0.335;12391
B516D9;2015/03/08 01:35:04;12391;83;18.3;20.6;2.703;1.212;0.735;0.758;0.000;0.361;12392
B516D9;2015/03/08 01:35:14;12392;81;21.6;19.6;2.564;1.235;0.735;0.758;0.000;0.358;12393
B516D9;2015/03/08 01:35:23;12393;88;18.3;20.4;2.570;1.235;0.729;0.758;0.000;0.329;12394
B516D9;2015/03/08 01:35:34;12394;93;23.5;20.3;2.699;1.199;0.729;0.799;0.000;0.364;12395
B516D9;2015/03/08 01:35:43;12395;93;22.5;19.6;2.809;1.199;0.680;0.799;0.000;0.332;12396
B516D9;2015/03/08 01:35:54;12396;83;22.2;20.3;2.761;1.232;0.680;0.799;0.129;0.358;12397
B516D9;2015/03/08 01:36:03;12397;90;24.5;19.9;2.806;1.232;0.677;0.799;0.129;0.351;12398
B516D9;2015/03/08 01:36:14;12398;87;27.7;20.8;2.629;1.235;0.677;0.767;0.129;0.364;12399
B516D9;2015/03/08 01:36:23;12399;74;20.3;20.1;2.806;1.235;0.677;0.767;0.129;0.329;12400
B516D9;2015/03/08 01:36:34;12400;81;19.6;20.3;2.580;1.245;0.677;0.767;0.000;0.325;12401
B516D9;2015/03/08 01:36:43;12401;89;18.3;20.4;2.693;1.245;0.683;0.767;0.000;0.338;12402
B516D9;2015/03/08 01:36:54;12402;93;24.1;20.3;2.661;1.199;0.683;0.738;0.000;0.364;12403
B516D9;2015/03/08 01:37:03;12403;93;28.7;20.1;2.551;1.199;0.732;0.738;0.000;0.351;12404
B516D9;2015/03/08 01:37:14;12404;95;25.4;21.0;2.799;1.222;0.732;0.738;0.016;0.345;12405
B516D9;2015/03/08 01:37:23;12405;96;27.4;20.3;2.767;1.222;0.677;0.738;0.016;0.345;12406
B516D9;2015/03/08 01:37:34;12406;96;20.0;20.8;2.806;1.241;0.677;0.732;0.016;0.329;12407
B516D9;2015/03/08 01:37:43;12407;85;27.4;20.6;2.564;1.241;0.725;0.732;0.016;0.358;12408
B516D9;2015/03/08 01:37:54;12408;78;23.5;20.1;2.674;1.193;0.725;0.732;0.106;0.341;12409
B516D9;2015/03/08 01:38:03;12409;90;23.2;20.3;2.561;1.193;0.687;0.732;0.106;0.329;12410
B516D9;2015/03/08 01:38:14;12410;97;25.4;20.4;2.600;1.206;0.687;0.732;0.106;0.367;12411
B516D9;2015/03/08 01:38:23;12411;90;21.6;19.6;2.774;1.206;0.687;0.732;0.106;0.364;12412
B516D9;2015/03/08 01:38:34;12412;85;21.2;20.3;2.616;1.212;0.687;0.732;0.000;0.351;12413
B516D9;2015/03/08 01:38:43;12413;89;23.2;19.9;2.787;1.212;0.674;0.732;0.000;0.345;12414
B516D9;2015/03/08 01:38:54;12414;89;18.7;20.6;2.583;1.196;0.674;0.787;0.000;0.325;12415
B516D9;2015/03/08 01:39:03;12415;88;24.5;20.4;2.748;1.196;0.677;0.787;0.000;0.367;12416
B516D9;2015/03/08 01:39:14;12416;79;26.7;20.4;2.696;1.206;0.677;0.787;0.000;0.332;12417
B516D9;2015/03/08 01:39:23;12417;80;23.2;19.6;2.758;1.206;0.677;0.787;0.000;0.345;12418
B516D9;2015/03/08 01:39:34;12418;93;24.5;20.4;2.570;1.229;0.677;0.738;0.000;0.341;12419
B516D9;2015/03/08 01:39:43;12419;83;18.7;20.4;2.622;1.229;0.729;0.738;0.000;0.332;12420
B516D9;2015/03/08 01:39:54;12420;97;19.6;20.3;2.564;1.216;0.729;0.738;0.003;0.335;12421
B516D9;2015/03/08 01:40:03;12421;88;20.3;20.1;2.774;1.216;0.735;0.738;0.003;0.345;12422
B516D9;2015/03/08 01:40:14;12422;87;22.2;20.8;2.693;1.196;0.735;0.745;0.003;0.341;12423
B516D9;2015/03/08 01:40:23;12423;79;20.9;20.3;2.722;1.196;0.719;0.745;0.003;0.329;12424
B516D9;2015/03/08 01:40:34;12424;87;25.4;20.8;2.709;1.206;0.719;0.745;0.051;0.364;12425
B516D9;2015/03/08 01:40:43;12425;88;20.3;19.9;2.758;1.206;0.677;0.745;0.051;0.348;12426
B516D9;2015/03/08 01:40:54;12426;86;23.5;20.6;2.587;1.219;0.677;0.770;0.051;0.332;12427
B516D9;2015/03/08 01:41:03;12427;92;28.3;20.1;2.577;1.219;0.735;0.770;0.051;0.345;12428
B516D9;2015/03/08 01:41:14;12428;93;18.7;20.1;2.609;1.206;0.735;0.770;0.000;0.341;12429
B516D9;2015/03/08 01:41:23;12429;89;23.5;20.4;2.564;1.206;0.732;0.770;0.000;0.354;12430
B516D9;2015/03/08 01:41:34;12430;90;29.0;20.3;2.770;1.199;0.732;0.806;0.000;0.325;12431
B516D9;2015/03/08 01:41:43;12431;89;23.8;20.4;2.803;1.199;0.700;0.806;0.000;0.332;12432
B516D9;2015/03/08 01:41:54;12432;89;22.2;20.4;2.567;1.241;0.700;0.806;0.009;0.329;12433
B516D9;2015/03/08 01:42:03;12433;88;29.3;20.4;2.809;1.241;0.687;0.806;0.009;0.332;12434
B516D9;2015/03/08 01:42:14;12434;96;23.5;20.3;2.567;1.209;0.687;0.751;0.009;0.345;12435
B516D9;2015/03/08 01:42:23;12435;96;20.9;19.6;2.809;1.209;0.725;0.751;0.009;0.345;12436
B516D9;2015/03/08 01:42:34;12436;76;24.5;20.1;2.729;1.229;0.725;0.751;0.000;0.370;12437
B516D9;2015/03/08 01:42:43;12437;92;19.3;20.3;2.612;1.229;0.674;0.751;0.000;0.338;12438
B516D9;2015/03/08 01:42:54;12438;83;26.4;20.4;2.648;1.206;0.674;0.758;0.000;0.325;12439
B516D9;2015/03/08 01:43:03;12439;87;22.9;19.8;2.780;1.206;0.677;0.758;0.000;0.322;12440
B516D9;2015/03/08 01:43:14;12440;85;27.4;20.4;2.716;1.199;0.677;0.758;0.041;0.380;12441
B516D9;2015/03/08 01:43:23;12441;90;22.9;20.6;2.583;1.199;0.674;0.758;0.041;0.345;12442
B516D9;2015/03/08 01:43:34;12442;87;20.0;20.3;2.738;1.222;0.674;0.758;0.041;0.341;12443
B516D9;2015/03/08 01:43:43;12443;89;19.3;20.6;2.616;1.222;0.670;0.758;0.041;0.351;12444
B516D9;2015/03/08 01:43:54;12444;88;27.7;20.8;2.803;1.196;0.670;0.758;0.003;0.354;12445
B516D9;2015/03/08 01:44:03;12445;91;21.6;20.1;2.780;1.196;0.667;0.758;0.003;0.364;12446
B516D9;2015/03/08 01:44:14;12446;91;21.2;19.6;2.593;1.241;0.667;0.754;0.003;0.322;12447
B516D9;2015/03/08 01:44:23;12447;92;23.5;20.6;2.551;1.241;0.712;0.754;0.003;0.351;12448
B516D9;2015/03/08 01:44:34;12448;87;20.0;20.6;2.600;1.225;0.712;0.754;0.000;0.329;12449
B516D9;2015/03/08 01:44:43;12449;83;19.3;20.3;2.725;1.225;0.680;0.754;0.000;0.354;12450
B516D9;2015/03/08 01:44:54;12450;83;25.1;19.9;2.806;1.219;0.680;0.751;0.000;0.358;12451
B516D9;2015/03/08 01:45:03;12451;90;25.1;20.4;2.816;1.219;0.680;0.751;0.000;0.319;12452
B516D9;2015/03/08 01:45:14;12452;91;20.9;20.4;2.574;1.206;0.680;0.751;0.000;0.322;12453
B516D9;2015/03/08 01:45:23;12453;87;21.6;20.4;2.551;1.206;0.700;0.751;0.000;0.338;12454
B516D9;2015/03/08 01:45:34;12454;90;18.3;20.1;2.567;1.212;0.700;0.777;0.000;0.322;12455
B516D9;2015/03/08 01:45:43;12455;90;18.3;20.4;2.570;1.212;0.700;0.777;0.000;0.329;12456
B516D9;2015/03/08 01:45:54;12456;97;20.0;20.8;2.806;1.206;0.700;0.777;0.003;0.322;12457
B516D9;2015/03/08 01:46:03;12457;91;27.4;19.9;2.564;1.206;0.725;0.777;0.003;0.374;12458
B516D9;2015/03/08 01:46:14;12458;78;23.5;20.6;2.567;1.241;0.725;0.754;0.003;0.325;12459
B516D9;2015/03/08 01:46:23;12459;93;19.3;19.8;2.741;1.241;0.693;0.754;0.003;0.364;12460
B516D9;2015/03/08 01:46:34;12460;86;23.5;19.9;2.570;1.238;0.693;0.754;0.003;0.351;12461
B516D9;2015/03/08 01:46:43;12461;84;22.2;19.8;2.761;1.238;0.670;0.754;0.003;0.345;12462
B516D9;2015/03/08 01:46:54;12462;79;18.7;20.6;2.564;1.235;0.670;0.796;0.003;0.358;12463
B516D9;2015/03/08 01:47:03;12463;84;27.7;20.4;2.809;1.235;0.680;0.796;0.003;0.322;12464
B516D9;2015/03/08 01:47:14;12464;83;19.6;20.3;2.577;1.212;0.680;0.796;0.003;0.322;12465
B516D9;2015/03/08 01:47:23;12465;83;22.2;19.9;2.799;1.212;0.725;0.796;0.003;0.351;12466
B516D9;2015/03/08 01:47:34;12466;87;20.0;20.8;2.716;1.206;0.725;0.758;0.003;0.338;12467
B516D9;2015/03/08 01:47:43;12467;88;20.9;19.9;2.651;1.206;0.670;0.758;0.003;0.338;12468
B516D9;2015/03/08 01:47:54;12468;87;20.3;20.6;2.590;1.196;0.670;0.758;0.003;0.335;12469
B516D9;2015/03/08 01:48:03;12469;78;24.5;20.4;2.577;1.196;0.680;0.758;0.003;0.354;12470
B516D9;2015/03/08 01:48:14;12470;93;25.8;20.3;2.799;1.196;0.680;0.764;0.003;0.345;12471
B516D9;2015/03/08 01:48:23;12471;89;27.0;20.4;2.770;1.196;0.722;0.764;0.003;0.329;12472
B516D9;2015/03/08 01:48:34;12472;90;26.7;20.6;2.806;1.212;0.722;0.764;0.003;0.325;12473
B516D9;2015/03/08 01:48:43;12473;88;25.8;20.4;2.741;1.212;0.712;0.764;0.003;0.345;12474
B516D9;2015/03/08 01:48:54;12474;94;24.8;20.4;2.712;1.216;0.712;0.787;0.003;0.345;12475
B516D9;2015/03/08 01:49:03;12475;88;19.3;20.8;2.803;1.216;0.680;0.787;0.003;0.329;12476
B516D9;2015/03/08 01:49:14;12476;83;28.0;21.0;2.564;1.235;0.680;0.787;0.003;0.351;12477
B516D9;2015/03/08 01:49:23;12477;87;20.3;20.1;2.722;1.235;0.667;0.787;0.003;0.325;12478
B516D9;2015/03/08 01:49:34;12478;83;21.9;20.3;2.583;1.196;0.667;0.806;0.003;0.329;12479
B516D9;2015/03/08 01:49:43;12479;89;25.1;20.3;2.577;1.196;0.680;0.806;0.003;0.329;12480
B516D9;2015/03/08 01:49:54;12480;82;22.9;20.8;2.709;1.219;0.680;0.806;0.129;0.329;12481
B516D9;2015/03/08 01:50:03;12481;89;19.6;20.3;2.741;1.219;0.670;0.806;0.129;0.351;12482
B516D9;2015/03/08 01:50:14;12482;93;22.9;20.6;2.661;1.229;0.670;0.745;0.129;0.351;12483
B516D9;2015/03/08 01:50:23;12483;93;27.4;20.4;2.809;1.229;0.677;0.745;0.129;0.329;12484
B516D9;2015/03/08 01:50:34;12484;93;22.2;21.0;2.567;1.196;0.677;0.745;0.000;0.329;12485
B516D9;2015/03/08 01:50:43;12485;90;21.9;20.8;2.583;1.196;0.667;0.745;0.000;0.345;12486
B516D9;2015/03/08 01:50:54;12486;86;25.4;21.0;2.570;1.196;0.667;0.745;0.000;0.358;12487
B516D9;2015/03/08 01:51:03;12487;77;21.6;19.9;2.770;1.196;0.719;0.745;0.000;0.329;12488
B516D9;2015/03/08 01:51:14;12488;92;29.3;20.6;2.777;1.203;0.719;0.745;0.041;0.325;12489
B516D9;2015/03/08 01:51:23;12489;80;18.3;20.8;2.609;1.203;0.670;0.745;0.041;0.341;12490
B516D9;2015/03/08 01:51:34;12490;88;20.3;20.1;2.564;1.229;0.670;0.793;0.041;0.329;12491
B516D9;2015/03/08 01:51:43;12491;79;23.8;21.0;2.564;1.229;0.716;0.793;0.041;0.361;12492
B516D9;2015/03/08 01:51:54;12492;86;24.1;20.8;2.712;1.196;0.716;0.793;0.000;0.325;12493
B516D9;2015/03/08 01:52:03;12493;92;21.6;20.8;2.583;1.196;0.670;0.793;0.000;0.361;12494
B516D9;2015/03/08 01:52:14;12494;92;18.7;20.6;2.561;1.212;0.670;0.748;0.000;0.325;12495
B516D9;2015/03/08 01:52:23;12495;80;27.7;21.0;2.770;1.212;0.719;0.748;0.000;0.345;12496
B516D9;2015/03/08 01:52:34;12496;85;27.0;20.8;2.806;1.203;0.719;0.748;0.003;0.370;12497
B516D9;2015/03/08 01:52:43;12497;93;19.6;21.1;2.596;1.203;0.667;0.748;0.003;0.329;12498
B516D9;2015/03/08 01:52:54;12498;80;23.5;21.0;2.567;1.196;0.667;0.741;0.003;0.387;12499
B516D9;2015/03/08 01:53:03;12499;85;20.3;20.6;2.770;1.196;0.667;0.741;0.003;0.351;12500
B516D9;2015/03/08 01:53:14;12500;84;20.3;21.0;2.574;1.212;0.667;0.741;0.009;0.351;12501
B516D9;2015/03/08 01:53:23;12501;81;19.3;21.3;2.590;1.212;0.722;0.741;0.009;0.329;12502
B516D9;2015/03/08 01:53:34;12502;77;18.3;21.0;2.574;1.212;0.722;0.741;0.009;0.332;12503
B516D9;2015/03/08 01:53:43;12503;89;18.3;20.6;2.764;1.212;0.670;0.741;0.009;0.358;12504
B516D9;2015/03/08 01:53:54;12504;97;28.0;20.1;2.551;1.193;0.670;0.741;0.000;0.329;12505
B516D9;2015/03/08 01:54:03;12505;88;24.5;20.3;2.806;1.193;0.667;0.741;0.000;0.338;12506
B516D9;2015/03/08 01:54:14;12506;88;25.8;20.6;2.554;1.235;0.667;0.787;0.000;0.345;12507
B516D9;2015/03/08 01:54:23;12507;78;24.8;21.1;2.619;1.235;0.667;0.787;0.000;0.354;12508
B516D9;2015/03/08 01:54:34;12508;92;22.2;20.8;2.687;1.232;0.667;0.787;0.000;0.341;12509
B516D9;2015/03/08 01:54:43;12509;91;22.2;20.8;2.596;1.232;0.719;0.787;0.000;0.374;12510
B516D9;2015/03/08 01:54:54;12510;88;23.2;20.6;2.745;1.212;0.719;0.764;0.000;0.335;12511
B516D9;2015/03/08 01:55:03;12511;87;27.7;21.0;2.806;1.212;0.719;0.764;0.000;0.325;12512
B516D9;2015/03/08 01:55:14;12512;78;24.5;20.8;2.699;1.196;0.719;0.764;0.003;0.364;12513
B516D9;2015/03/08 01:55:23;12513;92;24.5;20.4;2.716;1.196;0.719;0.764;0.003;0.322;12514
B516D9;2015/03/08 01:55:34;12514;86;20.6;21.0;2.648;1.225;0.719;0.787;0.003;0.329;12515
B516D9;2015/03/08 01:55:43;12515;88;22.9;21.1;2.570;1.225;0.667;0.787;0.003;0.351;12516
B516D9;2015/03/08 01:55:54;12516;79;22.2;21.1;2.658;1.203;0.667;0.787;0.003;0.322;12517
B516D9;2015/03/08 01:56:03;12517;90;25.1;20.3;2.809;1.203;0.719;0.787;0.003;0.338;12518
B516D9;2015/03/08 01:56:14;12518;89;20.9;21.0;2.609;1.216;0.719;0.799;0.003;0.351;12519
B516D9;2015/03/08 01:56:23;12519;88;18.3;21.1;2.625;1.216;0.703;0.799;0.003;0.374;12520
B516D9;2015/03/08 01:56:34;12520;86;23.8;20.6;2.574;1.222;0.703;0.799;0.000;0.329;12521
B516D9;2015/03/08 01:56:43;12521;77;19.0;20.6;2.799;1.222;0.722;0.799;0.000;0.322;12522
B516D9;2015/03/08 01:56:54;12522;86;22.5;21.0;2.609;1.222;0.722;0.799;0.000;0.348;12523
B516D9;2015/03/08 01:57:03;12523;90;20.9;21.3;2.606;1.222;0.703;0.799;0.000;0.332;12524
B516D9;2015/03/08 01:57:14;12524;83;23.5;20.6;2.593;1.193;0.703;0.799;0.000;0.322;12525
B516D9;2015/03/08 01:57:23;12525;90;18.7;20.4;2.577;1.193;0.667;0.799;0.000;0.325;12526
B516D9;2015/03/08 01:57:34;12526;91;26.1;20.8;2.732;1.222;0.667;0.748;0.000;0.351;12527
B516D9;2015/03/08 01:57:43;12527;87;22.9;19.8;2.799;1.222;0.719;0.748;0.000;0.316;12528
B516D9;2015/03/08 01:57:54;12528;93;18.7;20.6;2.564;1.209;0.719;0.748;0.025;0.322;12529
B516D9;2015/03/08 01:58:03;12529;84;18.7;20.6;2.696;1.209;0.667;0.748;0.025;0.338;12530
B516D9;2015/03/08 01:58:14;12530;84;25.8;20.1;2.564;1.216;0.667;0.748;0.025;0.322;12531
B516D9;2015/03/08 01:58:23;12531;88;24.1;19.9;2.683;1.216;0.667;0.748;0.025;0.364;12532
B516D9;2015/03/08 01:58:34;12532;81;24.8;20.6;2.732;1.212;0.667;0.748;0.009;0.329;12533
B516D9;2015/03/08 01:58:43;12533;88;21.6;19.9;2.758;1.212;0.674;0.748;0.009;0.345;12534
B516D9;2015/03/08 01:58:54;12534;86;25.4;21.0;2.564;1.193;0.674;0.767;0.009;0.316;12535
B516D9;2015/03/08 01:59:03;12535;91;23.2;20.4;2.796;1.193;0.722;0.767;0.009;0.322;12536
B516D9;2015/03/08 01:59:14;12536;85;26.4;20.4;2.622;1.219;0.722;0.767;0.141;0.332;12537
B516D9;2015/03/08 01:59:23;12537;81;25.8;20.3;2.796;1.219;0.667;0.767;0.141;0.322;12538
B516D9;2015/03/08 01:59:34;12538;88;29.0;20.6;2.799;1.222;0.667;0.745;0.141;0.322;12539
B516D9;2015/03/08 01:59:43;12539;83;18.7;20.4;2.619;1.222;0.722;0.745;0.141;0.358;12540
B516D9;2015/03/08 01:59:54;12540;93;18.7;20.6;2.661;1.199;0.722;0.745;0.000;0.345;12541
