B516DA;2015/03/06 00:00:08;53704;88;30.6;18.9;2.712;1.687;1.093;3.025;0.119;1.429;53705
B516DA;2015/03/06 00:00:18;53705;82;29.6;19.4;2.722;1.687;1.041;3.025;0.119;1.403;53706
B516DA;2015/03/06 00:00:28;53706;91;33.5;18.9;2.829;1.709;1.041;2.958;0.119;1.412;53707
B516DA;2015/03/06 00:00:38;53707;89;32.5;19.6;2.777;1.709;1.093;2.958;0.119;1.380;53708
B516DA;2015/03/06 00:00:48;53708;85;31.9;19.4;2.667;1.706;1.093;2.958;0.119;1.393;53709
B516DA;2015/03/06 00:00:58;53709;87;31.2;19.4;2.670;1.706;1.083;2.958;0.119;1.396;53710
B516DA;2015/03/06 00:01:08;53710;92;29.0;19.1;2.629;1.667;1.083;2.987;0.119;1.419;53711
B516DA;2015/03/06 00:01:18;53711;84;32.2;19.1;2.638;1.667;1.051;2.987;0.119;1.390;53712
B516DA;2015/03/06 00:01:28;53712;88;31.6;19.2;2.693;1.699;1.051;2.987;0.116;1.393;53713
B516DA;2015/03/06 00:01:38;53713;85;30.6;19.8;2.748;1.699;1.054;2.987;0.116;1.409;53714
B516DA;2015/03/06 00:01:48;53714;85;30.0;19.2;2.832;1.709;1.054;2.987;0.116;1.403;53715
B516DA;2015/03/06 00:01:58;53715;86;27.7;19.6;2.651;1.709;1.038;2.987;0.116;1.412;53716
B516DA;2015/03/06 00:02:08;53716;77;31.2;19.2;2.706;1.670;1.038;2.987;0.151;1.422;53717
B516DA;2015/03/06 00:02:18;53717;91;27.7;19.2;2.661;1.670;1.038;2.987;0.151;1.380;53718
B516DA;2015/03/06 00:02:28;53718;83;29.6;19.9;2.641;1.693;1.038;2.977;0.151;1.383;53719
B516DA;2015/03/06 00:02:38;53719;88;34.8;19.8;2.767;1.693;1.038;2.977;0.151;1.387;53720
B516DA;2015/03/06 00:02:48;53720;88;30.3;19.1;2.629;1.677;1.038;2.977;0.180;1.399;53721
B516DA;2015/03/06 00:02:58;53721;78;27.7;19.2;2.654;1.677;1.099;2.977;0.180;1.383;53722
B516DA;2015/03/06 00:03:08;53722;86;30.3;19.2;2.667;1.677;1.099;2.958;0.180;1.387;53723
B516DA;2015/03/06 00:03:18;53723;89;32.9;19.8;2.812;1.677;1.077;2.958;0.180;1.374;53724
B516DA;2015/03/06 00:03:28;53724;89;31.9;19.8;2.845;1.709;1.077;2.958;0.116;1.383;53725
B516DA;2015/03/06 00:03:38;53725;90;27.7;19.6;2.641;1.709;1.096;2.958;0.116;1.406;53726
B516DA;2015/03/06 00:03:48;53726;84;32.9;19.2;2.764;1.683;1.096;2.974;0.116;1.399;53727
B516DA;2015/03/06 00:03:58;53727;83;34.1;19.9;2.799;1.683;1.083;2.974;0.116;1.409;53728
B516DA;2015/03/06 00:04:08;53728;82;28.3;19.8;2.635;1.680;1.083;2.974;0.132;1.419;53729
B516DA;2015/03/06 00:04:18;53729;87;30.3;18.7;2.648;1.680;1.054;2.974;0.132;1.412;53730
B516DA;2015/03/06 00:04:28;53730;81;31.2;19.8;2.645;1.699;1.054;2.996;0.132;1.419;53731
B516DA;2015/03/06 00:04:38;53731;80;32.9;19.4;2.751;1.699;1.096;2.996;0.132;1.390;53732
B516DA;2015/03/06 00:04:48;53732;84;32.2;18.7;2.832;1.680;1.096;2.996;0.109;1.383;53733
B516DA;2015/03/06 00:04:58;53733;82;33.5;19.6;2.787;1.680;1.096;2.996;0.109;1.429;53734
B516DA;2015/03/06 00:05:08;53734;78;32.2;19.4;2.641;1.674;1.096;3.022;0.109;1.399;53735
B516DA;2015/03/06 00:05:18;53735;76;27.7;19.6;2.738;1.674;1.093;3.022;0.109;1.396;53736
B516DA;2015/03/06 00:05:28;53736;89;30.3;19.1;2.638;1.712;1.093;3.022;0.109;1.403;53737
B516DA;2015/03/06 00:05:38;53737;85;29.0;19.6;2.699;1.712;1.064;3.022;0.109;1.396;53738
B516DA;2015/03/06 00:05:48;53738;79;30.9;19.6;2.845;1.677;1.064;3.000;0.109;1.403;53739
B516DA;2015/03/06 00:05:58;53739;87;29.3;19.8;2.712;1.677;1.093;3.000;0.109;1.432;53740
B516DA;2015/03/06 00:06:08;53740;83;32.9;19.4;2.680;1.693;1.093;3.000;0.103;1.380;53741
B516DA;2015/03/06 00:06:18;53741;84;30.6;19.4;2.661;1.693;1.061;3.000;0.103;1.435;53742
B516DA;2015/03/06 00:06:28;53742;88;34.5;19.1;2.641;1.674;1.061;2.990;0.103;1.390;53743
B516DA;2015/03/06 00:06:38;53743;88;31.9;18.7;2.641;1.674;1.096;2.990;0.103;1.435;53744
B516DA;2015/03/06 00:06:48;53744;84;30.0;19.6;2.832;1.690;1.096;2.990;0.106;1.403;53745
B516DA;2015/03/06 00:06:58;53745;80;29.0;19.4;2.799;1.690;1.093;2.990;0.106;1.406;53746
B516DA;2015/03/06 00:07:08;53746;83;33.5;19.2;2.812;1.706;1.093;2.993;0.106;1.435;53747
B516DA;2015/03/06 00:07:18;53747;85;28.7;19.2;2.670;1.706;1.041;2.993;0.106;1.412;53748
B516DA;2015/03/06 00:07:28;53748;86;31.2;18.9;2.812;1.674;1.041;2.993;0.132;1.451;53749
B516DA;2015/03/06 00:07:38;53749;86;31.2;19.6;2.764;1.674;1.041;2.993;0.132;1.445;53750
B516DA;2015/03/06 00:07:48;53750;84;32.5;19.8;2.745;1.716;1.041;3.022;0.132;1.412;53751
B516DA;2015/03/06 00:07:58;53751;84;28.0;19.4;2.670;1.716;1.045;3.022;0.132;1.403;53752
B516DA;2015/03/06 00:08:08;53752;88;28.3;19.8;2.638;1.683;1.045;3.022;0.109;1.403;53753
B516DA;2015/03/06 00:08:18;53753;79;34.8;19.8;2.764;1.683;1.038;3.022;0.109;1.390;53754
B516DA;2015/03/06 00:08:28;53754;85;32.2;19.2;2.638;1.693;1.038;3.074;0.109;1.454;53755
B516DA;2015/03/06 00:08:38;53755;87;32.2;18.9;2.638;1.693;1.048;3.074;0.109;1.399;53756
B516DA;2015/03/06 00:08:48;53756;85;32.9;19.4;2.661;1.716;1.048;3.074;0.125;1.419;53757
B516DA;2015/03/06 00:08:58;53757;86;31.9;19.4;2.790;1.716;1.038;3.074;0.125;1.419;53758
B516DA;2015/03/06 00:09:08;53758;86;30.0;19.6;2.851;1.716;1.038;3.038;0.125;1.422;53759
B516DA;2015/03/06 00:09:18;53759;79;30.3;19.2;2.641;1.716;1.041;3.038;0.125;1.396;53760
B516DA;2015/03/06 00:09:28;53760;83;33.5;19.4;2.738;1.674;1.041;3.038;0.116;1.432;53761
B516DA;2015/03/06 00:09:38;53761;77;29.3;19.8;2.732;1.674;1.041;3.038;0.116;1.409;53762
B516DA;2015/03/06 00:09:48;53762;90;34.8;19.2;2.735;1.712;1.041;3.012;0.116;1.458;53763
B516DA;2015/03/06 00:09:58;53763;85;34.5;19.1;2.670;1.712;1.038;3.012;0.116;1.441;53764
B516DA;2015/03/06 00:10:08;53764;80;33.8;19.1;2.632;1.670;1.038;3.012;0.119;1.422;53765
B516DA;2015/03/06 00:10:18;53765;79;29.3;19.6;2.706;1.670;1.099;3.012;0.119;1.399;53766
B516DA;2015/03/06 00:10:28;53766;77;32.5;19.2;2.661;1.712;1.099;3.029;0.119;1.422;53767
B516DA;2015/03/06 00:10:38;53767;88;30.9;19.6;2.848;1.712;1.038;3.029;0.119;1.445;53768
B516DA;2015/03/06 00:10:48;53768;83;31.9;19.2;2.709;1.674;1.038;3.029;0.116;1.406;53769
B516DA;2015/03/06 00:10:58;53769;75;32.5;19.8;2.690;1.674;1.041;3.029;0.116;1.406;53770
B516DA;2015/03/06 00:11:08;53770;83;28.3;19.4;2.641;1.693;1.041;2.951;0.116;1.429;53771
B516DA;2015/03/06 00:11:18;53771;88;31.9;19.8;2.787;1.693;1.054;2.951;0.116;1.380;53772
B516DA;2015/03/06 00:11:28;53772;85;28.0;19.1;2.629;1.690;1.054;2.951;0.116;1.377;53773
B516DA;2015/03/06 00:11:38;53773;76;28.7;19.1;2.635;1.690;1.045;2.951;0.116;1.406;53774
B516DA;2015/03/06 00:11:48;53774;88;35.4;19.2;2.819;1.712;1.045;2.961;0.116;1.377;53775
B516DA;2015/03/06 00:11:58;53775;81;33.5;19.8;2.806;1.712;1.051;2.961;0.116;1.383;53776
B516DA;2015/03/06 00:12:08;53776;92;30.3;19.2;2.832;1.712;1.051;2.961;0.125;1.383;53777
B516DA;2015/03/06 00:12:18;53777;89;29.0;19.8;2.806;1.712;1.041;2.961;0.125;1.393;53778
B516DA;2015/03/06 00:12:28;53778;87;34.1;19.6;2.758;1.716;1.041;3.032;0.125;1.377;53779
B516DA;2015/03/06 00:12:38;53779;78;30.0;19.6;2.641;1.716;1.041;3.032;0.125;1.383;53780
B516DA;2015/03/06 00:12:48;53780;92;35.1;19.2;2.735;1.683;1.041;3.032;0.116;1.396;53781
B516DA;2015/03/06 00:12:58;53781;73;29.0;19.6;2.674;1.683;1.067;3.032;0.116;1.422;53782
B516DA;2015/03/06 00:13:08;53782;90;28.7;19.4;2.641;1.683;1.067;2.993;0.116;1.416;53783
B516DA;2015/03/06 00:13:18;53783;75;32.9;19.8;2.806;1.683;1.096;2.993;0.116;1.435;53784
B516DA;2015/03/06 00:13:28;53784;85;28.7;19.9;2.641;1.709;1.096;2.993;0.103;1.380;53785
B516DA;2015/03/06 00:13:38;53785;81;31.2;19.2;2.851;1.709;1.061;2.993;0.103;1.409;53786
B516DA;2015/03/06 00:13:48;53786;84;33.5;19.1;2.677;1.690;1.061;2.996;0.103;1.432;53787
B516DA;2015/03/06 00:13:58;53787;76;30.9;19.8;2.799;1.690;1.045;2.996;0.103;1.425;53788
B516DA;2015/03/06 00:14:08;53788;76;34.5;19.1;2.664;1.703;1.045;2.996;0.112;1.387;53789
B516DA;2015/03/06 00:14:18;53789;85;28.0;19.8;2.725;1.703;1.045;2.996;0.112;1.387;53790
B516DA;2015/03/06 00:14:28;53790;89;31.2;18.7;2.809;1.696;1.045;3.019;0.112;1.387;53791
B516DA;2015/03/06 00:14:38;53791;90;28.7;19.9;2.674;1.696;1.045;3.019;0.112;1.393;53792
B516DA;2015/03/06 00:14:48;53792;83;32.9;19.6;2.838;1.719;1.045;3.019;0.119;1.393;53793
B516DA;2015/03/06 00:14:58;53793;80;35.4;19.8;2.761;1.719;1.103;3.019;0.119;1.393;53794
B516DA;2015/03/06 00:15:08;53794;91;33.5;19.2;2.758;1.703;1.103;3.029;0.119;1.399;53795
B516DA;2015/03/06 00:15:18;53795;78;32.5;19.6;2.712;1.703;1.054;3.029;0.119;1.416;53796
B516DA;2015/03/06 00:15:28;53796;85;28.7;19.8;2.699;1.677;1.054;3.029;0.241;1.393;53797
B516DA;2015/03/06 00:15:38;53797;84;32.5;19.6;2.709;1.677;1.041;3.029;0.241;1.390;53798
B516DA;2015/03/06 00:15:48;53798;84;29.6;19.2;2.777;1.674;1.041;2.954;0.241;1.380;53799
B516DA;2015/03/06 00:15:58;53799;88;28.0;19.4;2.641;1.674;1.045;2.954;0.241;1.422;53800
B516DA;2015/03/06 00:16:08;53800;78;28.3;19.6;2.664;1.674;1.045;2.954;0.183;1.393;53801
B516DA;2015/03/06 00:16:18;53801;87;29.0;19.2;2.680;1.674;1.061;2.954;0.183;1.367;53802
B516DA;2015/03/06 00:16:28;53802;86;31.9;19.2;2.758;1.693;1.061;2.929;0.183;1.406;53803
B516DA;2015/03/06 00:16:38;53803;88;34.8;19.8;2.832;1.693;1.067;2.929;0.183;1.387;53804
B516DA;2015/03/06 00:16:48;53804;88;32.5;19.1;2.699;1.699;1.067;2.929;0.112;1.416;53805
B516DA;2015/03/06 00:16:58;53805;79;30.0;19.6;2.845;1.699;1.045;2.929;0.112;1.399;53806
B516DA;2015/03/06 00:17:08;53806;86;29.3;18.9;2.658;1.696;1.045;2.993;0.112;1.396;53807
B516DA;2015/03/06 00:17:18;53807;77;33.5;20.1;2.787;1.696;1.061;2.993;0.112;1.412;53808
B516DA;2015/03/06 00:17:28;53808;90;32.5;19.1;2.648;1.674;1.061;2.993;0.112;1.387;53809
B516DA;2015/03/06 00:17:38;53809;88;29.0;19.4;2.693;1.674;1.045;2.993;0.112;1.399;53810
B516DA;2015/03/06 00:17:48;53810;80;28.0;19.2;2.664;1.699;1.045;2.996;0.112;1.380;53811
B516DA;2015/03/06 00:17:58;53811;86;31.9;19.8;2.793;1.699;1.045;2.996;0.112;1.409;53812
B516DA;2015/03/06 00:18:08;53812;84;31.9;19.2;2.706;1.680;1.045;2.996;0.164;1.416;53813
B516DA;2015/03/06 00:18:18;53813;80;33.2;18.9;2.632;1.680;1.103;2.996;0.164;1.387;53814
B516DA;2015/03/06 00:18:28;53814;78;31.6;19.4;2.696;1.716;1.103;2.993;0.164;1.380;53815
B516DA;2015/03/06 00:18:38;53815;88;29.3;19.4;2.641;1.716;1.048;2.993;0.164;1.370;53816
B516DA;2015/03/06 00:18:48;53816;85;31.6;19.8;2.641;1.674;1.048;2.993;0.145;1.361;53817
B516DA;2015/03/06 00:18:58;53817;85;31.9;19.6;2.793;1.674;1.045;2.993;0.145;1.403;53818
B516DA;2015/03/06 00:19:08;53818;81;32.5;19.1;2.638;1.693;1.045;2.967;0.145;1.358;53819
B516DA;2015/03/06 00:19:18;53819;83;31.2;19.6;2.793;1.693;1.045;2.967;0.145;1.406;53820
B516DA;2015/03/06 00:19:28;53820;88;27.7;19.9;2.641;1.677;1.045;2.967;0.109;1.364;53821
B516DA;2015/03/06 00:19:38;53821;78;33.2;19.9;2.806;1.677;1.048;2.967;0.109;1.370;53822
B516DA;2015/03/06 00:19:48;53822;86;31.2;18.9;2.722;1.687;1.048;3.012;0.109;1.374;53823
B516DA;2015/03/06 00:19:58;53823;85;32.2;19.4;2.803;1.687;1.099;3.012;0.109;1.390;53824
B516DA;2015/03/06 00:20:08;53824;85;29.3;20.4;2.648;1.687;1.099;3.012;0.109;1.390;53825
B516DA;2015/03/06 00:20:18;53825;73;34.1;19.9;2.832;1.687;1.045;3.012;0.109;1.370;53826
B516DA;2015/03/06 00:20:28;53826;83;32.5;19.4;2.648;1.699;1.045;2.996;0.109;1.403;53827
B516DA;2015/03/06 00:20:38;53827;78;34.1;19.4;2.693;1.699;1.054;2.996;0.109;1.409;53828
B516DA;2015/03/06 00:20:48;53828;90;27.7;19.8;2.632;1.716;1.054;2.996;0.154;1.370;53829
B516DA;2015/03/06 00:20:58;53829;80;30.9;19.8;2.767;1.716;1.064;2.996;0.154;1.393;53830
B516DA;2015/03/06 00:21:08;53830;84;28.3;19.4;2.816;1.687;1.064;2.951;0.154;1.380;53831
B516DA;2015/03/06 00:21:18;53831;85;31.9;19.8;2.848;1.687;1.067;2.951;0.154;1.380;53832
B516DA;2015/03/06 00:21:28;53832;83;31.9;19.1;2.648;1.719;1.067;2.951;0.112;1.399;53833
B516DA;2015/03/06 00:21:38;53833;83;28.3;19.8;2.667;1.719;1.058;2.951;0.112;1.361;53834
B516DA;2015/03/06 00:21:48;53834;77;31.6;19.2;2.638;1.677;1.058;3.016;0.112;1.348;53835
B516DA;2015/03/06 00:21:58;53835;89;29.0;19.4;2.712;1.677;1.061;3.016;0.112;1.374;53836
B516DA;2015/03/06 00:22:08;53836;85;30.6;19.6;2.680;1.677;1.061;3.016;0.106;1.399;53837
B516DA;2015/03/06 00:22:18;53837;83;30.0;19.9;2.825;1.677;1.051;3.016;0.106;1.370;53838
B516DA;2015/03/06 00:22:28;53838;80;31.6;19.6;2.845;1.677;1.051;3.012;0.106;1.354;53839
B516DA;2015/03/06 00:22:38;53839;84;34.8;19.6;2.780;1.677;1.087;3.012;0.106;1.367;53840
B516DA;2015/03/06 00:22:48;53840;88;30.6;18.9;2.677;1.696;1.087;3.012;0.158;1.387;53841
B516DA;2015/03/06 00:22:58;53841;83;32.5;19.8;2.809;1.696;1.045;3.012;0.158;1.380;53842
B516DA;2015/03/06 00:23:08;53842;92;35.1;18.9;2.712;1.722;1.045;2.977;0.158;1.412;53843
B516DA;2015/03/06 00:23:18;53843;83;32.9;19.9;2.793;1.722;1.080;2.977;0.158;1.406;53844
B516DA;2015/03/06 00:23:28;53844;76;31.6;19.2;2.706;1.687;1.080;2.977;0.103;1.377;53845
B516DA;2015/03/06 00:23:38;53845;83;31.9;19.4;2.793;1.687;1.045;2.977;0.103;1.422;53846
B516DA;2015/03/06 00:23:48;53846;85;29.0;19.1;2.641;1.712;1.045;2.977;0.103;1.374;53847
B516DA;2015/03/06 00:23:58;53847;85;28.0;19.6;2.845;1.712;1.099;2.977;0.103;1.416;53848
B516DA;2015/03/06 00:24:08;53848;81;30.3;19.1;2.632;1.683;1.099;2.977;0.109;1.377;53849
B516DA;2015/03/06 00:24:18;53849;80;34.8;19.8;2.832;1.683;1.083;2.977;0.109;1.409;53850
B516DA;2015/03/06 00:24:28;53850;83;28.0;19.4;2.632;1.680;1.083;2.980;0.109;1.406;53851
B516DA;2015/03/06 00:24:38;53851;89;29.6;19.4;2.641;1.680;1.054;2.980;0.109;1.367;53852
B516DA;2015/03/06 00:24:48;53852;91;32.5;20.1;2.638;1.690;1.054;2.980;0.203;1.374;53853
B516DA;2015/03/06 00:24:58;53853;77;32.5;19.6;2.699;1.690;1.064;2.980;0.203;1.390;53854
B516DA;2015/03/06 00:25:08;53854;87;28.7;19.9;2.641;1.699;1.064;2.990;0.203;1.435;53855
B516DA;2015/03/06 00:25:18;53855;81;28.0;19.6;2.751;1.699;1.103;2.990;0.203;1.383;53856
B516DA;2015/03/06 00:25:28;53856;87;28.0;19.1;2.638;1.706;1.103;2.990;0.164;1.367;53857
B516DA;2015/03/06 00:25:38;53857;84;34.1;19.8;2.635;1.706;1.077;2.990;0.164;1.377;53858
B516DA;2015/03/06 00:25:48;53858;88;33.2;19.2;2.641;1.690;1.077;3.016;0.164;1.403;53859
B516DA;2015/03/06 00:25:58;53859;85;32.5;19.8;2.851;1.690;1.054;3.016;0.164;1.403;53860
B516DA;2015/03/06 00:26:08;53860;93;32.2;19.6;2.638;1.699;1.054;3.016;0.116;1.387;53861
B516DA;2015/03/06 00:26:18;53861;87;31.9;19.2;2.667;1.699;1.045;3.016;0.116;1.406;53862
B516DA;2015/03/06 00:26:28;53862;83;28.0;19.1;2.632;1.693;1.045;3.006;0.116;1.380;53863
B516DA;2015/03/06 00:26:38;53863;88;27.7;19.6;2.661;1.693;1.045;3.006;0.116;1.367;53864
B516DA;2015/03/06 00:26:48;53864;83;27.7;19.8;2.654;1.716;1.045;3.006;0.177;1.370;53865
B516DA;2015/03/06 00:26:58;53865;89;34.5;19.8;2.748;1.716;1.106;3.006;0.177;1.406;53866
B516DA;2015/03/06 00:27:08;53866;87;29.3;19.9;2.690;1.722;1.106;3.009;0.177;1.409;53867
B516DA;2015/03/06 00:27:18;53867;84;30.6;19.6;2.751;1.722;1.045;3.009;0.177;1.390;53868
B516DA;2015/03/06 00:27:28;53868;88;34.8;19.2;2.845;1.680;1.045;3.009;0.125;1.380;53869
B516DA;2015/03/06 00:27:38;53869;78;28.7;19.2;2.780;1.680;1.045;3.009;0.125;1.367;53870
B516DA;2015/03/06 00:27:48;53870;88;31.9;19.6;2.632;1.703;1.045;2.983;0.125;1.370;53871
B516DA;2015/03/06 00:27:58;53871;78;30.6;19.4;2.667;1.703;1.045;2.983;0.125;1.387;53872
B516DA;2015/03/06 00:28:08;53872;84;28.7;20.4;2.638;1.690;1.045;2.983;0.116;1.377;53873
B516DA;2015/03/06 00:28:18;53873;86;29.3;19.8;2.838;1.690;1.109;2.983;0.116;1.396;53874
B516DA;2015/03/06 00:28:28;53874;85;31.2;19.1;2.641;1.722;1.109;3.006;0.116;1.380;53875
B516DA;2015/03/06 00:28:38;53875;82;30.3;19.8;2.748;1.722;1.051;3.006;0.116;1.403;53876
B516DA;2015/03/06 00:28:48;53876;90;31.2;19.4;2.699;1.683;1.051;3.006;0.116;1.390;53877
B516DA;2015/03/06 00:28:58;53877;84;33.5;19.4;2.648;1.683;1.106;3.006;0.116;1.380;53878
B516DA;2015/03/06 00:29:08;53878;87;31.9;19.2;2.719;1.693;1.106;2.967;0.116;1.412;53879
B516DA;2015/03/06 00:29:18;53879;90;32.5;19.4;2.735;1.693;1.090;2.967;0.116;1.390;53880
B516DA;2015/03/06 00:29:28;53880;79;32.9;19.6;2.751;1.683;1.090;2.967;0.170;1.377;53881
B516DA;2015/03/06 00:29:38;53881;83;30.3;18.7;2.638;1.683;1.103;2.967;0.170;1.390;53882
B516DA;2015/03/06 00:29:48;53882;86;33.2;19.1;2.638;1.725;1.103;3.019;0.170;1.380;53883
B516DA;2015/03/06 00:29:58;53883;80;31.9;19.6;2.819;1.725;1.051;3.019;0.170;1.399;53884
B516DA;2015/03/06 00:30:08;53884;83;32.5;19.2;2.690;1.683;1.051;3.019;0.116;1.422;53885
B516DA;2015/03/06 00:30:18;53885;86;28.0;19.6;2.725;1.683;1.048;3.019;0.116;1.406;53886
B516DA;2015/03/06 00:30:28;53886;85;30.3;19.2;2.664;1.709;1.048;3.016;0.116;1.403;53887
B516DA;2015/03/06 00:30:38;53887;82;35.1;19.4;2.832;1.709;1.058;3.016;0.116;1.412;53888
B516DA;2015/03/06 00:30:48;53888;81;29.3;18.9;2.648;1.722;1.058;3.016;0.180;1.422;53889
B516DA;2015/03/06 00:30:58;53889;80;31.6;19.4;2.699;1.722;1.061;3.016;0.180;1.419;53890
B516DA;2015/03/06 00:31:08;53890;87;30.9;19.8;2.638;1.683;1.061;3.045;0.180;1.419;53891
B516DA;2015/03/06 00:31:18;53891;84;29.3;19.2;2.699;1.683;1.106;3.045;0.180;1.387;53892
B516DA;2015/03/06 00:31:28;53892;87;30.3;19.2;2.777;1.680;1.106;3.045;0.132;1.412;53893
B516DA;2015/03/06 00:31:38;53893;84;31.9;19.6;2.838;1.680;1.099;3.045;0.132;1.396;53894
B516DA;2015/03/06 00:31:48;53894;89;31.2;18.7;2.680;1.722;1.099;3.006;0.132;1.416;53895
B516DA;2015/03/06 00:31:58;53895;84;28.3;19.6;2.667;1.722;1.048;3.006;0.132;1.403;53896
B516DA;2015/03/06 00:32:08;53896;73;32.9;20.3;2.641;1.703;1.048;3.006;0.109;1.412;53897
B516DA;2015/03/06 00:32:18;53897;82;28.0;19.8;2.761;1.703;1.064;3.006;0.109;1.377;53898
B516DA;2015/03/06 00:32:28;53898;82;30.3;19.8;2.722;1.722;1.064;3.025;0.109;1.380;53899
B516DA;2015/03/06 00:32:38;53899;85;29.6;19.2;2.719;1.722;1.051;3.025;0.109;1.370;53900
B516DA;2015/03/06 00:32:48;53900;82;28.7;20.1;2.638;1.683;1.051;3.025;0.180;1.406;53901
B516DA;2015/03/06 00:32:58;53901;79;30.9;19.2;2.674;1.683;1.051;3.025;0.180;1.403;53902
B516DA;2015/03/06 00:33:08;53902;85;34.1;19.8;2.764;1.699;1.051;3.032;0.180;1.370;53903
B516DA;2015/03/06 00:33:18;53903;80;34.8;19.8;2.774;1.699;1.074;3.032;0.180;1.383;53904
B516DA;2015/03/06 00:33:28;53904;88;32.2;19.9;2.725;1.683;1.074;3.032;0.109;1.377;53905
B516DA;2015/03/06 00:33:38;53905;84;33.5;19.4;2.838;1.683;1.051;3.032;0.109;1.409;53906
B516DA;2015/03/06 00:33:48;53906;79;30.6;19.2;2.654;1.683;1.051;3.006;0.109;1.399;53907
B516DA;2015/03/06 00:33:58;53907;74;30.0;19.6;2.806;1.683;1.064;3.006;0.109;1.358;53908
B516DA;2015/03/06 00:34:08;53908;83;29.3;19.4;2.629;1.683;1.064;3.006;0.116;1.403;53909
B516DA;2015/03/06 00:34:18;53909;83;30.3;19.2;2.641;1.683;1.048;3.006;0.116;1.374;53910
B516DA;2015/03/06 00:34:28;53910;89;29.0;19.8;2.648;1.722;1.048;3.022;0.116;1.364;53911
B516DA;2015/03/06 00:34:38;53911;73;29.6;19.8;2.751;1.722;1.106;3.022;0.116;1.351;53912
B516DA;2015/03/06 00:34:48;53912;85;33.2;19.1;2.632;1.696;1.106;3.022;0.109;1.387;53913
B516DA;2015/03/06 00:34:58;53913;78;34.1;19.8;2.725;1.696;1.054;3.022;0.109;1.409;53914
B516DA;2015/03/06 00:35:08;53914;82;33.2;19.4;2.654;1.696;1.054;3.012;0.109;1.374;53915
B516DA;2015/03/06 00:35:18;53915;86;29.6;19.4;2.641;1.696;1.109;3.012;0.109;1.396;53916
B516DA;2015/03/06 00:35:28;53916;79;29.6;19.2;2.667;1.729;1.109;3.012;0.103;1.399;53917
B516DA;2015/03/06 00:35:38;53917;87;31.9;19.8;2.806;1.729;1.106;3.012;0.103;1.374;53918
B516DA;2015/03/06 00:35:48;53918;86;27.7;19.8;2.632;1.699;1.106;3.025;0.103;1.367;53919
B516DA;2015/03/06 00:35:58;53919;89;29.3;19.8;2.722;1.699;1.106;3.025;0.103;1.399;53920
B516DA;2015/03/06 00:36:08;53920;83;30.3;19.1;2.632;1.703;1.106;3.025;0.132;1.374;53921
B516DA;2015/03/06 00:36:18;53921;86;32.9;19.9;2.719;1.703;1.045;3.025;0.132;1.393;53922
B516DA;2015/03/06 00:36:28;53922;78;27.7;19.6;2.625;1.690;1.045;2.987;0.132;1.380;53923
B516DA;2015/03/06 00:36:38;53923;74;31.9;19.8;2.812;1.690;1.103;2.987;0.132;1.393;53924
B516DA;2015/03/06 00:36:48;53924;91;30.0;19.2;2.790;1.683;1.103;2.987;0.158;1.380;53925
B516DA;2015/03/06 00:36:58;53925;84;31.9;19.4;2.687;1.683;1.070;2.987;0.158;1.387;53926
B516DA;2015/03/06 00:37:08;53926;81;34.5;19.1;2.632;1.693;1.070;3.012;0.158;1.409;53927
B516DA;2015/03/06 00:37:18;53927;83;32.5;19.4;2.693;1.693;1.051;3.012;0.158;1.390;53928
B516DA;2015/03/06 00:37:28;53928;83;30.3;19.1;2.632;1.712;1.051;3.012;0.112;1.387;53929
B516DA;2015/03/06 00:37:38;53929;85;28.0;19.8;2.774;1.712;1.054;3.012;0.112;1.393;53930
B516DA;2015/03/06 00:37:48;53930;88;31.6;19.6;2.632;1.706;1.054;2.970;0.112;1.409;53931
B516DA;2015/03/06 00:37:58;53931;79;28.7;19.2;2.667;1.706;1.058;2.970;0.112;1.370;53932
B516DA;2015/03/06 00:38:08;53932;84;34.1;19.4;2.651;1.703;1.058;2.970;0.112;1.383;53933
B516DA;2015/03/06 00:38:18;53933;89;28.7;19.2;2.641;1.703;1.048;2.970;0.112;1.370;53934
B516DA;2015/03/06 00:38:28;53934;89;34.5;19.4;2.661;1.712;1.048;3.003;0.112;1.380;53935
B516DA;2015/03/06 00:38:38;53935;80;34.8;19.8;2.748;1.712;1.058;3.003;0.112;1.380;53936
B516DA;2015/03/06 00:38:48;53936;83;28.0;18.9;2.699;1.706;1.058;3.003;0.109;1.380;53937
B516DA;2015/03/06 00:38:58;53937;79;29.6;19.6;2.706;1.706;1.051;3.003;0.109;1.412;53938
B516DA;2015/03/06 00:39:08;53938;92;28.0;19.1;2.664;1.690;1.051;3.000;0.109;1.370;53939
B516DA;2015/03/06 00:39:18;53939;83;32.5;19.8;2.787;1.690;1.106;3.000;0.109;1.367;53940
B516DA;2015/03/06 00:39:28;53940;84;29.6;19.1;2.625;1.706;1.106;3.000;0.112;1.377;53941
B516DA;2015/03/06 00:39:38;53941;81;29.0;19.4;2.674;1.706;1.109;3.000;0.112;1.374;53942
B516DA;2015/03/06 00:39:48;53942;91;31.2;19.6;2.825;1.683;1.109;3.006;0.112;1.370;53943
B516DA;2015/03/06 00:39:58;53943;84;34.8;19.4;2.696;1.683;1.103;3.006;0.112;1.409;53944
B516DA;2015/03/06 00:40:08;53944;86;33.2;19.1;2.632;1.683;1.103;3.006;0.125;1.370;53945
B516DA;2015/03/06 00:40:18;53945;84;28.0;19.6;2.732;1.683;1.067;3.006;0.125;1.364;53946
B516DA;2015/03/06 00:40:28;53946;84;30.9;19.8;2.832;1.683;1.067;3.000;0.125;1.396;53947
B516DA;2015/03/06 00:40:38;53947;86;32.2;19.8;2.632;1.683;1.048;3.000;0.125;1.416;53948
B516DA;2015/03/06 00:40:48;53948;87;31.9;19.2;2.712;1.706;1.048;3.000;0.112;1.396;53949
B516DA;2015/03/06 00:40:58;53949;78;32.9;19.6;2.845;1.706;1.090;3.000;0.112;1.419;53950
B516DA;2015/03/06 00:41:08;53950;87;34.1;19.6;2.751;1.687;1.090;3.000;0.112;1.374;53951
B516DA;2015/03/06 00:41:18;53951;86;27.7;19.2;2.641;1.687;1.051;3.000;0.112;1.364;53952
B516DA;2015/03/06 00:41:28;53952;86;30.3;19.6;2.667;1.706;1.051;3.000;0.151;1.396;53953
B516DA;2015/03/06 00:41:38;53953;87;27.7;19.6;2.661;1.706;1.067;3.000;0.151;1.348;53954
B516DA;2015/03/06 00:41:48;53954;76;33.5;19.2;2.835;1.690;1.067;2.964;0.151;1.374;53955
B516DA;2015/03/06 00:41:58;53955;84;28.0;20.1;2.774;1.690;1.051;2.964;0.151;1.351;53956
B516DA;2015/03/06 00:42:08;53956;93;28.3;20.1;2.625;1.687;1.051;2.964;0.109;1.370;53957
B516DA;2015/03/06 00:42:18;53957;87;32.5;19.9;2.693;1.687;1.109;2.964;0.109;1.377;53958
B516DA;2015/03/06 00:42:28;53958;90;28.3;19.8;2.687;1.690;1.109;3.029;0.109;1.380;53959
B516DA;2015/03/06 00:42:38;53959;84;30.3;20.1;2.741;1.690;1.109;3.029;0.109;1.351;53960
B516DA;2015/03/06 00:42:48;53960;93;29.6;19.4;2.632;1.716;1.109;3.029;0.116;1.358;53961
B516DA;2015/03/06 00:42:58;53961;88;33.5;20.1;2.787;1.716;1.106;3.029;0.116;1.374;53962
B516DA;2015/03/06 00:43:08;53962;74;28.0;19.4;2.632;1.687;1.106;2.987;0.116;1.387;53963
B516DA;2015/03/06 00:43:18;53963;73;33.5;19.8;2.754;1.687;1.051;2.987;0.116;1.393;53964
B516DA;2015/03/06 00:43:28;53964;88;28.7;20.1;2.638;1.687;1.051;2.987;0.119;1.361;53965
B516DA;2015/03/06 00:43:38;53965;81;31.9;20.1;2.832;1.687;1.106;2.987;0.119;1.387;53966
B516DA;2015/03/06 00:43:48;53966;82;29.0;19.4;2.625;1.687;1.106;2.990;0.119;1.377;53967
B516DA;2015/03/06 00:43:58;53967;73;29.3;19.8;2.832;1.687;1.109;2.990;0.119;1.341;53968
B516DA;2015/03/06 00:44:08;53968;86;35.1;19.1;2.687;1.690;1.109;2.990;0.112;1.390;53969
B516DA;2015/03/06 00:44:18;53969;79;32.5;19.6;2.751;1.690;1.080;2.990;0.112;1.399;53970
B516DA;2015/03/06 00:44:28;53970;89;32.5;19.6;2.764;1.687;1.080;3.038;0.112;1.406;53971
B516DA;2015/03/06 00:44:38;53971;88;35.4;19.8;2.780;1.687;1.070;3.038;0.112;1.383;53972
B516DA;2015/03/06 00:44:48;53972;89;29.0;19.8;2.645;1.703;1.070;3.038;0.170;1.416;53973
B516DA;2015/03/06 00:44:58;53973;74;34.1;20.1;2.741;1.703;1.051;3.038;0.170;1.370;53974
B516DA;2015/03/06 00:45:08;53974;86;34.5;19.9;2.745;1.687;1.051;2.967;0.170;1.390;53975
B516DA;2015/03/06 00:45:18;53975;84;31.9;19.8;2.812;1.687;1.106;2.967;0.170;1.380;53976
B516DA;2015/03/06 00:45:28;53976;83;28.0;20.4;2.625;1.712;1.106;2.967;0.119;1.380;53977
B516DA;2015/03/06 00:45:38;53977;83;28.7;19.6;2.799;1.712;1.051;2.967;0.119;1.390;53978
B516DA;2015/03/06 00:45:48;53978;85;28.0;19.1;2.641;1.716;1.051;2.996;0.119;1.409;53979
B516DA;2015/03/06 00:45:58;53979;88;32.9;19.4;2.825;1.716;1.051;2.996;0.119;1.393;53980
B516DA;2015/03/06 00:46:08;53980;81;31.9;19.2;2.719;1.699;1.051;2.996;0.232;1.396;53981
B516DA;2015/03/06 00:46:18;53981;87;33.5;19.8;2.719;1.699;1.054;2.996;0.232;1.393;53982
B516DA;2015/03/06 00:46:28;53982;88;29.0;20.1;2.638;1.693;1.054;3.048;0.232;1.406;53983
B516DA;2015/03/06 00:46:38;53983;74;33.2;19.9;2.851;1.693;1.058;3.048;0.232;1.361;53984
B516DA;2015/03/06 00:46:48;53984;84;29.0;19.4;2.780;1.712;1.058;3.048;0.119;1.387;53985
B516DA;2015/03/06 00:46:58;53985;89;30.6;20.1;2.745;1.712;1.061;3.048;0.119;1.380;53986
B516DA;2015/03/06 00:47:08;53986;84;28.3;20.1;2.641;1.732;1.061;3.006;0.119;1.416;53987
B516DA;2015/03/06 00:47:18;53987;73;29.6;19.6;2.719;1.732;1.058;3.006;0.119;1.370;53988
B516DA;2015/03/06 00:47:28;53988;88;28.7;19.8;2.641;1.716;1.058;3.006;0.125;1.370;53989
B516DA;2015/03/06 00:47:38;53989;91;33.2;19.8;2.825;1.716;1.051;3.006;0.125;1.412;53990
B516DA;2015/03/06 00:47:48;53990;89;28.0;19.1;2.629;1.716;1.051;3.000;0.125;1.409;53991
B516DA;2015/03/06 00:47:58;53991;91;32.9;19.8;2.806;1.716;1.083;3.000;0.125;1.361;53992
B516DA;2015/03/06 00:48:08;53992;89;30.6;19.1;2.632;1.690;1.083;3.000;0.170;1.380;53993
B516DA;2015/03/06 00:48:18;53993;83;29.0;19.8;2.699;1.690;1.109;3.000;0.170;1.396;53994
B516DA;2015/03/06 00:48:28;53994;85;35.1;19.1;2.632;1.712;1.109;2.987;0.170;1.374;53995
B516DA;2015/03/06 00:48:38;53995;90;34.8;19.4;2.661;1.712;1.051;2.987;0.170;1.387;53996
B516DA;2015/03/06 00:48:48;53996;85;35.8;19.1;2.638;1.693;1.051;2.987;0.180;1.361;53997
B516DA;2015/03/06 00:48:58;53997;88;32.5;19.6;2.806;1.693;1.106;2.987;0.180;1.364;53998
B516DA;2015/03/06 00:49:08;53998;89;28.3;19.8;2.687;1.703;1.106;3.041;0.180;1.399;53999
B516DA;2015/03/06 00:49:18;53999;84;33.5;19.8;2.838;1.703;1.048;3.041;0.180;1.409;54000
B516DA;2015/03/06 00:49:28;54000;88;33.2;19.4;2.764;1.706;1.048;3.041;0.109;1.383;54001
B516DA;2015/03/06 00:49:38;54001;87;27.7;19.2;2.641;1.706;1.051;3.041;0.109;1.390;54002
B516DA;2015/03/06 00:49:48;54002;86;32.9;19.2;2.738;1.729;1.051;2.990;0.109;1.380;54003
B516DA;2015/03/06 00:49:58;54003;85;33.8;19.6;2.832;1.729;1.074;2.990;0.109;1.361;54004
B516DA;2015/03/06 00:50:08;54004;92;31.9;18.9;2.706;1.699;1.074;2.990;0.119;1.383;54005
B516DA;2015/03/06 00:50:18;54005;83;32.9;19.8;2.851;1.699;1.099;2.990;0.119;1.367;54006
B516DA;2015/03/06 00:50:28;54006;78;29.6;19.4;2.654;1.722;1.099;3.006;0.119;1.396;54007
B516DA;2015/03/06 00:50:38;54007;83;34.8;19.4;2.661;1.722;1.054;3.006;0.119;1.370;54008
B516DA;2015/03/06 00:50:48;54008;88;28.0;19.1;2.629;1.719;1.054;3.006;0.225;1.370;54009
B516DA;2015/03/06 00:50:58;54009;88;31.9;19.8;2.806;1.719;1.048;3.006;0.225;1.354;54010
B516DA;2015/03/06 00:51:08;54010;82;29.0;20.1;2.638;1.729;1.048;3.029;0.225;1.396;54011
B516DA;2015/03/06 00:51:18;54011;83;30.0;19.6;2.806;1.729;1.048;3.029;0.225;1.358;54012
B516DA;2015/03/06 00:51:28;54012;83;32.5;18.9;2.819;1.696;1.048;3.029;0.103;1.374;54013
B516DA;2015/03/06 00:51:38;54013;83;30.6;19.8;2.845;1.696;1.070;3.029;0.103;1.358;54014
B516DA;2015/03/06 00:51:48;54014;86;28.3;20.1;2.635;1.706;1.070;3.000;0.103;1.380;54015
B516DA;2015/03/06 00:51:58;54015;83;34.1;19.8;2.754;1.706;1.067;3.000;0.103;1.374;54016
B516DA;2015/03/06 00:52:08;54016;84;30.0;19.4;2.751;1.687;1.067;3.000;0.183;1.351;54017
B516DA;2015/03/06 00:52:18;54017;86;30.6;19.6;2.738;1.687;1.051;3.000;0.183;1.409;54018
B516DA;2015/03/06 00:52:28;54018;88;32.9;19.4;2.658;1.687;1.051;2.983;0.183;1.390;54019
B516DA;2015/03/06 00:52:38;54019;87;28.7;19.8;2.816;1.687;1.099;2.983;0.183;1.387;54020
B516DA;2015/03/06 00:52:48;54020;93;28.3;19.4;2.635;1.690;1.099;2.983;0.116;1.374;54021
B516DA;2015/03/06 00:52:58;54021;85;28.3;19.2;2.696;1.690;1.087;2.983;0.116;1.374;54022
B516DA;2015/03/06 00:53:08;54022;91;31.9;19.2;2.829;1.696;1.087;3.038;0.116;1.374;54023
B516DA;2015/03/06 00:53:18;54023;83;27.7;19.6;2.735;1.696;1.067;3.038;0.116;1.393;54024
B516DA;2015/03/06 00:53:28;54024;93;28.7;20.1;2.645;1.722;1.067;3.038;0.109;1.406;54025
B516DA;2015/03/06 00:53:38;54025;84;30.6;19.4;2.658;1.722;1.099;3.038;0.109;1.367;54026
B516DA;2015/03/06 00:53:48;54026;77;30.0;19.4;2.645;1.722;1.099;2.983;0.109;1.354;54027
B516DA;2015/03/06 00:53:58;54027;81;28.7;19.2;2.719;1.722;1.106;2.983;0.109;1.380;54028
B516DA;2015/03/06 00:54:08;54028;83;28.3;19.6;2.635;1.725;1.106;2.983;0.180;1.354;54029
B516DA;2015/03/06 00:54:18;54029;88;32.2;19.6;2.835;1.725;1.054;2.983;0.180;1.348;54030
B516DA;2015/03/06 00:54:28;54030;82;29.3;19.6;2.729;1.709;1.054;2.980;0.180;1.393;54031
B516DA;2015/03/06 00:54:38;54031;78;28.7;19.6;2.674;1.709;1.109;2.980;0.180;1.361;54032
B516DA;2015/03/06 00:54:48;54032;85;32.9;19.2;2.687;1.703;1.109;2.980;0.138;1.403;54033
B516DA;2015/03/06 00:54:58;54033;82;29.3;19.9;2.812;1.703;1.067;2.980;0.138;1.361;54034
B516DA;2015/03/06 00:55:08;54034;91;30.9;19.9;2.825;1.725;1.067;3.003;0.138;1.380;54035
B516DA;2015/03/06 00:55:18;54035;84;29.3;19.8;2.799;1.725;1.054;3.003;0.138;1.374;54036
B516DA;2015/03/06 00:55:28;54036;92;30.3;19.8;2.832;1.693;1.054;3.003;0.119;1.367;54037
B516DA;2015/03/06 00:55:38;54037;73;33.5;19.6;2.709;1.693;1.051;3.003;0.119;1.383;54038
B516DA;2015/03/06 00:55:48;54038;90;29.3;20.1;2.651;1.687;1.051;2.990;0.119;1.380;54039
B516DA;2015/03/06 00:55:58;54039;87;34.5;20.1;2.767;1.687;1.051;2.990;0.119;1.396;54040
B516DA;2015/03/06 00:56:08;54040;85;33.5;19.8;2.770;1.690;1.051;2.990;0.109;1.393;54041
B516DA;2015/03/06 00:56:18;54041;84;30.9;20.1;2.825;1.690;1.106;2.990;0.109;1.419;54042
B516DA;2015/03/06 00:56:28;54042;77;29.6;19.4;2.816;1.722;1.106;3.054;0.109;1.406;54043
B516DA;2015/03/06 00:56:38;54043;89;27.4;19.6;2.641;1.722;1.077;3.054;0.109;1.367;54044
B516DA;2015/03/06 00:56:48;54044;85;30.6;19.6;2.696;1.709;1.077;3.054;0.116;1.403;54045
B516DA;2015/03/06 00:56:58;54045;78;27.7;19.6;2.654;1.709;1.109;3.054;0.116;1.370;54046
B516DA;2015/03/06 00:57:08;54046;93;32.2;19.6;2.796;1.690;1.109;3.035;0.116;1.390;54047
B516DA;2015/03/06 00:57:18;54047;88;34.8;19.8;2.745;1.690;1.112;3.035;0.116;1.358;54048
B516DA;2015/03/06 00:57:28;54048;85;32.2;19.4;2.641;1.690;1.112;3.035;0.145;1.393;54049
B516DA;2015/03/06 00:57:38;54049;86;29.0;20.3;2.793;1.690;1.054;3.035;0.145;1.383;54050
B516DA;2015/03/06 00:57:48;54050;88;30.3;19.2;2.680;1.719;1.054;3.016;0.145;1.367;54051
B516DA;2015/03/06 00:57:58;54051;84;30.9;19.2;2.638;1.719;1.054;3.016;0.145;1.370;54052
B516DA;2015/03/06 00:58:08;54052;89;32.5;19.2;2.783;1.725;1.054;3.016;0.116;1.380;54053
B516DA;2015/03/06 00:58:18;54053;85;29.0;20.3;2.787;1.725;1.054;3.016;0.116;1.370;54054
B516DA;2015/03/06 00:58:28;54054;87;31.9;19.9;2.825;1.719;1.054;2.987;0.116;1.383;54055
B516DA;2015/03/06 00:58:38;54055;88;29.0;19.8;2.812;1.719;1.064;2.987;0.116;1.361;54056
B516DA;2015/03/06 00:58:48;54056;83;28.0;19.6;2.809;1.712;1.064;2.987;0.222;1.374;54057
B516DA;2015/03/06 00:58:58;54057;84;32.5;19.8;2.832;1.712;1.103;2.987;0.222;1.393;54058
B516DA;2015/03/06 00:59:08;54058;78;27.7;19.9;2.632;1.732;1.103;3.054;0.222;1.370;54059
B516DA;2015/03/06 00:59:18;54059;88;29.0;19.8;2.806;1.732;1.093;3.054;0.222;1.412;54060
B516DA;2015/03/06 00:59:28;54060;86;28.3;19.9;2.638;1.735;1.093;3.054;0.145;1.364;54061
B516DA;2015/03/06 00:59:38;54061;86;28.7;19.2;2.641;1.735;1.054;3.054;0.145;1.367;54062
B516DA;2015/03/06 00:59:48;54062;90;34.5;18.9;2.825;1.709;1.054;2.980;0.145;1.380;54063
B516DA;2015/03/06 00:59:58;54063;82;27.7;19.6;2.648;1.709;1.054;2.980;0.145;1.399;54064
B516DA;2015/03/06 01:00:08;54064;84;28.3;19.8;2.667;1.712;1.054;2.980;0.112;1.383;54065
B516DA;2015/03/06 01:00:18;54065;91;31.9;19.2;2.658;1.712;1.109;2.980;0.112;1.374;54066
B516DA;2015/03/06 01:00:28;54066;92;32.5;19.9;2.832;1.693;1.109;3.035;0.112;1.399;54067
B516DA;2015/03/06 01:00:38;54067;84;28.7;19.6;2.667;1.693;1.087;3.035;0.112;1.361;54068
B516DA;2015/03/06 01:00:48;54068;83;34.1;18.9;2.709;1.706;1.087;3.035;0.119;1.390;54069
B516DA;2015/03/06 01:00:58;54069;83;32.9;19.8;2.838;1.706;1.070;3.035;0.119;1.403;54070
B516DA;2015/03/06 01:01:08;54070;91;28.0;19.1;2.629;1.693;1.070;3.016;0.119;1.367;54071
B516DA;2015/03/06 01:01:18;54071;75;34.1;19.8;2.635;1.693;1.099;3.016;0.119;1.354;54072
B516DA;2015/03/06 01:01:28;54072;86;32.2;19.9;2.838;1.699;1.099;3.016;0.209;1.383;54073
B516DA;2015/03/06 01:01:38;54073;83;33.5;19.8;2.806;1.699;1.048;3.016;0.209;1.361;54074
B516DA;2015/03/06 01:01:48;54074;90;33.5;19.1;2.687;1.693;1.048;2.983;0.209;1.380;54075
B516DA;2015/03/06 01:01:58;54075;83;35.4;20.1;2.787;1.693;1.054;2.983;0.209;1.393;54076
B516DA;2015/03/06 01:02:08;54076;83;28.3;20.1;2.641;1.725;1.054;2.983;0.112;1.390;54077
B516DA;2015/03/06 01:02:18;54077;80;29.3;19.8;2.806;1.725;1.051;2.983;0.112;1.377;54078
B516DA;2015/03/06 01:02:28;54078;83;29.6;19.2;2.667;1.732;1.051;2.983;0.112;1.370;54079
B516DA;2015/03/06 01:02:38;54079;81;28.0;20.1;2.845;1.732;1.106;2.983;0.112;1.367;54080
B516DA;2015/03/06 01:02:48;54080;80;32.2;19.4;2.654;1.699;1.106;2.983;0.135;1.393;54081
B516DA;2015/03/06 01:02:58;54081;77;29.0;19.4;2.674;1.699;1.054;2.983;0.135;1.396;54082
B516DA;2015/03/06 01:03:08;54082;83;33.5;19.9;2.738;1.706;1.054;3.009;0.135;1.412;54083
B516DA;2015/03/06 01:03:18;54083;83;27.7;19.9;2.832;1.706;1.054;3.009;0.135;1.361;54084
B516DA;2015/03/06 01:03:28;54084;83;28.7;19.4;2.651;1.693;1.054;3.009;0.109;1.370;54085
B516DA;2015/03/06 01:03:38;54085;78;28.0;19.6;2.819;1.693;1.109;3.009;0.109;1.380;54086
B516DA;2015/03/06 01:03:48;54086;87;30.3;19.8;2.832;1.699;1.109;3.035;0.109;1.380;54087
B516DA;2015/03/06 01:03:58;54087;77;30.3;19.4;2.658;1.699;1.070;3.035;0.109;1.409;54088
B516DA;2015/03/06 01:04:08;54088;88;33.8;19.2;2.725;1.729;1.070;3.035;0.116;1.374;54089
B516DA;2015/03/06 01:04:18;54089;80;27.7;19.6;2.658;1.729;1.112;3.035;0.116;1.416;54090
B516DA;2015/03/06 01:04:28;54090;87;32.5;20.1;2.709;1.699;1.112;3.035;0.116;1.403;54091
B516DA;2015/03/06 01:04:38;54091;82;34.1;19.9;2.841;1.699;1.112;3.035;0.116;1.374;54092
B516DA;2015/03/06 01:04:48;54092;90;27.7;20.1;2.632;1.693;1.112;3.035;0.112;1.358;54093
B516DA;2015/03/06 01:04:58;54093;81;27.7;19.2;2.641;1.693;1.106;3.035;0.112;1.354;54094
B516DA;2015/03/06 01:05:08;54094;83;29.3;19.6;2.745;1.735;1.106;3.000;0.112;1.338;54095
B516DA;2015/03/06 01:05:18;54095;85;31.2;19.4;2.674;1.735;1.054;3.000;0.112;1.341;54096
B516DA;2015/03/06 01:05:28;54096;81;31.6;19.8;2.832;1.712;1.054;3.000;0.180;1.387;54097
B516DA;2015/03/06 01:05:38;54097;88;35.4;19.8;2.845;1.712;1.112;3.000;0.180;1.396;54098
B516DA;2015/03/06 01:05:48;54098;81;34.8;18.7;2.719;1.738;1.112;3.029;0.180;1.399;54099
B516DA;2015/03/06 01:05:58;54099;87;30.3;19.2;2.641;1.738;1.093;3.029;0.180;1.396;54100
B516DA;2015/03/06 01:06:08;54100;92;34.1;19.2;2.732;1.693;1.093;3.029;0.116;1.364;54101
B516DA;2015/03/06 01:06:18;54101;83;32.5;19.6;2.799;1.693;1.112;3.029;0.116;1.393;54102
B516DA;2015/03/06 01:06:28;54102;84;28.7;20.1;2.641;1.719;1.112;3.067;0.116;1.383;54103
B516DA;2015/03/06 01:06:38;54103;90;32.5;19.9;2.651;1.719;1.083;3.067;0.116;1.364;54104
B516DA;2015/03/06 01:06:48;54104;93;33.2;19.9;2.799;1.706;1.083;3.067;0.119;1.406;54105
B516DA;2015/03/06 01:06:58;54105;82;29.6;19.4;2.851;1.706;1.099;3.067;0.119;1.367;54106
B516DA;2015/03/06 01:07:08;54106;80;28.7;20.1;2.641;1.699;1.099;3.022;0.119;1.364;54107
B516DA;2015/03/06 01:07:18;54107;77;31.9;19.8;2.822;1.699;1.064;3.022;0.119;1.380;54108
B516DA;2015/03/06 01:07:28;54108;88;31.9;19.2;2.838;1.722;1.064;3.022;0.103;1.409;54109
B516DA;2015/03/06 01:07:38;54109;80;31.9;19.2;2.641;1.722;1.054;3.022;0.103;1.370;54110
B516DA;2015/03/06 01:07:48;54110;86;27.7;19.8;2.645;1.722;1.054;3.019;0.103;1.367;54111
B516DA;2015/03/06 01:07:58;54111;84;33.5;19.8;2.748;1.722;1.109;3.019;0.103;1.396;54112
B516DA;2015/03/06 01:08:08;54112;86;31.6;19.6;2.706;1.738;1.109;3.019;0.103;1.399;54113
B516DA;2015/03/06 01:08:18;54113;89;33.5;19.8;2.845;1.738;1.074;3.019;0.103;1.387;54114
B516DA;2015/03/06 01:08:28;54114;88;29.0;19.8;2.638;1.735;1.074;2.993;0.103;1.383;54115
B516DA;2015/03/06 01:08:38;54115;86;30.9;19.9;2.851;1.735;1.064;2.993;0.103;1.377;54116
B516DA;2015/03/06 01:08:48;54116;77;33.5;19.6;2.761;1.735;1.064;2.993;0.138;1.383;54117
B516DA;2015/03/06 01:08:58;54117;85;31.9;20.1;2.651;1.735;1.109;2.993;0.138;1.387;54118
B516DA;2015/03/06 01:09:08;54118;80;33.5;19.9;2.654;1.712;1.109;3.019;0.138;1.380;54119
B516DA;2015/03/06 01:09:18;54119;84;28.0;19.6;2.767;1.712;1.099;3.019;0.138;1.409;54120
B516DA;2015/03/06 01:09:28;54120;82;31.9;19.2;2.725;1.716;1.099;3.019;0.119;1.403;54121
B516DA;2015/03/06 01:09:38;54121;88;33.8;19.8;2.732;1.716;1.093;3.019;0.119;1.399;54122
B516DA;2015/03/06 01:09:48;54122;90;30.3;19.2;2.658;1.735;1.093;2.990;0.119;1.367;54123
B516DA;2015/03/06 01:09:58;54123;81;32.5;19.8;2.825;1.735;1.077;2.990;0.119;1.364;54124
B516DA;2015/03/06 01:10:08;54124;89;30.6;18.9;2.693;1.696;1.077;2.990;0.109;1.406;54125
B516DA;2015/03/06 01:10:18;54125;85;30.9;19.4;2.851;1.696;1.058;2.990;0.109;1.390;54126
B516DA;2015/03/06 01:10:28;54126;79;33.5;19.4;2.641;1.696;1.058;3.016;0.109;1.374;54127
B516DA;2015/03/06 01:10:38;54127;84;33.5;20.1;2.812;1.696;1.070;3.016;0.109;1.383;54128
B516DA;2015/03/06 01:10:48;54128;83;30.6;19.8;2.838;1.735;1.070;3.016;0.164;1.348;54129
B516DA;2015/03/06 01:10:58;54129;89;32.5;20.1;2.635;1.735;1.112;3.016;0.164;1.377;54130
B516DA;2015/03/06 01:11:08;54130;84;32.5;19.2;2.706;1.706;1.112;2.970;0.164;1.358;54131
B516DA;2015/03/06 01:11:18;54131;87;28.7;20.3;2.793;1.706;1.083;2.970;0.164;1.358;54132
B516DA;2015/03/06 01:11:28;54132;83;32.2;20.3;2.806;1.722;1.083;2.970;0.106;1.348;54133
B516DA;2015/03/06 01:11:38;54133;74;33.8;19.8;2.825;1.722;1.058;2.970;0.106;1.345;54134
B516DA;2015/03/06 01:11:48;54134;91;28.3;20.1;2.635;1.738;1.058;2.974;0.106;1.364;54135
B516DA;2015/03/06 01:11:58;54135;82;28.3;19.6;2.641;1.738;1.093;2.974;0.106;1.377;54136
B516DA;2015/03/06 01:12:08;54136;85;30.9;19.6;2.832;1.725;1.093;2.974;0.116;1.335;54137
B516DA;2015/03/06 01:12:18;54137;81;28.7;19.6;2.641;1.725;1.058;2.974;0.116;1.345;54138
B516DA;2015/03/06 01:12:28;54138;88;29.0;19.9;2.729;1.735;1.058;2.993;0.116;1.325;54139
B516DA;2015/03/06 01:12:38;54139;77;32.9;19.8;2.806;1.735;1.058;2.993;0.116;1.338;54140
B516DA;2015/03/06 01:12:48;54140;92;34.1;19.1;2.635;1.709;1.058;2.993;0.112;1.341;54141
B516DA;2015/03/06 01:12:58;54141;87;27.7;19.8;2.641;1.709;1.061;2.993;0.112;1.361;54142
B516DA;2015/03/06 01:13:08;54142;85;28.3;20.3;2.632;1.699;1.061;2.980;0.112;1.377;54143
B516DA;2015/03/06 01:13:18;54143;87;28.0;20.1;2.748;1.699;1.070;2.980;0.112;1.354;54144
B516DA;2015/03/06 01:13:28;54144;84;31.6;19.8;2.838;1.712;1.070;2.980;0.116;1.380;54145
B516DA;2015/03/06 01:13:38;54145;85;28.0;20.3;2.832;1.712;1.074;2.980;0.116;1.325;54146
B516DA;2015/03/06 01:13:48;54146;86;32.5;19.6;2.790;1.696;1.074;3.016;0.116;1.338;54147
B516DA;2015/03/06 01:13:58;54147;88;35.4;20.1;2.812;1.696;1.058;3.016;0.116;1.329;54148
B516DA;2015/03/06 01:14:08;54148;77;29.6;19.8;2.638;1.732;1.058;3.016;0.145;1.383;54149
B516DA;2015/03/06 01:14:18;54149;83;32.5;19.8;2.754;1.732;1.116;3.016;0.145;1.348;54150
B516DA;2015/03/06 01:14:28;54150;84;32.9;19.4;2.641;1.696;1.116;2.987;0.145;1.325;54151
B516DA;2015/03/06 01:14:38;54151;83;27.7;19.6;2.641;1.696;1.054;2.987;0.145;1.341;54152
B516DA;2015/03/06 01:14:48;54152;80;31.9;19.9;2.832;1.719;1.054;2.987;0.122;1.351;54153
B516DA;2015/03/06 01:14:58;54153;83;34.5;20.3;2.845;1.719;1.058;2.987;0.122;1.345;54154
B516DA;2015/03/06 01:15:08;54154;86;28.3;20.1;2.667;1.696;1.058;3.045;0.122;1.383;54155
B516DA;2015/03/06 01:15:18;54155;78;28.0;19.8;2.754;1.696;1.064;3.045;0.122;1.351;54156
B516DA;2015/03/06 01:15:28;54156;90;28.0;19.1;2.661;1.741;1.064;3.045;0.119;1.380;54157
B516DA;2015/03/06 01:15:38;54157;85;30.6;19.8;2.748;1.741;1.058;3.045;0.119;1.354;54158
B516DA;2015/03/06 01:15:48;54158;83;29.0;19.8;2.832;1.729;1.058;3.048;0.119;1.374;54159
B516DA;2015/03/06 01:15:58;54159;83;31.9;19.8;2.645;1.729;1.119;3.048;0.119;1.335;54160
B516DA;2015/03/06 01:16:08;54160;84;30.6;19.6;2.667;1.709;1.119;3.048;0.164;1.374;54161
B516DA;2015/03/06 01:16:18;54161;86;34.1;20.3;2.793;1.709;1.058;3.048;0.164;1.338;54162
B516DA;2015/03/06 01:16:28;54162;88;33.8;20.1;2.751;1.735;1.058;2.987;0.164;1.361;54163
B516DA;2015/03/06 01:16:38;54163;80;28.7;19.8;2.670;1.735;1.058;2.987;0.164;1.367;54164
B516DA;2015/03/06 01:16:48;54164;82;31.6;19.8;2.832;1.696;1.058;2.987;0.170;1.335;54165
B516DA;2015/03/06 01:16:58;54165;83;30.6;19.8;2.738;1.696;1.116;2.987;0.170;1.361;54166
B516DA;2015/03/06 01:17:08;54166;81;27.7;20.1;2.625;1.738;1.116;3.012;0.170;1.361;54167
B516DA;2015/03/06 01:17:18;54167;87;27.7;19.6;2.687;1.738;1.061;3.012;0.170;1.329;54168
B516DA;2015/03/06 01:17:28;54168;84;28.3;20.1;2.641;1.706;1.061;3.012;0.112;1.345;54169
B516DA;2015/03/06 01:17:38;54169;82;29.3;19.8;2.641;1.706;1.074;3.012;0.112;1.341;54170
B516DA;2015/03/06 01:17:48;54170;92;30.6;19.4;2.667;1.699;1.074;3.041;0.112;1.361;54171
B516DA;2015/03/06 01:17:58;54171;86;32.5;19.9;2.838;1.699;1.112;3.041;0.112;1.354;54172
B516DA;2015/03/06 01:18:08;54172;79;30.6;19.2;2.783;1.738;1.112;3.041;0.158;1.377;54173
B516DA;2015/03/06 01:18:18;54173;82;33.2;20.1;2.651;1.738;1.112;3.041;0.158;1.345;54174
B516DA;2015/03/06 01:18:28;54174;87;28.0;19.2;2.783;1.722;1.112;3.038;0.158;1.390;54175
B516DA;2015/03/06 01:18:38;54175;83;32.9;19.8;2.841;1.722;1.077;3.038;0.158;1.361;54176
B516DA;2015/03/06 01:18:48;54176;79;29.0;20.4;2.683;1.706;1.077;3.038;0.183;1.390;54177
B516DA;2015/03/06 01:18:58;54177;83;28.3;19.8;2.641;1.706;1.116;3.038;0.183;1.354;54178
B516DA;2015/03/06 01:19:08;54178;86;27.7;19.8;2.629;1.719;1.116;2.980;0.183;1.380;54179
B516DA;2015/03/06 01:19:18;54179;84;30.0;19.9;2.832;1.719;1.109;2.980;0.183;1.332;54180
B516DA;2015/03/06 01:19:28;54180;79;28.0;20.3;2.764;1.696;1.109;2.980;0.145;1.354;54181
B516DA;2015/03/06 01:19:38;54181;82;29.3;20.3;2.806;1.696;1.067;2.980;0.145;1.396;54182
B516DA;2015/03/06 01:19:48;54182;78;30.9;19.9;2.825;1.712;1.067;3.022;0.145;1.370;54183
B516DA;2015/03/06 01:19:58;54183;80;34.8;20.1;2.748;1.712;1.093;3.022;0.145;1.393;54184
B516DA;2015/03/06 01:20:08;54184;84;30.9;19.8;2.641;1.712;1.093;3.022;0.116;1.419;54185
B516DA;2015/03/06 01:20:18;54185;87;30.0;19.8;2.670;1.712;1.119;3.022;0.116;1.361;54186
B516DA;2015/03/06 01:20:28;54186;86;31.6;20.3;2.851;1.732;1.119;3.022;0.116;1.406;54187
B516DA;2015/03/06 01:20:38;54187;79;32.5;19.9;2.725;1.732;1.090;3.022;0.116;1.361;54188
B516DA;2015/03/06 01:20:48;54188;87;34.8;19.2;2.790;1.729;1.090;3.022;0.125;1.377;54189
B516DA;2015/03/06 01:20:58;54189;83;31.2;19.8;2.777;1.729;1.077;3.022;0.125;1.354;54190
B516DA;2015/03/06 01:21:08;54190;73;30.6;19.4;2.632;1.735;1.077;3.038;0.125;1.387;54191
B516DA;2015/03/06 01:21:18;54191;84;31.2;19.8;2.787;1.735;1.061;3.038;0.125;1.364;54192
B516DA;2015/03/06 01:21:28;54192;83;28.0;19.1;2.632;1.699;1.061;3.038;0.119;1.374;54193
B516DA;2015/03/06 01:21:38;54193;84;28.3;19.4;2.641;1.699;1.058;3.038;0.119;1.390;54194
B516DA;2015/03/06 01:21:48;54194;81;28.0;19.2;2.699;1.729;1.058;3.000;0.119;1.367;54195
B516DA;2015/03/06 01:21:58;54195;87;33.5;19.8;2.806;1.729;1.061;3.000;0.119;1.351;54196
B516DA;2015/03/06 01:22:08;54196;90;30.6;19.2;2.667;1.719;1.061;3.000;0.109;1.348;54197
B516DA;2015/03/06 01:22:18;54197;83;31.9;19.8;2.774;1.719;1.058;3.000;0.109;1.354;54198
B516DA;2015/03/06 01:22:28;54198;93;28.0;19.1;2.693;1.738;1.058;2.980;0.109;1.374;54199
B516DA;2015/03/06 01:22:38;54199;84;30.3;19.4;2.658;1.738;1.058;2.980;0.109;1.374;54200
B516DA;2015/03/06 01:22:48;54200;85;33.2;19.4;2.658;1.722;1.058;2.980;0.145;1.351;54201
B516DA;2015/03/06 01:22:58;54201;85;30.0;19.8;2.799;1.722;1.080;2.980;0.145;1.361;54202
B516DA;2015/03/06 01:23:08;54202;78;30.3;19.8;2.832;1.725;1.080;3.025;0.145;1.396;54203
B516DA;2015/03/06 01:23:18;54203;89;34.8;20.1;2.793;1.725;1.058;3.025;0.145;1.367;54204
B516DA;2015/03/06 01:23:28;54204;92;29.3;20.4;2.625;1.712;1.058;3.025;0.103;1.367;54205
B516DA;2015/03/06 01:23:38;54205;85;32.9;19.9;2.819;1.712;1.061;3.025;0.103;1.387;54206
B516DA;2015/03/06 01:23:48;54206;77;31.6;19.6;2.625;1.709;1.061;3.054;0.103;1.393;54207
B516DA;2015/03/06 01:23:58;54207;78;31.9;19.6;2.787;1.709;1.064;3.054;0.103;1.380;54208
B516DA;2015/03/06 01:24:08;54208;90;32.5;19.4;2.658;1.712;1.064;3.054;0.116;1.364;54209
B516DA;2015/03/06 01:24:18;54209;85;30.6;19.4;2.851;1.712;1.064;3.054;0.116;1.370;54210
B516DA;2015/03/06 01:24:28;54210;84;33.2;19.1;2.703;1.732;1.064;3.061;0.116;1.390;54211
B516DA;2015/03/06 01:24:38;54211;78;32.2;20.1;2.832;1.732;1.064;3.061;0.116;1.370;54212
B516DA;2015/03/06 01:24:48;54212;84;31.2;19.4;2.693;1.732;1.064;3.061;0.183;1.390;54213
B516DA;2015/03/06 01:24:58;54213;82;33.5;20.1;2.838;1.732;1.054;3.061;0.183;1.406;54214
B516DA;2015/03/06 01:25:08;54214;75;30.9;19.8;2.641;1.722;1.054;3.022;0.183;1.374;54215
B516DA;2015/03/06 01:25:18;54215;74;32.2;19.6;2.632;1.722;1.119;3.022;0.183;1.364;54216
B516DA;2015/03/06 01:25:28;54216;87;33.5;19.2;2.667;1.716;1.119;3.022;0.119;1.367;54217
B516DA;2015/03/06 01:25:38;54217;84;29.3;19.8;2.738;1.716;1.116;3.022;0.119;1.377;54218
B516DA;2015/03/06 01:25:48;54218;81;33.5;19.4;2.625;1.699;1.116;3.035;0.119;1.364;54219
B516DA;2015/03/06 01:25:58;54219;76;28.7;19.6;2.674;1.699;1.058;3.035;0.119;1.370;54220
B516DA;2015/03/06 01:26:08;54220;87;31.6;18.7;2.822;1.722;1.058;3.035;0.151;1.383;54221
B516DA;2015/03/06 01:26:18;54221;84;33.5;19.9;2.819;1.722;1.061;3.035;0.151;1.403;54222
B516DA;2015/03/06 01:26:28;54222;78;31.6;20.1;2.641;1.732;1.061;3.064;0.151;1.380;54223
B516DA;2015/03/06 01:26:38;54223;74;29.0;19.4;2.648;1.732;1.067;3.064;0.151;1.406;54224
B516DA;2015/03/06 01:26:48;54224;78;31.2;19.2;2.716;1.725;1.067;3.064;0.112;1.367;54225
B516DA;2015/03/06 01:26:58;54225;81;29.3;19.6;2.838;1.725;1.061;3.064;0.112;1.403;54226
B516DA;2015/03/06 01:27:08;54226;85;30.6;19.6;2.796;1.738;1.061;3.019;0.112;1.358;54227
B516DA;2015/03/06 01:27:18;54227;78;30.6;19.8;2.774;1.738;1.119;3.019;0.112;1.390;54228
B516DA;2015/03/06 01:27:28;54228;86;34.8;19.4;2.738;1.699;1.119;3.019;0.109;1.416;54229
B516DA;2015/03/06 01:27:38;54229;76;32.5;19.8;2.735;1.699;1.070;3.019;0.109;1.406;54230
B516DA;2015/03/06 01:27:48;54230;92;28.7;19.9;2.699;1.716;1.070;3.054;0.109;1.396;54231
B516DA;2015/03/06 01:27:58;54231;87;34.1;19.8;2.832;1.716;1.058;3.054;0.109;1.370;54232
B516DA;2015/03/06 01:28:08;54232;86;31.6;19.2;2.816;1.703;1.058;3.054;0.109;1.383;54233
B516DA;2015/03/06 01:28:18;54233;83;32.5;19.6;2.683;1.703;1.099;3.054;0.109;1.403;54234
B516DA;2015/03/06 01:28:28;54234;75;31.6;19.6;2.641;1.729;1.099;3.032;0.109;1.399;54235
B516DA;2015/03/06 01:28:38;54235;85;30.9;19.8;2.851;1.729;1.116;3.032;0.109;1.358;54236
B516DA;2015/03/06 01:28:48;54236;83;29.0;19.2;2.758;1.712;1.116;3.032;0.112;1.374;54237
B516DA;2015/03/06 01:28:58;54237;84;31.9;19.9;2.680;1.712;1.090;3.032;0.112;1.393;54238
B516DA;2015/03/06 01:29:08;54238;83;29.6;20.8;2.751;1.732;1.090;3.054;0.112;1.354;54239
B516DA;2015/03/06 01:29:18;54239;85;27.7;19.9;2.638;1.732;1.061;3.054;0.112;1.387;54240
B516DA;2015/03/06 01:29:28;54240;78;31.9;19.6;2.712;1.699;1.061;3.054;0.190;1.354;54241
B516DA;2015/03/06 01:29:38;54241;89;33.2;19.2;2.632;1.699;1.067;3.054;0.190;1.361;54242
B516DA;2015/03/06 01:29:48;54242;76;30.3;19.6;2.641;1.725;1.067;3.051;0.190;1.409;54243
B516DA;2015/03/06 01:29:58;54243;71;29.0;20.1;2.819;1.725;1.109;3.051;0.190;1.393;54244
B516DA;2015/03/06 01:30:08;54244;90;32.5;19.9;2.667;1.719;1.109;3.051;0.125;1.358;54245
B516DA;2015/03/06 01:30:18;54245;88;31.2;20.1;2.845;1.719;1.119;3.051;0.125;1.364;54246
B516DA;2015/03/06 01:30:28;54246;87;34.1;19.4;2.638;1.709;1.119;3.058;0.125;1.377;54247
B516DA;2015/03/06 01:30:38;54247;84;33.5;19.8;2.635;1.709;1.099;3.058;0.125;1.399;54248
B516DA;2015/03/06 01:30:48;54248;88;28.3;20.1;2.641;1.719;1.099;3.058;0.170;1.380;54249
B516DA;2015/03/06 01:30:58;54249;82;34.5;19.6;2.758;1.719;1.061;3.058;0.170;1.380;54250
B516DA;2015/03/06 01:31:08;54250;76;35.4;19.4;2.638;1.745;1.061;3.061;0.170;1.396;54251
B516DA;2015/03/06 01:31:18;54251;88;33.2;19.6;2.654;1.745;1.061;3.061;0.170;1.361;54252
B516DA;2015/03/06 01:31:28;54252;82;33.2;20.4;2.625;1.703;1.061;3.061;0.116;1.361;54253
B516DA;2015/03/06 01:31:38;54253;82;32.2;19.1;2.819;1.703;1.109;3.061;0.116;1.364;54254
B516DA;2015/03/06 01:31:48;54254;81;27.7;19.8;2.658;1.722;1.109;3.061;0.116;1.358;54255
B516DA;2015/03/06 01:31:58;54255;90;30.6;19.4;2.641;1.722;1.087;3.061;0.116;1.390;54256
B516DA;2015/03/06 01:32:08;54256;74;27.7;19.8;2.625;1.722;1.087;3.061;0.119;1.383;54257
B516DA;2015/03/06 01:32:18;54257;85;30.0;19.9;2.674;1.722;1.064;3.061;0.119;1.354;54258
B516DA;2015/03/06 01:32:28;54258;83;31.6;19.8;2.838;1.738;1.064;2.993;0.119;1.341;54259
B516DA;2015/03/06 01:32:38;54259;89;30.6;19.4;2.793;1.738;1.119;2.993;0.119;1.358;54260
B516DA;2015/03/06 01:32:48;54260;92;29.6;20.1;2.645;1.706;1.119;2.993;0.180;1.354;54261
B516DA;2015/03/06 01:32:58;54261;87;30.0;19.9;2.629;1.706;1.109;2.993;0.180;1.364;54262
B516DA;2015/03/06 01:33:08;54262;86;32.2;20.3;2.829;1.703;1.109;3.009;0.180;1.354;54263
B516DA;2015/03/06 01:33:18;54263;82;32.5;19.6;2.712;1.703;1.119;3.009;0.180;1.380;54264
B516DA;2015/03/06 01:33:28;54264;85;32.5;20.1;2.751;1.725;1.119;3.009;0.164;1.403;54265
B516DA;2015/03/06 01:33:38;54265;83;31.9;19.8;2.787;1.725;1.070;3.009;0.164;1.393;54266
B516DA;2015/03/06 01:33:48;54266;91;32.2;19.8;2.751;1.741;1.070;3.051;0.164;1.396;54267
B516DA;2015/03/06 01:33:58;54267;88;32.2;19.4;2.680;1.741;1.067;3.051;0.164;1.351;54268
B516DA;2015/03/06 01:34:08;54268;83;34.1;19.1;2.641;1.703;1.067;3.051;0.145;1.358;54269
B516DA;2015/03/06 01:34:18;54269;89;31.9;20.1;2.812;1.703;1.064;3.051;0.145;1.399;54270
B516DA;2015/03/06 01:34:28;54270;87;31.6;19.1;2.641;1.722;1.064;3.054;0.145;1.370;54271
B516DA;2015/03/06 01:34:38;54271;79;31.2;19.4;2.667;1.722;1.109;3.054;0.145;1.354;54272
B516DA;2015/03/06 01:34:48;54272;80;33.2;19.4;2.651;1.699;1.109;3.054;0.119;1.403;54273
B516DA;2015/03/06 01:34:58;54273;83;30.6;19.8;2.780;1.699;1.070;3.054;0.119;1.370;54274
B516DA;2015/03/06 01:35:08;54274;84;34.8;19.6;2.838;1.729;1.070;3.061;0.119;1.406;54275
B516DA;2015/03/06 01:35:18;54275;89;28.0;19.8;2.764;1.729;1.106;3.061;0.119;1.348;54276
B516DA;2015/03/06 01:35:28;54276;89;34.1;19.1;2.722;1.703;1.106;3.061;0.116;1.383;54277
B516DA;2015/03/06 01:35:38;54277;79;28.7;19.9;2.693;1.703;1.080;3.061;0.116;1.348;54278
B516DA;2015/03/06 01:35:48;54278;90;34.5;19.4;2.629;1.745;1.080;2.987;0.116;1.345;54279
B516DA;2015/03/06 01:35:58;54279;83;32.2;19.9;2.832;1.745;1.093;2.987;0.116;1.374;54280
B516DA;2015/03/06 01:36:08;54280;83;32.9;19.6;2.745;1.712;1.093;2.987;0.125;1.351;54281
B516DA;2015/03/06 01:36:18;54281;88;34.1;20.1;2.812;1.712;1.074;2.987;0.125;1.354;54282
B516DA;2015/03/06 01:36:28;54282;78;28.0;19.9;2.661;1.706;1.074;3.038;0.125;1.345;54283
B516DA;2015/03/06 01:36:38;54283;80;31.2;20.3;2.767;1.706;1.080;3.038;0.125;1.338;54284
B516DA;2015/03/06 01:36:48;54284;88;33.5;19.8;2.838;1.729;1.080;3.038;0.119;1.380;54285
B516DA;2015/03/06 01:36:58;54285;82;32.2;19.8;2.641;1.729;1.119;3.038;0.119;1.361;54286
B516DA;2015/03/06 01:37:08;54286;90;32.2;19.6;2.625;1.729;1.119;3.054;0.119;1.364;54287
B516DA;2015/03/06 01:37:18;54287;74;29.3;19.8;2.845;1.729;1.064;3.054;0.119;1.341;54288
B516DA;2015/03/06 01:37:28;54288;83;30.6;19.9;2.748;1.738;1.064;3.054;0.103;1.367;54289
B516DA;2015/03/06 01:37:38;54289;83;29.6;19.9;2.732;1.738;1.122;3.054;0.103;1.348;54290
B516DA;2015/03/06 01:37:48;54290;85;28.3;19.8;2.632;1.719;1.122;2.993;0.103;1.338;54291
B516DA;2015/03/06 01:37:58;54291;83;31.6;19.2;2.638;1.719;1.061;2.993;0.103;1.377;54292
B516DA;2015/03/06 01:38:08;54292;87;28.7;19.6;2.645;1.703;1.061;2.993;0.109;1.370;54293
B516DA;2015/03/06 01:38:18;54293;73;28.7;19.8;2.774;1.703;1.058;2.993;0.109;1.341;54294
B516DA;2015/03/06 01:38:28;54294;92;31.2;19.2;2.803;1.709;1.058;3.006;0.109;1.335;54295
B516DA;2015/03/06 01:38:38;54295;77;31.2;20.3;2.761;1.709;1.112;3.006;0.109;1.338;54296
B516DA;2015/03/06 01:38:48;54296;82;32.2;19.8;2.832;1.706;1.112;3.006;0.116;1.383;54297
B516DA;2015/03/06 01:38:58;54297;83;28.7;20.3;2.680;1.706;1.112;3.006;0.116;1.358;54298
B516DA;2015/03/06 01:39:08;54298;90;28.0;19.6;2.677;1.732;1.112;3.025;0.116;1.380;54299
B516DA;2015/03/06 01:39:18;54299;79;34.8;19.9;2.809;1.732;1.064;3.025;0.116;1.354;54300
B516DA;2015/03/06 01:39:28;54300;80;35.8;19.2;2.687;1.719;1.064;3.025;0.116;1.367;54301
B516DA;2015/03/06 01:39:38;54301;88;34.8;19.9;2.658;1.719;1.061;3.025;0.116;1.374;54302
B516DA;2015/03/06 01:39:48;54302;80;28.7;20.3;2.641;1.703;1.061;3.032;0.116;1.364;54303
B516DA;2015/03/06 01:39:58;54303;88;31.2;19.8;2.774;1.703;1.119;3.032;0.116;1.393;54304
B516DA;2015/03/06 01:40:08;54304;89;30.9;19.8;2.832;1.703;1.119;3.032;0.109;1.396;54305
B516DA;2015/03/06 01:40:18;54305;90;30.6;20.3;2.845;1.703;1.116;3.032;0.109;1.364;54306
B516DA;2015/03/06 01:40:28;54306;79;30.3;19.8;2.654;1.745;1.116;3.029;0.109;1.345;54307
B516DA;2015/03/06 01:40:38;54307;78;29.3;19.8;2.738;1.745;1.106;3.029;0.109;1.364;54308
B516DA;2015/03/06 01:40:48;54308;86;32.2;19.6;2.712;1.703;1.106;3.029;0.116;1.393;54309
B516DA;2015/03/06 01:40:58;54309;76;28.3;19.6;2.661;1.703;1.122;3.029;0.116;1.367;54310
B516DA;2015/03/06 01:41:08;54310;87;30.9;19.9;2.751;1.738;1.122;3.051;0.116;1.367;54311
B516DA;2015/03/06 01:41:18;54311;89;28.0;19.8;2.819;1.738;1.109;3.051;0.116;1.370;54312
B516DA;2015/03/06 01:41:28;54312;92;27.7;20.4;2.819;1.748;1.109;3.051;0.116;1.341;54313
B516DA;2015/03/06 01:41:38;54313;89;30.9;19.2;2.641;1.748;1.064;3.051;0.116;1.351;54314
B516DA;2015/03/06 01:41:48;54314;91;28.3;19.9;2.641;1.706;1.064;3.038;0.116;1.409;54315
B516DA;2015/03/06 01:41:58;54315;86;28.0;20.1;2.738;1.706;1.064;3.038;0.116;1.383;54316
B516DA;2015/03/06 01:42:08;54316;88;31.9;19.2;2.712;1.732;1.064;3.038;0.109;1.358;54317
B516DA;2015/03/06 01:42:18;54317;78;32.5;19.9;2.748;1.732;1.064;3.038;0.109;1.351;54318
B516DA;2015/03/06 01:42:28;54318;92;31.2;19.2;2.790;1.719;1.064;3.012;0.109;1.364;54319
B516DA;2015/03/06 01:42:38;54319;84;33.8;19.8;2.841;1.719;1.064;3.012;0.109;1.338;54320
B516DA;2015/03/06 01:42:48;54320;78;34.1;19.2;2.725;1.706;1.064;3.012;0.116;1.374;54321
B516DA;2015/03/06 01:42:58;54321;87;27.7;19.4;2.641;1.706;1.064;3.012;0.116;1.361;54322
B516DA;2015/03/06 01:43:08;54322;88;31.6;19.4;2.638;1.706;1.064;3.041;0.116;1.370;54323
B516DA;2015/03/06 01:43:18;54323;84;30.6;19.4;2.661;1.706;1.080;3.041;0.116;1.367;54324
B516DA;2015/03/06 01:43:28;54324;88;29.3;19.8;2.658;1.703;1.080;3.041;0.112;1.377;54325
B516DA;2015/03/06 01:43:38;54325;85;30.6;19.4;2.754;1.703;1.125;3.041;0.112;1.364;54326
B516DA;2015/03/06 01:43:48;54326;78;29.3;19.4;2.625;1.725;1.125;3.035;0.112;1.367;54327
B516DA;2015/03/06 01:43:58;54327;81;32.9;19.6;2.751;1.725;1.074;3.035;0.112;1.399;54328
B516DA;2015/03/06 01:44:08;54328;87;29.0;19.4;2.641;1.709;1.074;3.035;0.109;1.341;54329
B516DA;2015/03/06 01:44:18;54329;84;27.7;19.2;2.654;1.709;1.125;3.035;0.109;1.387;54330
B516DA;2015/03/06 01:44:28;54330;88;30.0;19.8;2.764;1.722;1.125;2.980;0.109;1.377;54331
B516DA;2015/03/06 01:44:38;54331;79;27.7;19.8;2.738;1.722;1.083;2.980;0.109;1.345;54332
B516DA;2015/03/06 01:44:48;54332;84;33.5;19.4;2.758;1.748;1.083;2.980;0.119;1.374;54333
B516DA;2015/03/06 01:44:58;54333;87;34.1;20.1;2.738;1.748;1.109;2.980;0.119;1.361;54334
B516DA;2015/03/06 01:45:08;54334;93;34.1;19.4;2.635;1.706;1.109;3.025;0.119;1.374;54335
B516DA;2015/03/06 01:45:18;54335;75;31.9;20.4;2.667;1.706;1.070;3.025;0.119;1.367;54336
B516DA;2015/03/06 01:45:28;54336;81;28.0;19.6;2.790;1.729;1.070;3.025;0.109;1.358;54337
B516DA;2015/03/06 01:45:38;54337;74;33.5;20.1;2.629;1.729;1.077;3.025;0.109;1.338;54338
B516DA;2015/03/06 01:45:48;54338;82;28.3;19.8;2.632;1.712;1.077;3.006;0.109;1.374;54339
B516DA;2015/03/06 01:45:58;54339;79;35.8;19.8;2.848;1.712;1.058;3.006;0.109;1.377;54340
B516DA;2015/03/06 01:46:08;54340;86;31.9;19.2;2.725;1.709;1.058;3.006;0.241;1.383;54341
B516DA;2015/03/06 01:46:18;54341;80;31.9;19.8;2.806;1.709;1.064;3.006;0.241;1.377;54342
B516DA;2015/03/06 01:46:28;54342;85;28.0;19.2;2.654;1.732;1.064;2.990;0.241;1.354;54343
B516DA;2015/03/06 01:46:38;54343;88;32.9;19.8;2.696;1.732;1.064;2.990;0.241;1.377;54344
B516DA;2015/03/06 01:46:48;54344;79;30.3;19.4;2.658;1.745;1.064;2.990;0.119;1.380;54345
B516DA;2015/03/06 01:46:58;54345;88;27.7;19.6;2.745;1.745;1.077;2.990;0.119;1.351;54346
B516DA;2015/03/06 01:47:08;54346;91;32.2;19.2;2.819;1.738;1.077;3.032;0.119;1.380;54347
B516DA;2015/03/06 01:47:18;54347;87;32.5;19.8;2.799;1.738;1.064;3.032;0.119;1.390;54348
B516DA;2015/03/06 01:47:28;54348;88;32.2;20.1;2.799;1.748;1.064;3.032;0.167;1.367;54349
B516DA;2015/03/06 01:47:38;54349;83;33.2;20.3;2.825;1.748;1.061;3.032;0.167;1.396;54350
B516DA;2015/03/06 01:47:48;54350;85;32.5;19.4;2.632;1.706;1.061;3.038;0.167;1.387;54351
B516DA;2015/03/06 01:47:58;54351;75;30.9;19.2;2.641;1.706;1.080;3.038;0.167;1.380;54352
B516DA;2015/03/06 01:48:08;54352;83;27.7;19.8;2.654;1.738;1.080;3.038;0.132;1.348;54353
B516DA;2015/03/06 01:48:18;54353;83;29.0;19.4;2.851;1.738;1.122;3.038;0.132;1.387;54354
B516DA;2015/03/06 01:48:28;54354;76;30.9;19.8;2.638;1.716;1.122;3.022;0.132;1.351;54355
B516DA;2015/03/06 01:48:38;54355;78;27.7;19.6;2.725;1.716;1.064;3.022;0.132;1.358;54356
B516DA;2015/03/06 01:48:48;54356;88;29.0;19.8;2.651;1.751;1.064;3.022;0.154;1.351;54357
B516DA;2015/03/06 01:48:58;54357;73;32.9;20.1;2.793;1.751;1.067;3.022;0.154;1.370;54358
B516DA;2015/03/06 01:49:08;54358;84;34.5;19.4;2.658;1.706;1.067;3.038;0.154;1.338;54359
B516DA;2015/03/06 01:49:18;54359;86;30.6;19.8;2.838;1.706;1.103;3.038;0.154;1.380;54360
B516DA;2015/03/06 01:49:28;54360;85;32.5;19.9;2.764;1.735;1.103;3.038;0.116;1.380;54361
B516DA;2015/03/06 01:49:38;54361;81;31.9;20.1;2.825;1.735;1.093;3.038;0.116;1.341;54362
B516DA;2015/03/06 01:49:48;54362;84;30.3;19.4;2.629;1.706;1.093;3.016;0.116;1.374;54363
B516DA;2015/03/06 01:49:58;54363;85;32.5;19.8;2.703;1.706;1.067;3.016;0.116;1.345;54364
B516DA;2015/03/06 01:50:08;54364;93;30.0;19.9;2.764;1.741;1.067;3.016;0.119;1.377;54365
B516DA;2015/03/06 01:50:18;54365;80;32.9;19.8;2.796;1.741;1.119;3.016;0.119;1.345;54366
B516DA;2015/03/06 01:50:28;54366;76;27.7;20.1;2.658;1.706;1.119;3.006;0.119;1.345;54367
B516DA;2015/03/06 01:50:38;54367;85;31.9;19.2;2.638;1.706;1.070;3.006;0.119;1.364;54368
B516DA;2015/03/06 01:50:48;54368;84;27.7;20.1;2.625;1.712;1.070;3.006;0.109;1.345;54369
B516DA;2015/03/06 01:50:58;54369;74;27.7;19.6;2.738;1.712;1.067;3.006;0.109;1.351;54370
B516DA;2015/03/06 01:51:08;54370;88;32.2;20.3;2.838;1.748;1.067;3.045;0.109;1.341;54371
B516DA;2015/03/06 01:51:18;54371;76;30.6;20.1;2.767;1.748;1.064;3.045;0.109;1.364;54372
B516DA;2015/03/06 01:51:28;54372;87;34.8;19.4;2.725;1.719;1.064;3.045;0.109;1.393;54373
B516DA;2015/03/06 01:51:38;54373;83;31.9;20.1;2.806;1.719;1.116;3.045;0.109;1.351;54374
B516DA;2015/03/06 01:51:48;54374;82;28.3;20.3;2.774;1.751;1.116;3.022;0.109;1.383;54375
B516DA;2015/03/06 01:51:58;54375;85;32.9;19.8;2.799;1.751;1.064;3.022;0.109;1.396;54376
B516DA;2015/03/06 01:52:08;54376;92;34.5;19.9;2.664;1.738;1.064;3.022;0.109;1.380;54377
B516DA;2015/03/06 01:52:18;54377;81;30.6;19.8;2.761;1.738;1.067;3.022;0.109;1.354;54378
B516DA;2015/03/06 01:52:28;54378;84;33.8;19.2;2.709;1.738;1.067;3.025;0.109;1.351;54379
B516DA;2015/03/06 01:52:38;54379;83;32.2;20.1;2.677;1.738;1.099;3.025;0.109;1.367;54380
B516DA;2015/03/06 01:52:48;54380;93;33.8;19.9;2.658;1.751;1.099;3.025;0.158;1.367;54381
B516DA;2015/03/06 01:52:58;54381;89;32.2;18.9;2.638;1.751;1.064;3.025;0.158;1.364;54382
B516DA;2015/03/06 01:53:08;54382;92;28.7;20.1;2.641;1.709;1.064;3.067;0.158;1.348;54383
B516DA;2015/03/06 01:53:18;54383;85;33.8;20.1;2.812;1.709;1.087;3.067;0.158;1.383;54384
B516DA;2015/03/06 01:53:28;54384;83;30.0;19.8;2.845;1.716;1.087;3.067;0.119;1.364;54385
B516DA;2015/03/06 01:53:38;54385;83;31.6;19.4;2.641;1.716;1.070;3.067;0.119;1.374;54386
B516DA;2015/03/06 01:53:48;54386;92;31.9;19.6;2.693;1.706;1.070;3.032;0.119;1.354;54387
B516DA;2015/03/06 01:53:58;54387;78;27.7;19.8;2.661;1.706;1.077;3.032;0.119;1.399;54388
B516DA;2015/03/06 01:54:08;54388;85;33.2;19.8;2.732;1.748;1.077;3.032;0.116;1.367;54389
B516DA;2015/03/06 01:54:18;54389;77;32.9;20.1;2.793;1.748;1.067;3.032;0.116;1.341;54390
B516DA;2015/03/06 01:54:28;54390;90;30.9;19.2;2.803;1.748;1.067;3.035;0.116;1.396;54391
B516DA;2015/03/06 01:54:38;54391;88;33.2;19.8;2.848;1.748;1.112;3.035;0.116;1.367;54392
B516DA;2015/03/06 01:54:48;54392;83;28.7;20.1;2.687;1.709;1.112;3.035;0.116;1.396;54393
B516DA;2015/03/06 01:54:58;54393;88;32.5;19.6;2.674;1.709;1.064;3.035;0.116;1.396;54394
B516DA;2015/03/06 01:55:08;54394;81;31.2;19.1;2.632;1.732;1.064;3.019;0.116;1.367;54395
B516DA;2015/03/06 01:55:18;54395;74;30.6;19.8;2.745;1.732;1.106;3.019;0.116;1.377;54396
B516DA;2015/03/06 01:55:28;54396;76;31.9;19.2;2.825;1.706;1.106;3.019;0.116;1.335;54397
B516DA;2015/03/06 01:55:38;54397;77;34.8;20.1;2.825;1.706;1.064;3.019;0.116;1.361;54398
B516DA;2015/03/06 01:55:48;54398;75;31.9;19.4;2.716;1.732;1.064;2.996;0.116;1.403;54399
B516DA;2015/03/06 01:55:58;54399;82;28.7;19.8;2.812;1.732;1.064;2.996;0.116;1.354;54400
B516DA;2015/03/06 01:56:08;54400;77;28.3;20.1;2.625;1.709;1.064;2.996;0.161;1.361;54401
B516DA;2015/03/06 01:56:18;54401;84;31.9;19.8;2.774;1.709;1.116;2.996;0.161;1.374;54402
B516DA;2015/03/06 01:56:28;54402;78;33.2;19.1;2.635;1.738;1.116;3.041;0.161;1.377;54403
B516DA;2015/03/06 01:56:38;54403;84;33.2;19.6;2.632;1.738;1.099;3.041;0.161;1.406;54404
B516DA;2015/03/06 01:56:48;54404;89;35.1;19.2;2.790;1.716;1.099;3.041;0.109;1.390;54405
B516DA;2015/03/06 01:56:58;54405;80;30.6;19.8;2.825;1.716;1.080;3.041;0.109;1.399;54406
B516DA;2015/03/06 01:57:08;54406;88;28.0;19.1;2.674;1.725;1.080;3.022;0.109;1.383;54407
B516DA;2015/03/06 01:57:18;54407;75;28.3;19.6;2.674;1.725;1.080;3.022;0.109;1.403;54408
B516DA;2015/03/06 01:57:28;54408;73;28.7;19.9;2.638;1.732;1.080;3.022;0.180;1.374;54409
B516DA;2015/03/06 01:57:38;54409;81;30.9;19.2;2.638;1.732;1.064;3.022;0.180;1.354;54410
B516DA;2015/03/06 01:57:48;54410;88;30.9;19.2;2.680;1.751;1.064;3.032;0.180;1.383;54411
B516DA;2015/03/06 01:57:58;54411;84;32.2;19.2;2.632;1.751;1.064;3.032;0.180;1.390;54412
B516DA;2015/03/06 01:58:08;54412;78;35.8;19.2;2.783;1.719;1.064;3.032;0.116;1.380;54413
B516DA;2015/03/06 01:58:18;54413;84;27.7;18.9;2.699;1.719;1.077;3.032;0.116;1.370;54414
B516DA;2015/03/06 01:58:28;54414;74;29.3;19.4;2.696;1.732;1.077;3.048;0.116;1.358;54415
B516DA;2015/03/06 01:58:38;54415;74;34.1;19.4;2.667;1.732;1.070;3.048;0.116;1.354;54416
B516DA;2015/03/06 01:58:48;54416;85;32.5;19.4;2.645;1.709;1.070;3.048;0.116;1.387;54417
B516DA;2015/03/06 01:58:58;54417;84;32.9;19.8;2.825;1.709;1.077;3.048;0.116;1.329;54418
B516DA;2015/03/06 01:59:08;54418;92;30.0;19.8;2.845;1.709;1.077;3.000;0.116;1.354;54419
B516DA;2015/03/06 01:59:18;54419;80;30.3;18.9;2.667;1.709;1.077;3.000;0.116;1.348;54420
B516DA;2015/03/06 01:59:28;54420;89;33.5;19.6;2.777;1.706;1.077;3.000;0.103;1.393;54421
