B516DA;2015/03/03 00:00:05;27784;88;31.9;19.6;2.845;1.709;1.122;2.748;0.099;1.219;27785
B516DA;2015/03/03 00:00:15;27785;73;32.9;19.6;2.835;1.709;1.083;2.748;0.099;1.222;27786
B516DA;2015/03/03 00:00:25;27786;84;29.0;19.2;2.832;1.667;1.083;2.754;0.099;1.212;27787
B516DA;2015/03/03 00:00:35;27787;83;28.7;19.8;2.754;1.667;1.064;2.754;0.099;1.219;27788
B516DA;2015/03/03 00:00:45;27788;84;31.6;19.4;2.803;1.703;1.064;2.754;0.093;1.206;27789
B516DA;2015/03/03 00:00:55;27789;86;28.0;19.6;2.654;1.703;1.122;2.754;0.093;1.206;27790
B516DA;2015/03/03 00:01:05;27790;76;27.4;19.8;2.638;1.706;1.122;2.790;0.093;1.199;27791
B516DA;2015/03/03 00:01:15;27791;87;31.6;18.9;2.638;1.706;1.109;2.790;0.093;1.222;27792
B516DA;2015/03/03 00:01:25;27792;91;32.5;19.1;2.658;1.664;1.109;2.790;0.145;1.206;27793
B516DA;2015/03/03 00:01:35;27793;76;31.6;19.9;2.851;1.664;1.119;2.790;0.145;1.199;27794
B516DA;2015/03/03 00:01:45;27794;84;28.7;19.1;2.677;1.680;1.119;2.719;0.145;1.199;27795
B516DA;2015/03/03 00:01:55;27795;90;28.7;19.8;2.761;1.680;1.074;2.719;0.145;1.193;27796
B516DA;2015/03/03 00:02:05;27796;83;31.2;19.2;2.838;1.706;1.074;2.719;0.112;1.229;27797
B516DA;2015/03/03 00:02:15;27797;78;27.0;19.6;2.674;1.706;1.106;2.719;0.112;1.193;27798
B516DA;2015/03/03 00:02:25;27798;81;29.3;19.1;2.722;1.687;1.106;2.748;0.112;1.219;27799
B516DA;2015/03/03 00:02:35;27799;86;27.0;19.1;2.641;1.687;1.064;2.748;0.112;1.199;27800
B516DA;2015/03/03 00:02:45;27800;84;31.2;19.6;2.825;1.693;1.064;2.748;0.093;1.219;27801
B516DA;2015/03/03 00:02:55;27801;91;27.7;19.8;2.712;1.693;1.119;2.748;0.093;1.187;27802
B516DA;2015/03/03 00:03:05;27802;83;31.6;19.6;2.641;1.683;1.119;2.787;0.093;1.196;27803
B516DA;2015/03/03 00:03:15;27803;88;31.6;19.9;2.838;1.683;1.064;2.787;0.093;1.180;27804
B516DA;2015/03/03 00:03:25;27804;83;31.2;19.2;2.851;1.683;1.064;2.787;0.106;1.229;27805
B516DA;2015/03/03 00:03:35;27805;88;27.7;19.8;2.719;1.683;1.064;2.787;0.106;1.212;27806
B516DA;2015/03/03 00:03:45;27806;88;30.0;19.6;2.832;1.699;1.064;2.835;0.106;1.235;27807
B516DA;2015/03/03 00:03:55;27807;86;27.0;19.8;2.661;1.699;1.087;2.835;0.106;1.183;27808
B516DA;2015/03/03 00:04:05;27808;76;33.8;19.2;2.748;1.677;1.087;2.835;0.106;1.222;27809
B516DA;2015/03/03 00:04:15;27809;89;27.4;19.2;2.787;1.677;1.058;2.835;0.106;1.183;27810
B516DA;2015/03/03 00:04:25;27810;87;29.0;19.9;2.812;1.674;1.058;2.851;0.106;1.235;27811
B516DA;2015/03/03 00:04:35;27811;84;31.2;20.1;2.838;1.674;1.064;2.851;0.106;1.190;27812
B516DA;2015/03/03 00:04:45;27812;93;29.6;19.4;2.632;1.699;1.064;2.851;0.093;1.235;27813
B516DA;2015/03/03 00:04:55;27813;90;34.1;20.1;2.851;1.699;1.119;2.851;0.093;1.206;27814
B516DA;2015/03/03 00:05:06;27814;87;27.7;19.6;2.635;1.667;1.119;2.809;0.093;1.193;27815
B516DA;2015/03/03 00:05:15;27815;89;28.0;20.1;2.845;1.667;1.058;2.809;0.093;1.206;27816
B516DA;2015/03/03 00:05:25;27816;84;27.0;19.8;2.641;1.674;1.058;2.809;0.090;1.196;27817
B516DA;2015/03/03 00:05:35;27817;81;31.2;19.9;2.748;1.674;1.093;2.809;0.090;1.190;27818
B516DA;2015/03/03 00:05:45;27818;91;34.5;18.9;2.835;1.696;1.093;2.783;0.090;1.222;27819
B516DA;2015/03/03 00:05:55;27819;82;30.0;19.1;2.812;1.696;1.061;2.783;0.090;1.209;27820
B516DA;2015/03/03 00:06:05;27820;89;33.5;19.6;2.787;1.683;1.061;2.783;0.083;1.190;27821
B516DA;2015/03/03 00:06:15;27821;85;29.3;19.8;2.761;1.683;1.061;2.783;0.083;1.190;27822
B516DA;2015/03/03 00:06:25;27822;79;27.4;19.9;2.651;1.693;1.061;2.738;0.083;1.206;27823
B516DA;2015/03/03 00:06:35;27823;87;29.0;19.6;2.764;1.693;1.119;2.738;0.083;1.177;27824
B516DA;2015/03/03 00:06:45;27824;83;30.6;19.6;2.641;1.709;1.119;2.738;0.096;1.232;27825
B516DA;2015/03/03 00:06:55;27825;91;34.1;19.6;2.641;1.709;1.061;2.738;0.096;1.180;27826
B516DA;2015/03/03 00:07:05;27826;85;30.0;19.6;2.664;1.664;1.061;2.719;0.096;1.183;27827
B516DA;2015/03/03 00:07:15;27827;81;26.7;19.6;2.680;1.664;1.096;2.719;0.096;1.180;27828
B516DA;2015/03/03 00:07:25;27828;88;26.7;19.9;2.641;1.664;1.096;2.719;0.132;1.187;27829
B516DA;2015/03/03 00:07:35;27829;75;27.7;19.9;2.712;1.664;1.106;2.719;0.132;1.170;27830
B516DA;2015/03/03 00:07:45;27830;76;32.2;19.9;2.838;1.670;1.106;2.777;0.132;1.174;27831
B516DA;2015/03/03 00:07:55;27831;79;29.3;19.6;2.748;1.670;1.119;2.777;0.132;1.193;27832
B516DA;2015/03/03 00:08:05;27832;80;27.7;19.6;2.680;1.706;1.119;2.777;0.158;1.183;27833
B516DA;2015/03/03 00:08:15;27833;85;27.7;19.8;2.658;1.706;1.061;2.777;0.158;1.177;27834
B516DA;2015/03/03 00:08:25;27834;90;31.9;19.2;2.803;1.699;1.061;2.719;0.158;1.180;27835
B516DA;2015/03/03 00:08:35;27835;82;29.3;19.8;2.806;1.699;1.090;2.719;0.158;1.183;27836
B516DA;2015/03/03 00:08:45;27836;83;30.3;18.9;2.751;1.674;1.090;2.719;0.125;1.209;27837
B516DA;2015/03/03 00:08:55;27837;79;31.6;19.4;2.845;1.674;1.061;2.719;0.125;1.190;27838
B516DA;2015/03/03 00:09:05;27838;86;27.7;20.3;2.638;1.706;1.061;2.754;0.125;1.190;27839
B516DA;2015/03/03 00:09:15;27839;81;29.3;19.6;2.774;1.706;1.058;2.754;0.125;1.183;27840
B516DA;2015/03/03 00:09:25;27840;81;27.7;19.8;2.638;1.703;1.058;2.754;0.119;1.167;27841
B516DA;2015/03/03 00:09:35;27841;89;29.3;19.8;2.780;1.703;1.058;2.754;0.119;1.183;27842
B516DA;2015/03/03 00:09:45;27842;83;31.2;19.6;2.651;1.667;1.058;2.761;0.119;1.183;27843
B516DA;2015/03/03 00:09:55;27843;84;29.3;19.8;2.787;1.667;1.080;2.761;0.119;1.209;27844
B516DA;2015/03/03 00:10:05;27844;88;30.0;19.8;2.835;1.690;1.080;2.761;0.099;1.209;27845
B516DA;2015/03/03 00:10:15;27845;81;30.3;19.2;2.706;1.690;1.093;2.761;0.099;1.187;27846
B516DA;2015/03/03 00:10:25;27846;81;31.2;19.8;2.799;1.693;1.093;2.819;0.099;1.216;27847
B516DA;2015/03/03 00:10:35;27847;87;27.4;19.8;2.699;1.693;1.080;2.819;0.099;1.199;27848
B516DA;2015/03/03 00:10:45;27848;80;27.4;20.1;2.735;1.693;1.080;2.819;0.099;1.199;27849
B516DA;2015/03/03 00:10:55;27849;83;30.6;19.8;2.793;1.693;1.074;2.819;0.099;1.225;27850
B516DA;2015/03/03 00:11:05;27850;88;32.9;19.8;2.777;1.674;1.074;2.790;0.099;1.203;27851
B516DA;2015/03/03 00:11:15;27851;83;27.4;19.9;2.687;1.674;1.074;2.790;0.099;1.238;27852
B516DA;2015/03/03 00:11:25;27852;93;31.2;19.9;2.635;1.664;1.074;2.790;0.099;1.203;27853
B516DA;2015/03/03 00:11:35;27853;91;32.2;19.9;2.851;1.664;1.064;2.790;0.099;1.219;27854
B516DA;2015/03/03 00:11:45;27854;82;28.7;19.6;2.783;1.667;1.064;2.812;0.099;1.232;27855
B516DA;2015/03/03 00:11:55;27855;82;31.9;20.1;2.858;1.667;1.083;2.812;0.099;1.196;27856
B516DA;2015/03/03 00:12:05;27856;93;27.4;19.1;2.632;1.674;1.083;2.812;0.099;1.216;27857
B516DA;2015/03/03 00:12:15;27857;76;30.0;19.6;2.693;1.674;1.061;2.812;0.099;1.209;27858
B516DA;2015/03/03 00:12:26;27858;83;31.2;19.9;2.816;1.680;1.061;2.858;0.099;1.241;27859
B516DA;2015/03/03 00:12:35;27859;84;30.6;19.8;2.825;1.680;1.122;2.858;0.099;1.232;27860
B516DA;2015/03/03 00:12:45;27860;83;32.5;19.2;2.777;1.667;1.122;2.858;0.132;1.219;27861
B516DA;2015/03/03 00:12:55;27861;85;27.4;19.4;2.635;1.667;1.119;2.858;0.132;1.264;27862
B516DA;2015/03/03 00:13:05;27862;83;34.8;19.2;2.825;1.674;1.119;2.858;0.132;1.261;27863
B516DA;2015/03/03 00:13:15;27863;80;29.0;20.1;2.845;1.674;1.077;2.858;0.132;1.229;27864
B516DA;2015/03/03 00:13:25;27864;85;28.7;19.1;2.638;1.696;1.077;2.858;0.132;1.254;27865
B516DA;2015/03/03 00:13:35;27865;85;28.0;19.9;2.832;1.696;1.099;2.858;0.132;1.232;27866
B516DA;2015/03/03 00:13:45;27866;92;27.4;20.1;2.645;1.687;1.099;2.864;0.132;1.229;27867
B516DA;2015/03/03 00:13:55;27867;85;29.3;19.8;2.780;1.687;1.061;2.864;0.132;1.225;27868
B516DA;2015/03/03 00:14:05;27868;89;31.9;19.2;2.783;1.696;1.061;2.864;0.096;1.267;27869
B516DA;2015/03/03 00:14:15;27869;82;27.0;19.2;2.661;1.696;1.064;2.864;0.096;1.241;27870
B516DA;2015/03/03 00:14:25;27870;91;34.5;19.4;2.645;1.690;1.064;2.825;0.096;1.241;27871
B516DA;2015/03/03 00:14:35;27871;83;27.4;19.6;2.674;1.690;1.064;2.825;0.096;1.258;27872
B516DA;2015/03/03 00:14:45;27872;81;30.3;19.1;2.641;1.664;1.064;2.825;0.138;1.267;27873
B516DA;2015/03/03 00:14:55;27873;79;27.7;19.8;2.687;1.664;1.061;2.825;0.138;1.225;27874
B516DA;2015/03/03 00:15:05;27874;87;30.0;19.2;2.629;1.696;1.061;2.841;0.138;1.264;27875
B516DA;2015/03/03 00:15:15;27875;77;31.9;19.8;2.845;1.696;1.061;2.841;0.138;1.248;27876
B516DA;2015/03/03 00:15:25;27876;91;27.4;19.8;2.712;1.670;1.061;2.841;0.125;1.232;27877
B516DA;2015/03/03 00:15:35;27877;88;31.9;19.9;2.854;1.670;1.064;2.841;0.125;1.267;27878
B516DA;2015/03/03 00:15:46;27878;87;28.7;19.1;2.667;1.690;1.064;2.858;0.125;1.232;27879
B516DA;2015/03/03 00:15:55;27879;89;30.3;19.2;2.687;1.690;1.080;2.858;0.125;1.261;27880
B516DA;2015/03/03 00:16:05;27880;84;31.6;19.4;2.825;1.699;1.080;2.858;0.096;1.229;27881
B516DA;2015/03/03 00:16:15;27881;89;31.2;19.2;2.661;1.699;1.067;2.858;0.096;1.219;27882
B516DA;2015/03/03 00:16:25;27882;89;32.5;19.1;2.735;1.670;1.067;2.822;0.096;1.235;27883
B516DA;2015/03/03 00:16:35;27883;83;31.2;18.9;2.641;1.670;1.058;2.822;0.096;1.212;27884
B516DA;2015/03/03 00:16:45;27884;88;27.4;19.6;2.667;1.664;1.058;2.822;0.222;1.254;27885
B516DA;2015/03/03 00:16:55;27885;77;30.3;18.7;2.648;1.664;1.058;2.822;0.222;1.199;27886
B516DA;2015/03/03 00:17:05;27886;82;29.0;19.8;2.832;1.683;1.058;2.774;0.222;1.190;27887
B516DA;2015/03/03 00:17:15;27887;87;33.5;19.4;2.848;1.683;1.061;2.774;0.222;1.190;27888
B516DA;2015/03/03 00:17:25;27888;81;30.0;19.8;2.845;1.664;1.061;2.774;0.083;1.241;27889
B516DA;2015/03/03 00:17:35;27889;88;30.3;18.9;2.706;1.664;1.058;2.774;0.083;1.222;27890
B516DA;2015/03/03 00:17:45;27890;90;29.0;19.1;2.635;1.699;1.058;2.751;0.083;1.232;27891
B516DA;2015/03/03 00:17:55;27891;82;29.3;19.8;2.851;1.699;1.067;2.751;0.083;1.187;27892
B516DA;2015/03/03 00:18:05;27892;82;31.2;19.6;2.793;1.664;1.067;2.751;0.158;1.219;27893
B516DA;2015/03/03 00:18:15;27893;89;30.9;19.2;2.648;1.664;1.083;2.751;0.158;1.196;27894
B516DA;2015/03/03 00:18:25;27894;88;34.1;19.4;2.790;1.696;1.083;2.722;0.158;1.222;27895
B516DA;2015/03/03 00:18:35;27895;76;27.7;19.9;2.706;1.696;1.058;2.722;0.158;1.222;27896
B516DA;2015/03/03 00:18:45;27896;79;31.6;19.8;2.658;1.670;1.058;2.722;0.090;1.209;27897
B516DA;2015/03/03 00:18:55;27897;89;26.4;19.8;2.661;1.670;1.058;2.722;0.090;1.203;27898
B516DA;2015/03/03 00:19:05;27898;74;31.9;19.6;2.832;1.677;1.058;2.758;0.090;1.180;27899
B516DA;2015/03/03 00:19:15;27899;83;27.7;19.2;2.654;1.677;1.074;2.758;0.090;1.219;27900
B516DA;2015/03/03 00:19:25;27900;90;33.5;19.8;2.790;1.703;1.074;2.758;0.074;1.174;27901
B516DA;2015/03/03 00:19:35;27901;89;28.7;19.9;2.841;1.703;1.077;2.758;0.074;1.180;27902
B516DA;2015/03/03 00:19:45;27902;88;32.9;19.6;2.751;1.693;1.077;2.741;0.074;1.180;27903
B516DA;2015/03/03 00:19:55;27903;88;29.3;19.8;2.787;1.693;1.058;2.741;0.074;1.170;27904
B516DA;2015/03/03 00:20:05;27904;88;34.5;19.6;2.783;1.696;1.058;2.741;0.099;1.190;27905
B516DA;2015/03/03 00:20:15;27905;81;27.4;19.8;2.725;1.696;1.074;2.741;0.099;1.206;27906
B516DA;2015/03/03 00:20:25;27906;88;32.5;19.8;2.851;1.690;1.074;2.699;0.099;1.180;27907
B516DA;2015/03/03 00:20:35;27907;78;26.7;19.6;2.680;1.690;1.054;2.699;0.099;1.167;27908
B516DA;2015/03/03 00:20:45;27908;76;27.7;19.8;2.641;1.706;1.054;2.699;0.087;1.193;27909
B516DA;2015/03/03 00:20:55;27909;79;27.0;19.8;2.735;1.706;1.067;2.699;0.087;1.174;27910
B516DA;2015/03/03 00:21:05;27910;88;30.9;19.8;2.835;1.706;1.067;2.729;0.087;1.174;27911
B516DA;2015/03/03 00:21:15;27911;84;30.0;20.3;2.783;1.706;1.058;2.729;0.087;1.164;27912
B516DA;2015/03/03 00:21:25;27912;82;30.3;19.9;2.632;1.703;1.058;2.729;0.083;1.170;27913
B516DA;2015/03/03 00:21:35;27913;78;27.4;19.8;2.812;1.703;1.067;2.729;0.083;1.190;27914
B516DA;2015/03/03 00:21:45;27914;86;33.5;19.9;2.777;1.664;1.067;2.770;0.083;1.183;27915
B516DA;2015/03/03 00:21:55;27915;90;27.4;19.8;2.825;1.664;1.061;2.770;0.083;1.196;27916
B516DA;2015/03/03 00:22:05;27916;82;27.0;19.9;2.654;1.687;1.061;2.770;0.096;1.180;27917
B516DA;2015/03/03 00:22:15;27917;88;33.5;20.1;2.845;1.687;1.058;2.770;0.096;1.183;27918
B516DA;2015/03/03 00:22:25;27918;79;31.6;19.9;2.758;1.703;1.058;2.758;0.096;1.190;27919
B516DA;2015/03/03 00:22:35;27919;89;30.6;20.1;2.641;1.703;1.061;2.758;0.096;1.193;27920
B516DA;2015/03/03 00:22:45;27920;83;27.4;19.9;2.777;1.664;1.061;2.758;0.119;1.187;27921
B516DA;2015/03/03 00:22:55;27921;85;31.2;19.9;2.845;1.664;1.064;2.758;0.119;1.180;27922
B516DA;2015/03/03 00:23:05;27922;84;31.6;20.1;2.661;1.674;1.064;2.777;0.119;1.216;27923
B516DA;2015/03/03 00:23:15;27923;85;30.9;19.9;2.851;1.674;1.064;2.777;0.119;1.174;27924
B516DA;2015/03/03 00:23:25;27924;85;28.7;19.1;2.641;1.687;1.064;2.777;0.096;1.209;27925
B516DA;2015/03/03 00:23:35;27925;88;30.9;20.1;2.812;1.687;1.112;2.777;0.096;1.232;27926
B516DA;2015/03/03 00:23:45;27926;85;29.6;20.1;2.661;1.670;1.112;2.793;0.096;1.190;27927
B516DA;2015/03/03 00:23:55;27927;82;31.6;19.2;2.661;1.670;1.116;2.793;0.096;1.212;27928
B516DA;2015/03/03 00:24:05;27928;91;28.3;19.8;2.680;1.667;1.116;2.793;0.093;1.199;27929
B516DA;2015/03/03 00:24:15;27929;87;29.0;19.2;2.641;1.667;1.051;2.793;0.093;1.183;27930
B516DA;2015/03/03 00:24:25;27930;84;32.2;19.8;2.690;1.667;1.051;2.722;0.093;1.193;27931
B516DA;2015/03/03 00:24:35;27931;87;28.0;19.8;2.741;1.667;1.058;2.722;0.093;1.187;27932
B516DA;2015/03/03 00:24:45;27932;85;31.9;19.8;2.790;1.699;1.058;2.722;0.093;1.167;27933
B516DA;2015/03/03 00:24:55;27933;84;27.4;20.3;2.712;1.699;1.061;2.722;0.093;1.183;27934
B516DA;2015/03/03 00:25:05;27934;90;31.9;19.9;2.838;1.690;1.061;2.745;0.093;1.170;27935
B516DA;2015/03/03 00:25:15;27935;77;34.5;19.9;2.832;1.690;1.119;2.745;0.093;1.174;27936
B516DA;2015/03/03 00:25:25;27936;79;30.6;19.2;2.845;1.683;1.119;2.745;0.093;1.183;27937
B516DA;2015/03/03 00:25:35;27937;84;28.7;19.8;2.725;1.683;1.112;2.745;0.093;1.170;27938
B516DA;2015/03/03 00:25:45;27938;83;30.0;19.4;2.661;1.664;1.112;2.748;0.093;1.167;27939
B516DA;2015/03/03 00:25:55;27939;76;32.2;19.2;2.825;1.664;1.109;2.748;0.093;1.196;27940
B516DA;2015/03/03 00:26:05;27940;85;27.0;20.1;2.725;1.664;1.109;2.748;0.090;1.174;27941
B516DA;2015/03/03 00:26:15;27941;79;30.3;19.2;2.641;1.664;1.064;2.748;0.090;1.167;27942
B516DA;2015/03/03 00:26:25;27942;78;31.6;19.8;2.635;1.696;1.064;2.751;0.090;1.161;27943
B516DA;2015/03/03 00:26:35;27943;80;32.2;19.4;2.851;1.696;1.119;2.751;0.090;1.174;27944
B516DA;2015/03/03 00:26:45;27944;88;32.5;19.2;2.825;1.664;1.119;2.751;0.090;1.199;27945
B516DA;2015/03/03 00:26:55;27945;79;33.2;20.1;2.780;1.664;1.112;2.751;0.090;1.225;27946
B516DA;2015/03/03 00:27:05;27946;84;30.0;19.9;2.632;1.677;1.112;2.816;0.090;1.187;27947
B516DA;2015/03/03 00:27:15;27947;88;31.6;19.2;2.651;1.677;1.058;2.816;0.090;1.190;27948
B516DA;2015/03/03 00:27:25;27948;77;33.2;20.1;2.635;1.670;1.058;2.816;0.099;1.216;27949
B516DA;2015/03/03 00:27:35;27949;81;27.0;19.8;2.699;1.670;1.061;2.816;0.099;1.177;27950
B516DA;2015/03/03 00:27:45;27950;87;27.4;20.4;2.651;1.696;1.061;2.790;0.099;1.209;27951
B516DA;2015/03/03 00:27:55;27951;84;27.0;19.8;2.825;1.696;1.058;2.790;0.099;1.190;27952
B516DA;2015/03/03 00:28:05;27952;88;30.0;19.9;2.632;1.703;1.058;2.790;0.090;1.209;27953
B516DA;2015/03/03 00:28:15;27953;89;28.7;19.8;2.761;1.703;1.119;2.790;0.090;1.206;27954
B516DA;2015/03/03 00:28:25;27954;78;27.4;20.3;2.654;1.674;1.119;2.761;0.090;1.209;27955
B516DA;2015/03/03 00:28:35;27955;82;30.6;20.1;2.645;1.674;1.103;2.761;0.090;1.225;27956
B516DA;2015/03/03 00:28:45;27956;85;27.0;19.8;2.654;1.690;1.103;2.761;0.093;1.190;27957
B516DA;2015/03/03 00:28:55;27957;73;29.6;19.8;2.832;1.690;1.064;2.761;0.093;1.196;27958
B516DA;2015/03/03 00:29:05;27958;92;30.3;20.3;2.683;1.683;1.064;2.829;0.093;1.212;27959
B516DA;2015/03/03 00:29:15;27959;86;30.3;18.9;2.699;1.683;1.058;2.829;0.093;1.190;27960
B516DA;2015/03/03 00:29:25;27960;78;29.0;19.1;2.632;1.680;1.058;2.829;0.096;1.190;27961
B516DA;2015/03/03 00:29:35;27961;77;32.9;20.1;2.841;1.680;1.058;2.829;0.096;1.190;27962
B516DA;2015/03/03 00:29:45;27962;92;29.3;19.1;2.641;1.699;1.058;2.816;0.096;1.206;27963
B516DA;2015/03/03 00:29:55;27963;83;32.5;20.1;2.754;1.699;1.058;2.816;0.096;1.229;27964
B516DA;2015/03/03 00:30:05;27964;81;30.9;19.8;2.664;1.687;1.058;2.816;0.090;1.222;27965
B516DA;2015/03/03 00:30:15;27965;90;28.7;19.4;2.667;1.687;1.054;2.816;0.090;1.222;27966
B516DA;2015/03/03 00:30:25;27966;82;31.2;19.2;2.735;1.683;1.054;2.761;0.090;1.193;27967
B516DA;2015/03/03 00:30:35;27967;79;32.2;19.1;2.812;1.683;1.054;2.761;0.090;1.245;27968
B516DA;2015/03/03 00:30:45;27968;82;31.2;19.2;2.809;1.677;1.054;2.761;0.093;1.196;27969
B516DA;2015/03/03 00:30:55;27969;78;31.9;20.1;2.851;1.677;1.058;2.761;0.093;1.225;27970
B516DA;2015/03/03 00:31:05;27970;83;29.0;19.1;2.725;1.667;1.058;2.838;0.093;1.225;27971
B516DA;2015/03/03 00:31:15;27971;88;30.9;19.9;2.851;1.667;1.058;2.838;0.093;1.203;27972
B516DA;2015/03/03 00:31:25;27972;88;27.0;20.1;2.641;1.670;1.058;2.838;0.090;1.238;27973
B516DA;2015/03/03 00:31:35;27973;90;30.3;18.9;2.651;1.670;1.058;2.838;0.090;1.225;27974
B516DA;2015/03/03 00:31:45;27974;91;30.9;19.2;2.751;1.670;1.058;2.841;0.090;1.254;27975
B516DA;2015/03/03 00:31:55;27975;87;27.0;19.6;2.667;1.670;1.064;2.841;0.090;1.219;27976
B516DA;2015/03/03 00:32:05;27976;89;27.7;20.1;2.641;1.664;1.064;2.841;0.222;1.270;27977
B516DA;2015/03/03 00:32:15;27977;82;30.0;19.4;2.793;1.664;1.119;2.841;0.222;1.258;27978
B516DA;2015/03/03 00:32:25;27978;78;28.0;19.2;2.845;1.706;1.119;2.812;0.222;1.254;27979
B516DA;2015/03/03 00:32:35;27979;77;32.2;19.9;2.851;1.706;1.119;2.812;0.222;1.251;27980
B516DA;2015/03/03 00:32:45;27980;92;34.1;19.6;2.838;1.670;1.119;2.812;0.093;1.222;27981
B516DA;2015/03/03 00:32:55;27981;85;32.9;19.8;2.838;1.670;1.103;2.812;0.093;1.203;27982
B516DA;2015/03/03 00:33:05;27982;82;30.0;19.6;2.832;1.690;1.103;2.796;0.093;1.229;27983
B516DA;2015/03/03 00:33:15;27983;91;30.6;19.4;2.806;1.690;1.080;2.796;0.093;1.219;27984
B516DA;2015/03/03 00:33:25;27984;77;27.7;19.4;2.632;1.699;1.080;2.796;0.099;1.199;27985
B516DA;2015/03/03 00:33:35;27985;83;27.4;19.8;2.732;1.699;1.058;2.796;0.099;1.229;27986
B516DA;2015/03/03 00:33:45;27986;92;27.7;20.1;2.638;1.693;1.058;2.748;0.099;1.232;27987
B516DA;2015/03/03 00:33:55;27987;87;30.0;19.6;2.654;1.693;1.058;2.748;0.099;1.190;27988
B516DA;2015/03/03 00:34:05;27988;84;28.0;19.6;2.803;1.706;1.058;2.748;0.090;1.216;27989
B516DA;2015/03/03 00:34:15;27989;91;30.0;19.9;2.832;1.706;1.054;2.748;0.090;1.183;27990
B516DA;2015/03/03 00:34:25;27990;89;28.7;20.1;2.632;1.683;1.054;2.741;0.090;1.209;27991
B516DA;2015/03/03 00:34:35;27991;77;29.3;19.8;2.722;1.683;1.058;2.741;0.090;1.187;27992
B516DA;2015/03/03 00:34:45;27992;88;28.3;19.6;2.796;1.670;1.058;2.741;0.090;1.174;27993
B516DA;2015/03/03 00:34:55;27993;85;27.4;19.9;2.651;1.670;1.064;2.741;0.090;1.183;27994
B516DA;2015/03/03 00:35:06;27994;88;27.4;20.3;2.654;1.680;1.064;2.758;0.090;1.196;27995
B516DA;2015/03/03 00:35:15;27995;79;32.9;19.8;2.848;1.680;1.054;2.758;0.090;1.212;27996
B516DA;2015/03/03 00:35:25;27996;86;27.0;20.1;2.712;1.687;1.054;2.758;0.090;1.177;27997
B516DA;2015/03/03 00:35:35;27997;83;31.9;19.9;2.838;1.687;1.090;2.758;0.090;1.212;27998
B516DA;2015/03/03 00:35:45;27998;78;29.0;20.1;2.648;1.683;1.090;2.729;0.090;1.196;27999
B516DA;2015/03/03 00:35:55;27999;88;26.7;19.6;2.761;1.683;1.061;2.729;0.090;1.190;28000
B516DA;2015/03/03 00:36:05;28000;93;31.6;19.6;2.790;1.664;1.061;2.729;0.161;1.196;28001
B516DA;2015/03/03 00:36:15;28001;82;27.0;19.6;2.799;1.664;1.112;2.729;0.161;1.219;28002
B516DA;2015/03/03 00:36:26;28002;83;27.7;19.9;2.629;1.667;1.112;2.754;0.161;1.183;28003
B516DA;2015/03/03 00:36:35;28003;84;31.9;19.2;2.635;1.667;1.058;2.754;0.161;1.174;28004
B516DA;2015/03/03 00:36:45;28004;87;30.6;19.8;2.761;1.690;1.058;2.754;0.090;1.206;28005
B516DA;2015/03/03 00:36:55;28005;79;30.9;19.6;2.638;1.690;1.116;2.754;0.090;1.206;28006
B516DA;2015/03/03 00:37:05;28006;91;29.6;19.8;2.632;1.706;1.116;2.783;0.090;1.216;28007
B516DA;2015/03/03 00:37:15;28007;83;28.0;19.9;2.748;1.706;1.058;2.783;0.090;1.187;28008
B516DA;2015/03/03 00:37:25;28008;93;30.0;19.9;2.835;1.667;1.058;2.783;0.138;1.177;28009
B516DA;2015/03/03 00:37:35;28009;89;33.5;20.1;2.641;1.667;1.119;2.783;0.138;1.196;28010
B516DA;2015/03/03 00:37:45;28010;89;29.3;19.1;2.725;1.690;1.119;2.725;0.138;1.164;28011
B516DA;2015/03/03 00:37:55;28011;77;28.7;19.8;2.754;1.690;1.074;2.725;0.138;1.180;28012
B516DA;2015/03/03 00:38:05;28012;83;31.2;19.6;2.806;1.661;1.074;2.725;0.087;1.203;28013
B516DA;2015/03/03 00:38:15;28013;81;34.1;19.9;2.832;1.661;1.058;2.725;0.087;1.212;28014
B516DA;2015/03/03 00:38:26;28014;87;32.2;19.8;2.838;1.664;1.058;2.716;0.087;1.183;28015
B516DA;2015/03/03 00:38:35;28015;85;27.4;20.3;2.812;1.664;1.070;2.716;0.087;1.170;28016
B516DA;2015/03/03 00:38:45;28016;92;31.9;19.6;2.651;1.699;1.070;2.716;0.093;1.170;28017
B516DA;2015/03/03 00:38:55;28017;88;31.9;19.4;2.845;1.699;1.054;2.716;0.093;1.190;28018
B516DA;2015/03/03 00:39:05;28018;88;33.8;18.9;2.738;1.709;1.054;2.706;0.093;1.203;28019
B516DA;2015/03/03 00:39:15;28019;84;26.7;19.2;2.780;1.709;1.070;2.706;0.093;1.203;28020
B516DA;2015/03/03 00:39:25;28020;82;30.0;19.8;2.654;1.661;1.070;2.706;0.096;1.196;28021
B516DA;2015/03/03 00:39:35;28021;85;32.2;19.1;2.638;1.661;1.058;2.706;0.096;1.158;28022
B516DA;2015/03/03 00:39:46;28022;93;30.3;19.2;2.841;1.703;1.058;2.706;0.096;1.190;28023
B516DA;2015/03/03 00:39:55;28023;91;26.7;19.6;2.674;1.703;1.058;2.706;0.096;1.177;28024
B516DA;2015/03/03 00:40:05;28024;90;30.6;19.2;2.764;1.677;1.058;2.706;0.077;1.164;28025
B516DA;2015/03/03 00:40:15;28025;86;31.6;20.3;2.754;1.677;1.064;2.706;0.077;1.190;28026
B516DA;2015/03/03 00:40:25;28026;79;32.5;18.9;2.751;1.670;1.064;2.764;0.077;1.183;28027
B516DA;2015/03/03 00:40:35;28027;83;34.5;20.1;2.793;1.670;1.112;2.764;0.077;1.203;28028
B516DA;2015/03/03 00:40:45;28028;89;29.6;19.1;2.651;1.699;1.112;2.764;0.090;1.209;28029
B516DA;2015/03/03 00:40:55;28029;83;30.6;19.8;2.638;1.699;1.119;2.764;0.090;1.225;28030
B516DA;2015/03/03 00:41:05;28030;80;33.2;19.4;2.680;1.674;1.119;2.803;0.090;1.206;28031
B516DA;2015/03/03 00:41:15;28031;87;26.7;19.8;2.674;1.674;1.064;2.803;0.090;1.225;28032
B516DA;2015/03/03 00:41:25;28032;87;34.5;19.2;2.764;1.706;1.064;2.803;0.222;1.199;28033
B516DA;2015/03/03 00:41:35;28033;88;33.2;19.1;2.812;1.706;1.119;2.803;0.222;1.183;28034
B516DA;2015/03/03 00:41:45;28034;92;31.6;19.6;2.845;1.664;1.119;2.761;0.222;1.225;28035
B516DA;2015/03/03 00:41:55;28035;80;30.0;20.1;2.645;1.664;1.058;2.761;0.222;1.180;28036
B516DA;2015/03/03 00:42:05;28036;88;32.9;19.8;2.783;1.677;1.058;2.761;0.099;1.170;28037
B516DA;2015/03/03 00:42:15;28037;91;29.3;19.2;2.648;1.677;1.103;2.761;0.099;1.164;28038
B516DA;2015/03/03 00:42:25;28038;80;27.7;20.1;2.680;1.683;1.103;2.777;0.099;1.177;28039
B516DA;2015/03/03 00:42:35;28039;88;27.0;19.8;2.799;1.683;1.058;2.777;0.099;1.196;28040
B516DA;2015/03/03 00:42:45;28040;81;30.6;19.2;2.845;1.696;1.058;2.777;0.112;1.177;28041
B516DA;2015/03/03 00:42:55;28041;77;30.9;19.6;2.838;1.696;1.122;2.777;0.112;1.180;28042
B516DA;2015/03/03 00:43:05;28042;88;31.9;19.6;2.838;1.674;1.122;2.822;0.112;1.190;28043
B516DA;2015/03/03 00:43:15;28043;88;31.2;20.1;2.845;1.674;1.058;2.822;0.112;1.222;28044
B516DA;2015/03/03 00:43:25;28044;79;29.0;19.4;2.638;1.706;1.058;2.822;0.096;1.199;28045
B516DA;2015/03/03 00:43:35;28045;86;33.8;19.8;2.787;1.706;1.074;2.822;0.096;1.177;28046
B516DA;2015/03/03 00:43:45;28046;91;31.9;19.8;2.632;1.687;1.074;2.761;0.096;1.203;28047
B516DA;2015/03/03 00:43:55;28047;91;29.6;19.6;2.799;1.687;1.109;2.761;0.096;1.183;28048
B516DA;2015/03/03 00:44:05;28048;91;29.6;19.2;2.699;1.664;1.109;2.761;0.090;1.225;28049
B516DA;2015/03/03 00:44:15;28049;84;33.2;19.6;2.851;1.664;1.067;2.761;0.090;1.193;28050
B516DA;2015/03/03 00:44:26;28050;85;27.7;20.4;2.658;1.664;1.067;2.761;0.090;1.222;28051
B516DA;2015/03/03 00:44:35;28051;89;34.1;19.8;2.812;1.664;1.061;2.761;0.090;1.193;28052
B516DA;2015/03/03 00:44:45;28052;83;29.6;19.4;2.641;1.709;1.061;2.761;0.138;1.222;28053
B516DA;2015/03/03 00:44:55;28053;84;29.3;19.8;2.787;1.709;1.083;2.761;0.138;1.229;28054
B516DA;2015/03/03 00:45:06;28054;83;28.7;20.4;2.635;1.706;1.083;2.793;0.138;1.232;28055
B516DA;2015/03/03 00:45:15;28055;78;30.6;19.6;2.838;1.706;1.064;2.793;0.138;1.196;28056
B516DA;2015/03/03 00:45:25;28056;91;27.0;19.8;2.641;1.664;1.064;2.793;0.090;1.203;28057
B516DA;2015/03/03 00:45:35;28057;78;31.9;19.6;2.677;1.664;1.054;2.793;0.090;1.199;28058
B516DA;2015/03/03 00:45:46;28058;75;27.7;20.4;2.654;1.687;1.054;2.774;0.090;1.193;28059
B516DA;2015/03/03 00:45:55;28059;82;29.6;19.4;2.674;1.687;1.077;2.774;0.090;1.187;28060
B516DA;2015/03/03 00:46:05;28060;91;32.2;19.4;2.693;1.664;1.077;2.774;0.087;1.183;28061
B516DA;2015/03/03 00:46:15;28061;82;31.6;18.9;2.638;1.664;1.077;2.774;0.087;1.183;28062
B516DA;2015/03/03 00:46:25;28062;79;30.0;19.9;2.635;1.693;1.077;2.767;0.087;1.222;28063
B516DA;2015/03/03 00:46:35;28063;78;30.6;19.8;2.832;1.693;1.112;2.767;0.087;1.216;28064
B516DA;2015/03/03 00:46:45;28064;77;27.4;20.1;2.648;1.664;1.112;2.767;0.090;1.170;28065
B516DA;2015/03/03 00:46:55;28065;88;30.0;19.9;2.825;1.664;1.077;2.767;0.090;1.199;28066
B516DA;2015/03/03 00:47:06;28066;85;29.0;19.4;2.645;1.699;1.077;2.716;0.090;1.177;28067
B516DA;2015/03/03 00:47:15;28067;80;32.9;19.6;2.806;1.699;1.061;2.716;0.090;1.183;28068
B516DA;2015/03/03 00:47:25;28068;86;31.2;20.1;2.845;1.664;1.061;2.716;0.145;1.203;28069
B516DA;2015/03/03 00:47:35;28069;90;26.4;19.6;2.748;1.664;1.080;2.716;0.145;1.177;28070
B516DA;2015/03/03 00:47:46;28070;83;27.0;20.1;2.654;1.683;1.080;2.809;0.145;1.180;28071
B516DA;2015/03/03 00:47:55;28071;85;28.0;19.9;2.738;1.683;1.112;2.809;0.145;1.183;28072
B516DA;2015/03/03 00:48:05;28072;88;29.0;19.4;2.725;1.670;1.112;2.809;0.090;1.212;28073
B516DA;2015/03/03 00:48:15;28073;85;27.0;19.6;2.674;1.670;1.090;2.809;0.090;1.212;28074
B516DA;2015/03/03 00:48:26;28074;74;27.0;20.4;2.832;1.670;1.090;2.809;0.090;1.180;28075
B516DA;2015/03/03 00:48:35;28075;80;28.7;19.9;2.654;1.670;1.061;2.809;0.090;1.174;28076
B516DA;2015/03/03 00:48:45;28076;80;27.0;20.1;2.648;1.699;1.061;2.809;0.096;1.177;28077
B516DA;2015/03/03 00:48:55;28077;85;30.9;19.6;2.719;1.699;1.077;2.809;0.096;1.206;28078
B516DA;2015/03/03 00:49:06;28078;89;30.0;20.3;2.838;1.667;1.077;2.822;0.096;1.183;28079
B516DA;2015/03/03 00:49:15;28079;84;31.6;20.1;2.648;1.667;1.064;2.822;0.096;1.164;28080
B516DA;2015/03/03 00:49:25;28080;85;27.4;19.9;2.651;1.699;1.064;2.822;0.099;1.203;28081
B516DA;2015/03/03 00:49:35;28081;87;32.2;19.9;2.706;1.699;1.061;2.822;0.099;1.212;28082
B516DA;2015/03/03 00:49:46;28082;86;32.5;19.6;2.677;1.664;1.061;2.783;0.099;1.190;28083
B516DA;2015/03/03 00:49:55;28083;83;27.4;19.9;2.667;1.664;1.058;2.783;0.099;1.203;28084
B516DA;2015/03/03 00:50:05;28084;83;30.6;19.6;2.774;1.693;1.058;2.783;0.099;1.199;28085
B516DA;2015/03/03 00:50:15;28085;83;30.6;19.8;2.799;1.693;1.067;2.783;0.099;1.212;28086
B516DA;2015/03/03 00:50:26;28086;83;27.7;20.4;2.635;1.699;1.067;2.767;0.099;1.229;28087
B516DA;2015/03/03 00:50:35;28087;89;31.6;19.9;2.848;1.699;1.096;2.767;0.099;1.187;28088
B516DA;2015/03/03 00:50:45;28088;92;27.7;19.1;2.632;1.670;1.096;2.767;0.096;1.190;28089
B516DA;2015/03/03 00:50:55;28089;88;29.6;20.1;2.806;1.670;1.103;2.767;0.096;1.196;28090
B516DA;2015/03/03 00:51:06;28090;84;30.6;19.1;2.661;1.664;1.103;2.725;0.096;1.167;28091
B516DA;2015/03/03 00:51:15;28091;82;31.6;19.2;2.674;1.664;1.058;2.725;0.096;1.187;28092
B516DA;2015/03/03 00:51:25;28092;92;29.6;19.2;2.751;1.703;1.058;2.725;0.093;1.196;28093
B516DA;2015/03/03 00:51:35;28093;83;32.9;19.8;2.780;1.703;1.083;2.725;0.093;1.174;28094
B516DA;2015/03/03 00:51:46;28094;84;26.7;19.8;2.641;1.670;1.083;2.774;0.093;1.177;28095
B516DA;2015/03/03 00:51:55;28095;88;32.2;19.4;2.838;1.670;1.067;2.774;0.093;1.196;28096
B516DA;2015/03/03 00:52:05;28096;78;31.6;19.6;2.845;1.664;1.067;2.774;0.096;1.180;28097
B516DA;2015/03/03 00:52:15;28097;74;33.2;20.1;2.696;1.664;1.109;2.774;0.096;1.183;28098
B516DA;2015/03/03 00:52:26;28098;83;27.4;20.1;2.648;1.690;1.109;2.761;0.096;1.193;28099
B516DA;2015/03/03 00:52:35;28099;83;31.9;20.1;2.851;1.690;1.087;2.761;0.096;1.170;28100
B516DA;2015/03/03 00:52:45;28100;86;27.7;19.8;2.658;1.680;1.087;2.761;0.083;1.203;28101
B516DA;2015/03/03 00:52:55;28101;84;30.6;20.1;2.793;1.680;1.109;2.761;0.083;1.219;28102
B516DA;2015/03/03 00:53:06;28102;88;33.2;19.6;2.851;1.667;1.109;2.764;0.083;1.193;28103
B516DA;2015/03/03 00:53:15;28103;90;27.7;20.1;2.712;1.667;1.119;2.764;0.083;1.206;28104
B516DA;2015/03/03 00:53:25;28104;77;31.2;19.6;2.832;1.687;1.119;2.764;0.112;1.206;28105
B516DA;2015/03/03 00:53:35;28105;78;28.7;19.6;2.832;1.687;1.119;2.764;0.112;1.190;28106
B516DA;2015/03/03 00:53:46;28106;92;33.5;19.8;2.777;1.664;1.119;2.787;0.112;1.196;28107
B516DA;2015/03/03 00:53:55;28107;90;28.0;19.8;2.638;1.664;1.070;2.787;0.112;1.199;28108
B516DA;2015/03/03 00:54:05;28108;82;28.7;19.4;2.641;1.670;1.070;2.787;0.090;1.209;28109
B516DA;2015/03/03 00:54:15;28109;78;30.6;19.4;2.851;1.670;1.080;2.787;0.090;1.222;28110
B516DA;2015/03/03 00:54:26;28110;93;32.2;19.9;2.851;1.706;1.080;2.816;0.090;1.235;28111
B516DA;2015/03/03 00:54:35;28111;81;28.7;19.2;2.658;1.706;1.064;2.816;0.090;1.203;28112
B516DA;2015/03/03 00:54:45;28112;90;31.9;19.9;2.835;1.667;1.064;2.816;0.164;1.225;28113
B516DA;2015/03/03 00:54:55;28113;81;31.9;19.2;2.641;1.667;1.083;2.816;0.164;1.190;28114
B516DA;2015/03/03 00:55:06;28114;88;30.0;19.9;2.638;1.690;1.083;2.780;0.164;1.222;28115
B516DA;2015/03/03 00:55:15;28115;88;30.9;19.8;2.848;1.690;1.058;2.780;0.164;1.193;28116
B516DA;2015/03/03 00:55:25;28116;90;27.7;20.4;2.635;1.664;1.058;2.780;0.096;1.190;28117
B516DA;2015/03/03 00:55:35;28117;85;28.7;20.1;2.799;1.664;1.058;2.780;0.096;1.203;28118
B516DA;2015/03/03 00:55:46;28118;86;29.6;19.4;2.641;1.706;1.058;2.799;0.096;1.216;28119
B516DA;2015/03/03 00:55:55;28119;84;34.1;19.8;2.716;1.706;1.109;2.799;0.096;1.222;28120
B516DA;2015/03/03 00:56:05;28120;87;27.0;19.8;2.687;1.703;1.109;2.799;0.099;1.229;28121
B516DA;2015/03/03 00:56:15;28121;78;29.6;19.6;2.648;1.703;1.080;2.799;0.099;1.238;28122
B516DA;2015/03/03 00:56:26;28122;84;29.0;19.8;2.787;1.674;1.080;2.783;0.099;1.222;28123
B516DA;2015/03/03 00:56:35;28123;89;29.3;19.6;2.845;1.674;1.112;2.783;0.099;1.222;28124
B516DA;2015/03/03 00:56:45;28124;77;27.7;19.9;2.654;1.664;1.112;2.783;0.103;1.209;28125
B516DA;2015/03/03 00:56:55;28125;75;32.9;19.4;2.667;1.664;1.058;2.783;0.103;1.199;28126
B516DA;2015/03/03 00:57:06;28126;83;29.3;19.1;2.709;1.690;1.058;2.761;0.103;1.229;28127
B516DA;2015/03/03 00:57:15;28127;78;28.0;19.9;2.741;1.690;1.058;2.761;0.103;1.206;28128
B516DA;2015/03/03 00:57:25;28128;88;28.0;19.8;2.787;1.699;1.058;2.761;0.096;1.203;28129
B516DA;2015/03/03 00:57:35;28129;87;31.2;20.1;2.835;1.699;1.058;2.761;0.096;1.229;28130
B516DA;2015/03/03 00:57:46;28130;82;34.5;19.2;2.783;1.706;1.058;2.745;0.096;1.190;28131
B516DA;2015/03/03 00:57:55;28131;91;26.7;19.6;2.758;1.706;1.077;2.745;0.096;1.174;28132
B516DA;2015/03/03 00:58:05;28132;80;31.9;19.6;2.651;1.670;1.077;2.745;0.099;1.206;28133
B516DA;2015/03/03 00:58:15;28133;87;26.7;19.6;2.661;1.670;1.067;2.745;0.099;1.177;28134
B516DA;2015/03/03 00:58:26;28134;85;33.5;19.2;2.738;1.703;1.067;2.787;0.099;1.180;28135
B516DA;2015/03/03 00:58:35;28135;88;27.7;19.9;2.725;1.703;1.070;2.787;0.099;1.206;28136
B516DA;2015/03/03 00:58:45;28136;93;27.0;19.8;2.658;1.664;1.070;2.787;0.212;1.183;28137
B516DA;2015/03/03 00:58:55;28137;79;32.9;19.8;2.825;1.664;1.077;2.787;0.212;1.212;28138
B516DA;2015/03/03 00:59:06;28138;92;28.7;19.4;2.696;1.674;1.077;2.774;0.212;1.199;28139
B516DA;2015/03/03 00:59:15;28139;83;29.3;19.6;2.832;1.674;1.080;2.774;0.212;1.174;28140
B516DA;2015/03/03 00:59:26;28140;89;27.0;20.1;2.722;1.696;1.080;2.774;0.096;1.209;28141
B516DA;2015/03/03 00:59:35;28141;86;32.9;20.1;2.832;1.696;1.106;2.774;0.096;1.222;28142
B516DA;2015/03/03 00:59:46;28142;83;32.5;19.1;2.690;1.680;1.106;2.751;0.096;1.177;28143
B516DA;2015/03/03 00:59:55;28143;72;32.5;19.6;2.641;1.680;1.051;2.751;0.096;1.196;28144
B516DA;2015/03/03 01:00:05;28144;86;26.7;19.8;2.641;1.696;1.051;2.751;0.083;1.206;28145
B516DA;2015/03/03 01:00:15;28145;86;30.9;19.9;2.851;1.696;1.106;2.751;0.083;1.190;28146
B516DA;2015/03/03 01:00:26;28146;84;31.2;19.6;2.777;1.661;1.106;2.754;0.083;1.190;28147
B516DA;2015/03/03 01:00:35;28147;83;31.6;19.1;2.851;1.661;1.116;2.754;0.083;1.151;28148
B516DA;2015/03/03 01:00:45;28148;85;30.6;19.2;2.758;1.703;1.116;2.754;0.099;1.190;28149
B516DA;2015/03/03 01:00:55;28149;88;27.4;19.6;2.790;1.703;1.058;2.754;0.099;1.170;28150
B516DA;2015/03/03 01:01:06;28150;85;30.3;19.6;2.638;1.690;1.058;2.732;0.099;1.174;28151
B516DA;2015/03/03 01:01:15;28151;75;29.3;19.8;2.809;1.690;1.058;2.732;0.099;1.206;28152
B516DA;2015/03/03 01:01:25;28152;81;32.9;19.2;2.764;1.687;1.058;2.732;0.090;1.187;28153
B516DA;2015/03/03 01:01:35;28153;73;28.0;20.1;2.832;1.687;1.058;2.732;0.090;1.209;28154
B516DA;2015/03/03 01:01:46;28154;91;32.2;20.1;2.641;1.683;1.058;2.761;0.090;1.174;28155
B516DA;2015/03/03 01:01:55;28155;78;32.9;20.3;2.854;1.683;1.054;2.761;0.090;1.170;28156
B516DA;2015/03/03 01:02:05;28156;88;34.5;19.6;2.751;1.693;1.054;2.761;0.158;1.180;28157
B516DA;2015/03/03 01:02:15;28157;73;29.0;19.8;2.651;1.693;1.058;2.761;0.158;1.170;28158
B516DA;2015/03/03 01:02:26;28158;84;32.9;19.2;2.825;1.703;1.058;2.729;0.158;1.174;28159
B516DA;2015/03/03 01:02:35;28159;73;29.3;20.1;2.793;1.703;1.058;2.729;0.158;1.199;28160
B516DA;2015/03/03 01:02:46;28160;83;28.0;19.4;2.638;1.674;1.058;2.729;0.138;1.161;28161
B516DA;2015/03/03 01:02:55;28161;82;32.2;19.2;2.635;1.674;1.106;2.729;0.138;1.154;28162
B516DA;2015/03/03 01:03:06;28162;80;27.7;19.8;2.648;1.699;1.106;2.729;0.138;1.183;28163
B516DA;2015/03/03 01:03:15;28163;87;32.9;20.1;2.806;1.699;1.061;2.729;0.138;1.183;28164
B516DA;2015/03/03 01:03:25;28164;90;31.2;19.9;2.851;1.664;1.061;2.729;0.222;1.154;28165
B516DA;2015/03/03 01:03:35;28165;83;30.0;19.4;2.835;1.664;1.070;2.729;0.222;1.196;28166
B516DA;2015/03/03 01:03:46;28166;77;29.3;19.4;2.641;1.670;1.070;2.806;0.222;1.180;28167
B516DA;2015/03/03 01:03:55;28167;83;31.6;19.8;2.641;1.670;1.058;2.806;0.222;1.212;28168
B516DA;2015/03/03 01:04:05;28168;78;28.7;19.6;2.687;1.690;1.058;2.806;0.119;1.209;28169
B516DA;2015/03/03 01:04:15;28169;88;31.9;19.9;2.835;1.690;1.112;2.806;0.119;1.183;28170
B516DA;2015/03/03 01:04:26;28170;89;30.6;18.9;2.751;1.674;1.112;2.725;0.119;1.167;28171
B516DA;2015/03/03 01:04:35;28171;82;30.9;19.2;2.641;1.674;1.051;2.725;0.119;1.203;28172
B516DA;2015/03/03 01:04:45;28172;88;29.0;19.1;2.683;1.661;1.051;2.725;0.090;1.167;28173
B516DA;2015/03/03 01:04:55;28173;76;26.7;19.8;2.774;1.661;1.116;2.725;0.090;1.196;28174
B516DA;2015/03/03 01:05:06;28174;81;32.2;19.9;2.832;1.687;1.116;2.709;0.090;1.203;28175
B516DA;2015/03/03 01:05:15;28175;85;33.8;19.9;2.825;1.687;1.109;2.709;0.090;1.158;28176
B516DA;2015/03/03 01:05:25;28176;88;31.2;20.3;2.641;1.664;1.109;2.709;0.099;1.170;28177
B516DA;2015/03/03 01:05:35;28177;88;29.3;19.8;2.767;1.664;1.116;2.709;0.099;1.170;28178
B516DA;2015/03/03 01:05:46;28178;86;27.0;20.1;2.696;1.670;1.116;2.780;0.099;1.170;28179
B516DA;2015/03/03 01:05:55;28179;82;27.7;19.6;2.722;1.670;1.058;2.780;0.099;1.154;28180
B516DA;2015/03/03 01:06:06;28180;75;26.7;19.9;2.641;1.683;1.058;2.780;0.083;1.177;28181
B516DA;2015/03/03 01:06:15;28181;84;32.2;19.6;2.732;1.683;1.058;2.780;0.083;1.170;28182
B516DA;2015/03/03 01:06:26;28182;88;27.7;19.8;2.638;1.664;1.058;2.725;0.083;1.174;28183
B516DA;2015/03/03 01:06:35;28183;83;26.7;19.6;2.712;1.664;1.054;2.725;0.083;1.203;28184
B516DA;2015/03/03 01:06:45;28184;85;32.9;19.6;2.632;1.690;1.054;2.725;0.093;1.190;28185
B516DA;2015/03/03 01:06:55;28185;81;33.5;20.1;2.641;1.690;1.064;2.725;0.093;1.158;28186
B516DA;2015/03/03 01:07:06;28186;88;28.7;19.4;2.632;1.699;1.064;2.716;0.093;1.148;28187
B516DA;2015/03/03 01:07:15;28187;79;27.7;19.8;2.722;1.699;1.106;2.716;0.093;1.158;28188
B516DA;2015/03/03 01:07:25;28188;81;27.0;20.3;2.706;1.683;1.106;2.716;0.093;1.196;28189
B516DA;2015/03/03 01:07:35;28189;77;33.8;19.8;2.790;1.683;1.080;2.716;0.093;1.154;28190
B516DA;2015/03/03 01:07:46;28190;83;32.9;19.4;2.812;1.664;1.080;2.725;0.093;1.154;28191
B516DA;2015/03/03 01:07:55;28191;80;26.7;19.6;2.674;1.664;1.096;2.725;0.093;1.154;28192
B516DA;2015/03/03 01:08:05;28192;83;30.3;19.8;2.632;1.670;1.096;2.725;0.083;1.190;28193
B516DA;2015/03/03 01:08:15;28193;86;28.0;19.9;2.851;1.670;1.080;2.725;0.083;1.187;28194
B516DA;2015/03/03 01:08:26;28194;82;27.4;19.9;2.654;1.696;1.080;2.754;0.083;1.196;28195
B516DA;2015/03/03 01:08:35;28195;85;30.3;19.6;2.641;1.696;1.112;2.754;0.083;1.154;28196
B516DA;2015/03/03 01:08:45;28196;88;28.3;19.8;2.677;1.664;1.112;2.754;0.093;1.203;28197
B516DA;2015/03/03 01:08:55;28197;78;31.9;19.2;2.641;1.664;1.116;2.754;0.093;1.183;28198
B516DA;2015/03/03 01:09:06;28198;85;28.3;19.6;2.777;1.683;1.116;2.809;0.093;1.170;28199
B516DA;2015/03/03 01:09:15;28199;81;29.3;19.8;2.783;1.683;1.064;2.809;0.093;1.196;28200
B516DA;2015/03/03 01:09:25;28200;89;30.3;20.1;2.664;1.693;1.064;2.809;0.090;1.180;28201
B516DA;2015/03/03 01:09:35;28201;84;28.0;20.1;2.638;1.693;1.074;2.809;0.090;1.183;28202
B516DA;2015/03/03 01:09:46;28202;84;27.0;20.3;2.706;1.674;1.074;2.796;0.090;1.164;28203
B516DA;2015/03/03 01:09:55;28203;88;31.6;19.4;2.812;1.674;1.116;2.796;0.090;1.170;28204
B516DA;2015/03/03 01:10:06;28204;86;30.6;19.4;2.796;1.664;1.116;2.796;0.145;1.177;28205
B516DA;2015/03/03 01:10:15;28205;78;30.6;20.1;2.845;1.664;1.090;2.796;0.145;1.203;28206
B516DA;2015/03/03 01:10:26;28206;88;31.9;19.8;2.832;1.664;1.090;2.767;0.145;1.170;28207
B516DA;2015/03/03 01:10:35;28207;86;34.8;20.1;2.825;1.664;1.067;2.767;0.145;1.170;28208
B516DA;2015/03/03 01:10:45;28208;74;31.9;19.8;2.783;1.664;1.067;2.767;0.132;1.187;28209
B516DA;2015/03/03 01:10:55;28209;81;32.9;20.1;2.645;1.664;1.054;2.767;0.132;1.177;28210
B516DA;2015/03/03 01:11:06;28210;89;29.0;19.2;2.719;1.703;1.054;2.803;0.132;1.190;28211
B516DA;2015/03/03 01:11:15;28211;87;28.0;20.1;2.848;1.703;1.074;2.803;0.132;1.180;28212
B516DA;2015/03/03 01:11:25;28212;86;33.8;19.6;2.706;1.690;1.074;2.803;0.109;1.216;28213
B516DA;2015/03/03 01:11:35;28213;82;31.6;20.4;2.799;1.690;1.077;2.803;0.109;1.174;28214
B516DA;2015/03/03 01:11:46;28214;93;27.0;19.8;2.641;1.664;1.077;2.767;0.109;1.222;28215
B516DA;2015/03/03 01:11:55;28215;87;27.0;19.9;2.661;1.664;1.054;2.767;0.109;1.196;28216
B516DA;2015/03/03 01:12:05;28216;89;28.3;19.4;2.648;1.699;1.054;2.767;0.090;1.164;28217
B516DA;2015/03/03 01:12:15;28217;87;34.5;19.8;2.832;1.699;1.112;2.767;0.090;1.187;28218
B516DA;2015/03/03 01:12:26;28218;83;27.0;19.8;2.641;1.690;1.112;2.748;0.090;1.167;28219
B516DA;2015/03/03 01:12:35;28219;80;31.6;19.9;2.851;1.690;1.054;2.748;0.090;1.180;28220
B516DA;2015/03/03 01:12:45;28220;86;30.9;19.4;2.777;1.706;1.054;2.748;0.083;1.170;28221
B516DA;2015/03/03 01:12:55;28221;90;34.1;19.8;2.806;1.706;1.106;2.748;0.083;1.196;28222
B516DA;2015/03/03 01:13:06;28222;88;31.2;19.4;2.667;1.706;1.106;2.787;0.083;1.193;28223
B516DA;2015/03/03 01:13:15;28223;85;32.2;19.4;2.648;1.706;1.106;2.787;0.083;1.174;28224
B516DA;2015/03/03 01:13:25;28224;86;33.5;19.8;2.790;1.696;1.106;2.787;0.093;1.174;28225
B516DA;2015/03/03 01:13:35;28225;78;32.2;19.9;2.825;1.696;1.054;2.787;0.093;1.203;28226
B516DA;2015/03/03 01:13:46;28226;88;27.0;20.1;2.641;1.680;1.054;2.767;0.093;1.174;28227
B516DA;2015/03/03 01:13:55;28227;79;27.7;20.1;2.832;1.680;1.058;2.767;0.093;1.196;28228
B516DA;2015/03/03 01:14:06;28228;88;32.5;19.9;2.777;1.664;1.058;2.767;0.125;1.212;28229
B516DA;2015/03/03 01:14:15;28229;89;31.6;19.8;2.632;1.664;1.054;2.767;0.125;1.167;28230
B516DA;2015/03/03 01:14:26;28230;88;27.7;20.1;2.658;1.664;1.054;2.777;0.125;1.164;28231
B516DA;2015/03/03 01:14:35;28231;83;26.4;19.6;2.661;1.664;1.064;2.777;0.125;1.187;28232
B516DA;2015/03/03 01:14:46;28232;89;29.3;19.1;2.641;1.667;1.064;2.777;0.112;1.180;28233
B516DA;2015/03/03 01:14:55;28233;89;31.2;19.8;2.845;1.667;1.093;2.777;0.112;1.183;28234
B516DA;2015/03/03 01:15:06;28234;86;29.3;19.2;2.793;1.670;1.093;2.777;0.112;1.193;28235
B516DA;2015/03/03 01:15:15;28235;78;27.4;19.8;2.658;1.670;1.054;2.777;0.112;1.203;28236
B516DA;2015/03/03 01:15:25;28236;86;31.9;19.6;2.829;1.706;1.054;2.777;0.138;1.187;28237
B516DA;2015/03/03 01:15:35;28237;87;33.5;19.9;2.780;1.706;1.058;2.777;0.138;1.183;28238
B516DA;2015/03/03 01:15:46;28238;85;27.4;19.8;2.641;1.693;1.058;2.806;0.138;1.216;28239
B516DA;2015/03/03 01:15:55;28239;73;31.9;19.8;2.851;1.693;1.093;2.806;0.138;1.174;28240
B516DA;2015/03/03 01:16:05;28240;88;32.5;18.9;2.835;1.664;1.093;2.806;0.106;1.180;28241
B516DA;2015/03/03 01:16:15;28241;73;29.3;19.8;2.812;1.664;1.054;2.806;0.106;1.174;28242
B516DA;2015/03/03 01:16:26;28242;85;33.8;19.4;2.641;1.703;1.054;2.748;0.106;1.206;28243
B516DA;2015/03/03 01:16:35;28243;83;33.2;19.2;2.648;1.703;1.054;2.748;0.106;1.196;28244
B516DA;2015/03/03 01:16:45;28244;83;27.7;19.6;2.635;1.664;1.054;2.748;0.112;1.187;28245
B516DA;2015/03/03 01:16:55;28245;84;28.3;19.6;2.845;1.664;1.074;2.748;0.112;1.174;28246
B516DA;2015/03/03 01:17:06;28246;88;32.5;19.6;2.751;1.664;1.074;2.793;0.112;1.180;28247
B516DA;2015/03/03 01:17:15;28247;83;30.9;19.6;2.638;1.664;1.054;2.793;0.112;1.187;28248
B516DA;2015/03/03 01:17:25;28248;88;29.0;19.2;2.829;1.674;1.054;2.793;0.145;1.170;28249
B516DA;2015/03/03 01:17:35;28249;84;28.0;20.1;2.851;1.674;1.051;2.793;0.145;1.190;28250
B516DA;2015/03/03 01:17:46;28250;85;30.6;18.9;2.835;1.699;1.051;2.761;0.145;1.216;28251
B516DA;2015/03/03 01:17:55;28251;79;32.2;20.1;2.645;1.699;1.109;2.761;0.145;1.180;28252
B516DA;2015/03/03 01:18:05;28252;89;27.0;20.1;2.641;1.699;1.109;2.761;0.090;1.174;28253
B516DA;2015/03/03 01:18:15;28253;85;27.0;19.6;2.674;1.699;1.051;2.761;0.090;1.196;28254
B516DA;2015/03/03 01:18:26;28254;91;33.5;19.8;2.851;1.667;1.051;2.767;0.090;1.174;28255
B516DA;2015/03/03 01:18:35;28255;84;28.7;19.8;2.745;1.667;1.051;2.767;0.090;1.190;28256
B516DA;2015/03/03 01:18:45;28256;86;30.9;19.8;2.809;1.664;1.051;2.767;0.090;1.161;28257
B516DA;2015/03/03 01:18:55;28257;87;28.7;20.1;2.761;1.664;1.109;2.767;0.090;1.167;28258
B516DA;2015/03/03 01:19:06;28258;84;29.3;19.4;2.641;1.706;1.109;2.754;0.090;1.177;28259
B516DA;2015/03/03 01:19:15;28259;80;28.7;19.8;2.761;1.706;1.054;2.754;0.090;1.183;28260
B516DA;2015/03/03 01:19:25;28260;92;27.4;20.1;2.638;1.687;1.054;2.754;0.096;1.196;28261
B516DA;2015/03/03 01:19:35;28261;88;27.4;19.8;2.819;1.687;1.070;2.754;0.096;1.193;28262
B516DA;2015/03/03 01:19:46;28262;89;32.9;19.1;2.719;1.664;1.070;2.835;0.096;1.212;28263
B516DA;2015/03/03 01:19:55;28263;84;29.6;20.1;2.780;1.664;1.106;2.835;0.096;1.222;28264
B516DA;2015/03/03 01:20:06;28264;77;29.0;19.1;2.667;1.674;1.106;2.835;0.096;1.180;28265
B516DA;2015/03/03 01:20:15;28265;90;31.9;20.1;2.832;1.674;1.061;2.835;0.096;1.180;28266
B516DA;2015/03/03 01:20:26;28266;87;34.5;19.4;2.735;1.709;1.061;2.835;0.096;1.190;28267
B516DA;2015/03/03 01:20:35;28267;83;31.6;19.2;2.661;1.709;1.080;2.835;0.096;1.229;28268
B516DA;2015/03/03 01:20:45;28268;88;30.3;19.6;2.635;1.664;1.080;2.835;0.161;1.238;28269
B516DA;2015/03/03 01:20:55;28269;90;28.0;19.8;2.838;1.664;1.054;2.835;0.161;1.199;28270
B516DA;2015/03/03 01:21:06;28270;79;29.3;19.1;2.648;1.709;1.054;2.799;0.161;1.222;28271
B516DA;2015/03/03 01:21:15;28271;84;34.1;19.6;2.799;1.709;1.054;2.799;0.161;1.183;28272
B516DA;2015/03/03 01:21:25;28272;88;30.3;19.8;2.632;1.703;1.054;2.799;0.093;1.180;28273
B516DA;2015/03/03 01:21:35;28273;86;28.7;19.6;2.738;1.703;1.109;2.799;0.093;1.190;28274
B516DA;2015/03/03 01:21:46;28274;86;31.2;19.8;2.845;1.687;1.109;2.787;0.093;1.206;28275
B516DA;2015/03/03 01:21:55;28275;85;27.0;19.6;2.761;1.687;1.054;2.787;0.093;1.180;28276
B516DA;2015/03/03 01:22:06;28276;83;29.6;19.2;2.835;1.674;1.054;2.787;0.083;1.174;28277
B516DA;2015/03/03 01:22:15;28277;80;32.5;20.1;2.832;1.674;1.112;2.787;0.083;1.212;28278
B516DA;2015/03/03 01:22:26;28278;80;32.5;19.6;2.674;1.667;1.112;2.767;0.083;1.225;28279
B516DA;2015/03/03 01:22:35;28279;80;32.5;19.8;2.774;1.667;1.058;2.767;0.083;1.212;28280
B516DA;2015/03/03 01:22:45;28280;82;33.5;19.4;2.658;1.693;1.058;2.767;0.119;1.161;28281
B516DA;2015/03/03 01:22:55;28281;92;30.6;20.1;2.819;1.693;1.054;2.767;0.119;1.180;28282
B516DA;2015/03/03 01:23:06;28282;79;27.7;20.1;2.654;1.670;1.054;2.783;0.119;1.183;28283
B516DA;2015/03/03 01:23:15;28283;76;27.4;19.4;2.632;1.670;1.051;2.783;0.119;1.206;28284
B516DA;2015/03/03 01:23:25;28284;92;32.9;19.4;2.667;1.667;1.051;2.783;0.148;1.209;28285
B516DA;2015/03/03 01:23:35;28285;83;28.7;19.9;2.725;1.667;1.109;2.783;0.148;1.199;28286
B516DA;2015/03/03 01:23:46;28286;80;34.1;19.8;2.764;1.699;1.109;2.774;0.148;1.180;28287
B516DA;2015/03/03 01:23:55;28287;82;27.4;19.9;2.706;1.699;1.112;2.774;0.148;1.174;28288
B516DA;2015/03/03 01:24:05;28288;83;27.7;20.1;2.638;1.670;1.112;2.774;0.099;1.219;28289
B516DA;2015/03/03 01:24:15;28289;75;27.4;19.8;2.658;1.670;1.064;2.774;0.099;1.180;28290
B516DA;2015/03/03 01:24:26;28290;89;29.6;20.3;2.632;1.696;1.064;2.816;0.099;1.187;28291
B516DA;2015/03/03 01:24:35;28291;84;34.1;19.8;2.687;1.696;1.058;2.816;0.099;1.177;28292
B516DA;2015/03/03 01:24:45;28292;83;32.5;19.6;2.674;1.664;1.058;2.816;0.148;1.229;28293
B516DA;2015/03/03 01:24:55;28293;88;32.2;20.1;2.851;1.664;1.083;2.816;0.148;1.229;28294
B516DA;2015/03/03 01:25:06;28294;88;32.9;19.4;2.790;1.706;1.083;2.803;0.148;1.232;28295
B516DA;2015/03/03 01:25:15;28295;84;31.6;19.1;2.851;1.706;1.058;2.803;0.148;1.209;28296
B516DA;2015/03/03 01:25:26;28296;83;28.0;19.6;2.851;1.674;1.058;2.803;0.096;1.216;28297
B516DA;2015/03/03 01:25:35;28297;88;29.6;20.1;2.832;1.674;1.074;2.803;0.096;1.229;28298
B516DA;2015/03/03 01:25:46;28298;90;27.7;19.1;2.625;1.664;1.074;2.790;0.096;1.216;28299
B516DA;2015/03/03 01:25:55;28299;88;30.6;19.2;2.712;1.664;1.109;2.790;0.096;1.183;28300
B516DA;2015/03/03 01:26:06;28300;80;30.9;19.6;2.799;1.703;1.109;2.790;0.096;1.196;28301
B516DA;2015/03/03 01:26:15;28301;79;27.4;19.8;2.793;1.703;1.058;2.790;0.096;1.203;28302
B516DA;2015/03/03 01:26:26;28302;91;27.7;19.9;2.638;1.667;1.058;2.861;0.096;1.206;28303
B516DA;2015/03/03 01:26:35;28303;80;34.8;19.4;2.738;1.667;1.080;2.861;0.096;1.203;28304
B516DA;2015/03/03 01:26:46;28304;91;32.2;19.6;2.832;1.664;1.080;2.861;0.099;1.222;28305
B516DA;2015/03/03 01:26:55;28305;91;32.9;19.8;2.793;1.664;1.112;2.861;0.099;1.222;28306
B516DA;2015/03/03 01:27:06;28306;93;27.0;20.1;2.648;1.674;1.112;2.819;0.099;1.248;28307
B516DA;2015/03/03 01:27:15;28307;85;31.9;19.9;2.854;1.674;1.058;2.819;0.099;1.222;28308
B516DA;2015/03/03 01:27:26;28308;83;32.5;19.6;2.680;1.699;1.058;2.819;0.083;1.219;28309
B516DA;2015/03/03 01:27:35;28309;81;31.9;19.6;2.851;1.699;1.054;2.819;0.083;1.196;28310
B516DA;2015/03/03 01:27:46;28310;83;28.3;19.4;2.638;1.706;1.054;2.822;0.083;1.206;28311
B516DA;2015/03/03 01:27:55;28311;86;27.4;19.6;2.677;1.706;1.054;2.822;0.083;1.196;28312
B516DA;2015/03/03 01:28:06;28312;74;27.7;19.8;2.803;1.696;1.054;2.822;0.099;1.229;28313
B516DA;2015/03/03 01:28:15;28313;87;27.7;19.9;2.654;1.696;1.051;2.822;0.099;1.216;28314
B516DA;2015/03/03 01:28:26;28314;91;30.3;19.9;2.845;1.670;1.051;2.738;0.099;1.193;28315
B516DA;2015/03/03 01:28:35;28315;88;26.4;19.9;2.661;1.670;1.051;2.738;0.099;1.180;28316
B516DA;2015/03/03 01:28:46;28316;88;31.2;19.4;2.667;1.680;1.051;2.738;0.096;1.183;28317
B516DA;2015/03/03 01:28:55;28317;90;26.4;19.8;2.761;1.680;1.048;2.738;0.096;1.174;28318
B516DA;2015/03/03 01:29:06;28318;83;31.9;19.9;2.835;1.703;1.048;2.741;0.096;1.196;28319
B516DA;2015/03/03 01:29:15;28319;86;30.0;19.6;2.725;1.703;1.064;2.741;0.096;1.203;28320
B516DA;2015/03/03 01:29:26;28320;85;32.9;19.4;2.706;1.683;1.064;2.741;0.093;1.193;28321
B516DA;2015/03/03 01:29:35;28321;82;27.7;19.9;2.645;1.683;1.054;2.741;0.093;1.183;28322
B516DA;2015/03/03 01:29:46;28322;85;30.6;19.9;2.664;1.664;1.054;2.732;0.093;1.177;28323
B516DA;2015/03/03 01:29:55;28323;84;29.3;19.8;2.787;1.664;1.064;2.732;0.093;1.180;28324
B516DA;2015/03/03 01:30:06;28324;91;31.2;19.9;2.625;1.693;1.064;2.732;0.096;1.203;28325
B516DA;2015/03/03 01:30:15;28325;92;29.3;19.8;2.793;1.693;1.054;2.732;0.096;1.170;28326
B516DA;2015/03/03 01:30:26;28326;81;30.6;19.2;2.751;1.696;1.054;2.770;0.096;1.209;28327
B516DA;2015/03/03 01:30:35;28327;79;32.9;19.8;2.780;1.696;1.064;2.770;0.096;1.167;28328
B516DA;2015/03/03 01:30:46;28328;93;30.9;19.9;2.790;1.703;1.064;2.770;0.112;1.180;28329
B516DA;2015/03/03 01:30:55;28329;78;26.7;19.6;2.754;1.703;1.093;2.770;0.112;1.196;28330
B516DA;2015/03/03 01:31:06;28330;84;26.7;19.9;2.851;1.670;1.093;2.774;0.112;1.193;28331
B516DA;2015/03/03 01:31:15;28331;74;32.2;19.6;2.848;1.670;1.058;2.774;0.112;1.190;28332
B516DA;2015/03/03 01:31:26;28332;80;30.9;19.8;2.625;1.693;1.058;2.774;0.090;1.196;28333
B516DA;2015/03/03 01:31:35;28333;88;27.7;20.3;2.699;1.693;1.058;2.774;0.090;1.167;28334
B516DA;2015/03/03 01:31:46;28334;73;27.7;19.1;2.629;1.703;1.058;2.758;0.090;1.216;28335
B516DA;2015/03/03 01:31:55;28335;88;30.0;19.8;2.732;1.703;1.112;2.758;0.090;1.174;28336
B516DA;2015/03/03 01:32:06;28336;75;31.9;19.8;2.635;1.680;1.112;2.758;0.096;1.170;28337
B516DA;2015/03/03 01:32:15;28337;73;32.2;19.4;2.851;1.680;1.054;2.758;0.096;1.203;28338
B516DA;2015/03/03 01:32:26;28338;83;26.7;20.3;2.699;1.696;1.054;2.774;0.096;1.216;28339
B516DA;2015/03/03 01:32:35;28339;90;26.4;19.8;2.774;1.696;1.077;2.774;0.096;1.183;28340
B516DA;2015/03/03 01:32:46;28340;93;30.3;19.6;2.777;1.661;1.077;2.774;0.216;1.196;28341
B516DA;2015/03/03 01:32:55;28341;84;30.9;19.6;2.670;1.661;1.054;2.774;0.216;1.219;28342
B516DA;2015/03/03 01:33:06;28342;87;30.3;19.2;2.838;1.690;1.054;2.780;0.216;1.193;28343
B516DA;2015/03/03 01:33:15;28343;86;28.7;20.1;2.799;1.690;1.051;2.780;0.216;1.206;28344
B516DA;2015/03/03 01:33:26;28344;93;31.6;19.9;2.625;1.664;1.051;2.780;0.129;1.174;28345
B516DA;2015/03/03 01:33:35;28345;77;29.0;20.1;2.851;1.664;1.054;2.780;0.129;1.212;28346
B516DA;2015/03/03 01:33:46;28346;83;26.7;20.1;2.641;1.677;1.054;2.751;0.129;1.193;28347
B516DA;2015/03/03 01:33:55;28347;81;26.7;19.6;2.674;1.677;1.054;2.751;0.129;1.167;28348
B516DA;2015/03/03 01:34:06;28348;90;30.9;20.3;2.625;1.699;1.054;2.751;0.090;1.187;28349
B516DA;2015/03/03 01:34:15;28349;88;30.6;20.1;2.793;1.699;1.106;2.751;0.090;1.170;28350
B516DA;2015/03/03 01:34:26;28350;88;29.6;19.2;2.725;1.661;1.106;2.787;0.090;1.170;28351
B516DA;2015/03/03 01:34:35;28351;81;29.6;20.4;2.687;1.661;1.074;2.787;0.090;1.167;28352
B516DA;2015/03/03 01:34:46;28352;91;31.2;19.9;2.783;1.693;1.074;2.787;0.125;1.190;28353
B516DA;2015/03/03 01:34:55;28353;82;28.7;19.8;2.787;1.693;1.109;2.787;0.125;1.154;28354
B516DA;2015/03/03 01:35:06;28354;85;28.3;19.8;2.790;1.690;1.109;2.796;0.125;1.158;28355
B516DA;2015/03/03 01:35:15;28355;84;29.3;20.1;2.851;1.690;1.054;2.796;0.125;1.164;28356
B516DA;2015/03/03 01:35:26;28356;76;31.6;20.1;2.625;1.690;1.054;2.796;0.096;1.164;28357
B516DA;2015/03/03 01:35:35;28357;75;30.3;19.2;2.706;1.690;1.109;2.796;0.096;1.167;28358
B516DA;2015/03/03 01:35:46;28358;89;29.0;19.6;2.819;1.674;1.109;2.767;0.096;1.209;28359
B516DA;2015/03/03 01:35:55;28359;81;27.7;19.9;2.732;1.674;1.058;2.767;0.096;1.190;28360
B516DA;2015/03/03 01:36:06;28360;83;30.9;19.9;2.670;1.680;1.058;2.767;0.099;1.174;28361
B516DA;2015/03/03 01:36:15;28361;84;29.3;20.1;2.787;1.680;1.051;2.767;0.099;1.180;28362
B516DA;2015/03/03 01:36:26;28362;85;31.6;19.8;2.654;1.670;1.051;2.761;0.099;1.167;28363
B516DA;2015/03/03 01:36:35;28363;83;31.6;20.4;2.845;1.670;1.067;2.761;0.099;1.206;28364
B516DA;2015/03/03 01:36:46;28364;78;30.0;19.9;2.832;1.690;1.067;2.761;0.158;1.199;28365
B516DA;2015/03/03 01:36:55;28365;84;28.7;19.8;2.848;1.690;1.061;2.761;0.158;1.170;28366
B516DA;2015/03/03 01:37:06;28366;84;27.0;20.1;2.641;1.664;1.061;2.774;0.158;1.193;28367
B516DA;2015/03/03 01:37:15;28367;78;27.7;19.9;2.658;1.664;1.067;2.774;0.158;1.154;28368
B516DA;2015/03/03 01:37:26;28368;83;30.3;20.3;2.625;1.664;1.067;2.774;0.083;1.161;28369
B516DA;2015/03/03 01:37:35;28369;74;32.9;19.9;2.845;1.664;1.070;2.774;0.083;1.174;28370
B516DA;2015/03/03 01:37:46;28370;87;31.6;19.6;2.783;1.664;1.070;2.767;0.083;1.187;28371
B516DA;2015/03/03 01:37:55;28371;78;29.3;20.4;2.699;1.664;1.054;2.767;0.083;1.167;28372
B516DA;2015/03/03 01:38:06;28372;83;32.5;19.8;2.709;1.693;1.054;2.767;0.090;1.203;28373
B516DA;2015/03/03 01:38:15;28373;91;27.0;19.9;2.661;1.693;1.067;2.767;0.090;1.148;28374
B516DA;2015/03/03 01:38:26;28374;84;27.7;20.8;2.751;1.687;1.067;2.787;0.090;1.183;28375
B516DA;2015/03/03 01:38:35;28375;79;32.5;19.9;2.825;1.687;1.054;2.787;0.090;1.203;28376
B516DA;2015/03/03 01:38:46;28376;76;27.4;20.4;2.625;1.706;1.054;2.787;0.164;1.174;28377
B516DA;2015/03/03 01:38:55;28377;81;28.0;19.9;2.635;1.706;1.106;2.787;0.164;1.203;28378
B516DA;2015/03/03 01:39:06;28378;88;27.0;20.3;2.654;1.690;1.106;2.748;0.164;1.190;28379
B516DA;2015/03/03 01:39:15;28379;78;29.3;19.8;2.812;1.690;1.070;2.748;0.164;1.203;28380
B516DA;2015/03/03 01:39:26;28380;77;27.0;20.1;2.648;1.664;1.070;2.748;0.090;1.161;28381
B516DA;2015/03/03 01:39:35;28381;84;28.7;19.9;2.751;1.664;1.054;2.748;0.090;1.196;28382
B516DA;2015/03/03 01:39:46;28382;80;31.2;19.8;2.845;1.674;1.054;2.751;0.090;1.203;28383
B516DA;2015/03/03 01:39:55;28383;83;26.7;19.8;2.674;1.674;1.054;2.751;0.090;1.183;28384
B516DA;2015/03/03 01:40:06;28384;88;31.2;19.4;2.693;1.670;1.054;2.751;0.190;1.161;28385
B516DA;2015/03/03 01:40:15;28385;84;30.6;20.3;2.832;1.670;1.106;2.751;0.190;1.164;28386
B516DA;2015/03/03 01:40:26;28386;84;31.9;19.8;2.832;1.670;1.106;2.787;0.190;1.187;28387
B516DA;2015/03/03 01:40:35;28387;80;26.7;20.1;2.783;1.670;1.112;2.787;0.190;1.154;28388
B516DA;2015/03/03 01:40:46;28388;87;27.7;20.3;2.693;1.706;1.112;2.787;0.083;1.180;28389
B516DA;2015/03/03 01:40:55;28389;86;28.7;19.9;2.774;1.706;1.054;2.787;0.083;1.170;28390
B516DA;2015/03/03 01:41:06;28390;91;29.0;19.9;2.629;1.674;1.054;2.780;0.083;1.180;28391
B516DA;2015/03/03 01:41:15;28391;83;26.7;19.8;2.667;1.674;1.067;2.780;0.083;1.161;28392
B516DA;2015/03/03 01:41:26;28392;88;27.0;20.4;2.832;1.696;1.067;2.780;0.090;1.199;28393
B516DA;2015/03/03 01:41:35;28393;90;32.5;20.1;2.635;1.696;1.054;2.780;0.090;1.170;28394
B516DA;2015/03/03 01:41:46;28394;86;29.6;19.6;2.748;1.693;1.054;2.799;0.090;1.180;28395
B516DA;2015/03/03 01:41:55;28395;90;31.6;19.8;2.661;1.693;1.074;2.799;0.090;1.183;28396
B516DA;2015/03/03 01:42:06;28396;90;28.0;19.4;2.683;1.664;1.074;2.799;0.161;1.219;28397
B516DA;2015/03/03 01:42:15;28397;79;32.9;20.1;2.774;1.664;1.093;2.799;0.161;1.174;28398
B516DA;2015/03/03 01:42:26;28398;88;31.9;19.8;2.832;1.699;1.093;2.787;0.161;1.174;28399
B516DA;2015/03/03 01:42:35;28399;81;28.7;19.8;2.793;1.699;1.054;2.787;0.161;1.203;28400
B516DA;2015/03/03 01:42:46;28400;88;30.9;19.8;2.812;1.696;1.054;2.787;0.099;1.187;28401
B516DA;2015/03/03 01:42:55;28401;88;27.0;20.3;2.699;1.696;1.051;2.787;0.099;1.206;28402
B516DA;2015/03/03 01:43:06;28402;83;28.3;19.8;2.699;1.670;1.051;2.796;0.099;1.170;28403
B516DA;2015/03/03 01:43:15;28403;83;28.3;19.8;2.741;1.670;1.067;2.796;0.099;1.180;28404
B516DA;2015/03/03 01:43:26;28404;75;28.7;19.8;2.803;1.680;1.067;2.796;0.096;1.167;28405
B516DA;2015/03/03 01:43:35;28405;86;30.3;19.2;2.699;1.680;1.083;2.796;0.096;1.174;28406
B516DA;2015/03/03 01:43:46;28406;79;27.4;20.1;2.654;1.696;1.083;2.748;0.096;1.196;28407
B516DA;2015/03/03 01:43:55;28407;76;31.6;19.9;2.651;1.696;1.054;2.748;0.096;1.170;28408
B516DA;2015/03/03 01:44:06;28408;85;29.3;19.6;2.841;1.693;1.054;2.748;0.083;1.177;28409
B516DA;2015/03/03 01:44:15;28409;88;28.0;20.1;2.851;1.693;1.080;2.748;0.083;1.183;28410
B516DA;2015/03/03 01:44:26;28410;90;31.6;19.8;2.832;1.699;1.080;2.725;0.083;1.203;28411
B516DA;2015/03/03 01:44:35;28411;85;29.3;20.4;2.793;1.699;1.054;2.725;0.083;1.161;28412
B516DA;2015/03/03 01:44:46;28412;83;27.7;20.1;2.638;1.664;1.054;2.725;0.099;1.158;28413
B516DA;2015/03/03 01:44:55;28413;78;31.2;19.4;2.641;1.664;1.054;2.725;0.099;1.154;28414
B516DA;2015/03/03 01:45:06;28414;92;31.2;19.9;2.777;1.664;1.054;2.748;0.099;1.180;28415
B516DA;2015/03/03 01:45:15;28415;81;26.4;19.8;2.761;1.664;1.099;2.748;0.099;1.170;28416
B516DA;2015/03/03 01:45:26;28416;88;30.9;20.3;2.832;1.674;1.099;2.748;0.090;1.219;28417
B516DA;2015/03/03 01:45:35;28417;89;26.4;19.8;2.667;1.674;1.064;2.748;0.090;1.187;28418
B516DA;2015/03/03 01:45:46;28418;87;30.9;19.8;2.793;1.687;1.064;2.793;0.090;1.196;28419
B516DA;2015/03/03 01:45:55;28419;73;28.7;20.1;2.793;1.687;1.048;2.793;0.090;1.174;28420
B516DA;2015/03/03 01:46:06;28420;89;31.9;19.9;2.845;1.687;1.048;2.793;0.096;1.164;28421
B516DA;2015/03/03 01:46:15;28421;83;26.7;19.9;2.687;1.687;1.054;2.793;0.096;1.190;28422
B516DA;2015/03/03 01:46:26;28422;78;31.6;20.3;2.664;1.696;1.054;2.738;0.096;1.180;28423
B516DA;2015/03/03 01:46:35;28423;79;30.9;20.1;2.851;1.696;1.106;2.738;0.096;1.170;28424
B516DA;2015/03/03 01:46:46;28424;78;27.7;20.4;2.638;1.690;1.106;2.738;0.096;1.187;28425
B516DA;2015/03/03 01:46:55;28425;76;27.4;19.6;2.654;1.690;1.054;2.738;0.096;1.196;28426
B516DA;2015/03/03 01:47:06;28426;79;32.2;20.1;2.651;1.683;1.054;2.745;0.096;1.183;28427
B516DA;2015/03/03 01:47:15;28427;88;29.0;19.9;2.722;1.683;1.048;2.745;0.096;1.174;28428
B516DA;2015/03/03 01:47:26;28428;90;27.0;20.1;2.641;1.680;1.048;2.745;0.096;1.180;28429
B516DA;2015/03/03 01:47:35;28429;83;27.4;19.6;2.735;1.680;1.112;2.745;0.096;1.190;28430
B516DA;2015/03/03 01:47:46;28430;83;34.1;19.6;2.845;1.693;1.112;2.725;0.096;1.170;28431
B516DA;2015/03/03 01:47:55;28431;77;29.0;19.8;2.780;1.693;1.058;2.725;0.096;1.174;28432
B516DA;2015/03/03 01:48:06;28432;88;29.3;19.4;2.661;1.693;1.058;2.725;0.122;1.167;28433
B516DA;2015/03/03 01:48:15;28433;91;32.9;20.1;2.851;1.693;1.067;2.725;0.122;1.196;28434
B516DA;2015/03/03 01:48:26;28434;83;29.3;19.8;2.825;1.683;1.067;2.770;0.122;1.190;28435
B516DA;2015/03/03 01:48:35;28435;88;32.2;20.1;2.848;1.683;1.106;2.770;0.122;1.174;28436
B516DA;2015/03/03 01:48:46;28436;85;28.3;19.4;2.641;1.709;1.106;2.770;0.132;1.164;28437
B516DA;2015/03/03 01:48:55;28437;86;26.4;19.6;2.661;1.709;1.099;2.770;0.132;1.154;28438
B516DA;2015/03/03 01:49:06;28438;88;34.1;19.2;2.725;1.674;1.099;2.758;0.132;1.154;28439
B516DA;2015/03/03 01:49:15;28439;79;28.7;20.3;2.754;1.674;1.080;2.758;0.132;1.158;28440
B516DA;2015/03/03 01:49:26;28440;90;27.7;20.8;2.667;1.699;1.080;2.758;0.090;1.174;28441
B516DA;2015/03/03 01:49:35;28441;83;30.0;20.3;2.825;1.699;1.054;2.758;0.090;1.161;28442
B516DA;2015/03/03 01:49:46;28442;84;28.7;19.4;2.680;1.693;1.054;2.767;0.090;1.190;28443
B516DA;2015/03/03 01:49:55;28443;90;30.9;20.1;2.825;1.693;1.054;2.767;0.090;1.212;28444
B516DA;2015/03/03 01:50:06;28444;93;31.6;20.3;2.838;1.664;1.054;2.767;0.164;1.203;28445
B516DA;2015/03/03 01:50:15;28445;83;32.9;20.1;2.774;1.664;1.051;2.767;0.164;1.209;28446
B516DA;2015/03/03 01:50:26;28446;83;27.7;19.8;2.667;1.664;1.051;2.809;0.164;1.209;28447
B516DA;2015/03/03 01:50:35;28447;91;30.0;20.3;2.819;1.664;1.054;2.809;0.164;1.180;28448
B516DA;2015/03/03 01:50:46;28448;84;27.4;20.3;2.651;1.706;1.054;2.809;0.209;1.196;28449
B516DA;2015/03/03 01:50:55;28449;79;29.3;20.1;2.754;1.706;1.054;2.809;0.209;1.232;28450
B516DA;2015/03/03 01:51:06;28450;83;27.4;19.8;2.641;1.709;1.054;2.845;0.209;1.238;28451
B516DA;2015/03/03 01:51:15;28451;88;28.7;19.8;2.751;1.709;1.054;2.845;0.209;1.190;28452
B516DA;2015/03/03 01:51:26;28452;82;32.9;19.8;2.687;1.690;1.054;2.845;0.099;1.225;28453
B516DA;2015/03/03 01:51:35;28453;75;29.6;19.8;2.793;1.690;1.106;2.845;0.099;1.229;28454
B516DA;2015/03/03 01:51:46;28454;86;31.9;19.9;2.796;1.709;1.106;2.838;0.099;1.212;28455
B516DA;2015/03/03 01:51:55;28455;82;29.3;20.1;2.793;1.709;1.112;2.838;0.099;1.225;28456
B516DA;2015/03/03 01:52:06;28456;93;27.4;20.4;2.648;1.670;1.112;2.838;0.099;1.190;28457
B516DA;2015/03/03 01:52:15;28457;76;31.6;19.8;2.641;1.670;1.070;2.838;0.099;1.229;28458
B516DA;2015/03/03 01:52:26;28458;81;30.0;19.9;2.825;1.687;1.070;2.848;0.099;1.209;28459
B516DA;2015/03/03 01:52:35;28459;83;28.3;19.6;2.741;1.687;1.074;2.848;0.099;1.225;28460
B516DA;2015/03/03 01:52:46;28460;88;31.9;19.9;2.803;1.699;1.074;2.848;0.096;1.222;28461
B516DA;2015/03/03 01:52:55;28461;88;30.6;20.4;2.712;1.699;1.106;2.848;0.096;1.187;28462
B516DA;2015/03/03 01:53:06;28462;91;28.7;19.6;2.712;1.690;1.106;2.790;0.096;1.199;28463
B516DA;2015/03/03 01:53:15;28463;77;33.2;19.9;2.841;1.690;1.064;2.790;0.096;1.229;28464
B516DA;2015/03/03 01:53:26;28464;88;27.7;20.1;2.693;1.674;1.064;2.790;0.099;1.241;28465
B516DA;2015/03/03 01:53:35;28465;89;27.7;19.9;2.641;1.674;1.054;2.790;0.099;1.216;28466
B516DA;2015/03/03 01:53:46;28466;93;31.2;19.8;2.851;1.696;1.054;2.787;0.099;1.212;28467
B516DA;2015/03/03 01:53:55;28467;81;27.0;19.9;2.683;1.696;1.112;2.787;0.099;1.180;28468
B516DA;2015/03/03 01:54:06;28468;90;31.2;19.6;2.845;1.664;1.112;2.787;0.161;1.199;28469
B516DA;2015/03/03 01:54:15;28469;89;29.0;19.8;2.851;1.664;1.051;2.787;0.161;1.203;28470
B516DA;2015/03/03 01:54:26;28470;90;30.6;20.1;2.664;1.703;1.051;2.790;0.161;1.206;28471
B516DA;2015/03/03 01:54:35;28471;76;32.2;19.1;2.848;1.703;1.112;2.790;0.161;1.199;28472
B516DA;2015/03/03 01:54:46;28472;89;27.0;20.4;2.641;1.706;1.112;2.790;0.106;1.235;28473
B516DA;2015/03/03 01:54:55;28473;81;27.7;19.8;2.654;1.706;1.099;2.790;0.106;1.187;28474
B516DA;2015/03/03 01:55:06;28474;89;31.2;19.9;2.774;1.696;1.099;2.780;0.106;1.235;28475
B516DA;2015/03/03 01:55:15;28475;83;26.7;19.6;2.667;1.696;1.058;2.780;0.106;1.180;28476
B516DA;2015/03/03 01:55:26;28476;84;27.0;20.1;2.641;1.690;1.058;2.780;0.096;1.206;28477
B516DA;2015/03/03 01:55:35;28477;88;26.7;19.6;2.761;1.690;1.087;2.780;0.096;1.235;28478
B516DA;2015/03/03 01:55:46;28478;83;33.5;19.4;2.661;1.683;1.087;2.819;0.096;1.203;28479
B516DA;2015/03/03 01:55:55;28479;81;28.3;19.6;2.651;1.683;1.058;2.819;0.096;1.193;28480
B516DA;2015/03/03 01:56:06;28480;92;31.6;19.9;2.645;1.693;1.058;2.819;0.096;1.238;28481
B516DA;2015/03/03 01:56:15;28481;87;30.0;19.8;2.812;1.693;1.054;2.819;0.096;1.190;28482
B516DA;2015/03/03 01:56:26;28482;80;31.2;19.9;2.641;1.687;1.054;2.819;0.096;1.222;28483
B516DA;2015/03/03 01:56:35;28483;83;26.7;19.9;2.680;1.687;1.054;2.819;0.096;1.232;28484
B516DA;2015/03/03 01:56:46;28484;78;32.2;19.8;2.651;1.699;1.054;2.819;0.090;1.222;28485
B516DA;2015/03/03 01:56:55;28485;82;28.0;19.6;2.732;1.699;1.054;2.819;0.090;1.209;28486
B516DA;2015/03/03 01:57:06;28486;87;31.9;19.9;2.799;1.706;1.054;2.777;0.090;1.206;28487
B516DA;2015/03/03 01:57:15;28487;88;30.0;20.1;2.735;1.706;1.087;2.777;0.090;1.193;28488
B516DA;2015/03/03 01:57:26;28488;83;27.4;19.4;2.661;1.703;1.087;2.777;0.170;1.193;28489
B516DA;2015/03/03 01:57:35;28489;86;27.4;20.3;2.709;1.703;1.074;2.777;0.170;1.193;28490
B516DA;2015/03/03 01:57:46;28490;83;29.0;19.4;2.729;1.706;1.074;2.790;0.170;1.196;28491
B516DA;2015/03/03 01:57:55;28491;88;27.7;19.9;2.825;1.706;1.112;2.790;0.170;1.187;28492
B516DA;2015/03/03 01:58:06;28492;91;28.0;19.9;2.641;1.687;1.112;2.790;0.096;1.196;28493
B516DA;2015/03/03 01:58:15;28493;83;31.9;20.1;2.832;1.687;1.067;2.790;0.096;1.177;28494
B516DA;2015/03/03 01:58:26;28494;92;29.0;19.8;2.838;1.709;1.067;2.751;0.096;1.212;28495
B516DA;2015/03/03 01:58:35;28495;83;32.5;20.1;2.764;1.709;1.109;2.751;0.096;1.212;28496
B516DA;2015/03/03 01:58:46;28496;83;34.5;19.6;2.777;1.693;1.109;2.751;0.096;1.187;28497
B516DA;2015/03/03 01:58:55;28497;73;30.9;19.4;2.641;1.693;1.054;2.751;0.096;1.190;28498
B516DA;2015/03/03 01:59:06;28498;88;33.2;19.4;2.641;1.667;1.054;2.812;0.096;1.190;28499
B516DA;2015/03/03 01:59:15;28499;83;28.0;20.1;2.645;1.667;1.093;2.812;0.096;1.177;28500
B516DA;2015/03/03 01:59:26;28500;78;27.0;20.3;2.638;1.664;1.093;2.812;0.096;1.209;28501
B516DA;2015/03/03 01:59:35;28501;85;30.0;20.1;2.832;1.664;1.064;2.812;0.096;1.199;28502
B516DA;2015/03/03 01:59:46;28502;84;27.0;19.8;2.641;1.667;1.064;2.819;0.096;1.229;28503
