B516DA;2015/03/08 00:00:06;11852;84;30.0;20.8;2.612;1.209;0.667;1.129;0.000;1.006;11853
B516DA;2015/03/08 00:00:16;11853;75;22.9;21.1;2.774;1.209;0.674;1.129;0.000;1.041;11854
B516DA;2015/03/08 00:00:26;11854;78;23.5;20.8;2.612;1.206;0.674;1.080;0.000;1.064;11855
B516DA;2015/03/08 00:00:36;11855;89;23.5;20.6;2.690;1.206;0.680;1.080;0.000;1.022;11856
B516DA;2015/03/08 00:00:46;11856;89;27.7;20.6;2.625;1.187;0.680;1.080;0.000;1.000;11857
B516DA;2015/03/08 00:00:56;11857;75;27.7;20.1;2.606;1.187;0.645;1.080;0.000;1.016;11858
B516DA;2015/03/08 00:01:06;11858;93;26.7;20.8;2.812;1.183;0.645;1.109;0.000;1.029;11859
B516DA;2015/03/08 00:01:16;11859;83;27.0;21.0;2.641;1.183;0.658;1.109;0.000;1.041;11860
B516DA;2015/03/08 00:01:26;11860;86;30.6;21.0;2.603;1.225;0.658;1.109;0.003;1.041;11861
B516DA;2015/03/08 00:01:36;11861;91;28.0;20.1;2.712;1.225;0.645;1.109;0.003;1.006;11862
B516DA;2015/03/08 00:01:46;11862;83;23.5;21.0;2.600;1.206;0.645;1.122;0.003;1.048;11863
B516DA;2015/03/08 00:01:56;11863;91;30.0;20.6;2.745;1.206;0.641;1.122;0.003;1.029;11864
B516DA;2015/03/08 00:02:06;11864;79;25.1;20.8;2.622;1.199;0.641;1.122;0.000;1.006;11865
B516DA;2015/03/08 00:02:16;11865;82;25.4;21.1;2.606;1.199;0.645;1.122;0.000;1.048;11866
B516DA;2015/03/08 00:02:26;11866;74;23.8;20.6;2.629;1.193;0.645;1.083;0.000;1.016;11867
B516DA;2015/03/08 00:02:36;11867;85;25.8;20.6;2.706;1.193;0.648;1.083;0.000;1.003;11868
B516DA;2015/03/08 00:02:46;11868;87;29.0;21.1;2.609;1.183;0.648;1.083;0.003;1.006;11869
B516DA;2015/03/08 00:02:56;11869;73;27.7;21.0;2.648;1.183;0.700;1.083;0.003;1.022;11870
B516DA;2015/03/08 00:03:06;11870;84;28.0;21.5;2.616;1.193;0.700;1.058;0.003;1.009;11871
B516DA;2015/03/08 00:03:16;11871;84;27.7;20.6;2.670;1.193;0.645;1.058;0.003;1.041;11872
B516DA;2015/03/08 00:03:26;11872;85;24.1;20.3;2.751;1.180;0.645;1.058;0.000;1.009;11873
B516DA;2015/03/08 00:03:36;11873;83;28.3;21.8;2.819;1.180;0.645;1.058;0.000;1.029;11874
B516DA;2015/03/08 00:03:46;11874;82;27.4;21.1;2.603;1.232;0.645;1.096;0.000;1.025;11875
B516DA;2015/03/08 00:03:56;11875;73;29.6;20.4;2.603;1.232;0.641;1.096;0.000;1.041;11876
B516DA;2015/03/08 00:04:06;11876;90;25.8;21.1;2.622;1.180;0.641;1.096;0.009;1.009;11877
B516DA;2015/03/08 00:04:16;11877;79;25.4;21.0;2.799;1.180;0.641;1.096;0.009;1.035;11878
B516DA;2015/03/08 00:04:26;11878;88;27.0;21.1;2.616;1.187;0.641;1.112;0.009;1.029;11879
B516DA;2015/03/08 00:04:36;11879;73;27.0;21.0;2.609;1.187;0.670;1.112;0.009;1.048;11880
B516DA;2015/03/08 00:04:46;11880;77;27.7;21.1;2.632;1.229;0.670;1.112;0.000;1.041;11881
B516DA;2015/03/08 00:04:56;11881;84;26.7;20.6;2.687;1.229;0.645;1.112;0.000;1.029;11882
B516DA;2015/03/08 00:05:06;11882;88;27.0;21.0;2.809;1.187;0.645;1.087;0.000;1.025;11883
B516DA;2015/03/08 00:05:16;11883;82;24.5;20.8;2.816;1.187;0.645;1.087;0.000;1.006;11884
B516DA;2015/03/08 00:05:26;11884;83;23.5;21.0;2.603;1.183;0.645;1.087;0.000;1.041;11885
B516DA;2015/03/08 00:05:36;11885;86;29.0;20.3;2.606;1.183;0.645;1.087;0.000;0.993;11886
B516DA;2015/03/08 00:05:46;11886;88;27.4;20.6;2.593;1.190;0.645;1.125;0.000;1.009;11887
B516DA;2015/03/08 00:05:56;11887;85;26.7;21.1;2.590;1.190;0.645;1.125;0.000;1.045;11888
B516DA;2015/03/08 00:06:06;11888;73;28.3;20.6;2.596;1.209;0.645;1.125;0.003;1.035;11889
B516DA;2015/03/08 00:06:16;11889;82;28.3;20.6;2.612;1.209;0.641;1.125;0.003;1.029;11890
B516DA;2015/03/08 00:06:26;11890;78;23.8;21.3;2.651;1.212;0.641;1.103;0.003;1.035;11891
B516DA;2015/03/08 00:06:36;11891;85;29.0;20.6;2.632;1.212;0.658;1.103;0.003;1.016;11892
B516DA;2015/03/08 00:06:46;11892;80;26.4;21.1;2.732;1.203;0.658;1.103;0.000;0.993;11893
B516DA;2015/03/08 00:06:56;11893;84;24.5;21.0;2.716;1.203;0.696;1.103;0.000;1.025;11894
B516DA;2015/03/08 00:07:06;11894;88;28.0;20.8;2.667;1.209;0.696;1.087;0.000;1.000;11895
B516DA;2015/03/08 00:07:16;11895;83;26.1;21.1;2.606;1.209;0.645;1.087;0.000;1.025;11896
B516DA;2015/03/08 00:07:26;11896;82;29.6;20.8;2.600;1.225;0.645;1.087;0.003;1.029;11897
B516DA;2015/03/08 00:07:36;11897;78;28.3;20.6;2.606;1.225;0.664;1.087;0.003;0.993;11898
B516DA;2015/03/08 00:07:46;11898;92;27.4;21.1;2.616;1.216;0.664;1.064;0.003;1.019;11899
B516DA;2015/03/08 00:07:56;11899;78;23.5;20.4;2.667;1.216;0.645;1.064;0.003;1.041;11900
B516DA;2015/03/08 00:08:06;11900;84;28.0;20.8;2.609;1.199;0.645;1.064;0.009;0.990;11901
B516DA;2015/03/08 00:08:16;11901;83;28.7;20.3;2.716;1.199;0.641;1.064;0.009;1.009;11902
B516DA;2015/03/08 00:08:26;11902;83;25.4;21.1;2.793;1.183;0.641;1.109;0.009;1.022;11903
B516DA;2015/03/08 00:08:36;11903;85;27.0;21.0;2.687;1.183;0.651;1.109;0.009;1.016;11904
B516DA;2015/03/08 00:08:46;11904;91;27.0;21.1;2.809;1.199;0.651;1.109;0.003;1.016;11905
B516DA;2015/03/08 00:08:56;11905;74;26.4;20.6;2.648;1.199;0.645;1.109;0.003;1.035;11906
B516DA;2015/03/08 00:09:06;11906;82;22.9;21.5;2.654;1.190;0.645;1.083;0.003;1.000;11907
B516DA;2015/03/08 00:09:16;11907;84;25.8;21.0;2.654;1.190;0.654;1.083;0.003;1.009;11908
B516DA;2015/03/08 00:09:26;11908;84;28.3;21.1;2.606;1.183;0.654;1.083;0.000;1.029;11909
B516DA;2015/03/08 00:09:36;11909;83;24.1;20.8;2.593;1.183;0.641;1.083;0.000;1.003;11910
B516DA;2015/03/08 00:09:46;11910;84;23.5;21.5;2.612;1.183;0.641;1.109;0.000;1.022;11911
B516DA;2015/03/08 00:09:56;11911;83;22.9;21.5;2.793;1.183;0.690;1.109;0.000;1.032;11912
B516DA;2015/03/08 00:10:06;11912;93;22.9;20.8;2.603;1.190;0.690;1.109;0.019;0.983;11913
B516DA;2015/03/08 00:10:16;11913;83;26.7;21.5;2.616;1.190;0.690;1.109;0.019;0.996;11914
B516DA;2015/03/08 00:10:26;11914;86;24.5;20.8;2.745;1.190;0.690;1.148;0.019;1.019;11915
B516DA;2015/03/08 00:10:36;11915;88;29.6;20.8;2.696;1.190;0.635;1.148;0.019;1.025;11916
B516DA;2015/03/08 00:10:46;11916;89;22.9;20.8;2.719;1.187;0.635;1.148;0.061;0.993;11917
B516DA;2015/03/08 00:10:56;11917;84;28.7;20.6;2.661;1.187;0.645;1.148;0.061;1.025;11918
B516DA;2015/03/08 00:11:06;11918;80;26.7;21.0;2.819;1.187;0.645;1.087;0.061;1.029;11919
B516DA;2015/03/08 00:11:16;11919;88;26.1;20.6;2.799;1.187;0.683;1.087;0.061;1.019;11920
B516DA;2015/03/08 00:11:26;11920;81;22.5;20.8;2.712;1.183;0.683;1.087;0.000;1.045;11921
B516DA;2015/03/08 00:11:36;11921;76;22.5;21.3;2.767;1.183;0.690;1.087;0.000;1.029;11922
B516DA;2015/03/08 00:11:46;11922;80;27.0;21.0;2.600;1.183;0.690;1.112;0.000;1.029;11923
B516DA;2015/03/08 00:11:56;11923;83;23.2;21.5;2.774;1.183;0.670;1.112;0.000;1.000;11924
B516DA;2015/03/08 00:12:06;11924;84;25.1;21.3;2.590;1.199;0.670;1.112;0.000;1.003;11925
B516DA;2015/03/08 00:12:16;11925;72;27.7;20.6;2.658;1.199;0.638;1.112;0.000;1.006;11926
B516DA;2015/03/08 00:12:26;11926;84;22.5;21.1;2.674;1.225;0.638;1.077;0.000;1.003;11927
B516DA;2015/03/08 00:12:36;11927;82;27.7;21.0;2.616;1.225;0.638;1.077;0.000;1.003;11928
B516DA;2015/03/08 00:12:46;11928;79;24.5;21.1;2.793;1.203;0.638;1.077;0.000;0.996;11929
B516DA;2015/03/08 00:12:56;11929;92;25.8;21.0;2.696;1.203;0.638;1.077;0.000;1.038;11930
B516DA;2015/03/08 00:13:06;11930;83;23.5;21.1;2.745;1.193;0.638;1.096;0.000;1.009;11931
B516DA;2015/03/08 00:13:16;11931;88;23.2;21.1;2.767;1.193;0.696;1.096;0.000;1.016;11932
B516DA;2015/03/08 00:13:26;11932;84;30.0;21.5;2.612;1.187;0.696;1.096;0.003;1.048;11933
B516DA;2015/03/08 00:13:36;11933;78;28.0;21.0;2.632;1.187;0.638;1.096;0.003;1.029;11934
B516DA;2015/03/08 00:13:46;11934;82;23.2;21.3;2.600;1.199;0.638;1.103;0.003;1.009;11935
B516DA;2015/03/08 00:13:56;11935;83;29.0;20.3;2.741;1.199;0.638;1.103;0.003;1.038;11936
B516DA;2015/03/08 00:14:06;11936;78;24.5;21.5;2.645;1.199;0.638;1.103;0.000;1.006;11937
B516DA;2015/03/08 00:14:16;11937;83;29.6;20.4;2.799;1.199;0.661;1.103;0.000;1.038;11938
B516DA;2015/03/08 00:14:26;11938;92;23.2;20.3;2.799;1.193;0.661;1.106;0.000;1.029;11939
B516DA;2015/03/08 00:14:36;11939;86;27.7;20.1;2.616;1.193;0.648;1.106;0.000;1.025;11940
B516DA;2015/03/08 00:14:46;11940;74;24.5;20.3;2.722;1.193;0.648;1.106;0.000;1.019;11941
B516DA;2015/03/08 00:14:56;11941;83;26.7;21.3;2.787;1.193;0.654;1.106;0.000;1.054;11942
B516DA;2015/03/08 00:15:06;11942;93;28.7;21.0;2.690;1.229;0.654;1.106;0.000;1.016;11943
B516DA;2015/03/08 00:15:16;11943;91;28.3;20.4;2.783;1.229;0.638;1.106;0.000;1.016;11944
B516DA;2015/03/08 00:15:26;11944;92;28.3;20.6;2.622;1.183;0.638;1.106;0.000;1.025;11945
B516DA;2015/03/08 00:15:36;11945;89;23.8;21.1;2.787;1.183;0.661;1.106;0.000;1.045;11946
B516DA;2015/03/08 00:15:46;11946;86;28.3;20.8;2.819;1.193;0.661;1.093;0.000;1.022;11947
B516DA;2015/03/08 00:15:56;11947;91;28.3;20.6;2.612;1.193;0.641;1.093;0.000;1.012;11948
B516DA;2015/03/08 00:16:06;11948;81;29.6;21.0;2.603;1.212;0.641;1.093;0.003;1.000;11949
B516DA;2015/03/08 00:16:16;11949;89;26.1;20.6;2.751;1.212;0.635;1.093;0.003;1.006;11950
B516DA;2015/03/08 00:16:26;11950;78;28.0;20.8;2.603;1.209;0.635;1.093;0.003;1.012;11951
B516DA;2015/03/08 00:16:36;11951;86;29.3;20.1;2.703;1.209;0.632;1.093;0.003;1.006;11952
B516DA;2015/03/08 00:16:46;11952;75;28.3;20.6;2.606;1.190;0.632;1.093;0.000;1.032;11953
B516DA;2015/03/08 00:16:56;11953;88;29.3;21.0;2.658;1.190;0.648;1.093;0.000;1.012;11954
B516DA;2015/03/08 00:17:06;11954;92;25.4;20.3;2.783;1.187;0.648;1.067;0.000;0.996;11955
B516DA;2015/03/08 00:17:16;11955;77;23.5;20.6;2.706;1.187;0.632;1.067;0.000;1.016;11956
B516DA;2015/03/08 00:17:26;11956;92;25.1;20.3;2.761;1.183;0.632;1.067;0.003;1.029;11957
B516DA;2015/03/08 00:17:36;11957;88;22.9;21.0;2.738;1.183;0.651;1.067;0.003;0.990;11958
B516DA;2015/03/08 00:17:46;11958;84;28.7;21.0;2.600;1.187;0.651;1.067;0.003;1.029;11959
B516DA;2015/03/08 00:17:56;11959;83;26.4;21.5;2.600;1.187;0.674;1.067;0.003;1.003;11960
B516DA;2015/03/08 00:18:06;11960;89;23.5;21.1;2.622;1.187;0.674;1.067;0.000;0.993;11961
B516DA;2015/03/08 00:18:16;11961;84;23.8;21.0;2.716;1.187;0.632;1.067;0.000;1.000;11962
B516DA;2015/03/08 00:18:26;11962;77;23.8;21.3;2.593;1.187;0.632;1.083;0.000;1.019;11963
B516DA;2015/03/08 00:18:36;11963;73;24.8;20.8;2.806;1.187;0.661;1.083;0.000;1.038;11964
B516DA;2015/03/08 00:18:46;11964;92;29.0;21.1;2.645;1.187;0.661;1.083;0.000;0.993;11965
B516DA;2015/03/08 00:18:56;11965;83;30.9;20.4;2.622;1.187;0.638;1.083;0.000;1.006;11966
B516DA;2015/03/08 00:19:06;11966;81;23.2;20.4;2.699;1.216;0.638;1.103;0.000;1.048;11967
B516DA;2015/03/08 00:19:16;11967;84;28.3;19.9;2.600;1.216;0.632;1.103;0.000;1.019;11968
B516DA;2015/03/08 00:19:26;11968;88;26.1;20.4;2.693;1.183;0.632;1.103;0.003;1.019;11969
B516DA;2015/03/08 00:19:36;11969;82;24.5;21.1;2.806;1.183;0.632;1.103;0.003;1.022;11970
B516DA;2015/03/08 00:19:46;11970;90;29.3;21.0;2.638;1.177;0.632;1.080;0.003;1.003;11971
B516DA;2015/03/08 00:19:56;11971;78;26.1;20.4;2.606;1.177;0.667;1.080;0.003;1.022;11972
B516DA;2015/03/08 00:20:06;11972;93;25.1;20.1;2.754;1.196;0.667;1.080;0.003;1.019;11973
B516DA;2015/03/08 00:20:16;11973;77;28.3;20.6;2.641;1.196;0.641;1.080;0.003;1.000;11974
B516DA;2015/03/08 00:20:26;11974;91;28.3;20.6;2.590;1.196;0.641;1.125;0.003;1.029;11975
B516DA;2015/03/08 00:20:36;11975;86;26.1;21.0;2.819;1.196;0.638;1.125;0.003;1.035;11976
B516DA;2015/03/08 00:20:46;11976;93;30.3;20.6;2.596;1.193;0.638;1.125;0.000;1.041;11977
B516DA;2015/03/08 00:20:56;11977;83;22.9;21.1;2.735;1.193;0.641;1.125;0.000;1.009;11978
B516DA;2015/03/08 00:21:06;11978;93;28.3;21.1;2.616;1.222;0.641;1.070;0.000;1.038;11979
B516DA;2015/03/08 00:21:16;11979;90;24.1;21.1;2.593;1.222;0.648;1.070;0.000;1.006;11980
B516DA;2015/03/08 00:21:26;11980;85;30.3;21.3;2.600;1.183;0.648;1.070;0.003;1.003;11981
B516DA;2015/03/08 00:21:36;11981;84;23.5;20.1;2.632;1.183;0.687;1.070;0.003;1.000;11982
B516DA;2015/03/08 00:21:46;11982;87;23.2;21.5;2.680;1.190;0.687;1.109;0.003;1.038;11983
B516DA;2015/03/08 00:21:56;11983;78;23.2;21.1;2.722;1.190;0.677;1.109;0.003;1.000;11984
B516DA;2015/03/08 00:22:06;11984;84;24.8;20.3;2.754;1.187;0.677;1.109;0.029;0.996;11985
B516DA;2015/03/08 00:22:16;11985;73;24.5;20.8;2.816;1.187;0.632;1.109;0.029;1.029;11986
B516DA;2015/03/08 00:22:26;11986;90;26.1;21.1;2.629;1.222;0.632;1.087;0.029;1.035;11987
B516DA;2015/03/08 00:22:36;11987;91;26.7;21.0;2.600;1.222;0.638;1.087;0.029;1.006;11988
B516DA;2015/03/08 00:22:46;11988;83;26.4;21.5;2.725;1.187;0.638;1.087;0.000;1.016;11989
B516DA;2015/03/08 00:22:56;11989;87;30.3;20.6;2.658;1.187;0.687;1.087;0.000;0.993;11990
B516DA;2015/03/08 00:23:06;11990;82;28.7;21.0;2.590;1.209;0.687;1.074;0.000;1.019;11991
B516DA;2015/03/08 00:23:16;11991;91;26.7;21.1;2.654;1.209;0.638;1.074;0.000;1.000;11992
B516DA;2015/03/08 00:23:26;11992;93;26.4;21.0;2.625;1.206;0.638;1.074;0.006;1.003;11993
B516DA;2015/03/08 00:23:36;11993;80;27.7;20.8;2.603;1.206;0.683;1.074;0.006;1.000;11994
B516DA;2015/03/08 00:23:46;11994;84;24.8;21.5;2.638;1.229;0.683;1.074;0.006;1.035;11995
B516DA;2015/03/08 00:23:56;11995;89;23.5;21.1;2.799;1.229;0.632;1.074;0.006;1.016;11996
B516DA;2015/03/08 00:24:06;11996;86;28.0;21.0;2.603;1.206;0.632;1.074;0.003;1.029;11997
B516DA;2015/03/08 00:24:16;11997;80;22.5;21.1;2.600;1.206;0.661;1.074;0.003;0.983;11998
B516DA;2015/03/08 00:24:26;11998;83;26.1;20.8;2.809;1.196;0.661;1.077;0.003;0.990;11999
B516DA;2015/03/08 00:24:36;11999;86;28.3;21.0;2.641;1.196;0.683;1.077;0.003;0.987;12000
B516DA;2015/03/08 00:24:46;12000;91;23.8;21.1;2.641;1.209;0.683;1.077;0.003;1.016;12001
B516DA;2015/03/08 00:24:56;12001;89;29.0;21.1;2.603;1.209;0.687;1.077;0.003;1.000;12002
B516DA;2015/03/08 00:25:06;12002;86;27.4;21.3;2.754;1.187;0.687;1.083;0.003;1.029;12003
B516DA;2015/03/08 00:25:16;12003;78;30.3;20.8;2.622;1.187;0.648;1.083;0.003;0.993;12004
B516DA;2015/03/08 00:25:26;12004;88;22.9;21.0;2.616;1.180;0.648;1.083;0.003;1.016;12005
B516DA;2015/03/08 00:25:36;12005;84;23.8;21.3;2.699;1.180;0.674;1.083;0.003;0.996;12006
B516DA;2015/03/08 00:25:46;12006;84;23.5;20.8;2.606;1.219;0.674;1.074;0.003;1.035;12007
B516DA;2015/03/08 00:25:56;12007;78;25.1;21.5;2.600;1.219;0.687;1.074;0.003;0.983;12008
B516DA;2015/03/08 00:26:06;12008;84;25.8;20.8;2.699;1.187;0.687;1.074;0.003;1.022;12009
B516DA;2015/03/08 00:26:16;12009;88;25.4;21.0;2.793;1.187;0.635;1.074;0.003;0.993;12010
B516DA;2015/03/08 00:26:26;12010;83;25.8;20.8;2.687;1.212;0.635;1.077;0.003;1.029;12011
B516DA;2015/03/08 00:26:36;12011;89;26.7;21.3;2.780;1.212;0.696;1.077;0.003;1.048;12012
B516DA;2015/03/08 00:26:46;12012;84;26.1;20.8;2.793;1.225;0.696;1.077;0.003;1.006;12013
B516DA;2015/03/08 00:26:56;12013;78;25.4;21.1;2.609;1.225;0.635;1.077;0.003;1.009;12014
B516DA;2015/03/08 00:27:06;12014;83;23.2;21.1;2.699;1.235;0.635;1.103;0.003;1.003;12015
B516DA;2015/03/08 00:27:16;12015;82;24.5;21.5;2.809;1.235;0.635;1.103;0.003;0.993;12016
B516DA;2015/03/08 00:27:26;12016;79;27.7;21.0;2.587;1.209;0.635;1.103;0.000;1.022;12017
B516DA;2015/03/08 00:27:36;12017;78;22.9;21.3;2.654;1.209;0.635;1.103;0.000;1.016;12018
B516DA;2015/03/08 00:27:46;12018;83;23.8;21.1;2.638;1.183;0.635;1.090;0.000;0.987;12019
B516DA;2015/03/08 00:27:56;12019;92;22.9;21.1;2.738;1.183;0.687;1.090;0.000;0.977;12020
B516DA;2015/03/08 00:28:06;12020;90;28.3;21.5;2.603;1.183;0.687;1.090;0.000;0.987;12021
B516DA;2015/03/08 00:28:16;12021;77;22.9;21.3;2.635;1.183;0.638;1.090;0.000;0.996;12022
B516DA;2015/03/08 00:28:26;12022;88;27.0;21.3;2.751;1.187;0.638;1.083;0.000;1.029;12023
B516DA;2015/03/08 00:28:36;12023;74;27.0;21.5;2.590;1.187;0.632;1.083;0.000;1.022;12024
B516DA;2015/03/08 00:28:46;12024;75;22.9;21.1;2.670;1.209;0.632;1.083;0.000;1.003;12025
B516DA;2015/03/08 00:28:56;12025;88;29.6;20.4;2.603;1.209;0.648;1.083;0.000;1.009;12026
B516DA;2015/03/08 00:29:06;12026;85;28.0;21.3;2.603;1.180;0.648;1.083;0.000;0.993;12027
B516DA;2015/03/08 00:29:16;12027;84;22.9;21.0;2.709;1.180;0.651;1.083;0.000;1.022;12028
B516DA;2015/03/08 00:29:26;12028;90;26.1;20.8;2.799;1.199;0.651;1.083;0.000;0.990;12029
B516DA;2015/03/08 00:29:36;12029;89;23.5;21.1;2.716;1.199;0.635;1.083;0.000;1.019;12030
B516DA;2015/03/08 00:29:46;12030;84;25.1;20.8;2.774;1.232;0.635;1.135;0.000;1.003;12031
B516DA;2015/03/08 00:29:56;12031;84;27.4;21.3;2.816;1.232;0.632;1.135;0.000;1.025;12032
B516DA;2015/03/08 00:30:06;12032;88;30.6;21.1;2.596;1.209;0.632;1.135;0.000;1.029;12033
B516DA;2015/03/08 00:30:16;12033;85;22.9;20.8;2.761;1.209;0.632;1.135;0.000;1.016;12034
B516DA;2015/03/08 00:30:26;12034;90;26.1;20.8;2.699;1.183;0.632;1.132;0.000;0.983;12035
B516DA;2015/03/08 00:30:36;12035;83;30.0;21.3;2.622;1.183;0.632;1.132;0.000;1.003;12036
B516DA;2015/03/08 00:30:46;12036;84;27.7;21.1;2.593;1.187;0.632;1.132;0.000;1.016;12037
B516DA;2015/03/08 00:30:56;12037;78;27.7;20.1;2.603;1.187;0.632;1.132;0.000;0.987;12038
B516DA;2015/03/08 00:31:06;12038;81;29.0;21.0;2.638;1.209;0.632;1.106;0.000;1.032;12039
B516DA;2015/03/08 00:31:16;12039;88;28.0;20.6;2.629;1.209;0.625;1.106;0.000;1.025;12040
B516DA;2015/03/08 00:31:26;12040;73;22.5;21.3;2.609;1.209;0.625;1.106;0.061;1.003;12041
B516DA;2015/03/08 00:31:36;12041;85;24.8;21.1;2.819;1.209;0.629;1.106;0.061;0.990;12042
B516DA;2015/03/08 00:31:46;12042;88;23.5;21.1;2.622;1.222;0.629;1.112;0.061;1.016;12043
B516DA;2015/03/08 00:31:56;12043;87;24.1;20.8;2.732;1.222;0.632;1.112;0.061;0.980;12044
B516DA;2015/03/08 00:32:06;12044;80;28.3;21.5;2.687;1.199;0.632;1.112;0.000;0.958;12045
B516DA;2015/03/08 00:32:16;12045;77;26.4;21.0;2.635;1.199;0.638;1.112;0.000;0.977;12046
B516DA;2015/03/08 00:32:26;12046;90;27.4;21.0;2.600;1.187;0.638;1.148;0.000;0.996;12047
B516DA;2015/03/08 00:32:36;12047;85;26.1;21.3;2.793;1.187;0.629;1.148;0.000;0.967;12048
B516DA;2015/03/08 00:32:46;12048;83;28.0;21.5;2.629;1.183;0.629;1.148;0.000;0.996;12049
B516DA;2015/03/08 00:32:56;12049;89;30.3;20.6;2.609;1.183;0.680;1.148;0.000;0.954;12050
B516DA;2015/03/08 00:33:06;12050;86;25.1;21.3;2.699;1.196;0.680;1.148;0.000;0.983;12051
B516DA;2015/03/08 00:33:16;12051;80;27.4;21.0;2.641;1.196;0.677;1.148;0.000;0.964;12052
B516DA;2015/03/08 00:33:26;12052;81;30.6;21.0;2.600;1.183;0.677;1.148;0.009;0.974;12053
B516DA;2015/03/08 00:33:36;12053;83;29.3;20.6;2.616;1.183;0.680;1.148;0.009;0.993;12054
B516DA;2015/03/08 00:33:46;12054;78;26.1;21.3;2.806;1.209;0.680;1.129;0.009;0.967;12055
B516DA;2015/03/08 00:33:56;12055;76;22.9;21.1;2.761;1.209;0.632;1.129;0.009;0.964;12056
B516DA;2015/03/08 00:34:06;12056;89;29.6;21.1;2.609;1.180;0.632;1.129;0.003;0.964;12057
B516DA;2015/03/08 00:34:16;12057;83;25.4;21.5;2.796;1.180;0.629;1.129;0.003;0.958;12058
B516DA;2015/03/08 00:34:26;12058;86;28.0;21.1;2.606;1.196;0.629;1.090;0.003;0.967;12059
B516DA;2015/03/08 00:34:36;12059;74;23.5;21.3;2.622;1.196;0.654;1.090;0.003;0.990;12060
B516DA;2015/03/08 00:34:46;12060;88;28.3;21.1;2.603;1.180;0.654;1.090;0.000;1.009;12061
B516DA;2015/03/08 00:34:56;12061;88;25.4;21.1;2.603;1.180;0.687;1.090;0.000;0.996;12062
B516DA;2015/03/08 00:35:06;12062;87;26.7;21.1;2.806;1.196;0.687;1.074;0.000;1.003;12063
B516DA;2015/03/08 00:35:16;12063;92;25.4;21.5;2.603;1.196;0.638;1.074;0.000;1.006;12064
B516DA;2015/03/08 00:35:26;12064;84;23.8;21.5;2.596;1.177;0.638;1.074;0.000;0.987;12065
B516DA;2015/03/08 00:35:36;12065;84;28.0;20.3;2.632;1.177;0.622;1.074;0.000;1.035;12066
B516DA;2015/03/08 00:35:46;12066;86;30.3;21.1;2.625;1.212;0.622;1.083;0.000;0.996;12067
B516DA;2015/03/08 00:35:56;12067;84;23.8;21.1;2.793;1.212;0.661;1.083;0.000;0.983;12068
B516DA;2015/03/08 00:36:06;12068;89;25.8;21.1;2.625;1.209;0.661;1.083;0.000;0.993;12069
B516DA;2015/03/08 00:36:16;12069;92;24.5;21.3;2.703;1.209;0.629;1.083;0.000;0.996;12070
B516DA;2015/03/08 00:36:26;12070;92;23.5;20.8;2.616;1.196;0.629;1.122;0.000;1.029;12071
B516DA;2015/03/08 00:36:36;12071;85;24.5;21.1;2.603;1.196;0.677;1.122;0.000;1.041;12072
B516DA;2015/03/08 00:36:46;12072;82;27.0;20.6;2.806;1.183;0.677;1.122;0.000;1.003;12073
B516DA;2015/03/08 00:36:56;12073;88;26.7;20.8;2.603;1.183;0.629;1.122;0.000;1.003;12074
B516DA;2015/03/08 00:37:06;12074;85;27.7;20.8;2.603;1.209;0.629;1.087;0.000;1.041;12075
B516DA;2015/03/08 00:37:16;12075;88;28.0;21.0;2.654;1.209;0.641;1.087;0.000;1.029;12076
B516DA;2015/03/08 00:37:26;12076;91;27.7;21.3;2.658;1.177;0.641;1.087;0.000;1.025;12077
B516DA;2015/03/08 00:37:36;12077;84;28.0;21.1;2.761;1.177;0.680;1.087;0.000;1.048;12078
B516DA;2015/03/08 00:37:46;12078;89;24.8;21.1;2.625;1.196;0.680;1.109;0.000;1.054;12079
B516DA;2015/03/08 00:37:56;12079;88;27.7;21.1;2.603;1.196;0.625;1.109;0.000;1.048;12080
B516DA;2015/03/08 00:38:06;12080;83;26.1;20.8;2.596;1.193;0.625;1.109;0.041;1.012;12081
B516DA;2015/03/08 00:38:16;12081;73;30.3;20.1;2.754;1.193;0.683;1.109;0.041;1.022;12082
B516DA;2015/03/08 00:38:26;12082;88;23.5;21.1;2.603;1.199;0.683;1.141;0.041;1.038;12083
B516DA;2015/03/08 00:38:36;12083;81;28.0;20.3;2.622;1.199;0.629;1.141;0.041;1.035;12084
B516DA;2015/03/08 00:38:46;12084;89;23.2;21.5;2.677;1.209;0.629;1.141;0.006;1.016;12085
B516DA;2015/03/08 00:38:56;12085;90;23.2;21.0;2.735;1.209;0.638;1.141;0.006;1.029;12086
B516DA;2015/03/08 00:39:06;12086;90;23.8;21.1;2.606;1.183;0.638;1.096;0.006;1.048;12087
B516DA;2015/03/08 00:39:16;12087;84;27.0;20.6;2.690;1.183;0.625;1.096;0.006;1.025;12088
B516DA;2015/03/08 00:39:26;12088;83;28.0;21.1;2.612;1.187;0.625;1.096;0.000;1.054;12089
B516DA;2015/03/08 00:39:36;12089;77;27.7;20.6;2.661;1.187;0.641;1.096;0.000;1.041;12090
B516DA;2015/03/08 00:39:46;12090;81;28.3;20.3;2.603;1.190;0.641;1.093;0.000;1.054;12091
B516DA;2015/03/08 00:39:56;12091;87;23.5;19.8;2.735;1.190;0.625;1.093;0.000;1.025;12092
B516DA;2015/03/08 00:40:06;12092;83;25.8;20.4;2.616;1.180;0.625;1.093;0.000;1.032;12093
B516DA;2015/03/08 00:40:16;12093;80;22.9;20.6;2.748;1.180;0.677;1.093;0.000;1.061;12094
B516DA;2015/03/08 00:40:26;12094;89;30.9;20.4;2.600;1.174;0.677;1.080;0.000;1.048;12095
B516DA;2015/03/08 00:40:36;12095;88;25.4;20.6;2.680;1.174;0.625;1.080;0.000;1.025;12096
B516DA;2015/03/08 00:40:46;12096;82;27.0;20.8;2.806;1.174;0.625;1.080;0.003;1.048;12097
B516DA;2015/03/08 00:40:56;12097;84;26.1;20.6;2.612;1.174;0.674;1.080;0.003;1.019;12098
B516DA;2015/03/08 00:41:06;12098;85;23.5;20.8;2.725;1.180;0.674;1.109;0.003;1.019;12099
B516DA;2015/03/08 00:41:16;12099;88;27.4;20.6;2.748;1.180;0.622;1.109;0.003;1.035;12100
B516DA;2015/03/08 00:41:26;12100;78;22.9;21.3;2.603;1.196;0.622;1.109;0.000;1.016;12101
B516DA;2015/03/08 00:41:36;12101;83;27.0;20.8;2.590;1.196;0.680;1.109;0.000;1.067;12102
B516DA;2015/03/08 00:41:46;12102;84;30.6;21.0;2.600;1.177;0.680;1.077;0.000;1.061;12103
B516DA;2015/03/08 00:41:56;12103;85;24.8;21.1;2.600;1.177;0.680;1.077;0.000;1.041;12104
B516DA;2015/03/08 00:42:06;12104;87;27.7;21.0;2.587;1.177;0.680;1.077;0.000;1.041;12105
B516DA;2015/03/08 00:42:16;12105;81;23.8;21.0;2.780;1.177;0.645;1.077;0.000;1.058;12106
B516DA;2015/03/08 00:42:26;12106;86;23.2;20.4;2.603;1.190;0.645;1.077;0.000;1.029;12107
B516DA;2015/03/08 00:42:36;12107;76;22.5;20.8;2.741;1.190;0.645;1.077;0.000;1.016;12108
B516DA;2015/03/08 00:42:46;12108;88;28.7;21.0;2.654;1.193;0.645;1.077;0.000;1.025;12109
B516DA;2015/03/08 00:42:56;12109;92;27.0;21.1;2.590;1.193;0.625;1.077;0.000;1.041;12110
B516DA;2015/03/08 00:43:06;12110;88;27.0;20.8;2.603;1.203;0.625;1.087;0.000;1.009;12111
B516DA;2015/03/08 00:43:16;12111;90;26.4;20.6;2.670;1.203;0.622;1.087;0.000;1.009;12112
B516DA;2015/03/08 00:43:26;12112;88;25.4;20.8;2.799;1.203;0.622;1.087;0.000;1.041;12113
B516DA;2015/03/08 00:43:36;12113;88;22.5;21.3;2.635;1.203;0.622;1.087;0.000;1.003;12114
B516DA;2015/03/08 00:43:46;12114;74;27.4;21.3;2.780;1.216;0.622;1.077;0.000;1.035;12115
B516DA;2015/03/08 00:43:56;12115;80;24.8;21.5;2.812;1.216;0.625;1.077;0.000;1.029;12116
B516DA;2015/03/08 00:44:06;12116;85;25.8;20.8;2.806;1.190;0.625;1.077;0.067;0.993;12117
B516DA;2015/03/08 00:44:16;12117;78;29.6;21.0;2.635;1.190;0.625;1.077;0.067;1.035;12118
B516DA;2015/03/08 00:44:26;12118;88;25.4;20.8;2.774;1.187;0.625;1.074;0.067;1.000;12119
B516DA;2015/03/08 00:44:36;12119;74;26.7;21.5;2.616;1.187;0.654;1.074;0.067;1.003;12120
B516DA;2015/03/08 00:44:46;12120;80;27.0;21.3;2.799;1.199;0.654;1.074;0.000;0.993;12121
B516DA;2015/03/08 00:44:56;12121;81;23.5;21.0;2.661;1.199;0.680;1.074;0.000;1.032;12122
B516DA;2015/03/08 00:45:06;12122;75;30.6;21.0;2.587;1.206;0.680;1.080;0.000;1.003;12123
B516DA;2015/03/08 00:45:16;12123;84;24.8;21.3;2.809;1.206;0.654;1.080;0.000;1.003;12124
B516DA;2015/03/08 00:45:26;12124;78;28.0;21.3;2.806;1.180;0.654;1.080;0.003;1.003;12125
B516DA;2015/03/08 00:45:36;12125;89;30.3;21.0;2.603;1.180;0.625;1.080;0.003;1.003;12126
B516DA;2015/03/08 00:45:46;12126;83;28.0;21.5;2.629;1.225;0.625;1.083;0.003;1.038;12127
B516DA;2015/03/08 00:45:56;12127;90;26.7;21.1;2.590;1.225;0.674;1.083;0.003;0.987;12128
B516DA;2015/03/08 00:46:06;12128;88;27.4;21.1;2.799;1.229;0.674;1.083;0.000;1.016;12129
B516DA;2015/03/08 00:46:16;12129;82;27.7;21.0;2.661;1.229;0.677;1.083;0.000;0.983;12130
B516DA;2015/03/08 00:46:26;12130;84;29.6;21.0;2.600;1.225;0.677;1.093;0.000;1.032;12131
B516DA;2015/03/08 00:46:36;12131;75;24.8;21.3;2.796;1.225;0.625;1.093;0.000;1.029;12132
B516DA;2015/03/08 00:46:46;12132;84;23.5;21.3;2.803;1.183;0.625;1.093;0.003;1.016;12133
B516DA;2015/03/08 00:46:56;12133;86;28.0;21.1;2.787;1.183;0.625;1.093;0.003;1.009;12134
B516DA;2015/03/08 00:47:06;12134;78;26.7;21.0;2.809;1.187;0.625;1.093;0.003;1.019;12135
B516DA;2015/03/08 00:47:16;12135;88;22.9;21.1;2.748;1.187;0.632;1.093;0.003;0.993;12136
B516DA;2015/03/08 00:47:26;12136;88;30.3;20.8;2.796;1.199;0.632;1.093;0.000;1.032;12137
B516DA;2015/03/08 00:47:36;12137;83;27.0;21.0;2.596;1.199;0.680;1.093;0.000;1.000;12138
B516DA;2015/03/08 00:47:46;12138;79;26.4;20.6;2.590;1.196;0.680;1.138;0.000;1.009;12139
B516DA;2015/03/08 00:47:56;12139;90;24.5;21.1;2.603;1.196;0.625;1.138;0.000;1.045;12140
B516DA;2015/03/08 00:48:06;12140;78;24.1;20.3;2.767;1.209;0.625;1.138;0.012;0.996;12141
B516DA;2015/03/08 00:48:16;12141;79;27.4;21.1;2.593;1.209;0.661;1.138;0.012;1.000;12142
B516DA;2015/03/08 00:48:26;12142;86;29.0;21.3;2.596;1.193;0.661;1.083;0.012;0.996;12143
B516DA;2015/03/08 00:48:36;12143;85;24.8;21.1;2.609;1.193;0.622;1.083;0.012;0.996;12144
B516DA;2015/03/08 00:48:46;12144;85;26.1;20.4;2.683;1.206;0.622;1.083;0.000;1.012;12145
B516DA;2015/03/08 00:48:56;12145;81;28.0;20.8;2.635;1.206;0.622;1.083;0.000;0.996;12146
B516DA;2015/03/08 00:49:06;12146;79;29.3;21.0;2.806;1.225;0.622;1.087;0.000;1.041;12147
B516DA;2015/03/08 00:49:16;12147;85;24.5;20.8;2.799;1.225;0.622;1.087;0.000;1.012;12148
B516DA;2015/03/08 00:49:26;12148;78;23.5;21.1;2.625;1.180;0.622;1.087;0.000;1.000;12149
B516DA;2015/03/08 00:49:36;12149;86;22.9;20.8;2.754;1.180;0.625;1.087;0.000;1.022;12150
B516DA;2015/03/08 00:49:46;12150;88;26.4;21.3;2.587;1.183;0.625;1.083;0.000;1.009;12151
B516DA;2015/03/08 00:49:56;12151;88;25.1;20.8;2.819;1.183;0.641;1.083;0.000;1.041;12152
B516DA;2015/03/08 00:50:06;12152;88;23.8;21.1;2.612;1.209;0.641;1.083;0.003;0.993;12153
B516DA;2015/03/08 00:50:16;12153;83;27.0;21.0;2.622;1.209;0.622;1.083;0.003;1.016;12154
B516DA;2015/03/08 00:50:26;12154;85;23.5;21.1;2.603;1.177;0.622;1.064;0.003;0.993;12155
B516DA;2015/03/08 00:50:36;12155;88;24.1;20.8;2.600;1.177;0.622;1.064;0.003;0.993;12156
B516DA;2015/03/08 00:50:46;12156;84;23.8;21.1;2.693;1.222;0.622;1.064;0.003;0.987;12157
B516DA;2015/03/08 00:50:56;12157;83;24.5;20.8;2.812;1.222;0.629;1.064;0.003;1.022;12158
B516DA;2015/03/08 00:51:06;12158;87;28.3;21.3;2.774;1.177;0.629;1.103;0.003;1.029;12159
B516DA;2015/03/08 00:51:16;12159;90;28.7;21.7;2.799;1.177;0.638;1.103;0.003;1.019;12160
B516DA;2015/03/08 00:51:26;12160;89;27.4;21.0;2.596;1.222;0.638;1.103;0.000;0.990;12161
B516DA;2015/03/08 00:51:36;12161;81;27.7;20.6;2.670;1.222;0.632;1.103;0.000;1.025;12162
B516DA;2015/03/08 00:51:46;12162;85;29.0;21.0;2.609;1.222;0.632;1.070;0.000;1.003;12163
B516DA;2015/03/08 00:51:56;12163;79;22.5;21.0;2.732;1.222;0.674;1.070;0.000;1.012;12164
B516DA;2015/03/08 00:52:06;12164;90;28.3;21.0;2.593;1.183;0.674;1.070;0.000;1.016;12165
B516DA;2015/03/08 00:52:16;12165;85;25.4;21.3;2.767;1.183;0.651;1.070;0.000;0.983;12166
B516DA;2015/03/08 00:52:26;12166;93;27.4;21.0;2.764;1.174;0.651;1.054;0.000;0.990;12167
B516DA;2015/03/08 00:52:36;12167;89;26.1;21.5;2.590;1.174;0.638;1.054;0.000;0.990;12168
B516DA;2015/03/08 00:52:46;12168;84;26.7;21.5;2.632;1.180;0.638;1.054;0.003;1.038;12169
B516DA;2015/03/08 00:52:56;12169;87;28.3;20.8;2.622;1.180;0.622;1.054;0.003;1.000;12170
B516DA;2015/03/08 00:53:06;12170;90;27.7;21.7;2.612;1.196;0.622;1.061;0.003;1.016;12171
B516DA;2015/03/08 00:53:16;12171;86;22.5;21.3;2.680;1.196;0.622;1.061;0.003;1.016;12172
B516DA;2015/03/08 00:53:26;12172;79;26.7;21.3;2.719;1.177;0.622;1.061;0.000;0.983;12173
B516DA;2015/03/08 00:53:36;12173;84;24.1;21.3;2.741;1.177;0.625;1.061;0.000;0.990;12174
B516DA;2015/03/08 00:53:46;12174;91;22.5;20.4;2.600;1.187;0.625;1.090;0.000;0.974;12175
B516DA;2015/03/08 00:53:56;12175;80;22.5;21.3;2.635;1.187;0.641;1.090;0.000;1.000;12176
B516DA;2015/03/08 00:54:06;12176;75;23.5;21.1;2.725;1.177;0.641;1.090;0.000;0.990;12177
B516DA;2015/03/08 00:54:16;12177;87;23.5;21.3;2.606;1.177;0.641;1.090;0.000;0.987;12178
B516DA;2015/03/08 00:54:26;12178;85;28.7;21.1;2.612;1.180;0.641;1.041;0.000;1.000;12179
B516DA;2015/03/08 00:54:36;12179;90;27.7;21.0;2.667;1.180;0.674;1.041;0.000;1.000;12180
B516DA;2015/03/08 00:54:46;12180;76;25.8;21.5;2.622;1.187;0.674;1.041;0.003;0.993;12181
B516DA;2015/03/08 00:54:56;12181;86;26.7;21.3;2.609;1.187;0.674;1.041;0.003;0.993;12182
B516DA;2015/03/08 00:55:06;12182;88;28.3;21.5;2.661;1.193;0.674;1.109;0.003;0.974;12183
B516DA;2015/03/08 00:55:16;12183;92;22.5;21.1;2.809;1.193;0.625;1.109;0.003;0.961;12184
B516DA;2015/03/08 00:55:26;12184;74;22.5;22.2;2.606;1.180;0.625;1.109;0.000;0.951;12185
B516DA;2015/03/08 00:55:36;12185;80;22.2;21.7;2.632;1.180;0.625;1.109;0.000;0.951;12186
B516DA;2015/03/08 00:55:46;12186;81;22.9;20.8;2.603;1.206;0.625;1.067;0.000;0.958;12187
B516DA;2015/03/08 00:55:56;12187;85;24.1;21.5;2.609;1.206;0.674;1.067;0.000;0.996;12188
B516DA;2015/03/08 00:56:06;12188;81;28.3;21.5;2.699;1.180;0.674;1.067;0.003;0.977;12189
B516DA;2015/03/08 00:56:16;12189;88;22.2;21.5;2.761;1.180;0.680;1.067;0.003;0.987;12190
B516DA;2015/03/08 00:56:26;12190;83;29.6;21.8;2.796;1.183;0.680;1.087;0.003;0.990;12191
B516DA;2015/03/08 00:56:36;12191;87;29.0;21.7;2.632;1.183;0.648;1.087;0.003;0.948;12192
B516DA;2015/03/08 00:56:46;12192;84;29.6;21.8;2.600;1.206;0.648;1.087;0.000;0.983;12193
B516DA;2015/03/08 00:56:56;12193;78;28.3;20.8;2.793;1.206;0.625;1.087;0.000;0.990;12194
B516DA;2015/03/08 00:57:06;12194;84;25.8;21.5;2.616;1.209;0.625;1.070;0.000;0.967;12195
B516DA;2015/03/08 00:57:16;12195;88;22.2;21.8;2.754;1.209;0.654;1.070;0.000;1.006;12196
B516DA;2015/03/08 00:57:26;12196;85;24.8;21.5;2.745;1.232;0.654;1.070;0.000;1.009;12197
B516DA;2015/03/08 00:57:36;12197;80;23.5;21.7;2.622;1.232;0.629;1.070;0.000;0.987;12198
B516DA;2015/03/08 00:57:46;12198;90;25.4;21.8;2.625;1.216;0.629;1.067;0.000;0.974;12199
B516DA;2015/03/08 00:57:56;12199;85;22.5;21.7;2.632;1.216;0.622;1.067;0.000;0.970;12200
B516DA;2015/03/08 00:58:06;12200;89;26.7;21.8;2.812;1.193;0.622;1.067;0.000;1.003;12201
B516DA;2015/03/08 00:58:16;12201;82;23.5;21.3;2.674;1.193;0.674;1.067;0.000;1.016;12202
B516DA;2015/03/08 00:58:26;12202;88;25.1;21.3;2.787;1.225;0.674;1.093;0.000;1.000;12203
B516DA;2015/03/08 00:58:36;12203;88;29.0;21.1;2.641;1.225;0.625;1.093;0.000;0.967;12204
B516DA;2015/03/08 00:58:46;12204;85;22.5;21.7;2.600;1.190;0.625;1.093;0.016;0.993;12205
B516DA;2015/03/08 00:58:56;12205;83;25.8;21.7;2.587;1.190;0.632;1.093;0.016;0.974;12206
B516DA;2015/03/08 00:59:06;12206;84;29.3;21.7;2.790;1.232;0.632;1.048;0.016;0.967;12207
B516DA;2015/03/08 00:59:16;12207;83;23.5;21.7;2.616;1.232;0.629;1.048;0.016;0.961;12208
B516DA;2015/03/08 00:59:26;12208;85;26.1;21.5;2.806;1.193;0.629;1.048;0.003;0.967;12209
B516DA;2015/03/08 00:59:36;12209;83;27.0;22.2;2.603;1.193;0.629;1.048;0.003;0.977;12210
B516DA;2015/03/08 00:59:46;12210;83;28.0;22.2;2.622;1.190;0.629;1.048;0.003;0.977;12211
B516DA;2015/03/08 00:59:56;12211;90;23.8;21.7;2.616;1.190;0.690;1.048;0.003;0.974;12212
B516DA;2015/03/08 01:00:06;12212;81;26.7;22.0;2.806;1.206;0.690;1.048;0.000;0.961;12213
B516DA;2015/03/08 01:00:16;12213;79;22.5;21.7;2.761;1.206;0.648;1.048;0.000;0.987;12214
B516DA;2015/03/08 01:00:26;12214;83;23.2;22.2;2.648;1.219;0.648;1.058;0.000;1.003;12215
B516DA;2015/03/08 01:00:36;12215;91;28.3;21.5;2.632;1.219;0.680;1.058;0.000;0.980;12216
B516DA;2015/03/08 01:00:46;12216;92;25.1;21.5;2.629;1.203;0.680;1.058;0.000;0.996;12217
B516DA;2015/03/08 01:00:56;12217;84;27.7;21.8;2.812;1.203;0.645;1.058;0.000;1.006;12218
B516DA;2015/03/08 01:01:06;12218;74;27.4;21.8;2.606;1.209;0.645;1.061;0.000;1.009;12219
B516DA;2015/03/08 01:01:16;12219;88;27.7;21.3;2.603;1.209;0.651;1.061;0.000;0.974;12220
B516DA;2015/03/08 01:01:26;12220;83;26.7;21.3;2.732;1.199;0.651;1.061;0.003;0.996;12221
B516DA;2015/03/08 01:01:36;12221;88;28.3;21.1;2.603;1.199;0.625;1.061;0.003;1.009;12222
B516DA;2015/03/08 01:01:46;12222;90;26.7;21.3;2.806;1.187;0.625;1.070;0.003;1.009;12223
B516DA;2015/03/08 01:01:56;12223;86;22.9;21.7;2.722;1.187;0.625;1.070;0.003;0.993;12224
B516DA;2015/03/08 01:02:06;12224;89;25.4;21.7;2.787;1.183;0.625;1.070;0.000;1.016;12225
B516DA;2015/03/08 01:02:16;12225;88;28.0;21.3;2.732;1.183;0.648;1.070;0.000;0.983;12226
B516DA;2015/03/08 01:02:26;12226;91;26.7;22.0;2.600;1.187;0.648;1.122;0.000;0.987;12227
B516DA;2015/03/08 01:02:36;12227;89;29.6;21.3;2.609;1.187;0.687;1.122;0.000;0.967;12228
B516DA;2015/03/08 01:02:46;12228;86;22.5;21.0;2.725;1.193;0.687;1.122;0.000;1.009;12229
B516DA;2015/03/08 01:02:56;12229;89;22.9;21.8;2.687;1.193;0.625;1.122;0.000;0.980;12230
B516DA;2015/03/08 01:03:06;12230;78;26.4;21.5;2.687;1.196;0.625;1.129;0.000;0.961;12231
B516DA;2015/03/08 01:03:16;12231;89;22.5;21.5;2.780;1.196;0.629;1.129;0.000;0.961;12232
B516DA;2015/03/08 01:03:26;12232;86;23.2;21.5;2.732;1.203;0.629;1.129;0.000;1.006;12233
B516DA;2015/03/08 01:03:36;12233;78;25.8;21.8;2.603;1.203;0.638;1.129;0.000;0.990;12234
B516DA;2015/03/08 01:03:46;12234;85;25.4;21.7;2.699;1.190;0.638;1.103;0.000;1.009;12235
B516DA;2015/03/08 01:03:56;12235;75;28.3;21.1;2.648;1.190;0.683;1.103;0.000;0.983;12236
B516DA;2015/03/08 01:04:06;12236;88;26.4;21.5;2.609;1.225;0.683;1.103;0.000;0.967;12237
B516DA;2015/03/08 01:04:16;12237;75;22.5;21.8;2.729;1.225;0.635;1.103;0.000;1.012;12238
B516DA;2015/03/08 01:04:26;12238;87;25.8;21.5;2.719;1.203;0.635;1.083;0.000;0.980;12239
B516DA;2015/03/08 01:04:36;12239;80;27.7;21.3;2.606;1.203;0.632;1.083;0.000;0.983;12240
B516DA;2015/03/08 01:04:46;12240;90;27.0;21.7;2.754;1.203;0.632;1.083;0.003;0.970;12241
B516DA;2015/03/08 01:04:56;12241;81;30.3;20.8;2.619;1.203;0.648;1.083;0.003;1.000;12242
B516DA;2015/03/08 01:05:06;12242;86;26.1;21.5;2.806;1.209;0.648;1.093;0.003;0.974;12243
B516DA;2015/03/08 01:05:16;12243;87;24.5;21.8;2.754;1.209;0.632;1.093;0.003;0.967;12244
B516DA;2015/03/08 01:05:26;12244;86;23.8;21.5;2.622;1.222;0.632;1.093;0.003;0.967;12245
B516DA;2015/03/08 01:05:36;12245;80;23.5;21.1;2.696;1.222;0.680;1.093;0.003;0.980;12246
B516DA;2015/03/08 01:05:46;12246;89;22.5;20.8;2.693;1.206;0.680;1.083;0.003;1.009;12247
B516DA;2015/03/08 01:05:56;12247;86;23.5;21.3;2.632;1.206;0.667;1.083;0.003;0.958;12248
B516DA;2015/03/08 01:06:06;12248;83;26.1;21.7;2.712;1.193;0.667;1.083;0.019;0.967;12249
B516DA;2015/03/08 01:06:16;12249;91;28.7;21.0;2.616;1.193;0.632;1.083;0.019;0.977;12250
B516DA;2015/03/08 01:06:26;12250;85;28.3;21.7;2.799;1.206;0.632;1.074;0.019;0.990;12251
B516DA;2015/03/08 01:06:36;12251;81;22.5;22.0;2.741;1.206;0.632;1.074;0.019;0.970;12252
B516DA;2015/03/08 01:06:46;12252;88;23.2;22.2;2.661;1.225;0.632;1.074;0.000;0.983;12253
B516DA;2015/03/08 01:06:56;12253;80;25.8;21.7;2.603;1.225;0.648;1.074;0.000;0.983;12254
B516DA;2015/03/08 01:07:06;12254;78;26.7;22.0;2.799;1.183;0.648;1.090;0.000;0.958;12255
B516DA;2015/03/08 01:07:16;12255;78;30.0;22.0;2.741;1.183;0.641;1.090;0.000;0.967;12256
B516DA;2015/03/08 01:07:26;12256;83;30.0;21.8;2.616;1.229;0.641;1.090;0.000;0.983;12257
B516DA;2015/03/08 01:07:36;12257;79;23.5;21.3;2.596;1.229;0.680;1.090;0.000;0.964;12258
B516DA;2015/03/08 01:07:46;12258;91;24.1;21.1;2.799;1.219;0.680;1.099;0.000;0.951;12259
B516DA;2015/03/08 01:07:56;12259;81;22.9;21.8;2.780;1.219;0.632;1.099;0.000;0.970;12260
B516DA;2015/03/08 01:08:06;12260;84;24.8;21.8;2.616;1.190;0.632;1.099;0.000;0.983;12261
B516DA;2015/03/08 01:08:16;12261;89;24.8;21.8;2.796;1.190;0.632;1.099;0.000;0.948;12262
B516DA;2015/03/08 01:08:26;12262;86;27.4;21.7;2.780;1.190;0.632;1.041;0.000;0.990;12263
B516DA;2015/03/08 01:08:36;12263;76;29.3;22.9;2.603;1.190;0.658;1.041;0.000;1.000;12264
B516DA;2015/03/08 01:08:46;12264;82;29.0;22.2;2.619;1.199;0.658;1.041;0.000;0.980;12265
B516DA;2015/03/08 01:08:56;12265;83;25.4;21.8;2.603;1.199;0.635;1.041;0.000;0.948;12266
B516DA;2015/03/08 01:09:06;12266;89;24.8;21.5;2.787;1.193;0.635;1.051;0.000;0.996;12267
B516DA;2015/03/08 01:09:16;12267;84;30.6;21.5;2.696;1.193;0.641;1.051;0.000;0.990;12268
B516DA;2015/03/08 01:09:26;12268;93;22.2;22.2;2.670;1.193;0.641;1.051;0.003;0.983;12269
B516DA;2015/03/08 01:09:36;12269;87;22.5;22.2;2.793;1.193;0.690;1.051;0.003;0.977;12270
B516DA;2015/03/08 01:09:46;12270;80;22.9;21.3;2.606;1.193;0.690;1.074;0.003;0.990;12271
B516DA;2015/03/08 01:09:56;12271;83;27.4;22.4;2.600;1.193;0.658;1.074;0.003;1.006;12272
B516DA;2015/03/08 01:10:06;12272;87;26.1;21.5;2.809;1.238;0.658;1.074;0.000;0.954;12273
B516DA;2015/03/08 01:10:16;12273;84;25.8;22.2;2.703;1.238;0.635;1.074;0.000;0.980;12274
B516DA;2015/03/08 01:10:26;12274;80;26.4;21.8;2.606;1.209;0.635;1.077;0.000;0.993;12275
B516DA;2015/03/08 01:10:36;12275;81;28.3;21.5;2.748;1.209;0.638;1.077;0.000;0.948;12276
B516DA;2015/03/08 01:10:46;12276;93;25.8;22.5;2.622;1.235;0.638;1.077;0.003;1.006;12277
B516DA;2015/03/08 01:10:56;12277;79;28.3;21.5;2.670;1.235;0.632;1.077;0.003;1.006;12278
B516DA;2015/03/08 01:11:06;12278;86;28.3;21.7;2.806;1.219;0.632;1.070;0.003;1.003;12279
B516DA;2015/03/08 01:11:16;12279;76;26.4;21.5;2.632;1.219;0.648;1.070;0.003;0.990;12280
B516DA;2015/03/08 01:11:26;12280;88;27.4;21.7;2.583;1.206;0.648;1.070;0.003;0.983;12281
B516DA;2015/03/08 01:11:36;12281;83;28.3;21.3;2.603;1.206;0.632;1.070;0.003;0.970;12282
B516DA;2015/03/08 01:11:46;12282;84;23.2;21.8;2.658;1.190;0.632;1.093;0.003;0.996;12283
B516DA;2015/03/08 01:11:56;12283;89;24.5;21.8;2.774;1.190;0.641;1.093;0.003;1.006;12284
B516DA;2015/03/08 01:12:06;12284;80;22.2;21.8;2.693;1.199;0.641;1.093;0.009;1.003;12285
B516DA;2015/03/08 01:12:16;12285;86;22.2;22.2;2.751;1.199;0.635;1.093;0.009;0.958;12286
B516DA;2015/03/08 01:12:26;12286;81;30.3;21.8;2.600;1.235;0.635;1.064;0.009;0.980;12287
B516DA;2015/03/08 01:12:36;12287;86;28.0;21.7;2.629;1.235;0.687;1.064;0.009;0.996;12288
B516DA;2015/03/08 01:12:46;12288;88;22.5;21.3;2.609;1.187;0.687;1.064;0.000;0.970;12289
B516DA;2015/03/08 01:12:56;12289;79;27.0;21.8;2.632;1.187;0.632;1.064;0.000;0.996;12290
B516DA;2015/03/08 01:13:06;12290;83;22.5;21.8;2.699;1.190;0.632;1.067;0.000;0.996;12291
B516DA;2015/03/08 01:13:16;12291;76;23.8;22.0;2.716;1.190;0.670;1.067;0.000;0.967;12292
B516DA;2015/03/08 01:13:26;12292;80;29.0;21.5;2.712;1.206;0.670;1.067;0.003;1.003;12293
B516DA;2015/03/08 01:13:36;12293;83;27.4;21.1;2.616;1.206;0.638;1.067;0.003;0.980;12294
B516DA;2015/03/08 01:13:46;12294;89;27.4;22.0;2.806;1.222;0.638;1.067;0.003;0.977;12295
B516DA;2015/03/08 01:13:56;12295;77;27.4;22.7;2.648;1.222;0.638;1.067;0.003;0.961;12296
B516DA;2015/03/08 01:14:06;12296;93;28.3;21.7;2.793;1.206;0.638;1.067;0.003;0.983;12297
B516DA;2015/03/08 01:14:16;12297;74;24.1;22.2;2.809;1.206;0.687;1.067;0.003;1.000;12298
B516DA;2015/03/08 01:14:26;12298;83;24.5;21.5;2.761;1.209;0.687;1.077;0.003;0.990;12299
B516DA;2015/03/08 01:14:36;12299;88;25.8;21.8;2.703;1.209;0.654;1.077;0.003;0.996;12300
B516DA;2015/03/08 01:14:46;12300;84;22.9;21.3;2.612;1.190;0.654;1.077;0.009;0.967;12301
B516DA;2015/03/08 01:14:56;12301;78;22.5;22.0;2.716;1.190;0.680;1.077;0.009;0.996;12302
B516DA;2015/03/08 01:15:06;12302;89;26.1;21.8;2.799;1.193;0.680;1.080;0.009;0.958;12303
B516DA;2015/03/08 01:15:16;12303;83;23.8;21.7;2.616;1.193;0.632;1.080;0.009;0.990;12304
B516DA;2015/03/08 01:15:26;12304;85;22.5;21.7;2.719;1.206;0.632;1.080;0.003;0.990;12305
B516DA;2015/03/08 01:15:36;12305;86;25.4;22.0;2.606;1.206;0.683;1.080;0.003;0.983;12306
B516DA;2015/03/08 01:15:46;12306;78;27.4;22.0;2.593;1.193;0.683;1.064;0.003;0.954;12307
B516DA;2015/03/08 01:15:56;12307;82;24.5;22.0;2.809;1.193;0.635;1.064;0.003;0.977;12308
B516DA;2015/03/08 01:16:06;12308;78;27.4;21.7;2.596;1.216;0.635;1.064;0.016;0.951;12309
B516DA;2015/03/08 01:16:16;12309;90;27.7;21.1;2.609;1.216;0.683;1.064;0.016;0.941;12310
B516DA;2015/03/08 01:16:26;12310;85;27.4;22.0;2.600;1.193;0.683;1.096;0.016;0.977;12311
B516DA;2015/03/08 01:16:36;12311;91;29.6;21.0;2.612;1.193;0.635;1.096;0.016;0.941;12312
B516DA;2015/03/08 01:16:46;12312;85;27.0;21.8;2.616;1.225;0.635;1.096;0.003;0.961;12313
B516DA;2015/03/08 01:16:56;12313;84;24.8;22.2;2.819;1.225;0.667;1.096;0.003;0.987;12314
B516DA;2015/03/08 01:17:06;12314;87;27.4;22.4;2.770;1.235;0.667;1.041;0.003;0.954;12315
B516DA;2015/03/08 01:17:16;12315;80;26.1;21.8;2.799;1.235;0.638;1.041;0.003;0.954;12316
B516DA;2015/03/08 01:17:26;12316;85;30.3;21.8;2.587;1.232;0.638;1.041;0.000;0.958;12317
B516DA;2015/03/08 01:17:36;12317;89;23.5;22.0;2.687;1.232;0.638;1.041;0.000;0.951;12318
B516DA;2015/03/08 01:17:46;12318;78;29.6;22.0;2.658;1.190;0.638;1.051;0.000;0.974;12319
B516DA;2015/03/08 01:17:56;12319;88;23.5;21.0;2.622;1.190;0.658;1.051;0.000;0.961;12320
B516DA;2015/03/08 01:18:06;12320;90;24.1;21.3;2.667;1.232;0.658;1.051;0.003;0.990;12321
B516DA;2015/03/08 01:18:16;12321;81;22.5;21.7;2.622;1.232;0.638;1.051;0.003;0.958;12322
B516DA;2015/03/08 01:18:26;12322;93;29.6;21.8;2.600;1.199;0.638;1.099;0.003;0.954;12323
B516DA;2015/03/08 01:18:36;12323;85;23.5;21.7;2.709;1.199;0.632;1.099;0.003;0.964;12324
B516DA;2015/03/08 01:18:46;12324;88;25.1;21.7;2.693;1.199;0.632;1.099;0.029;0.977;12325
B516DA;2015/03/08 01:18:56;12325;81;27.7;21.7;2.609;1.199;0.661;1.099;0.029;0.967;12326
B516DA;2015/03/08 01:19:06;12326;85;30.3;21.7;2.812;1.199;0.661;1.067;0.029;0.954;12327
B516DA;2015/03/08 01:19:16;12327;78;23.5;20.8;2.622;1.199;0.632;1.067;0.029;0.945;12328
B516DA;2015/03/08 01:19:26;12328;83;28.3;22.0;2.799;1.187;0.632;1.067;0.003;0.980;12329
B516DA;2015/03/08 01:19:36;12329;81;23.8;21.8;2.603;1.187;0.687;1.067;0.003;0.983;12330
B516DA;2015/03/08 01:19:46;12330;79;28.3;22.0;2.706;1.229;0.687;1.051;0.003;1.006;12331
B516DA;2015/03/08 01:19:56;12331;81;24.8;21.7;2.612;1.229;0.648;1.051;0.003;0.958;12332
B516DA;2015/03/08 01:20:06;12332;88;24.1;21.0;2.764;1.199;0.648;1.051;0.000;0.945;12333
B516DA;2015/03/08 01:20:16;12333;87;22.2;21.7;2.780;1.199;0.632;1.051;0.000;0.987;12334
B516DA;2015/03/08 01:20:26;12334;84;22.5;22.2;2.674;1.187;0.632;1.096;0.000;1.006;12335
B516DA;2015/03/08 01:20:36;12335;86;23.8;21.8;2.725;1.187;0.632;1.096;0.000;0.958;12336
B516DA;2015/03/08 01:20:46;12336;75;28.3;22.2;2.603;1.187;0.632;1.096;0.003;0.977;12337
B516DA;2015/03/08 01:20:56;12337;87;22.2;22.0;2.735;1.187;0.648;1.096;0.003;0.983;12338
B516DA;2015/03/08 01:21:06;12338;79;25.4;21.7;2.799;1.193;0.648;1.083;0.003;1.016;12339
B516DA;2015/03/08 01:21:16;12339;83;29.6;21.3;2.796;1.193;0.638;1.083;0.003;0.993;12340
B516DA;2015/03/08 01:21:26;12340;81;23.5;21.8;2.609;1.216;0.638;1.083;0.000;0.967;12341
B516DA;2015/03/08 01:21:36;12341;89;22.9;21.7;2.680;1.216;0.683;1.083;0.000;0.990;12342
B516DA;2015/03/08 01:21:46;12342;90;28.3;21.8;2.583;1.190;0.683;1.116;0.000;0.996;12343
B516DA;2015/03/08 01:21:56;12343;73;22.9;21.7;2.729;1.190;0.670;1.116;0.000;0.961;12344
B516DA;2015/03/08 01:22:06;12344;85;29.3;22.0;2.783;1.199;0.670;1.116;0.009;0.990;12345
B516DA;2015/03/08 01:22:16;12345;79;30.6;21.1;2.609;1.199;0.638;1.116;0.009;0.983;12346
B516DA;2015/03/08 01:22:26;12346;73;25.1;21.0;2.687;1.229;0.638;1.064;0.009;0.970;12347
B516DA;2015/03/08 01:22:36;12347;86;27.7;21.0;2.603;1.229;0.658;1.064;0.009;0.974;12348
B516DA;2015/03/08 01:22:46;12348;88;23.8;21.8;2.635;1.229;0.658;1.064;0.000;0.980;12349
B516DA;2015/03/08 01:22:56;12349;83;26.7;21.1;2.635;1.229;0.638;1.064;0.000;0.964;12350
B516DA;2015/03/08 01:23:06;12350;78;27.4;21.5;2.600;1.219;0.638;1.116;0.000;0.954;12351
B516DA;2015/03/08 01:23:16;12351;87;30.3;21.3;2.596;1.219;0.690;1.116;0.000;0.977;12352
B516DA;2015/03/08 01:23:26;12352;76;27.0;21.8;2.799;1.219;0.690;1.116;0.003;0.990;12353
B516DA;2015/03/08 01:23:36;12353;85;22.5;21.8;2.767;1.219;0.638;1.116;0.003;0.974;12354
B516DA;2015/03/08 01:23:46;12354;83;22.2;21.7;2.661;1.209;0.638;1.061;0.003;0.964;12355
B516DA;2015/03/08 01:23:56;12355;81;26.1;21.8;2.606;1.209;0.667;1.061;0.003;0.974;12356
B516DA;2015/03/08 01:24:06;12356;78;26.1;21.3;2.806;1.190;0.667;1.061;0.003;0.970;12357
B516DA;2015/03/08 01:24:16;12357;89;23.5;21.3;2.709;1.190;0.638;1.061;0.003;0.974;12358
B516DA;2015/03/08 01:24:26;12358;84;26.1;21.5;2.806;1.206;0.638;1.061;0.003;0.970;12359
B516DA;2015/03/08 01:24:36;12359;89;27.4;21.5;2.593;1.206;0.641;1.061;0.003;0.993;12360
B516DA;2015/03/08 01:24:46;12360;91;25.8;21.8;2.712;1.187;0.641;1.061;0.000;0.977;12361
B516DA;2015/03/08 01:24:56;12361;81;27.4;21.7;2.816;1.187;0.654;1.061;0.000;1.019;12362
B516DA;2015/03/08 01:25:06;12362;88;24.5;21.3;2.641;1.229;0.654;1.103;0.000;1.000;12363
B516DA;2015/03/08 01:25:16;12363;73;27.4;21.1;2.609;1.229;0.638;1.103;0.000;1.012;12364
B516DA;2015/03/08 01:25:26;12364;90;26.1;21.5;2.622;1.216;0.638;1.103;0.000;0.977;12365
B516DA;2015/03/08 01:25:36;12365;78;28.7;21.1;2.754;1.216;0.690;1.103;0.000;0.990;12366
B516DA;2015/03/08 01:25:46;12366;83;26.7;21.5;2.806;1.187;0.690;1.048;0.000;0.993;12367
B516DA;2015/03/08 01:25:56;12367;86;29.6;21.3;2.600;1.187;0.638;1.048;0.000;1.006;12368
B516DA;2015/03/08 01:26:06;12368;79;29.0;21.7;2.812;1.219;0.638;1.048;0.003;0.987;12369
B516DA;2015/03/08 01:26:16;12369;87;26.7;22.0;2.616;1.219;0.638;1.048;0.003;0.993;12370
B516DA;2015/03/08 01:26:26;12370;88;29.6;21.7;2.767;1.212;0.638;1.061;0.003;0.983;12371
B516DA;2015/03/08 01:26:36;12371;83;24.8;21.1;2.709;1.212;0.638;1.061;0.003;1.003;12372
B516DA;2015/03/08 01:26:46;12372;81;24.5;20.8;2.754;1.187;0.638;1.061;0.058;0.996;12373
B516DA;2015/03/08 01:26:56;12373;90;24.8;21.7;2.809;1.187;0.674;1.061;0.058;0.993;12374
B516DA;2015/03/08 01:27:06;12374;88;26.1;21.1;2.806;1.206;0.674;1.109;0.058;1.009;12375
B516DA;2015/03/08 01:27:16;12375;78;23.5;21.3;2.706;1.206;0.638;1.109;0.058;1.019;12376
B516DA;2015/03/08 01:27:26;12376;83;28.3;21.3;2.754;1.187;0.638;1.109;0.003;0.993;12377
B516DA;2015/03/08 01:27:36;12377;80;29.3;21.0;2.606;1.187;0.635;1.109;0.003;0.980;12378
B516DA;2015/03/08 01:27:46;12378;85;27.4;21.3;2.799;1.203;0.635;1.116;0.003;0.990;12379
B516DA;2015/03/08 01:27:56;12379;87;23.5;21.0;2.690;1.203;0.638;1.116;0.003;1.009;12380
B516DA;2015/03/08 01:28:06;12380;85;28.7;21.7;2.583;1.183;0.638;1.116;0.003;1.009;12381
B516DA;2015/03/08 01:28:16;12381;89;22.5;21.7;2.732;1.183;0.667;1.116;0.003;0.983;12382
B516DA;2015/03/08 01:28:26;12382;83;28.7;21.7;2.774;1.183;0.667;1.103;0.003;0.987;12383
B516DA;2015/03/08 01:28:36;12383;73;22.5;21.5;2.754;1.183;0.683;1.103;0.003;1.016;12384
B516DA;2015/03/08 01:28:46;12384;93;27.7;21.5;2.661;1.183;0.683;1.103;0.003;1.016;12385
B516DA;2015/03/08 01:28:56;12385;86;29.6;21.0;2.603;1.183;0.674;1.103;0.003;0.980;12386
B516DA;2015/03/08 01:29:06;12386;83;29.6;21.5;2.641;1.199;0.674;1.041;0.003;0.974;12387
B516DA;2015/03/08 01:29:16;12387;84;27.0;21.1;2.767;1.199;0.687;1.041;0.003;0.980;12388
B516DA;2015/03/08 01:29:26;12388;84;27.0;21.7;2.603;1.183;0.687;1.041;0.000;1.000;12389
B516DA;2015/03/08 01:29:36;12389;92;27.7;21.8;2.600;1.183;0.638;1.041;0.000;0.996;12390
B516DA;2015/03/08 01:29:46;12390;81;27.4;21.3;2.799;1.183;0.638;1.041;0.000;1.016;12391
B516DA;2015/03/08 01:29:56;12391;87;22.5;21.3;2.780;1.183;0.632;1.041;0.000;1.000;12392
B516DA;2015/03/08 01:30:06;12392;84;23.5;21.8;2.600;1.229;0.632;1.041;0.003;0.970;12393
B516DA;2015/03/08 01:30:16;12393;83;29.0;21.7;2.603;1.229;0.632;1.041;0.003;0.970;12394
B516DA;2015/03/08 01:30:26;12394;87;27.4;21.7;2.767;1.190;0.632;1.067;0.003;0.993;12395
B516DA;2015/03/08 01:30:36;12395;89;26.4;21.1;2.693;1.190;0.632;1.067;0.003;1.003;12396
B516DA;2015/03/08 01:30:46;12396;82;22.9;20.8;2.748;1.190;0.632;1.067;0.000;1.016;12397
B516DA;2015/03/08 01:30:56;12397;89;25.4;21.7;2.793;1.190;0.680;1.067;0.000;0.980;12398
B516DA;2015/03/08 01:31:06;12398;87;23.5;21.5;2.622;1.180;0.680;1.051;0.000;0.961;12399
B516DA;2015/03/08 01:31:16;12399;88;27.7;21.1;2.622;1.180;0.658;1.051;0.000;1.000;12400
B516DA;2015/03/08 01:31:26;12400;88;28.3;21.7;2.806;1.183;0.658;1.051;0.035;1.009;12401
B516DA;2015/03/08 01:31:36;12401;86;27.7;21.5;2.606;1.183;0.674;1.051;0.035;0.967;12402
B516DA;2015/03/08 01:31:46;12402;83;26.7;21.3;2.725;1.219;0.674;1.080;0.035;0.990;12403
B516DA;2015/03/08 01:31:56;12403;85;27.7;21.7;2.603;1.219;0.638;1.080;0.035;0.948;12404
B516DA;2015/03/08 01:32:06;12404;88;22.9;21.0;2.706;1.203;0.638;1.080;0.003;0.967;12405
B516DA;2015/03/08 01:32:16;12405;86;27.4;21.5;2.596;1.203;0.670;1.080;0.003;0.951;12406
B516DA;2015/03/08 01:32:26;12406;87;22.2;21.1;2.696;1.222;0.670;1.041;0.003;0.961;12407
B516DA;2015/03/08 01:32:36;12407;84;21.9;21.7;2.729;1.222;0.645;1.041;0.003;0.974;12408
B516DA;2015/03/08 01:32:46;12408;74;22.2;22.0;2.670;1.219;0.645;1.041;0.000;0.970;12409
B516DA;2015/03/08 01:32:56;12409;80;23.5;21.8;2.732;1.219;0.680;1.041;0.000;0.974;12410
B516DA;2015/03/08 01:33:06;12410;89;27.4;21.7;2.583;1.199;0.680;1.032;0.000;1.003;12411
B516DA;2015/03/08 01:33:16;12411;93;28.3;21.1;2.603;1.199;0.632;1.032;0.000;0.951;12412
B516DA;2015/03/08 01:33:26;12412;87;27.4;22.2;2.603;1.183;0.632;1.032;0.000;0.961;12413
B516DA;2015/03/08 01:33:36;12413;74;24.5;21.5;2.819;1.183;0.661;1.032;0.000;0.980;12414
B516DA;2015/03/08 01:33:46;12414;79;27.4;21.7;2.787;1.222;0.661;1.058;0.000;0.967;12415
B516DA;2015/03/08 01:33:56;12415;88;26.4;21.8;2.661;1.222;0.648;1.058;0.000;0.954;12416
B516DA;2015/03/08 01:34:06;12416;89;29.0;21.8;2.600;1.187;0.648;1.058;0.003;1.003;12417
B516DA;2015/03/08 01:34:16;12417;81;24.8;21.7;2.796;1.187;0.687;1.058;0.003;0.993;12418
B516DA;2015/03/08 01:34:26;12418;90;22.2;21.5;2.683;1.216;0.687;1.051;0.003;0.964;12419
B516DA;2015/03/08 01:34:36;12419;87;29.3;21.3;2.603;1.216;0.635;1.051;0.003;1.006;12420
B516DA;2015/03/08 01:34:46;12420;87;25.8;22.0;2.806;1.183;0.635;1.051;0.000;0.958;12421
B516DA;2015/03/08 01:34:56;12421;80;26.7;21.1;2.635;1.183;0.632;1.051;0.000;0.996;12422
B516DA;2015/03/08 01:35:06;12422;81;26.1;21.8;2.812;1.209;0.632;1.045;0.000;0.951;12423
B516DA;2015/03/08 01:35:16;12423;90;30.3;21.3;2.609;1.209;0.680;1.045;0.000;0.958;12424
B516DA;2015/03/08 01:35:26;12424;85;24.5;21.5;2.761;1.229;0.680;1.045;0.000;0.996;12425
B516DA;2015/03/08 01:35:36;12425;82;27.4;21.7;2.609;1.229;0.632;1.045;0.000;0.964;12426
B516DA;2015/03/08 01:35:46;12426;88;27.0;22.0;2.819;1.206;0.632;1.041;0.000;0.967;12427
B516DA;2015/03/08 01:35:56;12427;78;27.0;21.1;2.645;1.206;0.661;1.041;0.000;0.967;12428
B516DA;2015/03/08 01:36:06;12428;83;24.1;21.0;2.777;1.187;0.661;1.041;0.000;0.990;12429
B516DA;2015/03/08 01:36:16;12429;86;28.3;21.0;2.603;1.187;0.632;1.041;0.000;0.958;12430
B516DA;2015/03/08 01:36:26;12430;82;24.8;21.5;2.799;1.196;0.632;1.029;0.000;0.996;12431
B516DA;2015/03/08 01:36:36;12431;90;22.2;21.5;2.787;1.196;0.645;1.029;0.000;0.948;12432
B516DA;2015/03/08 01:36:46;12432;88;30.3;21.7;2.806;1.212;0.645;1.029;0.000;0.958;12433
B516DA;2015/03/08 01:36:56;12433;83;23.5;21.7;2.603;1.212;0.683;1.029;0.000;0.993;12434
B516DA;2015/03/08 01:37:06;12434;87;23.8;21.1;2.732;1.193;0.683;1.029;0.000;0.970;12435
B516DA;2015/03/08 01:37:16;12435;79;26.7;22.2;2.593;1.193;0.632;1.029;0.000;0.967;12436
B516DA;2015/03/08 01:37:26;12436;89;25.1;21.5;2.629;1.216;0.632;1.029;0.000;0.970;12437
B516DA;2015/03/08 01:37:36;12437;83;24.1;21.7;2.816;1.216;0.687;1.029;0.000;0.961;12438
B516DA;2015/03/08 01:37:46;12438;83;27.7;21.8;2.603;1.206;0.687;1.025;0.000;0.983;12439
B516DA;2015/03/08 01:37:56;12439;85;27.4;21.3;2.606;1.206;0.632;1.025;0.000;0.967;12440
B516DA;2015/03/08 01:38:06;12440;85;28.3;21.7;2.600;1.229;0.632;1.025;0.003;0.987;12441
B516DA;2015/03/08 01:38:16;12441;90;27.7;21.3;2.603;1.229;0.632;1.025;0.003;0.990;12442
B516DA;2015/03/08 01:38:26;12442;78;22.5;22.0;2.648;1.229;0.632;1.038;0.003;1.003;12443
B516DA;2015/03/08 01:38:36;12443;90;22.5;21.8;2.606;1.229;0.648;1.038;0.003;0.990;12444
B516DA;2015/03/08 01:38:46;12444;83;28.7;21.5;2.600;1.235;0.648;1.038;0.009;0.967;12445
B516DA;2015/03/08 01:38:56;12445;85;24.8;21.7;2.609;1.235;0.632;1.038;0.009;0.958;12446
B516DA;2015/03/08 01:39:06;12446;81;23.8;21.5;2.812;1.206;0.632;1.077;0.009;0.961;12447
B516DA;2015/03/08 01:39:16;12447;80;22.5;21.8;2.738;1.206;0.632;1.077;0.009;0.977;12448
B516DA;2015/03/08 01:39:26;12448;83;30.3;21.8;2.806;1.183;0.632;1.077;0.003;0.990;12449
B516DA;2015/03/08 01:39:36;12449;77;27.0;21.7;2.803;1.183;0.651;1.077;0.003;0.990;12450
B516DA;2015/03/08 01:39:46;12450;87;29.6;21.8;2.600;1.199;0.651;1.070;0.003;1.000;12451
B516DA;2015/03/08 01:39:56;12451;86;22.5;21.5;2.738;1.199;0.635;1.070;0.003;0.970;12452
B516DA;2015/03/08 01:40:06;12452;87;24.8;21.5;2.799;1.187;0.635;1.070;0.000;0.967;12453
B516DA;2015/03/08 01:40:16;12453;84;29.6;21.7;2.793;1.187;0.632;1.070;0.000;0.961;12454
B516DA;2015/03/08 01:40:26;12454;88;23.8;22.2;2.632;1.190;0.632;1.038;0.000;0.974;12455
B516DA;2015/03/08 01:40:36;12455;91;24.8;21.5;2.703;1.190;0.638;1.038;0.000;0.951;12456
B516DA;2015/03/08 01:40:46;12456;86;27.0;21.7;2.587;1.187;0.638;1.038;0.000;0.951;12457
B516DA;2015/03/08 01:40:56;12457;89;26.7;21.7;2.803;1.187;0.648;1.038;0.000;0.948;12458
B516DA;2015/03/08 01:41:06;12458;93;22.5;21.3;2.606;1.187;0.648;1.032;0.000;0.980;12459
B516DA;2015/03/08 01:41:16;12459;83;27.4;21.8;2.600;1.187;0.661;1.032;0.000;0.951;12460
B516DA;2015/03/08 01:41:26;12460;87;21.9;22.0;2.793;1.225;0.661;1.032;0.000;0.967;12461
B516DA;2015/03/08 01:41:36;12461;77;25.8;21.7;2.803;1.225;0.654;1.032;0.000;0.945;12462
B516DA;2015/03/08 01:41:46;12462;87;26.1;21.8;2.722;1.187;0.654;1.038;0.000;0.945;12463
B516DA;2015/03/08 01:41:56;12463;86;27.7;21.3;2.603;1.187;0.635;1.038;0.000;0.990;12464
B516DA;2015/03/08 01:42:06;12464;75;29.3;21.7;2.787;1.190;0.635;1.038;0.000;0.954;12465
B516DA;2015/03/08 01:42:16;12465;84;29.6;21.5;2.603;1.190;0.638;1.038;0.000;0.951;12466
B516DA;2015/03/08 01:42:26;12466;77;28.7;22.0;2.590;1.183;0.638;1.077;0.000;0.958;12467
B516DA;2015/03/08 01:42:36;12467;74;25.4;22.2;2.793;1.183;0.638;1.077;0.000;0.990;12468
B516DA;2015/03/08 01:42:46;12468;85;27.0;21.7;2.787;1.199;0.638;1.077;0.016;0.954;12469
B516DA;2015/03/08 01:42:56;12469;81;27.7;21.3;2.616;1.199;0.661;1.077;0.016;0.990;12470
B516DA;2015/03/08 01:43:06;12470;80;28.3;21.8;2.616;1.222;0.661;1.061;0.016;0.948;12471
B516DA;2015/03/08 01:43:16;12471;85;22.9;22.2;2.812;1.222;0.641;1.061;0.016;0.961;12472
B516DA;2015/03/08 01:43:26;12472;85;24.8;22.0;2.793;1.219;0.641;1.061;0.000;0.970;12473
B516DA;2015/03/08 01:43:36;12473;79;26.1;21.8;2.609;1.219;0.629;1.061;0.000;0.941;12474
B516DA;2015/03/08 01:43:46;12474;85;28.3;22.4;2.683;1.183;0.629;1.090;0.000;0.941;12475
B516DA;2015/03/08 01:43:56;12475;83;22.9;21.7;2.619;1.183;0.629;1.090;0.000;0.945;12476
B516DA;2015/03/08 01:44:06;12476;80;21.9;22.2;2.699;1.187;0.629;1.090;0.000;0.974;12477
B516DA;2015/03/08 01:44:16;12477;79;27.0;21.1;2.709;1.187;0.632;1.090;0.000;0.941;12478
B516DA;2015/03/08 01:44:26;12478;82;26.1;21.5;2.806;1.196;0.632;1.041;0.000;0.945;12479
B516DA;2015/03/08 01:44:36;12479;84;22.9;22.2;2.709;1.196;0.654;1.041;0.000;0.938;12480
B516DA;2015/03/08 01:44:46;12480;89;27.4;22.4;2.799;1.206;0.654;1.041;0.000;0.932;12481
B516DA;2015/03/08 01:44:56;12481;80;29.0;21.7;2.600;1.206;0.632;1.041;0.000;0.932;12482
B516DA;2015/03/08 01:45:06;12482;93;27.4;21.8;2.603;1.187;0.632;1.032;0.000;0.974;12483
B516DA;2015/03/08 01:45:16;12483;76;27.7;21.5;2.600;1.187;0.670;1.032;0.000;0.941;12484
B516DA;2015/03/08 01:45:26;12484;84;21.9;22.7;2.687;1.209;0.670;1.032;0.038;0.987;12485
B516DA;2015/03/08 01:45:36;12485;83;28.0;22.4;2.738;1.209;0.680;1.032;0.038;0.951;12486
B516DA;2015/03/08 01:45:46;12486;86;26.7;21.7;2.812;1.187;0.680;1.048;0.038;0.961;12487
B516DA;2015/03/08 01:45:56;12487;85;21.9;22.0;2.754;1.187;0.632;1.048;0.038;0.974;12488
B516DA;2015/03/08 01:46:06;12488;82;26.1;22.0;2.812;1.209;0.632;1.048;0.003;0.964;12489
B516DA;2015/03/08 01:46:16;12489;86;28.0;22.0;2.761;1.209;0.632;1.048;0.003;0.967;12490
B516DA;2015/03/08 01:46:26;12490;85;28.0;22.5;2.625;1.193;0.632;1.048;0.003;0.948;12491
B516DA;2015/03/08 01:46:36;12491;79;26.7;21.8;2.674;1.193;0.632;1.048;0.003;0.961;12492
B516DA;2015/03/08 01:46:46;12492;86;27.7;21.7;2.806;1.187;0.632;1.048;0.003;0.977;12493
B516DA;2015/03/08 01:46:56;12493;83;22.2;21.8;2.793;1.187;0.632;1.048;0.003;0.954;12494
B516DA;2015/03/08 01:47:06;12494;80;23.2;21.3;2.751;1.190;0.632;1.103;0.003;0.983;12495
B516DA;2015/03/08 01:47:16;12495;78;22.5;22.4;2.732;1.190;0.648;1.103;0.003;0.970;12496
B516DA;2015/03/08 01:47:26;12496;88;25.1;21.3;2.667;1.199;0.648;1.103;0.000;0.961;12497
B516DA;2015/03/08 01:47:36;12497;82;27.7;21.7;2.606;1.199;0.641;1.103;0.000;0.983;12498
B516DA;2015/03/08 01:47:46;12498;85;27.4;22.0;2.596;1.187;0.641;1.109;0.000;0.967;12499
B516DA;2015/03/08 01:47:56;12499;84;22.9;22.2;2.803;1.187;0.641;1.109;0.000;1.006;12500
B516DA;2015/03/08 01:48:06;12500;88;26.4;21.7;2.712;1.196;0.641;1.109;0.003;0.974;12501
B516DA;2015/03/08 01:48:16;12501;72;30.3;21.5;2.609;1.196;0.632;1.109;0.003;0.974;12502
B516DA;2015/03/08 01:48:26;12502;82;24.8;21.0;2.648;1.212;0.632;1.051;0.003;0.996;12503
B516DA;2015/03/08 01:48:36;12503;80;23.2;22.2;2.693;1.212;0.638;1.051;0.003;0.974;12504
B516DA;2015/03/08 01:48:46;12504;78;27.7;22.2;2.596;1.206;0.638;1.051;0.000;1.000;12505
B516DA;2015/03/08 01:48:56;12505;85;24.8;21.3;2.687;1.206;0.674;1.051;0.000;0.980;12506
B516DA;2015/03/08 01:49:06;12506;85;28.3;21.7;2.774;1.222;0.674;1.038;0.000;0.983;12507
B516DA;2015/03/08 01:49:16;12507;79;28.3;21.1;2.609;1.222;0.622;1.038;0.000;0.967;12508
B516DA;2015/03/08 01:49:26;12508;91;22.9;21.7;2.712;1.190;0.622;1.038;0.000;0.970;12509
B516DA;2015/03/08 01:49:36;12509;84;25.4;21.7;2.609;1.190;0.638;1.038;0.000;0.996;12510
B516DA;2015/03/08 01:49:46;12510;73;28.0;22.2;2.632;1.190;0.638;1.090;0.000;1.000;12511
B516DA;2015/03/08 01:49:56;12511;84;26.7;21.8;2.590;1.190;0.625;1.090;0.000;0.980;12512
B516DA;2015/03/08 01:50:06;12512;76;24.8;20.8;2.641;1.203;0.625;1.090;0.016;0.990;12513
B516DA;2015/03/08 01:50:16;12513;83;29.0;21.5;2.816;1.203;0.687;1.090;0.016;0.954;12514
B516DA;2015/03/08 01:50:26;12514;85;26.7;21.7;2.748;1.222;0.687;1.061;0.016;0.967;12515
B516DA;2015/03/08 01:50:36;12515;85;28.3;21.1;2.603;1.222;0.629;1.061;0.016;0.967;12516
B516DA;2015/03/08 01:50:46;12516;87;28.0;21.8;2.622;1.196;0.629;1.061;0.000;1.003;12517
B516DA;2015/03/08 01:50:56;12517;91;25.4;21.7;2.774;1.196;0.629;1.061;0.000;0.993;12518
B516DA;2015/03/08 01:51:06;12518;80;24.1;21.5;2.780;1.206;0.629;1.048;0.000;0.970;12519
B516DA;2015/03/08 01:51:16;12519;78;27.4;21.5;2.590;1.206;0.632;1.048;0.000;0.980;12520
B516DA;2015/03/08 01:51:26;12520;82;26.7;21.3;2.709;1.232;0.632;1.048;0.000;0.987;12521
B516DA;2015/03/08 01:51:36;12521;79;22.5;21.5;2.735;1.232;0.632;1.048;0.000;0.970;12522
B516DA;2015/03/08 01:51:46;12522;88;26.7;21.1;2.593;1.183;0.632;1.083;0.000;0.987;12523
B516DA;2015/03/08 01:51:56;12523;86;23.2;21.7;2.670;1.183;0.680;1.083;0.000;1.012;12524
B516DA;2015/03/08 01:52:06;12524;78;27.0;21.8;2.600;1.206;0.680;1.083;0.000;1.009;12525
B516DA;2015/03/08 01:52:16;12525;81;22.5;21.5;2.793;1.206;0.625;1.083;0.000;0.977;12526
B516DA;2015/03/08 01:52:26;12526;85;29.0;21.5;2.745;1.199;0.625;1.048;0.000;1.012;12527
B516DA;2015/03/08 01:52:36;12527;82;22.9;21.5;2.600;1.199;0.648;1.048;0.000;0.980;12528
B516DA;2015/03/08 01:52:46;12528;84;24.1;21.3;2.732;1.229;0.648;1.048;0.000;0.987;12529
B516DA;2015/03/08 01:52:56;12529;87;23.5;21.7;2.609;1.229;0.638;1.048;0.000;0.987;12530
B516DA;2015/03/08 01:53:06;12530;88;26.7;21.7;2.799;1.183;0.638;1.064;0.000;0.980;12531
B516DA;2015/03/08 01:53:16;12531;78;30.3;21.3;2.600;1.183;0.641;1.064;0.000;0.974;12532
B516DA;2015/03/08 01:53:26;12532;83;25.1;21.5;2.780;1.183;0.641;1.064;0.000;0.967;12533
B516DA;2015/03/08 01:53:36;12533;85;28.7;21.3;2.606;1.183;0.654;1.064;0.000;0.964;12534
B516DA;2015/03/08 01:53:46;12534;92;27.0;21.7;2.812;1.183;0.654;1.061;0.000;0.993;12535
B516DA;2015/03/08 01:53:56;12535;83;22.2;21.7;2.635;1.183;0.629;1.061;0.000;0.954;12536
B516DA;2015/03/08 01:54:06;12536;92;22.9;21.0;2.806;1.206;0.629;1.061;0.003;0.974;12537
B516DA;2015/03/08 01:54:16;12537;78;27.4;22.2;2.596;1.206;0.635;1.061;0.003;0.958;12538
B516DA;2015/03/08 01:54:26;12538;89;23.5;22.2;2.625;1.225;0.635;1.070;0.003;0.954;12539
B516DA;2015/03/08 01:54:36;12539;83;25.4;21.8;2.741;1.225;0.654;1.070;0.003;0.974;12540
B516DA;2015/03/08 01:54:46;12540;85;26.7;21.5;2.809;1.199;0.654;1.070;0.000;0.935;12541
B516DA;2015/03/08 01:54:56;12541;85;25.4;21.8;2.706;1.199;0.625;1.070;0.000;0.980;12542
B516DA;2015/03/08 01:55:06;12542;93;22.9;21.7;2.712;1.187;0.625;1.096;0.000;0.964;12543
B516DA;2015/03/08 01:55:16;12543;85;28.0;21.1;2.629;1.187;0.648;1.096;0.000;0.958;12544
B516DA;2015/03/08 01:55:26;12544;83;27.7;22.2;2.645;1.206;0.648;1.096;0.006;0.929;12545
B516DA;2015/03/08 01:55:36;12545;88;29.0;21.5;2.703;1.206;0.641;1.096;0.006;0.941;12546
B516DA;2015/03/08 01:55:46;12546;83;22.5;21.5;2.738;1.187;0.641;1.048;0.006;0.964;12547
B516DA;2015/03/08 01:55:56;12547;85;23.5;21.7;2.616;1.187;0.658;1.048;0.006;0.970;12548
B516DA;2015/03/08 01:56:06;12548;83;28.7;21.8;2.590;1.199;0.658;1.048;0.000;0.964;12549
B516DA;2015/03/08 01:56:16;12549;83;25.4;22.0;2.590;1.199;0.641;1.048;0.000;0.964;12550
B516DA;2015/03/08 01:56:26;12550;93;29.6;21.8;2.793;1.229;0.641;1.096;0.000;0.941;12551
B516DA;2015/03/08 01:56:36;12551;83;27.7;23.2;2.603;1.229;0.632;1.096;0.000;0.970;12552
B516DA;2015/03/08 01:56:46;12552;80;30.0;22.5;2.725;1.209;0.632;1.096;0.009;0.964;12553
B516DA;2015/03/08 01:56:56;12553;86;29.0;21.3;2.603;1.209;0.625;1.096;0.009;0.941;12554
B516DA;2015/03/08 01:57:06;12554;78;26.4;22.5;2.609;1.216;0.625;1.038;0.009;0.964;12555
B516DA;2015/03/08 01:57:16;12555;75;23.5;22.0;2.709;1.216;0.625;1.038;0.009;0.967;12556
B516DA;2015/03/08 01:57:26;12556;93;25.4;22.2;2.632;1.238;0.625;1.038;0.000;0.980;12557
B516DA;2015/03/08 01:57:36;12557;77;24.1;22.5;2.809;1.238;0.638;1.038;0.000;0.948;12558
B516DA;2015/03/08 01:57:46;12558;78;25.8;22.2;2.616;1.187;0.638;1.041;0.000;0.980;12559
B516DA;2015/03/08 01:57:56;12559;85;21.9;22.0;2.729;1.187;0.632;1.041;0.000;0.961;12560
B516DA;2015/03/08 01:58:06;12560;92;24.5;22.0;2.590;1.216;0.632;1.041;0.000;0.948;12561
B516DA;2015/03/08 01:58:16;12561;85;21.9;22.0;2.761;1.216;0.683;1.041;0.000;0.964;12562
B516DA;2015/03/08 01:58:26;12562;83;29.0;22.0;2.622;1.183;0.683;1.099;0.000;0.967;12563
B516DA;2015/03/08 01:58:36;12563;88;24.1;22.4;2.716;1.183;0.632;1.099;0.000;0.967;12564
B516DA;2015/03/08 01:58:46;12564;78;25.8;22.5;2.722;1.235;0.632;1.099;0.000;0.945;12565
B516DA;2015/03/08 01:58:56;12565;89;25.8;22.4;2.699;1.235;0.632;1.099;0.000;0.964;12566
B516DA;2015/03/08 01:59:06;12566;80;22.5;22.5;2.670;1.187;0.632;1.093;0.000;0.974;12567
