B516D9;2015/03/06 00:00:26;0;1;28.3;19.6;2.351;-1.000;-1.000;-1.000;-1.000;0.722;1
B516D9;2015/03/06 00:00:45;1;96;24.8;20.1;2.716;-1.000;-1.000;-1.000;-1.000;0.761;2
B516D9;2015/03/06 00:00:55;2;88;26.1;20.1;2.567;1.454;-1.000;2.516;-1.000;0.712;3
B516D9;2015/03/06 00:01:05;3;89;24.8;20.4;2.603;1.454;1.151;2.516;-1.000;0.751;4
B516D9;2015/03/06 00:01:15;4;92;32.2;20.8;2.787;1.541;1.151;2.516;0.170;0.703;5
B516D9;2015/03/06 00:01:25;5;85;24.8;20.4;2.622;1.541;1.141;2.516;0.170;0.719;6
B516D9;2015/03/06 00:01:35;6;89;32.2;20.4;2.609;1.599;1.141;2.299;0.170;0.709;7
B516D9;2015/03/06 00:01:45;7;89;27.4;20.1;2.577;1.599;1.183;2.299;0.170;0.709;8
B516D9;2015/03/06 00:01:55;8;97;29.6;20.1;2.774;1.625;1.183;2.299;0.216;0.732;9
B516D9;2015/03/06 00:02:05;9;96;30.0;20.1;2.670;1.625;1.135;2.299;0.216;0.719;10
B516D9;2015/03/06 00:02:15;10;93;26.1;20.1;2.564;1.641;1.135;2.341;0.216;0.738;11
B516D9;2015/03/06 00:02:25;11;88;25.4;20.6;2.670;1.641;1.145;2.341;0.216;0.722;12
B516D9;2015/03/06 00:02:35;12;91;24.8;19.6;2.580;1.693;1.145;2.341;0.132;0.709;13
B516D9;2015/03/06 00:02:45;13;83;26.1;20.3;2.641;1.693;1.177;2.341;0.132;0.712;14
B516D9;2015/03/06 00:02:55;14;88;25.4;19.4;2.793;1.690;1.177;2.364;0.132;0.748;15
B516D9;2015/03/06 00:03:05;15;94;30.6;20.3;2.574;1.690;1.151;2.364;0.132;0.767;16
B516D9;2015/03/06 00:03:15;16;78;28.3;19.4;2.719;1.716;1.151;2.364;0.167;0.732;17
B516D9;2015/03/06 00:03:25;17;89;24.8;19.9;2.609;1.716;1.174;2.364;0.167;0.725;18
B516D9;2015/03/06 00:03:35;18;83;24.8;19.4;2.754;1.719;1.174;2.419;0.167;0.716;19
B516D9;2015/03/06 00:03:45;19;77;27.0;19.4;2.622;1.719;1.116;2.419;0.167;0.738;20
B516D9;2015/03/06 00:03:55;20;95;30.6;20.3;2.680;1.703;1.116;2.419;0.158;0.706;21
B516D9;2015/03/06 00:04:05;21;93;29.0;19.8;2.816;1.703;1.177;2.419;0.158;0.748;22
B516D9;2015/03/06 00:04:15;22;94;29.0;19.6;2.551;1.687;1.177;2.393;0.158;0.709;23
B516D9;2015/03/06 00:04:25;23;81;29.6;19.9;2.799;1.687;1.145;2.393;0.158;0.725;24
B516D9;2015/03/06 00:04:35;24;88;27.4;19.6;2.570;1.690;1.145;2.393;0.183;0.732;25
B516D9;2015/03/06 00:04:45;25;84;30.9;20.4;2.564;1.690;1.141;2.393;0.183;0.706;26
B516D9;2015/03/06 00:04:55;26;87;28.7;19.4;2.738;1.732;1.141;2.422;0.183;0.725;27
B516D9;2015/03/06 00:05:05;27;92;24.5;20.4;2.577;1.732;1.116;2.422;0.183;0.719;28
B516D9;2015/03/06 00:05:15;28;95;26.1;19.9;2.616;1.706;1.116;2.422;0.125;0.725;29
B516D9;2015/03/06 00:05:25;29;82;27.0;19.4;2.712;1.706;1.138;2.422;0.125;0.706;30
B516D9;2015/03/06 00:05:35;30;88;30.9;20.4;2.587;1.706;1.138;2.425;0.125;0.732;31
B516D9;2015/03/06 00:05:45;31;95;30.0;20.1;2.583;1.706;1.151;2.425;0.125;0.732;32
B516D9;2015/03/06 00:05:55;32;87;28.7;19.8;2.635;1.738;1.151;2.425;0.132;0.732;33
B516D9;2015/03/06 00:06:05;33;89;29.0;20.3;2.725;1.738;1.141;2.425;0.132;0.700;34
B516D9;2015/03/06 00:06:15;34;84;24.8;19.4;2.774;1.735;1.141;2.406;0.132;0.716;35
B516D9;2015/03/06 00:06:25;35;85;27.0;19.6;2.825;1.735;1.119;2.406;0.132;0.706;36
B516D9;2015/03/06 00:06:35;36;86;29.3;20.3;2.561;1.738;1.119;2.406;0.125;0.712;37
B516D9;2015/03/06 00:06:45;37;89;30.0;20.3;2.622;1.738;1.170;2.406;0.125;0.716;38
B516D9;2015/03/06 00:06:55;38;88;30.3;20.4;2.580;1.699;1.170;2.422;0.125;0.770;39
B516D9;2015/03/06 00:07:05;39;93;26.1;20.3;2.648;1.699;1.116;2.422;0.125;0.716;40
B516D9;2015/03/06 00:07:15;40;84;30.3;20.1;2.793;1.738;1.116;2.422;0.158;0.709;41
B516D9;2015/03/06 00:07:25;41;86;24.5;20.1;2.583;1.738;1.116;2.422;0.158;0.732;42
B516D9;2015/03/06 00:07:35;42;84;29.3;20.4;2.587;1.722;1.116;2.422;0.158;0.722;43
B516D9;2015/03/06 00:07:45;43;81;30.3;19.9;2.825;1.722;1.148;2.422;0.158;0.709;44
B516D9;2015/03/06 00:07:55;44;89;27.7;19.4;2.722;1.703;1.148;2.422;0.193;0.732;45
B516D9;2015/03/06 00:08:05;45;84;32.5;19.2;2.777;1.703;1.119;2.422;0.193;0.716;46
B516D9;2015/03/06 00:08:15;46;80;25.1;20.1;2.616;1.725;1.119;2.393;0.193;0.703;47
B516D9;2015/03/06 00:08:25;47;86;28.3;20.3;2.587;1.725;1.119;2.393;0.193;0.712;48
B516D9;2015/03/06 00:08:35;48;88;24.5;19.6;2.716;1.703;1.119;2.393;0.122;0.751;49
B516D9;2015/03/06 00:08:45;49;82;26.7;20.1;2.809;1.703;1.122;2.393;0.122;0.716;50
B516D9;2015/03/06 00:08:55;50;86;30.9;20.4;2.748;1.712;1.122;2.429;0.122;0.716;51
B516D9;2015/03/06 00:09:05;51;87;25.1;20.3;2.677;1.712;1.122;2.429;0.122;0.745;52
B516D9;2015/03/06 00:09:15;52;98;28.0;20.6;2.725;1.709;1.122;2.429;0.122;0.735;53
B516D9;2015/03/06 00:09:25;53;87;29.3;20.1;2.809;1.709;1.174;2.429;0.122;0.703;54
B516D9;2015/03/06 00:09:35;54;82;30.6;20.3;2.787;1.745;1.174;2.383;0.122;0.732;55
B516D9;2015/03/06 00:09:45;55;88;24.5;19.9;2.609;1.745;1.116;2.383;0.122;0.735;56
B516D9;2015/03/06 00:09:55;56;80;29.3;20.4;2.580;1.751;1.116;2.383;0.122;0.738;57
B516D9;2015/03/06 00:10:05;57;83;28.0;19.8;2.570;1.751;1.119;2.383;0.122;0.716;58
B516D9;2015/03/06 00:10:15;58;78;28.7;20.1;2.635;1.729;1.119;2.435;0.122;0.696;59
B516D9;2015/03/06 00:10:25;59;85;24.5;20.1;2.609;1.729;1.119;2.435;0.122;0.725;60
B516D9;2015/03/06 00:10:35;60;96;24.8;19.8;2.574;1.745;1.119;2.435;0.125;0.709;61
B516D9;2015/03/06 00:10:45;61;89;26.7;19.6;2.716;1.745;1.132;2.435;0.125;0.745;62
B516D9;2015/03/06 00:10:55;62;92;32.9;19.9;2.616;1.716;1.132;2.377;0.125;0.709;63
B516D9;2015/03/06 00:11:05;63;91;28.7;20.1;2.574;1.716;1.183;2.377;0.125;0.748;64
B516D9;2015/03/06 00:11:15;64;86;25.1;19.4;2.787;1.735;1.183;2.377;0.122;0.729;65
B516D9;2015/03/06 00:11:25;65;84;25.1;20.1;2.622;1.735;1.151;2.377;0.122;0.722;66
B516D9;2015/03/06 00:11:35;66;93;30.3;20.1;2.674;1.735;1.151;2.429;0.122;0.758;67
B516D9;2015/03/06 00:11:45;67;86;26.1;20.3;2.777;1.735;1.116;2.429;0.122;0.725;68
B516D9;2015/03/06 00:11:55;68;92;29.6;20.4;2.587;1.709;1.116;2.429;0.132;0.741;69
B516D9;2015/03/06 00:12:09;0;1;25.8;19.9;2.219;-1.000;-1.000;-1.000;-1.000;0.848;1
B516D9;2015/03/06 00:12:28;1;100;24.8;19.8;2.777;-1.000;-1.000;-1.000;-1.000;0.780;2
B516D9;2015/03/06 00:12:39;2;83;28.0;19.2;2.741;1.480;-1.000;2.580;-1.000;0.745;3
B516D9;2015/03/06 00:12:48;3;93;32.9;19.4;2.783;1.480;1.129;2.580;-1.000;0.729;4
B516D9;2015/03/06 00:12:59;4;87;24.5;19.6;2.590;1.535;1.129;2.580;0.151;0.735;5
B516D9;2015/03/06 00:13:08;5;89;27.0;19.4;2.690;1.535;1.158;2.580;0.151;0.709;6
B516D9;2015/03/06 00:13:19;6;96;31.9;19.8;2.787;1.603;1.158;2.316;0.151;0.719;7
B516D9;2015/03/06 00:13:28;7;89;29.6;19.8;2.816;1.603;1.174;2.316;0.151;0.716;8
B516D9;2015/03/06 00:13:39;8;87;26.1;20.1;2.632;1.670;1.174;2.316;0.183;0.703;9
B516D9;2015/03/06 00:13:48;9;81;29.0;19.8;2.577;1.670;1.145;2.316;0.183;0.712;10
B516D9;2015/03/06 00:13:59;10;85;29.6;20.4;2.629;1.674;1.145;2.361;0.183;0.709;11
B516D9;2015/03/06 00:14:08;11;89;27.4;20.1;2.583;1.674;1.138;2.361;0.183;0.761;12
B516D9;2015/03/06 00:14:19;12;83;28.7;20.6;2.806;1.667;1.138;2.361;0.132;0.722;13
B516D9;2015/03/06 00:14:28;13;93;24.8;19.9;2.616;1.667;1.122;2.361;0.132;0.719;14
B516D9;2015/03/06 00:14:39;14;95;27.0;19.6;2.809;1.674;1.122;2.419;0.132;0.732;15
B516D9;2015/03/06 00:14:48;15;87;29.0;19.9;2.790;1.674;1.132;2.419;0.132;0.735;16
B516D9;2015/03/06 00:14:59;16;92;24.8;19.4;2.629;1.680;1.132;2.419;0.183;0.745;17
B516D9;2015/03/06 00:15:08;17;91;25.1;19.9;2.590;1.680;1.177;2.419;0.183;0.703;18
B516D9;2015/03/06 00:15:19;18;80;25.1;19.6;2.574;1.729;1.177;2.403;0.183;0.709;19
B516D9;2015/03/06 00:15:28;19;93;30.3;19.9;2.816;1.729;1.122;2.403;0.183;0.732;20
B516D9;2015/03/06 00:15:39;20;86;31.6;20.3;2.767;1.719;1.122;2.403;0.132;0.716;21
B516D9;2015/03/06 00:15:48;21;83;30.3;19.8;2.816;1.719;1.119;2.403;0.132;0.741;22
B516D9;2015/03/06 00:15:59;22;86;29.3;19.8;2.774;1.716;1.119;2.416;0.132;0.709;23
B516D9;2015/03/06 00:16:08;23;89;26.7;19.8;2.580;1.716;1.132;2.416;0.132;0.732;24
B516D9;2015/03/06 00:16:19;24;88;30.9;19.1;2.709;1.693;1.132;2.416;0.132;0.722;25
B516D9;2015/03/06 00:16:28;25;93;25.4;20.1;2.629;1.693;1.116;2.416;0.132;0.732;26
B516D9;2015/03/06 00:16:39;26;91;27.0;19.8;2.603;1.696;1.116;2.429;0.132;0.735;27
B516D9;2015/03/06 00:16:48;27;89;26.4;19.8;2.590;1.696;1.167;2.429;0.132;0.716;28
B516D9;2015/03/06 00:16:59;28;93;29.3;20.1;2.761;1.709;1.167;2.429;0.196;0.725;29
B516D9;2015/03/06 00:17:08;29;83;29.6;19.6;2.799;1.709;1.116;2.429;0.196;0.716;30
B516D9;2015/03/06 00:17:19;30;87;29.0;20.4;2.706;1.699;1.116;2.403;0.196;0.716;31
B516D9;2015/03/06 00:17:28;31;86;28.0;19.8;2.816;1.699;1.177;2.403;0.196;0.745;32
B516D9;2015/03/06 00:17:39;32;92;27.4;20.1;2.580;1.741;1.177;2.403;0.132;0.732;33
B516D9;2015/03/06 00:17:48;33;90;26.7;19.9;2.670;1.741;1.119;2.403;0.132;0.741;34
B516D9;2015/03/06 00:17:59;34;86;33.5;19.8;2.612;1.706;1.119;2.432;0.132;0.709;35
B516D9;2015/03/06 00:18:08;35;91;27.7;19.2;2.748;1.706;1.129;2.432;0.132;0.748;36
B516D9;2015/03/06 00:18:19;36;88;25.4;19.9;2.551;1.725;1.129;2.432;0.132;0.748;37
B516D9;2015/03/06 00:18:28;37;86;29.6;20.1;2.577;1.725;1.119;2.432;0.132;0.745;38
B516D9;2015/03/06 00:18:39;38;87;26.1;19.2;2.600;1.709;1.119;2.406;0.132;0.738;39
B516D9;2015/03/06 00:18:48;39;74;30.3;20.1;2.796;1.709;1.119;2.406;0.132;0.716;40
B516D9;2015/03/06 00:18:59;40;89;25.1;19.6;2.603;1.732;1.119;2.406;0.154;0.696;41
B516D9;2015/03/06 00:19:08;41;92;26.4;19.8;2.670;1.732;1.122;2.406;0.154;0.693;42
B516D9;2015/03/06 00:19:19;42;93;25.1;19.6;2.596;1.729;1.122;2.438;0.154;0.703;43
B516D9;2015/03/06 00:19:28;43;87;26.7;19.2;2.741;1.729;1.122;2.438;0.154;0.703;44
B516D9;2015/03/06 00:19:39;44;83;27.7;19.6;2.809;1.729;1.122;2.438;0.167;0.700;45
B516D9;2015/03/06 00:19:48;45;94;30.6;19.6;2.816;1.729;1.122;2.438;0.167;0.703;46
B516D9;2015/03/06 00:19:59;46;93;32.9;20.1;2.751;1.703;1.122;2.393;0.167;0.741;47
B516D9;2015/03/06 00:20:08;47;93;24.8;20.3;2.696;1.703;1.132;2.393;0.167;0.706;48
B516D9;2015/03/06 00:20:19;48;97;25.8;19.6;2.574;1.712;1.132;2.393;0.129;0.696;49
B516D9;2015/03/06 00:20:28;49;90;28.3;19.6;2.816;1.712;1.122;2.393;0.129;0.725;50
B516D9;2015/03/06 00:20:39;50;91;30.9;20.3;2.793;1.748;1.122;2.435;0.129;0.719;51
B516D9;2015/03/06 00:20:48;51;94;31.6;19.8;2.564;1.748;1.122;2.435;0.129;0.696;52
B516D9;2015/03/06 00:20:59;52;88;24.8;19.6;2.703;1.709;1.122;2.435;0.122;0.738;53
B516D9;2015/03/06 00:21:08;53;85;33.2;19.8;2.574;1.709;1.170;2.435;0.122;0.693;54
B516D9;2015/03/06 00:21:19;54;81;24.8;19.9;2.567;1.748;1.170;2.403;0.122;0.703;55
B516D9;2015/03/06 00:21:28;55;87;26.4;20.1;2.635;1.748;1.170;2.403;0.122;0.706;56
B516D9;2015/03/06 00:21:39;56;88;30.6;20.1;2.706;1.745;1.170;2.403;0.125;0.719;57
B516D9;2015/03/06 00:21:48;57;83;25.1;20.3;2.593;1.745;1.122;2.403;0.125;0.719;58
B516D9;2015/03/06 00:21:59;58;90;25.1;19.6;2.590;1.725;1.122;2.399;0.125;0.706;59
B516D9;2015/03/06 00:22:08;59;83;28.3;19.2;2.767;1.725;1.135;2.399;0.125;0.729;60
B516D9;2015/03/06 00:22:19;60;96;27.7;19.6;2.574;1.716;1.135;2.399;0.151;0.696;61
B516D9;2015/03/06 00:22:28;61;85;31.9;20.3;2.583;1.716;1.122;2.399;0.151;0.745;62
B516D9;2015/03/06 00:22:39;62;88;29.3;20.3;2.751;1.729;1.122;2.441;0.151;0.693;63
B516D9;2015/03/06 00:22:48;63;81;26.1;20.1;2.703;1.729;1.122;2.441;0.151;0.703;64
B516D9;2015/03/06 00:22:59;64;96;30.6;20.1;2.706;1.741;1.122;2.441;0.164;0.706;65
B516D9;2015/03/06 00:23:08;65;96;29.6;20.3;2.822;1.741;1.129;2.441;0.164;0.696;66
B516D9;2015/03/06 00:23:19;66;95;27.0;19.8;2.587;1.748;1.129;2.429;0.164;0.696;67
B516D9;2015/03/06 00:23:28;67;84;27.0;19.9;2.587;1.748;1.180;2.429;0.164;0.693;68
B516D9;2015/03/06 00:23:39;68;87;27.0;20.3;2.596;1.709;1.180;2.429;0.122;0.735;69
B516D9;2015/03/06 00:23:48;69;83;30.6;19.8;2.558;1.709;1.129;2.429;0.122;0.725;70
B516D9;2015/03/06 00:23:59;70;95;30.6;20.6;2.774;1.754;1.129;2.429;0.122;0.719;71
B516D9;2015/03/06 00:24:10;0;1;26.1;19.1;2.216;-1.000;-1.000;-1.000;-1.000;0.806;1
B516D9;2015/03/06 00:24:29;1;100;27.0;20.3;2.770;-1.000;-1.000;-1.000;-1.000;0.745;2
B516D9;2015/03/06 00:24:39;2;88;30.0;20.1;2.809;1.477;-1.000;2.583;-1.000;0.732;3
B516D9;2015/03/06 00:24:49;3;90;29.6;20.1;2.577;1.477;1.138;2.583;-1.000;0.716;4
B516D9;2015/03/06 00:24:59;4;88;30.6;19.9;2.799;1.554;1.138;2.583;0.158;0.703;5
B516D9;2015/03/06 00:25:09;5;92;24.8;20.1;2.696;1.554;1.129;2.583;0.158;0.725;6
B516D9;2015/03/06 00:25:19;6;86;24.8;19.2;2.729;1.645;1.129;2.341;0.158;0.729;7
B516D9;2015/03/06 00:25:29;7;83;30.3;20.3;2.806;1.645;1.129;2.341;0.158;0.719;8
B516D9;2015/03/06 00:25:39;8;91;26.1;19.2;2.577;1.677;1.129;2.341;0.138;0.693;9
B516D9;2015/03/06 00:25:49;9;93;30.0;19.8;2.609;1.677;1.129;2.341;0.138;0.703;10
B516D9;2015/03/06 00:25:59;10;93;28.3;19.2;2.793;1.674;1.129;2.370;0.138;0.693;11
B516D9;2015/03/06 00:26:09;11;85;32.5;20.3;2.803;1.674;1.151;2.370;0.138;0.693;12
B516D9;2015/03/06 00:26:19;12;83;25.1;19.9;2.554;1.687;1.151;2.370;0.138;0.693;13
B516D9;2015/03/06 00:26:29;13;83;24.5;20.4;2.622;1.687;1.129;2.370;0.138;0.706;14
B516D9;2015/03/06 00:26:39;14;83;24.5;19.9;2.561;1.693;1.129;2.390;0.138;0.687;15
B516D9;2015/03/06 00:26:49;15;88;26.7;19.9;2.683;1.693;1.125;2.390;0.138;0.700;16
B516D9;2015/03/06 00:26:59;16;94;30.6;20.4;2.674;1.725;1.125;2.390;0.125;0.696;17
B516D9;2015/03/06 00:27:09;17;92;30.3;20.3;2.583;1.725;1.187;2.390;0.125;0.696;18
B516D9;2015/03/06 00:27:19;18;98;28.7;19.9;2.609;1.706;1.187;2.399;0.125;0.722;19
B516D9;2015/03/06 00:27:29;19;92;27.0;19.4;2.625;1.706;1.125;2.399;0.125;0.693;20
B516D9;2015/03/06 00:27:39;20;88;24.8;19.4;2.774;1.719;1.125;2.399;0.125;0.735;21
B516D9;2015/03/06 00:27:49;21;92;32.2;20.3;2.822;1.719;1.174;2.399;0.125;0.729;22
B516D9;2015/03/06 00:27:59;22;86;27.0;20.3;2.580;1.706;1.174;2.454;0.125;0.696;23
B516D9;2015/03/06 00:28:09;23;85;29.6;19.9;2.799;1.706;1.125;2.454;0.125;0.719;24
B516D9;2015/03/06 00:28:19;24;93;32.9;20.3;2.774;1.735;1.125;2.454;0.132;0.700;25
B516D9;2015/03/06 00:28:29;25;93;32.2;20.3;2.809;1.735;1.122;2.454;0.132;0.709;26
B516D9;2015/03/06 00:28:39;26;91;27.0;19.6;2.812;1.735;1.122;2.403;0.132;0.703;27
B516D9;2015/03/06 00:28:49;27;93;24.5;20.1;2.609;1.735;1.125;2.403;0.132;0.700;28
B516D9;2015/03/06 00:28:59;28;97;29.6;19.8;2.661;1.722;1.125;2.403;0.132;0.690;29
B516D9;2015/03/06 00:29:09;29;88;24.8;20.1;2.609;1.722;1.122;2.403;0.132;0.738;30
B516D9;2015/03/06 00:29:19;30;83;28.7;19.6;2.570;1.735;1.122;2.390;0.132;0.696;31
B516D9;2015/03/06 00:29:29;31;87;29.6;20.3;2.561;1.735;1.151;2.390;0.132;0.700;32
B516D9;2015/03/06 00:29:39;32;93;25.1;20.6;2.606;1.706;1.151;2.390;0.112;0.703;33
B516D9;2015/03/06 00:29:49;33;91;30.9;20.1;2.790;1.706;1.174;2.390;0.112;0.725;34
B516D9;2015/03/06 00:29:59;34;94;25.4;19.8;2.561;1.745;1.174;2.399;0.112;0.716;35
B516D9;2015/03/06 00:30:09;35;87;28.0;19.9;2.616;1.745;1.138;2.399;0.112;0.712;36
B516D9;2015/03/06 00:30:19;36;87;26.1;19.8;2.577;1.706;1.138;2.399;0.125;0.725;37
B516D9;2015/03/06 00:30:29;37;93;26.1;20.4;2.593;1.706;1.125;2.399;0.125;0.725;38
B516D9;2015/03/06 00:30:39;38;88;29.0;20.6;2.793;1.706;1.125;2.435;0.125;0.751;39
B516D9;2015/03/06 00:30:49;39;78;26.7;19.8;2.722;1.706;1.122;2.435;0.125;0.719;40
B516D9;2015/03/06 00:30:59;40;78;30.3;20.1;2.806;1.741;1.122;2.435;0.125;0.725;41
B516D9;2015/03/06 00:31:09;41;86;29.0;19.4;2.641;1.741;1.167;2.435;0.125;0.709;42
B516D9;2015/03/06 00:31:19;42;85;24.8;19.4;2.774;1.712;1.167;2.454;0.125;0.700;43
B516D9;2015/03/06 00:31:29;43;85;31.9;19.8;2.819;1.712;1.122;2.454;0.125;0.703;44
B516D9;2015/03/06 00:31:39;44;85;25.4;19.9;2.574;1.716;1.122;2.454;0.141;0.732;45
B516D9;2015/03/06 00:31:49;45;84;28.7;20.4;2.816;1.716;1.125;2.454;0.141;0.729;46
B516D9;2015/03/06 00:31:59;46;83;26.4;20.3;2.687;1.719;1.125;2.454;0.141;0.729;47
B516D9;2015/03/06 00:32:09;47;85;26.7;20.3;2.683;1.719;1.141;2.454;0.141;0.706;48
B516D9;2015/03/06 00:32:19;48;79;28.7;20.8;2.787;1.738;1.141;2.454;0.164;0.696;49
B516D9;2015/03/06 00:32:29;49;92;25.4;19.9;2.670;1.738;1.145;2.454;0.164;0.716;50
B516D9;2015/03/06 00:32:39;50;85;32.9;19.9;2.609;1.732;1.145;2.435;0.164;0.703;51
B516D9;2015/03/06 00:32:49;51;77;30.0;20.3;2.709;1.732;1.125;2.435;0.164;0.735;52
B516D9;2015/03/06 00:32:59;52;87;25.4;20.3;2.580;1.732;1.125;2.435;0.119;0.683;53
B516D9;2015/03/06 00:33:09;53;87;24.1;20.3;2.583;1.732;1.132;2.435;0.119;0.725;54
B516D9;2015/03/06 00:33:19;54;83;28.3;19.9;2.616;1.729;1.132;2.432;0.119;0.687;55
B516D9;2015/03/06 00:33:29;55;86;30.9;19.6;2.567;1.729;1.125;2.432;0.119;0.719;56
B516D9;2015/03/06 00:33:39;56;89;24.8;19.4;2.767;1.712;1.125;2.432;0.132;0.696;57
B516D9;2015/03/06 00:33:49;57;91;29.6;19.8;2.587;1.712;1.167;2.432;0.132;0.687;58
B516D9;2015/03/06 00:33:59;58;89;29.0;19.6;2.574;1.735;1.167;2.419;0.132;0.683;59
B516D9;2015/03/06 00:34:09;59;81;26.1;19.4;2.593;1.735;1.129;2.419;0.132;0.690;60
B516D9;2015/03/06 00:34:19;60;83;27.4;19.9;2.809;1.732;1.129;2.419;0.129;0.690;61
B516D9;2015/03/06 00:34:29;61;80;29.6;20.3;2.799;1.732;1.129;2.419;0.129;0.712;62
B516D9;2015/03/06 00:34:39;62;90;30.9;20.3;2.809;1.748;1.129;2.448;0.129;0.690;63
B516D9;2015/03/06 00:34:49;63;86;29.0;20.1;2.603;1.748;1.129;2.448;0.129;0.700;64
B516D9;2015/03/06 00:34:59;64;91;25.8;19.9;2.654;1.741;1.129;2.448;0.129;0.683;65
B516D9;2015/03/06 00:35:09;65;88;27.4;19.8;2.822;1.741;1.125;2.448;0.129;0.677;66
B516D9;2015/03/06 00:35:19;66;89;29.3;20.1;2.632;1.751;1.125;2.425;0.129;0.690;67
B516D9;2015/03/06 00:35:29;67;86;26.7;19.9;2.658;1.751;1.135;2.425;0.129;0.712;68
B516D9;2015/03/06 00:35:39;68;89;26.1;19.9;2.574;1.735;1.135;2.425;0.132;0.725;69
B516D9;2015/03/06 00:35:49;69;84;25.4;20.6;2.658;1.735;1.129;2.425;0.132;0.703;70
B516D9;2015/03/06 00:35:59;70;88;25.1;20.1;2.574;1.716;1.129;2.432;0.132;0.706;71
B516D9;2015/03/06 00:36:10;0;1;26.7;19.6;2.261;-1.000;-1.000;-1.000;-1.000;0.799;1
B516D9;2015/03/06 00:36:28;1;98;31.6;19.9;2.538;-1.000;-1.000;-1.000;-1.000;0.735;2
B516D9;2015/03/06 00:36:39;2;91;29.0;20.3;2.570;1.512;-1.000;2.596;-1.000;0.745;3
B516D9;2015/03/06 00:36:49;3;93;26.1;20.1;2.658;1.512;1.141;2.596;-1.000;0.703;4
B516D9;2015/03/06 00:36:59;4;97;28.7;20.4;2.670;1.558;1.141;2.596;0.283;0.696;5
B516D9;2015/03/06 00:37:09;5;95;29.0;19.8;2.790;1.558;1.196;2.596;0.283;0.696;6
B516D9;2015/03/06 00:37:19;6;87;31.6;20.6;2.774;1.635;1.196;2.341;0.283;0.696;7
B516D9;2015/03/06 00:37:29;7;84;26.7;19.8;2.809;1.635;1.132;2.341;0.283;0.706;8
B516D9;2015/03/06 00:37:39;8;83;28.0;20.4;2.732;1.648;1.132;2.341;0.183;0.706;9
B516D9;2015/03/06 00:37:49;9;81;24.8;20.6;2.761;1.648;1.148;2.341;0.183;0.690;10
B516D9;2015/03/06 00:37:59;10;93;26.1;20.4;2.748;1.664;1.148;2.409;0.183;0.687;11
B516D9;2015/03/06 00:38:09;11;89;30.0;20.6;2.603;1.664;1.145;2.409;0.183;0.722;12
B516D9;2015/03/06 00:38:19;12;82;30.9;20.6;2.787;1.706;1.145;2.409;0.135;0.696;13
B516D9;2015/03/06 00:38:29;13;78;24.1;20.4;2.554;1.706;1.132;2.409;0.135;0.700;14
B516D9;2015/03/06 00:38:39;14;88;30.9;20.4;2.600;1.719;1.132;2.412;0.135;0.725;15
B516D9;2015/03/06 00:38:49;15;87;25.8;20.8;2.674;1.719;1.132;2.412;0.135;0.690;16
B516D9;2015/03/06 00:38:59;16;90;29.6;20.4;2.580;1.719;1.132;2.412;0.132;0.683;17
B516D9;2015/03/06 00:39:09;17;77;26.7;20.3;2.651;1.719;1.129;2.412;0.132;0.712;18
B516D9;2015/03/06 00:39:19;18;93;28.7;20.3;2.609;1.699;1.129;2.412;0.132;0.709;19
B516D9;2015/03/06 00:39:29;19;94;28.3;20.4;2.819;1.699;1.129;2.412;0.132;0.709;20
B516D9;2015/03/06 00:39:39;20;88;30.6;20.4;2.580;1.706;1.129;2.412;0.125;0.732;21
B516D9;2015/03/06 00:39:49;21;79;31.6;19.8;2.819;1.706;1.135;2.412;0.125;0.732;22
B516D9;2015/03/06 00:39:59;22;90;28.7;20.4;2.661;1.716;1.135;2.425;0.125;0.693;23
B516D9;2015/03/06 00:40:09;23;85;31.2;20.4;2.806;1.716;1.154;2.425;0.125;0.719;24
B516D9;2015/03/06 00:40:19;24;88;26.7;20.3;2.580;1.741;1.154;2.425;0.125;0.716;25
B516D9;2015/03/06 00:40:29;25;88;27.4;19.8;2.729;1.741;1.145;2.425;0.125;0.716;26
B516D9;2015/03/06 00:40:39;26;92;27.0;20.4;2.629;1.716;1.145;2.419;0.125;0.687;27
B516D9;2015/03/06 00:40:49;27;85;26.7;20.1;2.725;1.716;1.129;2.419;0.125;0.700;28
B516D9;2015/03/06 00:40:59;28;86;27.7;19.9;2.606;1.741;1.129;2.419;0.190;0.693;29
B516D9;2015/03/06 00:41:09;29;92;28.0;20.3;2.574;1.741;1.148;2.419;0.190;0.719;30
B516D9;2015/03/06 00:41:19;30;88;26.4;19.9;2.580;1.709;1.148;2.406;0.190;0.706;31
B516D9;2015/03/06 00:41:29;31;87;30.3;19.9;2.803;1.709;1.190;2.406;0.190;0.729;32
B516D9;2015/03/06 00:41:39;32;95;30.9;20.4;2.661;1.722;1.190;2.406;0.122;0.696;33
B516D9;2015/03/06 00:41:49;33;83;24.5;20.3;2.680;1.722;1.167;2.406;0.122;0.693;34
B516D9;2015/03/06 00:41:59;34;83;28.0;20.3;2.722;1.748;1.167;2.454;0.122;0.696;35
B516D9;2015/03/06 00:42:09;35;92;27.0;20.4;2.819;1.748;1.132;2.454;0.122;0.696;36
B516D9;2015/03/06 00:42:19;36;88;25.1;19.4;2.764;1.738;1.132;2.454;0.129;0.725;37
B516D9;2015/03/06 00:42:29;37;78;29.0;20.4;2.577;1.738;1.145;2.454;0.129;0.696;38
B516D9;2015/03/06 00:42:39;38;83;26.7;19.9;2.806;1.722;1.145;2.432;0.129;0.683;39
B516D9;2015/03/06 00:42:49;39;83;29.3;19.8;2.564;1.722;1.129;2.432;0.129;0.687;40
B516D9;2015/03/06 00:42:59;40;96;24.5;19.4;2.558;1.725;1.129;2.432;0.129;0.703;41
B516D9;2015/03/06 00:43:09;41;85;30.9;19.8;2.561;1.725;1.183;2.432;0.129;0.677;42
B516D9;2015/03/06 00:43:19;42;92;26.4;19.9;2.583;1.729;1.183;2.448;0.129;0.700;43
B516D9;2015/03/06 00:43:29;43;85;30.9;19.8;2.812;1.729;1.135;2.448;0.129;0.680;44
B516D9;2015/03/06 00:43:39;44;96;28.0;20.4;2.622;1.748;1.135;2.448;0.158;0.674;45
B516D9;2015/03/06 00:43:49;45;84;27.4;19.9;2.703;1.748;1.125;2.448;0.158;0.680;46
B516D9;2015/03/06 00:43:59;46;81;27.0;20.3;2.693;1.741;1.125;2.461;0.158;0.683;47
B516D9;2015/03/06 00:44:09;47;77;26.1;19.9;2.587;1.741;1.138;2.461;0.158;0.716;48
B516D9;2015/03/06 00:44:19;48;93;25.4;19.2;2.583;1.741;1.138;2.461;0.125;0.719;49
B516D9;2015/03/06 00:44:29;49;96;32.2;19.9;2.819;1.741;1.145;2.461;0.125;0.716;50
B516D9;2015/03/06 00:44:39;50;93;28.0;20.1;2.725;1.729;1.145;2.416;0.125;0.719;51
B516D9;2015/03/06 00:44:49;51;81;26.1;20.6;2.787;1.729;1.129;2.416;0.125;0.687;52
B516D9;2015/03/06 00:44:59;52;86;27.0;20.3;2.596;1.725;1.129;2.416;0.122;0.712;53
B516D9;2015/03/06 00:45:09;53;83;29.0;19.8;2.564;1.725;1.177;2.416;0.122;0.709;54
B516D9;2015/03/06 00:45:19;54;87;25.8;19.9;2.812;1.725;1.177;2.412;0.122;0.693;55
B516D9;2015/03/06 00:45:29;55;86;26.7;20.1;2.654;1.725;1.151;2.412;0.122;0.696;56
B516D9;2015/03/06 00:45:39;56;79;27.4;19.9;2.812;1.754;1.151;2.412;0.125;0.696;57
B516D9;2015/03/06 00:45:49;57;79;25.4;20.1;2.629;1.754;1.129;2.412;0.125;0.719;58
B516D9;2015/03/06 00:45:59;58;97;26.4;19.8;2.574;1.719;1.129;2.422;0.125;0.693;59
B516D9;2015/03/06 00:46:09;59;90;24.8;20.4;2.574;1.719;1.129;2.422;0.125;0.706;60
B516D9;2015/03/06 00:46:19;60;88;31.2;20.3;2.774;1.761;1.129;2.422;0.109;0.700;61
B516D9;2015/03/06 00:46:29;61;78;25.4;20.4;2.632;1.761;1.148;2.422;0.109;0.683;62
B516D9;2015/03/06 00:46:39;62;94;28.7;20.4;2.603;1.719;1.148;2.435;0.109;0.700;63
B516D9;2015/03/06 00:46:49;63;88;24.1;19.9;2.590;1.719;1.151;2.435;0.109;0.725;64
B516D9;2015/03/06 00:46:59;64;92;28.7;20.3;2.561;1.754;1.151;2.435;0.125;0.677;65
B516D9;2015/03/06 00:47:09;65;93;24.5;20.1;2.732;1.754;1.177;2.435;0.125;0.729;66
B516D9;2015/03/06 00:47:19;66;82;28.3;19.4;2.735;1.729;1.177;2.425;0.125;0.683;67
B516D9;2015/03/06 00:47:29;67;81;30.3;20.3;2.803;1.729;1.129;2.425;0.125;0.700;68
B516D9;2015/03/06 00:47:39;68;90;30.0;20.1;2.561;1.719;1.129;2.425;0.122;0.719;69
B516D9;2015/03/06 00:47:49;69;88;30.0;20.1;2.690;1.719;1.167;2.425;0.122;0.687;70
B516D9;2015/03/06 00:47:59;70;87;29.3;20.4;2.645;1.725;1.167;2.458;0.122;0.719;71
B516D9;2015/03/06 00:48:10;0;1;25.4;19.8;2.206;-1.000;-1.000;-1.000;-1.000;0.783;1
B516D9;2015/03/06 00:48:29;1;99;30.0;19.8;2.780;-1.000;-1.000;-1.000;-1.000;0.764;2
B516D9;2015/03/06 00:48:39;2;96;27.7;19.8;2.722;1.474;-1.000;2.616;-1.000;0.716;3
B516D9;2015/03/06 00:48:49;3;92;25.4;20.6;2.796;1.474;1.141;2.616;-1.000;0.687;4
B516D9;2015/03/06 00:48:59;4;91;29.0;19.9;2.551;1.583;1.141;2.616;0.151;0.712;5
B516D9;2015/03/06 00:49:09;5;90;24.1;20.1;2.609;1.583;1.154;2.616;0.151;0.712;6
B516D9;2015/03/06 00:49:19;6;79;32.2;20.4;2.729;1.654;1.154;2.396;0.151;0.693;7
B516D9;2015/03/06 00:49:29;7;93;29.6;19.8;2.774;1.654;1.135;2.396;0.151;0.709;8
B516D9;2015/03/06 00:49:39;8;94;27.7;19.4;2.799;1.648;1.135;2.396;0.138;0.700;9
B516D9;2015/03/06 00:49:49;9;77;25.4;20.6;2.622;1.648;1.190;2.396;0.138;0.690;10
B516D9;2015/03/06 00:49:59;10;86;28.0;20.4;2.600;1.699;1.190;2.374;0.138;0.709;11
B516D9;2015/03/06 00:50:09;11;78;32.2;19.9;2.806;1.699;1.148;2.374;0.138;0.732;12
B516D9;2015/03/06 00:50:19;12;96;31.9;20.6;2.787;1.683;1.148;2.374;0.145;0.725;13
B516D9;2015/03/06 00:50:29;13;90;24.8;20.3;2.709;1.683;1.148;2.374;0.145;0.693;14
B516D9;2015/03/06 00:50:39;14;88;30.6;20.3;2.670;1.690;1.148;2.412;0.145;0.706;15
B516D9;2015/03/06 00:50:49;15;93;27.7;20.1;2.574;1.690;1.154;2.412;0.145;0.693;16
B516D9;2015/03/06 00:50:59;16;96;28.7;19.9;2.561;1.719;1.154;2.412;0.125;0.687;17
B516D9;2015/03/06 00:51:09;17;90;30.6;19.9;2.809;1.719;1.132;2.412;0.125;0.706;18
B516D9;2015/03/06 00:51:19;18;83;24.8;20.3;2.603;1.706;1.132;2.429;0.125;0.725;19
B516D9;2015/03/06 00:51:29;19;83;28.7;19.2;2.767;1.706;1.187;2.429;0.125;0.700;20
B516D9;2015/03/06 00:51:39;20;88;29.6;20.1;2.812;1.729;1.187;2.429;0.125;0.703;21
B516D9;2015/03/06 00:51:49;21;78;29.6;19.6;2.819;1.729;1.138;2.429;0.125;0.712;22
B516D9;2015/03/06 00:51:59;22;82;27.4;20.3;2.600;1.712;1.138;2.448;0.125;0.706;23
B516D9;2015/03/06 00:52:09;23;93;31.9;19.9;2.583;1.712;1.141;2.448;0.125;0.712;24
B516D9;2015/03/06 00:52:19;24;89;24.5;19.2;2.770;1.709;1.141;2.448;0.125;0.693;25
B516D9;2015/03/06 00:52:29;25;93;25.4;20.6;2.670;1.709;1.129;2.448;0.125;0.712;26
B516D9;2015/03/06 00:52:39;26;93;26.1;20.3;2.580;1.709;1.129;2.429;0.125;0.696;27
B516D9;2015/03/06 00:52:49;27;88;31.9;20.4;2.787;1.709;1.151;2.429;0.125;0.693;28
B516D9;2015/03/06 00:52:59;28;87;29.0;19.6;2.799;1.754;1.151;2.429;0.154;0.716;29
B516D9;2015/03/06 00:53:09;29;87;26.7;20.4;2.590;1.754;1.132;2.429;0.154;0.703;30
B516D9;2015/03/06 00:53:19;30;91;27.7;19.9;2.809;1.719;1.132;2.441;0.154;0.722;31
B516D9;2015/03/06 00:53:29;31;83;26.7;19.4;2.722;1.719;1.125;2.441;0.154;0.693;32
B516D9;2015/03/06 00:53:39;32;87;29.6;20.4;2.661;1.741;1.125;2.441;0.122;0.751;33
B516D9;2015/03/06 00:53:49;33;88;31.6;20.3;2.809;1.741;1.145;2.441;0.122;0.703;34
B516D9;2015/03/06 00:53:59;34;83;31.9;20.1;2.680;1.725;1.145;2.448;0.122;0.706;35
B516D9;2015/03/06 00:54:09;35;81;31.9;20.4;2.809;1.725;1.145;2.448;0.122;0.748;36
B516D9;2015/03/06 00:54:19;36;95;26.7;20.3;2.580;1.722;1.145;2.448;0.129;0.722;37
B516D9;2015/03/06 00:54:29;37;87;29.3;20.1;2.574;1.722;1.145;2.448;0.129;0.696;38
B516D9;2015/03/06 00:54:39;38;84;25.1;19.9;2.554;1.754;1.145;2.399;0.129;0.719;39
B516D9;2015/03/06 00:54:49;39;77;27.0;20.1;2.809;1.754;1.174;2.399;0.129;0.693;40
B516D9;2015/03/06 00:54:59;40;92;28.0;20.4;2.725;1.725;1.174;2.399;0.164;0.725;41
B516D9;2015/03/06 00:55:09;41;93;31.9;20.1;2.583;1.725;1.132;2.399;0.164;0.712;42
B516D9;2015/03/06 00:55:19;42;81;29.0;20.1;2.787;1.758;1.132;2.467;0.164;0.706;43
B516D9;2015/03/06 00:55:29;43;90;26.7;20.6;2.670;1.758;1.154;2.467;0.164;0.725;44
B516D9;2015/03/06 00:55:39;44;82;25.1;20.3;2.570;1.725;1.154;2.467;0.125;0.729;45
B516D9;2015/03/06 00:55:49;45;92;30.0;20.3;2.690;1.725;1.141;2.467;0.125;0.712;46
B516D9;2015/03/06 00:55:59;46;86;28.0;20.6;2.809;1.735;1.141;2.419;0.125;0.687;47
B516D9;2015/03/06 00:56:09;47;92;24.5;19.9;2.629;1.735;1.141;2.419;0.125;0.703;48
B516D9;2015/03/06 00:56:19;48;84;30.9;19.4;2.799;1.758;1.141;2.419;0.129;0.683;49
B516D9;2015/03/06 00:56:29;49;93;27.0;19.9;2.709;1.758;1.187;2.419;0.129;0.700;50
B516D9;2015/03/06 00:56:39;50;89;29.3;20.1;2.793;1.719;1.187;2.422;0.129;0.683;51
B516D9;2015/03/06 00:56:49;51;91;30.0;20.3;2.632;1.719;1.129;2.422;0.129;0.677;52
B516D9;2015/03/06 00:56:59;52;88;28.3;20.3;2.616;1.719;1.129;2.422;0.122;0.716;53
B516D9;2015/03/06 00:57:09;53;87;24.1;20.6;2.606;1.719;1.129;2.422;0.122;0.700;54
B516D9;2015/03/06 00:57:19;54;89;30.6;20.4;2.587;1.722;1.129;2.412;0.122;0.680;55
B516D9;2015/03/06 00:57:29;55;82;30.0;20.1;2.716;1.722;1.145;2.412;0.122;0.683;56
B516D9;2015/03/06 00:57:39;56;87;31.6;20.4;2.609;1.741;1.145;2.412;0.125;0.700;57
B516D9;2015/03/06 00:57:49;57;82;27.0;20.3;2.583;1.741;1.187;2.412;0.125;0.677;58
B516D9;2015/03/06 00:57:59;58;87;29.0;20.6;2.780;1.732;1.187;2.448;0.125;0.706;59
B516D9;2015/03/06 00:58:09;59;86;26.7;19.8;2.719;1.732;1.174;2.448;0.125;0.687;60
B516D9;2015/03/06 00:58:19;60;93;28.7;20.3;2.564;1.722;1.174;2.448;0.132;0.719;61
B516D9;2015/03/06 00:58:29;61;91;28.3;19.6;2.761;1.722;1.180;2.448;0.132;0.690;62
B516D9;2015/03/06 00:58:39;62;86;25.4;19.9;2.812;1.735;1.180;2.432;0.132;0.725;63
B516D9;2015/03/06 00:58:49;63;83;24.8;20.3;2.596;1.735;1.132;2.432;0.132;0.690;64
B516D9;2015/03/06 00:58:59;64;91;29.0;19.8;2.564;1.764;1.132;2.432;0.122;0.693;65
B516D9;2015/03/06 00:59:09;65;94;24.8;20.4;2.580;1.764;1.132;2.432;0.122;0.700;66
B516D9;2015/03/06 00:59:19;66;80;29.6;19.6;2.561;1.745;1.132;2.419;0.122;0.693;67
B516D9;2015/03/06 00:59:29;67;78;33.5;19.6;2.754;1.745;1.154;2.419;0.122;0.735;68
B516D9;2015/03/06 00:59:39;68;84;28.0;20.1;2.806;1.761;1.154;2.419;0.125;0.690;69
B516D9;2015/03/06 00:59:49;69;91;26.1;19.9;2.703;1.761;1.132;2.419;0.125;0.716;70
B516D9;2015/03/06 00:59:59;70;92;25.4;19.6;2.554;1.767;1.132;2.425;0.125;0.706;71
B516D9;2015/03/06 01:00:17;0;1;25.4;19.4;2.503;-1.000;-1.000;-1.000;-1.000;0.774;1
B516D9;2015/03/06 01:00:36;1;93;31.9;19.8;2.580;-1.000;-1.000;-1.000;-1.000;0.732;2
B516D9;2015/03/06 01:00:46;2;90;30.0;19.8;2.716;1.490;-1.000;2.641;-1.000;0.703;3
B516D9;2015/03/06 01:00:56;3;83;32.5;19.2;2.654;1.490;1.145;2.641;-1.000;0.709;4
B516D9;2015/03/06 01:01:06;4;88;24.8;19.8;2.596;1.558;1.145;2.641;0.151;0.725;5
B516D9;2015/03/06 01:01:16;5;86;29.0;20.3;2.551;1.558;1.199;2.641;0.151;0.690;6
B516D9;2015/03/06 01:01:26;6;89;28.3;20.3;2.722;1.645;1.199;2.361;0.151;0.683;7
B516D9;2015/03/06 01:01:36;7;81;26.1;19.8;2.703;1.645;1.154;2.361;0.151;0.690;8
B516D9;2015/03/06 01:01:46;8;89;31.9;20.6;2.809;1.690;1.154;2.361;0.151;0.683;9
B516D9;2015/03/06 01:01:56;9;88;25.4;20.3;2.761;1.690;1.174;2.361;0.151;0.693;10
B516D9;2015/03/06 01:02:06;10;91;29.6;20.4;2.577;1.699;1.174;2.387;0.151;0.687;11
B516D9;2015/03/06 01:02:16;11;88;29.6;19.9;2.796;1.699;1.138;2.387;0.151;0.712;12
B516D9;2015/03/06 01:02:26;12;86;30.3;20.1;2.709;1.712;1.138;2.387;0.138;0.719;13
B516D9;2015/03/06 01:02:36;13;93;27.7;20.1;2.577;1.712;1.158;2.387;0.138;0.680;14
B516D9;2015/03/06 01:02:46;14;78;27.0;20.3;2.590;1.699;1.158;2.435;0.138;0.712;15
B516D9;2015/03/06 01:02:56;15;88;30.3;20.1;2.583;1.699;1.158;2.435;0.138;0.722;16
B516D9;2015/03/06 01:03:06;16;92;25.1;19.4;2.558;1.706;1.158;2.435;0.141;0.725;17
B516D9;2015/03/06 01:03:16;17;88;30.9;19.9;2.816;1.706;1.145;2.435;0.141;0.725;18
B516D9;2015/03/06 01:03:26;18;88;27.7;19.8;2.809;1.725;1.145;2.412;0.141;0.722;19
B516D9;2015/03/06 01:03:36;19;90;29.0;19.6;2.803;1.725;1.135;2.412;0.141;0.722;20
B516D9;2015/03/06 01:03:46;20;86;30.9;20.1;2.706;1.748;1.135;2.412;0.135;0.696;21
B516D9;2015/03/06 01:03:56;21;82;29.0;20.8;2.632;1.748;1.145;2.412;0.135;0.729;22
B516D9;2015/03/06 01:04:06;22;88;29.6;20.4;2.725;1.712;1.145;2.425;0.135;0.703;23
B516D9;2015/03/06 01:04:16;23;84;29.6;19.6;2.764;1.712;1.196;2.425;0.135;0.722;24
B516D9;2015/03/06 01:04:26;24;94;30.9;20.1;2.661;1.751;1.196;2.425;0.132;0.719;25
B516D9;2015/03/06 01:04:36;25;78;30.6;20.4;2.819;1.751;1.158;2.425;0.132;0.693;26
B516D9;2015/03/06 01:04:46;26;86;25.4;20.1;2.564;1.761;1.158;2.448;0.132;0.748;27
B516D9;2015/03/06 01:04:56;27;93;32.5;19.4;2.632;1.761;1.145;2.448;0.132;0.729;28
B516D9;2015/03/06 01:05:06;28;83;30.9;19.9;2.799;1.729;1.145;2.448;0.125;0.696;29
B516D9;2015/03/06 01:05:16;29;78;28.7;19.6;2.787;1.729;1.164;2.448;0.125;0.706;30
B516D9;2015/03/06 01:05:26;30;91;27.0;19.9;2.600;1.735;1.164;2.422;0.125;0.719;31
B516D9;2015/03/06 01:05:36;31;91;28.3;19.8;2.622;1.735;1.180;2.422;0.125;0.719;32
B516D9;2015/03/06 01:05:46;32;91;26.4;19.9;2.567;1.754;1.180;2.422;0.180;0.700;33
B516D9;2015/03/06 01:05:56;33;90;28.0;19.8;2.816;1.754;1.183;2.422;0.180;0.712;34
B516D9;2015/03/06 01:06:06;34;86;30.3;20.1;2.796;1.754;1.183;2.425;0.180;0.719;35
B516D9;2015/03/06 01:06:16;35;93;30.3;20.3;2.806;1.754;1.158;2.425;0.180;0.703;36
B516D9;2015/03/06 01:06:26;36;97;28.7;20.3;2.622;1.758;1.158;2.425;0.125;0.703;37
B516D9;2015/03/06 01:06:36;37;92;28.3;20.4;2.819;1.758;1.138;2.425;0.125;0.741;38
B516D9;2015/03/06 01:06:46;38;92;28.7;19.9;2.603;1.764;1.138;2.422;0.125;0.703;39
B516D9;2015/03/06 01:06:56;39;85;27.7;20.1;2.577;1.764;1.135;2.422;0.125;0.725;40
B516D9;2015/03/06 01:07:06;40;88;26.4;19.9;2.580;1.758;1.135;2.422;0.129;0.700;41
B516D9;2015/03/06 01:07:16;41;90;26.7;19.9;2.658;1.758;1.187;2.422;0.129;0.703;42
B516D9;2015/03/06 01:07:26;42;83;31.6;20.3;2.787;1.761;1.187;2.458;0.129;0.716;43
B516D9;2015/03/06 01:07:36;43;88;29.6;19.8;2.819;1.761;1.193;2.458;0.129;0.735;44
B516D9;2015/03/06 01:07:46;44;95;31.6;20.4;2.683;1.748;1.193;2.458;0.109;0.751;45
B516D9;2015/03/06 01:07:56;45;87;27.7;19.8;2.819;1.748;1.132;2.458;0.109;0.706;46
B516D9;2015/03/06 01:08:06;46;84;29.6;20.4;2.641;1.735;1.132;2.416;0.109;0.693;47
B516D9;2015/03/06 01:08:16;47;95;30.6;20.1;2.564;1.735;1.129;2.416;0.109;0.690;48
B516D9;2015/03/06 01:08:26;48;83;24.8;19.6;2.561;1.767;1.129;2.416;0.122;0.719;49
B516D9;2015/03/06 01:08:36;49;93;26.7;20.3;2.793;1.767;1.193;2.416;0.122;0.696;50
B516D9;2015/03/06 01:08:46;50;87;30.0;19.6;2.583;1.758;1.193;2.432;0.122;0.732;51
B516D9;2015/03/06 01:08:56;51;83;28.0;19.9;2.822;1.758;1.132;2.432;0.122;0.700;52
B516D9;2015/03/06 01:09:06;52;90;27.0;19.9;2.596;1.729;1.132;2.432;0.122;0.735;53
B516D9;2015/03/06 01:09:16;53;83;26.7;20.3;2.787;1.729;1.129;2.432;0.122;0.719;54
B516D9;2015/03/06 01:09:26;54;78;29.3;20.4;2.616;1.767;1.129;2.412;0.122;0.696;55
B516D9;2015/03/06 01:09:36;55;86;25.1;19.8;2.609;1.767;1.132;2.412;0.122;0.693;56
B516D9;2015/03/06 01:09:46;56;88;26.1;19.9;2.603;1.729;1.132;2.412;0.119;0.719;57
B516D9;2015/03/06 01:09:56;57;93;30.9;20.1;2.600;1.729;1.180;2.412;0.119;0.700;58
B516D9;2015/03/06 01:10:06;58;92;27.4;19.9;2.809;1.738;1.180;2.454;0.119;0.738;59
B516D9;2015/03/06 01:10:16;59;92;30.9;19.8;2.616;1.738;1.148;2.454;0.119;0.716;60
B516D9;2015/03/06 01:10:26;60;91;25.1;19.2;2.551;1.741;1.148;2.454;0.122;0.696;61
B516D9;2015/03/06 01:10:36;61;78;29.0;19.8;2.609;1.741;1.132;2.454;0.122;0.735;62
B516D9;2015/03/06 01:10:46;62;88;29.3;19.8;2.632;1.770;1.132;2.445;0.122;0.732;63
B516D9;2015/03/06 01:10:56;63;83;30.3;20.1;2.570;1.770;1.135;2.445;0.122;0.706;64
B516D9;2015/03/06 01:11:06;64;93;25.1;19.2;2.567;1.761;1.135;2.445;0.116;0.709;65
B516D9;2015/03/06 01:11:16;65;87;32.5;19.2;2.790;1.761;1.132;2.445;0.116;0.732;66
B516D9;2015/03/06 01:11:26;66;81;29.6;19.8;2.764;1.758;1.132;2.419;0.116;0.700;67
B516D9;2015/03/06 01:11:36;67;89;24.8;20.1;2.609;1.758;1.145;2.419;0.116;0.693;68
B516D9;2015/03/06 01:11:46;68;86;26.7;20.3;2.667;1.758;1.145;2.419;0.112;0.729;69
B516D9;2015/03/06 01:11:56;69;83;30.0;19.9;2.609;1.758;1.145;2.419;0.112;0.735;70
B516D9;2015/03/06 01:12:10;0;1;30.6;19.8;2.312;-1.000;-1.000;-1.000;-1.000;0.809;1
B516D9;2015/03/06 01:12:29;1;100;28.7;19.9;2.519;-1.000;-1.000;-1.000;-1.000;0.774;2
B516D9;2015/03/06 01:12:39;2;90;30.0;19.2;2.758;1.500;-1.000;2.593;-1.000;0.719;3
B516D9;2015/03/06 01:12:49;3;85;24.8;20.1;2.606;1.500;1.154;2.593;-1.000;0.722;4
B516D9;2015/03/06 01:12:59;4;89;28.7;20.3;2.616;1.577;1.154;2.593;0.158;0.703;5
B516D9;2015/03/06 01:13:09;5;87;27.4;19.9;2.799;1.577;1.141;2.593;0.158;0.725;6
B516D9;2015/03/06 01:13:19;6;82;33.5;19.9;2.603;1.654;1.141;2.351;0.158;0.690;7
B516D9;2015/03/06 01:13:29;7;83;24.8;20.3;2.609;1.654;1.138;2.351;0.158;0.709;8
B516D9;2015/03/06 01:13:39;8;91;26.7;20.4;2.583;1.683;1.138;2.351;0.154;0.722;9
B516D9;2015/03/06 01:13:49;9;82;30.6;20.4;2.561;1.683;1.199;2.351;0.154;0.700;10
B516D9;2015/03/06 01:13:59;10;90;30.0;20.4;2.767;1.687;1.199;2.390;0.154;0.719;11
B516D9;2015/03/06 01:14:09;11;80;29.6;20.1;2.770;1.687;1.138;2.390;0.154;0.700;12
B516D9;2015/03/06 01:14:19;12;91;29.3;20.1;2.687;1.741;1.138;2.390;0.138;0.706;13
B516D9;2015/03/06 01:14:29;13;77;28.7;20.1;2.622;1.741;1.138;2.390;0.138;0.706;14
B516D9;2015/03/06 01:14:39;14;78;26.4;19.9;2.648;1.735;1.138;2.461;0.138;0.716;15
B516D9;2015/03/06 01:14:49;15;86;29.0;20.3;2.809;1.735;1.199;2.461;0.138;0.687;16
B516D9;2015/03/06 01:14:59;16;85;32.2;20.4;2.609;1.741;1.199;2.461;0.145;0.680;17
B516D9;2015/03/06 01:15:09;17;78;31.6;20.4;2.709;1.741;1.154;2.461;0.145;0.683;18
B516D9;2015/03/06 01:15:19;18;89;28.7;20.3;2.748;1.735;1.154;2.454;0.145;0.674;19
B516D9;2015/03/06 01:15:29;19;90;29.3;19.6;2.774;1.735;1.138;2.454;0.145;0.700;20
B516D9;2015/03/06 01:15:39;20;91;24.8;19.9;2.693;1.745;1.138;2.454;0.125;0.687;21
B516D9;2015/03/06 01:15:49;21;83;29.6;19.9;2.799;1.745;1.193;2.454;0.125;0.674;22
B516D9;2015/03/06 01:15:59;22;92;29.0;20.6;2.799;1.761;1.193;2.425;0.125;0.677;23
B516D9;2015/03/06 01:16:09;23;88;30.0;20.4;2.564;1.761;1.151;2.425;0.125;0.687;24
B516D9;2015/03/06 01:16:19;24;83;30.9;20.4;2.674;1.722;1.151;2.425;0.164;0.700;25
B516D9;2015/03/06 01:16:29;25;93;26.1;20.4;2.651;1.722;1.170;2.425;0.164;0.670;26
B516D9;2015/03/06 01:16:39;26;80;25.4;20.1;2.561;1.758;1.170;2.438;0.164;0.683;27
B516D9;2015/03/06 01:16:49;27;76;25.8;19.8;2.670;1.758;1.135;2.438;0.164;0.693;28
B516D9;2015/03/06 01:16:59;28;88;26.1;20.3;2.648;1.758;1.135;2.438;0.167;0.683;29
B516D9;2015/03/06 01:17:09;29;85;25.4;20.6;2.651;1.758;1.138;2.438;0.167;0.703;30
B516D9;2015/03/06 01:17:19;30;83;26.1;19.8;2.577;1.748;1.138;2.441;0.167;0.680;31
B516D9;2015/03/06 01:17:29;31;86;26.7;20.4;2.780;1.748;1.196;2.441;0.167;0.716;32
B516D9;2015/03/06 01:17:39;32;85;29.3;20.4;2.564;1.767;1.196;2.441;0.180;0.700;33
B516D9;2015/03/06 01:17:49;33;93;24.8;20.4;2.583;1.767;1.158;2.441;0.180;0.700;34
B516D9;2015/03/06 01:17:59;34;83;30.9;20.4;2.603;1.729;1.158;2.474;0.180;0.703;35
B516D9;2015/03/06 01:18:09;35;84;30.0;20.1;2.651;1.729;1.138;2.474;0.180;0.674;36
B516D9;2015/03/06 01:18:19;36;87;31.6;20.4;2.712;1.774;1.138;2.474;0.141;0.683;37
B516D9;2015/03/06 01:18:29;37;90;30.9;20.3;2.819;1.774;1.193;2.474;0.141;0.687;38
B516D9;2015/03/06 01:18:39;38;78;30.0;19.8;2.564;1.770;1.193;2.419;0.141;0.712;39
B516D9;2015/03/06 01:18:49;39;93;28.0;20.1;2.751;1.770;1.183;2.419;0.141;0.677;40
B516D9;2015/03/06 01:18:59;40;86;24.8;19.9;2.587;1.729;1.183;2.419;0.145;0.706;41
B516D9;2015/03/06 01:19:09;41;75;30.6;19.9;2.574;1.729;1.196;2.419;0.145;0.687;42
B516D9;2015/03/06 01:19:19;42;90;26.7;19.9;2.580;1.738;1.196;2.464;0.145;0.670;43
B516D9;2015/03/06 01:19:29;43;94;29.6;20.3;2.816;1.738;1.135;2.464;0.145;0.670;44
B516D9;2015/03/06 01:19:39;44;92;29.6;19.6;2.799;1.729;1.135;2.464;0.122;0.687;45
B516D9;2015/03/06 01:19:49;45;95;28.3;20.4;2.577;1.729;1.187;2.464;0.122;0.700;46
B516D9;2015/03/06 01:19:59;46;88;30.9;20.8;2.777;1.748;1.187;2.441;0.122;0.664;47
B516D9;2015/03/06 01:20:09;47;92;26.7;20.3;2.806;1.748;1.138;2.441;0.122;0.667;48
B516D9;2015/03/06 01:20:19;48;94;26.4;20.3;2.687;1.732;1.138;2.441;0.122;0.680;49
B516D9;2015/03/06 01:20:29;49;95;30.0;20.3;2.709;1.732;1.170;2.441;0.122;0.703;50
B516D9;2015/03/06 01:20:39;50;86;28.7;20.6;2.754;1.758;1.170;2.461;0.122;0.687;51
B516D9;2015/03/06 01:20:49;51;91;28.0;20.6;2.761;1.758;1.193;2.461;0.122;0.687;52
B516D9;2015/03/06 01:20:59;52;89;30.9;20.8;2.787;1.732;1.193;2.461;0.116;0.700;53
B516D9;2015/03/06 01:21:09;53;84;30.9;20.3;2.596;1.732;1.154;2.461;0.116;0.716;54
B516D9;2015/03/06 01:21:19;54;95;32.2;20.8;2.709;1.741;1.154;2.480;0.116;0.696;55
B516D9;2015/03/06 01:21:29;55;86;24.5;20.1;2.709;1.741;1.187;2.480;0.116;0.690;56
B516D9;2015/03/06 01:21:39;56;86;24.8;20.4;2.809;1.767;1.187;2.480;0.112;0.693;57
B516D9;2015/03/06 01:21:49;57;78;31.6;19.9;2.564;1.767;1.135;2.480;0.112;0.693;58
B516D9;2015/03/06 01:21:59;58;91;33.5;20.3;2.609;1.758;1.135;2.461;0.112;0.674;59
B516D9;2015/03/06 01:22:09;59;87;27.7;19.9;2.754;1.758;1.151;2.461;0.112;0.706;60
B516D9;2015/03/06 01:22:19;60;88;24.8;20.4;2.809;1.745;1.151;2.461;0.122;0.716;61
B516D9;2015/03/06 01:22:29;61;96;27.0;20.3;2.748;1.745;1.187;2.461;0.122;0.687;62
B516D9;2015/03/06 01:22:39;62;85;29.3;20.4;2.574;1.777;1.187;2.474;0.122;0.716;63
B516D9;2015/03/06 01:22:49;63;93;24.8;20.6;2.754;1.777;1.187;2.474;0.122;0.677;64
B516D9;2015/03/06 01:22:59;64;86;24.1;19.6;2.654;1.764;1.187;2.474;0.190;0.677;65
B516D9;2015/03/06 01:23:09;65;83;25.1;20.3;2.583;1.764;1.138;2.474;0.190;0.664;66
B516D9;2015/03/06 01:23:19;66;97;29.6;20.8;2.787;1.754;1.138;2.422;0.190;0.664;67
B516D9;2015/03/06 01:23:29;67;77;29.6;20.3;2.816;1.754;1.141;2.422;0.190;0.680;68
B516D9;2015/03/06 01:23:39;68;85;24.1;20.1;2.580;1.741;1.141;2.422;0.170;0.706;69
B516D9;2015/03/06 01:23:49;69;94;29.6;20.8;2.564;1.741;1.141;2.422;0.170;0.696;70
B516D9;2015/03/06 01:23:59;70;91;30.0;20.1;2.606;1.777;1.141;2.435;0.170;0.667;71
B516D9;2015/03/06 01:24:10;0;1;28.7;19.9;2.287;-1.000;-1.000;-1.000;-1.000;0.758;1
B516D9;2015/03/06 01:24:28;1;94;24.8;20.4;2.580;-1.000;-1.000;-1.000;-1.000;0.709;2
B516D9;2015/03/06 01:24:39;2;92;27.0;20.1;2.558;1.532;-1.000;2.632;-1.000;0.722;3
B516D9;2015/03/06 01:24:49;3;76;30.9;20.3;2.577;1.532;1.151;2.632;-1.000;0.677;4
B516D9;2015/03/06 01:24:59;4;88;27.0;20.4;2.587;1.599;1.151;2.632;0.148;0.677;5
B516D9;2015/03/06 01:25:09;5;92;25.4;20.3;2.790;1.599;1.148;2.632;0.148;0.667;6
B516D9;2015/03/06 01:25:19;6;88;32.5;20.4;2.561;1.648;1.148;2.409;0.148;0.664;7
B516D9;2015/03/06 01:25:29;7;93;29.3;20.6;2.596;1.648;1.180;2.409;0.148;0.670;8
B516D9;2015/03/06 01:25:39;8;88;30.3;20.4;2.738;1.664;1.180;2.409;0.203;0.677;9
B516D9;2015/03/06 01:25:49;9;81;27.7;20.4;2.809;1.664;1.141;2.409;0.203;0.687;10
B516D9;2015/03/06 01:25:59;10;94;26.7;20.4;2.558;1.683;1.141;2.429;0.203;0.700;11
B516D9;2015/03/06 01:26:09;11;90;24.5;20.3;2.583;1.683;1.141;2.429;0.203;0.687;12
B516D9;2015/03/06 01:26:19;12;87;30.9;20.4;2.641;1.699;1.141;2.429;0.138;0.716;13
B516D9;2015/03/06 01:26:29;13;88;27.7;20.3;2.816;1.699;1.151;2.429;0.138;0.680;14
B516D9;2015/03/06 01:26:39;14;88;30.0;20.8;2.761;1.716;1.151;2.419;0.138;0.693;15
B516D9;2015/03/06 01:26:49;15;88;24.5;20.8;2.609;1.716;1.158;2.419;0.138;0.712;16
B516D9;2015/03/06 01:26:59;16;94;29.6;20.4;2.596;1.712;1.158;2.419;0.129;0.703;17
B516D9;2015/03/06 01:27:09;17;87;29.6;19.9;2.767;1.712;1.148;2.419;0.129;0.664;18
B516D9;2015/03/06 01:27:19;18;93;30.9;20.4;2.706;1.722;1.148;2.448;0.129;0.700;19
B516D9;2015/03/06 01:27:29;19;76;30.0;20.6;2.577;1.722;1.141;2.448;0.129;0.670;20
B516D9;2015/03/06 01:27:39;20;86;24.5;19.9;2.654;1.754;1.141;2.448;0.125;0.680;21
B516D9;2015/03/06 01:27:49;21;78;25.8;20.8;2.648;1.754;1.174;2.448;0.125;0.700;22
B516D9;2015/03/06 01:27:59;22;85;25.4;20.6;2.561;1.748;1.174;2.429;0.125;0.693;23
B516D9;2015/03/06 01:28:09;23;88;30.6;19.8;2.793;1.748;1.145;2.429;0.125;0.677;24
B516D9;2015/03/06 01:28:19;24;88;29.3;20.8;2.661;1.748;1.145;2.429;0.183;0.670;25
B516D9;2015/03/06 01:28:29;25;94;25.8;20.4;2.622;1.748;1.141;2.429;0.183;0.696;26
B516D9;2015/03/06 01:28:39;26;84;25.8;20.6;2.561;1.767;1.141;2.441;0.183;0.680;27
B516D9;2015/03/06 01:28:49;27;78;28.3;20.8;2.577;1.767;1.141;2.441;0.183;0.677;28
B516D9;2015/03/06 01:28:59;28;81;26.1;20.3;2.687;1.767;1.141;2.441;0.138;0.670;29
B516D9;2015/03/06 01:29:09;29;88;29.0;19.9;2.777;1.767;1.203;2.441;0.138;0.677;30
B516D9;2015/03/06 01:29:19;30;88;32.5;20.4;2.564;1.770;1.203;2.445;0.138;0.661;31
B516D9;2015/03/06 01:29:29;31;86;30.3;20.4;2.809;1.770;1.199;2.445;0.138;0.703;32
B516D9;2015/03/06 01:29:39;32;88;29.3;20.4;2.580;1.729;1.199;2.445;0.125;0.700;33
B516D9;2015/03/06 01:29:49;33;88;24.1;20.3;2.722;1.729;1.148;2.445;0.125;0.703;34
B516D9;2015/03/06 01:29:59;34;89;26.1;20.6;2.570;1.751;1.148;2.487;0.125;0.712;35
B516D9;2015/03/06 01:30:09;35;86;24.1;20.8;2.583;1.751;1.141;2.487;0.125;0.687;36
B516D9;2015/03/06 01:30:19;36;88;30.0;21.0;2.799;1.777;1.141;2.487;0.129;0.658;37
B516D9;2015/03/06 01:30:29;37;84;27.0;20.1;2.819;1.777;1.164;2.487;0.129;0.658;38
B516D9;2015/03/06 01:30:39;38;95;30.0;20.8;2.799;1.777;1.164;2.448;0.129;0.664;39
B516D9;2015/03/06 01:30:49;39;87;24.5;20.4;2.564;1.777;1.145;2.448;0.129;0.667;40
B516D9;2015/03/06 01:30:59;40;86;30.3;20.1;2.806;1.741;1.145;2.448;0.129;0.664;41
B516D9;2015/03/06 01:31:09;41;92;29.6;19.9;2.809;1.741;1.196;2.448;0.129;0.664;42
B516D9;2015/03/06 01:31:19;42;89;26.4;20.6;2.583;1.732;1.196;2.461;0.129;0.706;43
B516D9;2015/03/06 01:31:29;43;90;28.3;19.8;2.819;1.732;1.141;2.461;0.129;0.693;44
B516D9;2015/03/06 01:31:39;44;95;29.3;20.3;2.622;1.770;1.141;2.461;0.164;0.667;45
B516D9;2015/03/06 01:31:49;45;77;29.3;19.9;2.696;1.770;1.141;2.461;0.164;0.680;46
B516D9;2015/03/06 01:31:59;46;92;29.0;20.1;2.558;1.741;1.141;2.474;0.164;0.700;47
B516D9;2015/03/06 01:32:09;47;84;25.4;20.6;2.635;1.741;1.141;2.474;0.164;0.670;48
B516D9;2015/03/06 01:32:19;48;93;27.7;20.1;2.809;1.758;1.141;2.474;0.122;0.677;49
B516D9;2015/03/06 01:32:29;49;88;24.1;20.1;2.596;1.758;1.203;2.474;0.122;0.664;50
B516D9;2015/03/06 01:32:39;50;87;30.9;20.1;2.696;1.761;1.203;2.474;0.122;0.700;51
B516D9;2015/03/06 01:32:49;51;83;29.3;19.9;2.703;1.761;1.164;2.474;0.122;0.687;52
B516D9;2015/03/06 01:32:59;52;90;25.1;20.1;2.603;1.777;1.164;2.474;0.125;0.687;53
B516D9;2015/03/06 01:33:09;53;86;27.0;20.3;2.703;1.777;1.141;2.474;0.125;0.687;54
B516D9;2015/03/06 01:33:19;54;92;29.6;20.8;2.670;1.745;1.141;2.464;0.125;0.712;55
B516D9;2015/03/06 01:33:29;55;86;29.3;20.6;2.606;1.745;1.138;2.464;0.125;0.712;56
B516D9;2015/03/06 01:33:39;56;81;31.6;20.4;2.741;1.777;1.138;2.464;0.122;0.677;57
B516D9;2015/03/06 01:33:49;57;84;24.8;20.4;2.616;1.777;1.203;2.464;0.122;0.677;58
B516D9;2015/03/06 01:33:59;58;81;28.3;19.9;2.812;1.754;1.203;2.441;0.122;0.674;59
B516D9;2015/03/06 01:34:09;59;87;27.4;19.8;2.732;1.754;1.164;2.441;0.122;0.725;60
B516D9;2015/03/06 01:34:19;60;86;24.8;20.1;2.770;1.741;1.164;2.441;0.125;0.719;61
B516D9;2015/03/06 01:34:29;61;83;28.0;20.3;2.816;1.741;1.141;2.441;0.125;0.712;62
B516D9;2015/03/06 01:34:39;62;93;24.8;20.6;2.558;1.751;1.141;2.477;0.125;0.687;63
B516D9;2015/03/06 01:34:49;63;82;30.0;20.1;2.661;1.751;1.138;2.477;0.125;0.693;64
B516D9;2015/03/06 01:34:59;64;93;27.4;20.6;2.725;1.774;1.138;2.477;0.125;0.696;65
B516D9;2015/03/06 01:35:09;65;87;29.6;19.6;2.777;1.774;1.158;2.477;0.125;0.670;66
B516D9;2015/03/06 01:35:19;66;93;28.0;20.4;2.616;1.751;1.158;2.438;0.125;0.706;67
B516D9;2015/03/06 01:35:29;67;89;28.7;19.4;2.641;1.751;1.148;2.438;0.125;0.700;68
B516D9;2015/03/06 01:35:39;68;91;28.3;19.9;2.812;1.748;1.148;2.438;0.138;0.693;69
B516D9;2015/03/06 01:35:49;69;88;30.0;20.3;2.609;1.748;1.203;2.438;0.138;0.687;70
B516D9;2015/03/06 01:35:59;70;80;27.4;20.3;2.590;1.738;1.203;2.464;0.138;0.706;71
B516D9;2015/03/06 01:36:09;0;1;26.4;19.9;2.261;-1.000;-1.000;-1.000;-1.000;0.764;1
B516D9;2015/03/06 01:36:28;1;93;26.7;20.4;2.751;-1.000;-1.000;-1.000;-1.000;0.741;2
B516D9;2015/03/06 01:36:39;2;93;29.6;20.1;2.809;1.525;-1.000;2.600;-1.000;0.709;3
B516D9;2015/03/06 01:36:48;3;83;25.4;20.1;2.761;1.525;1.167;2.600;-1.000;0.687;4
B516D9;2015/03/06 01:36:59;4;93;28.7;20.4;2.687;1.558;1.167;2.600;0.151;0.693;5
B516D9;2015/03/06 01:37:08;5;91;30.9;20.4;2.774;1.558;1.151;2.600;0.151;0.700;6
B516D9;2015/03/06 01:37:19;6;85;25.1;20.4;2.806;1.658;1.151;2.367;0.151;0.667;7
B516D9;2015/03/06 01:37:28;7;79;32.2;20.4;2.799;1.658;1.148;2.367;0.151;0.670;8
B516D9;2015/03/06 01:37:39;8;96;32.2;20.4;2.761;1.696;1.148;2.367;0.196;0.674;9
B516D9;2015/03/06 01:37:48;9;88;24.8;20.6;2.754;1.696;1.158;2.367;0.196;0.658;10
B516D9;2015/03/06 01:37:59;10;93;30.3;19.9;2.806;1.709;1.158;2.441;0.196;0.677;11
B516D9;2015/03/06 01:38:08;11;85;26.7;20.3;2.716;1.709;1.203;2.441;0.196;0.661;12
B516D9;2015/03/06 01:38:19;12;91;28.7;21.0;2.606;1.741;1.203;2.441;0.141;0.670;13
B516D9;2015/03/06 01:38:28;13;84;30.0;20.1;2.716;1.741;1.199;2.441;0.141;0.670;14
B516D9;2015/03/06 01:38:39;14;91;25.4;20.1;2.564;1.735;1.199;2.425;0.141;0.712;15
B516D9;2015/03/06 01:38:48;15;83;26.1;20.4;2.777;1.735;1.145;2.425;0.141;0.700;16
B516D9;2015/03/06 01:38:59;16;85;30.6;20.1;2.645;1.754;1.145;2.425;0.170;0.690;17
B516D9;2015/03/06 01:39:08;17;83;25.4;20.1;2.648;1.754;1.158;2.425;0.170;0.690;18
B516D9;2015/03/06 01:39:19;18;89;30.3;19.9;2.767;1.745;1.158;2.429;0.170;0.677;19
B516D9;2015/03/06 01:39:28;19;91;30.6;20.1;2.603;1.745;1.141;2.429;0.170;0.712;20
B516D9;2015/03/06 01:39:39;20;88;25.4;19.8;2.609;1.722;1.141;2.429;0.125;0.700;21
B516D9;2015/03/06 01:39:48;21;86;29.0;20.1;2.590;1.722;1.158;2.429;0.125;0.703;22
B516D9;2015/03/06 01:39:59;22;96;24.8;19.9;2.580;1.758;1.158;2.474;0.125;0.680;23
B516D9;2015/03/06 01:40:08;23;79;24.5;19.9;2.564;1.758;1.164;2.474;0.125;0.674;24
B516D9;2015/03/06 01:40:19;24;96;29.6;20.4;2.590;1.748;1.164;2.474;0.164;0.674;25
B516D9;2015/03/06 01:40:28;25;93;29.6;19.8;2.816;1.748;1.145;2.474;0.164;0.687;26
B516D9;2015/03/06 01:40:39;26;94;24.5;19.6;2.583;1.764;1.145;2.458;0.164;0.687;27
B516D9;2015/03/06 01:40:48;27;92;30.3;19.8;2.799;1.764;1.141;2.458;0.164;0.700;28
B516D9;2015/03/06 01:40:59;28;89;29.6;20.8;2.780;1.738;1.141;2.458;0.125;0.680;29
B516D9;2015/03/06 01:41:08;29;84;25.1;20.4;2.580;1.738;1.193;2.458;0.125;0.687;30
B516D9;2015/03/06 01:41:19;30;87;27.0;19.6;2.806;1.777;1.193;2.480;0.125;0.683;31
B516D9;2015/03/06 01:41:28;31;91;24.5;20.6;2.603;1.777;1.145;2.480;0.125;0.677;32
B516D9;2015/03/06 01:41:39;32;88;30.9;20.4;2.577;1.748;1.145;2.480;0.132;0.706;33
B516D9;2015/03/06 01:41:48;33;76;28.0;20.3;2.564;1.748;1.148;2.480;0.132;0.700;34
B516D9;2015/03/06 01:41:59;34;92;30.3;20.6;2.699;1.741;1.148;2.448;0.132;0.716;35
B516D9;2015/03/06 01:42:08;35;82;30.0;20.3;2.690;1.741;1.158;2.448;0.132;0.680;36
B516D9;2015/03/06 01:42:19;36;84;26.7;20.4;2.580;1.748;1.158;2.448;0.145;0.683;37
B516D9;2015/03/06 01:42:28;37;93;25.4;20.1;2.583;1.748;1.158;2.448;0.145;0.674;38
B516D9;2015/03/06 01:42:39;38;92;30.0;20.8;2.787;1.774;1.158;2.425;0.145;0.719;39
B516D9;2015/03/06 01:42:48;39;85;26.7;19.8;2.799;1.774;1.141;2.425;0.145;0.687;40
B516D9;2015/03/06 01:42:59;40;89;28.0;20.6;2.609;1.735;1.141;2.425;0.122;0.683;41
B516D9;2015/03/06 01:43:08;41;86;28.3;20.3;2.609;1.735;1.199;2.425;0.122;0.693;42
B516D9;2015/03/06 01:43:19;42;93;29.6;20.3;2.767;1.764;1.199;2.470;0.122;0.683;43
B516D9;2015/03/06 01:43:28;43;86;25.4;20.4;2.574;1.764;1.154;2.470;0.122;0.700;44
B516D9;2015/03/06 01:43:39;44;86;29.3;20.3;2.761;1.764;1.154;2.470;0.196;0.712;45
B516D9;2015/03/06 01:43:48;45;93;26.7;20.4;2.580;1.764;1.158;2.470;0.196;0.712;46
B516D9;2015/03/06 01:43:59;46;93;25.4;19.9;2.600;1.745;1.158;2.429;0.196;0.719;47
B516D9;2015/03/06 01:44:08;47;90;29.6;20.3;2.799;1.745;1.203;2.429;0.196;0.722;48
B516D9;2015/03/06 01:44:19;48;85;30.6;20.4;2.580;1.751;1.203;2.429;0.125;0.693;49
B516D9;2015/03/06 01:44:28;49;91;30.9;20.3;2.809;1.751;1.141;2.429;0.125;0.706;50
B516D9;2015/03/06 01:44:39;50;88;30.3;20.4;2.577;1.767;1.141;2.438;0.125;0.693;51
B516D9;2015/03/06 01:44:48;51;85;30.3;20.1;2.580;1.767;1.203;2.438;0.125;0.719;52
B516D9;2015/03/06 01:44:59;52;88;25.1;20.3;2.564;1.758;1.203;2.438;0.122;0.687;53
B516D9;2015/03/06 01:45:08;53;88;28.3;20.4;2.583;1.758;1.183;2.438;0.122;0.683;54
B516D9;2015/03/06 01:45:19;54;93;25.1;19.8;2.629;1.741;1.183;2.467;0.122;0.712;55
B516D9;2015/03/06 01:45:28;55;91;30.6;20.1;2.748;1.741;1.141;2.467;0.122;0.677;56
B516D9;2015/03/06 01:45:39;56;79;29.6;20.4;2.632;1.748;1.141;2.467;0.138;0.716;57
B516D9;2015/03/06 01:45:48;57;88;26.7;19.9;2.638;1.748;1.145;2.467;0.138;0.680;58
B516D9;2015/03/06 01:45:59;58;87;29.6;20.3;2.748;1.745;1.145;2.451;0.138;0.712;59
B516D9;2015/03/06 01:46:08;59;85;29.6;19.8;2.819;1.745;1.145;2.451;0.138;0.690;60
B516D9;2015/03/06 01:46:19;60;86;28.0;20.6;2.732;1.741;1.145;2.451;0.125;0.706;61
B516D9;2015/03/06 01:46:28;61;88;24.8;20.1;2.709;1.741;1.141;2.451;0.125;0.670;62
B516D9;2015/03/06 01:46:39;62;79;29.6;20.1;2.806;1.741;1.141;2.438;0.125;0.670;63
B516D9;2015/03/06 01:46:48;63;88;32.5;19.4;2.735;1.741;1.145;2.438;0.125;0.683;64
B516D9;2015/03/06 01:46:59;64;78;27.4;20.3;2.699;1.758;1.145;2.438;0.122;0.674;65
B516D9;2015/03/06 01:47:08;65;77;27.7;19.8;2.616;1.758;1.141;2.438;0.122;0.677;66
B516D9;2015/03/06 01:47:19;66;83;28.0;19.8;2.570;1.764;1.141;2.477;0.122;0.709;67
B516D9;2015/03/06 01:47:28;67;83;26.7;19.4;2.735;1.764;1.190;2.477;0.122;0.677;68
B516D9;2015/03/06 01:47:39;68;85;29.6;20.1;2.780;1.767;1.190;2.477;0.248;0.712;69
B516D9;2015/03/06 01:47:48;69;84;25.1;20.1;2.654;1.767;1.141;2.477;0.248;0.687;70
B516D9;2015/03/06 01:47:59;70;88;28.0;20.1;2.725;1.764;1.141;2.458;0.248;0.674;71
B516D9;2015/03/06 01:48:10;0;1;26.1;19.2;2.241;-1.000;-1.000;-1.000;-1.000;0.780;1
B516D9;2015/03/06 01:48:29;1;93;30.6;19.9;2.538;-1.000;-1.000;-1.000;-1.000;0.722;2
B516D9;2015/03/06 01:48:39;2;95;30.0;20.3;2.816;1.525;-1.000;2.600;-1.000;0.725;3
B516D9;2015/03/06 01:48:49;3;96;25.4;19.9;2.619;1.525;1.167;2.600;-1.000;0.706;4
B516D9;2015/03/06 01:48:59;4;97;31.9;20.4;2.622;1.570;1.167;2.600;0.158;0.687;5
B516D9;2015/03/06 01:49:09;5;77;25.1;20.1;2.622;1.570;1.193;2.600;0.158;0.700;6
B516D9;2015/03/06 01:49:19;6;93;26.4;20.3;2.661;1.648;1.193;2.390;0.158;0.680;7
B516D9;2015/03/06 01:49:29;7;87;26.1;20.3;2.629;1.648;1.158;2.390;0.158;0.719;8
B516D9;2015/03/06 01:49:39;8;88;24.8;19.4;2.783;1.699;1.158;2.390;0.258;0.670;9
B516D9;2015/03/06 01:49:49;9;86;31.6;20.3;2.596;1.699;1.148;2.390;0.258;0.706;10
B516D9;2015/03/06 01:49:59;10;97;29.3;19.8;2.696;1.693;1.148;2.425;0.258;0.677;11
B516D9;2015/03/06 01:50:09;11;88;32.5;19.8;2.761;1.693;1.154;2.425;0.258;0.712;12
B516D9;2015/03/06 01:50:19;12;91;27.4;19.2;2.564;1.699;1.154;2.425;0.135;0.706;13
B516D9;2015/03/06 01:50:29;13;86;26.1;20.8;2.670;1.699;1.161;2.425;0.135;0.683;14
B516D9;2015/03/06 01:50:39;14;87;29.6;20.1;2.722;1.751;1.161;2.409;0.135;0.677;15
B516D9;2015/03/06 01:50:49;15;90;28.7;20.3;2.574;1.751;1.167;2.409;0.135;0.683;16
B516D9;2015/03/06 01:50:59;16;90;30.6;19.8;2.674;1.716;1.167;2.409;0.122;0.712;17
B516D9;2015/03/06 01:51:09;17;92;27.0;19.6;2.735;1.716;1.145;2.409;0.122;0.670;18
B516D9;2015/03/06 01:51:19;18;80;25.1;19.9;2.574;1.741;1.145;2.477;0.122;0.667;19
B516D9;2015/03/06 01:51:29;19;80;27.0;21.0;2.696;1.741;1.174;2.477;0.122;0.677;20
B516D9;2015/03/06 01:51:39;20;89;27.4;20.4;2.609;1.725;1.174;2.477;0.125;0.693;21
B516D9;2015/03/06 01:51:49;21;92;27.0;20.4;2.809;1.725;1.151;2.477;0.125;0.693;22
B516D9;2015/03/06 01:51:59;22;86;29.3;19.6;2.564;1.725;1.151;2.454;0.125;0.693;23
B516D9;2015/03/06 01:52:09;23;85;32.9;19.4;2.632;1.725;1.145;2.454;0.125;0.680;24
B516D9;2015/03/06 01:52:19;24;81;25.1;19.9;2.567;1.764;1.145;2.454;0.138;0.677;25
B516D9;2015/03/06 01:52:29;25;90;28.7;20.4;2.574;1.764;1.145;2.454;0.138;0.700;26
B516D9;2015/03/06 01:52:39;26;86;30.6;20.4;2.580;1.738;1.145;2.477;0.138;0.677;27
B516D9;2015/03/06 01:52:49;27;80;24.5;20.3;2.596;1.738;1.158;2.477;0.138;0.706;28
B516D9;2015/03/06 01:52:59;28;95;32.5;20.3;2.603;1.774;1.158;2.477;0.132;0.687;29
B516D9;2015/03/06 01:53:09;29;89;31.2;19.8;2.819;1.774;1.141;2.477;0.132;0.716;30
B516D9;2015/03/06 01:53:19;30;89;26.1;20.1;2.622;1.732;1.141;2.448;0.132;0.706;31
B516D9;2015/03/06 01:53:29;31;83;24.8;20.1;2.729;1.732;1.180;2.448;0.132;0.690;32
B516D9;2015/03/06 01:53:39;32;85;24.8;20.6;2.603;1.774;1.180;2.448;0.119;0.658;33
B516D9;2015/03/06 01:53:49;33;75;31.6;20.3;2.822;1.774;1.183;2.448;0.119;0.674;34
B516D9;2015/03/06 01:53:59;34;86;25.8;20.3;2.622;1.745;1.183;2.458;0.119;0.680;35
B516D9;2015/03/06 01:54:09;35;87;25.4;20.8;2.661;1.745;1.199;2.458;0.119;0.670;36
B516D9;2015/03/06 01:54:19;36;97;27.0;20.4;2.783;1.741;1.199;2.458;0.145;0.690;37
B516D9;2015/03/06 01:54:29;37;90;30.3;20.3;2.825;1.741;1.145;2.458;0.145;0.687;38
B516D9;2015/03/06 01:54:39;38;89;30.6;20.8;2.806;1.758;1.145;2.435;0.145;0.677;39
B516D9;2015/03/06 01:54:49;39;86;25.1;20.1;2.677;1.758;1.145;2.435;0.145;0.687;40
B516D9;2015/03/06 01:54:59;40;89;28.0;20.3;2.635;1.741;1.145;2.435;0.125;0.693;41
B516D9;2015/03/06 01:55:09;41;79;29.3;20.1;2.609;1.741;1.145;2.435;0.125;0.719;42
B516D9;2015/03/06 01:55:19;42;96;28.0;20.4;2.719;1.738;1.145;2.438;0.125;0.696;43
B516D9;2015/03/06 01:55:29;43;92;29.6;19.8;2.809;1.738;1.141;2.438;0.125;0.670;44
B516D9;2015/03/06 01:55:39;44;84;31.6;20.4;2.596;1.751;1.141;2.438;0.151;0.722;45
B516D9;2015/03/06 01:55:49;45;92;30.9;20.4;2.580;1.751;1.141;2.438;0.151;0.680;46
B516D9;2015/03/06 01:55:59;46;76;30.9;20.4;2.767;1.761;1.141;2.429;0.151;0.677;47
B516D9;2015/03/06 01:56:09;47;90;24.8;20.4;2.596;1.761;1.141;2.429;0.151;0.677;48
B516D9;2015/03/06 01:56:19;48;86;31.9;20.4;2.761;1.761;1.141;2.429;0.109;0.712;49
B516D9;2015/03/06 01:56:29;49;88;25.1;20.4;2.593;1.761;1.174;2.429;0.109;0.709;50
B516D9;2015/03/06 01:56:39;50;91;30.3;20.1;2.806;1.738;1.174;2.458;0.109;0.683;51
B516D9;2015/03/06 01:56:49;51;91;26.7;20.4;2.664;1.738;1.141;2.458;0.109;0.677;52
B516D9;2015/03/06 01:56:59;52;88;25.8;20.4;2.809;1.751;1.141;2.458;0.122;0.680;53
B516D9;2015/03/06 01:57:09;53;87;30.9;20.3;2.806;1.751;1.151;2.458;0.122;0.725;54
B516D9;2015/03/06 01:57:19;54;92;31.6;20.8;2.761;1.754;1.151;2.477;0.122;0.690;55
B516D9;2015/03/06 01:57:29;55;92;24.5;20.4;2.596;1.754;1.145;2.477;0.122;0.712;56
B516D9;2015/03/06 01:57:39;56;95;28.7;20.6;2.774;1.774;1.145;2.477;0.129;0.719;57
B516D9;2015/03/06 01:57:49;57;76;27.0;19.9;2.690;1.774;1.206;2.477;0.129;0.677;58
B516D9;2015/03/06 01:57:59;58;83;31.2;20.1;2.674;1.780;1.206;2.445;0.129;0.683;59
B516D9;2015/03/06 01:58:09;59;86;24.8;20.3;2.622;1.780;1.199;2.445;0.129;0.677;60
B516D9;2015/03/06 01:58:19;60;81;30.3;20.8;2.787;1.770;1.199;2.445;0.122;0.677;61
B516D9;2015/03/06 01:58:29;61;79;27.4;20.1;2.580;1.770;1.209;2.445;0.122;0.683;62
B516D9;2015/03/06 01:58:39;62;85;25.4;20.3;2.570;1.774;1.209;2.432;0.122;0.693;63
B516D9;2015/03/06 01:58:49;63;93;24.5;20.6;2.616;1.774;1.209;2.432;0.122;0.677;64
B516D9;2015/03/06 01:58:59;64;91;29.0;19.9;2.812;1.767;1.209;2.432;0.122;0.690;65
B516D9;2015/03/06 01:59:09;65;95;25.1;20.3;2.619;1.767;1.145;2.432;0.122;0.677;66
B516D9;2015/03/06 01:59:19;66;88;30.3;20.8;2.632;1.745;1.145;2.487;0.122;0.690;67
B516D9;2015/03/06 01:59:29;67;85;29.6;19.6;2.799;1.745;1.141;2.487;0.122;0.683;68
B516D9;2015/03/06 01:59:39;68;88;25.1;19.9;2.799;1.783;1.141;2.487;0.190;0.712;69
B516D9;2015/03/06 01:59:49;69;90;27.7;20.1;2.819;1.783;1.187;2.487;0.190;0.690;70
B516D9;2015/03/06 01:59:59;70;96;30.6;20.4;2.596;1.745;1.187;2.451;0.190;0.725;71
