B516DA;2015/03/01 00:00:04;10504;81;30.0;21.0;2.616;1.454;0.787;2.319;0.025;1.119;10505
B516DA;2015/03/01 00:00:14;10505;82;30.6;20.4;2.819;1.454;0.780;2.319;0.025;1.090;10506
B516DA;2015/03/01 00:00:24;10506;82;26.1;20.4;2.632;1.451;0.780;2.319;0.025;1.106;10507
B516DA;2015/03/01 00:00:34;10507;84;28.3;20.4;2.629;1.451;0.793;2.319;0.025;1.090;10508
B516DA;2015/03/01 00:00:44;10508;79;26.4;20.6;2.651;1.422;0.793;2.319;0.070;1.122;10509
B516DA;2015/03/01 00:00:54;10509;88;26.1;20.6;2.699;1.422;0.787;2.319;0.070;1.119;10510
B516DA;2015/03/01 00:01:04;10510;79;30.9;20.4;2.832;1.409;0.787;2.341;0.070;1.080;10511
B516DA;2015/03/01 00:01:14;10511;89;30.0;20.1;2.635;1.409;0.829;2.341;0.070;1.096;10512
B516DA;2015/03/01 00:01:24;10512;85;27.7;20.1;2.832;1.445;0.829;2.341;0.003;1.087;10513
B516DA;2015/03/01 00:01:34;10513;88;26.4;20.4;2.648;1.445;0.809;2.341;0.003;1.135;10514
B516DA;2015/03/01 00:01:44;10514;74;31.9;20.3;2.832;1.448;0.809;2.329;0.003;1.080;10515
B516DA;2015/03/01 00:01:54;10515;89;29.6;20.8;2.838;1.448;0.809;2.329;0.003;1.077;10516
B516DA;2015/03/01 00:02:04;10516;87;30.6;20.6;2.648;1.403;0.809;2.329;0.000;1.119;10517
B516DA;2015/03/01 00:02:14;10517;80;27.0;20.4;2.722;1.403;0.787;2.329;0.000;1.074;10518
B516DA;2015/03/01 00:02:24;10518;87;29.6;20.3;2.832;1.422;0.787;2.287;0.000;1.093;10519
B516DA;2015/03/01 00:02:34;10519;79;28.0;20.4;2.748;1.422;0.835;2.287;0.000;1.099;10520
B516DA;2015/03/01 00:02:44;10520;86;30.0;21.0;2.632;1.435;0.835;2.287;0.000;1.090;10521
B516DA;2015/03/01 00:02:54;10521;87;27.4;20.4;2.693;1.435;0.780;2.287;0.000;1.103;10522
B516DA;2015/03/01 00:03:04;10522;83;29.0;21.0;2.819;1.406;0.780;2.258;0.000;1.087;10523
B516DA;2015/03/01 00:03:14;10523;89;27.4;20.8;2.799;1.406;0.787;2.258;0.000;1.064;10524
B516DA;2015/03/01 00:03:24;10524;88;33.5;20.8;2.806;1.406;0.787;2.258;0.041;1.093;10525
B516DA;2015/03/01 00:03:34;10525;83;30.9;20.4;2.616;1.406;0.803;2.258;0.041;1.083;10526
B516DA;2015/03/01 00:03:44;10526;93;27.4;20.6;2.738;1.406;0.803;2.303;0.041;1.083;10527
B516DA;2015/03/01 00:03:54;10527;79;26.4;20.6;2.787;1.406;0.816;2.303;0.041;1.058;10528
B516DA;2015/03/01 00:04:04;10528;83;25.4;20.6;2.738;1.406;0.816;2.303;0.003;1.054;10529
B516DA;2015/03/01 00:04:14;10529;89;28.0;20.8;2.625;1.406;0.790;2.303;0.003;1.064;10530
B516DA;2015/03/01 00:04:24;10530;85;30.3;20.4;2.625;1.448;0.790;2.283;0.003;1.112;10531
B516DA;2015/03/01 00:04:34;10531;82;30.0;20.4;2.654;1.448;0.787;2.283;0.003;1.074;10532
B516DA;2015/03/01 00:04:44;10532;85;25.4;21.1;2.641;1.416;0.787;2.283;0.019;1.061;10533
B516DA;2015/03/01 00:04:54;10533;90;27.0;20.8;2.780;1.416;0.809;2.283;0.019;1.083;10534
B516DA;2015/03/01 00:05:04;10534;83;27.7;20.3;2.783;1.409;0.809;2.383;0.019;1.112;10535
B516DA;2015/03/01 00:05:14;10535;77;29.3;21.0;2.632;1.409;0.829;2.383;0.019;1.093;10536
B516DA;2015/03/01 00:05:24;10536;92;26.1;21.0;2.687;1.409;0.829;2.383;0.012;1.135;10537
B516DA;2015/03/01 00:05:34;10537;85;30.9;20.6;2.648;1.409;0.790;2.383;0.012;1.109;10538
B516DA;2015/03/01 00:05:44;10538;84;29.3;20.4;2.812;1.412;0.790;2.312;0.012;1.122;10539
B516DA;2015/03/01 00:05:54;10539;83;32.9;20.8;2.635;1.412;0.799;2.312;0.012;1.116;10540
B516DA;2015/03/01 00:06:04;10540;88;29.3;20.6;2.670;1.438;0.799;2.312;0.009;1.090;10541
B516DA;2015/03/01 00:06:14;10541;78;26.1;20.3;2.812;1.438;0.799;2.312;0.009;1.112;10542
B516DA;2015/03/01 00:06:24;10542;86;31.9;21.0;2.819;1.425;0.799;2.429;0.009;1.135;10543
B516DA;2015/03/01 00:06:34;10543;92;30.3;20.3;2.825;1.425;0.854;2.429;0.009;1.122;10544
B516DA;2015/03/01 00:06:44;10544;78;25.8;20.4;2.612;1.419;0.854;2.429;0.000;1.129;10545
B516DA;2015/03/01 00:06:54;10545;86;30.9;19.6;2.629;1.419;0.799;2.429;0.000;1.145;10546
B516DA;2015/03/01 00:07:04;10546;87;26.4;20.4;2.619;1.441;0.799;2.364;0.000;1.132;10547
B516DA;2015/03/01 00:07:14;10547;84;33.5;20.1;2.838;1.441;0.799;2.364;0.000;1.125;10548
B516DA;2015/03/01 00:07:24;10548;74;31.2;20.4;2.774;1.416;0.799;2.364;0.000;1.154;10549
B516DA;2015/03/01 00:07:34;10549;89;25.8;20.4;2.632;1.416;0.803;2.364;0.000;1.161;10550
B516DA;2015/03/01 00:07:44;10550;86;30.0;20.1;2.619;1.438;0.803;2.367;0.000;1.151;10551
B516DA;2015/03/01 00:07:54;10551;91;27.4;20.4;2.829;1.438;0.835;2.367;0.000;1.135;10552
B516DA;2015/03/01 00:08:04;10552;85;28.3;20.4;2.816;1.448;0.835;2.367;0.051;1.132;10553
B516DA;2015/03/01 00:08:14;10553;77;28.0;20.1;2.838;1.448;0.841;2.367;0.051;1.106;10554
B516DA;2015/03/01 00:08:24;10554;86;26.4;20.4;2.635;1.416;0.841;2.296;0.051;1.106;10555
B516DA;2015/03/01 00:08:34;10555;90;26.4;20.1;2.774;1.416;0.832;2.296;0.051;1.109;10556
B516DA;2015/03/01 00:08:44;10556;91;29.6;20.1;2.661;1.458;0.832;2.296;0.000;1.099;10557
B516DA;2015/03/01 00:08:54;10557;88;28.0;21.0;2.635;1.458;0.848;2.296;0.000;1.099;10558
B516DA;2015/03/01 00:09:04;10558;82;28.0;20.3;2.819;1.441;0.848;2.335;0.000;1.122;10559
B516DA;2015/03/01 00:09:14;10559;79;28.0;20.4;2.825;1.441;0.793;2.335;0.000;1.154;10560
B516DA;2015/03/01 00:09:24;10560;78;28.7;19.9;2.819;1.429;0.793;2.335;0.003;1.129;10561
B516DA;2015/03/01 00:09:34;10561;93;30.6;20.1;2.632;1.429;0.841;2.335;0.003;1.122;10562
B516DA;2015/03/01 00:09:44;10562;85;27.7;19.9;2.761;1.419;0.841;2.329;0.003;1.138;10563
B516DA;2015/03/01 00:09:54;10563;79;26.4;20.3;2.764;1.419;0.848;2.329;0.003;1.096;10564
B516DA;2015/03/01 00:10:04;10564;77;26.7;20.8;2.632;1.412;0.848;2.329;0.003;1.109;10565
B516DA;2015/03/01 00:10:14;10565;81;30.3;20.6;2.625;1.412;0.799;2.329;0.003;1.103;10566
B516DA;2015/03/01 00:10:24;10566;84;29.6;20.3;2.629;1.435;0.799;2.303;0.003;1.112;10567
B516DA;2015/03/01 00:10:34;10567;84;30.3;20.1;2.658;1.435;0.790;2.303;0.003;1.138;10568
B516DA;2015/03/01 00:10:44;10568;76;27.0;20.4;2.635;1.409;0.790;2.303;0.000;1.135;10569
B516DA;2015/03/01 00:10:54;10569;90;30.3;21.1;2.622;1.409;0.793;2.303;0.000;1.125;10570
B516DA;2015/03/01 00:11:04;10570;79;31.9;20.4;2.832;1.419;0.793;2.254;0.000;1.103;10571
B516DA;2015/03/01 00:11:14;10571;76;30.3;21.0;2.635;1.419;0.793;2.254;0.000;1.119;10572
B516DA;2015/03/01 00:11:24;10572;86;29.3;20.6;2.806;1.445;0.793;2.254;0.003;1.103;10573
B516DA;2015/03/01 00:11:34;10573;85;27.0;20.4;2.812;1.445;0.793;2.254;0.003;1.106;10574
B516DA;2015/03/01 00:11:44;10574;80;26.4;20.1;2.806;1.441;0.793;2.316;0.003;1.125;10575
B516DA;2015/03/01 00:11:54;10575;85;28.7;21.0;2.822;1.441;0.838;2.316;0.003;1.132;10576
B516DA;2015/03/01 00:12:04;10576;93;25.8;21.1;2.651;1.416;0.838;2.316;0.006;1.099;10577
B516DA;2015/03/01 00:12:14;10577;81;26.7;20.8;2.793;1.416;0.819;2.316;0.006;1.116;10578
B516DA;2015/03/01 00:12:24;10578;83;33.8;20.6;2.632;1.432;0.819;2.354;0.006;1.151;10579
B516DA;2015/03/01 00:12:34;10579;85;28.7;21.0;2.832;1.432;0.812;2.354;0.006;1.112;10580
B516DA;2015/03/01 00:12:44;10580;85;28.7;19.6;2.777;1.441;0.812;2.354;0.006;1.129;10581
B516DA;2015/03/01 00:12:54;10581;84;26.7;20.4;2.774;1.441;0.838;2.354;0.006;1.112;10582
B516DA;2015/03/01 00:13:04;10582;86;29.6;20.3;2.619;1.429;0.838;2.354;0.006;1.122;10583
B516DA;2015/03/01 00:13:14;10583;75;32.2;19.8;2.680;1.429;0.787;2.354;0.006;1.112;10584
B516DA;2015/03/01 00:13:24;10584;84;28.7;19.9;2.693;1.432;0.787;2.354;0.061;1.112;10585
B516DA;2015/03/01 00:13:34;10585;80;30.3;19.8;2.699;1.432;0.841;2.354;0.061;1.129;10586
B516DA;2015/03/01 00:13:44;10586;88;27.0;20.3;2.725;1.454;0.841;2.277;0.061;1.129;10587
B516DA;2015/03/01 00:13:54;10587;87;26.7;20.4;2.693;1.454;0.799;2.277;0.061;1.106;10588
B516DA;2015/03/01 00:14:04;10588;82;25.8;21.3;2.651;1.448;0.799;2.277;0.000;1.122;10589
B516DA;2015/03/01 00:14:14;10589;91;30.9;20.8;2.616;1.448;0.787;2.277;0.000;1.090;10590
B516DA;2015/03/01 00:14:24;10590;86;28.3;20.4;2.832;1.406;0.787;2.293;0.000;1.103;10591
B516DA;2015/03/01 00:14:34;10591;85;31.6;19.9;2.629;1.406;0.783;2.293;0.000;1.080;10592
B516DA;2015/03/01 00:14:44;10592;82;25.8;20.4;2.629;1.445;0.783;2.293;0.003;1.106;10593
B516DA;2015/03/01 00:14:54;10593;84;26.1;20.8;2.741;1.445;0.799;2.293;0.003;1.080;10594
B516DA;2015/03/01 00:15:04;10594;89;31.9;21.0;2.838;1.441;0.799;2.274;0.003;1.116;10595
B516DA;2015/03/01 00:15:14;10595;87;28.0;21.5;2.622;1.441;0.809;2.274;0.003;1.067;10596
B516DA;2015/03/01 00:15:24;10596;83;30.6;20.6;2.825;1.445;0.809;2.274;0.003;1.087;10597
B516DA;2015/03/01 00:15:34;10597;82;29.6;20.6;2.632;1.445;0.783;2.274;0.003;1.067;10598
B516DA;2015/03/01 00:15:44;10598;88;25.8;20.3;2.777;1.416;0.783;2.280;0.003;1.067;10599
B516DA;2015/03/01 00:15:54;10599;90;25.8;21.0;2.738;1.416;0.787;2.280;0.003;1.087;10600
B516DA;2015/03/01 00:16:04;10600;88;26.4;20.8;2.674;1.454;0.787;2.280;0.138;1.106;10601
B516DA;2015/03/01 00:16:14;10601;85;29.3;20.6;2.645;1.454;0.803;2.280;0.138;1.070;10602
B516DA;2015/03/01 00:16:24;10602;83;27.0;20.6;2.725;1.412;0.803;2.290;0.138;1.074;10603
B516DA;2015/03/01 00:16:34;10603;83;25.4;20.3;2.719;1.412;0.835;2.290;0.138;1.077;10604
B516DA;2015/03/01 00:16:44;10604;91;27.7;20.6;2.745;1.435;0.835;2.290;0.000;1.064;10605
B516DA;2015/03/01 00:16:54;10605;81;32.5;20.8;2.822;1.435;0.787;2.290;0.000;1.109;10606
B516DA;2015/03/01 00:17:04;10606;82;29.6;21.0;2.819;1.406;0.787;2.325;0.000;1.116;10607
B516DA;2015/03/01 00:17:14;10607;88;30.9;20.1;2.638;1.406;0.838;2.325;0.000;1.074;10608
B516DA;2015/03/01 00:17:24;10608;88;32.5;20.6;2.751;1.403;0.838;2.325;0.035;1.080;10609
B516DA;2015/03/01 00:17:34;10609;81;26.1;20.6;2.748;1.403;0.806;2.325;0.035;1.119;10610
B516DA;2015/03/01 00:17:44;10610;78;29.3;20.4;2.812;1.425;0.806;2.270;0.035;1.106;10611
B516DA;2015/03/01 00:17:54;10611;88;27.7;20.3;2.654;1.425;0.799;2.270;0.035;1.080;10612
B516DA;2015/03/01 00:18:04;10612;90;28.0;20.4;2.774;1.403;0.799;2.270;0.000;1.106;10613
B516DA;2015/03/01 00:18:14;10613;85;26.1;20.3;2.774;1.403;0.803;2.270;0.000;1.103;10614
B516DA;2015/03/01 00:18:24;10614;85;31.6;21.0;2.616;1.409;0.803;2.248;0.000;1.064;10615
B516DA;2015/03/01 00:18:34;10615;83;25.1;20.6;2.732;1.409;0.787;2.248;0.000;1.096;10616
B516DA;2015/03/01 00:18:44;10616;87;30.9;21.1;2.625;1.438;0.787;2.248;0.000;1.058;10617
B516DA;2015/03/01 00:18:54;10617;88;25.4;21.0;2.641;1.438;0.841;2.248;0.000;1.058;10618
B516DA;2015/03/01 00:19:04;10618;87;25.4;20.8;2.648;1.429;0.841;2.232;0.000;1.051;10619
B516DA;2015/03/01 00:19:14;10619;73;30.9;20.6;2.622;1.429;0.799;2.232;0.000;1.093;10620
B516DA;2015/03/01 00:19:24;10620;80;25.4;21.5;2.777;1.403;0.799;2.232;0.003;1.090;10621
B516DA;2015/03/01 00:19:34;10621;83;25.1;21.1;2.712;1.403;0.793;2.232;0.003;1.087;10622
B516DA;2015/03/01 00:19:44;10622;85;31.9;21.0;2.825;1.419;0.793;2.277;0.003;1.112;10623
B516DA;2015/03/01 00:19:54;10623;84;25.4;21.1;2.748;1.419;0.787;2.277;0.003;1.109;10624
B516DA;2015/03/01 00:20:04;10624;88;29.6;21.3;2.832;1.425;0.787;2.277;0.000;1.080;10625
B516DA;2015/03/01 00:20:14;10625;83;32.5;21.3;2.774;1.425;0.835;2.277;0.000;1.080;10626
B516DA;2015/03/01 00:20:24;10626;91;25.8;20.8;2.641;1.419;0.835;2.299;0.000;1.080;10627
B516DA;2015/03/01 00:20:34;10627;78;26.1;21.0;2.748;1.419;0.819;2.299;0.000;1.080;10628
B516DA;2015/03/01 00:20:44;10628;84;26.4;21.1;2.635;1.445;0.819;2.299;0.000;1.083;10629
B516DA;2015/03/01 00:20:54;10629;78;33.5;20.8;2.838;1.445;0.845;2.299;0.000;1.103;10630
B516DA;2015/03/01 00:21:04;10630;85;30.3;20.8;2.819;1.412;0.845;2.296;0.000;1.090;10631
B516DA;2015/03/01 00:21:14;10631;84;31.6;20.4;2.838;1.412;0.787;2.296;0.000;1.087;10632
B516DA;2015/03/01 00:21:24;10632;91;33.8;20.6;2.619;1.429;0.787;2.296;0.022;1.109;10633
B516DA;2015/03/01 00:21:34;10633;86;32.2;21.3;2.822;1.429;0.829;2.296;0.022;1.106;10634
B516DA;2015/03/01 00:21:44;10634;93;31.6;21.0;2.616;1.403;0.829;2.345;0.022;1.087;10635
B516DA;2015/03/01 00:21:54;10635;78;26.1;21.0;2.735;1.403;0.787;2.345;0.022;1.132;10636
B516DA;2015/03/01 00:22:04;10636;85;32.9;20.3;2.632;1.445;0.787;2.345;0.035;1.119;10637
B516DA;2015/03/01 00:22:14;10637;91;26.1;20.6;2.819;1.445;0.787;2.345;0.035;1.087;10638
B516DA;2015/03/01 00:22:24;10638;85;29.3;20.8;2.832;1.412;0.787;2.354;0.035;1.103;10639
B516DA;2015/03/01 00:22:34;10639;79;25.8;20.3;2.761;1.412;0.787;2.354;0.035;1.145;10640
B516DA;2015/03/01 00:22:44;10640;90;28.7;20.6;2.819;1.409;0.787;2.354;0.016;1.106;10641
B516DA;2015/03/01 00:22:54;10641;88;27.0;20.8;2.767;1.409;0.841;2.354;0.016;1.151;10642
B516DA;2015/03/01 00:23:04;10642;85;27.7;20.4;2.754;1.412;0.841;2.348;0.016;1.103;10643
B516DA;2015/03/01 00:23:14;10643;87;27.7;21.0;2.825;1.412;0.787;2.348;0.016;1.145;10644
B516DA;2015/03/01 00:23:24;10644;84;26.4;20.4;2.632;1.425;0.787;2.348;0.000;1.106;10645
B516DA;2015/03/01 00:23:34;10645;78;33.5;20.4;2.729;1.425;0.787;2.348;0.000;1.109;10646
B516DA;2015/03/01 00:23:44;10646;79;25.8;20.8;2.648;1.448;0.787;2.296;0.000;1.096;10647
B516DA;2015/03/01 00:23:54;10647;82;27.7;20.6;2.754;1.448;0.841;2.296;0.000;1.138;10648
B516DA;2015/03/01 00:24:04;10648;77;27.4;20.1;2.751;1.406;0.841;2.296;0.000;1.129;10649
B516DA;2015/03/01 00:24:14;10649;83;29.0;19.9;2.619;1.406;0.783;2.296;0.000;1.103;10650
B516DA;2015/03/01 00:24:24;10650;83;25.8;21.1;2.641;1.445;0.783;2.264;0.000;1.087;10651
B516DA;2015/03/01 00:24:34;10651;89;32.5;20.8;2.829;1.445;0.841;2.264;0.000;1.125;10652
B516DA;2015/03/01 00:24:44;10652;93;25.8;20.8;2.641;1.451;0.841;2.264;0.009;1.138;10653
B516DA;2015/03/01 00:24:54;10653;75;26.7;20.6;2.767;1.451;0.787;2.264;0.009;1.093;10654
B516DA;2015/03/01 00:25:04;10654;89;27.0;20.8;2.638;1.432;0.787;2.309;0.009;1.103;10655
B516DA;2015/03/01 00:25:14;10655;87;26.1;21.0;2.732;1.432;0.787;2.309;0.009;1.141;10656
B516DA;2015/03/01 00:25:24;10656;83;30.0;21.0;2.619;1.406;0.787;2.309;0.019;1.122;10657
B516DA;2015/03/01 00:25:34;10657;90;30.9;19.9;2.632;1.406;0.803;2.309;0.019;1.096;10658
B516DA;2015/03/01 00:25:44;10658;86;27.7;20.3;2.712;1.409;0.803;2.361;0.019;1.109;10659
B516DA;2015/03/01 00:25:54;10659;90;30.3;20.3;2.638;1.409;0.806;2.361;0.019;1.145;10660
B516DA;2015/03/01 00:26:04;10660;84;30.6;20.4;2.825;1.441;0.806;2.361;0.003;1.170;10661
B516DA;2015/03/01 00:26:14;10661;85;30.6;20.4;2.793;1.441;0.841;2.361;0.003;1.125;10662
B516DA;2015/03/01 00:26:24;10662;90;32.2;20.6;2.658;1.403;0.841;2.409;0.003;1.129;10663
B516DA;2015/03/01 00:26:34;10663;85;26.4;20.8;2.741;1.403;0.816;2.409;0.003;1.145;10664
B516DA;2015/03/01 00:26:44;10664;81;26.1;20.3;2.687;1.422;0.816;2.409;0.000;1.132;10665
B516DA;2015/03/01 00:26:54;10665;91;32.2;20.4;2.799;1.422;0.832;2.409;0.000;1.167;10666
B516DA;2015/03/01 00:27:04;10666;83;30.3;20.1;2.812;1.425;0.832;2.338;0.000;1.135;10667
B516DA;2015/03/01 00:27:14;10667;80;31.9;21.1;2.683;1.425;0.793;2.338;0.000;1.145;10668
B516DA;2015/03/01 00:27:24;10668;85;31.9;20.6;2.632;1.441;0.793;2.338;0.000;1.154;10669
B516DA;2015/03/01 00:27:34;10669;93;31.6;19.9;2.641;1.441;0.787;2.338;0.000;1.119;10670
B516DA;2015/03/01 00:27:44;10670;83;30.9;20.4;2.832;1.419;0.787;2.322;0.000;1.103;10671
B516DA;2015/03/01 00:27:54;10671;78;28.0;20.8;2.806;1.419;0.793;2.322;0.000;1.119;10672
B516DA;2015/03/01 00:28:04;10672;84;27.4;20.4;2.764;1.422;0.793;2.322;0.000;1.096;10673
B516DA;2015/03/01 00:28:14;10673;73;28.7;21.0;2.838;1.422;0.787;2.322;0.000;1.103;10674
B516DA;2015/03/01 00:28:24;10674;87;28.3;20.8;2.629;1.425;0.787;2.245;0.000;1.132;10675
B516DA;2015/03/01 00:28:34;10675;84;25.4;20.6;2.709;1.425;0.841;2.245;0.000;1.093;10676
B516DA;2015/03/01 00:28:44;10676;83;27.0;20.1;2.725;1.419;0.841;2.245;0.054;1.090;10677
B516DA;2015/03/01 00:28:54;10677;88;26.1;20.8;2.748;1.419;0.803;2.245;0.054;1.116;10678
B516DA;2015/03/01 00:29:04;10678;73;28.7;20.3;2.787;1.445;0.803;2.309;0.054;1.129;10679
B516DA;2015/03/01 00:29:14;10679;85;32.2;20.8;2.629;1.445;0.793;2.309;0.054;1.138;10680
B516DA;2015/03/01 00:29:24;10680;84;28.7;20.1;2.764;1.409;0.793;2.309;0.000;1.112;10681
B516DA;2015/03/01 00:29:34;10681;84;26.1;21.0;2.645;1.409;0.793;2.309;0.000;1.129;10682
B516DA;2015/03/01 00:29:44;10682;93;26.4;20.1;2.674;1.425;0.793;2.325;0.000;1.158;10683
B516DA;2015/03/01 00:29:54;10683;81;32.9;20.4;2.774;1.425;0.845;2.325;0.000;1.119;10684
B516DA;2015/03/01 00:30:04;10684;89;26.1;20.4;2.625;1.448;0.845;2.325;0.009;1.135;10685
B516DA;2015/03/01 00:30:14;10685;88;32.5;21.0;2.812;1.448;0.848;2.325;0.009;1.119;10686
B516DA;2015/03/01 00:30:24;10686;91;25.4;21.1;2.738;1.409;0.848;2.303;0.009;1.103;10687
B516DA;2015/03/01 00:30:34;10687;85;28.0;21.1;2.616;1.409;0.825;2.303;0.009;1.135;10688
B516DA;2015/03/01 00:30:44;10688;85;25.8;20.6;2.651;1.454;0.825;2.303;0.064;1.099;10689
B516DA;2015/03/01 00:30:54;10689;74;27.4;20.3;2.654;1.454;0.819;2.303;0.064;1.112;10690
B516DA;2015/03/01 00:31:04;10690;86;30.9;21.0;2.632;1.458;0.819;2.290;0.064;1.116;10691
B516DA;2015/03/01 00:31:14;10691;82;29.6;21.0;2.835;1.458;0.796;2.290;0.064;1.138;10692
B516DA;2015/03/01 00:31:24;10692;88;26.1;21.1;2.648;1.432;0.796;2.290;0.003;1.096;10693
B516DA;2015/03/01 00:31:34;10693;83;34.1;20.8;2.838;1.432;0.803;2.290;0.003;1.129;10694
B516DA;2015/03/01 00:31:44;10694;93;32.5;20.3;2.774;1.422;0.803;2.383;0.003;1.151;10695
B516DA;2015/03/01 00:31:54;10695;83;26.1;20.6;2.812;1.422;0.851;2.383;0.003;1.112;10696
B516DA;2015/03/01 00:32:04;10696;81;26.4;21.1;2.667;1.454;0.851;2.383;0.012;1.164;10697
B516DA;2015/03/01 00:32:14;10697;93;31.6;20.3;2.674;1.454;0.806;2.383;0.012;1.154;10698
B516DA;2015/03/01 00:32:24;10698;83;27.4;20.8;2.629;1.432;0.806;2.374;0.012;1.158;10699
B516DA;2015/03/01 00:32:34;10699;92;29.3;20.3;2.632;1.432;0.854;2.374;0.012;1.161;10700
B516DA;2015/03/01 00:32:44;10700;82;26.1;20.4;2.619;1.441;0.854;2.374;0.029;1.145;10701
B516DA;2015/03/01 00:32:54;10701;80;28.0;20.8;2.719;1.441;0.835;2.374;0.029;1.129;10702
B516DA;2015/03/01 00:33:04;10702;83;30.3;20.6;2.641;1.448;0.835;2.358;0.029;1.145;10703
B516DA;2015/03/01 00:33:14;10703;82;30.6;20.8;2.838;1.448;0.806;2.358;0.029;1.154;10704
B516DA;2015/03/01 00:33:24;10704;74;30.9;20.6;2.812;1.441;0.806;2.358;0.012;1.151;10705
B516DA;2015/03/01 00:33:34;10705;78;27.4;20.4;2.680;1.441;0.803;2.358;0.012;1.174;10706
B516DA;2015/03/01 00:33:44;10706;80;26.4;20.4;2.616;1.458;0.803;2.387;0.012;1.154;10707
B516DA;2015/03/01 00:33:54;10707;73;26.1;20.3;2.693;1.458;0.835;2.387;0.012;1.180;10708
B516DA;2015/03/01 00:34:04;10708;86;26.4;20.4;2.612;1.435;0.835;2.387;0.054;1.148;10709
B516DA;2015/03/01 00:34:14;10709;88;31.9;20.1;2.819;1.435;0.806;2.387;0.054;1.148;10710
B516DA;2015/03/01 00:34:24;10710;88;32.5;20.3;2.770;1.448;0.806;2.367;0.054;1.161;10711
B516DA;2015/03/01 00:34:34;10711;76;30.9;20.1;2.632;1.448;0.799;2.367;0.054;1.145;10712
B516DA;2015/03/01 00:34:44;10712;87;26.4;20.4;2.612;1.458;0.799;2.367;0.077;1.154;10713
B516DA;2015/03/01 00:34:54;10713;88;28.0;20.4;2.787;1.458;0.822;2.367;0.077;1.177;10714
B516DA;2015/03/01 00:35:04;10714;82;28.0;20.3;2.625;1.422;0.822;2.367;0.077;1.154;10715
B516DA;2015/03/01 00:35:14;10715;81;29.0;19.9;2.658;1.422;0.851;2.367;0.077;1.190;10716
B516DA;2015/03/01 00:35:24;10716;88;26.4;20.4;2.619;1.451;0.851;2.367;0.000;1.196;10717
B516DA;2015/03/01 00:35:34;10717;84;32.5;20.8;2.835;1.451;0.793;2.367;0.000;1.154;10718
B516DA;2015/03/01 00:35:44;10718;88;29.6;20.1;2.806;1.422;0.793;2.306;0.000;1.187;10719
B516DA;2015/03/01 00:35:54;10719;79;30.6;19.9;2.719;1.422;0.851;2.306;0.000;1.122;10720
B516DA;2015/03/01 00:36:04;10720;77;30.6;20.3;2.832;1.429;0.851;2.306;0.012;1.122;10721
B516DA;2015/03/01 00:36:14;10721;74;29.6;20.4;2.780;1.429;0.803;2.306;0.012;1.161;10722
B516DA;2015/03/01 00:36:24;10722;87;27.0;20.3;2.699;1.412;0.803;2.267;0.012;1.129;10723
B516DA;2015/03/01 00:36:34;10723;90;32.9;20.4;2.764;1.412;0.796;2.267;0.012;1.132;10724
B516DA;2015/03/01 00:36:44;10724;74;29.6;20.6;2.799;1.412;0.796;2.267;0.003;1.096;10725
B516DA;2015/03/01 00:36:54;10725;75;31.6;20.4;2.780;1.412;0.851;2.267;0.003;1.132;10726
B516DA;2015/03/01 00:37:04;10726;92;30.0;20.4;2.616;1.412;0.851;2.351;0.003;1.125;10727
B516DA;2015/03/01 00:37:14;10727;82;26.1;20.4;2.699;1.412;0.829;2.351;0.003;1.151;10728
B516DA;2015/03/01 00:37:24;10728;83;30.0;20.6;2.625;1.429;0.829;2.351;0.000;1.164;10729
B516DA;2015/03/01 00:37:34;10729;74;32.9;20.4;2.793;1.429;0.835;2.351;0.000;1.158;10730
B516DA;2015/03/01 00:37:44;10730;81;30.3;20.4;2.832;1.409;0.835;2.341;0.000;1.158;10731
B516DA;2015/03/01 00:37:54;10731;90;26.4;20.3;2.838;1.409;0.838;2.341;0.000;1.106;10732
B516DA;2015/03/01 00:38:04;10732;91;28.0;20.3;2.764;1.409;0.838;2.341;0.000;1.109;10733
B516DA;2015/03/01 00:38:14;10733;83;25.4;20.3;2.722;1.409;0.816;2.341;0.000;1.116;10734
B516DA;2015/03/01 00:38:24;10734;84;25.8;21.0;2.774;1.454;0.816;2.312;0.000;1.151;10735
B516DA;2015/03/01 00:38:34;10735;83;31.6;19.9;2.687;1.454;0.793;2.312;0.000;1.158;10736
B516DA;2015/03/01 00:38:44;10736;86;29.6;20.6;2.790;1.445;0.793;2.312;0.051;1.151;10737
B516DA;2015/03/01 00:38:54;10737;90;26.1;20.8;2.738;1.445;0.845;2.312;0.051;1.141;10738
B516DA;2015/03/01 00:39:04;10738;88;29.6;20.8;2.625;1.454;0.845;2.364;0.051;1.132;10739
B516DA;2015/03/01 00:39:14;10739;83;29.3;20.4;2.754;1.454;0.812;2.364;0.051;1.132;10740
B516DA;2015/03/01 00:39:24;10740;84;28.7;20.4;2.654;1.409;0.812;2.364;0.035;1.177;10741
B516DA;2015/03/01 00:39:34;10741;88;28.3;20.8;2.719;1.409;0.838;2.364;0.035;1.161;10742
B516DA;2015/03/01 00:39:44;10742;81;27.4;21.1;2.748;1.412;0.838;2.390;0.035;1.122;10743
B516DA;2015/03/01 00:39:54;10743;87;26.1;20.4;2.703;1.412;0.848;2.390;0.035;1.135;10744
B516DA;2015/03/01 00:40:04;10744;90;28.7;21.1;2.632;1.419;0.848;2.390;0.016;1.145;10745
B516DA;2015/03/01 00:40:14;10745;87;26.1;20.8;2.738;1.419;0.790;2.390;0.016;1.158;10746
B516DA;2015/03/01 00:40:24;10746;76;26.4;20.6;2.719;1.445;0.790;2.348;0.016;1.135;10747
B516DA;2015/03/01 00:40:34;10747;84;32.9;21.0;2.638;1.445;0.845;2.348;0.016;1.164;10748
B516DA;2015/03/01 00:40:44;10748;85;26.7;20.1;2.677;1.409;0.845;2.348;0.003;1.122;10749
B516DA;2015/03/01 00:40:54;10749;77;26.1;20.4;2.648;1.409;0.787;2.348;0.003;1.109;10750
B516DA;2015/03/01 00:41:04;10750;84;30.3;21.0;2.625;1.435;0.787;2.287;0.003;1.132;10751
B516DA;2015/03/01 00:41:14;10751;78;28.0;20.6;2.619;1.435;0.841;2.287;0.003;1.119;10752
B516DA;2015/03/01 00:41:24;10752;83;30.0;20.8;2.641;1.416;0.841;2.287;0.000;1.103;10753
B516DA;2015/03/01 00:41:34;10753;85;27.4;20.6;2.819;1.416;0.822;2.287;0.000;1.112;10754
B516DA;2015/03/01 00:41:44;10754;91;29.0;20.6;2.780;1.406;0.822;2.245;0.000;1.122;10755
B516DA;2015/03/01 00:41:54;10755;82;26.1;20.6;2.674;1.406;0.793;2.245;0.000;1.093;10756
B516DA;2015/03/01 00:42:04;10756;81;27.4;20.1;2.748;1.429;0.793;2.245;0.000;1.096;10757
B516DA;2015/03/01 00:42:14;10757;91;31.2;21.3;2.819;1.429;0.841;2.245;0.000;1.099;10758
B516DA;2015/03/01 00:42:24;10758;88;28.0;21.1;2.629;1.451;0.841;2.241;0.000;1.132;10759
B516DA;2015/03/01 00:42:34;10759;87;27.0;21.0;2.661;1.451;0.790;2.241;0.000;1.090;10760
B516DA;2015/03/01 00:42:44;10760;93;29.6;20.6;2.622;1.412;0.790;2.241;0.003;1.103;10761
B516DA;2015/03/01 00:42:54;10761;84;26.7;20.8;2.722;1.412;0.790;2.241;0.003;1.122;10762
B516DA;2015/03/01 00:43:04;10762;88;31.9;21.0;2.819;1.448;0.790;2.290;0.003;1.087;10763
B516DA;2015/03/01 00:43:14;10763;88;29.0;21.0;2.735;1.448;0.819;2.290;0.003;1.090;10764
B516DA;2015/03/01 00:43:24;10764;90;27.7;20.1;2.832;1.422;0.819;2.290;0.029;1.106;10765
B516DA;2015/03/01 00:43:34;10765;83;32.2;20.6;2.658;1.422;0.809;2.290;0.029;1.093;10766
B516DA;2015/03/01 00:43:44;10766;88;30.0;21.0;2.706;1.448;0.809;2.261;0.029;1.106;10767
B516DA;2015/03/01 00:43:54;10767;77;27.0;21.3;2.680;1.448;0.793;2.261;0.029;1.125;10768
B516DA;2015/03/01 00:44:04;10768;74;26.4;21.5;2.787;1.412;0.793;2.261;0.000;1.103;10769
B516DA;2015/03/01 00:44:14;10769;83;32.9;21.3;2.722;1.412;0.812;2.261;0.000;1.135;10770
B516DA;2015/03/01 00:44:24;10770;93;30.3;21.0;2.799;1.416;0.812;2.309;0.000;1.109;10771
B516DA;2015/03/01 00:44:34;10771;80;30.9;20.1;2.641;1.416;0.793;2.309;0.000;1.122;10772
B516DA;2015/03/01 00:44:44;10772;93;30.6;20.6;2.612;1.432;0.793;2.309;0.000;1.135;10773
B516DA;2015/03/01 00:44:54;10773;93;26.1;20.6;2.719;1.432;0.790;2.309;0.000;1.112;10774
B516DA;2015/03/01 00:45:04;10774;93;27.0;20.4;2.725;1.416;0.790;2.258;0.000;1.103;10775
B516DA;2015/03/01 00:45:14;10775;84;31.2;20.1;2.699;1.416;0.841;2.258;0.000;1.116;10776
B516DA;2015/03/01 00:45:24;10776;83;27.7;20.4;2.777;1.416;0.841;2.258;0.000;1.106;10777
B516DA;2015/03/01 00:45:34;10777;83;30.9;21.5;2.641;1.416;0.790;2.258;0.000;1.109;10778
B516DA;2015/03/01 00:45:44;10778;86;27.4;20.4;2.638;1.409;0.790;2.312;0.000;1.103;10779
B516DA;2015/03/01 00:45:54;10779;82;31.9;20.1;2.635;1.409;0.790;2.312;0.000;1.093;10780
B516DA;2015/03/01 00:46:04;10780;87;25.8;21.5;2.651;1.409;0.790;2.312;0.003;1.138;10781
B516DA;2015/03/01 00:46:14;10781;78;32.2;20.6;2.632;1.409;0.799;2.312;0.003;1.096;10782
B516DA;2015/03/01 00:46:24;10782;87;27.0;21.3;2.635;1.409;0.799;2.345;0.003;1.138;10783
B516DA;2015/03/01 00:46:34;10783;73;26.7;21.1;2.761;1.409;0.803;2.345;0.003;1.090;10784
B516DA;2015/03/01 00:46:44;10784;89;29.3;21.0;2.706;1.429;0.803;2.345;0.000;1.099;10785
B516DA;2015/03/01 00:46:54;10785;88;32.5;20.8;2.825;1.429;0.845;2.345;0.000;1.125;10786
B516DA;2015/03/01 00:47:04;10786;92;26.1;21.3;2.619;1.409;0.845;2.322;0.000;1.116;10787
B516DA;2015/03/01 00:47:14;10787;73;26.1;21.0;2.709;1.409;0.841;2.322;0.000;1.119;10788
B516DA;2015/03/01 00:47:24;10788;83;30.6;21.0;2.832;1.438;0.841;2.322;0.054;1.116;10789
B516DA;2015/03/01 00:47:34;10789;88;30.9;20.6;2.725;1.438;0.845;2.322;0.054;1.099;10790
B516DA;2015/03/01 00:47:44;10790;73;29.6;21.0;2.722;1.429;0.845;2.348;0.054;1.109;10791
B516DA;2015/03/01 00:47:54;10791;76;32.9;20.8;2.825;1.429;0.787;2.348;0.054;1.129;10792
B516DA;2015/03/01 00:48:04;10792;80;25.8;20.8;2.641;1.432;0.787;2.348;0.061;1.161;10793
B516DA;2015/03/01 00:48:14;10793;86;29.3;21.0;2.829;1.432;0.838;2.348;0.061;1.116;10794
B516DA;2015/03/01 00:48:24;10794;83;31.9;21.0;2.835;1.429;0.838;2.261;0.061;1.151;10795
B516DA;2015/03/01 00:48:34;10795;83;25.8;21.0;2.632;1.429;0.793;2.261;0.061;1.103;10796
B516DA;2015/03/01 00:48:44;10796;83;27.4;20.6;2.725;1.416;0.793;2.261;0.000;1.099;10797
B516DA;2015/03/01 00:48:54;10797;83;32.9;21.1;2.812;1.416;0.787;2.261;0.000;1.109;10798
B516DA;2015/03/01 00:49:04;10798;88;29.3;21.0;2.825;1.445;0.787;2.319;0.000;1.116;10799
B516DA;2015/03/01 00:49:14;10799;88;32.9;21.0;2.780;1.445;0.787;2.319;0.000;1.090;10800
B516DA;2015/03/01 00:49:24;10800;89;28.7;20.1;2.764;1.422;0.787;2.319;0.000;1.129;10801
B516DA;2015/03/01 00:49:34;10801;91;27.7;21.3;2.661;1.422;0.799;2.319;0.000;1.112;10802
B516DA;2015/03/01 00:49:44;10802;93;28.0;21.0;2.825;1.406;0.799;2.377;0.000;1.129;10803
B516DA;2015/03/01 00:49:54;10803;85;26.1;21.1;2.832;1.406;0.787;2.377;0.000;1.122;10804
B516DA;2015/03/01 00:50:04;10804;88;33.5;21.0;2.790;1.448;0.787;2.377;0.000;1.109;10805
B516DA;2015/03/01 00:50:14;10805;86;26.4;21.1;2.774;1.448;0.841;2.377;0.000;1.132;10806
B516DA;2015/03/01 00:50:24;10806;78;26.1;21.5;2.654;1.451;0.841;2.335;0.000;1.112;10807
B516DA;2015/03/01 00:50:34;10807;87;28.0;21.3;2.619;1.451;0.787;2.335;0.000;1.145;10808
B516DA;2015/03/01 00:50:44;10808;88;28.3;20.8;2.822;1.432;0.787;2.335;0.009;1.145;10809
B516DA;2015/03/01 00:50:54;10809;84;26.1;20.8;2.741;1.432;0.835;2.335;0.009;1.112;10810
B516DA;2015/03/01 00:51:04;10810;82;29.3;21.0;2.799;1.416;0.835;2.277;0.009;1.129;10811
B516DA;2015/03/01 00:51:14;10811;85;26.1;20.8;2.674;1.416;0.783;2.277;0.009;1.138;10812
B516DA;2015/03/01 00:51:24;10812;90;27.7;20.6;2.748;1.409;0.783;2.277;0.000;1.109;10813
B516DA;2015/03/01 00:51:34;10813;80;31.6;20.8;2.632;1.409;0.835;2.277;0.000;1.099;10814
B516DA;2015/03/01 00:51:44;10814;74;29.0;20.3;2.825;1.425;0.835;2.245;0.000;1.096;10815
B516DA;2015/03/01 00:51:54;10815;78;31.9;20.8;2.629;1.425;0.816;2.245;0.000;1.106;10816
B516DA;2015/03/01 00:52:04;10816;90;32.5;21.0;2.787;1.406;0.816;2.245;0.000;1.125;10817
B516DA;2015/03/01 00:52:14;10817;82;30.9;20.6;2.625;1.406;0.790;2.245;0.000;1.141;10818
B516DA;2015/03/01 00:52:24;10818;76;28.0;21.0;2.719;1.441;0.790;2.312;0.000;1.109;10819
B516DA;2015/03/01 00:52:34;10819;87;29.3;21.3;2.761;1.441;0.793;2.312;0.000;1.145;10820
B516DA;2015/03/01 00:52:44;10820;78;30.0;21.1;2.648;1.416;0.793;2.312;0.009;1.109;10821
B516DA;2015/03/01 00:52:54;10821;80;32.9;21.0;2.838;1.416;0.851;2.312;0.009;1.122;10822
B516DA;2015/03/01 00:53:04;10822;88;30.9;21.1;2.632;1.412;0.851;2.303;0.009;1.125;10823
B516DA;2015/03/01 00:53:14;10823;74;28.0;21.3;2.812;1.412;0.809;2.303;0.009;1.125;10824
B516DA;2015/03/01 00:53:24;10824;87;26.4;20.8;2.693;1.441;0.809;2.303;0.035;1.129;10825
B516DA;2015/03/01 00:53:34;10825;80;26.4;21.0;2.735;1.441;0.803;2.303;0.035;1.106;10826
B516DA;2015/03/01 00:53:44;10826;86;26.1;21.5;2.667;1.412;0.803;2.261;0.035;1.116;10827
B516DA;2015/03/01 00:53:54;10827;76;31.2;20.8;2.641;1.412;0.845;2.261;0.035;1.077;10828
B516DA;2015/03/01 00:54:04;10828;84;26.7;21.1;2.722;1.419;0.845;2.261;0.000;1.119;10829
B516DA;2015/03/01 00:54:14;10829;78;26.7;21.1;2.761;1.419;0.796;2.261;0.000;1.106;10830
B516DA;2015/03/01 00:54:24;10830;88;27.4;21.0;2.629;1.461;0.796;2.270;0.000;1.096;10831
B516DA;2015/03/01 00:54:34;10831;85;28.0;21.0;2.622;1.461;0.816;2.270;0.000;1.119;10832
B516DA;2015/03/01 00:54:44;10832;76;28.0;21.0;2.712;1.429;0.816;2.270;0.000;1.099;10833
B516DA;2015/03/01 00:54:54;10833;89;29.6;21.3;2.777;1.429;0.799;2.270;0.000;1.099;10834
B516DA;2015/03/01 00:55:04;10834;83;25.8;21.5;2.641;1.422;0.799;2.312;0.000;1.093;10835
B516DA;2015/03/01 00:55:14;10835;89;27.4;21.1;2.787;1.422;0.796;2.312;0.000;1.096;10836
B516DA;2015/03/01 00:55:24;10836;89;25.8;21.5;2.745;1.461;0.796;2.312;0.032;1.138;10837
B516DA;2015/03/01 00:55:34;10837;74;26.7;21.1;2.661;1.461;0.825;2.312;0.032;1.093;10838
B516DA;2015/03/01 00:55:44;10838;82;25.8;21.1;2.638;1.458;0.825;2.296;0.032;1.106;10839
B516DA;2015/03/01 00:55:54;10839;85;32.9;21.1;2.832;1.458;0.799;2.296;0.032;1.122;10840
B516DA;2015/03/01 00:56:04;10840;78;25.8;22.0;2.654;1.438;0.799;2.296;0.000;1.093;10841
B516DA;2015/03/01 00:56:14;10841;84;31.6;21.3;2.799;1.438;0.861;2.296;0.000;1.151;10842
B516DA;2015/03/01 00:56:24;10842;89;27.0;21.1;2.812;1.422;0.861;2.296;0.000;1.141;10843
B516DA;2015/03/01 00:56:34;10843;85;32.5;21.5;2.819;1.422;0.816;2.296;0.000;1.119;10844
B516DA;2015/03/01 00:56:44;10844;88;33.5;21.1;2.822;1.470;0.816;2.296;0.045;1.138;10845
B516DA;2015/03/01 00:56:54;10845;89;31.9;21.8;2.803;1.470;0.822;2.296;0.045;1.154;10846
B516DA;2015/03/01 00:57:04;10846;84;32.2;21.0;2.819;1.461;0.822;2.325;0.045;1.164;10847
B516DA;2015/03/01 00:57:14;10847;89;28.3;21.3;2.629;1.461;0.854;2.325;0.045;1.129;10848
B516DA;2015/03/01 00:57:24;10848;81;27.0;21.0;2.687;1.429;0.854;2.325;0.022;1.103;10849
B516DA;2015/03/01 00:57:34;10849;78;30.0;21.1;2.748;1.429;0.812;2.325;0.022;1.112;10850
B516DA;2015/03/01 00:57:44;10850;87;30.0;21.3;2.819;1.445;0.812;2.319;0.022;1.112;10851
B516DA;2015/03/01 00:57:54;10851;85;28.3;20.8;2.648;1.445;0.799;2.319;0.022;1.129;10852
B516DA;2015/03/01 00:58:04;10852;78;27.4;20.8;2.632;1.464;0.799;2.319;0.003;1.164;10853
B516DA;2015/03/01 00:58:14;10853;87;26.7;21.1;2.774;1.464;0.799;2.319;0.003;1.122;10854
B516DA;2015/03/01 00:58:24;10854;93;27.4;20.8;2.819;1.419;0.799;2.319;0.003;1.125;10855
B516DA;2015/03/01 00:58:34;10855;84;29.6;21.1;2.838;1.419;0.799;2.319;0.003;1.122;10856
B516DA;2015/03/01 00:58:44;10856;78;29.0;21.3;2.819;1.425;0.799;2.319;0.003;1.122;10857
B516DA;2015/03/01 00:58:54;10857;81;28.0;21.5;2.651;1.425;0.796;2.319;0.003;1.119;10858
B516DA;2015/03/01 00:59:04;10858;92;30.3;21.5;2.629;1.458;0.796;2.280;0.003;1.132;10859
B516DA;2015/03/01 00:59:14;10859;81;33.2;21.1;2.838;1.458;0.793;2.280;0.003;1.122;10860
B516DA;2015/03/01 00:59:24;10860;89;29.0;21.3;2.832;1.432;0.793;2.280;0.000;1.109;10861
B516DA;2015/03/01 00:59:34;10861;88;26.7;21.5;2.767;1.432;0.854;2.280;0.000;1.148;10862
B516DA;2015/03/01 00:59:44;10862;85;27.0;20.8;2.706;1.451;0.854;2.325;0.000;1.109;10863
B516DA;2015/03/01 00:59:54;10863;86;30.3;20.8;2.632;1.451;0.829;2.325;0.000;1.116;10864
B516DA;2015/03/01 01:00:04;10864;88;27.0;21.7;2.687;1.464;0.829;2.325;0.000;1.145;10865
B516DA;2015/03/01 01:00:14;10865;83;27.0;21.5;2.761;1.464;0.854;2.325;0.000;1.135;10866
B516DA;2015/03/01 01:00:24;10866;86;32.9;20.8;2.758;1.458;0.854;2.306;0.000;1.112;10867
B516DA;2015/03/01 01:00:34;10867;85;30.3;21.0;2.625;1.458;0.796;2.306;0.000;1.096;10868
B516DA;2015/03/01 01:00:44;10868;91;28.0;21.1;2.838;1.451;0.796;2.306;0.132;1.103;10869
B516DA;2015/03/01 01:00:54;10869;84;29.3;20.6;2.725;1.451;0.812;2.306;0.132;1.122;10870
B516DA;2015/03/01 01:01:04;10870;81;30.0;20.8;2.661;1.458;0.812;2.303;0.132;1.112;10871
B516DA;2015/03/01 01:01:14;10871;81;26.1;21.3;2.648;1.458;0.854;2.303;0.132;1.103;10872
B516DA;2015/03/01 01:01:24;10872;90;28.7;21.1;2.819;1.432;0.854;2.303;0.045;1.103;10873
B516DA;2015/03/01 01:01:34;10873;84;27.4;21.5;2.822;1.432;0.829;2.303;0.045;1.112;10874
B516DA;2015/03/01 01:01:44;10874;91;29.3;21.3;2.687;1.454;0.829;2.287;0.045;1.132;10875
B516DA;2015/03/01 01:01:54;10875;79;28.0;21.8;2.638;1.454;0.816;2.287;0.045;1.116;10876
B516DA;2015/03/01 01:02:04;10876;91;31.9;21.1;2.832;1.470;0.816;2.287;0.000;1.135;10877
B516DA;2015/03/01 01:02:14;10877;89;30.6;21.0;2.632;1.470;0.803;2.287;0.000;1.145;10878
B516DA;2015/03/01 01:02:24;10878;87;31.9;21.7;2.799;1.464;0.803;2.290;0.000;1.106;10879
B516DA;2015/03/01 01:02:34;10879;85;28.7;21.8;2.838;1.464;0.854;2.290;0.000;1.099;10880
B516DA;2015/03/01 01:02:44;10880;87;30.3;21.3;2.783;1.432;0.854;2.290;0.000;1.103;10881
B516DA;2015/03/01 01:02:54;10881;87;32.2;21.5;2.629;1.432;0.803;2.290;0.000;1.090;10882
B516DA;2015/03/01 01:03:04;10882;83;31.6;21.3;2.622;1.461;0.803;2.277;0.000;1.132;10883
B516DA;2015/03/01 01:03:14;10883;88;25.8;21.7;2.712;1.461;0.799;2.277;0.000;1.099;10884
B516DA;2015/03/01 01:03:24;10884;90;30.9;21.8;2.693;1.438;0.799;2.277;0.000;1.096;10885
B516DA;2015/03/01 01:03:34;10885;92;31.6;22.0;2.641;1.438;0.835;2.277;0.000;1.087;10886
B516DA;2015/03/01 01:03:44;10886;82;31.9;21.7;2.758;1.429;0.835;2.225;0.000;1.106;10887
B516DA;2015/03/01 01:03:54;10887;83;30.3;21.8;2.629;1.429;0.803;2.225;0.000;1.070;10888
B516DA;2015/03/01 01:04:04;10888;93;26.1;22.2;2.632;1.454;0.803;2.225;0.003;1.099;10889
B516DA;2015/03/01 01:04:14;10889;85;30.9;21.8;2.806;1.454;0.851;2.225;0.003;1.077;10890
B516DA;2015/03/01 01:04:24;10890;87;26.4;21.3;2.693;1.441;0.851;2.290;0.003;1.093;10891
B516DA;2015/03/01 01:04:34;10891;79;30.3;22.2;2.841;1.441;0.803;2.290;0.003;1.112;10892
B516DA;2015/03/01 01:04:44;10892;92;25.8;21.8;2.648;1.467;0.803;2.290;0.000;1.132;10893
B516DA;2015/03/01 01:04:54;10893;86;29.3;22.0;2.629;1.467;0.816;2.290;0.000;1.112;10894
B516DA;2015/03/01 01:05:04;10894;88;26.1;21.8;2.658;1.454;0.816;2.258;0.000;1.083;10895
B516DA;2015/03/01 01:05:14;10895;85;30.3;21.1;2.696;1.454;0.812;2.258;0.000;1.074;10896
B516DA;2015/03/01 01:05:24;10896;88;27.4;21.1;2.819;1.474;0.812;2.258;0.000;1.070;10897
B516DA;2015/03/01 01:05:34;10897;85;25.1;21.8;2.696;1.474;0.799;2.258;0.000;1.090;10898
B516DA;2015/03/01 01:05:44;10898;90;30.3;21.8;2.699;1.454;0.799;2.206;0.000;1.099;10899
B516DA;2015/03/01 01:05:54;10899;89;28.7;22.2;2.835;1.454;0.799;2.206;0.000;1.077;10900
B516DA;2015/03/01 01:06:04;10900;90;31.9;22.0;2.625;1.438;0.799;2.206;0.025;1.061;10901
B516DA;2015/03/01 01:06:14;10901;80;26.7;22.2;2.812;1.438;0.803;2.206;0.025;1.048;10902
B516DA;2015/03/01 01:06:24;10902;77;25.4;22.7;2.641;1.464;0.803;2.216;0.025;1.112;10903
B516DA;2015/03/01 01:06:34;10903;85;29.6;22.2;2.635;1.464;0.822;2.216;0.025;1.087;10904
B516DA;2015/03/01 01:06:44;10904;79;31.2;22.4;2.645;1.467;0.822;2.216;0.000;1.070;10905
B516DA;2015/03/01 01:06:54;10905;81;28.0;21.8;2.754;1.467;0.822;2.216;0.000;1.061;10906
B516DA;2015/03/01 01:07:04;10906;85;30.3;21.8;2.619;1.435;0.822;2.222;0.000;1.067;10907
B516DA;2015/03/01 01:07:14;10907;88;28.3;21.7;2.625;1.435;0.803;2.222;0.000;1.080;10908
B516DA;2015/03/01 01:07:24;10908;83;28.3;22.2;2.629;1.448;0.803;2.222;0.022;1.099;10909
B516DA;2015/03/01 01:07:34;10909;83;28.0;22.0;2.619;1.448;0.858;2.222;0.022;1.109;10910
B516DA;2015/03/01 01:07:44;10910;77;26.7;21.3;2.638;1.451;0.858;2.248;0.022;1.087;10911
B516DA;2015/03/01 01:07:54;10911;77;29.6;22.2;2.706;1.451;0.806;2.248;0.022;1.070;10912
B516DA;2015/03/01 01:08:04;10912;83;25.8;22.2;2.641;1.474;0.806;2.248;0.000;1.070;10913
B516DA;2015/03/01 01:08:14;10913;81;31.9;22.0;2.699;1.474;0.854;2.248;0.000;1.077;10914
B516DA;2015/03/01 01:08:24;10914;93;29.6;21.5;2.787;1.432;0.854;2.270;0.000;1.074;10915
B516DA;2015/03/01 01:08:34;10915;88;27.0;22.2;2.780;1.432;0.854;2.270;0.000;1.090;10916
B516DA;2015/03/01 01:08:44;10916;83;27.7;21.7;2.770;1.474;0.854;2.270;0.000;1.077;10917
B516DA;2015/03/01 01:08:54;10917;92;26.7;22.0;2.661;1.474;0.829;2.270;0.000;1.083;10918
B516DA;2015/03/01 01:09:04;10918;82;29.0;22.0;2.651;1.441;0.829;2.267;0.000;1.090;10919
B516DA;2015/03/01 01:09:14;10919;85;26.4;22.0;2.667;1.441;0.854;2.267;0.000;1.070;10920
B516DA;2015/03/01 01:09:24;10920;73;25.4;22.2;2.690;1.445;0.854;2.267;0.003;1.087;10921
B516DA;2015/03/01 01:09:34;10921;75;25.1;22.2;2.680;1.445;0.858;2.267;0.003;1.083;10922
B516DA;2015/03/01 01:09:44;10922;80;27.0;21.8;2.635;1.432;0.858;2.254;0.003;1.070;10923
B516DA;2015/03/01 01:09:54;10923;93;29.6;22.4;2.632;1.432;0.812;2.254;0.003;1.077;10924
B516DA;2015/03/01 01:10:04;10924;89;30.3;21.8;2.616;1.477;0.812;2.254;0.009;1.106;10925
B516DA;2015/03/01 01:10:14;10925;73;26.1;22.4;2.732;1.477;0.806;2.254;0.009;1.064;10926
B516DA;2015/03/01 01:10:24;10926;92;26.1;22.9;2.777;1.438;0.806;2.299;0.009;1.090;10927
B516DA;2015/03/01 01:10:34;10927;90;30.0;22.2;2.696;1.438;0.806;2.299;0.009;1.083;10928
B516DA;2015/03/01 01:10:44;10928;80;29.6;21.7;2.812;1.461;0.806;2.299;0.009;1.096;10929
B516DA;2015/03/01 01:10:54;10929;86;25.1;22.4;2.670;1.461;0.806;2.299;0.009;1.119;10930
B516DA;2015/03/01 01:11:04;10930;93;30.9;21.8;2.825;1.480;0.806;2.264;0.009;1.083;10931
B516DA;2015/03/01 01:11:14;10931;86;32.9;22.5;2.625;1.480;0.799;2.264;0.009;1.077;10932
B516DA;2015/03/01 01:11:24;10932;87;26.7;21.7;2.629;1.435;0.799;2.264;0.000;1.132;10933
B516DA;2015/03/01 01:11:34;10933;85;29.3;21.7;2.619;1.435;0.806;2.264;0.000;1.103;10934
B516DA;2015/03/01 01:11:44;10934;88;26.4;21.7;2.625;1.441;0.806;2.270;0.000;1.132;10935
B516DA;2015/03/01 01:11:54;10935;85;28.7;22.2;2.835;1.441;0.825;2.270;0.000;1.141;10936
B516DA;2015/03/01 01:12:04;10936;86;28.3;22.5;2.632;1.451;0.825;2.270;0.003;1.106;10937
B516DA;2015/03/01 01:12:14;10937;91;30.9;21.7;2.619;1.451;0.799;2.270;0.003;1.093;10938
B516DA;2015/03/01 01:12:24;10938;78;28.3;22.5;2.625;1.451;0.799;2.306;0.003;1.132;10939
B516DA;2015/03/01 01:12:34;10939;88;29.6;22.2;2.635;1.451;0.832;2.306;0.003;1.145;10940
B516DA;2015/03/01 01:12:44;10940;83;27.7;22.4;2.625;1.432;0.832;2.306;0.000;1.083;10941
B516DA;2015/03/01 01:12:54;10941;92;26.1;22.5;2.754;1.432;0.851;2.306;0.000;1.106;10942
B516DA;2015/03/01 01:13:04;10942;83;26.7;21.7;2.735;1.451;0.851;2.238;0.000;1.103;10943
B516DA;2015/03/01 01:13:14;10943;84;30.0;22.4;2.819;1.451;0.816;2.238;0.000;1.096;10944
B516DA;2015/03/01 01:13:24;10944;93;32.2;22.0;2.619;1.432;0.816;2.238;0.003;1.099;10945
B516DA;2015/03/01 01:13:34;10945;76;32.2;22.0;2.629;1.432;0.799;2.238;0.003;1.138;10946
B516DA;2015/03/01 01:13:44;10946;80;26.4;21.7;2.629;1.451;0.799;2.280;0.003;1.096;10947
B516DA;2015/03/01 01:13:54;10947;87;28.7;21.8;2.829;1.451;0.848;2.280;0.003;1.151;10948
B516DA;2015/03/01 01:14:04;10948;92;28.7;22.2;2.764;1.432;0.848;2.280;0.009;1.090;10949
B516DA;2015/03/01 01:14:14;10949;90;29.6;21.8;2.838;1.432;0.851;2.280;0.009;1.099;10950
B516DA;2015/03/01 01:14:24;10950;86;33.2;22.2;2.774;1.441;0.851;2.235;0.009;1.090;10951
B516DA;2015/03/01 01:14:34;10951;79;25.4;22.4;2.693;1.441;0.799;2.235;0.009;1.083;10952
B516DA;2015/03/01 01:14:44;10952;89;28.3;22.2;2.629;1.441;0.799;2.235;0.016;1.096;10953
B516DA;2015/03/01 01:14:54;10953;92;30.0;22.0;2.632;1.441;0.806;2.235;0.016;1.103;10954
B516DA;2015/03/01 01:15:04;10954;88;30.0;22.4;2.612;1.467;0.806;2.261;0.016;1.112;10955
B516DA;2015/03/01 01:15:14;10955;84;31.2;22.0;2.629;1.467;0.806;2.261;0.016;1.070;10956
B516DA;2015/03/01 01:15:24;10956;85;31.6;22.4;2.622;1.445;0.806;2.261;0.058;1.083;10957
B516DA;2015/03/01 01:15:34;10957;78;29.6;22.7;2.758;1.445;0.799;2.261;0.058;1.099;10958
B516DA;2015/03/01 01:15:44;10958;92;29.3;22.5;2.712;1.438;0.799;2.219;0.058;1.077;10959
B516DA;2015/03/01 01:15:54;10959;89;29.3;22.7;2.819;1.438;0.861;2.219;0.058;1.064;10960
B516DA;2015/03/01 01:16:04;10960;83;28.7;22.2;2.654;1.480;0.861;2.219;0.000;1.109;10961
B516DA;2015/03/01 01:16:14;10961;85;32.5;22.2;2.635;1.480;0.854;2.219;0.000;1.061;10962
B516DA;2015/03/01 01:16:24;10962;87;29.6;22.4;2.622;1.467;0.854;2.235;0.000;1.058;10963
B516DA;2015/03/01 01:16:34;10963;72;25.4;22.4;2.780;1.467;0.835;2.235;0.000;1.099;10964
B516DA;2015/03/01 01:16:44;10964;84;25.8;22.7;2.670;1.448;0.835;2.235;0.000;1.099;10965
B516DA;2015/03/01 01:16:54;10965;85;26.1;22.2;2.838;1.448;0.858;2.235;0.000;1.087;10966
B516DA;2015/03/01 01:17:04;10966;88;29.0;22.5;2.674;1.441;0.858;2.251;0.000;1.083;10967
B516DA;2015/03/01 01:17:14;10967;82;25.1;22.5;2.712;1.441;0.825;2.251;0.000;1.099;10968
B516DA;2015/03/01 01:17:24;10968;86;26.4;22.9;2.638;1.451;0.825;2.251;0.006;1.093;10969
B516DA;2015/03/01 01:17:34;10969;80;30.3;22.7;2.619;1.451;0.816;2.251;0.006;1.070;10970
B516DA;2015/03/01 01:17:44;10970;88;30.9;22.4;2.825;1.493;0.816;2.267;0.006;1.090;10971
B516DA;2015/03/01 01:17:54;10971;82;32.9;22.4;2.819;1.493;0.816;2.267;0.006;1.077;10972
B516DA;2015/03/01 01:18:04;10972;78;33.2;22.0;2.793;1.451;0.816;2.267;0.000;1.083;10973
B516DA;2015/03/01 01:18:14;10973;85;26.1;22.4;2.825;1.451;0.825;2.267;0.000;1.112;10974
B516DA;2015/03/01 01:18:24;10974;83;27.7;22.5;2.629;1.480;0.825;2.287;0.000;1.119;10975
B516DA;2015/03/01 01:18:34;10975;79;27.0;22.5;2.838;1.480;0.819;2.287;0.000;1.061;10976
B516DA;2015/03/01 01:18:44;10976;81;26.1;22.5;2.632;1.490;0.819;2.287;0.080;1.077;10977
B516DA;2015/03/01 01:18:54;10977;83;30.6;22.7;2.635;1.490;0.816;2.287;0.080;1.045;10978
B516DA;2015/03/01 01:19:04;10978;86;25.4;22.7;2.641;1.480;0.816;2.203;0.080;1.087;10979
B516DA;2015/03/01 01:19:14;10979;80;27.4;22.5;2.812;1.480;0.816;2.203;0.080;1.099;10980
B516DA;2015/03/01 01:19:24;10980;88;31.6;22.4;2.616;1.454;0.816;2.203;0.067;1.067;10981
B516DA;2015/03/01 01:19:34;10981;87;28.7;22.4;2.625;1.454;0.861;2.203;0.067;1.093;10982
B516DA;2015/03/01 01:19:44;10982;77;30.6;22.2;2.812;1.451;0.861;2.241;0.067;1.096;10983
B516DA;2015/03/01 01:19:54;10983;82;30.9;21.7;2.661;1.451;0.812;2.241;0.067;1.077;10984
B516DA;2015/03/01 01:20:04;10984;79;30.9;22.7;2.638;1.464;0.812;2.241;0.016;1.099;10985
B516DA;2015/03/01 01:20:14;10985;89;25.4;22.4;2.699;1.464;0.819;2.241;0.016;1.061;10986
B516DA;2015/03/01 01:20:24;10986;93;26.7;22.5;2.799;1.445;0.819;2.258;0.016;1.061;10987
B516DA;2015/03/01 01:20:34;10987;86;30.0;22.4;2.741;1.445;0.812;2.258;0.016;1.093;10988
B516DA;2015/03/01 01:20:44;10988;84;31.9;22.4;2.625;1.445;0.812;2.258;0.000;1.070;10989
B516DA;2015/03/01 01:20:54;10989;77;28.3;22.5;2.616;1.445;0.845;2.258;0.000;1.080;10990
B516DA;2015/03/01 01:21:04;10990;87;26.1;22.4;2.706;1.448;0.845;2.248;0.000;1.067;10991
B516DA;2015/03/01 01:21:14;10991;88;25.4;22.4;2.822;1.448;0.861;2.248;0.000;1.099;10992
B516DA;2015/03/01 01:21:24;10992;81;28.7;22.5;2.796;1.448;0.861;2.248;0.000;1.070;10993
B516DA;2015/03/01 01:21:34;10993;83;29.3;22.9;2.838;1.448;0.829;2.248;0.000;1.099;10994
B516DA;2015/03/01 01:21:44;10994;82;30.3;22.2;2.612;1.490;0.829;2.235;0.000;1.090;10995
B516DA;2015/03/01 01:21:54;10995;85;26.1;22.7;2.825;1.490;0.812;2.235;0.000;1.103;10996
B516DA;2015/03/01 01:22:04;10996;77;29.3;22.5;2.654;1.445;0.812;2.235;0.006;1.112;10997
B516DA;2015/03/01 01:22:14;10997;82;30.3;22.0;2.648;1.445;0.809;2.235;0.006;1.077;10998
B516DA;2015/03/01 01:22:24;10998;93;30.9;22.7;2.629;1.474;0.809;2.277;0.006;1.106;10999
B516DA;2015/03/01 01:22:34;10999;82;29.3;22.7;2.799;1.474;0.812;2.277;0.006;1.099;11000
B516DA;2015/03/01 01:22:44;11000;79;30.6;22.4;2.616;1.441;0.812;2.277;0.035;1.070;11001
B516DA;2015/03/01 01:22:54;11001;83;27.4;22.5;2.806;1.441;0.861;2.277;0.035;1.074;11002
B516DA;2015/03/01 01:23:04;11002;86;31.9;22.5;2.619;1.483;0.861;2.219;0.035;1.109;11003
B516DA;2015/03/01 01:23:14;11003;83;26.1;22.4;2.729;1.483;0.819;2.219;0.035;1.077;11004
B516DA;2015/03/01 01:23:24;11004;74;27.7;22.2;2.641;1.458;0.819;2.219;0.000;1.074;11005
B516DA;2015/03/01 01:23:34;11005;80;29.3;22.4;2.648;1.458;0.816;2.219;0.000;1.090;11006
B516DA;2015/03/01 01:23:44;11006;86;30.9;22.7;2.687;1.483;0.816;2.283;0.000;1.093;11007
B516DA;2015/03/01 01:23:54;11007;84;30.9;22.4;2.625;1.483;0.867;2.283;0.000;1.099;11008
B516DA;2015/03/01 01:24:04;11008;84;30.0;22.7;2.641;1.493;0.867;2.283;0.000;1.090;11009
B516DA;2015/03/01 01:24:14;11009;88;27.7;22.9;2.799;1.493;0.867;2.283;0.000;1.099;11010
B516DA;2015/03/01 01:24:24;11010;90;30.6;22.5;2.825;1.448;0.867;2.264;0.000;1.070;11011
B516DA;2015/03/01 01:24:34;11011;91;25.4;22.5;2.825;1.448;0.822;2.264;0.000;1.074;11012
B516DA;2015/03/01 01:24:44;11012;78;25.8;22.9;2.648;1.480;0.822;2.264;0.000;1.109;11013
B516DA;2015/03/01 01:24:54;11013;86;27.7;22.5;2.654;1.480;0.835;2.264;0.000;1.064;11014
B516DA;2015/03/01 01:25:04;11014;75;30.6;22.9;2.712;1.480;0.835;2.212;0.000;1.090;11015
B516DA;2015/03/01 01:25:14;11015;90;30.9;22.7;2.629;1.480;0.819;2.212;0.000;1.077;11016
B516DA;2015/03/01 01:25:24;11016;88;26.4;22.7;2.712;1.458;0.819;2.212;0.000;1.083;11017
B516DA;2015/03/01 01:25:34;11017;83;27.4;22.9;2.812;1.458;0.867;2.212;0.000;1.099;11018
B516DA;2015/03/01 01:25:44;11018;88;28.7;22.5;2.774;1.467;0.867;2.203;0.000;1.096;11019
B516DA;2015/03/01 01:25:54;11019;91;28.3;23.1;2.825;1.467;0.819;2.203;0.000;1.070;11020
B516DA;2015/03/01 01:26:04;11020;90;28.3;22.9;2.629;1.451;0.819;2.203;0.058;1.093;11021
B516DA;2015/03/01 01:26:14;11021;85;30.3;22.7;2.632;1.451;0.870;2.203;0.058;1.070;11022
B516DA;2015/03/01 01:26:24;11022;87;25.8;23.4;2.651;1.451;0.870;2.254;0.058;1.116;11023
B516DA;2015/03/01 01:26:34;11023;78;28.7;22.9;2.625;1.451;0.870;2.254;0.058;1.090;11024
B516DA;2015/03/01 01:26:44;11024;84;29.3;22.5;2.783;1.464;0.870;2.254;0.000;1.083;11025
B516DA;2015/03/01 01:26:54;11025;84;29.3;22.7;2.841;1.464;0.816;2.254;0.000;1.122;11026
B516DA;2015/03/01 01:27:04;11026;92;30.6;22.4;2.812;1.477;0.816;2.280;0.000;1.103;11027
B516DA;2015/03/01 01:27:14;11027;78;32.2;22.7;2.690;1.477;0.874;2.280;0.000;1.103;11028
B516DA;2015/03/01 01:27:24;11028;86;26.7;23.2;2.632;1.458;0.874;2.280;0.000;1.112;11029
B516DA;2015/03/01 01:27:34;11029;89;27.4;22.5;2.625;1.458;0.819;2.280;0.000;1.141;11030
B516DA;2015/03/01 01:27:44;11030;89;25.8;22.9;2.641;1.451;0.819;2.303;0.000;1.106;11031
B516DA;2015/03/01 01:27:54;11031;85;30.9;22.4;2.629;1.451;0.838;2.303;0.000;1.145;11032
B516DA;2015/03/01 01:28:04;11032;90;25.8;22.9;2.654;1.470;0.838;2.303;0.009;1.106;11033
B516DA;2015/03/01 01:28:14;11033;89;28.3;22.5;2.748;1.470;0.829;2.303;0.009;1.093;11034
B516DA;2015/03/01 01:28:24;11034;86;28.0;22.4;2.629;1.470;0.829;2.316;0.009;1.132;11035
B516DA;2015/03/01 01:28:34;11035;85;30.9;21.8;2.641;1.470;0.819;2.316;0.009;1.116;11036
B516DA;2015/03/01 01:28:44;11036;88;31.6;22.7;2.825;1.464;0.819;2.316;0.025;1.129;11037
B516DA;2015/03/01 01:28:54;11037;91;27.0;22.5;2.838;1.464;0.816;2.316;0.025;1.135;11038
B516DA;2015/03/01 01:29:04;11038;86;30.0;23.1;2.625;1.451;0.816;2.309;0.025;1.109;11039
B516DA;2015/03/01 01:29:14;11039;91;29.3;22.5;2.835;1.451;0.841;2.309;0.025;1.119;11040
B516DA;2015/03/01 01:29:24;11040;78;26.7;22.9;2.638;1.477;0.841;2.309;0.061;1.148;11041
B516DA;2015/03/01 01:29:34;11041;90;27.7;22.2;2.648;1.477;0.812;2.309;0.061;1.135;11042
B516DA;2015/03/01 01:29:44;11042;83;33.2;22.5;2.835;1.477;0.812;2.348;0.061;1.138;11043
B516DA;2015/03/01 01:29:54;11043;85;32.2;22.0;2.629;1.477;0.816;2.348;0.061;1.116;11044
B516DA;2015/03/01 01:30:04;11044;82;32.5;22.7;2.816;1.451;0.816;2.348;0.000;1.129;11045
B516DA;2015/03/01 01:30:14;11045;91;27.0;22.5;2.658;1.451;0.838;2.348;0.000;1.119;11046
B516DA;2015/03/01 01:30:24;11046;87;29.6;22.7;2.612;1.458;0.838;2.264;0.000;1.109;11047
B516DA;2015/03/01 01:30:34;11047;86;26.4;22.9;2.816;1.458;0.816;2.264;0.000;1.132;11048
B516DA;2015/03/01 01:30:44;11048;88;31.9;22.7;2.809;1.467;0.816;2.264;0.000;1.106;11049
B516DA;2015/03/01 01:30:54;11049;85;29.3;23.1;2.838;1.467;0.848;2.264;0.000;1.122;11050
B516DA;2015/03/01 01:31:04;11050;80;30.0;23.1;2.629;1.483;0.848;2.290;0.000;1.119;11051
B516DA;2015/03/01 01:31:14;11051;80;29.6;22.5;2.632;1.483;0.832;2.290;0.000;1.129;11052
B516DA;2015/03/01 01:31:24;11052;87;26.1;22.2;2.703;1.474;0.832;2.290;0.000;1.145;11053
B516DA;2015/03/01 01:31:34;11053;92;28.0;23.2;2.638;1.474;0.812;2.290;0.000;1.106;11054
B516DA;2015/03/01 01:31:44;11054;84;26.1;22.4;2.674;1.487;0.812;2.277;0.000;1.112;11055
B516DA;2015/03/01 01:31:54;11055;88;25.4;22.5;2.825;1.487;0.835;2.277;0.000;1.135;11056
B516DA;2015/03/01 01:32:04;11056;91;32.2;22.5;2.622;1.467;0.835;2.277;0.003;1.103;11057
B516DA;2015/03/01 01:32:14;11057;91;33.5;23.1;2.629;1.467;0.812;2.277;0.003;1.145;11058
B516DA;2015/03/01 01:32:24;11058;79;29.6;22.9;2.806;1.458;0.812;2.270;0.003;1.106;11059
B516DA;2015/03/01 01:32:34;11059;83;32.9;22.9;2.835;1.458;0.812;2.270;0.003;1.083;11060
B516DA;2015/03/01 01:32:44;11060;83;30.9;23.1;2.838;1.487;0.812;2.270;0.003;1.103;11061
B516DA;2015/03/01 01:32:54;11061;79;28.7;22.9;2.629;1.487;0.812;2.270;0.003;1.103;11062
B516DA;2015/03/01 01:33:04;11062;91;30.9;23.1;2.635;1.470;0.812;2.274;0.003;1.125;11063
B516DA;2015/03/01 01:33:14;11063;86;25.8;23.1;2.712;1.470;0.835;2.274;0.003;1.109;11064
B516DA;2015/03/01 01:33:24;11064;93;25.8;23.6;2.641;1.454;0.835;2.274;0.000;1.145;11065
B516DA;2015/03/01 01:33:34;11065;84;30.3;23.2;2.622;1.454;0.867;2.274;0.000;1.106;11066
B516DA;2015/03/01 01:33:44;11066;93;30.6;23.1;2.819;1.477;0.867;2.309;0.000;1.125;11067
B516DA;2015/03/01 01:33:54;11067;80;27.4;23.1;2.838;1.477;0.816;2.309;0.000;1.109;11068
B516DA;2015/03/01 01:34:04;11068;82;30.6;23.1;2.622;1.477;0.816;2.309;0.000;1.138;11069
B516DA;2015/03/01 01:34:14;11069;91;26.1;22.7;2.722;1.477;0.816;2.309;0.000;1.138;11070
B516DA;2015/03/01 01:34:24;11070;78;25.8;23.4;2.745;1.487;0.816;2.303;0.000;1.148;11071
B516DA;2015/03/01 01:34:34;11071;79;26.7;22.7;2.661;1.487;0.854;2.303;0.000;1.109;11072
B516DA;2015/03/01 01:34:44;11072;90;28.3;22.5;2.745;1.483;0.854;2.303;0.000;1.135;11073
B516DA;2015/03/01 01:34:54;11073;88;26.1;22.9;2.838;1.483;0.812;2.303;0.000;1.109;11074
B516DA;2015/03/01 01:35:04;11074;88;29.6;22.5;2.612;1.483;0.812;2.251;0.000;1.099;11075
B516DA;2015/03/01 01:35:14;11075;83;29.3;22.7;2.838;1.483;0.861;2.251;0.000;1.119;11076
B516DA;2015/03/01 01:35:24;11076;92;27.4;23.2;2.719;1.470;0.861;2.251;0.000;1.132;11077
B516DA;2015/03/01 01:35:34;11077;89;30.0;22.0;2.680;1.470;0.816;2.251;0.000;1.119;11078
B516DA;2015/03/01 01:35:44;11078;86;25.1;23.4;2.638;1.464;0.816;2.248;0.000;1.119;11079
B516DA;2015/03/01 01:35:54;11079;80;29.3;22.5;2.635;1.464;0.848;2.248;0.000;1.077;11080
B516DA;2015/03/01 01:36:04;11080;93;26.4;22.7;2.712;1.467;0.848;2.248;0.003;1.096;11081
B516DA;2015/03/01 01:36:14;11081;87;28.7;23.2;2.832;1.467;0.819;2.248;0.003;1.074;11082
B516DA;2015/03/01 01:36:24;11082;88;25.4;22.9;2.670;1.493;0.819;2.229;0.003;1.070;11083
B516DA;2015/03/01 01:36:34;11083;82;25.4;23.2;2.741;1.493;0.841;2.229;0.003;1.083;11084
B516DA;2015/03/01 01:36:44;11084;88;29.6;23.1;2.612;1.483;0.841;2.229;0.029;1.080;11085
B516DA;2015/03/01 01:36:54;11085;90;25.4;23.2;2.741;1.483;0.819;2.229;0.029;1.054;11086
B516DA;2015/03/01 01:37:04;11086;90;25.8;23.2;2.661;1.458;0.819;2.164;0.029;1.106;11087
B516DA;2015/03/01 01:37:14;11087;84;30.0;23.2;2.819;1.458;0.822;2.164;0.029;1.109;11088
B516DA;2015/03/01 01:37:24;11088;88;27.4;22.5;2.825;1.487;0.822;2.164;0.041;1.093;11089
B516DA;2015/03/01 01:37:34;11089;84;31.2;22.9;2.658;1.487;0.848;2.164;0.041;1.061;11090
B516DA;2015/03/01 01:37:44;11090;81;29.6;23.4;2.812;1.467;0.848;2.164;0.041;1.070;11091
B516DA;2015/03/01 01:37:54;11091;78;26.7;23.6;2.793;1.467;0.870;2.164;0.041;1.077;11092
B516DA;2015/03/01 01:38:04;11092;92;31.9;23.1;2.625;1.470;0.870;2.164;0.009;1.064;11093
B516DA;2015/03/01 01:38:14;11093;83;26.1;23.2;2.741;1.470;0.880;2.164;0.009;1.099;11094
B516DA;2015/03/01 01:38:24;11094;79;27.7;23.6;2.625;1.461;0.880;2.209;0.009;1.090;11095
B516DA;2015/03/01 01:38:34;11095;76;29.6;23.6;2.819;1.461;0.822;2.209;0.009;1.087;11096
B516DA;2015/03/01 01:38:44;11096;91;25.4;23.6;2.638;1.509;0.822;2.209;0.000;1.087;11097
B516DA;2015/03/01 01:38:54;11097;85;26.1;23.4;2.738;1.509;0.867;2.209;0.000;1.083;11098
B516DA;2015/03/01 01:39:04;11098;90;25.8;23.4;2.638;1.470;0.867;2.254;0.000;1.109;11099
B516DA;2015/03/01 01:39:14;11099;85;26.1;23.1;2.729;1.470;0.867;2.254;0.000;1.119;11100
B516DA;2015/03/01 01:39:24;11100;92;30.3;23.2;2.661;1.496;0.867;2.254;0.016;1.129;11101
B516DA;2015/03/01 01:39:34;11101;79;30.0;22.7;2.658;1.496;0.877;2.254;0.016;1.109;11102
B516DA;2015/03/01 01:39:44;11102;92;32.5;22.4;2.832;1.474;0.877;2.258;0.016;1.083;11103
B516DA;2015/03/01 01:39:54;11103;78;29.3;22.9;2.838;1.474;0.848;2.258;0.016;1.106;11104
B516DA;2015/03/01 01:40:04;11104;90;25.4;23.6;2.641;1.470;0.848;2.258;0.022;1.077;11105
B516DA;2015/03/01 01:40:14;11105;83;28.7;23.2;2.619;1.470;0.832;2.258;0.022;1.087;11106
B516DA;2015/03/01 01:40:24;11106;89;28.3;22.7;2.832;1.464;0.832;2.290;0.022;1.109;11107
B516DA;2015/03/01 01:40:34;11107;91;32.5;22.9;2.629;1.464;0.880;2.290;0.022;1.096;11108
B516DA;2015/03/01 01:40:44;11108;90;28.3;23.2;2.625;1.506;0.880;2.290;0.000;1.093;11109
B516DA;2015/03/01 01:40:54;11109;87;30.0;22.7;2.793;1.506;0.854;2.290;0.000;1.112;11110
B516DA;2015/03/01 01:41:04;11110;85;29.3;22.7;2.783;1.483;0.854;2.277;0.000;1.103;11111
B516DA;2015/03/01 01:41:14;11111;81;25.4;23.1;2.712;1.483;0.845;2.277;0.000;1.112;11112
B516DA;2015/03/01 01:41:24;11112;84;29.6;23.2;2.629;1.474;0.845;2.277;0.016;1.125;11113
B516DA;2015/03/01 01:41:34;11113;83;28.0;23.2;2.641;1.474;0.854;2.277;0.016;1.119;11114
B516DA;2015/03/01 01:41:44;11114;91;31.6;23.6;2.622;1.458;0.854;2.199;0.016;1.119;11115
B516DA;2015/03/01 01:41:54;11115;84;26.1;22.9;2.735;1.458;0.877;2.199;0.016;1.096;11116
B516DA;2015/03/01 01:42:04;11116;86;25.8;23.4;2.751;1.500;0.877;2.199;0.000;1.083;11117
B516DA;2015/03/01 01:42:14;11117;85;26.4;23.2;2.767;1.500;0.841;2.199;0.000;1.093;11118
B516DA;2015/03/01 01:42:24;11118;88;30.0;23.1;2.696;1.458;0.841;2.235;0.000;1.106;11119
B516DA;2015/03/01 01:42:34;11119;88;30.3;23.2;2.803;1.458;0.822;2.235;0.000;1.106;11120
B516DA;2015/03/01 01:42:44;11120;81;32.9;23.4;2.799;1.458;0.822;2.235;0.003;1.106;11121
B516DA;2015/03/01 01:42:54;11121;88;26.7;23.1;2.774;1.458;0.832;2.235;0.003;1.099;11122
B516DA;2015/03/01 01:43:04;11122;87;26.1;22.7;2.796;1.483;0.832;2.193;0.003;1.080;11123
B516DA;2015/03/01 01:43:14;11123;86;30.6;22.9;2.670;1.483;0.819;2.193;0.003;1.077;11124
B516DA;2015/03/01 01:43:24;11124;90;31.9;23.4;2.822;1.487;0.819;2.193;0.003;1.090;11125
B516DA;2015/03/01 01:43:34;11125;91;29.6;23.6;2.629;1.487;0.819;2.193;0.003;1.099;11126
B516DA;2015/03/01 01:43:44;11126;77;29.6;23.4;2.799;1.490;0.819;2.203;0.003;1.093;11127
B516DA;2015/03/01 01:43:54;11127;84;26.4;23.2;2.767;1.490;0.819;2.203;0.003;1.103;11128
B516DA;2015/03/01 01:44:04;11128;84;25.4;23.6;2.764;1.467;0.819;2.203;0.000;1.077;11129
B516DA;2015/03/01 01:44:14;11129;85;25.1;23.2;2.738;1.467;0.819;2.203;0.000;1.067;11130
B516DA;2015/03/01 01:44:24;11130;81;27.7;23.2;2.674;1.483;0.819;2.190;0.000;1.090;11131
B516DA;2015/03/01 01:44:34;11131;75;30.3;22.7;2.638;1.483;0.841;2.190;0.000;1.077;11132
B516DA;2015/03/01 01:44:44;11132;85;26.7;23.1;2.738;1.487;0.841;2.190;0.000;1.090;11133
B516DA;2015/03/01 01:44:54;11133;84;25.1;23.1;2.674;1.487;0.838;2.190;0.000;1.093;11134
B516DA;2015/03/01 01:45:04;11134;87;29.6;23.7;2.625;1.461;0.838;2.222;0.000;1.080;11135
B516DA;2015/03/01 01:45:14;11135;84;25.1;23.7;2.806;1.461;0.874;2.222;0.000;1.080;11136
B516DA;2015/03/01 01:45:24;11136;87;26.7;23.4;2.709;1.480;0.874;2.222;0.000;1.087;11137
B516DA;2015/03/01 01:45:34;11137;90;28.7;23.7;2.648;1.480;0.861;2.222;0.000;1.103;11138
B516DA;2015/03/01 01:45:44;11138;91;30.0;23.4;2.616;1.506;0.861;2.180;0.000;1.074;11139
B516DA;2015/03/01 01:45:54;11139;86;25.4;23.2;2.825;1.506;0.822;2.180;0.000;1.070;11140
B516DA;2015/03/01 01:46:04;11140;77;29.0;23.1;2.787;1.461;0.822;2.180;0.061;1.083;11141
B516DA;2015/03/01 01:46:14;11141;81;30.0;23.7;2.738;1.461;0.822;2.180;0.061;1.112;11142
B516DA;2015/03/01 01:46:24;11142;87;26.4;22.9;2.674;1.506;0.822;2.222;0.061;1.090;11143
B516DA;2015/03/01 01:46:34;11143;83;28.0;23.7;2.629;1.506;0.845;2.222;0.061;1.074;11144
B516DA;2015/03/01 01:46:44;11144;90;30.9;23.7;2.622;1.493;0.845;2.222;0.000;1.106;11145
B516DA;2015/03/01 01:46:54;11145;78;26.7;23.2;2.767;1.493;0.825;2.222;0.000;1.067;11146
B516DA;2015/03/01 01:47:04;11146;83;32.5;22.7;2.777;1.461;0.825;2.232;0.000;1.096;11147
B516DA;2015/03/01 01:47:14;11147;81;27.4;23.4;2.661;1.461;0.883;2.232;0.000;1.074;11148
B516DA;2015/03/01 01:47:24;11148;73;31.6;23.7;2.612;1.477;0.883;2.232;0.000;1.087;11149
B516DA;2015/03/01 01:47:34;11149;74;27.0;23.2;2.822;1.477;0.829;2.232;0.000;1.096;11150
B516DA;2015/03/01 01:47:44;11150;77;26.1;22.9;2.806;1.467;0.829;2.248;0.000;1.070;11151
B516DA;2015/03/01 01:47:54;11151;79;26.4;23.2;2.761;1.467;0.867;2.248;0.000;1.083;11152
B516DA;2015/03/01 01:48:04;11152;90;32.5;22.7;2.761;1.509;0.867;2.248;0.025;1.070;11153
B516DA;2015/03/01 01:48:14;11153;84;25.4;23.7;2.751;1.509;0.883;2.248;0.025;1.109;11154
B516DA;2015/03/01 01:48:24;11154;78;32.9;23.2;2.799;1.474;0.883;2.235;0.025;1.067;11155
B516DA;2015/03/01 01:48:34;11155;87;31.2;23.2;2.629;1.474;0.832;2.235;0.025;1.077;11156
B516DA;2015/03/01 01:48:44;11156;89;30.9;23.6;2.625;1.503;0.832;2.235;0.000;1.070;11157
B516DA;2015/03/01 01:48:54;11157;85;28.7;23.1;2.648;1.503;0.858;2.235;0.000;1.074;11158
B516DA;2015/03/01 01:49:04;11158;92;28.0;23.2;2.819;1.483;0.858;2.187;0.000;1.070;11159
B516DA;2015/03/01 01:49:14;11159;90;28.7;23.6;2.835;1.483;0.829;2.187;0.000;1.093;11160
B516DA;2015/03/01 01:49:24;11160;81;25.1;23.6;2.641;1.496;0.829;2.187;0.000;1.064;11161
B516DA;2015/03/01 01:49:34;11161;88;24.8;23.4;2.793;1.496;0.822;2.187;0.000;1.074;11162
B516DA;2015/03/01 01:49:44;11162;80;25.1;23.6;2.725;1.467;0.822;2.199;0.000;1.077;11163
B516DA;2015/03/01 01:49:54;11163;89;28.3;23.2;2.829;1.467;0.825;2.199;0.000;1.090;11164
B516DA;2015/03/01 01:50:04;11164;90;24.8;23.7;2.638;1.483;0.825;2.199;0.003;1.070;11165
B516DA;2015/03/01 01:50:14;11165;83;27.0;23.7;2.654;1.483;0.829;2.199;0.003;1.070;11166
B516DA;2015/03/01 01:50:24;11166;90;31.9;23.4;2.832;1.503;0.829;2.177;0.003;1.070;11167
B516DA;2015/03/01 01:50:34;11167;82;26.7;23.6;2.783;1.503;0.829;2.177;0.003;1.083;11168
B516DA;2015/03/01 01:50:44;11168;90;32.2;23.7;2.645;1.461;0.829;2.177;0.009;1.051;11169
B516DA;2015/03/01 01:50:54;11169;90;30.3;22.9;2.632;1.461;0.880;2.177;0.009;1.074;11170
B516DA;2015/03/01 01:51:04;11170;85;28.7;23.9;2.793;1.461;0.880;2.177;0.009;1.067;11171
B516DA;2015/03/01 01:51:14;11171;85;25.8;23.7;2.667;1.461;0.838;2.177;0.009;1.080;11172
B516DA;2015/03/01 01:51:24;11172;86;28.0;23.7;2.754;1.483;0.838;2.177;0.000;1.080;11173
B516DA;2015/03/01 01:51:34;11173;81;25.4;23.7;2.712;1.483;0.854;2.177;0.000;1.067;11174
B516DA;2015/03/01 01:51:44;11174;90;25.1;23.9;2.641;1.490;0.854;2.154;0.000;1.058;11175
B516DA;2015/03/01 01:51:54;11175;93;29.3;23.9;2.787;1.490;0.829;2.154;0.000;1.048;11176
B516DA;2015/03/01 01:52:04;11176;85;26.7;23.9;2.670;1.487;0.829;2.154;0.003;1.041;11177
B516DA;2015/03/01 01:52:14;11177;86;30.9;23.1;2.658;1.487;0.829;2.154;0.003;1.087;11178
B516DA;2015/03/01 01:52:24;11178;87;27.7;23.1;2.832;1.490;0.829;2.206;0.003;1.058;11179
B516DA;2015/03/01 01:52:34;11179;84;31.6;23.9;2.819;1.490;0.825;2.206;0.003;1.038;11180
B516DA;2015/03/01 01:52:44;11180;86;26.4;24.6;2.677;1.467;0.825;2.206;0.000;1.070;11181
B516DA;2015/03/01 01:52:54;11181;84;28.7;24.3;2.625;1.467;0.854;2.206;0.000;1.061;11182
B516DA;2015/03/01 01:53:04;11182;87;29.3;24.1;2.709;1.470;0.854;2.229;0.000;1.099;11183
B516DA;2015/03/01 01:53:14;11183;90;29.0;23.4;2.729;1.470;0.874;2.229;0.000;1.067;11184
B516DA;2015/03/01 01:53:24;11184;90;27.7;23.9;2.812;1.467;0.874;2.229;0.029;1.080;11185
B516DA;2015/03/01 01:53:34;11185;80;29.6;24.1;2.819;1.467;0.832;2.229;0.029;1.074;11186
B516DA;2015/03/01 01:53:44;11186;88;29.6;23.4;2.825;1.470;0.832;2.229;0.029;1.070;11187
B516DA;2015/03/01 01:53:54;11187;88;25.1;23.4;2.735;1.470;0.867;2.229;0.029;1.070;11188
B516DA;2015/03/01 01:54:04;11188;87;29.3;23.6;2.825;1.490;0.867;2.229;0.051;1.077;11189
B516DA;2015/03/01 01:54:14;11189;78;31.6;23.2;2.616;1.490;0.822;2.229;0.051;1.106;11190
B516DA;2015/03/01 01:54:24;11190;80;27.4;23.7;2.625;1.487;0.822;2.180;0.051;1.093;11191
B516DA;2015/03/01 01:54:34;11191;82;25.1;23.7;2.819;1.487;0.825;2.180;0.051;1.067;11192
B516DA;2015/03/01 01:54:44;11192;88;30.9;23.6;2.641;1.506;0.825;2.180;0.003;1.067;11193
B516DA;2015/03/01 01:54:54;11193;84;27.4;23.6;2.806;1.506;0.825;2.180;0.003;1.054;11194
B516DA;2015/03/01 01:55:04;11194;89;28.3;23.6;2.806;1.480;0.825;2.148;0.003;1.096;11195
B516DA;2015/03/01 01:55:14;11195;86;29.6;23.9;2.619;1.480;0.832;2.148;0.003;1.051;11196
B516DA;2015/03/01 01:55:24;11196;86;26.4;23.4;2.725;1.493;0.832;2.148;0.029;1.058;11197
B516DA;2015/03/01 01:55:34;11197;83;30.9;25.0;2.622;1.493;0.841;2.148;0.029;1.051;11198
B516DA;2015/03/01 01:55:44;11198;78;31.2;23.7;2.629;1.480;0.841;2.135;0.029;1.064;11199
B516DA;2015/03/01 01:55:54;11199;83;26.1;24.3;2.774;1.480;0.841;2.135;0.029;1.070;11200
B516DA;2015/03/01 01:56:04;11200;77;30.3;23.7;2.819;1.480;0.841;2.135;0.012;1.054;11201
B516DA;2015/03/01 01:56:14;11201;83;25.1;24.1;2.748;1.480;0.822;2.135;0.012;1.048;11202
B516DA;2015/03/01 01:56:24;11202;91;30.0;24.1;2.661;1.461;0.822;2.148;0.012;1.087;11203
B516DA;2015/03/01 01:56:34;11203;83;31.6;24.3;2.616;1.461;0.848;2.148;0.012;1.070;11204
B516DA;2015/03/01 01:56:44;11204;81;25.8;24.4;2.619;1.477;0.848;2.148;0.138;1.106;11205
B516DA;2015/03/01 01:56:54;11205;83;33.2;23.4;2.629;1.477;0.829;2.148;0.138;1.083;11206
B516DA;2015/03/01 01:57:04;11206;83;27.0;23.4;2.738;1.461;0.829;2.216;0.138;1.093;11207
B516DA;2015/03/01 01:57:14;11207;87;28.0;23.9;2.799;1.461;0.825;2.216;0.138;1.074;11208
B516DA;2015/03/01 01:57:24;11208;87;29.6;23.7;2.622;1.470;0.825;2.216;0.003;1.083;11209
B516DA;2015/03/01 01:57:34;11209;85;25.8;23.7;2.687;1.470;0.867;2.216;0.003;1.083;11210
B516DA;2015/03/01 01:57:44;11210;89;27.0;23.6;2.799;1.503;0.867;2.222;0.003;1.074;11211
B516DA;2015/03/01 01:57:54;11211;86;30.3;23.9;2.790;1.503;0.877;2.222;0.003;1.125;11212
B516DA;2015/03/01 01:58:04;11212;79;30.3;23.4;2.799;1.487;0.877;2.222;0.000;1.096;11213
B516DA;2015/03/01 01:58:14;11213;84;29.3;23.6;2.809;1.487;0.832;2.222;0.000;1.070;11214
B516DA;2015/03/01 01:58:24;11214;85;31.6;24.1;2.619;1.474;0.832;2.235;0.000;1.112;11215
B516DA;2015/03/01 01:58:34;11215;84;30.9;23.1;2.658;1.474;0.877;2.235;0.000;1.083;11216
B516DA;2015/03/01 01:58:44;11216;83;28.3;23.9;2.812;1.509;0.877;2.235;0.000;1.106;11217
B516DA;2015/03/01 01:58:54;11217;86;26.1;23.6;2.835;1.509;0.832;2.235;0.000;1.080;11218
B516DA;2015/03/01 01:59:04;11218;78;25.8;24.1;2.745;1.512;0.832;2.254;0.000;1.087;11219
B516DA;2015/03/01 01:59:14;11219;81;26.4;23.9;2.780;1.512;0.835;2.254;0.000;1.112;11220
B516DA;2015/03/01 01:59:24;11220;93;25.4;23.9;2.609;1.519;0.835;2.254;0.009;1.080;11221
B516DA;2015/03/01 01:59:34;11221;90;26.1;23.7;2.699;1.519;0.890;2.254;0.009;1.099;11222
B516DA;2015/03/01 01:59:44;11222;83;29.0;23.4;2.812;1.512;0.890;2.241;0.009;1.132;11223
B516DA;2015/03/01 01:59:54;11223;83;31.6;23.4;2.632;1.512;0.893;2.241;0.009;1.119;11224
B516DA;2015/03/01 02:00:04;11224;91;29.3;23.7;2.612;1.470;0.893;2.241;0.003;1.119;11225
