B516D9;2015/03/05 00:00:31;0;1;28.3;20.8;2.512;-1.000;-1.000;-1.000;-1.000;0.554;1
B516D9;2015/03/05 00:00:50;1;100;27.0;20.8;2.674;-1.000;-1.000;-1.000;-1.000;0.529;2
B516D9;2015/03/05 00:01:01;2;89;26.4;21.3;2.545;1.422;-1.000;2.448;-1.000;0.554;3
B516D9;2015/03/05 00:01:10;3;87;27.4;20.6;2.809;1.422;1.132;2.448;-1.000;0.522;4
B516D9;2015/03/05 00:01:21;4;83;27.0;20.8;2.806;1.541;1.132;2.448;0.164;0.509;5
B516D9;2015/03/05 00:01:30;5;91;32.5;21.0;2.732;1.541;1.164;2.448;0.164;0.532;6
B516D9;2015/03/05 00:01:41;6;95;28.3;21.7;2.609;1.609;1.164;2.299;0.164;0.506;7
B516D9;2015/03/05 00:01:50;7;83;24.8;21.5;2.632;1.609;1.183;2.299;0.164;0.529;8
B516D9;2015/03/05 00:02:01;8;84;29.0;20.8;2.806;1.645;1.183;2.299;0.141;0.538;9
B516D9;2015/03/05 00:02:10;9;93;27.7;21.5;2.574;1.645;1.119;2.299;0.141;0.516;10
B516D9;2015/03/05 00:02:21;10;87;31.6;21.8;2.774;1.670;1.119;2.316;0.141;0.548;11
B516D9;2015/03/05 00:02:30;11;86;24.5;21.3;2.622;1.670;1.122;2.316;0.141;0.516;12
B516D9;2015/03/05 00:02:41;12;96;29.6;21.7;2.580;1.677;1.122;2.316;0.129;0.516;13
B516D9;2015/03/05 00:02:50;13;92;24.5;21.5;2.596;1.677;1.158;2.316;0.129;0.509;14
B516D9;2015/03/05 00:03:01;14;97;27.4;21.3;2.587;1.725;1.158;2.367;0.129;0.541;15
B516D9;2015/03/05 00:03:10;15;77;30.9;21.3;2.722;1.725;1.116;2.367;0.129;0.509;16
B516D9;2015/03/05 00:03:21;16;86;26.4;21.1;2.580;1.735;1.116;2.367;0.132;0.509;17
B516D9;2015/03/05 00:03:30;17;83;24.8;21.5;2.635;1.735;1.119;2.367;0.132;0.506;18
B516D9;2015/03/05 00:03:41;18;93;24.5;20.8;2.780;1.741;1.119;2.348;0.132;0.503;19
B516D9;2015/03/05 00:03:50;19;81;24.1;21.5;2.606;1.741;1.122;2.348;0.132;0.509;20
B516D9;2015/03/05 00:04:01;20;94;25.1;20.8;2.780;1.748;1.122;2.348;0.135;0.503;21
B516D9;2015/03/05 00:04:10;21;93;24.5;21.5;2.596;1.748;1.119;2.348;0.135;0.512;22
B516D9;2015/03/05 00:04:21;22;89;28.7;21.7;2.564;1.754;1.119;2.390;0.135;0.548;23
B516D9;2015/03/05 00:04:30;23;81;30.3;21.8;2.693;1.754;1.154;2.390;0.135;0.509;24
B516D9;2015/03/05 00:04:41;24;84;24.1;21.0;2.722;1.741;1.154;2.390;0.125;0.516;25
B516D9;2015/03/05 00:04:50;25;94;30.0;21.1;2.583;1.741;1.135;2.390;0.125;0.551;26
B516D9;2015/03/05 00:05:01;26;95;32.2;21.3;2.616;1.735;1.135;2.377;0.125;0.506;27
B516D9;2015/03/05 00:05:10;27;93;28.0;21.3;2.564;1.735;1.116;2.377;0.125;0.509;28
B516D9;2015/03/05 00:05:21;28;84;25.1;20.8;2.574;1.719;1.116;2.377;0.141;0.532;29
B516D9;2015/03/05 00:05:30;29;93;29.0;20.6;2.799;1.719;1.154;2.377;0.141;0.509;30
B516D9;2015/03/05 00:05:41;30;91;30.0;21.3;2.641;1.719;1.154;2.354;0.141;0.509;31
B516D9;2015/03/05 00:05:50;31;89;30.0;21.1;2.593;1.719;1.177;2.354;0.141;0.538;32
B516D9;2015/03/05 00:06:01;32;83;31.2;21.8;2.709;1.735;1.177;2.354;0.180;0.529;33
B516D9;2015/03/05 00:06:10;33;93;31.6;21.3;2.819;1.735;1.116;2.354;0.180;0.545;34
B516D9;2015/03/05 00:06:21;34;77;27.0;21.1;2.583;1.745;1.116;2.338;0.180;0.512;35
B516D9;2015/03/05 00:06:30;35;84;32.9;21.0;2.648;1.745;1.119;2.338;0.180;0.532;36
B516D9;2015/03/05 00:06:41;36;87;32.2;21.8;2.780;1.722;1.119;2.338;0.119;0.529;37
B516D9;2015/03/05 00:06:50;37;94;30.3;21.3;2.716;1.722;1.148;2.338;0.119;0.512;38
B516D9;2015/03/05 00:07:01;38;93;29.6;21.3;2.616;1.725;1.148;2.390;0.119;0.558;39
B516D9;2015/03/05 00:07:10;39;90;29.0;20.6;2.809;1.725;1.170;2.390;0.119;0.509;40
B516D9;2015/03/05 00:07:21;40;98;26.4;21.3;2.583;1.758;1.170;2.390;0.112;0.558;41
B516D9;2015/03/05 00:07:30;41;87;28.0;21.0;2.574;1.758;1.177;2.390;0.112;0.554;42
B516D9;2015/03/05 00:07:41;42;94;28.0;21.3;2.570;1.767;1.177;2.354;0.112;0.532;43
B516D9;2015/03/05 00:07:50;43;83;27.4;20.6;2.748;1.767;1.119;2.354;0.112;0.516;44
B516D9;2015/03/05 00:08:01;44;83;29.0;21.8;2.774;1.725;1.119;2.354;0.116;0.516;45
B516D9;2015/03/05 00:08:10;45;90;30.0;21.3;2.596;1.725;1.119;2.354;0.116;0.503;46
B516D9;2015/03/05 00:08:21;46;88;25.8;21.1;2.580;1.767;1.119;2.390;0.116;0.519;47
B516D9;2015/03/05 00:08:30;47;93;29.3;21.3;2.822;1.767;1.119;2.390;0.116;0.535;48
B516D9;2015/03/05 00:08:41;48;93;31.6;21.8;2.719;1.764;1.119;2.390;0.125;0.493;49
B516D9;2015/03/05 00:08:50;49;86;24.1;21.5;2.754;1.764;1.164;2.390;0.125;0.525;50
B516D9;2015/03/05 00:09:01;50;87;29.0;21.5;2.670;1.767;1.164;2.399;0.125;0.496;51
B516D9;2015/03/05 00:09:10;51;83;23.8;21.5;2.716;1.767;1.132;2.399;0.125;0.496;52
B516D9;2015/03/05 00:09:21;52;93;24.1;21.1;2.567;1.729;1.132;2.399;0.122;0.516;53
B516D9;2015/03/05 00:09:30;53;95;24.5;21.5;2.632;1.729;1.132;2.399;0.122;0.493;54
B516D9;2015/03/05 00:09:41;54;88;28.3;21.8;2.609;1.732;1.132;2.396;0.122;0.516;55
B516D9;2015/03/05 00:09:50;55;94;29.0;21.8;2.596;1.732;1.129;2.396;0.122;0.503;56
B516D9;2015/03/05 00:10:01;56;88;29.6;21.8;2.806;1.774;1.129;2.396;0.116;0.532;57
B516D9;2015/03/05 00:10:10;57;78;28.0;21.7;2.825;1.774;1.116;2.396;0.116;0.519;58
B516D9;2015/03/05 00:10:21;58;88;24.5;21.1;2.612;1.770;1.116;2.348;0.116;0.509;59
B516D9;2015/03/05 00:10:30;59;88;27.0;21.5;2.580;1.770;1.161;2.348;0.116;0.548;60
B516D9;2015/03/05 00:10:41;60;89;24.5;21.0;2.574;1.732;1.161;2.348;0.116;0.516;61
B516D9;2015/03/05 00:10:50;61;88;29.3;21.3;2.696;1.732;1.122;2.348;0.116;0.522;62
B516D9;2015/03/05 00:11:01;62;84;26.4;21.3;2.583;1.741;1.122;2.396;0.116;0.545;63
B516D9;2015/03/05 00:11:10;63;86;31.9;21.1;2.574;1.741;1.164;2.396;0.116;0.558;64
B516D9;2015/03/05 00:11:21;64;86;25.1;21.0;2.577;1.767;1.164;2.396;0.116;0.522;65
B516D9;2015/03/05 00:11:30;65;85;30.9;21.7;2.780;1.767;1.116;2.396;0.116;0.545;66
B516D9;2015/03/05 00:11:41;66;88;29.3;21.7;2.661;1.741;1.116;2.348;0.116;0.551;67
B516D9;2015/03/05 00:11:50;67;83;29.3;21.0;2.809;1.741;1.119;2.348;0.116;0.525;68
B516D9;2015/03/05 00:12:01;68;78;28.3;21.3;2.809;1.774;1.119;2.348;0.119;0.522;69
B516D9;2015/03/05 00:12:10;69;78;27.4;21.8;2.583;1.774;1.129;2.348;0.119;0.535;70
B516D9;2015/03/05 00:12:21;70;83;30.9;21.5;2.787;1.767;1.129;2.345;0.119;0.512;71
B516D9;2015/03/05 00:12:30;71;86;31.9;21.3;2.806;1.767;1.174;2.345;0.119;0.545;72
B516D9;2015/03/05 00:12:41;72;80;30.3;21.8;2.748;1.732;1.174;2.345;0.109;0.545;73
B516D9;2015/03/05 00:12:50;73;82;29.6;21.3;2.670;1.732;1.116;2.345;0.109;0.509;74
B516D9;2015/03/05 00:13:01;74;95;28.7;21.5;2.645;1.732;1.116;2.345;0.109;0.512;75
B516D9;2015/03/05 00:13:10;75;83;29.0;21.8;2.580;1.732;1.119;2.345;0.109;0.525;76
B516D9;2015/03/05 00:13:21;76;92;29.6;21.8;2.787;1.751;1.119;2.345;0.119;0.512;77
B516D9;2015/03/05 00:13:30;77;87;32.5;20.8;2.741;1.751;1.119;2.345;0.119;0.516;78
B516D9;2015/03/05 00:13:41;78;88;24.5;21.1;2.590;1.748;1.119;2.409;0.119;0.512;79
B516D9;2015/03/05 00:13:50;79;84;27.0;21.0;2.709;1.748;1.119;2.409;0.119;0.516;80
B516D9;2015/03/05 00:14:01;80;93;29.0;21.0;2.799;1.774;1.119;2.409;0.180;0.512;81
B516D9;2015/03/05 00:14:10;81;87;28.0;21.3;2.754;1.774;1.116;2.409;0.180;0.512;82
B516D9;2015/03/05 00:14:21;82;83;24.8;20.6;2.600;1.767;1.116;2.393;0.180;0.519;83
B516D9;2015/03/05 00:14:30;83;93;33.2;21.3;2.819;1.767;1.148;2.393;0.180;0.551;84
B516D9;2015/03/05 00:14:41;84;95;28.7;21.5;2.774;1.764;1.148;2.393;0.235;0.538;85
B516D9;2015/03/05 00:14:50;85;95;25.4;21.1;2.670;1.764;1.122;2.393;0.235;0.522;86
B516D9;2015/03/05 00:15:01;86;86;26.1;21.1;2.564;1.774;1.122;2.387;0.235;0.512;87
B516D9;2015/03/05 00:15:10;87;84;28.0;21.0;2.822;1.774;1.119;2.387;0.235;0.516;88
B516D9;2015/03/05 00:15:21;88;87;28.0;21.5;2.809;1.758;1.119;2.387;0.116;0.519;89
B516D9;2015/03/05 00:15:30;89;88;32.5;20.6;2.722;1.758;1.116;2.387;0.116;0.548;90
B516D9;2015/03/05 00:15:41;90;90;29.0;21.1;2.564;1.767;1.116;2.361;0.116;0.570;91
B516D9;2015/03/05 00:15:50;91;88;28.3;20.6;2.767;1.767;1.129;2.361;0.116;0.554;92
B516D9;2015/03/05 00:16:01;92;86;25.8;20.6;2.809;1.758;1.129;2.361;0.112;0.535;93
B516D9;2015/03/05 00:16:10;93;79;25.1;21.5;2.622;1.758;1.174;2.361;0.112;0.532;94
B516D9;2015/03/05 00:16:21;94;78;27.0;20.8;2.819;1.777;1.174;2.370;0.112;0.512;95
B516D9;2015/03/05 00:16:30;95;78;25.4;21.7;2.590;1.777;1.132;2.370;0.112;0.516;96
B516D9;2015/03/05 00:16:41;96;89;26.1;21.5;2.670;1.738;1.132;2.370;0.119;0.522;97
B516D9;2015/03/05 00:16:50;97;88;30.9;21.5;2.754;1.738;1.145;2.370;0.119;0.535;98
B516D9;2015/03/05 00:17:01;98;88;29.3;21.7;2.570;1.738;1.145;2.364;0.119;0.545;99
B516D9;2015/03/05 00:17:10;99;86;30.6;21.5;2.790;1.738;1.170;2.364;0.119;0.538;100
B516D9;2015/03/05 00:17:21;100;92;26.7;21.1;2.583;1.758;1.170;2.364;0.119;0.512;101
B516D9;2015/03/05 00:17:30;101;78;26.7;21.0;2.696;1.758;1.132;2.364;0.119;0.532;102
B516D9;2015/03/05 00:17:41;102;85;28.0;21.3;2.719;1.777;1.132;2.383;0.119;0.535;103
B516D9;2015/03/05 00:17:50;103;91;25.1;21.1;2.583;1.777;1.164;2.383;0.119;0.522;104
B516D9;2015/03/05 00:18:01;104;91;30.3;21.5;2.722;1.764;1.164;2.383;0.116;0.545;105
B516D9;2015/03/05 00:18:10;105;81;30.3;21.1;2.822;1.764;1.138;2.383;0.116;0.532;106
B516D9;2015/03/05 00:18:21;106;79;30.0;21.1;2.606;1.745;1.138;2.364;0.116;0.541;107
B516D9;2015/03/05 00:18:30;107;88;24.5;21.3;2.609;1.745;1.180;2.364;0.116;0.558;108
B516D9;2015/03/05 00:18:41;108;93;30.3;21.3;2.767;1.738;1.180;2.364;0.183;0.525;109
B516D9;2015/03/05 00:18:50;109;90;29.0;21.1;2.806;1.738;1.180;2.364;0.183;0.541;110
B516D9;2015/03/05 00:19:01;110;92;30.3;21.5;2.554;1.770;1.180;2.358;0.183;0.509;111
B516D9;2015/03/05 00:19:10;111;89;29.0;21.3;2.632;1.770;1.151;2.358;0.183;0.541;112
B516D9;2015/03/05 00:19:21;112;89;29.3;21.8;2.748;1.758;1.151;2.358;0.129;0.545;113
B516D9;2015/03/05 00:19:30;113;85;25.4;22.2;2.670;1.758;1.125;2.358;0.129;0.529;114
B516D9;2015/03/05 00:19:41;114;88;26.4;21.7;2.583;1.777;1.125;2.361;0.129;0.532;115
B516D9;2015/03/05 00:19:50;115;90;25.8;22.0;2.709;1.777;1.154;2.361;0.129;0.525;116
B516D9;2015/03/05 00:20:01;116;84;24.8;21.5;2.606;1.741;1.154;2.361;0.151;0.548;117
B516D9;2015/03/05 00:20:10;117;88;29.3;21.7;2.780;1.741;1.135;2.361;0.151;0.519;118
B516D9;2015/03/05 00:20:21;118;89;28.0;21.5;2.809;1.741;1.135;2.409;0.151;0.532;119
B516D9;2015/03/05 00:20:30;119;84;29.0;21.5;2.574;1.741;1.183;2.409;0.151;0.529;120
B516D9;2015/03/05 00:20:41;120;90;24.8;21.5;2.616;1.738;1.183;2.409;0.112;0.545;121
B516D9;2015/03/05 00:20:50;121;83;26.4;21.8;2.583;1.738;1.174;2.409;0.112;0.509;122
B516D9;2015/03/05 00:21:01;122;82;25.4;21.5;2.619;1.780;1.174;2.361;0.112;0.509;123
B516D9;2015/03/05 00:21:10;123;78;29.6;21.7;2.696;1.780;1.125;2.361;0.112;0.525;124
B516D9;2015/03/05 00:21:21;124;83;29.6;21.8;2.806;1.758;1.125;2.361;0.164;0.538;125
B516D9;2015/03/05 00:21:30;125;92;27.4;20.6;2.819;1.758;1.158;2.361;0.164;0.525;126
B516D9;2015/03/05 00:21:41;126;91;30.0;21.7;2.674;1.783;1.158;2.396;0.164;0.516;127
B516D9;2015/03/05 00:21:50;127;93;27.4;21.0;2.735;1.783;1.122;2.396;0.164;0.551;128
B516D9;2015/03/05 00:22:01;128;93;30.3;21.5;2.748;1.741;1.122;2.396;0.109;0.503;129
B516D9;2015/03/05 00:22:10;129;94;30.9;21.8;2.583;1.741;1.125;2.396;0.109;0.512;130
B516D9;2015/03/05 00:22:21;130;91;29.3;21.3;2.774;1.767;1.125;2.370;0.109;0.522;131
B516D9;2015/03/05 00:22:30;131;85;28.0;21.3;2.580;1.767;1.141;2.370;0.109;0.509;132
B516D9;2015/03/05 00:22:41;132;95;24.8;21.1;2.677;1.751;1.141;2.370;0.119;0.522;133
B516D9;2015/03/05 00:22:50;133;83;28.0;21.3;2.822;1.751;1.138;2.370;0.119;0.519;134
B516D9;2015/03/05 00:23:01;134;80;27.7;20.8;2.719;1.777;1.138;2.422;0.119;0.503;135
B516D9;2015/03/05 00:23:10;135;93;24.8;21.3;2.561;1.777;1.125;2.422;0.119;0.525;136
B516D9;2015/03/05 00:23:21;136;88;28.0;21.8;2.725;1.767;1.125;2.422;0.112;0.512;137
B516D9;2015/03/05 00:23:30;137;96;24.1;21.7;2.780;1.767;1.151;2.422;0.112;0.532;138
B516D9;2015/03/05 00:23:41;138;91;31.9;21.5;2.712;1.751;1.151;2.416;0.112;0.529;139
B516D9;2015/03/05 00:23:50;139;84;30.9;21.5;2.583;1.751;1.119;2.416;0.112;0.522;140
B516D9;2015/03/05 00:24:01;140;83;29.3;21.7;2.580;1.751;1.119;2.416;0.196;0.551;141
B516D9;2015/03/05 00:24:10;141;83;31.2;21.1;2.825;1.751;1.148;2.416;0.196;0.541;142
B516D9;2015/03/05 00:24:21;142;77;28.0;21.0;2.551;1.777;1.148;2.374;0.196;0.551;143
B516D9;2015/03/05 00:24:30;143;88;30.9;21.0;2.819;1.777;1.174;2.374;0.196;0.522;144
B516D9;2015/03/05 00:24:41;144;84;24.8;20.3;2.551;1.764;1.174;2.374;0.109;0.561;145
B516D9;2015/03/05 00:24:50;145;81;28.3;21.1;2.570;1.764;1.148;2.374;0.109;0.541;146
B516D9;2015/03/05 00:25:01;146;78;26.7;21.0;2.600;1.783;1.148;2.380;0.109;0.525;147
B516D9;2015/03/05 00:25:10;147;92;29.6;20.6;2.787;1.783;1.138;2.380;0.109;0.532;148
B516D9;2015/03/05 00:25:21;148;85;24.1;20.6;2.780;1.761;1.138;2.380;0.112;0.554;149
B516D9;2015/03/05 00:25:30;149;86;27.0;20.6;2.722;1.761;1.125;2.380;0.112;0.512;150
B516D9;2015/03/05 00:25:41;150;88;24.8;20.6;2.783;1.783;1.125;2.403;0.112;0.522;151
B516D9;2015/03/05 00:25:50;151;78;24.8;21.5;2.754;1.783;1.170;2.403;0.112;0.525;152
B516D9;2015/03/05 00:26:01;152;90;24.1;21.0;2.793;1.751;1.170;2.403;0.109;0.522;153
B516D9;2015/03/05 00:26:10;153;91;23.5;21.3;2.790;1.751;1.141;2.403;0.109;0.541;154
B516D9;2015/03/05 00:26:21;154;91;31.9;21.5;2.725;1.754;1.141;2.409;0.109;0.509;155
B516D9;2015/03/05 00:26:30;155;88;23.8;21.5;2.564;1.754;1.174;2.409;0.109;0.541;156
B516D9;2015/03/05 00:26:41;156;88;26.1;21.1;2.787;1.777;1.174;2.409;0.119;0.509;157
B516D9;2015/03/05 00:26:50;157;89;24.8;21.5;2.622;1.777;1.138;2.409;0.119;0.503;158
B516D9;2015/03/05 00:27:01;158;88;28.7;21.3;2.658;1.745;1.138;2.409;0.119;0.525;159
B516D9;2015/03/05 00:27:10;159;87;24.8;21.5;2.590;1.745;1.129;2.409;0.119;0.509;160
B516D9;2015/03/05 00:27:21;160;89;27.0;21.7;2.561;1.777;1.129;2.409;0.209;0.506;161
B516D9;2015/03/05 00:27:30;161;87;29.6;21.0;2.799;1.777;1.129;2.409;0.209;0.509;162
B516D9;2015/03/05 00:27:41;162;78;29.6;21.3;2.641;1.783;1.129;2.383;0.209;0.509;163
B516D9;2015/03/05 00:27:50;163;93;32.5;21.1;2.774;1.783;1.141;2.383;0.209;0.512;164
B516D9;2015/03/05 00:28:01;164;88;30.9;21.5;2.725;1.780;1.141;2.383;0.109;0.500;165
B516D9;2015/03/05 00:28:10;165;88;28.3;20.6;2.767;1.780;1.180;2.383;0.109;0.503;166
B516D9;2015/03/05 00:28:21;166;88;28.3;21.1;2.812;1.770;1.180;2.377;0.109;0.509;167
B516D9;2015/03/05 00:28:30;167;81;27.0;20.8;2.609;1.770;1.135;2.377;0.109;0.512;168
B516D9;2015/03/05 00:28:41;168;95;32.5;21.5;2.654;1.780;1.135;2.377;0.109;0.506;169
B516D9;2015/03/05 00:28:50;169;84;26.7;20.6;2.716;1.780;1.125;2.377;0.109;0.506;170
B516D9;2015/03/05 00:29:01;170;83;30.9;21.8;2.616;1.780;1.125;2.406;0.109;0.516;171
B516D9;2015/03/05 00:29:10;171;84;24.8;21.5;2.619;1.780;1.125;2.406;0.109;0.541;172
B516D9;2015/03/05 00:29:21;172;90;28.7;21.7;2.799;1.783;1.125;2.406;0.116;0.503;173
B516D9;2015/03/05 00:29:30;173;79;29.6;20.4;2.674;1.783;1.135;2.406;0.116;0.538;174
B516D9;2015/03/05 00:29:41;174;94;24.5;20.8;2.558;1.745;1.135;2.406;0.116;0.506;175
B516D9;2015/03/05 00:29:50;175;93;24.1;21.8;2.590;1.745;1.148;2.406;0.116;0.525;176
B516D9;2015/03/05 00:30:01;176;91;24.8;21.1;2.787;1.745;1.148;2.406;0.109;0.548;177
B516D9;2015/03/05 00:30:10;177;82;25.4;21.3;2.577;1.745;1.138;2.406;0.109;0.525;178
B516D9;2015/03/05 00:30:21;178;85;26.1;21.3;2.809;1.748;1.138;2.370;0.109;0.516;179
B516D9;2015/03/05 00:30:30;179;86;29.0;21.3;2.774;1.748;1.122;2.370;0.109;0.535;180
B516D9;2015/03/05 00:30:41;180;83;29.0;21.7;2.712;1.780;1.122;2.370;0.112;0.532;181
B516D9;2015/03/05 00:30:50;181;92;30.3;21.1;2.799;1.780;1.132;2.370;0.112;0.512;182
B516D9;2015/03/05 00:31:01;182;86;24.5;21.1;2.587;1.777;1.132;2.377;0.112;0.525;183
B516D9;2015/03/05 00:31:10;183;85;28.0;21.7;2.751;1.777;1.164;2.377;0.112;0.509;184
B516D9;2015/03/05 00:31:21;184;92;28.7;21.3;2.619;1.793;1.164;2.377;0.116;0.509;185
B516D9;2015/03/05 00:31:30;185;90;27.4;20.6;2.738;1.793;1.125;2.377;0.116;0.529;186
B516D9;2015/03/05 00:31:41;186;88;29.3;21.5;2.667;1.770;1.125;2.403;0.116;0.545;187
B516D9;2015/03/05 00:31:50;187;88;25.4;21.1;2.648;1.770;1.125;2.403;0.116;0.506;188
B516D9;2015/03/05 00:32:01;188;89;30.6;21.1;2.712;1.754;1.125;2.403;0.109;0.506;189
B516D9;2015/03/05 00:32:10;189;88;27.4;21.1;2.570;1.754;1.145;2.403;0.109;0.525;190
B516D9;2015/03/05 00:32:21;190;93;24.8;21.1;2.551;1.758;1.145;2.425;0.109;0.525;191
B516D9;2015/03/05 00:32:30;191;92;26.1;21.1;2.583;1.758;1.125;2.425;0.109;0.535;192
B516D9;2015/03/05 00:32:41;192;87;28.7;21.7;2.561;1.748;1.125;2.425;0.170;0.545;193
B516D9;2015/03/05 00:32:50;193;82;26.1;21.5;2.690;1.748;1.132;2.425;0.170;0.516;194
B516D9;2015/03/05 00:33:01;194;95;27.4;21.1;2.600;1.780;1.132;2.364;0.170;0.512;195
B516D9;2015/03/05 00:33:10;195;92;24.1;21.3;2.574;1.780;1.125;2.364;0.170;0.532;196
B516D9;2015/03/05 00:33:21;196;88;27.4;21.7;2.564;1.767;1.125;2.364;0.132;0.522;197
B516D9;2015/03/05 00:33:30;197;78;24.1;21.3;2.580;1.767;1.177;2.364;0.132;0.503;198
B516D9;2015/03/05 00:33:41;198;90;28.3;21.5;2.551;1.774;1.177;2.422;0.132;0.541;199
B516D9;2015/03/05 00:33:50;199;88;24.8;21.5;2.783;1.774;1.129;2.422;0.132;0.496;200
B516D9;2015/03/05 00:34:01;200;91;23.8;21.1;2.558;1.770;1.129;2.422;0.174;0.525;201
B516D9;2015/03/05 00:34:10;201;90;24.5;21.5;2.787;1.770;1.129;2.422;0.174;0.496;202
B516D9;2015/03/05 00:34:21;202;82;30.3;21.8;2.790;1.774;1.129;2.419;0.174;0.532;203
B516D9;2015/03/05 00:34:30;203;88;24.1;21.8;2.616;1.774;1.187;2.419;0.174;0.496;204
B516D9;2015/03/05 00:34:41;204;88;27.4;21.3;2.548;1.770;1.187;2.419;0.158;0.496;205
B516D9;2015/03/05 00:34:50;205;83;30.9;21.7;2.812;1.770;1.129;2.419;0.158;0.493;206
B516D9;2015/03/05 00:35:01;206;94;25.1;21.7;2.806;1.748;1.129;2.383;0.158;0.496;207
B516D9;2015/03/05 00:35:10;207;88;28.3;20.6;2.816;1.748;1.148;2.383;0.158;0.496;208
B516D9;2015/03/05 00:35:21;208;91;30.3;22.0;2.738;1.751;1.148;2.383;0.116;0.525;209
B516D9;2015/03/05 00:35:30;209;90;28.7;21.8;2.661;1.751;1.164;2.383;0.116;0.519;210
B516D9;2015/03/05 00:35:41;210;84;24.8;21.3;2.806;1.787;1.164;2.390;0.116;0.496;211
B516D9;2015/03/05 00:35:50;211;80;28.7;21.8;2.583;1.787;1.151;2.390;0.116;0.512;212
B516D9;2015/03/05 00:36:01;212;89;24.8;21.5;2.606;1.770;1.151;2.390;0.116;0.493;213
B516D9;2015/03/05 00:36:10;213;79;32.9;21.1;2.774;1.770;1.129;2.390;0.116;0.500;214
B516D9;2015/03/05 00:36:21;214;88;29.3;21.3;2.567;1.761;1.129;2.383;0.116;0.512;215
B516D9;2015/03/05 00:36:30;215;92;24.5;21.5;2.635;1.761;1.129;2.383;0.116;0.503;216
B516D9;2015/03/05 00:36:41;216;95;29.0;21.0;2.567;1.774;1.129;2.383;0.116;0.535;217
B516D9;2015/03/05 00:36:50;217;88;24.5;21.3;2.574;1.774;1.141;2.383;0.116;0.541;218
B516D9;2015/03/05 00:37:01;218;84;28.7;21.1;2.564;1.751;1.141;2.380;0.116;0.519;219
B516D9;2015/03/05 00:37:10;219;89;32.5;20.8;2.635;1.751;1.129;2.380;0.116;0.509;220
B516D9;2015/03/05 00:37:21;220;78;31.6;21.5;2.787;1.793;1.129;2.380;0.103;0.503;221
B516D9;2015/03/05 00:37:30;221;87;26.4;21.5;2.587;1.793;1.129;2.380;0.103;0.525;222
B516D9;2015/03/05 00:37:41;222;88;24.5;21.1;2.812;1.787;1.129;2.412;0.103;0.506;223
B516D9;2015/03/05 00:37:50;223;75;27.4;21.1;2.748;1.787;1.177;2.412;0.103;0.516;224
B516D9;2015/03/05 00:38:01;224;89;31.2;21.8;2.799;1.767;1.177;2.412;0.109;0.522;225
B516D9;2015/03/05 00:38:10;225;95;33.2;20.6;2.816;1.767;1.187;2.412;0.109;0.509;226
B516D9;2015/03/05 00:38:21;226;90;28.3;21.3;2.561;1.751;1.187;2.399;0.109;0.532;227
B516D9;2015/03/05 00:38:30;227;91;30.0;21.5;2.583;1.751;1.174;2.399;0.109;0.545;228
B516D9;2015/03/05 00:38:41;228;86;26.4;21.3;2.809;1.793;1.174;2.399;0.112;0.522;229
B516D9;2015/03/05 00:38:50;229;87;29.0;21.0;2.567;1.793;1.125;2.399;0.112;0.516;230
B516D9;2015/03/05 00:39:01;230;89;26.7;21.3;2.580;1.767;1.125;2.412;0.112;0.529;231
B516D9;2015/03/05 00:39:10;231;76;28.0;21.1;2.632;1.767;1.125;2.412;0.112;0.551;232
B516D9;2015/03/05 00:39:21;232;77;26.7;21.7;2.790;1.787;1.125;2.412;0.119;0.561;233
B516D9;2015/03/05 00:39:30;233;90;25.8;22.0;2.693;1.787;1.129;2.412;0.119;0.525;234
B516D9;2015/03/05 00:39:41;234;85;24.8;20.8;2.593;1.777;1.129;2.403;0.119;0.522;235
B516D9;2015/03/05 00:39:50;235;87;30.9;21.1;2.819;1.777;1.135;2.403;0.119;0.545;236
B516D9;2015/03/05 00:40:01;236;87;29.6;21.5;2.793;1.783;1.135;2.403;0.170;0.551;237
B516D9;2015/03/05 00:40:10;237;88;32.5;20.4;2.677;1.783;1.129;2.403;0.170;0.538;238
B516D9;2015/03/05 00:40:21;238;89;28.3;21.5;2.574;1.751;1.129;2.390;0.170;0.529;239
B516D9;2015/03/05 00:40:30;239;74;26.1;21.1;2.680;1.751;1.177;2.390;0.170;0.558;240
B516D9;2015/03/05 00:40:41;240;95;26.4;21.1;2.683;1.790;1.177;2.390;0.196;0.545;241
B516D9;2015/03/05 00:40:50;241;88;30.9;21.3;2.806;1.790;1.135;2.390;0.196;0.551;242
B516D9;2015/03/05 00:41:01;242;84;30.3;20.6;2.583;1.793;1.135;2.393;0.196;0.535;243
B516D9;2015/03/05 00:41:10;243;81;27.4;20.6;2.822;1.793;1.125;2.393;0.196;0.548;244
B516D9;2015/03/05 00:41:21;244;93;26.1;20.8;2.570;1.777;1.125;2.393;0.109;0.558;245
B516D9;2015/03/05 00:41:30;245;79;26.7;21.0;2.709;1.777;1.151;2.393;0.109;0.529;246
B516D9;2015/03/05 00:41:41;246;83;27.4;20.6;2.812;1.767;1.151;2.422;0.109;0.570;247
B516D9;2015/03/05 00:41:50;247;80;25.1;21.3;2.619;1.767;1.148;2.422;0.109;0.529;248
B516D9;2015/03/05 00:42:01;248;90;25.1;20.3;2.587;1.767;1.148;2.422;0.132;0.522;249
B516D9;2015/03/05 00:42:10;249;84;30.9;21.1;2.590;1.767;1.183;2.422;0.132;0.535;250
B516D9;2015/03/05 00:42:21;250;82;30.3;21.1;2.680;1.751;1.183;2.438;0.132;0.564;251
B516D9;2015/03/05 00:42:30;251;91;24.8;21.1;2.609;1.751;1.129;2.438;0.132;0.538;252
B516D9;2015/03/05 00:42:41;252;90;27.0;21.1;2.661;1.783;1.129;2.438;0.116;0.570;253
B516D9;2015/03/05 00:42:50;253;88;31.2;21.0;2.803;1.783;1.151;2.438;0.116;0.551;254
B516D9;2015/03/05 00:43:01;254;97;29.3;21.5;2.780;1.777;1.151;2.380;0.116;0.570;255
B516D9;2015/03/05 00:43:10;255;89;25.4;21.0;2.635;1.777;1.187;2.380;0.116;0.532;256
B516D9;2015/03/05 00:43:21;256;82;31.9;21.1;2.774;1.751;1.187;2.380;0.109;0.570;257
B516D9;2015/03/05 00:43:30;257;88;30.6;21.3;2.819;1.751;1.158;2.380;0.109;0.561;258
B516D9;2015/03/05 00:43:41;258;94;24.8;20.8;2.787;1.793;1.158;2.370;0.109;0.558;259
B516D9;2015/03/05 00:43:50;259;95;25.4;20.8;2.696;1.793;1.145;2.370;0.109;0.545;260
B516D9;2015/03/05 00:44:01;260;79;30.3;21.1;2.777;1.793;1.145;2.370;0.103;0.532;261
B516D9;2015/03/05 00:44:10;261;86;28.3;21.0;2.574;1.793;1.138;2.370;0.103;0.535;262
B516D9;2015/03/05 00:44:21;262;81;30.6;21.5;2.558;1.751;1.138;2.429;0.103;0.532;263
B516D9;2015/03/05 00:44:30;263;91;27.4;21.1;2.622;1.751;1.170;2.429;0.103;0.574;264
B516D9;2015/03/05 00:44:41;264;90;31.6;21.1;2.809;1.754;1.170;2.429;0.129;0.535;265
B516D9;2015/03/05 00:44:50;265;84;28.0;21.3;2.574;1.754;1.187;2.429;0.129;0.538;266
B516D9;2015/03/05 00:45:01;266;86;32.5;21.3;2.609;1.767;1.187;2.377;0.129;0.545;267
B516D9;2015/03/05 00:45:10;267;93;26.1;21.0;2.654;1.767;1.129;2.377;0.129;0.522;268
B516D9;2015/03/05 00:45:21;268;86;25.1;20.8;2.799;1.751;1.129;2.377;0.109;0.538;269
B516D9;2015/03/05 00:45:30;269;92;30.9;21.1;2.596;1.751;1.145;2.377;0.109;0.532;270
B516D9;2015/03/05 00:45:41;270;94;32.2;21.5;2.745;1.796;1.145;2.403;0.109;0.516;271
B516D9;2015/03/05 00:45:50;271;82;26.4;21.3;2.587;1.796;1.180;2.403;0.109;0.516;272
B516D9;2015/03/05 00:46:01;272;91;30.3;21.5;2.780;1.770;1.180;2.403;0.103;0.538;273
B516D9;2015/03/05 00:46:10;273;81;27.4;21.1;2.729;1.770;1.132;2.403;0.103;0.525;274
B516D9;2015/03/05 00:46:21;274;76;24.8;21.0;2.780;1.764;1.132;2.403;0.103;0.577;275
B516D9;2015/03/05 00:46:30;275;86;24.8;21.7;2.593;1.764;1.190;2.403;0.103;0.519;276
B516D9;2015/03/05 00:46:41;276;89;28.3;22.0;2.806;1.764;1.190;2.403;0.109;0.551;277
B516D9;2015/03/05 00:46:50;277;93;29.3;21.0;2.809;1.764;1.180;2.403;0.109;0.538;278
B516D9;2015/03/05 00:47:01;278;89;29.6;21.8;2.590;1.761;1.180;2.422;0.109;0.567;279
B516D9;2015/03/05 00:47:10;279;88;30.9;21.3;2.812;1.761;1.161;2.422;0.109;0.535;280
B516D9;2015/03/05 00:47:21;280;78;28.0;21.3;2.725;1.783;1.161;2.422;0.109;0.535;281
B516D9;2015/03/05 00:47:30;281;95;25.4;21.1;2.583;1.783;1.187;2.422;0.109;0.567;282
B516D9;2015/03/05 00:47:41;282;91;32.2;21.1;2.738;1.787;1.187;2.383;0.109;0.567;283
B516D9;2015/03/05 00:47:50;283;93;27.4;21.5;2.574;1.787;1.158;2.383;0.109;0.538;284
B516D9;2015/03/05 00:48:01;284;88;32.2;21.3;2.616;1.751;1.158;2.383;0.103;0.532;285
B516D9;2015/03/05 00:48:10;285;88;30.3;21.3;2.729;1.751;1.141;2.383;0.103;0.538;286
B516D9;2015/03/05 00:48:21;286;80;24.8;21.3;2.809;1.770;1.141;2.403;0.103;0.532;287
B516D9;2015/03/05 00:48:30;287;91;27.7;21.7;2.816;1.770;1.129;2.403;0.103;0.532;288
B516D9;2015/03/05 00:48:41;288;93;26.1;21.7;2.809;1.796;1.129;2.403;0.112;0.538;289
B516D9;2015/03/05 00:48:50;289;92;29.6;20.6;2.793;1.796;1.129;2.403;0.112;0.561;290
B516D9;2015/03/05 00:49:01;290;84;27.7;21.3;2.554;1.774;1.129;2.387;0.112;0.541;291
B516D9;2015/03/05 00:49:10;291;82;29.0;21.1;2.596;1.774;1.135;2.387;0.112;0.545;292
B516D9;2015/03/05 00:49:21;292;81;30.0;20.6;2.554;1.764;1.135;2.387;0.109;0.558;293
B516D9;2015/03/05 00:49:30;293;92;30.9;21.8;2.741;1.764;1.132;2.387;0.109;0.522;294
B516D9;2015/03/05 00:49:41;294;79;24.5;20.8;2.770;1.754;1.132;2.377;0.109;0.516;295
B516D9;2015/03/05 00:49:50;295;88;30.3;21.3;2.696;1.754;1.180;2.377;0.109;0.519;296
B516D9;2015/03/05 00:50:01;296;94;28.0;20.6;2.580;1.787;1.180;2.377;0.122;0.509;297
B516D9;2015/03/05 00:50:10;297;85;25.4;21.1;2.703;1.787;1.187;2.377;0.122;0.529;298
B516D9;2015/03/05 00:50:21;298;93;30.0;21.3;2.687;1.774;1.187;2.406;0.122;0.551;299
B516D9;2015/03/05 00:50:30;299;88;28.7;21.8;2.564;1.774;1.135;2.406;0.122;0.525;300
B516D9;2015/03/05 00:50:41;300;87;30.9;21.5;2.722;1.793;1.135;2.406;0.103;0.506;301
B516D9;2015/03/05 00:50:50;301;93;29.0;21.5;2.619;1.793;1.132;2.406;0.103;0.512;302
B516D9;2015/03/05 00:51:01;302;87;28.3;21.8;2.793;1.754;1.132;2.399;0.103;0.522;303
B516D9;2015/03/05 00:51:10;303;84;29.0;21.8;2.564;1.754;1.129;2.399;0.103;0.532;304
B516D9;2015/03/05 00:51:21;304;87;25.1;21.7;2.816;1.796;1.129;2.399;0.109;0.509;305
B516D9;2015/03/05 00:51:30;305;86;29.0;21.1;2.819;1.796;1.174;2.399;0.109;0.541;306
B516D9;2015/03/05 00:51:41;306;96;31.6;21.8;2.732;1.777;1.174;2.396;0.109;0.516;307
B516D9;2015/03/05 00:51:50;307;86;24.5;21.8;2.596;1.777;1.161;2.396;0.109;0.503;308
B516D9;2015/03/05 00:52:01;308;83;24.8;21.5;2.654;1.767;1.161;2.396;0.116;0.519;309
B516D9;2015/03/05 00:52:10;309;88;24.8;21.8;2.583;1.767;1.196;2.396;0.116;0.532;310
B516D9;2015/03/05 00:52:21;310;96;25.4;21.8;2.583;1.780;1.196;2.429;0.116;0.532;311
B516D9;2015/03/05 00:52:30;311;76;26.7;21.3;2.603;1.780;1.190;2.429;0.116;0.500;312
B516D9;2015/03/05 00:52:41;312;88;30.9;21.5;2.767;1.777;1.190;2.429;0.129;0.519;313
B516D9;2015/03/05 00:52:50;313;74;26.7;21.1;2.735;1.777;1.135;2.429;0.129;0.496;314
B516D9;2015/03/05 00:53:01;314;93;27.0;21.3;2.748;1.764;1.135;2.432;0.129;0.490;315
B516D9;2015/03/05 00:53:10;315;93;27.7;21.0;2.761;1.764;1.196;2.432;0.129;0.538;316
B516D9;2015/03/05 00:53:21;316;94;25.1;21.3;2.812;1.767;1.196;2.432;0.187;0.519;317
B516D9;2015/03/05 00:53:30;317;92;28.3;20.8;2.761;1.767;1.196;2.432;0.187;0.525;318
B516D9;2015/03/05 00:53:41;318;96;27.0;21.7;2.554;1.767;1.196;2.409;0.187;0.525;319
B516D9;2015/03/05 00:53:50;319;91;27.0;22.2;2.580;1.767;1.135;2.409;0.187;0.525;320
B516D9;2015/03/05 00:54:01;320;97;26.4;21.1;2.812;1.793;1.135;2.409;0.170;0.496;321
B516D9;2015/03/05 00:54:10;321;88;30.6;21.8;2.596;1.793;1.158;2.409;0.170;0.500;322
B516D9;2015/03/05 00:54:21;322;88;26.7;21.7;2.709;1.774;1.158;2.435;0.170;0.496;323
B516D9;2015/03/05 00:54:30;323;89;28.7;21.5;2.783;1.774;1.135;2.435;0.170;0.490;324
B516D9;2015/03/05 00:54:41;324;92;30.9;21.8;2.780;1.793;1.135;2.435;0.116;0.506;325
B516D9;2015/03/05 00:54:50;325;85;29.0;21.5;2.564;1.793;1.135;2.435;0.116;0.506;326
B516D9;2015/03/05 00:55:01;326;88;28.0;21.7;2.812;1.780;1.135;2.409;0.116;0.490;327
B516D9;2015/03/05 00:55:10;327;85;29.0;20.6;2.780;1.780;1.132;2.409;0.116;0.496;328
B516D9;2015/03/05 00:55:21;328;84;26.4;21.3;2.583;1.783;1.132;2.409;0.135;0.496;329
B516D9;2015/03/05 00:55:30;329;81;28.3;21.3;2.564;1.783;1.135;2.409;0.135;0.535;330
B516D9;2015/03/05 00:55:41;330;92;27.0;21.7;2.690;1.758;1.135;2.422;0.135;0.519;331
B516D9;2015/03/05 00:55:50;331;84;25.1;21.8;2.583;1.758;1.187;2.422;0.135;0.503;332
B516D9;2015/03/05 00:56:01;332;87;30.9;21.8;2.732;1.780;1.187;2.422;0.129;0.503;333
B516D9;2015/03/05 00:56:10;333;85;29.0;21.3;2.561;1.780;1.135;2.422;0.129;0.509;334
B516D9;2015/03/05 00:56:21;334;86;32.5;21.3;2.580;1.787;1.135;2.374;0.129;0.532;335
B516D9;2015/03/05 00:56:30;335;83;24.1;21.3;2.606;1.787;1.135;2.374;0.129;0.545;336
B516D9;2015/03/05 00:56:41;336;88;24.8;21.1;2.561;1.767;1.135;2.374;0.109;0.516;337
B516D9;2015/03/05 00:56:50;337;95;27.7;21.5;2.622;1.767;1.132;2.374;0.109;0.503;338
B516D9;2015/03/05 00:57:01;338;89;30.0;21.5;2.554;1.790;1.132;2.429;0.109;0.516;339
B516D9;2015/03/05 00:57:10;339;81;27.0;21.0;2.716;1.790;1.180;2.429;0.109;0.512;340
B516D9;2015/03/05 00:57:21;340;76;30.0;21.3;2.780;1.770;1.180;2.429;0.103;0.541;341
B516D9;2015/03/05 00:57:30;341;82;29.0;21.7;2.574;1.770;1.141;2.429;0.103;0.519;342
B516D9;2015/03/05 00:57:41;342;88;27.7;21.7;2.570;1.758;1.141;2.425;0.103;0.509;343
B516D9;2015/03/05 00:57:50;343;95;30.9;21.3;2.806;1.758;1.135;2.425;0.103;0.509;344
B516D9;2015/03/05 00:58:01;344;95;25.1;21.1;2.632;1.777;1.135;2.425;0.109;0.503;345
B516D9;2015/03/05 00:58:10;345;87;27.0;20.8;2.735;1.777;1.135;2.425;0.109;0.512;346
B516D9;2015/03/05 00:58:21;346;96;25.4;20.8;2.761;1.774;1.135;2.393;0.109;0.503;347
B516D9;2015/03/05 00:58:30;347;84;30.3;21.1;2.809;1.774;1.187;2.393;0.109;0.512;348
B516D9;2015/03/05 00:58:41;348;95;25.4;20.8;2.761;1.800;1.187;2.393;0.132;0.496;349
B516D9;2015/03/05 00:58:50;349;78;28.0;21.3;2.767;1.800;1.151;2.393;0.132;0.532;350
B516D9;2015/03/05 00:59:01;350;87;26.1;21.7;2.558;1.793;1.151;2.387;0.132;0.490;351
B516D9;2015/03/05 00:59:10;351;89;25.8;21.7;2.587;1.793;1.135;2.387;0.132;0.512;352
B516D9;2015/03/05 00:59:21;352;94;24.8;21.7;2.567;1.800;1.135;2.387;0.109;0.509;353
B516D9;2015/03/05 00:59:30;353;85;24.1;21.5;2.587;1.800;1.141;2.387;0.109;0.545;354
B516D9;2015/03/05 00:59:41;354;85;28.3;20.8;2.809;1.761;1.141;2.435;0.109;0.551;355
B516D9;2015/03/05 00:59:50;355;87;29.3;21.7;2.722;1.761;1.145;2.435;0.109;0.516;356
B516D9;2015/03/05 01:00:01;356;88;24.5;21.0;2.787;1.770;1.145;2.435;0.180;0.512;357
B516D9;2015/03/05 01:00:17;0;1;28.0;20.8;2.319;-1.000;-1.000;-1.000;-1.000;0.551;1
B516D9;2015/03/05 01:00:36;1;94;30.9;21.5;2.532;-1.000;-1.000;-1.000;-1.000;0.529;2
B516D9;2015/03/05 01:00:47;2;78;31.9;20.6;2.600;1.551;-1.000;2.564;-1.000;0.532;3
B516D9;2015/03/05 01:00:57;3;84;29.3;21.0;2.787;1.551;1.148;2.564;-1.000;0.512;4
B516D9;2015/03/05 01:01:07;4;96;28.0;21.5;2.806;1.625;1.148;2.564;0.138;0.516;5
B516D9;2015/03/05 01:01:17;5;82;28.0;21.1;2.709;1.625;1.141;2.564;0.138;0.525;6
B516D9;2015/03/05 01:01:27;6;91;27.4;21.3;2.806;1.680;1.141;2.329;0.138;0.506;7
B516D9;2015/03/05 01:01:37;7;86;27.0;21.1;2.806;1.680;1.199;2.329;0.138;0.506;8
B516D9;2015/03/05 01:01:47;8;88;26.1;21.1;2.570;1.709;1.199;2.329;0.203;0.538;9
B516D9;2015/03/05 01:01:57;9;88;29.0;21.1;2.561;1.709;1.138;2.329;0.203;0.532;10
B516D9;2015/03/05 01:02:07;10;85;28.3;21.3;2.558;1.748;1.138;2.364;0.203;0.525;11
B516D9;2015/03/05 01:02:17;11;92;29.0;21.1;2.590;1.748;1.138;2.364;0.203;0.509;12
B516D9;2015/03/05 01:02:27;12;88;31.2;21.5;2.712;1.722;1.138;2.364;0.122;0.516;13
B516D9;2015/03/05 01:02:37;13;81;25.1;21.1;2.629;1.722;1.196;2.364;0.122;0.509;14
B516D9;2015/03/05 01:02:47;14;83;29.3;21.5;2.780;1.748;1.196;2.370;0.122;0.522;15
B516D9;2015/03/05 01:02:57;15;85;30.9;21.1;2.816;1.748;1.138;2.370;0.122;0.519;16
B516D9;2015/03/05 01:03:07;16;90;28.0;21.3;2.609;1.777;1.138;2.370;0.161;0.503;17
B516D9;2015/03/05 01:03:17;17;84;29.6;21.3;2.709;1.777;1.135;2.370;0.161;0.525;18
B516D9;2015/03/05 01:03:27;18;88;27.4;21.3;2.558;1.767;1.135;2.380;0.161;0.538;19
B516D9;2015/03/05 01:03:37;19;88;29.6;21.3;2.790;1.767;1.148;2.380;0.161;0.548;20
B516D9;2015/03/05 01:03:47;20;92;31.9;21.5;2.709;1.770;1.148;2.380;0.145;0.551;21
B516D9;2015/03/05 01:03:57;21;89;24.5;21.8;2.619;1.770;1.167;2.380;0.145;0.538;22
B516D9;2015/03/05 01:04:07;22;92;27.7;21.7;2.590;1.787;1.167;2.419;0.145;0.522;23
B516D9;2015/03/05 01:04:17;23;90;29.6;21.3;2.816;1.787;1.135;2.419;0.145;0.509;24
B516D9;2015/03/05 01:04:27;24;86;29.3;21.8;2.593;1.758;1.135;2.419;0.161;0.525;25
B516D9;2015/03/05 01:04:37;25;95;29.0;21.0;2.787;1.758;1.196;2.419;0.161;0.509;26
B516D9;2015/03/05 01:04:47;26;90;27.4;20.8;2.809;1.787;1.196;2.429;0.161;0.516;27
B516D9;2015/03/05 01:04:57;27;90;27.0;21.0;2.732;1.787;1.138;2.429;0.161;0.509;28
B516D9;2015/03/05 01:05:07;28;95;29.3;22.0;2.806;1.770;1.138;2.429;0.122;0.541;29
B516D9;2015/03/05 01:05:17;29;85;32.2;21.0;2.809;1.770;1.154;2.429;0.122;0.509;30
B516D9;2015/03/05 01:05:27;30;83;29.0;21.3;2.812;1.787;1.154;2.419;0.122;0.503;31
B516D9;2015/03/05 01:05:37;31;78;31.6;21.8;2.580;1.787;1.145;2.419;0.122;0.509;32
B516D9;2015/03/05 01:05:47;32;78;27.4;20.6;2.809;1.793;1.145;2.419;0.125;0.525;33
B516D9;2015/03/05 01:05:57;33;82;23.8;21.3;2.561;1.793;1.135;2.419;0.125;0.516;34
B516D9;2015/03/05 01:06:07;34;76;26.1;21.7;2.803;1.767;1.135;2.393;0.125;0.541;35
B516D9;2015/03/05 01:06:17;35;87;29.3;21.3;2.754;1.767;1.135;2.393;0.125;0.512;36
B516D9;2015/03/05 01:06:27;36;83;30.6;20.6;2.806;1.754;1.135;2.393;0.209;0.516;37
B516D9;2015/03/05 01:06:37;37;93;26.7;21.7;2.577;1.754;1.177;2.393;0.209;0.496;38
B516D9;2015/03/05 01:06:47;38;92;28.7;22.0;2.761;1.777;1.177;2.432;0.209;0.535;39
B516D9;2015/03/05 01:06:57;39;86;26.7;20.8;2.754;1.777;1.196;2.432;0.209;0.535;40
B516D9;2015/03/05 01:07:07;40;85;30.9;21.7;2.648;1.758;1.196;2.432;0.122;0.506;41
B516D9;2015/03/05 01:07:17;41;87;26.7;21.8;2.580;1.758;1.199;2.432;0.122;0.509;42
B516D9;2015/03/05 01:07:27;42;87;30.6;21.8;2.780;1.787;1.199;2.432;0.122;0.525;43
B516D9;2015/03/05 01:07:37;43;93;29.0;21.1;2.564;1.787;1.138;2.432;0.122;0.558;44
B516D9;2015/03/05 01:07:47;44;91;24.8;21.0;2.564;1.770;1.138;2.432;0.132;0.522;45
B516D9;2015/03/05 01:07:57;45;87;24.1;21.5;2.677;1.770;1.183;2.432;0.132;0.522;46
B516D9;2015/03/05 01:08:07;46;93;28.7;21.7;2.622;1.787;1.183;2.396;0.132;0.522;47
B516D9;2015/03/05 01:08:17;47;89;26.7;22.0;2.793;1.787;1.141;2.396;0.132;0.522;48
B516D9;2015/03/05 01:08:27;48;96;27.4;21.7;2.606;1.767;1.141;2.396;0.116;0.535;49
B516D9;2015/03/05 01:08:37;49;87;28.3;21.5;2.561;1.767;1.135;2.396;0.116;0.516;50
B516D9;2015/03/05 01:08:47;50;97;29.3;21.3;2.580;1.764;1.135;2.432;0.116;0.538;51
B516D9;2015/03/05 01:08:57;51;94;25.1;21.3;2.580;1.764;1.187;2.432;0.116;0.558;52
B516D9;2015/03/05 01:09:07;52;84;30.6;21.8;2.699;1.787;1.187;2.432;0.232;0.519;53
B516D9;2015/03/05 01:09:17;53;90;29.0;21.1;2.709;1.787;1.164;2.432;0.232;0.561;54
B516D9;2015/03/05 01:09:27;54;89;31.9;21.3;2.590;1.758;1.164;2.419;0.232;0.535;55
B516D9;2015/03/05 01:09:37;55;94;29.0;20.6;2.809;1.758;1.193;2.419;0.232;0.516;56
B516D9;2015/03/05 01:09:47;56;85;27.0;21.3;2.554;1.790;1.193;2.419;0.119;0.509;57
B516D9;2015/03/05 01:09:57;57;92;26.7;21.3;2.596;1.790;1.164;2.419;0.119;0.554;58
B516D9;2015/03/05 01:10:07;58;95;30.9;21.1;2.732;1.764;1.164;2.441;0.119;0.509;59
B516D9;2015/03/05 01:10:17;59;94;30.3;21.1;2.819;1.764;1.135;2.441;0.119;0.516;60
B516D9;2015/03/05 01:10:27;60;84;27.0;21.0;2.590;1.780;1.135;2.441;0.119;0.509;61
B516D9;2015/03/05 01:10:37;61;92;26.7;21.3;2.699;1.780;1.141;2.441;0.119;0.516;62
B516D9;2015/03/05 01:10:47;62;86;29.3;21.3;2.622;1.777;1.141;2.383;0.119;0.545;63
B516D9;2015/03/05 01:10:57;63;83;27.4;21.0;2.732;1.777;1.196;2.383;0.119;0.532;64
B516D9;2015/03/05 01:11:07;64;92;25.4;20.6;2.583;1.796;1.196;2.383;0.116;0.512;65
B516D9;2015/03/05 01:11:17;65;76;31.6;21.3;2.558;1.796;1.170;2.383;0.116;0.516;66
B516D9;2015/03/05 01:11:27;66;86;25.1;21.1;2.554;1.806;1.170;2.396;0.116;0.519;67
B516D9;2015/03/05 01:11:37;67;83;31.2;21.1;2.590;1.806;1.196;2.396;0.116;0.558;68
B516D9;2015/03/05 01:11:47;68;83;24.1;20.6;2.783;1.793;1.196;2.396;0.116;0.522;69
B516D9;2015/03/05 01:11:57;69;92;27.4;20.6;2.819;1.793;1.138;2.396;0.116;0.529;70
B516D9;2015/03/05 01:12:10;0;1;24.1;21.1;2.464;-1.000;-1.000;-1.000;-1.000;0.622;1
B516D9;2015/03/05 01:12:29;1;97;31.6;21.1;2.545;-1.000;-1.000;-1.000;-1.000;0.558;2
B516D9;2015/03/05 01:12:40;2;95;30.6;20.4;2.587;1.554;-1.000;2.551;-1.000;0.551;3
B516D9;2015/03/05 01:12:49;3;83;30.3;21.3;2.806;1.554;1.199;2.551;-1.000;0.538;4
B516D9;2015/03/05 01:13:00;4;86;29.0;21.7;2.787;1.587;1.199;2.551;0.151;0.529;5
B516D9;2015/03/05 01:13:09;5;83;30.6;21.1;2.577;1.587;1.193;2.551;0.151;0.509;6
B516D9;2015/03/05 01:13:20;6;91;27.4;21.7;2.606;1.667;1.193;2.335;0.151;0.545;7
B516D9;2015/03/05 01:13:29;7;89;30.0;21.1;2.709;1.667;1.199;2.335;0.151;0.554;8
B516D9;2015/03/05 01:13:40;8;87;25.8;21.0;2.574;1.719;1.199;2.335;0.190;0.541;9
B516D9;2015/03/05 01:13:49;9;83;29.6;21.3;2.799;1.719;1.154;2.335;0.190;0.525;10
B516D9;2015/03/05 01:14:00;10;91;27.7;20.8;2.799;1.754;1.154;2.390;0.190;0.503;11
B516D9;2015/03/05 01:14:09;11;94;30.0;21.1;2.619;1.754;1.141;2.390;0.190;0.500;12
B516D9;2015/03/05 01:14:20;12;86;28.0;21.5;2.748;1.745;1.141;2.390;0.132;0.525;13
B516D9;2015/03/05 01:14:29;13;84;24.5;21.7;2.583;1.745;1.199;2.390;0.132;0.496;14
B516D9;2015/03/05 01:14:40;14;88;28.7;21.3;2.567;1.732;1.199;2.419;0.132;0.519;15
B516D9;2015/03/05 01:14:49;15;83;31.2;21.1;2.616;1.732;1.141;2.419;0.132;0.490;16
B516D9;2015/03/05 01:15:00;16;88;28.3;21.0;2.809;1.774;1.141;2.419;0.125;0.493;17
B516D9;2015/03/05 01:15:09;17;85;27.7;21.0;2.741;1.774;1.199;2.419;0.125;0.496;18
B516D9;2015/03/05 01:15:20;18;91;25.4;20.8;2.809;1.758;1.199;2.432;0.125;0.519;19
B516D9;2015/03/05 01:15:29;19;86;29.3;21.3;2.583;1.758;1.151;2.432;0.125;0.496;20
B516D9;2015/03/05 01:15:40;20;87;27.4;21.1;2.812;1.790;1.151;2.432;0.129;0.509;21
B516D9;2015/03/05 01:15:49;21;77;26.1;21.7;2.580;1.790;1.170;2.432;0.129;0.519;22
B516D9;2015/03/05 01:16:00;22;88;24.1;20.6;2.770;1.758;1.170;2.409;0.129;0.503;23
B516D9;2015/03/05 01:16:09;23;87;27.0;21.0;2.748;1.758;1.170;2.409;0.129;0.529;24
B516D9;2015/03/05 01:16:20;24;93;30.9;20.8;2.558;1.758;1.170;2.409;0.141;0.496;25
B516D9;2015/03/05 01:16:29;25;89;27.0;20.6;2.741;1.758;1.183;2.409;0.141;0.512;26
B516D9;2015/03/05 01:16:40;26;93;26.4;20.8;2.819;1.761;1.183;2.403;0.141;0.541;27
B516D9;2015/03/05 01:16:49;27;90;29.0;21.5;2.783;1.761;1.141;2.403;0.141;0.506;28
B516D9;2015/03/05 01:17:00;28;78;25.4;21.3;2.580;1.761;1.141;2.403;0.190;0.532;29
B516D9;2015/03/05 01:17:09;29;95;29.3;21.5;2.609;1.761;1.154;2.403;0.190;0.490;30
B516D9;2015/03/05 01:17:20;30;85;28.7;21.5;2.667;1.764;1.154;2.419;0.190;0.541;31
B516D9;2015/03/05 01:17:29;31;82;29.6;21.3;2.709;1.764;1.141;2.419;0.190;0.529;32
B516D9;2015/03/05 01:17:40;32;96;29.6;22.2;2.806;1.783;1.141;2.419;0.122;0.503;33
B516D9;2015/03/05 01:17:49;33;93;26.7;22.5;2.806;1.783;1.164;2.419;0.122;0.538;34
B516D9;2015/03/05 01:18:00;34;81;25.8;21.0;2.819;1.796;1.164;2.429;0.122;0.503;35
B516D9;2015/03/05 01:18:09;35;90;28.7;21.5;2.583;1.796;1.161;2.429;0.122;0.532;36
B516D9;2015/03/05 01:18:20;36;92;29.3;21.8;2.719;1.758;1.161;2.429;0.129;0.541;37
B516D9;2015/03/05 01:18:29;37;87;30.9;21.1;2.809;1.758;1.158;2.429;0.129;0.541;38
B516D9;2015/03/05 01:18:40;38;83;28.3;21.7;2.603;1.780;1.158;2.387;0.129;0.535;39
B516D9;2015/03/05 01:18:49;39;83;32.5;20.6;2.774;1.780;1.141;2.387;0.129;0.506;40
B516D9;2015/03/05 01:19:00;40;90;24.5;21.7;2.812;1.780;1.141;2.387;0.119;0.509;41
B516D9;2015/03/05 01:19:09;41;88;31.6;21.7;2.816;1.780;1.138;2.387;0.119;0.535;42
B516D9;2015/03/05 01:19:20;42;95;24.8;20.6;2.583;1.767;1.138;2.422;0.119;0.545;43
B516D9;2015/03/05 01:19:29;43;77;31.6;21.7;2.812;1.767;1.158;2.422;0.119;0.512;44
B516D9;2015/03/05 01:19:40;44;97;28.0;21.5;2.558;1.780;1.158;2.422;0.135;0.538;45
B516D9;2015/03/05 01:19:49;45;88;28.7;21.0;2.787;1.780;1.190;2.422;0.135;0.532;46
B516D9;2015/03/05 01:20:00;46;87;24.8;21.5;2.606;1.774;1.190;2.441;0.135;0.509;47
B516D9;2015/03/05 01:20:09;47;82;24.5;21.3;2.609;1.774;1.141;2.441;0.135;0.535;48
B516D9;2015/03/05 01:20:20;48;93;26.1;21.3;2.583;1.787;1.141;2.441;0.109;0.541;49
B516D9;2015/03/05 01:20:29;49;88;29.3;21.0;2.793;1.787;1.196;2.441;0.109;0.541;50
B516D9;2015/03/05 01:20:40;50;86;24.1;21.0;2.787;1.803;1.196;2.387;0.109;0.503;51
B516D9;2015/03/05 01:20:49;51;85;26.7;21.0;2.738;1.803;1.170;2.387;0.109;0.525;52
B516D9;2015/03/05 01:21:00;52;90;26.7;21.7;2.570;1.761;1.170;2.387;0.109;0.538;53
B516D9;2015/03/05 01:21:09;53;95;27.4;20.8;2.729;1.761;1.141;2.387;0.109;0.532;54
B516D9;2015/03/05 01:21:20;54;89;28.3;21.8;2.658;1.777;1.141;2.383;0.109;0.551;55
B516D9;2015/03/05 01:21:29;55;84;25.8;21.5;2.774;1.777;1.167;2.383;0.109;0.512;56
B516D9;2015/03/05 01:21:40;56;83;26.1;21.1;2.658;1.793;1.167;2.383;0.122;0.545;57
B516D9;2015/03/05 01:21:49;57;91;26.4;21.5;2.632;1.793;1.151;2.383;0.122;0.554;58
B516D9;2015/03/05 01:22:00;58;88;28.3;21.7;2.564;1.767;1.151;2.396;0.122;0.545;59
B516D9;2015/03/05 01:22:09;59;92;29.0;21.3;2.780;1.767;1.158;2.396;0.122;0.541;60
B516D9;2015/03/05 01:22:20;60;88;31.9;21.5;2.706;1.777;1.158;2.396;0.141;0.538;61
B516D9;2015/03/05 01:22:29;61;83;27.0;21.1;2.725;1.777;1.203;2.396;0.141;0.506;62
B516D9;2015/03/05 01:22:40;62;92;28.0;21.0;2.570;1.770;1.203;2.445;0.141;0.564;63
B516D9;2015/03/05 01:22:49;63;80;30.3;21.3;2.774;1.770;1.138;2.445;0.141;0.538;64
B516D9;2015/03/05 01:23:00;64;85;27.7;21.0;2.812;1.770;1.138;2.445;0.132;0.509;65
B516D9;2015/03/05 01:23:09;65;93;24.5;21.5;2.619;1.770;1.141;2.445;0.132;0.538;66
B516D9;2015/03/05 01:23:20;66;83;26.4;21.1;2.583;1.764;1.141;2.396;0.132;0.522;67
B516D9;2015/03/05 01:23:29;67;83;25.4;21.5;2.787;1.764;1.164;2.396;0.132;0.532;68
B516D9;2015/03/05 01:23:40;68;90;27.0;21.1;2.819;1.764;1.164;2.396;0.206;0.554;69
B516D9;2015/03/05 01:23:49;69;89;32.5;20.6;2.816;1.764;1.196;2.396;0.206;0.522;70
B516D9;2015/03/05 01:24:00;70;88;25.1;21.1;2.622;1.761;1.196;2.429;0.206;0.545;71
B516D9;2015/03/05 01:24:09;0;1;24.8;20.8;2.464;-1.000;-1.000;-1.000;-1.000;0.580;1
B516D9;2015/03/05 01:24:28;1;100;28.7;20.3;2.625;-1.000;-1.000;-1.000;-1.000;0.612;2
B516D9;2015/03/05 01:24:38;2;89;25.4;21.1;2.803;1.558;-1.000;2.538;-1.000;0.567;3
B516D9;2015/03/05 01:24:48;3;88;30.6;21.5;2.577;1.558;1.151;2.538;-1.000;0.535;4
B516D9;2015/03/05 01:24:58;4;95;29.6;21.5;2.799;1.580;1.151;2.538;0.154;0.558;5
B516D9;2015/03/05 01:25:08;5;81;24.8;21.3;2.616;1.580;1.145;2.538;0.154;0.554;6
B516D9;2015/03/05 01:25:18;6;83;27.4;21.7;2.577;1.677;1.145;2.299;0.154;0.522;7
B516D9;2015/03/05 01:25:28;7;93;31.6;21.0;2.809;1.677;1.177;2.299;0.154;0.558;8
B516D9;2015/03/05 01:25:38;8;93;28.0;21.1;2.596;1.696;1.177;2.299;0.261;0.538;9
B516D9;2015/03/05 01:25:48;9;95;32.2;21.0;2.809;1.696;1.141;2.299;0.261;0.532;10
B516D9;2015/03/05 01:25:58;10;81;24.5;20.8;2.780;1.709;1.141;2.403;0.261;0.551;11
B516D9;2015/03/05 01:26:08;11;93;30.0;21.5;2.596;1.709;1.145;2.403;0.261;0.532;12
B516D9;2015/03/05 01:26:18;12;83;28.0;21.5;2.722;1.722;1.145;2.403;0.183;0.538;13
B516D9;2015/03/05 01:26:28;13;82;30.9;21.3;2.677;1.722;1.148;2.403;0.183;0.548;14
B516D9;2015/03/05 01:26:38;14;89;24.8;21.0;2.554;1.729;1.148;2.422;0.183;0.529;15
B516D9;2015/03/05 01:26:48;15;83;29.6;21.1;2.819;1.729;1.141;2.422;0.183;0.522;16
B516D9;2015/03/05 01:26:58;16;83;29.3;21.5;2.645;1.745;1.141;2.422;0.122;0.551;17
B516D9;2015/03/05 01:27:08;17;93;27.0;20.6;2.722;1.745;1.154;2.422;0.122;0.512;18
B516D9;2015/03/05 01:27:18;18;95;30.0;20.4;2.754;1.764;1.154;2.422;0.122;0.532;19
B516D9;2015/03/05 01:27:28;19;88;24.5;21.1;2.616;1.764;1.206;2.422;0.122;0.522;20
B516D9;2015/03/05 01:27:38;20;88;30.9;21.7;2.770;1.783;1.206;2.422;0.132;0.506;21
B516D9;2015/03/05 01:27:48;21;93;29.0;21.3;2.799;1.783;1.154;2.422;0.132;0.519;22
B516D9;2015/03/05 01:27:58;22;88;28.0;21.8;2.761;1.777;1.154;2.387;0.132;0.564;23
B516D9;2015/03/05 01:28:08;23;94;25.4;21.7;2.687;1.777;1.199;2.387;0.132;0.541;24
B516D9;2015/03/05 01:28:18;24;89;24.1;20.8;2.551;1.787;1.199;2.387;0.238;0.506;25
B516D9;2015/03/05 01:28:28;25;87;26.1;22.2;2.703;1.787;1.141;2.387;0.238;0.516;26
B516D9;2015/03/05 01:28:38;26;91;24.5;21.0;2.554;1.774;1.141;2.380;0.238;0.522;27
B516D9;2015/03/05 01:28:48;27;76;27.7;21.1;2.748;1.774;1.158;2.380;0.238;0.512;28
B516D9;2015/03/05 01:28:58;28;93;25.1;21.3;2.561;1.774;1.158;2.380;0.129;0.512;29
B516D9;2015/03/05 01:29:08;29;88;24.1;21.3;2.719;1.774;1.148;2.380;0.129;0.535;30
B516D9;2015/03/05 01:29:18;30;81;28.7;21.3;2.619;1.770;1.148;2.387;0.129;0.541;31
B516D9;2015/03/05 01:29:28;31;87;27.0;20.8;2.709;1.770;1.196;2.387;0.129;0.551;32
B516D9;2015/03/05 01:29:38;32;95;29.3;21.5;2.799;1.761;1.196;2.387;0.116;0.512;33
B516D9;2015/03/05 01:29:48;33;81;26.1;22.0;2.664;1.761;1.141;2.387;0.116;0.538;34
B516D9;2015/03/05 01:29:58;34;91;30.9;21.8;2.616;1.787;1.141;2.399;0.116;0.519;35
B516D9;2015/03/05 01:30:08;35;88;30.0;21.7;2.616;1.787;1.193;2.399;0.116;0.532;36
B516D9;2015/03/05 01:30:18;36;84;28.7;21.5;2.761;1.787;1.193;2.399;0.125;0.529;37
B516D9;2015/03/05 01:30:28;37;83;24.8;21.8;2.580;1.787;1.206;2.399;0.125;0.512;38
B516D9;2015/03/05 01:30:38;38;92;29.0;21.1;2.603;1.800;1.206;2.387;0.125;0.532;39
B516D9;2015/03/05 01:30:48;39;84;26.1;21.5;2.622;1.800;1.145;2.387;0.125;0.512;40
B516D9;2015/03/05 01:30:58;40;83;24.8;21.1;2.648;1.800;1.145;2.387;0.187;0.506;41
B516D9;2015/03/05 01:31:08;41;78;23.8;21.5;2.725;1.800;1.145;2.387;0.187;0.541;42
B516D9;2015/03/05 01:31:18;42;87;24.1;20.8;2.780;1.800;1.145;2.387;0.187;0.516;43
B516D9;2015/03/05 01:31:28;43;83;28.3;21.7;2.683;1.800;1.193;2.387;0.187;0.541;44
B516D9;2015/03/05 01:31:38;44;93;25.1;21.1;2.809;1.767;1.193;2.387;0.116;0.522;45
B516D9;2015/03/05 01:31:48;45;87;25.4;21.7;2.641;1.767;1.145;2.387;0.116;0.496;46
B516D9;2015/03/05 01:31:58;46;85;27.4;21.5;2.812;1.790;1.145;2.403;0.116;0.503;47
B516D9;2015/03/05 01:32:08;47;91;24.8;22.0;2.787;1.790;1.148;2.403;0.116;0.532;48
B516D9;2015/03/05 01:32:18;48;89;30.3;21.8;2.725;1.800;1.148;2.403;0.132;0.490;49
B516D9;2015/03/05 01:32:28;49;93;29.0;21.7;2.787;1.800;1.141;2.403;0.132;0.496;50
B516D9;2015/03/05 01:32:38;50;88;29.3;21.5;2.774;1.764;1.141;2.406;0.132;0.503;51
B516D9;2015/03/05 01:32:48;51;87;30.9;21.3;2.761;1.764;1.199;2.406;0.132;0.525;52
B516D9;2015/03/05 01:32:58;52;83;30.3;21.5;2.725;1.800;1.199;2.406;0.122;0.503;53
B516D9;2015/03/05 01:33:08;53;94;24.1;21.3;2.574;1.800;1.145;2.406;0.122;0.519;54
B516D9;2015/03/05 01:33:18;54;87;32.2;21.8;2.748;1.790;1.145;2.419;0.122;0.503;55
B516D9;2015/03/05 01:33:28;55;78;31.2;21.8;2.577;1.790;1.193;2.419;0.122;0.512;56
B516D9;2015/03/05 01:33:38;56;92;30.9;21.8;2.761;1.770;1.193;2.419;0.170;0.519;57
B516D9;2015/03/05 01:33:48;57;83;26.7;22.0;2.687;1.770;1.203;2.419;0.170;0.496;58
B516D9;2015/03/05 01:33:58;58;89;24.5;21.1;2.561;1.806;1.203;2.406;0.170;0.503;59
B516D9;2015/03/05 01:34:08;59;93;24.5;21.1;2.609;1.806;1.167;2.406;0.170;0.535;60
B516D9;2015/03/05 01:34:18;60;86;27.0;21.7;2.761;1.764;1.167;2.406;0.109;0.525;61
B516D9;2015/03/05 01:34:28;61;79;27.7;20.6;2.754;1.764;1.161;2.406;0.109;0.541;62
B516D9;2015/03/05 01:34:38;62;92;30.3;21.3;2.603;1.770;1.161;2.438;0.109;0.525;63
B516D9;2015/03/05 01:34:48;63;84;26.7;21.1;2.703;1.770;1.174;2.438;0.109;0.532;64
B516D9;2015/03/05 01:34:58;64;92;26.7;21.3;2.645;1.793;1.174;2.438;0.151;0.541;65
B516D9;2015/03/05 01:35:08;65;84;24.5;21.3;2.561;1.793;1.193;2.438;0.151;0.522;66
B516D9;2015/03/05 01:35:18;66;92;28.7;21.0;2.612;1.793;1.193;2.422;0.151;0.551;67
B516D9;2015/03/05 01:35:28;67;93;26.7;21.3;2.799;1.793;1.141;2.422;0.151;0.522;68
B516D9;2015/03/05 01:35:38;68;92;24.5;20.6;2.590;1.774;1.141;2.422;0.116;0.538;69
B516D9;2015/03/05 01:35:48;69;83;32.9;20.6;2.754;1.774;1.206;2.422;0.116;0.522;70
B516D9;2015/03/05 01:35:58;70;78;26.1;21.1;2.574;1.800;1.206;2.435;0.116;0.538;71
B516D9;2015/03/05 01:36:10;0;1;25.4;21.1;2.206;-1.000;-1.000;-1.000;-1.000;0.580;1
B516D9;2015/03/05 01:36:29;1;100;25.1;21.5;2.780;-1.000;-1.000;-1.000;-1.000;0.561;2
B516D9;2015/03/05 01:36:39;2;88;30.3;21.0;2.716;1.525;-1.000;2.545;-1.000;0.558;3
B516D9;2015/03/05 01:36:49;3;78;24.1;21.3;2.622;1.525;1.196;2.545;-1.000;0.525;4
B516D9;2015/03/05 01:36:59;4;90;30.9;21.5;2.799;1.583;1.196;2.545;0.174;0.535;5
B516D9;2015/03/05 01:37:09;5;92;26.7;21.5;2.616;1.583;1.164;2.545;0.174;0.551;6
B516D9;2015/03/05 01:37:19;6;92;29.6;21.3;2.806;1.699;1.164;2.354;0.174;0.522;7
B516D9;2015/03/05 01:37:29;7;91;28.3;21.5;2.619;1.699;1.212;2.354;0.174;0.516;8
B516D9;2015/03/05 01:37:39;8;94;29.6;21.5;2.806;1.706;1.212;2.354;0.135;0.538;9
B516D9;2015/03/05 01:37:49;9;87;27.4;21.1;2.722;1.706;1.154;2.354;0.135;0.545;10
B516D9;2015/03/05 01:37:59;10;87;30.0;21.1;2.548;1.741;1.154;2.345;0.135;0.519;11
B516D9;2015/03/05 01:38:09;11;84;26.1;21.7;2.580;1.741;1.164;2.345;0.135;0.545;12
B516D9;2015/03/05 01:38:19;12;95;27.0;21.5;2.709;1.729;1.164;2.345;0.125;0.551;13
B516D9;2015/03/05 01:38:29;13;78;27.7;21.8;2.574;1.729;1.148;2.345;0.125;0.538;14
B516D9;2015/03/05 01:38:39;14;89;27.4;21.3;2.593;1.732;1.148;2.416;0.125;0.545;15
B516D9;2015/03/05 01:38:49;15;93;24.8;21.5;2.622;1.732;1.167;2.416;0.125;0.551;16
B516D9;2015/03/05 01:38:59;16;97;28.3;21.3;2.551;1.754;1.167;2.416;0.132;0.525;17
B516D9;2015/03/05 01:39:09;17;88;30.3;21.1;2.564;1.754;1.170;2.416;0.132;0.522;18
B516D9;2015/03/05 01:39:19;18;90;24.8;21.5;2.600;1.751;1.170;2.393;0.132;0.545;19
B516D9;2015/03/05 01:39:29;19;84;28.3;21.8;2.577;1.751;1.151;2.393;0.132;0.525;20
B516D9;2015/03/05 01:39:39;20;91;28.3;22.7;2.561;1.754;1.151;2.393;0.122;0.551;21
B516D9;2015/03/05 01:39:49;21;84;23.8;21.8;2.606;1.754;1.151;2.393;0.122;0.516;22
B516D9;2015/03/05 01:39:59;22;86;24.1;21.7;2.806;1.767;1.151;2.387;0.122;0.522;23
B516D9;2015/03/05 01:40:09;23;88;28.3;21.0;2.658;1.767;1.148;2.387;0.122;0.506;24
B516D9;2015/03/05 01:40:19;24;83;27.4;21.3;2.732;1.754;1.148;2.387;0.129;0.516;25
B516D9;2015/03/05 01:40:29;25;88;28.3;21.7;2.564;1.754;1.148;2.387;0.129;0.509;26
B516D9;2015/03/05 01:40:39;26;94;25.1;21.1;2.564;1.787;1.148;2.406;0.129;0.525;27
B516D9;2015/03/05 01:40:49;27;90;31.9;21.8;2.783;1.787;1.199;2.406;0.129;0.509;28
B516D9;2015/03/05 01:40:59;28;88;26.7;21.8;2.600;1.764;1.199;2.406;0.122;0.541;29
B516D9;2015/03/05 01:41:09;29;87;25.4;21.1;2.709;1.764;1.187;2.406;0.122;0.509;30
B516D9;2015/03/05 01:41:19;30;91;23.8;21.8;2.580;1.764;1.187;2.399;0.122;0.532;31
B516D9;2015/03/05 01:41:29;31;78;24.1;21.8;2.609;1.764;1.170;2.399;0.122;0.512;32
B516D9;2015/03/05 01:41:39;32;89;26.7;22.0;2.699;1.783;1.170;2.399;0.190;0.525;33
B516D9;2015/03/05 01:41:49;33;90;25.4;21.5;2.658;1.783;1.148;2.399;0.190;0.516;34
B516D9;2015/03/05 01:41:59;34;93;24.5;20.8;2.561;1.774;1.148;2.399;0.190;0.551;35
B516D9;2015/03/05 01:42:09;35;88;29.0;21.3;2.812;1.774;1.148;2.399;0.190;0.509;36
B516D9;2015/03/05 01:42:19;36;83;29.0;20.6;2.593;1.777;1.148;2.399;0.170;0.545;37
B516D9;2015/03/05 01:42:29;37;78;24.5;21.8;2.609;1.777;1.190;2.399;0.170;0.512;38
B516D9;2015/03/05 01:42:39;38;91;28.7;21.7;2.574;1.761;1.190;2.441;0.170;0.554;39
B516D9;2015/03/05 01:42:49;39;88;25.4;21.7;2.674;1.761;1.145;2.441;0.170;0.516;40
B516D9;2015/03/05 01:42:59;40;88;28.7;21.7;2.564;1.761;1.145;2.441;0.138;0.525;41
B516D9;2015/03/05 01:43:09;41;77;29.3;21.3;2.816;1.761;1.148;2.441;0.138;0.516;42
B516D9;2015/03/05 01:43:19;42;91;28.0;21.8;2.735;1.770;1.148;2.422;0.138;0.551;43
B516D9;2015/03/05 01:43:29;43;88;30.0;21.8;2.622;1.770;1.148;2.422;0.138;0.516;44
B516D9;2015/03/05 01:43:39;44;90;25.1;21.7;2.574;1.783;1.148;2.422;0.132;0.525;45
B516D9;2015/03/05 01:43:49;45;85;27.4;21.1;2.748;1.783;1.206;2.422;0.132;0.551;46
B516D9;2015/03/05 01:43:59;46;87;30.6;21.8;2.658;1.780;1.206;2.399;0.132;0.525;47
B516D9;2015/03/05 01:44:09;47;96;26.7;21.0;2.716;1.780;1.212;2.399;0.132;0.545;48
B516D9;2015/03/05 01:44:19;48;94;24.8;20.8;2.767;1.803;1.212;2.399;0.125;0.535;49
B516D9;2015/03/05 01:44:29;49;84;29.6;21.1;2.787;1.803;1.196;2.399;0.125;0.522;50
B516D9;2015/03/05 01:44:39;50;85;31.6;21.8;2.738;1.764;1.196;2.380;0.125;0.545;51
B516D9;2015/03/05 01:44:49;51;78;24.1;21.8;2.622;1.764;1.148;2.380;0.125;0.570;52
B516D9;2015/03/05 01:44:59;52;90;29.6;22.2;2.722;1.764;1.148;2.380;0.125;0.545;53
B516D9;2015/03/05 01:45:09;53;89;26.1;21.7;2.596;1.764;1.148;2.380;0.125;0.532;54
B516D9;2015/03/05 01:45:19;54;90;25.4;20.8;2.767;1.800;1.148;2.435;0.125;0.529;55
B516D9;2015/03/05 01:45:29;55;83;24.5;21.8;2.629;1.800;1.145;2.435;0.125;0.551;56
B516D9;2015/03/05 01:45:39;56;95;24.1;21.3;2.780;1.800;1.145;2.435;0.116;0.529;57
B516D9;2015/03/05 01:45:49;57;92;26.7;21.1;2.806;1.800;1.148;2.435;0.116;0.538;58
B516D9;2015/03/05 01:45:59;58;87;30.9;21.7;2.622;1.764;1.148;2.390;0.116;0.535;59
B516D9;2015/03/05 01:46:09;59;87;30.3;21.1;2.809;1.764;1.145;2.390;0.116;0.522;60
B516D9;2015/03/05 01:46:19;60;88;26.7;21.3;2.558;1.764;1.145;2.390;0.145;0.545;61
B516D9;2015/03/05 01:46:29;61;90;26.7;21.1;2.696;1.764;1.151;2.390;0.145;0.535;62
B516D9;2015/03/05 01:46:39;62;97;30.9;21.5;2.780;1.764;1.151;2.390;0.145;0.558;63
B516D9;2015/03/05 01:46:49;63;84;30.3;21.3;2.799;1.764;1.148;2.390;0.145;0.522;64
B516D9;2015/03/05 01:46:59;64;90;29.6;21.5;2.725;1.803;1.148;2.390;0.106;0.529;65
B516D9;2015/03/05 01:47:09;65;88;28.7;21.3;2.819;1.803;1.170;2.390;0.106;0.522;66
B516D9;2015/03/05 01:47:19;66;95;26.7;21.7;2.577;1.790;1.170;2.422;0.106;0.561;67
B516D9;2015/03/05 01:47:29;67;75;28.0;21.0;2.816;1.790;1.164;2.422;0.106;0.545;68
B516D9;2015/03/05 01:47:39;68;93;24.8;21.1;2.574;1.767;1.164;2.422;0.109;0.522;69
B516D9;2015/03/05 01:47:49;69;78;30.9;21.1;2.787;1.767;1.177;2.422;0.109;0.574;70
B516D9;2015/03/05 01:47:59;70;93;26.7;21.1;2.587;1.767;1.177;2.396;0.109;0.519;71
B516D9;2015/03/05 01:48:10;0;1;30.6;21.1;2.306;-1.000;-1.000;-1.000;-1.000;0.583;1
B516D9;2015/03/05 01:48:29;1;100;24.5;21.0;2.741;-1.000;-1.000;-1.000;-1.000;0.554;2
B516D9;2015/03/05 01:48:39;2;84;31.6;21.0;2.580;1.551;-1.000;2.516;-1.000;0.558;3
B516D9;2015/03/05 01:48:49;3;92;24.5;21.1;2.729;1.551;1.222;2.516;-1.000;0.551;4
B516D9;2015/03/05 01:48:59;4;88;24.5;20.8;2.590;1.622;1.222;2.516;0.158;0.519;5
B516D9;2015/03/05 01:49:09;5;90;29.6;21.0;2.799;1.622;1.164;2.516;0.158;0.545;6
B516D9;2015/03/05 01:49:19;6;85;30.9;21.7;2.680;1.687;1.164;2.322;0.158;0.519;7
B516D9;2015/03/05 01:49:29;7;84;25.4;21.5;2.761;1.687;1.154;2.322;0.158;0.516;8
B516D9;2015/03/05 01:49:39;8;83;26.7;21.7;2.577;1.706;1.154;2.322;0.132;0.538;9
B516D9;2015/03/05 01:49:49;9;78;28.3;20.6;2.748;1.706;1.212;2.322;0.132;0.509;10
B516D9;2015/03/05 01:49:59;10;95;32.2;21.5;2.806;1.745;1.212;2.358;0.132;0.522;11
B516D9;2015/03/05 01:50:09;11;83;24.5;21.1;2.616;1.745;1.151;2.358;0.132;0.509;12
B516D9;2015/03/05 01:50:19;12;78;26.7;21.1;2.712;1.729;1.151;2.358;0.135;0.525;13
B516D9;2015/03/05 01:50:29;13;89;24.1;21.3;2.583;1.729;1.206;2.358;0.135;0.509;14
B516D9;2015/03/05 01:50:39;14;88;29.6;21.1;2.787;1.770;1.206;2.380;0.135;0.551;15
B516D9;2015/03/05 01:50:49;15;93;26.1;20.8;2.725;1.770;1.209;2.380;0.135;0.529;16
B516D9;2015/03/05 01:50:59;16;93;24.8;21.3;2.793;1.780;1.209;2.380;0.122;0.509;17
B516D9;2015/03/05 01:51:09;17;82;27.0;20.6;2.806;1.780;1.203;2.380;0.122;0.506;18
B516D9;2015/03/05 01:51:19;18;88;24.5;20.6;2.774;1.777;1.203;2.399;0.122;0.545;19
B516D9;2015/03/05 01:51:29;19;83;30.0;21.3;2.622;1.777;1.203;2.399;0.122;0.561;20
B516D9;2015/03/05 01:51:39;20;97;26.7;21.1;2.580;1.761;1.203;2.399;0.129;0.538;21
B516D9;2015/03/05 01:51:49;21;85;32.9;20.6;2.825;1.761;1.158;2.399;0.129;0.525;22
B516D9;2015/03/05 01:51:59;22;87;30.3;21.3;2.648;1.790;1.158;2.432;0.129;0.512;23
B516D9;2015/03/05 01:52:09;23;82;28.0;21.3;2.751;1.790;1.170;2.432;0.129;0.525;24
B516D9;2015/03/05 01:52:19;24;88;31.6;21.3;2.596;1.796;1.170;2.432;0.125;0.516;25
B516D9;2015/03/05 01:52:29;25;88;29.0;21.0;2.793;1.796;1.148;2.432;0.125;0.516;26
B516D9;2015/03/05 01:52:39;26;87;28.0;21.1;2.738;1.754;1.148;2.396;0.125;0.509;27
B516D9;2015/03/05 01:52:49;27;83;24.1;21.7;2.577;1.754;1.196;2.396;0.125;0.522;28
B516D9;2015/03/05 01:52:59;28;83;30.9;20.6;2.799;1.761;1.196;2.396;0.180;0.541;29
B516D9;2015/03/05 01:53:09;29;88;31.6;21.3;2.816;1.761;1.212;2.396;0.180;0.525;30
B516D9;2015/03/05 01:53:19;30;81;29.3;21.5;2.764;1.761;1.212;2.399;0.180;0.538;31
B516D9;2015/03/05 01:53:29;31;84;24.5;21.7;2.564;1.761;1.212;2.399;0.180;0.538;32
B516D9;2015/03/05 01:53:39;32;85;27.4;21.7;2.558;1.803;1.212;2.399;0.122;0.532;33
B516D9;2015/03/05 01:53:49;33;92;28.3;20.6;2.819;1.803;1.151;2.399;0.122;0.529;34
B516D9;2015/03/05 01:53:59;34;80;28.3;21.1;2.603;1.761;1.151;2.393;0.122;0.538;35
B516D9;2015/03/05 01:54:09;35;80;27.4;21.0;2.748;1.761;1.170;2.393;0.122;0.551;36
B516D9;2015/03/05 01:54:19;36;90;26.4;21.7;2.787;1.790;1.170;2.393;0.125;0.535;37
B516D9;2015/03/05 01:54:29;37;91;27.0;21.1;2.816;1.790;1.148;2.393;0.125;0.522;38
B516D9;2015/03/05 01:54:39;38;91;24.5;20.6;2.580;1.780;1.148;2.448;0.125;0.545;39
B516D9;2015/03/05 01:54:49;39;77;29.6;21.3;2.777;1.780;1.148;2.448;0.125;0.522;40
B516D9;2015/03/05 01:54:59;40;94;29.6;21.7;2.622;1.770;1.148;2.448;0.122;0.522;41
B516D9;2015/03/05 01:55:09;41;85;26.1;21.8;2.641;1.770;1.148;2.448;0.122;0.535;42
B516D9;2015/03/05 01:55:19;42;93;26.1;21.7;2.816;1.787;1.148;2.416;0.122;0.529;43
B516D9;2015/03/05 01:55:29;43;95;29.6;21.3;2.722;1.787;1.196;2.416;0.122;0.564;44
B516D9;2015/03/05 01:55:39;44;88;30.9;21.5;2.693;1.777;1.196;2.416;0.116;0.558;45
B516D9;2015/03/05 01:55:49;45;91;26.1;20.8;2.799;1.777;1.167;2.416;0.116;0.538;46
B516D9;2015/03/05 01:55:59;46;88;25.4;21.0;2.796;1.803;1.167;2.441;0.116;0.545;47
B516D9;2015/03/05 01:56:09;47;87;31.6;21.0;2.819;1.803;1.209;2.441;0.116;0.529;48
B516D9;2015/03/05 01:56:19;48;97;29.0;20.8;2.812;1.796;1.209;2.441;0.116;0.535;49
B516D9;2015/03/05 01:56:29;49;83;30.9;21.1;2.738;1.796;1.203;2.441;0.116;0.529;50
B516D9;2015/03/05 01:56:39;50;92;27.0;21.7;2.780;1.806;1.203;2.399;0.116;0.567;51
B516D9;2015/03/05 01:56:49;51;83;29.3;21.1;2.561;1.806;1.151;2.399;0.116;0.529;52
B516D9;2015/03/05 01:56:59;52;83;25.8;21.0;2.767;1.767;1.151;2.399;0.122;0.551;53
B516D9;2015/03/05 01:57:09;53;84;28.3;20.6;2.780;1.767;1.151;2.399;0.122;0.525;54
B516D9;2015/03/05 01:57:19;54;93;24.1;21.3;2.554;1.793;1.151;2.406;0.122;0.512;55
B516D9;2015/03/05 01:57:29;55;87;25.4;21.5;2.641;1.793;1.151;2.406;0.122;0.541;56
B516D9;2015/03/05 01:57:39;56;92;27.7;21.1;2.806;1.774;1.151;2.406;0.125;0.532;57
B516D9;2015/03/05 01:57:49;57;81;25.4;21.5;2.583;1.774;1.151;2.406;0.125;0.535;58
B516D9;2015/03/05 01:57:59;58;88;28.3;21.5;2.558;1.796;1.151;2.441;0.125;0.532;59
B516D9;2015/03/05 01:58:09;59;91;29.6;21.3;2.816;1.796;1.154;2.441;0.125;0.535;60
B516D9;2015/03/05 01:58:19;60;94;27.0;21.0;2.725;1.777;1.154;2.441;0.122;0.519;61
B516D9;2015/03/05 01:58:29;61;83;26.7;21.1;2.822;1.777;1.216;2.441;0.122;0.500;62
B516D9;2015/03/05 01:58:39;62;96;26.1;21.7;2.596;1.793;1.216;2.425;0.122;0.535;63
B516D9;2015/03/05 01:58:49;63;84;23.8;21.5;2.619;1.793;1.151;2.425;0.122;0.529;64
B516D9;2015/03/05 01:58:59;64;91;25.4;21.7;2.812;1.770;1.151;2.425;0.112;0.512;65
B516D9;2015/03/05 01:59:09;65;77;24.8;21.5;2.583;1.770;1.216;2.425;0.112;0.496;66
B516D9;2015/03/05 01:59:19;66;83;32.5;21.7;2.609;1.793;1.216;2.451;0.112;0.487;67
B516D9;2015/03/05 01:59:29;67;88;26.7;21.7;2.819;1.793;1.161;2.451;0.112;0.509;68
B516D9;2015/03/05 01:59:39;68;87;26.7;21.3;2.561;1.787;1.161;2.451;0.125;0.493;69
B516D9;2015/03/05 01:59:49;69;76;30.9;21.7;2.735;1.787;1.164;2.451;0.125;0.500;70
B516D9;2015/03/05 01:59:59;70;86;30.6;21.5;2.667;1.780;1.164;2.441;0.125;0.532;71
B516D9;2015/03/05 02:00:09;71;91;31.6;21.7;2.822;1.780;1.164;2.441;0.125;0.500;72
B516D9;2015/03/05 02:00:19;72;94;30.3;21.3;2.809;1.806;1.164;2.441;0.112;0.503;73
B516D9;2015/03/05 02:00:29;73;88;30.3;21.8;2.558;1.806;1.151;2.441;0.112;0.506;74
B516D9;2015/03/05 02:00:39;74;83;29.6;21.8;2.706;1.812;1.151;2.445;0.112;0.509;75
