B516DA;2015/03/05 00:00:07;45064;76;31.9;20.1;2.719;1.706;1.077;2.890;0.170;1.232;45065
B516DA;2015/03/05 00:00:17;45065;89;31.6;20.8;2.799;1.706;1.058;2.890;0.170;1.245;45066
B516DA;2015/03/05 00:00:27;45066;75;31.6;20.6;2.709;1.696;1.058;2.932;0.170;1.206;45067
B516DA;2015/03/05 00:00:37;45067;80;31.2;20.8;2.767;1.696;1.096;2.932;0.170;1.206;45068
B516DA;2015/03/05 00:00:47;45068;90;28.7;21.1;2.629;1.729;1.096;2.932;0.112;1.219;45069
B516DA;2015/03/05 00:00:57;45069;80;32.2;20.4;2.622;1.729;1.045;2.932;0.112;1.225;45070
B516DA;2015/03/05 00:01:07;45070;93;34.5;20.4;2.619;1.725;1.045;2.912;0.112;1.206;45071
B516DA;2015/03/05 00:01:17;45071;83;32.9;21.0;2.809;1.725;1.067;2.912;0.112;1.254;45072
B516DA;2015/03/05 00:01:27;45072;74;30.6;20.4;2.622;1.722;1.067;2.912;0.138;1.219;45073
B516DA;2015/03/05 00:01:37;45073;81;29.6;21.1;2.832;1.722;1.041;2.912;0.138;1.203;45074
B516DA;2015/03/05 00:01:47;45074;78;30.0;21.0;2.787;1.732;1.041;2.951;0.138;1.209;45075
B516DA;2015/03/05 00:01:57;45075;88;27.7;20.4;2.619;1.732;1.074;2.951;0.138;1.212;45076
B516DA;2015/03/05 00:02:07;45076;75;30.9;21.1;2.825;1.725;1.074;2.951;0.151;1.219;45077
B516DA;2015/03/05 00:02:17;45077;84;30.6;20.8;2.835;1.725;1.058;2.951;0.151;1.241;45078
B516DA;2015/03/05 00:02:27;45078;79;29.0;20.4;2.635;1.690;1.058;2.925;0.151;1.212;45079
B516DA;2015/03/05 00:02:37;45079;86;30.9;20.8;2.761;1.690;1.096;2.925;0.151;1.225;45080
B516DA;2015/03/05 00:02:47;45080;91;33.2;20.1;2.806;1.699;1.096;2.925;0.170;1.212;45081
B516DA;2015/03/05 00:02:57;45081;76;27.7;21.0;2.629;1.699;1.099;2.925;0.170;1.219;45082
B516DA;2015/03/05 00:03:07;45082;83;28.3;21.3;2.783;1.719;1.099;2.896;0.170;1.222;45083
B516DA;2015/03/05 00:03:17;45083;83;33.5;21.0;2.799;1.719;1.041;2.896;0.170;1.199;45084
B516DA;2015/03/05 00:03:27;45084;90;33.5;20.6;2.758;1.729;1.041;2.896;0.138;1.203;45085
B516DA;2015/03/05 00:03:37;45085;83;29.3;21.0;2.680;1.729;1.099;2.896;0.138;1.212;45086
B516DA;2015/03/05 00:03:47;45086;88;32.5;21.1;2.635;1.729;1.099;2.883;0.138;1.254;45087
B516DA;2015/03/05 00:03:57;45087;76;32.5;21.0;2.793;1.729;1.048;2.883;0.138;1.258;45088
B516DA;2015/03/05 00:04:07;45088;84;31.9;20.3;2.699;1.719;1.048;2.883;0.116;1.261;45089
B516DA;2015/03/05 00:04:17;45089;91;29.0;21.0;2.764;1.719;1.093;2.883;0.116;1.219;45090
B516DA;2015/03/05 00:04:27;45090;82;30.0;20.6;2.738;1.706;1.093;2.864;0.116;1.238;45091
B516DA;2015/03/05 00:04:37;45091;87;31.2;20.8;2.638;1.706;1.038;2.864;0.116;1.251;45092
B516DA;2015/03/05 00:04:47;45092;78;33.5;20.8;2.832;1.690;1.038;2.864;0.122;1.254;45093
B516DA;2015/03/05 00:04:57;45093;80;33.2;20.8;2.712;1.690;1.074;2.864;0.122;1.209;45094
B516DA;2015/03/05 00:05:07;45094;80;32.2;20.3;2.712;1.696;1.074;2.935;0.122;1.245;45095
B516DA;2015/03/05 00:05:17;45095;78;30.0;20.4;2.629;1.696;1.080;2.935;0.122;1.222;45096
B516DA;2015/03/05 00:05:27;45096;83;29.3;20.4;2.638;1.696;1.080;2.935;0.116;1.264;45097
B516DA;2015/03/05 00:05:37;45097;82;33.2;20.8;2.712;1.696;1.041;2.935;0.116;1.241;45098
B516DA;2015/03/05 00:05:47;45098;75;31.9;20.8;2.825;1.699;1.041;2.929;0.116;1.261;45099
B516DA;2015/03/05 00:05:57;45099;85;30.3;19.9;2.629;1.699;1.038;2.929;0.116;1.267;45100
B516DA;2015/03/05 00:06:07;45100;82;28.0;20.4;2.622;1.690;1.038;2.929;0.122;1.264;45101
B516DA;2015/03/05 00:06:17;45101;82;27.4;20.4;2.616;1.690;1.038;2.929;0.122;1.238;45102
B516DA;2015/03/05 00:06:27;45102;91;30.9;21.1;2.825;1.690;1.038;2.880;0.122;1.264;45103
B516DA;2015/03/05 00:06:37;45103;85;31.2;19.9;2.819;1.690;1.093;2.880;0.122;1.222;45104
B516DA;2015/03/05 00:06:47;45104;83;28.3;21.5;2.629;1.690;1.093;2.880;0.116;1.241;45105
B516DA;2015/03/05 00:06:57;45105;85;28.0;21.0;2.774;1.690;1.038;2.880;0.116;1.225;45106
B516DA;2015/03/05 00:07:07;45106;78;29.6;20.3;2.758;1.690;1.038;2.899;0.116;1.245;45107
B516DA;2015/03/05 00:07:17;45107;87;27.7;20.6;2.648;1.690;1.099;2.899;0.116;1.212;45108
B516DA;2015/03/05 00:07:27;45108;75;27.4;21.1;2.638;1.732;1.099;2.899;0.122;1.261;45109
B516DA;2015/03/05 00:07:37;45109;83;28.7;21.3;2.674;1.732;1.045;2.899;0.122;1.216;45110
B516DA;2015/03/05 00:07:47;45110;87;31.9;21.0;2.832;1.729;1.045;2.877;0.122;1.229;45111
B516DA;2015/03/05 00:07:57;45111;85;30.0;21.3;2.829;1.729;1.051;2.877;0.122;1.261;45112
B516DA;2015/03/05 00:08:07;45112;77;31.9;21.1;2.783;1.690;1.051;2.877;0.116;1.229;45113
B516DA;2015/03/05 00:08:17;45113;72;27.4;20.6;2.706;1.690;1.038;2.877;0.116;1.270;45114
B516DA;2015/03/05 00:08:27;45114;74;27.4;21.5;2.619;1.693;1.038;2.970;0.116;1.264;45115
B516DA;2015/03/05 00:08:37;45115;82;28.0;21.5;2.754;1.693;1.087;2.970;0.116;1.264;45116
B516DA;2015/03/05 00:08:47;45116;80;32.9;20.6;2.699;1.722;1.087;2.970;0.112;1.245;45117
B516DA;2015/03/05 00:08:57;45117;79;30.0;21.1;2.616;1.722;1.064;2.970;0.112;1.245;45118
B516DA;2015/03/05 00:09:07;45118;79;35.4;20.1;2.683;1.722;1.064;2.912;0.112;1.274;45119
B516DA;2015/03/05 00:09:17;45119;88;30.0;21.0;2.832;1.722;1.045;2.912;0.112;1.251;45120
B516DA;2015/03/05 00:09:27;45120;84;30.0;21.0;2.745;1.722;1.045;2.912;0.122;1.248;45121
B516DA;2015/03/05 00:09:37;45121;84;27.7;21.0;2.641;1.722;1.058;2.912;0.122;1.225;45122
B516DA;2015/03/05 00:09:47;45122;91;28.7;21.1;2.719;1.729;1.058;2.893;0.122;1.254;45123
B516DA;2015/03/05 00:09:57;45123;84;29.6;20.8;2.741;1.729;1.099;2.893;0.122;1.235;45124
B516DA;2015/03/05 00:10:07;45124;91;30.9;21.0;2.819;1.699;1.099;2.893;0.109;1.241;45125
B516DA;2015/03/05 00:10:17;45125;89;28.0;20.6;2.687;1.699;1.045;2.893;0.109;1.222;45126
B516DA;2015/03/05 00:10:27;45126;84;28.7;21.5;2.629;1.699;1.045;2.912;0.109;1.258;45127
B516DA;2015/03/05 00:10:37;45127;81;27.4;21.0;2.629;1.699;1.099;2.912;0.109;1.248;45128
B516DA;2015/03/05 00:10:47;45128;88;29.0;20.8;2.629;1.719;1.099;2.912;0.122;1.261;45129
B516DA;2015/03/05 00:10:57;45129;88;33.8;21.3;2.722;1.719;1.045;2.912;0.122;1.258;45130
B516DA;2015/03/05 00:11:07;45130;83;28.7;21.5;2.738;1.693;1.045;2.951;0.122;1.225;45131
B516DA;2015/03/05 00:11:17;45131;90;32.2;21.3;2.674;1.693;1.061;2.951;0.122;1.245;45132
B516DA;2015/03/05 00:11:27;45132;90;32.9;20.6;2.725;1.693;1.061;2.951;0.122;1.235;45133
B516DA;2015/03/05 00:11:37;45133;83;34.8;21.1;2.832;1.693;1.103;2.951;0.122;1.274;45134
B516DA;2015/03/05 00:11:47;45134;90;30.3;20.4;2.619;1.712;1.103;2.874;0.122;1.248;45135
B516DA;2015/03/05 00:11:57;45135;81;28.7;21.0;2.632;1.712;1.083;2.874;0.122;1.258;45136
B516DA;2015/03/05 00:12:07;45136;83;31.6;20.1;2.706;1.693;1.083;2.874;0.116;1.251;45137
B516DA;2015/03/05 00:12:17;45137;79;32.2;20.1;2.625;1.693;1.045;2.874;0.116;1.212;45138
B516DA;2015/03/05 00:12:27;45138;92;29.0;21.0;2.735;1.712;1.045;2.880;0.116;1.254;45139
B516DA;2015/03/05 00:12:37;45139;73;29.6;20.8;2.741;1.712;1.045;2.880;0.116;1.270;45140
B516DA;2015/03/05 00:12:47;45140;84;31.6;20.6;2.809;1.699;1.045;2.880;0.122;1.222;45141
B516DA;2015/03/05 00:12:57;45141;83;32.5;21.0;2.687;1.699;1.041;2.880;0.122;1.209;45142
B516DA;2015/03/05 00:13:07;45142;89;35.1;20.6;2.787;1.732;1.041;2.887;0.122;1.225;45143
B516DA;2015/03/05 00:13:17;45143;75;33.5;21.1;2.748;1.732;1.051;2.887;0.122;1.254;45144
B516DA;2015/03/05 00:13:27;45144;85;28.0;20.1;2.699;1.699;1.051;2.887;0.138;1.258;45145
B516DA;2015/03/05 00:13:37;45145;78;28.0;20.6;2.687;1.699;1.070;2.887;0.138;1.219;45146
B516DA;2015/03/05 00:13:47;45146;85;31.9;20.4;2.629;1.729;1.070;2.948;0.138;1.235;45147
B516DA;2015/03/05 00:13:57;45147;74;27.7;20.4;2.616;1.729;1.045;2.948;0.138;1.212;45148
B516DA;2015/03/05 00:14:07;45148;83;32.9;21.0;2.722;1.696;1.045;2.948;0.116;1.225;45149
B516DA;2015/03/05 00:14:17;45149;88;33.8;20.8;2.806;1.696;1.058;2.948;0.116;1.222;45150
B516DA;2015/03/05 00:14:27;45150;77;29.0;21.3;2.783;1.732;1.058;2.877;0.116;1.212;45151
B516DA;2015/03/05 00:14:37;45151;75;34.1;21.1;2.832;1.732;1.054;2.877;0.116;1.248;45152
B516DA;2015/03/05 00:14:47;45152;87;28.3;20.8;2.648;1.703;1.054;2.877;0.132;1.251;45153
B516DA;2015/03/05 00:14:57;45153;90;28.7;20.6;2.658;1.703;1.103;2.877;0.132;1.212;45154
B516DA;2015/03/05 00:15:07;45154;84;34.8;20.3;2.664;1.722;1.103;2.877;0.132;1.209;45155
B516DA;2015/03/05 00:15:17;45155;79;30.0;21.0;2.683;1.722;1.045;2.877;0.132;1.229;45156
B516DA;2015/03/05 00:15:27;45156;83;28.7;21.0;2.625;1.703;1.045;2.877;0.112;1.232;45157
B516DA;2015/03/05 00:15:37;45157;89;30.9;20.6;2.625;1.703;1.045;2.877;0.112;1.219;45158
B516DA;2015/03/05 00:15:47;45158;78;27.7;20.8;2.619;1.729;1.045;2.912;0.112;1.206;45159
B516DA;2015/03/05 00:15:57;45159;81;34.8;21.1;2.822;1.729;1.045;2.912;0.112;1.203;45160
B516DA;2015/03/05 00:16:07;45160;85;30.9;20.4;2.622;1.703;1.045;2.912;0.116;1.209;45161
B516DA;2015/03/05 00:16:17;45161;83;27.7;20.6;2.625;1.703;1.051;2.912;0.116;1.248;45162
B516DA;2015/03/05 00:16:27;45162;78;32.5;20.1;2.799;1.706;1.051;2.874;0.116;1.232;45163
B516DA;2015/03/05 00:16:37;45163;83;34.8;20.8;2.780;1.706;1.067;2.874;0.116;1.219;45164
B516DA;2015/03/05 00:16:47;45164;91;28.7;20.8;2.625;1.693;1.067;2.874;0.122;1.235;45165
B516DA;2015/03/05 00:16:57;45165;80;30.0;21.0;2.825;1.693;1.087;2.874;0.122;1.225;45166
B516DA;2015/03/05 00:17:07;45166;82;28.0;20.1;2.790;1.706;1.087;2.864;0.122;1.254;45167
B516DA;2015/03/05 00:17:17;45167;81;34.8;20.8;2.754;1.706;1.090;2.864;0.122;1.219;45168
B516DA;2015/03/05 00:17:27;45168;81;28.7;21.1;2.625;1.716;1.090;2.864;0.119;1.225;45169
B516DA;2015/03/05 00:17:37;45169;87;30.6;20.8;2.741;1.716;1.067;2.864;0.119;1.212;45170
B516DA;2015/03/05 00:17:47;45170;90;29.6;20.4;2.641;1.696;1.067;2.932;0.119;1.248;45171
B516DA;2015/03/05 00:17:57;45171;88;28.7;20.6;2.654;1.696;1.045;2.932;0.119;1.241;45172
B516DA;2015/03/05 00:18:07;45172;88;31.9;20.4;2.725;1.722;1.045;2.932;0.138;1.241;45173
B516DA;2015/03/05 00:18:17;45173;72;29.3;20.6;2.732;1.722;1.070;2.932;0.138;1.219;45174
B516DA;2015/03/05 00:18:27;45174;76;33.8;20.6;2.667;1.741;1.070;2.922;0.138;1.225;45175
B516DA;2015/03/05 00:18:37;45175;90;31.2;21.3;2.648;1.741;1.045;2.922;0.138;1.219;45176
B516DA;2015/03/05 00:18:47;45176;83;35.4;20.4;2.629;1.696;1.045;2.922;0.119;1.222;45177
B516DA;2015/03/05 00:18:57;45177;78;28.3;19.9;2.629;1.696;1.045;2.922;0.119;1.203;45178
B516DA;2015/03/05 00:19:07;45178;84;34.5;20.1;2.658;1.703;1.045;2.841;0.119;1.248;45179
B516DA;2015/03/05 00:19:17;45179;80;32.2;20.1;2.619;1.703;1.067;2.841;0.119;1.216;45180
B516DA;2015/03/05 00:19:27;45180;92;27.7;21.5;2.616;1.722;1.067;2.841;0.109;1.216;45181
B516DA;2015/03/05 00:19:37;45181;78;29.6;21.1;2.712;1.722;1.045;2.841;0.109;1.235;45182
B516DA;2015/03/05 00:19:47;45182;93;30.3;20.8;2.658;1.725;1.045;2.896;0.109;1.216;45183
B516DA;2015/03/05 00:19:57;45183;88;27.4;20.6;2.719;1.725;1.045;2.896;0.109;1.232;45184
B516DA;2015/03/05 00:20:07;45184;84;30.9;20.6;2.625;1.725;1.045;2.896;0.119;1.219;45185
B516DA;2015/03/05 00:20:17;45185;78;32.5;20.6;2.799;1.725;1.045;2.896;0.119;1.245;45186
B516DA;2015/03/05 00:20:27;45186;90;34.5;20.6;2.690;1.696;1.045;2.925;0.119;1.232;45187
B516DA;2015/03/05 00:20:37;45187;82;31.2;20.3;2.638;1.696;1.051;2.925;0.119;1.254;45188
B516DA;2015/03/05 00:20:47;45188;91;33.5;20.8;2.622;1.696;1.051;2.925;0.187;1.238;45189
B516DA;2015/03/05 00:20:57;45189;77;31.9;21.3;2.780;1.696;1.061;2.925;0.187;1.212;45190
B516DA;2015/03/05 00:21:07;45190;84;27.7;21.1;2.629;1.732;1.061;2.909;0.187;1.241;45191
B516DA;2015/03/05 00:21:17;45191;89;34.1;21.5;2.767;1.732;1.096;2.909;0.187;1.212;45192
B516DA;2015/03/05 00:21:27;45192;85;28.0;20.4;2.629;1.738;1.096;2.909;0.170;1.206;45193
B516DA;2015/03/05 00:21:37;45193;80;32.9;21.5;2.806;1.738;1.048;2.909;0.170;1.193;45194
B516DA;2015/03/05 00:21:47;45194;84;29.3;21.8;2.635;1.696;1.048;2.893;0.170;1.225;45195
B516DA;2015/03/05 00:21:57;45195;88;33.5;21.5;2.751;1.696;1.103;2.893;0.170;1.203;45196
B516DA;2015/03/05 00:22:07;45196;84;30.3;21.3;2.616;1.699;1.103;2.893;0.116;1.267;45197
B516DA;2015/03/05 00:22:17;45197;79;35.4;21.1;2.761;1.699;1.083;2.893;0.116;1.248;45198
B516DA;2015/03/05 00:22:27;45198;87;28.3;21.1;2.619;1.732;1.083;2.877;0.116;1.238;45199
B516DA;2015/03/05 00:22:37;45199;83;31.9;21.1;2.812;1.732;1.103;2.877;0.116;1.225;45200
B516DA;2015/03/05 00:22:47;45200;85;33.2;20.8;2.809;1.719;1.103;2.877;0.122;1.216;45201
B516DA;2015/03/05 00:22:57;45201;83;33.5;20.6;2.832;1.719;1.054;2.877;0.122;1.229;45202
B516DA;2015/03/05 00:23:07;45202;81;31.9;20.6;2.764;1.735;1.054;2.925;0.122;1.235;45203
B516DA;2015/03/05 00:23:17;45203;85;30.6;20.8;2.767;1.735;1.093;2.925;0.122;1.225;45204
B516DA;2015/03/05 00:23:27;45204;90;29.3;21.0;2.619;1.735;1.093;2.925;0.109;1.241;45205
B516DA;2015/03/05 00:23:37;45205;91;30.0;20.8;2.625;1.735;1.103;2.925;0.109;1.235;45206
B516DA;2015/03/05 00:23:47;45206;81;34.5;20.8;2.638;1.703;1.103;2.929;0.109;1.216;45207
B516DA;2015/03/05 00:23:57;45207;81;27.7;21.0;2.658;1.703;1.083;2.929;0.109;1.254;45208
B516DA;2015/03/05 00:24:07;45208;88;32.9;20.6;2.799;1.706;1.083;2.929;0.109;1.258;45209
B516DA;2015/03/05 00:24:17;45209;87;34.8;21.0;2.725;1.706;1.099;2.929;0.109;1.258;45210
B516DA;2015/03/05 00:24:27;45210;86;30.3;20.6;2.629;1.729;1.099;2.922;0.109;1.219;45211
B516DA;2015/03/05 00:24:37;45211;78;29.3;21.0;2.732;1.729;1.054;2.922;0.109;1.229;45212
B516DA;2015/03/05 00:24:47;45212;80;32.5;20.3;2.709;1.699;1.054;2.922;0.109;1.251;45213
B516DA;2015/03/05 00:24:57;45213;81;30.6;21.1;2.741;1.699;1.103;2.922;0.109;1.229;45214
B516DA;2015/03/05 00:25:07;45214;88;30.3;20.1;2.651;1.725;1.103;2.909;0.109;1.270;45215
B516DA;2015/03/05 00:25:17;45215;89;30.0;20.6;2.674;1.725;1.048;2.909;0.109;1.254;45216
B516DA;2015/03/05 00:25:27;45216;90;27.7;20.8;2.625;1.716;1.048;2.909;0.116;1.267;45217
B516DA;2015/03/05 00:25:37;45217;81;31.2;20.8;2.767;1.716;1.074;2.909;0.116;1.267;45218
B516DA;2015/03/05 00:25:47;45218;81;33.8;20.3;2.638;1.699;1.074;2.932;0.116;1.245;45219
B516DA;2015/03/05 00:25:57;45219;83;31.9;20.4;2.787;1.699;1.064;2.932;0.116;1.212;45220
B516DA;2015/03/05 00:26:07;45220;83;32.5;20.4;2.622;1.706;1.064;2.932;0.109;1.225;45221
B516DA;2015/03/05 00:26:17;45221;87;28.0;20.6;2.790;1.706;1.064;2.932;0.109;1.238;45222
B516DA;2015/03/05 00:26:27;45222;83;30.0;20.6;2.832;1.719;1.064;2.903;0.109;1.248;45223
B516DA;2015/03/05 00:26:37;45223;81;32.2;21.0;2.819;1.719;1.051;2.903;0.109;1.238;45224
B516DA;2015/03/05 00:26:47;45224;85;29.0;21.1;2.722;1.699;1.051;2.903;0.183;1.270;45225
B516DA;2015/03/05 00:26:57;45225;83;31.2;21.3;2.648;1.699;1.051;2.903;0.183;1.216;45226
B516DA;2015/03/05 00:27:07;45226;83;31.6;20.6;2.803;1.741;1.051;2.896;0.183;1.254;45227
B516DA;2015/03/05 00:27:17;45227;78;33.2;20.8;2.835;1.741;1.103;2.896;0.183;1.258;45228
B516DA;2015/03/05 00:27:27;45228;82;33.2;20.6;2.745;1.729;1.103;2.896;0.109;1.222;45229
B516DA;2015/03/05 00:27:37;45229;88;31.2;20.8;2.648;1.729;1.087;2.896;0.109;1.254;45230
B516DA;2015/03/05 00:27:47;45230;78;32.2;20.8;2.712;1.699;1.087;2.893;0.109;1.254;45231
B516DA;2015/03/05 00:27:57;45231;83;31.6;20.1;2.616;1.699;1.051;2.893;0.109;1.232;45232
B516DA;2015/03/05 00:28:07;45232;84;32.9;20.6;2.799;1.719;1.051;2.893;0.241;1.238;45233
B516DA;2015/03/05 00:28:17;45233;82;31.2;21.1;2.774;1.719;1.061;2.893;0.241;1.245;45234
B516DA;2015/03/05 00:28:27;45234;81;31.6;21.0;2.812;1.722;1.061;2.903;0.241;1.219;45235
B516DA;2015/03/05 00:28:37;45235;83;30.9;20.6;2.629;1.722;1.051;2.903;0.241;1.199;45236
B516DA;2015/03/05 00:28:47;45236;81;31.9;21.1;2.619;1.699;1.051;2.903;0.158;1.241;45237
B516DA;2015/03/05 00:28:57;45237;82;32.5;21.0;2.693;1.699;1.051;2.903;0.158;1.251;45238
B516DA;2015/03/05 00:29:07;45238;86;32.2;20.8;2.725;1.703;1.051;2.961;0.158;1.222;45239
B516DA;2015/03/05 00:29:17;45239;78;30.6;21.3;2.767;1.703;1.067;2.961;0.158;1.219;45240
B516DA;2015/03/05 00:29:27;45240;83;27.7;21.3;2.832;1.699;1.067;2.961;0.138;1.254;45241
B516DA;2015/03/05 00:29:37;45241;88;30.6;21.1;2.735;1.699;1.077;2.961;0.138;1.216;45242
B516DA;2015/03/05 00:29:47;45242;93;34.8;20.6;2.690;1.741;1.077;2.938;0.138;1.206;45243
B516DA;2015/03/05 00:29:57;45243;85;30.3;21.0;2.641;1.741;1.048;2.938;0.138;1.219;45244
B516DA;2015/03/05 00:30:07;45244;82;31.2;20.3;2.683;1.716;1.048;2.938;0.125;1.212;45245
B516DA;2015/03/05 00:30:17;45245;76;30.9;20.6;2.641;1.716;1.051;2.938;0.125;1.245;45246
B516DA;2015/03/05 00:30:27;45246;91;31.2;20.6;2.693;1.703;1.051;2.948;0.125;1.216;45247
B516DA;2015/03/05 00:30:37;45247;81;30.9;20.6;2.625;1.703;1.048;2.948;0.125;1.212;45248
B516DA;2015/03/05 00:30:47;45248;87;33.8;20.4;2.641;1.699;1.048;2.948;0.138;1.209;45249
B516DA;2015/03/05 00:30:57;45249;87;27.7;20.3;2.625;1.699;1.096;2.948;0.138;1.235;45250
B516DA;2015/03/05 00:31:07;45250;91;28.0;20.1;2.654;1.725;1.096;2.929;0.138;1.212;45251
B516DA;2015/03/05 00:31:17;45251;80;31.9;21.0;2.712;1.725;1.083;2.929;0.138;1.229;45252
B516DA;2015/03/05 00:31:27;45252;77;33.8;20.3;2.764;1.709;1.083;2.929;0.116;1.261;45253
B516DA;2015/03/05 00:31:37;45253;83;27.7;20.6;2.635;1.709;1.067;2.929;0.116;1.219;45254
B516DA;2015/03/05 00:31:47;45254;73;31.9;20.6;2.787;1.719;1.067;2.958;0.116;1.245;45255
B516DA;2015/03/05 00:31:57;45255;83;31.9;20.1;2.625;1.719;1.099;2.958;0.116;1.251;45256
B516DA;2015/03/05 00:32:07;45256;88;27.7;21.1;2.616;1.738;1.099;2.958;0.125;1.229;45257
B516DA;2015/03/05 00:32:17;45257;76;28.7;21.0;2.680;1.738;1.106;2.958;0.125;1.241;45258
B516DA;2015/03/05 00:32:27;45258;79;30.0;20.6;2.758;1.699;1.106;2.929;0.125;1.232;45259
B516DA;2015/03/05 00:32:37;45259;83;31.2;20.8;2.774;1.699;1.074;2.929;0.125;1.219;45260
B516DA;2015/03/05 00:32:47;45260;85;32.5;21.1;2.638;1.719;1.074;2.929;0.145;1.229;45261
B516DA;2015/03/05 00:32:57;45261;85;30.0;21.0;2.648;1.719;1.090;2.929;0.145;1.225;45262
B516DA;2015/03/05 00:33:07;45262;82;30.6;20.6;2.667;1.699;1.090;2.929;0.145;1.261;45263
B516DA;2015/03/05 00:33:17;45263;73;31.2;21.0;2.835;1.699;1.070;2.929;0.145;1.241;45264
B516DA;2015/03/05 00:33:27;45264;83;31.2;19.9;2.712;1.735;1.070;2.929;0.138;1.216;45265
B516DA;2015/03/05 00:33:37;45265;87;32.5;21.0;2.806;1.735;1.087;2.929;0.138;1.222;45266
B516DA;2015/03/05 00:33:47;45266;87;27.7;20.6;2.638;1.712;1.087;2.919;0.138;1.219;45267
B516DA;2015/03/05 00:33:57;45267;87;34.5;21.1;2.735;1.712;1.106;2.919;0.138;1.222;45268
B516DA;2015/03/05 00:34:07;45268;79;34.8;19.9;2.680;1.735;1.106;2.919;0.122;1.235;45269
B516DA;2015/03/05 00:34:17;45269;85;27.7;20.6;2.680;1.735;1.109;2.919;0.122;1.209;45270
B516DA;2015/03/05 00:34:27;45270;82;32.5;20.4;2.651;1.725;1.109;2.890;0.122;1.261;45271
B516DA;2015/03/05 00:34:37;45271;83;29.0;20.8;2.722;1.725;1.051;2.890;0.122;1.235;45272
B516DA;2015/03/05 00:34:47;45272;89;29.6;21.0;2.635;1.725;1.051;2.890;0.109;1.219;45273
B516DA;2015/03/05 00:34:57;45273;84;33.5;21.0;2.725;1.725;1.051;2.890;0.109;1.216;45274
B516DA;2015/03/05 00:35:07;45274;83;32.2;20.6;2.812;1.719;1.051;2.958;0.109;1.267;45275
B516DA;2015/03/05 00:35:17;45275;77;27.7;21.0;2.648;1.719;1.061;2.958;0.109;1.225;45276
B516DA;2015/03/05 00:35:27;45276;80;29.6;21.5;2.641;1.745;1.061;2.958;0.158;1.225;45277
B516DA;2015/03/05 00:35:37;45277;84;32.5;20.8;2.648;1.745;1.074;2.958;0.158;1.251;45278
B516DA;2015/03/05 00:35:47;45278;82;27.7;20.8;2.612;1.703;1.074;2.929;0.158;1.212;45279
B516DA;2015/03/05 00:35:57;45279;74;27.7;20.8;2.641;1.703;1.106;2.929;0.158;1.254;45280
B516DA;2015/03/05 00:36:07;45280;77;34.1;20.8;2.825;1.699;1.106;2.929;0.170;1.203;45281
B516DA;2015/03/05 00:36:17;45281;79;29.6;21.0;2.674;1.699;1.058;2.929;0.170;1.261;45282
B516DA;2015/03/05 00:36:27;45282;77;28.7;21.1;2.699;1.703;1.058;2.906;0.170;1.212;45283
B516DA;2015/03/05 00:36:37;45283;73;29.3;21.0;2.638;1.703;1.109;2.906;0.170;1.225;45284
B516DA;2015/03/05 00:36:47;45284;83;29.3;20.4;2.632;1.703;1.109;2.906;0.112;1.229;45285
B516DA;2015/03/05 00:36:57;45285;86;31.9;20.8;2.787;1.703;1.099;2.906;0.112;1.229;45286
B516DA;2015/03/05 00:37:07;45286;78;32.2;20.4;2.680;1.716;1.099;2.893;0.112;1.251;45287
B516DA;2015/03/05 00:37:17;45287;89;28.7;21.0;2.670;1.716;1.051;2.893;0.112;1.261;45288
B516DA;2015/03/05 00:37:27;45288;88;27.7;21.1;2.622;1.699;1.051;2.893;0.109;1.232;45289
B516DA;2015/03/05 00:37:37;45289;83;27.4;20.6;2.712;1.699;1.058;2.893;0.109;1.261;45290
B516DA;2015/03/05 00:37:47;45290;90;34.8;20.8;2.725;1.703;1.058;2.938;0.109;1.264;45291
B516DA;2015/03/05 00:37:57;45291;79;32.5;20.8;2.774;1.703;1.051;2.938;0.109;1.229;45292
B516DA;2015/03/05 00:38:07;45292;86;34.1;20.4;2.745;1.709;1.051;2.938;0.125;1.254;45293
B516DA;2015/03/05 00:38:17;45293;78;27.7;20.8;2.619;1.709;1.090;2.938;0.125;1.222;45294
B516DA;2015/03/05 00:38:27;45294;88;30.3;21.0;2.777;1.722;1.090;2.893;0.125;1.258;45295
B516DA;2015/03/05 00:38:37;45295;74;27.7;21.0;2.641;1.722;1.080;2.893;0.125;1.222;45296
B516DA;2015/03/05 00:38:47;45296;87;33.5;21.1;2.738;1.703;1.080;2.893;0.212;1.232;45297
B516DA;2015/03/05 00:38:57;45297;75;32.2;20.4;2.832;1.703;1.051;2.893;0.212;1.229;45298
B516DA;2015/03/05 00:39:07;45298;81;32.5;20.1;2.654;1.725;1.051;2.964;0.212;1.219;45299
B516DA;2015/03/05 00:39:17;45299;87;30.0;20.8;2.725;1.725;1.112;2.964;0.212;1.261;45300
B516DA;2015/03/05 00:39:27;45300;78;30.9;20.3;2.674;1.729;1.112;2.964;0.145;1.212;45301
B516DA;2015/03/05 00:39:37;45301;83;28.3;21.0;2.651;1.729;1.112;2.964;0.145;1.248;45302
B516DA;2015/03/05 00:39:47;45302;74;28.0;20.1;2.661;1.725;1.112;2.970;0.145;1.241;45303
B516DA;2015/03/05 00:39:57;45303;83;30.9;20.3;2.670;1.725;1.099;2.970;0.145;1.245;45304
B516DA;2015/03/05 00:40:07;45304;83;33.8;20.8;2.667;1.706;1.099;2.970;0.109;1.199;45305
B516DA;2015/03/05 00:40:17;45305;83;27.4;20.8;2.632;1.706;1.064;2.970;0.109;1.229;45306
B516DA;2015/03/05 00:40:27;45306;91;28.3;21.3;2.809;1.735;1.064;2.964;0.109;1.261;45307
B516DA;2015/03/05 00:40:37;45307;73;27.7;21.0;2.754;1.735;1.090;2.964;0.109;1.225;45308
B516DA;2015/03/05 00:40:47;45308;88;30.9;21.1;2.632;1.745;1.090;2.964;0.116;1.225;45309
B516DA;2015/03/05 00:40:57;45309;88;27.7;21.0;2.622;1.745;1.096;2.964;0.116;1.229;45310
B516DA;2015/03/05 00:41:07;45310;82;30.9;20.3;2.790;1.745;1.096;2.909;0.116;1.251;45311
B516DA;2015/03/05 00:41:17;45311;78;30.0;21.0;2.825;1.745;1.077;2.909;0.116;1.212;45312
B516DA;2015/03/05 00:41:27;45312;84;28.3;21.5;2.622;1.738;1.077;2.909;0.122;1.238;45313
B516DA;2015/03/05 00:41:37;45313;80;30.6;21.1;2.774;1.738;1.067;2.909;0.122;1.209;45314
B516DA;2015/03/05 00:41:47;45314;87;29.6;20.3;2.632;1.748;1.067;2.935;0.122;1.254;45315
B516DA;2015/03/05 00:41:57;45315;81;30.0;20.6;2.658;1.748;1.054;2.935;0.122;1.248;45316
B516DA;2015/03/05 00:42:07;45316;84;31.9;20.4;2.625;1.712;1.054;2.935;0.151;1.219;45317
B516DA;2015/03/05 00:42:17;45317;81;27.4;21.0;2.654;1.712;1.093;2.935;0.151;1.232;45318
B516DA;2015/03/05 00:42:27;45318;85;29.0;21.1;2.629;1.748;1.093;2.925;0.151;1.219;45319
B516DA;2015/03/05 00:42:37;45319;76;32.2;20.6;2.825;1.748;1.096;2.925;0.151;1.219;45320
B516DA;2015/03/05 00:42:47;45320;86;33.2;21.1;2.748;1.722;1.096;2.925;0.151;1.248;45321
B516DA;2015/03/05 00:42:57;45321;80;31.6;21.3;2.812;1.722;1.087;2.925;0.151;1.222;45322
B516DA;2015/03/05 00:43:07;45322;90;30.3;20.4;2.667;1.722;1.087;2.912;0.151;1.232;45323
B516DA;2015/03/05 00:43:17;45323;83;29.3;21.0;2.738;1.722;1.112;2.912;0.151;1.248;45324
B516DA;2015/03/05 00:43:27;45324;78;31.2;20.3;2.683;1.703;1.112;2.912;0.109;1.245;45325
B516DA;2015/03/05 00:43:37;45325;88;32.9;21.1;2.761;1.703;1.083;2.912;0.109;1.212;45326
B516DA;2015/03/05 00:43:47;45326;83;33.2;21.1;2.819;1.738;1.083;2.922;0.109;1.216;45327
B516DA;2015/03/05 00:43:57;45327;81;28.7;21.0;2.816;1.738;1.109;2.922;0.109;1.241;45328
B516DA;2015/03/05 00:44:07;45328;84;29.6;20.6;2.651;1.706;1.109;2.922;0.158;1.232;45329
B516DA;2015/03/05 00:44:17;45329;73;27.4;21.0;2.638;1.706;1.106;2.922;0.158;1.206;45330
B516DA;2015/03/05 00:44:27;45330;81;28.0;20.8;2.696;1.741;1.106;2.903;0.158;1.248;45331
B516DA;2015/03/05 00:44:37;45331;84;31.6;20.6;2.622;1.741;1.099;2.903;0.158;1.206;45332
B516DA;2015/03/05 00:44:47;45332;91;32.9;20.8;2.664;1.725;1.099;2.903;0.125;1.235;45333
B516DA;2015/03/05 00:44:57;45333;82;29.3;21.0;2.632;1.725;1.087;2.903;0.125;1.216;45334
B516DA;2015/03/05 00:45:07;45334;91;34.8;20.8;2.725;1.725;1.087;2.890;0.125;1.241;45335
B516DA;2015/03/05 00:45:17;45335;77;32.9;20.8;2.767;1.725;1.077;2.890;0.125;1.206;45336
B516DA;2015/03/05 00:45:27;45336;87;32.2;20.4;2.632;1.703;1.077;2.890;0.109;1.232;45337
B516DA;2015/03/05 00:45:37;45337;82;35.4;21.3;2.661;1.703;1.051;2.890;0.109;1.219;45338
B516DA;2015/03/05 00:45:47;45338;87;30.0;21.1;2.774;1.732;1.051;2.880;0.109;1.222;45339
B516DA;2015/03/05 00:45:57;45339;86;32.5;21.0;2.648;1.732;1.067;2.880;0.109;1.261;45340
B516DA;2015/03/05 00:46:07;45340;88;28.0;20.6;2.787;1.729;1.067;2.880;0.125;1.238;45341
B516DA;2015/03/05 00:46:17;45341;79;27.4;21.1;2.629;1.729;1.083;2.880;0.125;1.212;45342
B516DA;2015/03/05 00:46:27;45342;89;33.5;21.1;2.738;1.729;1.083;2.935;0.125;1.277;45343
B516DA;2015/03/05 00:46:37;45343;82;27.7;21.0;2.641;1.729;1.054;2.935;0.125;1.254;45344
B516DA;2015/03/05 00:46:47;45344;93;27.7;20.8;2.625;1.706;1.054;2.935;0.119;1.222;45345
B516DA;2015/03/05 00:46:57;45345;76;29.3;21.1;2.706;1.706;1.099;2.935;0.119;1.219;45346
B516DA;2015/03/05 00:47:07;45346;82;28.7;21.1;2.625;1.735;1.099;2.987;0.119;1.219;45347
B516DA;2015/03/05 00:47:17;45347;90;27.4;20.8;2.632;1.735;1.067;2.987;0.119;1.251;45348
B516DA;2015/03/05 00:47:27;45348;82;31.9;20.6;2.722;1.712;1.067;2.987;0.119;1.277;45349
B516DA;2015/03/05 00:47:37;45349;86;34.5;20.8;2.741;1.712;1.058;2.987;0.119;1.238;45350
B516DA;2015/03/05 00:47:47;45350;81;29.3;20.4;2.638;1.725;1.058;2.990;0.119;1.267;45351
B516DA;2015/03/05 00:47:57;45351;83;31.6;20.6;2.625;1.725;1.074;2.990;0.119;1.254;45352
B516DA;2015/03/05 00:48:07;45352;85;33.5;20.6;2.764;1.745;1.074;2.990;0.109;1.267;45353
B516DA;2015/03/05 00:48:17;45353;84;29.3;20.8;2.738;1.745;1.074;2.990;0.109;1.225;45354
B516DA;2015/03/05 00:48:27;45354;91;28.7;20.8;2.635;1.703;1.074;2.961;0.109;1.235;45355
B516DA;2015/03/05 00:48:37;45355;86;31.9;21.1;2.799;1.703;1.070;2.961;0.109;1.241;45356
B516DA;2015/03/05 00:48:47;45356;93;27.4;21.1;2.667;1.712;1.070;2.961;0.116;1.225;45357
B516DA;2015/03/05 00:48:57;45357;73;27.0;20.6;2.693;1.712;1.103;2.961;0.116;1.251;45358
B516DA;2015/03/05 00:49:07;45358;83;27.7;21.1;2.612;1.706;1.103;2.974;0.116;1.245;45359
B516DA;2015/03/05 00:49:17;45359;82;34.5;21.1;2.767;1.706;1.070;2.974;0.116;1.225;45360
B516DA;2015/03/05 00:49:27;45360;90;30.3;21.3;2.819;1.748;1.070;2.974;0.138;1.238;45361
B516DA;2015/03/05 00:49:37;45361;90;29.0;20.6;2.793;1.748;1.054;2.974;0.138;1.290;45362
B516DA;2015/03/05 00:49:47;45362;81;27.4;20.8;2.622;1.712;1.054;2.980;0.138;1.245;45363
B516DA;2015/03/05 00:49:57;45363;90;29.3;20.8;2.709;1.712;1.051;2.980;0.138;1.248;45364
B516DA;2015/03/05 00:50:07;45364;84;31.6;20.6;2.832;1.712;1.051;2.980;0.180;1.232;45365
B516DA;2015/03/05 00:50:17;45365;75;28.7;21.0;2.680;1.712;1.051;2.980;0.180;1.229;45366
B516DA;2015/03/05 00:50:27;45366;76;28.7;20.8;2.629;1.712;1.051;2.899;0.180;1.248;45367
B516DA;2015/03/05 00:50:37;45367;83;29.3;21.3;2.635;1.712;1.051;2.899;0.180;1.235;45368
B516DA;2015/03/05 00:50:47;45368;88;28.7;21.5;2.719;1.706;1.051;2.899;0.158;1.219;45369
B516DA;2015/03/05 00:50:57;45369;83;27.4;20.6;2.632;1.706;1.054;2.899;0.158;1.219;45370
B516DA;2015/03/05 00:51:07;45370;88;28.3;21.1;2.632;1.706;1.054;2.929;0.158;1.267;45371
B516DA;2015/03/05 00:51:17;45371;72;29.6;20.8;2.748;1.706;1.077;2.929;0.158;1.212;45372
B516DA;2015/03/05 00:51:27;45372;80;31.2;21.0;2.612;1.735;1.077;2.929;0.167;1.232;45373
B516DA;2015/03/05 00:51:37;45373;90;30.6;21.3;2.641;1.735;1.090;2.929;0.167;1.232;45374
B516DA;2015/03/05 00:51:47;45374;88;28.3;21.0;2.619;1.732;1.090;2.864;0.167;1.261;45375
B516DA;2015/03/05 00:51:57;45375;79;28.7;21.0;2.658;1.732;1.109;2.864;0.167;1.274;45376
B516DA;2015/03/05 00:52:07;45376;85;30.9;20.8;2.825;1.732;1.109;2.864;0.119;1.261;45377
B516DA;2015/03/05 00:52:17;45377;77;34.1;20.8;2.780;1.732;1.064;2.864;0.119;1.270;45378
B516DA;2015/03/05 00:52:27;45378;90;32.9;20.6;2.751;1.706;1.064;2.919;0.119;1.229;45379
B516DA;2015/03/05 00:52:37;45379;82;27.7;20.4;2.622;1.706;1.058;2.919;0.119;1.248;45380
B516DA;2015/03/05 00:52:47;45380;83;28.3;20.4;2.754;1.732;1.058;2.919;0.109;1.232;45381
B516DA;2015/03/05 00:52:57;45381;81;31.9;21.1;2.767;1.732;1.109;2.919;0.109;1.267;45382
B516DA;2015/03/05 00:53:07;45382;89;30.3;20.4;2.806;1.745;1.109;2.916;0.109;1.245;45383
B516DA;2015/03/05 00:53:17;45383;89;30.6;20.8;2.741;1.745;1.064;2.916;0.109;1.267;45384
B516DA;2015/03/05 00:53:27;45384;83;30.9;21.0;2.777;1.712;1.064;2.916;0.158;1.270;45385
B516DA;2015/03/05 00:53:37;45385;79;32.9;21.1;2.832;1.712;1.064;2.916;0.158;1.251;45386
B516DA;2015/03/05 00:53:47;45386;89;27.7;20.8;2.609;1.735;1.064;2.906;0.158;1.251;45387
B516DA;2015/03/05 00:53:57;45387;79;31.2;21.0;2.780;1.735;1.093;2.906;0.158;1.245;45388
B516DA;2015/03/05 00:54:07;45388;79;31.9;20.1;2.735;1.725;1.093;2.906;0.112;1.287;45389
B516DA;2015/03/05 00:54:17;45389;90;32.2;20.3;2.806;1.725;1.112;2.906;0.112;1.238;45390
B516DA;2015/03/05 00:54:27;45390;81;33.2;21.0;2.799;1.706;1.112;2.909;0.112;1.251;45391
B516DA;2015/03/05 00:54:37;45391;91;35.4;21.0;2.751;1.706;1.080;2.909;0.112;1.238;45392
B516DA;2015/03/05 00:54:47;45392;84;32.2;20.3;2.819;1.719;1.080;2.909;0.135;1.241;45393
B516DA;2015/03/05 00:54:57;45393;85;28.0;21.0;2.680;1.719;1.058;2.909;0.135;1.277;45394
B516DA;2015/03/05 00:55:07;45394;88;30.3;20.4;2.616;1.712;1.058;2.893;0.135;1.225;45395
B516DA;2015/03/05 00:55:17;45395;80;29.0;20.6;2.696;1.712;1.058;2.893;0.135;1.225;45396
B516DA;2015/03/05 00:55:27;45396;89;31.9;20.6;2.770;1.706;1.058;2.893;0.109;1.232;45397
B516DA;2015/03/05 00:55:37;45397;91;27.7;20.8;2.635;1.706;1.087;2.893;0.109;1.219;45398
B516DA;2015/03/05 00:55:47;45398;79;31.6;20.1;2.699;1.741;1.087;2.899;0.109;1.238;45399
B516DA;2015/03/05 00:55:57;45399;77;32.2;20.8;2.622;1.741;1.093;2.899;0.109;1.254;45400
B516DA;2015/03/05 00:56:07;45400;84;33.2;20.3;2.725;1.722;1.093;2.899;0.112;1.270;45401
B516DA;2015/03/05 00:56:17;45401;84;27.4;20.6;2.641;1.722;1.054;2.899;0.112;1.274;45402
B516DA;2015/03/05 00:56:27;45402;77;33.8;20.4;2.612;1.712;1.054;2.977;0.112;1.261;45403
B516DA;2015/03/05 00:56:37;45403;84;27.4;20.8;2.648;1.712;1.093;2.977;0.112;1.245;45404
B516DA;2015/03/05 00:56:47;45404;91;27.7;21.0;2.622;1.716;1.093;2.977;0.109;1.248;45405
B516DA;2015/03/05 00:56:57;45405;84;28.7;21.0;2.674;1.716;1.080;2.977;0.109;1.241;45406
B516DA;2015/03/05 00:57:07;45406;90;33.8;21.5;2.738;1.725;1.080;2.948;0.109;1.277;45407
B516DA;2015/03/05 00:57:17;45407;83;27.4;20.4;2.638;1.725;1.099;2.948;0.109;1.258;45408
B516DA;2015/03/05 00:57:27;45408;88;30.9;21.0;2.832;1.706;1.099;2.948;0.116;1.222;45409
B516DA;2015/03/05 00:57:37;45409;91;29.3;20.6;2.699;1.706;1.074;2.948;0.116;1.245;45410
B516DA;2015/03/05 00:57:47;45410;88;31.9;21.0;2.819;1.722;1.074;2.867;0.116;1.216;45411
B516DA;2015/03/05 00:57:57;45411;77;31.2;20.8;2.774;1.722;1.112;2.867;0.116;1.209;45412
B516DA;2015/03/05 00:58:07;45412;88;33.8;20.1;2.664;1.712;1.112;2.867;0.164;1.248;45413
B516DA;2015/03/05 00:58:17;45413;78;30.6;20.8;2.732;1.712;1.070;2.867;0.164;1.248;45414
B516DA;2015/03/05 00:58:27;45414;92;34.5;20.4;2.619;1.729;1.070;2.922;0.164;1.219;45415
B516DA;2015/03/05 00:58:37;45415;84;33.5;20.8;2.709;1.729;1.112;2.922;0.164;1.232;45416
B516DA;2015/03/05 00:58:47;45416;89;32.5;20.1;2.696;1.732;1.112;2.922;0.112;1.216;45417
B516DA;2015/03/05 00:58:57;45417;75;34.8;21.1;2.729;1.732;1.093;2.922;0.112;1.219;45418
B516DA;2015/03/05 00:59:07;45418;78;28.3;21.3;2.790;1.725;1.093;2.916;0.112;1.264;45419
B516DA;2015/03/05 00:59:17;45419;79;34.8;21.3;2.761;1.725;1.112;2.916;0.112;1.216;45420
B516DA;2015/03/05 00:59:27;45420;78;28.0;20.4;2.641;1.716;1.112;2.916;0.122;1.212;45421
B516DA;2015/03/05 00:59:37;45421;88;31.9;20.1;2.619;1.716;1.112;2.916;0.122;1.261;45422
B516DA;2015/03/05 00:59:47;45422;87;31.9;19.9;2.687;1.738;1.112;2.925;0.122;1.245;45423
B516DA;2015/03/05 00:59:57;45423;84;34.8;21.0;2.735;1.738;1.112;2.925;0.122;1.225;45424
B516DA;2015/03/05 01:00:07;45424;85;28.0;20.1;2.696;1.709;1.112;2.925;0.138;1.212;45425
B516DA;2015/03/05 01:00:17;45425;81;30.6;20.8;2.838;1.709;1.109;2.925;0.138;1.225;45426
B516DA;2015/03/05 01:00:27;45426;83;30.9;20.6;2.832;1.735;1.109;2.961;0.138;1.261;45427
B516DA;2015/03/05 01:00:37;45427;84;31.9;20.8;2.774;1.735;1.070;2.961;0.138;1.238;45428
B516DA;2015/03/05 01:00:47;45428;80;31.9;20.3;2.725;1.709;1.070;2.961;0.241;1.235;45429
B516DA;2015/03/05 01:00:57;45429;82;30.6;21.1;2.738;1.709;1.109;2.961;0.241;1.225;45430
B516DA;2015/03/05 01:01:07;45430;85;29.6;20.4;2.793;1.729;1.109;2.883;0.241;1.258;45431
B516DA;2015/03/05 01:01:17;45431;82;29.6;21.0;2.732;1.729;1.112;2.883;0.241;1.241;45432
B516DA;2015/03/05 01:01:27;45432;82;28.7;21.1;2.622;1.725;1.112;2.883;0.170;1.274;45433
B516DA;2015/03/05 01:01:37;45433;76;31.2;20.6;2.832;1.725;1.106;2.883;0.170;1.258;45434
B516DA;2015/03/05 01:01:47;45434;92;29.6;20.1;2.748;1.735;1.106;2.858;0.170;1.254;45435
B516DA;2015/03/05 01:01:57;45435;80;32.5;21.0;2.667;1.735;1.064;2.858;0.170;1.245;45436
B516DA;2015/03/05 01:02:07;45436;92;31.6;21.0;2.825;1.729;1.064;2.858;0.106;1.235;45437
B516DA;2015/03/05 01:02:17;45437;81;34.1;21.1;2.809;1.729;1.067;2.858;0.106;1.235;45438
B516DA;2015/03/05 01:02:27;45438;85;28.0;20.4;2.635;1.732;1.067;2.896;0.106;1.241;45439
B516DA;2015/03/05 01:02:37;45439;89;28.7;21.0;2.770;1.732;1.119;2.896;0.106;1.254;45440
B516DA;2015/03/05 01:02:47;45440;85;33.8;20.4;2.609;1.709;1.119;2.896;0.112;1.248;45441
B516DA;2015/03/05 01:02:57;45441;82;34.5;21.0;2.729;1.709;1.083;2.896;0.112;1.232;45442
B516DA;2015/03/05 01:03:07;45442;87;33.8;20.8;2.735;1.729;1.083;2.941;0.112;1.267;45443
B516DA;2015/03/05 01:03:17;45443;80;28.7;20.3;2.629;1.729;1.083;2.941;0.112;1.267;45444
B516DA;2015/03/05 01:03:27;45444;85;30.0;20.6;2.774;1.716;1.083;2.941;0.116;1.258;45445
B516DA;2015/03/05 01:03:37;45445;78;32.5;20.6;2.819;1.716;1.087;2.941;0.116;1.261;45446
B516DA;2015/03/05 01:03:47;45446;89;33.5;20.4;2.619;1.729;1.087;2.964;0.116;1.229;45447
B516DA;2015/03/05 01:03:57;45447;90;34.1;21.0;2.641;1.729;1.054;2.964;0.116;1.274;45448
B516DA;2015/03/05 01:04:07;45448;85;35.4;20.6;2.719;1.735;1.054;2.964;0.109;1.238;45449
B516DA;2015/03/05 01:04:17;45449;79;34.1;20.4;2.638;1.735;1.112;2.964;0.109;1.212;45450
B516DA;2015/03/05 01:04:27;45450;92;32.2;20.6;2.625;1.716;1.112;2.906;0.109;1.225;45451
B516DA;2015/03/05 01:04:37;45451;86;27.4;21.0;2.632;1.716;1.093;2.906;0.109;1.212;45452
B516DA;2015/03/05 01:04:47;45452;86;30.9;21.0;2.832;1.709;1.093;2.906;0.183;1.238;45453
B516DA;2015/03/05 01:04:57;45453;84;35.4;21.1;2.748;1.709;1.058;2.906;0.183;1.219;45454
B516DA;2015/03/05 01:05:07;45454;86;30.9;21.3;2.738;1.745;1.058;2.945;0.183;1.216;45455
B516DA;2015/03/05 01:05:17;45455;83;32.5;21.1;2.635;1.745;1.109;2.945;0.183;1.225;45456
B516DA;2015/03/05 01:05:27;45456;81;28.7;21.0;2.632;1.738;1.109;2.945;0.122;1.251;45457
B516DA;2015/03/05 01:05:37;45457;84;29.6;21.0;2.680;1.738;1.058;2.945;0.122;1.222;45458
B516DA;2015/03/05 01:05:47;45458;85;33.2;20.6;2.635;1.732;1.058;2.925;0.122;1.235;45459
B516DA;2015/03/05 01:05:57;45459;83;27.7;21.1;2.641;1.732;1.058;2.925;0.122;1.219;45460
B516DA;2015/03/05 01:06:07;45460;75;32.2;21.1;2.612;1.732;1.058;2.925;0.174;1.238;45461
B516DA;2015/03/05 01:06:17;45461;81;31.9;21.3;2.654;1.732;1.093;2.925;0.174;1.219;45462
B516DA;2015/03/05 01:06:27;45462;88;29.6;21.3;2.612;1.738;1.093;2.938;0.174;1.232;45463
B516DA;2015/03/05 01:06:37;45463;80;30.6;20.8;2.748;1.738;1.083;2.938;0.174;1.203;45464
B516DA;2015/03/05 01:06:47;45464;89;30.0;20.8;2.732;1.754;1.083;2.938;0.119;1.216;45465
B516DA;2015/03/05 01:06:57;45465;83;34.8;21.1;2.832;1.754;1.116;2.938;0.119;1.232;45466
B516DA;2015/03/05 01:07:07;45466;88;31.9;21.1;2.745;1.722;1.116;2.935;0.119;1.229;45467
B516DA;2015/03/05 01:07:17;45467;75;31.9;20.3;2.622;1.722;1.061;2.935;0.119;1.212;45468
B516DA;2015/03/05 01:07:27;45468;88;31.2;19.9;2.625;1.712;1.061;2.935;0.183;1.232;45469
B516DA;2015/03/05 01:07:37;45469;87;32.5;21.0;2.667;1.712;1.080;2.935;0.183;1.222;45470
B516DA;2015/03/05 01:07:47;45470;85;34.8;20.6;2.790;1.712;1.080;2.941;0.183;1.212;45471
B516DA;2015/03/05 01:07:57;45471;85;27.7;21.0;2.625;1.712;1.054;2.941;0.183;1.219;45472
B516DA;2015/03/05 01:08:07;45472;91;31.2;20.6;2.725;1.719;1.054;2.941;0.138;1.251;45473
B516DA;2015/03/05 01:08:17;45473;85;27.7;20.4;2.641;1.719;1.061;2.941;0.138;1.229;45474
B516DA;2015/03/05 01:08:27;45474;87;35.8;20.3;2.748;1.712;1.061;2.916;0.138;1.254;45475
B516DA;2015/03/05 01:08:37;45475;86;31.9;20.8;2.693;1.712;1.054;2.916;0.138;1.216;45476
B516DA;2015/03/05 01:08:47;45476;78;31.2;20.3;2.674;1.725;1.054;2.916;0.132;1.232;45477
B516DA;2015/03/05 01:08:57;45477;85;32.5;21.0;2.819;1.725;1.109;2.916;0.132;1.232;45478
B516DA;2015/03/05 01:09:07;45478;78;31.9;20.6;2.699;1.729;1.109;2.935;0.132;1.219;45479
B516DA;2015/03/05 01:09:17;45479;85;27.7;20.3;2.641;1.729;1.064;2.935;0.132;1.222;45480
B516DA;2015/03/05 01:09:27;45480;93;30.9;20.6;2.832;1.751;1.064;2.935;0.119;1.254;45481
B516DA;2015/03/05 01:09:37;45481;82;29.3;21.0;2.706;1.751;1.119;2.935;0.119;1.219;45482
B516DA;2015/03/05 01:09:47;45482;84;33.5;20.8;2.635;1.735;1.119;2.948;0.119;1.258;45483
B516DA;2015/03/05 01:09:57;45483;83;29.3;20.4;2.632;1.735;1.061;2.948;0.119;1.219;45484
B516DA;2015/03/05 01:10:07;45484;83;27.7;20.8;2.825;1.712;1.061;2.948;0.125;1.258;45485
B516DA;2015/03/05 01:10:17;45485;78;31.9;20.8;2.658;1.712;1.080;2.948;0.125;1.254;45486
B516DA;2015/03/05 01:10:27;45486;92;29.0;20.4;2.629;1.716;1.080;2.929;0.125;1.241;45487
B516DA;2015/03/05 01:10:37;45487;81;32.9;20.8;2.748;1.716;1.080;2.929;0.125;1.238;45488
B516DA;2015/03/05 01:10:47;45488;90;32.5;20.1;2.690;1.745;1.080;2.929;0.119;1.245;45489
B516DA;2015/03/05 01:10:57;45489;78;33.5;21.1;2.799;1.745;1.064;2.929;0.119;1.264;45490
B516DA;2015/03/05 01:11:07;45490;78;28.0;20.1;2.658;1.712;1.064;2.977;0.119;1.274;45491
B516DA;2015/03/05 01:11:17;45491;82;30.0;21.0;2.629;1.712;1.067;2.977;0.119;1.219;45492
B516DA;2015/03/05 01:11:27;45492;87;29.6;20.4;2.619;1.712;1.067;2.977;0.245;1.245;45493
B516DA;2015/03/05 01:11:37;45493;85;28.0;20.8;2.741;1.712;1.090;2.977;0.245;1.238;45494
B516DA;2015/03/05 01:11:47;45494;74;30.0;21.0;2.761;1.732;1.090;2.964;0.245;1.267;45495
B516DA;2015/03/05 01:11:57;45495;78;32.9;20.6;2.825;1.732;1.058;2.964;0.245;1.232;45496
B516DA;2015/03/05 01:12:07;45496;93;27.7;21.0;2.629;1.712;1.058;2.964;0.109;1.235;45497
B516DA;2015/03/05 01:12:17;45497;83;29.3;20.6;2.790;1.712;1.080;2.964;0.109;1.264;45498
B516DA;2015/03/05 01:12:27;45498;78;34.8;20.1;2.706;1.712;1.080;2.903;0.109;1.225;45499
B516DA;2015/03/05 01:12:37;45499;78;32.9;21.3;2.793;1.712;1.058;2.903;0.109;1.245;45500
B516DA;2015/03/05 01:12:47;45500;83;35.1;20.6;2.699;1.738;1.058;2.903;0.177;1.251;45501
B516DA;2015/03/05 01:12:57;45501;73;33.5;20.6;2.832;1.738;1.061;2.903;0.177;1.232;45502
B516DA;2015/03/05 01:13:07;45502;88;31.9;20.8;2.774;1.722;1.061;2.909;0.177;1.229;45503
B516DA;2015/03/05 01:13:17;45503;84;33.2;21.0;2.832;1.722;1.064;2.909;0.177;1.261;45504
B516DA;2015/03/05 01:13:27;45504;90;31.9;20.6;2.825;1.712;1.064;2.909;0.109;1.222;45505
B516DA;2015/03/05 01:13:37;45505;88;27.4;20.8;2.629;1.712;1.058;2.909;0.109;1.232;45506
B516DA;2015/03/05 01:13:47;45506;90;35.1;20.3;2.641;1.719;1.058;2.922;0.109;1.248;45507
B516DA;2015/03/05 01:13:57;45507;73;29.0;21.0;2.693;1.719;1.093;2.922;0.109;1.225;45508
B516DA;2015/03/05 01:14:07;45508;78;29.3;20.8;2.638;1.741;1.093;2.922;0.148;1.258;45509
B516DA;2015/03/05 01:14:17;45509;82;29.0;19.9;2.661;1.741;1.061;2.922;0.148;1.235;45510
B516DA;2015/03/05 01:14:27;45510;93;28.0;20.6;2.641;1.741;1.061;2.941;0.148;1.219;45511
B516DA;2015/03/05 01:14:37;45511;88;29.6;20.6;2.832;1.741;1.070;2.941;0.148;1.248;45512
B516DA;2015/03/05 01:14:47;45512;86;31.2;20.6;2.819;1.748;1.070;2.941;0.138;1.219;45513
B516DA;2015/03/05 01:14:57;45513;85;33.5;20.8;2.748;1.748;1.083;2.941;0.138;1.264;45514
B516DA;2015/03/05 01:15:07;45514;76;33.2;21.0;2.825;1.754;1.083;2.916;0.138;1.248;45515
B516DA;2015/03/05 01:15:17;45515;85;28.7;21.0;2.764;1.754;1.061;2.916;0.138;1.216;45516
B516DA;2015/03/05 01:15:27;45516;89;32.5;20.1;2.709;1.725;1.061;2.916;0.119;1.254;45517
B516DA;2015/03/05 01:15:37;45517;73;34.8;21.1;2.832;1.725;1.074;2.916;0.119;1.222;45518
B516DA;2015/03/05 01:15:47;45518;88;31.6;20.6;2.799;1.712;1.074;2.912;0.119;1.219;45519
B516DA;2015/03/05 01:15:57;45519;89;32.5;21.1;2.632;1.712;1.058;2.912;0.119;1.216;45520
B516DA;2015/03/05 01:16:07;45520;80;28.7;21.3;2.761;1.748;1.058;2.912;0.109;1.232;45521
B516DA;2015/03/05 01:16:17;45521;84;28.0;21.0;2.741;1.748;1.070;2.912;0.109;1.251;45522
B516DA;2015/03/05 01:16:27;45522;84;33.5;20.1;2.706;1.751;1.070;2.941;0.109;1.258;45523
B516DA;2015/03/05 01:16:37;45523;78;29.3;21.1;2.793;1.751;1.058;2.941;0.109;1.232;45524
B516DA;2015/03/05 01:16:47;45524;84;29.6;20.4;2.619;1.712;1.058;2.941;0.158;1.232;45525
B516DA;2015/03/05 01:16:57;45525;84;30.9;19.9;2.625;1.712;1.061;2.941;0.158;1.254;45526
B516DA;2015/03/05 01:17:07;45526;87;30.6;20.4;2.619;1.751;1.061;2.925;0.158;1.238;45527
B516DA;2015/03/05 01:17:17;45527;79;33.2;20.8;2.812;1.751;1.116;2.925;0.158;1.248;45528
B516DA;2015/03/05 01:17:27;45528;87;29.3;21.5;2.629;1.722;1.116;2.925;0.180;1.222;45529
B516DA;2015/03/05 01:17:37;45529;86;28.0;21.1;2.767;1.722;1.119;2.925;0.180;1.235;45530
B516DA;2015/03/05 01:17:47;45530;85;32.5;19.9;2.712;1.716;1.119;2.983;0.180;1.264;45531
B516DA;2015/03/05 01:17:57;45531;84;35.4;21.1;2.835;1.716;1.058;2.983;0.180;1.251;45532
B516DA;2015/03/05 01:18:07;45532;84;28.7;20.4;2.625;1.732;1.058;2.983;0.170;1.251;45533
B516DA;2015/03/05 01:18:17;45533;84;32.9;21.3;2.648;1.732;1.112;2.983;0.170;1.238;45534
B516DA;2015/03/05 01:18:27;45534;74;28.3;20.3;2.625;1.732;1.112;2.916;0.170;1.235;45535
B516DA;2015/03/05 01:18:37;45535;84;27.4;20.6;2.735;1.732;1.070;2.916;0.170;1.229;45536
B516DA;2015/03/05 01:18:47;45536;90;30.3;21.0;2.812;1.712;1.070;2.916;0.109;1.232;45537
B516DA;2015/03/05 01:18:57;45537;85;31.9;21.3;2.658;1.712;1.119;2.916;0.109;1.241;45538
B516DA;2015/03/05 01:19:07;45538;83;29.0;20.4;2.612;1.716;1.119;2.932;0.109;1.235;45539
B516DA;2015/03/05 01:19:17;45539;88;30.6;21.1;2.816;1.716;1.067;2.932;0.109;1.235;45540
B516DA;2015/03/05 01:19:27;45540;84;33.8;20.4;2.612;1.758;1.067;2.932;0.241;1.225;45541
B516DA;2015/03/05 01:19:37;45541;85;30.9;20.3;2.629;1.758;1.067;2.932;0.241;1.222;45542
B516DA;2015/03/05 01:19:47;45542;84;33.2;20.4;2.622;1.725;1.067;2.951;0.241;1.222;45543
B516DA;2015/03/05 01:19:57;45543;88;28.0;21.1;2.832;1.725;1.064;2.951;0.241;1.222;45544
B516DA;2015/03/05 01:20:07;45544;83;30.6;20.1;2.677;1.754;1.064;2.951;0.116;1.225;45545
B516DA;2015/03/05 01:20:17;45545;92;29.3;20.8;2.722;1.754;1.087;2.951;0.116;1.235;45546
B516DA;2015/03/05 01:20:27;45546;92;27.4;21.3;2.619;1.745;1.087;2.938;0.116;1.222;45547
B516DA;2015/03/05 01:20:37;45547;84;32.2;20.8;2.625;1.745;1.122;2.938;0.116;1.232;45548
B516DA;2015/03/05 01:20:47;45548;84;33.2;20.8;2.638;1.729;1.122;2.938;0.125;1.222;45549
B516DA;2015/03/05 01:20:57;45549;91;30.0;21.3;2.806;1.729;1.061;2.938;0.125;1.219;45550
B516DA;2015/03/05 01:21:07;45550;88;30.6;20.8;2.658;1.758;1.061;2.880;0.125;1.238;45551
B516DA;2015/03/05 01:21:17;45551;78;29.6;20.8;2.741;1.758;1.064;2.880;0.125;1.251;45552
B516DA;2015/03/05 01:21:27;45552;88;28.7;20.8;2.629;1.716;1.064;2.880;0.212;1.245;45553
B516DA;2015/03/05 01:21:37;45553;78;27.4;20.8;2.635;1.716;1.119;2.880;0.212;1.222;45554
B516DA;2015/03/05 01:21:47;45554;89;32.9;20.4;2.674;1.751;1.119;2.893;0.212;1.248;45555
B516DA;2015/03/05 01:21:57;45555;80;28.7;21.0;2.654;1.751;1.122;2.893;0.212;1.235;45556
B516DA;2015/03/05 01:22:07;45556;74;31.6;20.6;2.687;1.729;1.122;2.893;0.116;1.248;45557
B516DA;2015/03/05 01:22:17;45557;73;29.3;21.1;2.712;1.729;1.119;2.893;0.116;1.225;45558
B516DA;2015/03/05 01:22:27;45558;84;27.7;21.3;2.612;1.716;1.119;2.941;0.116;1.245;45559
B516DA;2015/03/05 01:22:37;45559;86;33.5;21.3;2.812;1.716;1.077;2.941;0.116;1.216;45560
B516DA;2015/03/05 01:22:47;45560;86;29.0;21.0;2.625;1.751;1.077;2.941;0.145;1.216;45561
B516DA;2015/03/05 01:22:57;45561;85;31.2;21.1;2.761;1.751;1.122;2.941;0.145;1.232;45562
B516DA;2015/03/05 01:23:07;45562;82;31.2;20.6;2.706;1.754;1.122;2.951;0.145;1.235;45563
B516DA;2015/03/05 01:23:17;45563;85;30.6;21.1;2.819;1.754;1.077;2.951;0.145;1.248;45564
B516DA;2015/03/05 01:23:27;45564;81;34.5;21.0;2.738;1.729;1.077;2.951;0.109;1.264;45565
B516DA;2015/03/05 01:23:37;45565;78;29.3;21.3;2.696;1.729;1.125;2.951;0.109;1.219;45566
B516DA;2015/03/05 01:23:47;45566;88;32.2;21.0;2.725;1.738;1.125;2.916;0.109;1.212;45567
B516DA;2015/03/05 01:23:57;45567;87;31.6;21.3;2.706;1.738;1.064;2.916;0.109;1.229;45568
B516DA;2015/03/05 01:24:07;45568;84;31.9;20.3;2.712;1.741;1.064;2.916;0.119;1.199;45569
B516DA;2015/03/05 01:24:17;45569;84;31.9;21.1;2.780;1.741;1.122;2.916;0.119;1.193;45570
B516DA;2015/03/05 01:24:27;45570;83;32.9;20.6;2.783;1.761;1.122;2.961;0.119;1.209;45571
B516DA;2015/03/05 01:24:37;45571;72;31.6;20.6;2.619;1.761;1.080;2.961;0.119;1.216;45572
B516DA;2015/03/05 01:24:47;45572;88;34.5;20.8;2.641;1.719;1.080;2.961;0.109;1.225;45573
B516DA;2015/03/05 01:24:57;45573;79;31.2;20.6;2.612;1.719;1.087;2.961;0.109;1.219;45574
B516DA;2015/03/05 01:25:07;45574;85;33.5;21.5;2.738;1.732;1.087;2.983;0.109;1.219;45575
B516DA;2015/03/05 01:25:17;45575;90;28.3;21.0;2.661;1.732;1.096;2.983;0.109;1.212;45576
B516DA;2015/03/05 01:25:27;45576;84;27.7;21.3;2.612;1.729;1.096;2.983;0.116;1.248;45577
B516DA;2015/03/05 01:25:37;45577;84;28.7;21.1;2.774;1.729;1.061;2.983;0.116;1.251;45578
B516DA;2015/03/05 01:25:47;45578;88;33.2;21.1;2.764;1.719;1.061;2.903;0.116;1.254;45579
B516DA;2015/03/05 01:25:57;45579;83;27.7;21.0;2.622;1.719;1.077;2.903;0.116;1.209;45580
B516DA;2015/03/05 01:26:07;45580;83;28.0;20.6;2.683;1.751;1.077;2.903;0.125;1.216;45581
B516DA;2015/03/05 01:26:17;45581;84;32.9;21.0;2.832;1.751;1.064;2.903;0.125;1.212;45582
B516DA;2015/03/05 01:26:27;45582;86;32.2;21.1;2.822;1.754;1.064;2.974;0.125;1.203;45583
B516DA;2015/03/05 01:26:37;45583;84;29.0;20.6;2.674;1.754;1.067;2.974;0.125;1.235;45584
B516DA;2015/03/05 01:26:47;45584;88;29.3;21.1;2.629;1.761;1.067;2.974;0.109;1.212;45585
B516DA;2015/03/05 01:26:57;45585;83;34.1;21.3;2.658;1.761;1.099;2.974;0.109;1.199;45586
B516DA;2015/03/05 01:27:07;45586;90;28.7;21.1;2.632;1.758;1.099;2.980;0.109;1.216;45587
B516DA;2015/03/05 01:27:17;45587;91;31.2;20.8;2.793;1.758;1.061;2.980;0.109;1.212;45588
B516DA;2015/03/05 01:27:27;45588;86;33.8;20.8;2.641;1.729;1.061;2.980;0.116;1.212;45589
B516DA;2015/03/05 01:27:37;45589;84;30.0;21.0;2.725;1.729;1.064;2.980;0.116;1.222;45590
B516DA;2015/03/05 01:27:47;45590;85;28.3;20.8;2.629;1.738;1.064;2.932;0.116;1.225;45591
B516DA;2015/03/05 01:27:57;45591;83;32.2;21.1;2.832;1.738;1.067;2.932;0.116;1.261;45592
B516DA;2015/03/05 01:28:07;45592;85;30.0;21.1;2.825;1.741;1.067;2.932;0.138;1.229;45593
B516DA;2015/03/05 01:28:17;45593;85;32.2;20.3;2.745;1.741;1.083;2.932;0.138;1.258;45594
B516DA;2015/03/05 01:28:27;45594;83;28.0;20.6;2.667;1.748;1.083;2.987;0.138;1.251;45595
B516DA;2015/03/05 01:28:37;45595;78;33.2;21.5;2.780;1.748;1.083;2.987;0.138;1.264;45596
B516DA;2015/03/05 01:28:47;45596;80;29.6;20.8;2.641;1.754;1.083;2.987;0.119;1.274;45597
B516DA;2015/03/05 01:28:57;45597;91;34.8;21.1;2.838;1.754;1.116;2.987;0.119;1.258;45598
B516DA;2015/03/05 01:29:07;45598;90;34.5;20.6;2.761;1.725;1.116;2.941;0.119;1.287;45599
B516DA;2015/03/05 01:29:17;45599;78;31.2;20.8;2.774;1.725;1.064;2.941;0.119;1.235;45600
B516DA;2015/03/05 01:29:27;45600;91;32.5;20.8;2.641;1.748;1.064;2.941;0.245;1.229;45601
B516DA;2015/03/05 01:29:37;45601;82;31.9;21.0;2.780;1.748;1.077;2.941;0.245;1.267;45602
B516DA;2015/03/05 01:29:47;45602;86;34.1;20.8;2.738;1.725;1.077;2.938;0.245;1.264;45603
B516DA;2015/03/05 01:29:57;45603;81;29.0;20.6;2.658;1.725;1.067;2.938;0.245;1.245;45604
B516DA;2015/03/05 01:30:07;45604;79;27.7;20.8;2.619;1.741;1.067;2.938;0.119;1.251;45605
B516DA;2015/03/05 01:30:17;45605;87;30.0;20.8;2.832;1.741;1.064;2.938;0.119;1.264;45606
B516DA;2015/03/05 01:30:27;45606;76;33.5;20.8;2.635;1.716;1.064;2.922;0.119;1.235;45607
B516DA;2015/03/05 01:30:37;45607;83;29.3;20.4;2.816;1.716;1.122;2.922;0.119;1.232;45608
B516DA;2015/03/05 01:30:47;45608;81;32.5;20.3;2.712;1.758;1.122;2.922;0.151;1.254;45609
B516DA;2015/03/05 01:30:57;45609;83;28.7;20.6;2.648;1.758;1.122;2.922;0.151;1.251;45610
B516DA;2015/03/05 01:31:07;45610;86;33.8;20.4;2.609;1.748;1.122;2.870;0.151;1.225;45611
B516DA;2015/03/05 01:31:17;45611;81;29.3;21.0;2.638;1.748;1.077;2.870;0.151;1.216;45612
B516DA;2015/03/05 01:31:27;45612;86;31.9;21.0;2.667;1.754;1.077;2.870;0.151;1.196;45613
B516DA;2015/03/05 01:31:37;45613;81;30.6;21.0;2.729;1.754;1.061;2.870;0.151;1.229;45614
B516DA;2015/03/05 01:31:47;45614;85;30.0;21.3;2.787;1.729;1.061;2.893;0.151;1.206;45615
B516DA;2015/03/05 01:31:57;45615;87;30.6;21.3;2.748;1.729;1.119;2.893;0.151;1.199;45616
B516DA;2015/03/05 01:32:07;45616;81;27.7;21.1;2.641;1.729;1.119;2.893;0.138;1.193;45617
B516DA;2015/03/05 01:32:17;45617;85;33.5;21.0;2.706;1.729;1.112;2.893;0.138;1.235;45618
B516DA;2015/03/05 01:32:27;45618;89;33.2;20.8;2.732;1.745;1.112;2.925;0.138;1.216;45619
B516DA;2015/03/05 01:32:37;45619;86;34.1;20.8;2.780;1.745;1.083;2.925;0.138;1.190;45620
B516DA;2015/03/05 01:32:47;45620;86;33.8;20.6;2.638;1.741;1.083;2.925;0.138;1.199;45621
B516DA;2015/03/05 01:32:57;45621;75;32.2;21.3;2.812;1.741;1.064;2.925;0.138;1.183;45622
B516DA;2015/03/05 01:33:07;45622;83;31.2;20.6;2.667;1.722;1.064;2.919;0.138;1.196;45623
B516DA;2015/03/05 01:33:17;45623;78;34.5;21.3;2.670;1.722;1.067;2.919;0.138;1.232;45624
B516DA;2015/03/05 01:33:27;45624;85;33.5;20.8;2.651;1.732;1.067;2.919;0.109;1.235;45625
B516DA;2015/03/05 01:33:37;45625;84;29.0;21.0;2.658;1.732;1.099;2.919;0.109;1.193;45626
B516DA;2015/03/05 01:33:47;45626;73;30.0;20.6;2.751;1.719;1.099;2.948;0.109;1.225;45627
B516DA;2015/03/05 01:33:57;45627;89;31.9;20.3;2.625;1.719;1.077;2.948;0.109;1.209;45628
B516DA;2015/03/05 01:34:07;45628;86;28.7;21.3;2.819;1.758;1.077;2.948;0.170;1.225;45629
B516DA;2015/03/05 01:34:17;45629;87;31.9;21.1;2.812;1.758;1.125;2.948;0.170;1.199;45630
B516DA;2015/03/05 01:34:27;45630;73;34.5;20.4;2.612;1.745;1.125;2.945;0.170;1.225;45631
B516DA;2015/03/05 01:34:37;45631;84;29.6;20.6;2.735;1.745;1.125;2.945;0.170;1.206;45632
B516DA;2015/03/05 01:34:47;45632;84;33.2;21.0;2.625;1.722;1.125;2.945;0.109;1.235;45633
B516DA;2015/03/05 01:34:57;45633;88;32.5;21.1;2.799;1.722;1.093;2.945;0.109;1.229;45634
B516DA;2015/03/05 01:35:07;45634;76;30.3;20.6;2.812;1.748;1.093;2.948;0.109;1.206;45635
B516DA;2015/03/05 01:35:17;45635;87;32.9;21.0;2.819;1.748;1.064;2.948;0.109;1.206;45636
B516DA;2015/03/05 01:35:27;45636;80;27.7;21.3;2.812;1.754;1.064;2.948;0.132;1.212;45637
B516DA;2015/03/05 01:35:37;45637;78;30.9;20.8;2.832;1.754;1.103;2.948;0.132;1.216;45638
B516DA;2015/03/05 01:35:47;45638;83;33.2;21.0;2.751;1.751;1.103;2.890;0.132;1.190;45639
B516DA;2015/03/05 01:35:57;45639;79;30.3;20.1;2.622;1.751;1.083;2.890;0.132;1.222;45640
B516DA;2015/03/05 01:36:07;45640;83;31.2;21.0;2.819;1.745;1.083;2.890;0.109;1.235;45641
B516DA;2015/03/05 01:36:17;45641;82;34.1;21.3;2.687;1.745;1.125;2.890;0.109;1.199;45642
B516DA;2015/03/05 01:36:27;45642;85;27.4;21.5;2.606;1.758;1.125;2.919;0.109;1.199;45643
B516DA;2015/03/05 01:36:37;45643;79;28.7;20.8;2.670;1.758;1.070;2.919;0.109;1.212;45644
B516DA;2015/03/05 01:36:47;45644;85;31.9;20.4;2.625;1.751;1.070;2.919;0.183;1.212;45645
B516DA;2015/03/05 01:36:57;45645;80;32.2;21.0;2.835;1.751;1.083;2.919;0.183;1.235;45646
B516DA;2015/03/05 01:37:07;45646;83;34.8;20.4;2.625;1.719;1.083;2.964;0.183;1.216;45647
B516DA;2015/03/05 01:37:17;45647;83;34.5;21.1;2.812;1.719;1.067;2.964;0.183;1.245;45648
B516DA;2015/03/05 01:37:27;45648;85;33.5;20.6;2.799;1.741;1.067;2.964;0.119;1.248;45649
B516DA;2015/03/05 01:37:37;45649;88;29.3;21.1;2.725;1.741;1.080;2.964;0.119;1.187;45650
B516DA;2015/03/05 01:37:47;45650;76;34.5;20.4;2.619;1.729;1.080;2.964;0.119;1.216;45651
B516DA;2015/03/05 01:37:57;45651;81;28.7;21.3;2.706;1.729;1.112;2.964;0.119;1.222;45652
B516DA;2015/03/05 01:38:07;45652;84;28.0;20.4;2.625;1.754;1.112;2.964;0.138;1.206;45653
B516DA;2015/03/05 01:38:17;45653;86;30.6;20.3;2.622;1.754;1.112;2.964;0.138;1.232;45654
B516DA;2015/03/05 01:38:27;45654;85;28.3;21.5;2.625;1.758;1.112;2.922;0.138;1.196;45655
B516DA;2015/03/05 01:38:37;45655;83;28.3;21.0;2.632;1.758;1.070;2.922;0.138;1.232;45656
B516DA;2015/03/05 01:38:47;45656;83;32.5;20.6;2.661;1.745;1.070;2.922;0.119;1.238;45657
B516DA;2015/03/05 01:38:57;45657;90;30.0;21.3;2.748;1.745;1.125;2.922;0.119;1.193;45658
B516DA;2015/03/05 01:39:07;45658;91;29.6;20.8;2.641;1.761;1.125;2.903;0.119;1.203;45659
B516DA;2015/03/05 01:39:17;45659;79;28.7;21.1;2.706;1.761;1.125;2.903;0.119;1.238;45660
B516DA;2015/03/05 01:39:27;45660;85;33.2;20.8;2.664;1.761;1.125;2.903;0.109;1.219;45661
B516DA;2015/03/05 01:39:37;45661;83;31.2;21.0;2.748;1.761;1.077;2.903;0.109;1.248;45662
B516DA;2015/03/05 01:39:47;45662;93;29.3;21.1;2.632;1.722;1.077;2.925;0.109;1.248;45663
B516DA;2015/03/05 01:39:57;45663;87;32.2;20.6;2.635;1.722;1.080;2.925;0.109;1.203;45664
B516DA;2015/03/05 01:40:07;45664;85;29.6;20.4;2.612;1.735;1.080;2.925;0.119;1.238;45665
B516DA;2015/03/05 01:40:17;45665;75;30.0;21.1;2.832;1.735;1.125;2.925;0.119;1.229;45666
B516DA;2015/03/05 01:40:27;45666;76;32.5;21.5;2.625;1.719;1.125;2.932;0.119;1.225;45667
B516DA;2015/03/05 01:40:37;45667;88;29.3;20.6;2.706;1.719;1.064;2.932;0.119;1.248;45668
B516DA;2015/03/05 01:40:47;45668;76;29.0;20.8;2.732;1.738;1.064;2.932;0.119;1.248;45669
B516DA;2015/03/05 01:40:57;45669;78;28.7;20.6;2.670;1.738;1.112;2.932;0.119;1.209;45670
B516DA;2015/03/05 01:41:07;45670;86;27.7;20.8;2.641;1.751;1.112;2.941;0.119;1.209;45671
B516DA;2015/03/05 01:41:17;45671;86;32.2;21.3;2.738;1.751;1.080;2.941;0.119;1.241;45672
B516DA;2015/03/05 01:41:27;45672;85;29.0;21.3;2.799;1.719;1.080;2.941;0.109;1.219;45673
B516DA;2015/03/05 01:41:37;45673;85;27.7;21.0;2.641;1.719;1.125;2.941;0.109;1.199;45674
B516DA;2015/03/05 01:41:47;45674;80;28.0;20.6;2.687;1.745;1.125;2.893;0.109;1.225;45675
B516DA;2015/03/05 01:41:57;45675;78;28.0;21.1;2.761;1.745;1.070;2.893;0.109;1.212;45676
B516DA;2015/03/05 01:42:07;45676;88;29.6;20.6;2.641;1.722;1.070;2.893;0.125;1.225;45677
B516DA;2015/03/05 01:42:17;45677;87;30.0;20.8;2.832;1.722;1.122;2.893;0.125;1.235;45678
B516DA;2015/03/05 01:42:27;45678;85;32.5;20.6;2.825;1.732;1.122;2.948;0.125;1.238;45679
B516DA;2015/03/05 01:42:37;45679;87;27.7;20.6;2.732;1.732;1.119;2.948;0.125;1.232;45680
B516DA;2015/03/05 01:42:47;45680;83;27.7;21.3;2.612;1.741;1.119;2.948;0.119;1.241;45681
B516DA;2015/03/05 01:42:57;45681;81;32.5;20.8;2.829;1.741;1.093;2.948;0.119;1.229;45682
B516DA;2015/03/05 01:43:07;45682;80;32.5;21.5;2.638;1.741;1.093;2.912;0.119;1.261;45683
B516DA;2015/03/05 01:43:17;45683;84;29.0;21.1;2.780;1.741;1.125;2.912;0.119;1.277;45684
B516DA;2015/03/05 01:43:27;45684;85;27.7;20.6;2.625;1.735;1.125;2.912;0.112;1.225;45685
B516DA;2015/03/05 01:43:37;45685;90;27.7;20.3;2.625;1.735;1.106;2.912;0.112;1.229;45686
B516DA;2015/03/05 01:43:47;45686;88;32.5;19.9;2.648;1.729;1.106;2.883;0.112;1.274;45687
B516DA;2015/03/05 01:43:57;45687;80;31.9;20.8;2.832;1.729;1.067;2.883;0.112;1.261;45688
B516DA;2015/03/05 01:44:07;45688;92;30.6;20.3;2.667;1.722;1.067;2.883;0.122;1.219;45689
B516DA;2015/03/05 01:44:17;45689;75;31.2;20.3;2.625;1.722;1.125;2.883;0.122;1.225;45690
B516DA;2015/03/05 01:44:27;45690;85;31.6;20.6;2.622;1.741;1.125;2.951;0.122;1.219;45691
B516DA;2015/03/05 01:44:37;45691;78;33.2;20.3;2.619;1.741;1.103;2.951;0.122;1.258;45692
B516DA;2015/03/05 01:44:47;45692;88;28.7;20.8;2.629;1.722;1.103;2.951;0.158;1.245;45693
B516DA;2015/03/05 01:44:57;45693;74;30.0;20.6;2.806;1.722;1.070;2.951;0.158;1.264;45694
B516DA;2015/03/05 01:45:07;45694;86;29.0;20.4;2.735;1.722;1.070;2.958;0.158;1.248;45695
B516DA;2015/03/05 01:45:17;45695;90;28.7;20.3;2.674;1.722;1.070;2.958;0.158;1.238;45696
B516DA;2015/03/05 01:45:27;45696;79;28.0;19.8;2.806;1.754;1.070;2.958;0.129;1.232;45697
B516DA;2015/03/05 01:45:37;45697;89;30.3;20.1;2.619;1.754;1.125;2.958;0.129;1.225;45698
B516DA;2015/03/05 01:45:47;45698;87;32.5;20.8;2.625;1.764;1.125;2.945;0.129;1.267;45699
B516DA;2015/03/05 01:45:57;45699;89;32.9;21.0;2.732;1.764;1.129;2.945;0.129;1.232;45700
B516DA;2015/03/05 01:46:07;45700;93;34.8;19.9;2.664;1.735;1.129;2.945;0.138;1.258;45701
B516DA;2015/03/05 01:46:17;45701;75;30.0;21.0;2.832;1.735;1.070;2.945;0.138;1.245;45702
B516DA;2015/03/05 01:46:27;45702;83;33.2;21.0;2.638;1.735;1.070;2.974;0.138;1.245;45703
B516DA;2015/03/05 01:46:37;45703;80;27.7;20.3;2.741;1.735;1.090;2.974;0.138;1.238;45704
B516DA;2015/03/05 01:46:47;45704;91;33.5;20.6;2.806;1.748;1.090;2.974;0.122;1.267;45705
B516DA;2015/03/05 01:46:57;45705;83;31.9;20.6;2.616;1.748;1.090;2.974;0.122;1.219;45706
B516DA;2015/03/05 01:47:07;45706;88;32.5;20.3;2.651;1.725;1.090;2.922;0.122;1.212;45707
B516DA;2015/03/05 01:47:17;45707;88;31.9;19.9;2.622;1.725;1.083;2.922;0.122;1.248;45708
B516DA;2015/03/05 01:47:27;45708;83;31.6;20.4;2.783;1.725;1.083;2.922;0.112;1.258;45709
B516DA;2015/03/05 01:47:37;45709;74;28.7;20.6;2.767;1.725;1.070;2.922;0.112;1.254;45710
B516DA;2015/03/05 01:47:47;45710;83;30.0;20.8;2.832;1.732;1.070;2.974;0.112;1.248;45711
B516DA;2015/03/05 01:47:57;45711;82;31.6;20.6;2.622;1.732;1.067;2.974;0.112;1.216;45712
B516DA;2015/03/05 01:48:07;45712;85;28.3;20.6;2.612;1.735;1.067;2.974;0.109;1.248;45713
B516DA;2015/03/05 01:48:17;45713;87;31.2;20.6;2.774;1.735;1.116;2.974;0.109;1.229;45714
B516DA;2015/03/05 01:48:27;45714;91;27.7;20.8;2.612;1.738;1.116;2.977;0.109;1.212;45715
B516DA;2015/03/05 01:48:37;45715;87;30.6;20.8;2.787;1.738;1.099;2.977;0.109;1.238;45716
B516DA;2015/03/05 01:48:47;45716;83;28.0;20.1;2.674;1.745;1.099;2.977;0.122;1.264;45717
B516DA;2015/03/05 01:48:57;45717;88;30.9;20.3;2.641;1.745;1.070;2.977;0.122;1.248;45718
B516DA;2015/03/05 01:49:07;45718;75;29.6;21.3;2.638;1.738;1.070;2.958;0.122;1.232;45719
B516DA;2015/03/05 01:49:17;45719;80;32.9;20.6;2.835;1.738;1.119;2.958;0.122;1.225;45720
B516DA;2015/03/05 01:49:27;45720;88;29.3;21.3;2.612;1.745;1.119;2.958;0.109;1.219;45721
B516DA;2015/03/05 01:49:37;45721;89;29.3;19.9;2.658;1.745;1.070;2.958;0.109;1.251;45722
B516DA;2015/03/05 01:49:47;45722;92;32.2;20.6;2.832;1.754;1.070;2.990;0.109;1.248;45723
B516DA;2015/03/05 01:49:57;45723;87;30.6;21.0;2.748;1.754;1.129;2.990;0.109;1.203;45724
B516DA;2015/03/05 01:50:07;45724;87;27.7;20.8;2.822;1.729;1.129;2.990;0.112;1.238;45725
B516DA;2015/03/05 01:50:17;45725;85;33.8;21.0;2.725;1.729;1.087;2.990;0.112;1.238;45726
B516DA;2015/03/05 01:50:27;45726;88;31.2;19.9;2.667;1.758;1.087;2.932;0.112;1.261;45727
B516DA;2015/03/05 01:50:37;45727;87;30.9;20.1;2.648;1.758;1.070;2.932;0.112;1.248;45728
B516DA;2015/03/05 01:50:47;45728;88;28.0;20.4;2.641;1.751;1.070;2.932;0.148;1.238;45729
B516DA;2015/03/05 01:50:57;45729;73;34.1;20.4;2.764;1.751;1.070;2.932;0.148;1.241;45730
B516DA;2015/03/05 01:51:07;45730;84;35.4;20.3;2.803;1.758;1.070;2.912;0.148;1.245;45731
B516DA;2015/03/05 01:51:17;45731;87;34.1;20.4;2.674;1.758;1.070;2.912;0.148;1.219;45732
B516DA;2015/03/05 01:51:27;45732;74;33.2;20.4;2.719;1.722;1.070;2.912;0.164;1.232;45733
B516DA;2015/03/05 01:51:37;45733;87;31.2;20.4;2.670;1.722;1.070;2.912;0.164;1.235;45734
B516DA;2015/03/05 01:51:47;45734;84;30.6;20.1;2.783;1.751;1.070;2.919;0.164;1.248;45735
B516DA;2015/03/05 01:51:57;45735;72;31.2;20.8;2.774;1.751;1.125;2.919;0.164;1.238;45736
B516DA;2015/03/05 01:52:07;45736;82;29.0;21.3;2.641;1.761;1.125;2.919;0.119;1.277;45737
B516DA;2015/03/05 01:52:17;45737;80;31.2;20.8;2.816;1.761;1.070;2.919;0.119;1.238;45738
B516DA;2015/03/05 01:52:27;45738;93;31.2;20.3;2.680;1.761;1.070;2.935;0.119;1.232;45739
B516DA;2015/03/05 01:52:37;45739;88;32.5;20.6;2.635;1.761;1.112;2.935;0.119;1.245;45740
B516DA;2015/03/05 01:52:47;45740;89;32.9;20.6;2.745;1.741;1.112;2.935;0.109;1.216;45741
B516DA;2015/03/05 01:52:57;45741;82;33.2;20.8;2.799;1.741;1.067;2.935;0.109;1.235;45742
B516DA;2015/03/05 01:53:07;45742;84;30.9;19.8;2.806;1.748;1.067;2.929;0.109;1.238;45743
B516DA;2015/03/05 01:53:17;45743;83;29.6;21.0;2.712;1.748;1.070;2.929;0.109;1.206;45744
B516DA;2015/03/05 01:53:27;45744;84;29.0;20.6;2.609;1.751;1.070;2.929;0.119;1.238;45745
B516DA;2015/03/05 01:53:37;45745;86;28.0;21.1;2.741;1.751;1.070;2.929;0.119;1.222;45746
B516DA;2015/03/05 01:53:47;45746;83;31.9;20.6;2.825;1.767;1.070;2.948;0.119;1.229;45747
B516DA;2015/03/05 01:53:57;45747;78;30.6;20.4;2.654;1.767;1.070;2.948;0.119;1.254;45748
B516DA;2015/03/05 01:54:07;45748;80;30.3;20.4;2.616;1.732;1.070;2.948;0.116;1.232;45749
B516DA;2015/03/05 01:54:17;45749;90;32.9;20.6;2.706;1.732;1.074;2.948;0.116;1.251;45750
B516DA;2015/03/05 01:54:27;45750;87;28.3;21.1;2.622;1.758;1.074;2.893;0.116;1.209;45751
B516DA;2015/03/05 01:54:37;45751;81;34.8;21.0;2.745;1.758;1.070;2.893;0.116;1.222;45752
B516DA;2015/03/05 01:54:47;45752;83;29.0;20.6;2.725;1.761;1.070;2.893;0.119;1.196;45753
B516DA;2015/03/05 01:54:57;45753;78;30.9;21.1;2.787;1.761;1.093;2.893;0.119;1.232;45754
B516DA;2015/03/05 01:55:07;45754;88;34.5;20.8;2.641;1.732;1.093;2.916;0.119;1.203;45755
B516DA;2015/03/05 01:55:17;45755;74;28.7;20.8;2.674;1.732;1.093;2.916;0.119;1.199;45756
B516DA;2015/03/05 01:55:27;45756;86;29.0;21.1;2.719;1.735;1.093;2.916;0.174;1.235;45757
B516DA;2015/03/05 01:55:37;45757;90;28.0;21.1;2.832;1.735;1.129;2.916;0.174;1.199;45758
B516DA;2015/03/05 01:55:47;45758;85;28.0;20.6;2.674;1.761;1.129;2.938;0.174;1.248;45759
B516DA;2015/03/05 01:55:57;45759;83;30.9;20.6;2.641;1.761;1.070;2.938;0.174;1.212;45760
B516DA;2015/03/05 01:56:07;45760;82;27.7;21.1;2.616;1.767;1.070;2.938;0.119;1.235;45761
B516DA;2015/03/05 01:56:17;45761;87;33.2;20.1;2.616;1.767;1.106;2.938;0.119;1.225;45762
B516DA;2015/03/05 01:56:27;45762;76;30.9;21.0;2.832;1.725;1.106;2.964;0.119;1.270;45763
B516DA;2015/03/05 01:56:37;45763;86;28.0;20.8;2.725;1.725;1.070;2.964;0.119;1.222;45764
B516DA;2015/03/05 01:56:47;45764;91;27.7;20.8;2.619;1.738;1.070;2.964;0.164;1.229;45765
B516DA;2015/03/05 01:56:57;45765;85;35.4;20.8;2.748;1.738;1.074;2.964;0.164;1.199;45766
B516DA;2015/03/05 01:57:07;45766;84;29.3;20.1;2.635;1.738;1.074;2.941;0.164;1.238;45767
B516DA;2015/03/05 01:57:17;45767;76;33.5;20.8;2.774;1.738;1.074;2.941;0.164;1.199;45768
B516DA;2015/03/05 01:57:27;45768;81;27.7;20.8;2.612;1.748;1.074;2.941;0.183;1.212;45769
B516DA;2015/03/05 01:57:37;45769;78;33.2;21.0;2.809;1.748;1.132;2.941;0.183;1.206;45770
B516DA;2015/03/05 01:57:47;45770;93;32.2;20.6;2.735;1.764;1.132;2.925;0.183;1.225;45771
B516DA;2015/03/05 01:57:57;45771;73;29.6;21.0;2.709;1.764;1.070;2.925;0.183;1.219;45772
B516DA;2015/03/05 01:58:07;45772;89;31.2;20.6;2.699;1.725;1.070;2.925;0.138;1.216;45773
B516DA;2015/03/05 01:58:17;45773;84;27.7;20.6;2.729;1.725;1.074;2.925;0.138;1.241;45774
B516DA;2015/03/05 01:58:27;45774;91;28.7;21.3;2.625;1.767;1.074;2.977;0.138;1.203;45775
B516DA;2015/03/05 01:58:37;45775;86;31.6;20.8;2.796;1.767;1.070;2.977;0.138;1.206;45776
B516DA;2015/03/05 01:58:47;45776;85;31.9;20.3;2.732;1.751;1.070;2.977;0.119;1.222;45777
B516DA;2015/03/05 01:58:57;45777;85;31.9;21.1;2.616;1.751;1.074;2.977;0.119;1.254;45778
B516DA;2015/03/05 01:59:07;45778;84;34.8;20.4;2.625;1.761;1.074;2.987;0.119;1.254;45779
B516DA;2015/03/05 01:59:17;45779;89;30.0;21.0;2.625;1.761;1.070;2.987;0.119;1.212;45780
B516DA;2015/03/05 01:59:27;45780;77;29.6;20.8;2.635;1.738;1.070;2.987;0.241;1.199;45781
