B315F1;2015/02/28 00:00:05;1655;85;30.0;22.5;2.783;1.748;1.258;2.625;0.058;1.619;1656
B315F1;2015/02/28 00:00:15;1656;83;31.9;23.1;2.803;1.729;1.258;2.625;0.067;1.629;1657
B315F1;2015/02/28 00:00:25;1657;89;32.5;22.4;2.664;1.729;1.300;2.625;0.067;1.638;1658
B315F1;2015/02/28 00:00:35;1658;92;31.9;22.9;2.822;1.761;1.300;2.619;0.067;1.674;1659
B315F1;2015/02/28 00:00:45;1659;88;29.0;23.2;2.635;1.761;1.238;2.619;0.067;1.664;1660
B315F1;2015/02/28 00:00:55;1660;93;30.6;22.2;2.829;1.767;1.238;2.619;0.045;1.632;1661
B315F1;2015/02/28 00:01:05;1661;78;30.9;22.7;2.712;1.767;1.303;2.619;0.045;1.606;1662
B315F1;2015/02/28 00:01:15;1662;94;30.3;22.2;2.825;1.729;1.303;2.645;0.045;1.625;1663
B315F1;2015/02/28 00:01:25;1663;87;31.2;22.5;2.719;1.729;1.293;2.645;0.045;1.596;1664
B315F1;2015/02/28 00:01:35;1664;94;29.0;23.1;2.619;1.738;1.293;2.645;0.074;1.609;1665
B315F1;2015/02/28 00:01:45;1665;93;30.9;22.2;2.725;1.738;1.241;2.645;0.074;1.632;1666
B315F1;2015/02/28 00:01:55;1666;76;30.0;23.2;2.735;1.745;1.241;2.658;0.074;1.632;1667
B315F1;2015/02/28 00:02:05;1667;94;30.3;23.2;2.635;1.745;1.245;2.658;0.074;1.641;1668
B315F1;2015/02/28 00:02:15;1668;93;29.0;23.1;2.809;1.761;1.245;2.658;0.041;1.622;1669
B315F1;2015/02/28 00:02:25;1669;90;27.7;23.4;2.609;1.761;1.245;2.658;0.041;1.632;1670
B315F1;2015/02/28 00:02:35;1670;82;33.2;23.6;2.829;1.738;1.245;2.629;0.041;1.632;1671
B315F1;2015/02/28 00:02:45;1671;80;33.2;22.7;2.632;1.738;1.306;2.629;0.041;1.583;1672
B315F1;2015/02/28 00:02:55;1672;91;33.8;22.9;2.716;1.770;1.306;2.629;0.074;1.583;1673
B315F1;2015/02/28 00:03:05;1673;93;32.9;22.7;2.635;1.770;1.241;2.629;0.074;1.606;1674
B315F1;2015/02/28 00:03:15;1674;80;30.3;23.1;2.625;1.770;1.241;2.645;0.074;1.603;1675
B315F1;2015/02/28 00:03:25;1675;87;29.3;23.1;2.764;1.770;1.251;2.645;0.074;1.603;1676
B315F1;2015/02/28 00:03:35;1676;93;33.2;22.9;2.816;1.741;1.251;2.645;0.093;1.648;1677
B315F1;2015/02/28 00:03:45;1677;81;33.8;22.7;2.699;1.741;1.300;2.645;0.093;1.658;1678
B315F1;2015/02/28 00:03:55;1678;93;32.2;23.6;2.829;1.770;1.300;2.609;0.093;1.612;1679
B315F1;2015/02/28 00:04:05;1679;84;30.0;23.4;2.635;1.770;1.241;2.609;0.093;1.645;1680
B315F1;2015/02/28 00:04:15;1680;93;33.8;23.4;2.751;1.754;1.241;2.609;0.045;1.632;1681
B315F1;2015/02/28 00:04:25;1681;88;28.0;22.7;2.803;1.754;1.296;2.609;0.045;1.641;1682
B315F1;2015/02/28 00:04:35;1682;93;27.7;22.7;2.832;1.735;1.296;2.632;0.045;1.648;1683
B315F1;2015/02/28 00:04:45;1683;82;28.7;23.2;2.629;1.735;1.261;2.632;0.045;1.622;1684
B315F1;2015/02/28 00:04:55;1684;87;32.5;22.9;2.677;1.735;1.261;2.632;0.132;1.651;1685
B315F1;2015/02/28 00:05:05;1685;92;31.6;23.2;2.825;1.735;1.293;2.632;0.132;1.664;1686
B315F1;2015/02/28 00:05:15;1686;86;33.5;23.1;2.606;1.767;1.293;2.651;0.132;1.664;1687
B315F1;2015/02/28 00:05:25;1687;86;35.1;22.5;2.703;1.767;1.241;2.651;0.132;1.664;1688
B315F1;2015/02/28 00:05:35;1688;83;32.2;23.1;2.658;1.735;1.241;2.651;0.045;1.683;1689
B315F1;2015/02/28 00:05:45;1689;86;28.0;22.7;2.790;1.735;1.287;2.651;0.045;1.654;1690
B315F1;2015/02/28 00:05:55;1690;91;28.3;23.1;2.622;1.767;1.287;2.632;0.045;1.693;1691
B315F1;2015/02/28 00:06:05;1691;90;31.2;22.7;2.696;1.767;1.261;2.632;0.045;1.658;1692
B315F1;2015/02/28 00:06:15;1692;88;31.9;22.9;2.787;1.774;1.261;2.632;0.045;1.625;1693
B315F1;2015/02/28 00:06:25;1693;91;32.5;22.5;2.783;1.774;1.254;2.632;0.045;1.632;1694
B315F1;2015/02/28 00:06:35;1694;88;31.9;22.9;2.587;1.770;1.254;2.654;0.045;1.664;1695
B315F1;2015/02/28 00:06:45;1695;84;34.5;22.9;2.658;1.770;1.245;2.654;0.045;1.670;1696
B315F1;2015/02/28 00:06:55;1696;91;32.5;23.1;2.622;1.735;1.245;2.654;0.051;1.635;1697
B315F1;2015/02/28 00:07:05;1697;81;28.0;22.4;2.661;1.735;1.287;2.654;0.051;1.641;1698
B315F1;2015/02/28 00:07:15;1698;90;32.5;23.2;2.761;1.741;1.287;2.648;0.051;1.661;1699
B315F1;2015/02/28 00:07:25;1699;91;31.2;23.1;2.764;1.741;1.309;2.648;0.051;1.638;1700
B315F1;2015/02/28 00:07:35;1700;93;31.2;22.9;2.641;1.741;1.309;2.648;0.099;1.661;1701
B315F1;2015/02/28 00:07:45;1701;88;27.4;23.1;2.600;1.741;1.283;2.648;0.099;1.648;1702
B315F1;2015/02/28 00:07:55;1702;88;29.6;22.7;2.600;1.738;1.283;2.629;0.099;1.641;1703
B315F1;2015/02/28 00:08:05;1703;88;33.8;22.7;2.651;1.738;1.248;2.629;0.099;1.612;1704
B315F1;2015/02/28 00:08:15;1704;90;31.6;23.4;2.641;1.741;1.248;2.629;0.058;1.667;1705
B315F1;2015/02/28 00:08:25;1705;94;27.7;23.2;2.622;1.741;1.309;2.629;0.058;1.635;1706
B315F1;2015/02/28 00:08:35;1706;89;31.6;23.1;2.703;1.738;1.309;2.651;0.058;1.664;1707
B315F1;2015/02/28 00:08:45;1707;88;28.7;23.4;2.719;1.738;1.245;2.651;0.058;1.622;1708
B315F1;2015/02/28 00:08:55;1708;89;30.9;22.5;2.593;1.738;1.245;2.651;0.048;1.651;1709
B315F1;2015/02/28 00:09:05;1709;85;28.3;23.2;2.616;1.738;1.270;2.651;0.048;1.632;1710
B315F1;2015/02/28 00:09:15;1710;82;33.8;23.1;2.635;1.774;1.270;2.632;0.048;1.625;1711
B315F1;2015/02/28 00:09:25;1711;82;32.2;22.0;2.735;1.774;1.245;2.632;0.048;1.664;1712
B315F1;2015/02/28 00:09:35;1712;90;30.3;23.4;2.619;1.767;1.245;2.632;0.041;1.629;1713
B315F1;2015/02/28 00:09:45;1713;84;29.3;22.7;2.648;1.767;1.251;2.632;0.041;1.651;1714
B315F1;2015/02/28 00:09:55;1714;89;33.5;23.1;2.632;1.741;1.251;2.648;0.041;1.654;1715
B315F1;2015/02/28 00:10:05;1715;80;32.9;22.5;2.712;1.741;1.254;2.648;0.041;1.658;1716
B315F1;2015/02/28 00:10:15;1716;88;34.8;23.1;2.635;1.780;1.254;2.648;0.054;1.638;1717
B315F1;2015/02/28 00:10:25;1717;87;28.3;22.9;2.619;1.780;1.245;2.648;0.054;1.641;1718
B315F1;2015/02/28 00:10:35;1718;88;32.5;22.7;2.690;1.741;1.245;2.638;0.054;1.638;1719
B315F1;2015/02/28 00:10:45;1719;91;30.0;23.6;2.635;1.741;1.280;2.638;0.054;1.635;1720
B315F1;2015/02/28 00:10:55;1720;93;33.2;23.2;2.796;1.780;1.280;2.638;0.041;1.648;1721
B315F1;2015/02/28 00:11:05;1721;94;30.0;22.7;2.638;1.780;1.290;2.638;0.041;1.625;1722
B315F1;2015/02/28 00:11:15;1722;85;29.0;23.2;2.677;1.770;1.290;2.632;0.041;1.651;1723
B315F1;2015/02/28 00:11:25;1723;91;32.5;22.4;2.654;1.770;1.251;2.632;0.041;1.670;1724
B315F1;2015/02/28 00:11:35;1724;93;31.2;23.1;2.622;1.745;1.251;2.632;0.045;1.680;1725
B315F1;2015/02/28 00:11:45;1725;81;33.2;23.2;2.777;1.745;1.283;2.632;0.045;1.664;1726
B315F1;2015/02/28 00:11:55;1726;87;32.9;23.1;2.703;1.754;1.283;2.632;0.045;1.661;1727
B315F1;2015/02/28 00:12:05;1727;88;29.6;22.4;2.803;1.754;1.293;2.632;0.045;1.645;1728
B315F1;2015/02/28 00:12:15;1728;88;30.3;23.1;2.732;1.745;1.293;2.632;0.099;1.616;1729
B315F1;2015/02/28 00:12:25;1729;83;27.4;23.2;2.609;1.745;1.254;2.632;0.099;1.648;1730
B315F1;2015/02/28 00:12:35;1730;84;28.3;23.1;2.635;1.754;1.254;2.658;0.099;1.619;1731
B315F1;2015/02/28 00:12:45;1731;83;28.3;23.2;2.641;1.754;1.312;2.658;0.099;1.635;1732
B315F1;2015/02/28 00:12:55;1732;89;33.8;23.4;2.764;1.751;1.312;2.658;0.051;1.641;1733
B315F1;2015/02/28 00:13:05;1733;92;30.0;22.7;2.832;1.751;1.254;2.658;0.051;1.658;1734
B315F1;2015/02/28 00:13:15;1734;90;33.5;23.4;2.751;1.777;1.254;2.635;0.051;1.658;1735
B315F1;2015/02/28 00:13:25;1735;86;30.9;22.7;2.825;1.777;1.303;2.635;0.051;1.619;1736
B315F1;2015/02/28 00:13:35;1736;85;31.9;23.7;2.825;1.745;1.303;2.635;0.045;1.651;1737
B315F1;2015/02/28 00:13:45;1737;89;30.6;23.1;2.799;1.745;1.254;2.635;0.045;1.632;1738
B315F1;2015/02/28 00:13:55;1738;88;30.6;23.1;2.619;1.751;1.254;2.641;0.045;1.654;1739
B315F1;2015/02/28 00:14:05;1739;87;31.6;23.2;2.793;1.751;1.283;2.641;0.045;1.625;1740
B315F1;2015/02/28 00:14:15;1740;82;28.3;22.9;2.603;1.774;1.283;2.641;0.045;1.651;1741
B315F1;2015/02/28 00:14:25;1741;87;28.7;22.7;2.751;1.774;1.312;2.641;0.045;1.638;1742
B315F1;2015/02/28 00:14:35;1742;88;30.3;23.1;2.622;1.745;1.312;2.687;0.045;1.661;1743
B315F1;2015/02/28 00:14:45;1743;84;28.3;23.1;2.603;1.745;1.254;2.687;0.045;1.658;1744
B315F1;2015/02/28 00:14:55;1744;90;28.7;23.2;2.612;1.783;1.254;2.687;0.054;1.654;1745
B315F1;2015/02/28 00:15:05;1745;88;28.7;23.2;2.738;1.783;1.270;2.687;0.054;1.616;1746
B315F1;2015/02/28 00:15:15;1746;87;30.0;23.7;2.712;1.745;1.270;2.658;0.054;1.619;1747
B315F1;2015/02/28 00:15:25;1747;89;27.7;22.9;2.612;1.745;1.251;2.658;0.054;1.648;1748
B315F1;2015/02/28 00:15:35;1748;83;29.6;22.7;2.832;1.745;1.251;2.658;0.045;1.654;1749
B315F1;2015/02/28 00:15:45;1749;88;29.6;23.6;2.764;1.745;1.277;2.658;0.045;1.658;1750
B315F1;2015/02/28 00:15:55;1750;83;28.3;22.9;2.635;1.761;1.277;2.690;0.045;1.664;1751
B315F1;2015/02/28 00:16:05;1751;81;32.2;22.9;2.751;1.761;1.254;2.690;0.045;1.648;1752
B315F1;2015/02/28 00:16:15;1752;80;31.9;23.6;2.790;1.764;1.254;2.690;0.038;1.651;1753
B315F1;2015/02/28 00:16:25;1753;92;30.6;23.1;2.758;1.764;1.300;2.690;0.038;1.648;1754
B315F1;2015/02/28 00:16:35;1754;77;29.0;23.2;2.670;1.748;1.300;2.641;0.038;1.651;1755
B315F1;2015/02/28 00:16:45;1755;78;27.7;22.9;2.667;1.748;1.283;2.641;0.038;1.664;1756
B315F1;2015/02/28 00:16:55;1756;94;28.3;23.1;2.632;1.758;1.283;2.641;0.099;1.667;1757
B315F1;2015/02/28 00:17:05;1757;92;31.6;22.9;2.696;1.758;1.251;2.641;0.099;1.658;1758
B315F1;2015/02/28 00:17:15;1758;93;30.3;23.1;2.625;1.770;1.251;2.654;0.099;1.651;1759
B315F1;2015/02/28 00:17:25;1759;84;29.0;22.5;2.764;1.770;1.254;2.654;0.099;1.661;1760
B315F1;2015/02/28 00:17:35;1760;88;31.6;23.4;2.799;1.783;1.254;2.654;0.170;1.651;1761
B315F1;2015/02/28 00:17:45;1761;81;30.0;22.7;2.790;1.783;1.261;2.654;0.170;1.648;1762
B315F1;2015/02/28 00:17:55;1762;91;32.5;23.1;2.745;1.787;1.261;2.677;0.170;1.658;1763
B315F1;2015/02/28 00:18:05;1763;87;29.6;22.7;2.596;1.787;1.267;2.677;0.170;1.625;1764
B315F1;2015/02/28 00:18:15;1764;90;35.1;23.1;2.622;1.754;1.267;2.677;0.058;1.638;1765
B315F1;2015/02/28 00:18:25;1765;84;33.8;22.5;2.722;1.754;1.267;2.677;0.058;1.674;1766
B315F1;2015/02/28 00:18:35;1766;88;31.2;23.1;2.641;1.780;1.267;2.648;0.058;1.661;1767
B315F1;2015/02/28 00:18:45;1767;88;28.3;23.2;2.625;1.780;1.300;2.648;0.058;1.638;1768
B315F1;2015/02/28 00:18:55;1768;88;30.0;22.9;2.716;1.748;1.300;2.648;0.164;1.638;1769
B315F1;2015/02/28 00:19:05;1769;80;28.7;23.2;2.619;1.748;1.319;2.648;0.164;1.680;1770
B315F1;2015/02/28 00:19:15;1770;91;29.0;23.1;2.777;1.787;1.319;2.683;0.164;1.664;1771
B315F1;2015/02/28 00:19:25;1771;86;29.3;22.5;2.654;1.787;1.303;2.683;0.164;1.664;1772
B315F1;2015/02/28 00:19:35;1772;86;33.8;23.2;2.641;1.754;1.303;2.683;0.045;1.680;1773
B315F1;2015/02/28 00:19:45;1773;76;31.9;22.5;2.825;1.754;1.283;2.683;0.045;1.674;1774
B315F1;2015/02/28 00:19:55;1774;86;27.7;22.7;2.803;1.787;1.283;2.664;0.045;1.687;1775
B315F1;2015/02/28 00:20:05;1775;93;28.0;22.2;2.690;1.787;1.274;2.664;0.045;1.674;1776
B315F1;2015/02/28 00:20:15;1776;90;32.5;23.2;2.693;1.754;1.274;2.664;0.099;1.677;1777
B315F1;2015/02/28 00:20:25;1777;85;34.8;22.2;2.612;1.754;1.316;2.664;0.099;1.680;1778
B315F1;2015/02/28 00:20:35;1778;92;28.3;23.1;2.600;1.748;1.316;2.661;0.099;1.638;1779
B315F1;2015/02/28 00:20:45;1779;85;32.5;22.9;2.654;1.748;1.267;2.661;0.099;1.648;1780
B315F1;2015/02/28 00:20:55;1780;78;27.7;22.9;2.825;1.790;1.267;2.661;0.112;1.674;1781
B315F1;2015/02/28 00:21:05;1781;81;31.9;23.2;2.793;1.790;1.277;2.661;0.112;1.625;1782
B315F1;2015/02/28 00:21:15;1782;84;29.3;22.7;2.606;1.751;1.277;2.693;0.112;1.645;1783
B315F1;2015/02/28 00:21:25;1783;91;29.0;23.2;2.641;1.751;1.258;2.693;0.112;1.654;1784
B315F1;2015/02/28 00:21:35;1784;88;31.2;23.4;2.638;1.780;1.258;2.693;0.051;1.641;1785
B315F1;2015/02/28 00:21:45;1785;90;30.0;23.2;2.783;1.780;1.319;2.693;0.051;1.654;1786
B315F1;2015/02/28 00:21:55;1786;90;29.3;23.1;2.609;1.783;1.319;2.696;0.051;1.619;1787
B315F1;2015/02/28 00:22:05;1787;89;27.7;23.4;2.651;1.783;1.300;2.696;0.051;1.638;1788
B315F1;2015/02/28 00:22:15;1788;85;28.7;23.4;2.619;1.751;1.300;2.696;0.067;1.674;1789
B315F1;2015/02/28 00:22:25;1789;83;28.3;23.2;2.619;1.751;1.277;2.696;0.067;1.635;1790
B315F1;2015/02/28 00:22:35;1790;85;27.7;22.7;2.600;1.774;1.277;2.664;0.067;1.664;1791
B315F1;2015/02/28 00:22:45;1791;92;31.9;23.1;2.770;1.774;1.309;2.664;0.067;1.658;1792
B315F1;2015/02/28 00:22:55;1792;88;29.6;22.2;2.829;1.754;1.309;2.664;0.038;1.641;1793
B315F1;2015/02/28 00:23:05;1793;85;30.0;23.2;2.803;1.754;1.261;2.664;0.038;1.674;1794
B315F1;2015/02/28 00:23:15;1794;77;33.2;23.1;2.667;1.790;1.261;2.661;0.038;1.667;1795
B315F1;2015/02/28 00:23:25;1795;89;27.4;23.4;2.654;1.790;1.261;2.661;0.038;1.619;1796
B315F1;2015/02/28 00:23:35;1796;89;30.3;23.1;2.641;1.793;1.261;2.661;0.041;1.645;1797
B315F1;2015/02/28 00:23:45;1797;87;32.9;22.9;2.783;1.793;1.267;2.661;0.041;1.670;1798
B315F1;2015/02/28 00:23:55;1798;85;30.6;22.9;2.816;1.793;1.267;2.703;0.041;1.654;1799
B315F1;2015/02/28 00:24:05;1799;88;27.7;23.6;2.616;1.793;1.287;2.703;0.041;1.677;1800
B315F1;2015/02/28 00:24:15;1800;88;32.2;23.2;2.735;1.751;1.287;2.703;0.045;1.658;1801
B315F1;2015/02/28 00:24:25;1801;91;30.3;22.5;2.812;1.751;1.258;2.703;0.045;1.606;1802
B315F1;2015/02/28 00:24:35;1802;93;27.7;22.7;2.829;1.754;1.258;2.693;0.045;1.625;1803
B315F1;2015/02/28 00:24:45;1803;87;28.0;22.7;2.725;1.754;1.277;2.693;0.045;1.664;1804
B315F1;2015/02/28 00:24:55;1804;89;28.3;22.2;2.819;1.780;1.277;2.693;0.048;1.664;1805
B315F1;2015/02/28 00:25:05;1805;88;31.2;22.7;2.722;1.780;1.267;2.693;0.048;1.629;1806
B315F1;2015/02/28 00:25:15;1806;83;34.5;23.1;2.625;1.793;1.267;2.693;0.048;1.658;1807
B315F1;2015/02/28 00:25:25;1807;78;30.9;23.1;2.806;1.793;1.264;2.693;0.048;1.629;1808
B315F1;2015/02/28 00:25:35;1808;88;34.5;22.9;2.625;1.754;1.264;2.693;0.048;1.619;1809
B315F1;2015/02/28 00:25:45;1809;91;34.1;22.7;2.699;1.754;1.312;2.693;0.048;1.648;1810
B315F1;2015/02/28 00:25:55;1810;82;29.0;22.9;2.690;1.754;1.312;2.667;0.048;1.648;1811
B315F1;2015/02/28 00:26:05;1811;88;34.5;22.9;2.680;1.754;1.264;2.667;0.048;1.651;1812
B315F1;2015/02/28 00:26:15;1812;88;30.9;22.5;2.829;1.758;1.264;2.667;0.058;1.619;1813
B315F1;2015/02/28 00:26:25;1813;80;32.5;22.9;2.641;1.758;1.270;2.667;0.058;1.629;1814
B315F1;2015/02/28 00:26:35;1814;94;29.3;23.1;2.619;1.777;1.270;2.693;0.058;1.641;1815
B315F1;2015/02/28 00:26:45;1815;83;29.0;23.1;2.603;1.777;1.261;2.693;0.058;1.635;1816
B315F1;2015/02/28 00:26:55;1816;83;32.5;23.2;2.741;1.764;1.261;2.693;0.058;1.625;1817
B315F1;2015/02/28 00:27:05;1817;86;32.2;22.9;2.751;1.764;1.283;2.693;0.058;1.632;1818
B315F1;2015/02/28 00:27:15;1818;88;30.3;23.4;2.619;1.774;1.283;2.664;0.058;1.674;1819
B315F1;2015/02/28 00:27:25;1819;89;31.2;22.9;2.819;1.774;1.287;2.664;0.058;1.651;1820
B315F1;2015/02/28 00:27:35;1820;81;34.8;23.1;2.751;1.758;1.287;2.664;0.087;1.696;1821
B315F1;2015/02/28 00:27:45;1821;85;28.7;23.1;2.600;1.758;1.267;2.664;0.087;1.645;1822
B315F1;2015/02/28 00:27:55;1822;90;29.6;22.4;2.825;1.764;1.267;2.661;0.087;1.677;1823
B315F1;2015/02/28 00:28:05;1823;81;31.6;22.9;2.616;1.764;1.258;2.661;0.087;1.648;1824
B315F1;2015/02/28 00:28:15;1824;89;34.8;23.4;2.651;1.783;1.258;2.661;0.041;1.645;1825
B315F1;2015/02/28 00:28:25;1825;88;34.8;22.9;2.674;1.783;1.261;2.661;0.041;1.674;1826
B315F1;2015/02/28 00:28:35;1826;77;29.0;23.4;2.603;1.793;1.261;2.661;0.041;1.638;1827
B315F1;2015/02/28 00:28:45;1827;78;27.7;23.1;2.619;1.793;1.280;2.661;0.041;1.674;1828
B315F1;2015/02/28 00:28:55;1828;85;29.0;23.4;2.600;1.796;1.280;2.661;0.054;1.687;1829
B315F1;2015/02/28 00:29:05;1829;90;31.9;23.1;2.774;1.796;1.267;2.661;0.054;1.661;1830
B315F1;2015/02/28 00:29:15;1830;93;28.3;23.4;2.606;1.758;1.267;2.670;0.054;1.654;1831
B315F1;2015/02/28 00:29:25;1831;88;30.0;22.5;2.832;1.758;1.267;2.670;0.054;1.670;1832
B315F1;2015/02/28 00:29:35;1832;84;33.2;23.4;2.719;1.787;1.267;2.670;0.048;1.664;1833
B315F1;2015/02/28 00:29:45;1833;93;27.7;23.2;2.609;1.787;1.303;2.670;0.048;1.648;1834
B315F1;2015/02/28 00:29:55;1834;89;34.5;22.9;2.612;1.774;1.303;2.716;0.048;1.641;1835
B315F1;2015/02/28 00:30:05;1835;77;31.2;22.7;2.832;1.774;1.267;2.716;0.048;1.670;1836
B315F1;2015/02/28 00:30:15;1836;77;28.3;22.7;2.670;1.780;1.267;2.716;0.048;1.664;1837
B315F1;2015/02/28 00:30:25;1837;78;29.3;23.6;2.648;1.780;1.261;2.716;0.048;1.683;1838
B315F1;2015/02/28 00:30:35;1838;86;32.2;22.7;2.600;1.764;1.261;2.709;0.048;1.645;1839
B315F1;2015/02/28 00:30:45;1839;93;27.7;23.2;2.687;1.764;1.300;2.709;0.048;1.648;1840
B315F1;2015/02/28 00:30:55;1840;83;27.7;22.7;2.832;1.758;1.300;2.709;0.177;1.667;1841
B315F1;2015/02/28 00:31:05;1841;89;34.8;22.7;2.699;1.758;1.325;2.709;0.177;1.635;1842
B315F1;2015/02/28 00:31:15;1842;86;28.3;22.9;2.600;1.777;1.325;2.719;0.177;1.645;1843
B315F1;2015/02/28 00:31:25;1843;91;30.3;22.4;2.674;1.777;1.293;2.719;0.177;1.651;1844
B315F1;2015/02/28 00:31:35;1844;93;31.6;23.1;2.803;1.793;1.293;2.719;0.048;1.629;1845
B315F1;2015/02/28 00:31:45;1845;84;28.7;23.6;2.632;1.793;1.261;2.719;0.048;1.629;1846
B315F1;2015/02/28 00:31:55;1846;84;28.7;23.4;2.600;1.796;1.261;2.670;0.048;1.661;1847
B315F1;2015/02/28 00:32:05;1847;82;31.9;22.7;2.832;1.796;1.267;2.670;0.048;1.670;1848
B315F1;2015/02/28 00:32:15;1848;95;34.5;23.4;2.738;1.767;1.267;2.670;0.058;1.625;1849
B315F1;2015/02/28 00:32:25;1849;83;33.5;22.9;2.667;1.767;1.312;2.670;0.058;1.654;1850
B315F1;2015/02/28 00:32:35;1850;88;35.1;23.2;2.622;1.783;1.312;2.674;0.058;1.648;1851
B315F1;2015/02/28 00:32:45;1851;78;30.6;22.5;2.825;1.783;1.267;2.674;0.058;1.622;1852
B315F1;2015/02/28 00:32:55;1852;82;31.2;22.7;2.606;1.780;1.267;2.674;0.064;1.616;1853
B315F1;2015/02/28 00:33:05;1853;89;32.9;22.7;2.699;1.780;1.264;2.674;0.064;1.635;1854
B315F1;2015/02/28 00:33:15;1854;77;30.9;23.1;2.816;1.800;1.264;2.690;0.064;1.641;1855
B315F1;2015/02/28 00:33:25;1855;87;29.3;23.1;2.641;1.800;1.277;2.690;0.064;1.603;1856
B315F1;2015/02/28 00:33:35;1856;93;28.7;23.2;2.606;1.790;1.277;2.690;0.093;1.596;1857
B315F1;2015/02/28 00:33:45;1857;88;33.2;22.7;2.661;1.790;1.312;2.690;0.093;1.629;1858
B315F1;2015/02/28 00:33:55;1858;88;29.3;23.2;2.619;1.800;1.312;2.722;0.093;1.599;1859
B315F1;2015/02/28 00:34:05;1859;85;30.6;22.4;2.819;1.800;1.322;2.722;0.093;1.622;1860
B315F1;2015/02/28 00:34:15;1860;95;28.3;22.9;2.690;1.790;1.322;2.722;0.164;1.612;1861
B315F1;2015/02/28 00:34:25;1861;88;29.0;22.7;2.641;1.790;1.316;2.722;0.164;1.599;1862
B315F1;2015/02/28 00:34:35;1862;83;27.7;22.7;2.799;1.796;1.316;2.680;0.164;1.616;1863
B315F1;2015/02/28 00:34:45;1863;86;31.6;23.1;2.799;1.796;1.290;2.680;0.164;1.629;1864
B315F1;2015/02/28 00:34:55;1864;93;30.9;23.7;2.632;1.790;1.290;2.680;0.080;1.619;1865
B315F1;2015/02/28 00:35:05;1865;87;27.4;23.6;2.625;1.790;1.270;2.680;0.080;1.603;1866
B315F1;2015/02/28 00:35:15;1866;83;31.2;23.1;2.777;1.777;1.270;2.703;0.080;1.606;1867
B315F1;2015/02/28 00:35:25;1867;83;34.1;23.4;2.751;1.777;1.296;2.703;0.080;1.635;1868
B315F1;2015/02/28 00:35:35;1868;84;32.5;23.1;2.816;1.774;1.296;2.703;0.051;1.622;1869
B315F1;2015/02/28 00:35:45;1869;86;32.5;23.7;2.770;1.774;1.267;2.703;0.051;1.648;1870
B315F1;2015/02/28 00:35:55;1870;76;30.3;23.1;2.745;1.790;1.267;2.670;0.051;1.616;1871
B315F1;2015/02/28 00:36:05;1871;84;32.5;22.4;2.735;1.790;1.312;2.670;0.051;1.648;1872
B315F1;2015/02/28 00:36:15;1872;91;32.5;23.1;2.625;1.796;1.312;2.670;0.112;1.641;1873
B315F1;2015/02/28 00:36:25;1873;90;30.6;22.7;2.822;1.796;1.290;2.670;0.112;1.629;1874
B315F1;2015/02/28 00:36:35;1874;88;30.6;23.2;2.629;1.783;1.290;2.674;0.112;1.625;1875
B315F1;2015/02/28 00:36:45;1875;91;30.0;23.2;2.712;1.783;1.287;2.674;0.112;1.654;1876
B315F1;2015/02/28 00:36:55;1876;91;27.7;22.9;2.619;1.764;1.287;2.674;0.061;1.632;1877
B315F1;2015/02/28 00:37:05;1877;87;31.2;22.7;2.825;1.764;1.332;2.674;0.061;1.638;1878
B315F1;2015/02/28 00:37:15;1878;86;28.3;22.9;2.829;1.764;1.332;2.725;0.061;1.664;1879
B315F1;2015/02/28 00:37:25;1879;93;33.2;22.9;2.819;1.764;1.277;2.725;0.061;1.629;1880
B315F1;2015/02/28 00:37:35;1880;86;30.3;22.9;2.612;1.770;1.277;2.725;0.048;1.609;1881
B315F1;2015/02/28 00:37:45;1881;85;30.9;22.7;2.709;1.770;1.277;2.725;0.048;1.622;1882
B315F1;2015/02/28 00:37:55;1882;88;27.7;22.9;2.606;1.764;1.277;2.716;0.048;1.619;1883
B315F1;2015/02/28 00:38:05;1883;93;31.2;23.2;2.783;1.764;1.283;2.716;0.048;1.648;1884
B315F1;2015/02/28 00:38:15;1884;88;31.2;23.1;2.654;1.767;1.283;2.716;0.045;1.616;1885
B315F1;2015/02/28 00:38:25;1885;88;31.9;23.1;2.751;1.767;1.277;2.716;0.045;1.658;1886
B315F1;2015/02/28 00:38:35;1886;85;33.5;23.4;2.619;1.770;1.277;2.719;0.045;1.629;1887
B315F1;2015/02/28 00:38:45;1887;84;33.8;23.1;2.664;1.770;1.322;2.719;0.045;1.651;1888
B315F1;2015/02/28 00:38:55;1888;95;30.9;22.5;2.809;1.780;1.322;2.719;0.074;1.622;1889
B315F1;2015/02/28 00:39:05;1889;86;35.1;22.4;2.712;1.780;1.267;2.719;0.074;1.606;1890
B315F1;2015/02/28 00:39:15;1890;83;30.6;23.2;2.622;1.783;1.267;2.680;0.074;1.645;1891
B315F1;2015/02/28 00:39:25;1891;80;30.9;23.4;2.641;1.783;1.312;2.680;0.074;1.622;1892
B315F1;2015/02/28 00:39:35;1892;93;32.9;23.1;2.619;1.767;1.312;2.680;0.093;1.625;1893
B315F1;2015/02/28 00:39:45;1893;84;31.2;23.1;2.758;1.767;1.322;2.680;0.093;1.606;1894
B315F1;2015/02/28 00:39:55;1894;91;33.2;23.1;2.629;1.806;1.322;2.722;0.093;1.638;1895
B315F1;2015/02/28 00:40:05;1895;88;34.5;22.4;2.790;1.806;1.306;2.722;0.093;1.622;1896
B315F1;2015/02/28 00:40:15;1896;93;28.3;22.9;2.619;1.780;1.306;2.722;0.051;1.619;1897
B315F1;2015/02/28 00:40:25;1897;88;29.3;23.1;2.641;1.780;1.296;2.722;0.051;1.629;1898
B315F1;2015/02/28 00:40:35;1898;87;27.7;22.5;2.819;1.806;1.296;2.680;0.051;1.632;1899
B315F1;2015/02/28 00:40:45;1899;87;28.0;22.7;2.687;1.806;1.267;2.680;0.051;1.625;1900
B315F1;2015/02/28 00:40:55;1900;88;29.0;23.1;2.612;1.783;1.267;2.680;0.048;1.645;1901
B315F1;2015/02/28 00:41:05;1901;83;28.3;23.2;2.719;1.783;1.322;2.680;0.048;1.645;1902
B315F1;2015/02/28 00:41:15;1902;84;30.3;22.5;2.829;1.774;1.322;2.696;0.048;1.661;1903
B315F1;2015/02/28 00:41:25;1903;88;34.8;23.4;2.761;1.774;1.290;2.696;0.048;1.638;1904
B315F1;2015/02/28 00:41:35;1904;83;31.9;22.9;2.783;1.780;1.290;2.696;0.058;1.670;1905
B315F1;2015/02/28 00:41:45;1905;87;27.7;22.9;2.603;1.780;1.293;2.696;0.058;1.648;1906
B315F1;2015/02/28 00:41:55;1906;88;30.0;23.4;2.729;1.806;1.293;2.735;0.058;1.674;1907
B315F1;2015/02/28 00:42:05;1907;81;31.6;22.7;2.603;1.806;1.274;2.735;0.058;1.629;1908
B315F1;2015/02/28 00:42:15;1908;89;28.3;23.6;2.667;1.767;1.274;2.735;0.051;1.645;1909
B315F1;2015/02/28 00:42:25;1909;83;32.9;23.1;2.751;1.767;1.316;2.735;0.051;1.638;1910
B315F1;2015/02/28 00:42:35;1910;84;27.7;22.7;2.729;1.806;1.316;2.690;0.051;1.616;1911
B315F1;2015/02/28 00:42:45;1911;88;31.2;23.1;2.832;1.806;1.316;2.690;0.051;1.629;1912
B315F1;2015/02/28 00:42:55;1912;94;27.7;22.7;2.806;1.806;1.316;2.690;0.058;1.638;1913
B315F1;2015/02/28 00:43:05;1913;92;29.0;22.9;2.658;1.806;1.270;2.690;0.058;1.632;1914
B315F1;2015/02/28 00:43:15;1914;93;32.2;23.2;2.712;1.787;1.270;2.696;0.058;1.651;1915
B315F1;2015/02/28 00:43:25;1915;89;27.7;23.1;2.612;1.787;1.332;2.696;0.058;1.619;1916
B315F1;2015/02/28 00:43:35;1916;91;33.2;23.1;2.729;1.806;1.332;2.696;0.045;1.616;1917
B315F1;2015/02/28 00:43:45;1917;92;28.0;22.2;2.819;1.806;1.277;2.696;0.045;1.651;1918
B315F1;2015/02/28 00:43:55;1918;83;31.2;23.4;2.635;1.809;1.277;2.699;0.045;1.619;1919
B315F1;2015/02/28 00:44:05;1919;84;33.2;22.7;2.825;1.809;1.287;2.699;0.045;1.674;1920
B315F1;2015/02/28 00:44:15;1920;96;33.2;23.1;2.619;1.770;1.287;2.699;0.177;1.632;1921
B315F1;2015/02/28 00:44:25;1921;89;30.9;23.2;2.629;1.770;1.322;2.699;0.177;1.648;1922
B315F1;2015/02/28 00:44:35;1922;82;33.2;22.9;2.829;1.803;1.322;2.735;0.177;1.638;1923
B315F1;2015/02/28 00:44:45;1923;91;28.3;22.7;2.651;1.803;1.277;2.735;0.177;1.645;1924
B315F1;2015/02/28 00:44:55;1924;86;28.3;23.1;2.674;1.770;1.277;2.735;0.051;1.603;1925
B315F1;2015/02/28 00:45:05;1925;82;29.3;22.9;2.638;1.770;1.280;2.735;0.051;1.664;1926
B315F1;2015/02/28 00:45:15;1926;90;32.2;23.1;2.680;1.796;1.280;2.687;0.051;1.638;1927
B315F1;2015/02/28 00:45:25;1927;86;31.9;23.4;2.819;1.796;1.277;2.687;0.051;1.609;1928
B315F1;2015/02/28 00:45:35;1928;84;29.6;22.7;2.606;1.777;1.277;2.687;0.087;1.616;1929
B315F1;2015/02/28 00:45:45;1929;80;28.0;22.9;2.819;1.777;1.335;2.687;0.087;1.612;1930
B315F1;2015/02/28 00:45:55;1930;88;27.7;22.9;2.696;1.780;1.335;2.729;0.087;1.629;1931
B315F1;2015/02/28 00:46:05;1931;77;30.0;22.9;2.790;1.780;1.296;2.729;0.087;1.616;1932
B315F1;2015/02/28 00:46:15;1932;93;31.6;22.5;2.829;1.800;1.296;2.729;0.080;1.651;1933
B315F1;2015/02/28 00:46:25;1933;87;30.3;22.9;2.683;1.800;1.283;2.729;0.080;1.625;1934
B315F1;2015/02/28 00:46:35;1934;93;30.3;23.4;2.622;1.770;1.283;2.696;0.080;1.667;1935
B315F1;2015/02/28 00:46:45;1935;89;30.6;23.1;2.793;1.770;1.300;2.696;0.080;1.661;1936
B315F1;2015/02/28 00:46:55;1936;88;34.8;23.1;2.619;1.777;1.300;2.696;0.061;1.648;1937
B315F1;2015/02/28 00:47:05;1937;89;30.0;23.4;2.790;1.777;1.280;2.696;0.061;1.654;1938
B315F1;2015/02/28 00:47:15;1938;78;28.3;22.4;2.619;1.774;1.280;2.729;0.061;1.612;1939
B315F1;2015/02/28 00:47:25;1939;89;31.9;22.5;2.748;1.774;1.306;2.729;0.061;1.625;1940
B315F1;2015/02/28 00:47:35;1940;84;33.8;23.4;2.735;1.783;1.306;2.729;0.164;1.645;1941
B315F1;2015/02/28 00:47:45;1941;82;27.7;23.2;2.609;1.783;1.325;2.729;0.164;1.638;1942
B315F1;2015/02/28 00:47:55;1942;85;29.6;22.7;2.829;1.783;1.325;2.687;0.164;1.651;1943
B315F1;2015/02/28 00:48:05;1943;80;28.3;23.7;2.709;1.783;1.283;2.687;0.164;1.658;1944
B315F1;2015/02/28 00:48:15;1944;92;30.3;22.9;2.829;1.774;1.283;2.687;0.061;1.619;1945
B315F1;2015/02/28 00:48:25;1945;87;28.0;23.1;2.706;1.774;1.338;2.687;0.061;1.641;1946
B315F1;2015/02/28 00:48:35;1946;87;28.7;23.2;2.619;1.774;1.338;2.716;0.061;1.654;1947
B315F1;2015/02/28 00:48:45;1947;86;30.6;22.5;2.816;1.774;1.274;2.716;0.061;1.667;1948
B315F1;2015/02/28 00:48:55;1948;84;29.6;23.6;2.716;1.790;1.274;2.716;0.058;1.629;1949
B315F1;2015/02/28 00:49:05;1949;88;27.4;23.2;2.603;1.790;1.338;2.716;0.058;1.641;1950
B315F1;2015/02/28 00:49:15;1950;92;31.2;23.7;2.803;1.806;1.338;2.745;0.058;1.645;1951
B315F1;2015/02/28 00:49:25;1951;78;28.7;23.7;2.638;1.806;1.280;2.745;0.058;1.625;1952
B315F1;2015/02/28 00:49:35;1952;77;28.3;23.1;2.600;1.783;1.280;2.745;0.058;1.622;1953
B315F1;2015/02/28 00:49:45;1953;78;27.4;22.9;2.603;1.783;1.322;2.745;0.058;1.648;1954
B315F1;2015/02/28 00:49:55;1954;83;28.3;22.9;2.709;1.800;1.322;2.716;0.058;1.641;1955
B315F1;2015/02/28 00:50:05;1955;85;34.1;22.7;2.706;1.800;1.280;2.716;0.058;1.641;1956
B315F1;2015/02/28 00:50:15;1956;80;30.3;23.7;2.741;1.796;1.280;2.716;0.064;1.635;1957
B315F1;2015/02/28 00:50:25;1957;89;27.4;23.6;2.603;1.796;1.283;2.716;0.064;1.612;1958
B315F1;2015/02/28 00:50:35;1958;86;27.7;23.4;2.767;1.787;1.283;2.699;0.064;1.651;1959
B315F1;2015/02/28 00:50:45;1959;88;31.6;22.9;2.825;1.787;1.280;2.699;0.064;1.632;1960
B315F1;2015/02/28 00:50:55;1960;91;27.7;23.1;2.632;1.777;1.280;2.699;0.177;1.645;1961
B315F1;2015/02/28 00:51:05;1961;81;30.6;22.7;2.709;1.777;1.341;2.699;0.177;1.635;1962
B315F1;2015/02/28 00:51:15;1962;87;28.3;22.9;2.832;1.806;1.341;2.751;0.177;1.632;1963
B315F1;2015/02/28 00:51:25;1963;83;31.9;22.4;2.732;1.806;1.312;2.751;0.177;1.674;1964
B315F1;2015/02/28 00:51:35;1964;93;33.2;23.6;2.783;1.783;1.312;2.751;0.061;1.687;1965
B315F1;2015/02/28 00:51:45;1965;94;30.3;23.1;2.622;1.783;1.325;2.751;0.061;1.629;1966
B315F1;2015/02/28 00:51:55;1966;81;29.6;23.4;2.619;1.819;1.325;2.732;0.061;1.635;1967
B315F1;2015/02/28 00:52:05;1967;78;30.0;23.4;2.790;1.819;1.287;2.732;0.061;1.641;1968
B315F1;2015/02/28 00:52:15;1968;90;29.0;23.4;2.616;1.777;1.287;2.732;0.070;1.648;1969
B315F1;2015/02/28 00:52:25;1969;91;27.4;23.6;2.654;1.777;1.280;2.732;0.070;1.674;1970
B315F1;2015/02/28 00:52:35;1970;90;30.6;23.1;2.635;1.803;1.280;2.706;0.070;1.645;1971
B315F1;2015/02/28 00:52:45;1971;83;29.0;22.9;2.616;1.803;1.277;2.706;0.070;1.629;1972
B315F1;2015/02/28 00:52:55;1972;85;27.7;23.1;2.625;1.783;1.277;2.706;0.058;1.648;1973
B315F1;2015/02/28 00:53:05;1973;91;28.7;23.2;2.641;1.783;1.277;2.706;0.058;1.632;1974
B315F1;2015/02/28 00:53:15;1974;83;31.9;23.1;2.693;1.777;1.277;2.754;0.058;1.654;1975
B315F1;2015/02/28 00:53:25;1975;92;27.4;23.1;2.616;1.777;1.335;2.754;0.058;1.625;1976
B315F1;2015/02/28 00:53:35;1976;88;32.5;23.2;2.706;1.816;1.335;2.754;0.058;1.645;1977
B315F1;2015/02/28 00:53:45;1977;88;29.0;22.9;2.751;1.816;1.312;2.754;0.058;1.599;1978
B315F1;2015/02/28 00:53:55;1978;96;30.3;23.6;2.629;1.816;1.312;2.751;0.058;1.622;1979
B315F1;2015/02/28 00:54:05;1979;88;31.9;23.1;2.751;1.816;1.283;2.751;0.058;1.651;1980
B315F1;2015/02/28 00:54:15;1980;81;28.0;23.2;2.764;1.809;1.283;2.751;0.051;1.603;1981
B315F1;2015/02/28 00:54:25;1981;87;28.3;23.1;2.600;1.809;1.322;2.751;0.051;1.612;1982
B315F1;2015/02/28 00:54:35;1982;87;31.2;23.1;2.806;1.809;1.322;2.741;0.051;1.629;1983
B315F1;2015/02/28 00:54:45;1983;91;30.9;23.1;2.638;1.809;1.280;2.741;0.051;1.651;1984
B315F1;2015/02/28 00:54:55;1984;85;33.5;23.2;2.690;1.787;1.280;2.741;0.051;1.622;1985
B315F1;2015/02/28 00:55:05;1985;86;27.7;23.6;2.609;1.787;1.338;2.741;0.051;1.658;1986
B315F1;2015/02/28 00:55:15;1986;78;29.0;23.6;2.593;1.787;1.338;2.729;0.051;1.641;1987
B315F1;2015/02/28 00:55:25;1987;88;35.1;22.7;2.706;1.787;1.325;2.729;0.051;1.622;1988
B315F1;2015/02/28 00:55:35;1988;90;34.8;23.1;2.622;1.777;1.325;2.729;0.070;1.638;1989
B315F1;2015/02/28 00:55:45;1989;82;31.9;22.9;2.790;1.777;1.309;2.729;0.070;1.645;1990
B315F1;2015/02/28 00:55:55;1990;81;34.5;23.4;2.783;1.809;1.309;2.761;0.070;1.622;1991
B315F1;2015/02/28 00:56:05;1991;92;31.2;22.9;2.738;1.809;1.319;2.761;0.070;1.603;1992
B315F1;2015/02/28 00:56:15;1992;88;27.7;23.4;2.600;1.819;1.319;2.761;0.061;1.616;1993
B315F1;2015/02/28 00:56:25;1993;74;30.3;22.7;2.680;1.819;1.345;2.761;0.061;1.603;1994
B315F1;2015/02/28 00:56:35;1994;91;31.6;22.9;2.651;1.803;1.345;2.725;0.061;1.638;1995
B315F1;2015/02/28 00:56:45;1995;91;33.5;22.7;2.690;1.803;1.283;2.725;0.061;1.625;1996
B315F1;2015/02/28 00:56:55;1996;78;33.2;23.1;2.712;1.812;1.283;2.725;0.058;1.606;1997
B315F1;2015/02/28 00:57:05;1997;88;28.7;23.7;2.651;1.812;1.338;2.725;0.058;1.619;1998
B315F1;2015/02/28 00:57:15;1998;91;30.6;23.1;2.783;1.796;1.338;2.725;0.058;1.603;1999
B315F1;2015/02/28 00:57:25;1999;78;29.0;22.9;2.648;1.796;1.332;2.725;0.058;1.632;2000
B315F1;2015/02/28 00:57:35;2000;96;31.2;22.7;2.593;1.819;1.332;2.725;0.058;1.622;2001
B315F1;2015/02/28 00:57:45;2001;88;27.7;23.2;2.625;1.819;1.283;2.725;0.058;1.577;2002
B315F1;2015/02/28 00:57:55;2002;90;31.9;23.2;2.835;1.783;1.283;2.725;0.058;1.554;2003
B315F1;2015/02/28 00:58:05;2003;93;30.3;22.7;2.680;1.783;1.338;2.725;0.058;1.616;2004
B315F1;2015/02/28 00:58:15;2004;93;31.9;22.9;2.593;1.780;1.338;2.725;0.112;1.603;2005
B315F1;2015/02/28 00:58:25;2005;78;31.9;23.4;2.838;1.780;1.280;2.725;0.112;1.603;2006
B315F1;2015/02/28 00:58:35;2006;83;30.0;23.4;2.716;1.816;1.280;2.761;0.112;1.606;2007
B315F1;2015/02/28 00:58:45;2007;80;27.7;23.2;2.687;1.816;1.283;2.761;0.112;1.577;2008
B315F1;2015/02/28 00:58:55;2008;92;27.7;23.6;2.629;1.806;1.283;2.761;0.061;1.583;2009
B315F1;2015/02/28 00:59:05;2009;88;31.2;23.1;2.777;1.806;1.283;2.761;0.061;1.606;2010
B315F1;2015/02/28 00:59:15;2010;93;31.2;23.7;2.638;1.790;1.283;2.725;0.061;1.619;2011
B315F1;2015/02/28 00:59:25;2011;88;28.3;23.6;2.648;1.790;1.338;2.725;0.061;1.574;2012
B315F1;2015/02/28 00:59:35;2012;88;30.9;23.2;2.690;1.822;1.338;2.725;0.061;1.564;2013
B315F1;2015/02/28 00:59:45;2013;85;31.9;23.2;2.819;1.822;1.293;2.725;0.061;1.609;2014
B315F1;2015/02/28 00:59:55;2014;86;33.2;23.4;2.625;1.809;1.293;2.719;0.061;1.619;2015
B315F1;2015/02/28 01:00:05;2015;94;30.9;23.4;2.825;1.809;1.335;2.719;0.061;1.590;2016
B315F1;2015/02/28 01:00:15;2016;92;34.5;23.1;2.735;1.793;1.335;2.719;0.064;1.616;2017
B315F1;2015/02/28 01:00:25;2017;81;27.4;23.2;2.619;1.793;1.306;2.719;0.064;1.606;2018
B315F1;2015/02/28 01:00:35;2018;90;27.7;23.2;2.638;1.790;1.306;2.719;0.064;1.612;2019
B315F1;2015/02/28 01:00:45;2019;93;33.2;23.4;2.796;1.790;1.287;2.719;0.064;1.583;2020
B315F1;2015/02/28 01:00:55;2020;84;30.3;22.9;2.829;1.787;1.287;2.719;0.058;1.609;2021
B315F1;2015/02/28 01:01:05;2021;78;30.3;23.4;2.603;1.787;1.316;2.719;0.058;1.583;2022
B315F1;2015/02/28 01:01:15;2022;88;27.7;23.1;2.603;1.825;1.316;2.761;0.058;1.622;2023
B315F1;2015/02/28 01:01:25;2023;93;28.0;22.4;2.832;1.825;1.290;2.761;0.058;1.616;2024
B315F1;2015/02/28 01:01:35;2024;93;30.3;22.7;2.835;1.825;1.290;2.761;0.061;1.622;2025
B315F1;2015/02/28 01:01:45;2025;84;29.6;23.2;2.799;1.825;1.338;2.761;0.061;1.616;2026
B315F1;2015/02/28 01:01:55;2026;81;30.3;22.5;2.612;1.825;1.338;2.767;0.061;1.606;2027
B315F1;2015/02/28 01:02:05;2027;88;30.9;23.7;2.629;1.825;1.332;2.767;0.061;1.596;2028
B315F1;2015/02/28 01:02:15;2028;93;28.3;23.4;2.654;1.787;1.332;2.767;0.058;1.596;2029
B315F1;2015/02/28 01:02:25;2029;90;27.4;23.4;2.664;1.787;1.309;2.767;0.058;1.599;2030
B315F1;2015/02/28 01:02:35;2030;84;28.0;23.4;2.664;1.793;1.309;2.767;0.058;1.625;2031
B315F1;2015/02/28 01:02:45;2031;77;32.2;23.4;2.832;1.793;1.283;2.767;0.058;1.638;2032
B315F1;2015/02/28 01:02:55;2032;93;30.3;23.4;2.751;1.809;1.283;2.767;0.112;1.606;2033
B315F1;2015/02/28 01:03:05;2033;87;30.9;23.4;2.832;1.809;1.283;2.767;0.112;1.635;2034
B315F1;2015/02/28 01:03:15;2034;93;29.3;23.2;2.619;1.796;1.283;2.735;0.112;1.651;2035
B315F1;2015/02/28 01:03:25;2035;83;31.2;22.9;2.745;1.796;1.283;2.735;0.112;1.603;2036
B315F1;2015/02/28 01:03:35;2036;84;27.7;23.4;2.774;1.800;1.283;2.735;0.087;1.619;2037
B315F1;2015/02/28 01:03:45;2037;86;33.5;22.9;2.812;1.800;1.300;2.735;0.087;1.625;2038
B315F1;2015/02/28 01:03:55;2038;78;33.5;23.1;2.612;1.803;1.300;2.725;0.087;1.606;2039
B315F1;2015/02/28 01:04:05;2039;90;33.8;22.9;2.664;1.803;1.332;2.725;0.087;1.616;2040
B315F1;2015/02/28 01:04:15;2040;83;34.5;23.7;2.790;1.800;1.332;2.725;0.058;1.622;2041
B315F1;2015/02/28 01:04:25;2041;78;29.0;23.9;2.641;1.800;1.287;2.725;0.058;1.654;2042
B315F1;2015/02/28 01:04:35;2042;87;27.7;23.4;2.619;1.796;1.287;2.754;0.058;1.616;2043
B315F1;2015/02/28 01:04:45;2043;94;31.2;23.2;2.832;1.796;1.303;2.754;0.058;1.596;2044
B315F1;2015/02/28 01:04:55;2044;94;31.9;23.2;2.799;1.809;1.303;2.754;0.064;1.599;2045
B315F1;2015/02/28 01:05:05;2045;74;28.0;22.7;2.693;1.809;1.287;2.754;0.064;1.599;2046
B315F1;2015/02/28 01:05:15;2046;90;27.4;22.9;2.829;1.787;1.287;2.732;0.064;1.612;2047
B315F1;2015/02/28 01:05:25;2047;82;30.0;23.1;2.825;1.787;1.348;2.732;0.064;1.603;2048
B315F1;2015/02/28 01:05:35;2048;81;28.3;23.1;2.600;1.809;1.348;2.732;0.064;1.583;2049
B315F1;2015/02/28 01:05:45;2049;94;33.5;23.1;2.751;1.809;1.341;2.732;0.064;1.593;2050
B315F1;2015/02/28 01:05:55;2050;83;32.5;23.1;2.619;1.829;1.341;2.758;0.064;1.635;2051
B315F1;2015/02/28 01:06:05;2051;86;27.7;23.7;2.609;1.829;1.293;2.758;0.064;1.645;2052
B315F1;2015/02/28 01:06:15;2052;83;28.3;23.6;2.593;1.806;1.293;2.758;0.061;1.619;2053
B315F1;2015/02/28 01:06:25;2053;86;31.2;22.9;2.812;1.806;1.332;2.758;0.061;1.619;2054
B315F1;2015/02/28 01:06:35;2054;87;31.2;24.4;2.667;1.790;1.332;2.735;0.061;1.609;2055
B315F1;2015/02/28 01:06:45;2055;88;31.6;23.6;2.819;1.790;1.306;2.735;0.061;1.641;2056
B315F1;2015/02/28 01:06:55;2056;87;31.9;23.2;2.719;1.793;1.306;2.735;0.058;1.593;2057
B315F1;2015/02/28 01:07:05;2057;89;30.3;22.7;2.696;1.793;1.287;2.735;0.058;1.593;2058
B315F1;2015/02/28 01:07:15;2058;93;31.2;23.4;2.703;1.819;1.287;2.729;0.058;1.635;2059
B315F1;2015/02/28 01:07:25;2059;83;28.7;23.6;2.641;1.819;1.287;2.729;0.058;1.622;2060
B315F1;2015/02/28 01:07:35;2060;89;27.7;22.9;2.819;1.790;1.287;2.729;0.058;1.632;2061
B315F1;2015/02/28 01:07:45;2061;88;31.2;22.7;2.832;1.790;1.329;2.729;0.058;1.612;2062
B315F1;2015/02/28 01:07:55;2062;93;28.3;22.9;2.616;1.800;1.329;2.774;0.058;1.609;2063
B315F1;2015/02/28 01:08:05;2063;89;28.7;23.6;2.745;1.800;1.345;2.774;0.058;1.645;2064
B315F1;2015/02/28 01:08:15;2064;90;34.5;23.1;2.632;1.819;1.345;2.774;0.099;1.599;2065
B315F1;2015/02/28 01:08:25;2065;94;28.7;22.9;2.638;1.819;1.306;2.774;0.099;1.599;2066
B315F1;2015/02/28 01:08:35;2066;84;30.3;23.4;2.754;1.822;1.306;2.738;0.099;1.612;2067
B315F1;2015/02/28 01:08:45;2067;92;32.5;23.2;2.674;1.822;1.351;2.738;0.099;1.632;2068
B315F1;2015/02/28 01:08:55;2068;93;30.3;22.9;2.603;1.829;1.351;2.738;0.067;1.612;2069
B315F1;2015/02/28 01:09:05;2069;87;31.9;23.1;2.725;1.829;1.300;2.738;0.067;1.587;2070
B315F1;2015/02/28 01:09:15;2070;88;30.6;23.2;2.799;1.790;1.300;2.735;0.067;1.622;2071
B315F1;2015/02/28 01:09:25;2071;91;31.2;22.7;2.738;1.790;1.309;2.735;0.067;1.635;2072
B315F1;2015/02/28 01:09:35;2072;88;28.3;22.5;2.832;1.812;1.309;2.735;0.138;1.596;2073
B315F1;2015/02/28 01:09:45;2073;89;30.3;23.4;2.806;1.812;1.293;2.735;0.138;1.625;2074
B315F1;2015/02/28 01:09:55;2074;83;28.3;23.4;2.593;1.816;1.293;2.751;0.138;1.616;2075
B315F1;2015/02/28 01:10:05;2075;83;27.4;23.6;2.619;1.816;1.338;2.751;0.138;1.587;2076
B315F1;2015/02/28 01:10:15;2076;89;32.5;23.4;2.758;1.793;1.338;2.751;0.058;1.622;2077
B315F1;2015/02/28 01:10:25;2077;78;29.3;23.2;2.603;1.793;1.341;2.751;0.058;1.619;2078
B315F1;2015/02/28 01:10:35;2078;89;29.6;23.4;2.619;1.822;1.341;2.783;0.058;1.629;2079
B315F1;2015/02/28 01:10:45;2079;79;29.6;23.2;2.638;1.822;1.300;2.783;0.058;1.606;2080
B315F1;2015/02/28 01:10:55;2080;89;29.6;23.2;2.600;1.829;1.300;2.783;0.054;1.619;2081
B315F1;2015/02/28 01:11:05;2081;87;28.7;23.4;2.764;1.829;1.351;2.783;0.054;1.622;2082
B315F1;2015/02/28 01:11:15;2082;93;32.5;23.4;2.680;1.809;1.351;2.767;0.054;1.638;2083
B315F1;2015/02/28 01:11:25;2083;88;27.4;23.9;2.622;1.809;1.329;2.767;0.054;1.641;2084
B315F1;2015/02/28 01:11:35;2084;90;32.5;23.7;2.774;1.825;1.329;2.767;0.080;1.632;2085
B315F1;2015/02/28 01:11:45;2085;83;32.2;23.7;2.629;1.825;1.351;2.767;0.080;1.629;2086
B315F1;2015/02/28 01:11:55;2086;78;30.0;23.6;2.732;1.825;1.351;2.745;0.080;1.629;2087
B315F1;2015/02/28 01:12:05;2087;80;31.9;23.1;2.764;1.825;1.309;2.745;0.080;1.622;2088
B315F1;2015/02/28 01:12:15;2088;81;28.3;23.6;2.600;1.800;1.309;2.745;0.054;1.651;2089
B315F1;2015/02/28 01:12:25;2089;91;27.7;23.7;2.616;1.800;1.293;2.745;0.054;1.622;2090
B315F1;2015/02/28 01:12:35;2090;87;32.5;23.4;2.667;1.809;1.293;2.748;0.054;1.603;2091
B315F1;2015/02/28 01:12:45;2091;92;29.0;23.2;2.835;1.809;1.300;2.748;0.054;1.583;2092
B315F1;2015/02/28 01:12:55;2092;88;29.3;23.1;2.722;1.793;1.300;2.748;0.061;1.587;2093
B315F1;2015/02/28 01:13:05;2093;86;33.5;23.1;2.706;1.793;1.287;2.748;0.061;1.590;2094
B315F1;2015/02/28 01:13:15;2094;86;27.4;23.4;2.612;1.832;1.287;2.748;0.061;1.590;2095
B315F1;2015/02/28 01:13:25;2095;86;28.3;24.3;2.641;1.832;1.345;2.748;0.061;1.606;2096
B315F1;2015/02/28 01:13:35;2096;86;28.7;23.7;2.619;1.796;1.345;2.748;0.119;1.638;2097
B315F1;2015/02/28 01:13:45;2097;90;27.7;23.6;2.635;1.796;1.293;2.748;0.119;1.641;2098
B315F1;2015/02/28 01:13:55;2098;93;32.5;23.4;2.764;1.793;1.293;2.774;0.119;1.596;2099
B315F1;2015/02/28 01:14:05;2099;83;29.0;23.2;2.799;1.793;1.338;2.774;0.119;1.622;2100
B315F1;2015/02/28 01:14:15;2100;95;34.1;23.4;2.629;1.835;1.338;2.774;0.058;1.612;2101
B315F1;2015/02/28 01:14:25;2101;83;27.7;23.2;2.635;1.835;1.290;2.774;0.058;1.570;2102
B315F1;2015/02/28 01:14:35;2102;92;31.9;23.7;2.719;1.796;1.290;2.754;0.058;1.574;2103
B315F1;2015/02/28 01:14:45;2103;80;28.0;23.1;2.648;1.796;1.287;2.754;0.058;1.616;2104
B315F1;2015/02/28 01:14:55;2104;90;27.4;23.1;2.593;1.796;1.287;2.754;0.070;1.580;2105
B315F1;2015/02/28 01:15:05;2105;82;31.6;23.4;2.838;1.796;1.351;2.754;0.070;1.593;2106
B315F1;2015/02/28 01:15:15;2106;92;34.5;23.4;2.632;1.816;1.351;2.761;0.070;1.567;2107
B315F1;2015/02/28 01:15:25;2107;90;27.0;23.6;2.612;1.816;1.293;2.761;0.070;1.570;2108
B315F1;2015/02/28 01:15:35;2108;90;28.0;23.2;2.664;1.816;1.293;2.761;0.112;1.551;2109
B315F1;2015/02/28 01:15:45;2109;83;27.0;23.6;2.625;1.816;1.296;2.761;0.112;1.580;2110
B315F1;2015/02/28 01:15:55;2110;91;31.2;23.4;2.703;1.825;1.296;2.787;0.112;1.574;2111
B315F1;2015/02/28 01:16:05;2111;86;29.6;23.1;2.658;1.825;1.351;2.787;0.112;1.525;2112
B315F1;2015/02/28 01:16:15;2112;78;30.0;23.6;2.677;1.816;1.351;2.787;0.061;1.538;2113
B315F1;2015/02/28 01:16:25;2113;83;32.5;22.9;2.725;1.816;1.296;2.787;0.061;1.561;2114
B315F1;2015/02/28 01:16:35;2114;82;30.9;23.2;2.790;1.819;1.296;2.745;0.061;1.554;2115
B315F1;2015/02/28 01:16:45;2115;80;32.5;23.2;2.658;1.819;1.303;2.745;0.061;1.532;2116
B315F1;2015/02/28 01:16:55;2116;93;28.3;23.4;2.603;1.806;1.303;2.745;0.067;1.545;2117
B315F1;2015/02/28 01:17:05;2117;88;28.0;23.4;2.835;1.806;1.293;2.745;0.067;1.603;2118
B315F1;2015/02/28 01:17:15;2118;86;30.9;24.3;2.829;1.796;1.293;2.751;0.067;1.558;2119
B315F1;2015/02/28 01:17:25;2119;86;30.9;23.4;2.777;1.796;1.358;2.751;0.067;1.567;2120
B315F1;2015/02/28 01:17:35;2120;81;33.5;23.6;2.632;1.800;1.358;2.751;0.077;1.599;2121
B315F1;2015/02/28 01:17:45;2121;86;31.2;23.7;2.790;1.800;1.322;2.751;0.077;1.564;2122
B315F1;2015/02/28 01:17:55;2122;90;28.3;23.4;2.670;1.796;1.322;2.764;0.077;1.596;2123
B315F1;2015/02/28 01:18:05;2123;85;31.9;24.1;2.816;1.796;1.293;2.764;0.077;1.596;2124
B315F1;2015/02/28 01:18:15;2124;93;29.3;23.4;2.748;1.812;1.293;2.764;0.058;1.635;2125
B315F1;2015/02/28 01:18:25;2125;88;30.9;23.2;2.835;1.812;1.309;2.764;0.058;1.619;2126
B315F1;2015/02/28 01:18:35;2126;92;27.0;23.4;2.651;1.819;1.309;2.761;0.058;1.606;2127
B315F1;2015/02/28 01:18:45;2127;87;30.6;22.7;2.706;1.819;1.296;2.761;0.058;1.587;2128
B315F1;2015/02/28 01:18:55;2128;83;34.5;23.4;2.745;1.806;1.296;2.761;0.058;1.587;2129
B315F1;2015/02/28 01:19:05;2129;88;30.9;23.7;2.612;1.806;1.309;2.761;0.058;1.599;2130
B315F1;2015/02/28 01:19:15;2130;92;34.5;23.6;2.625;1.806;1.309;2.777;0.058;1.593;2131
B315F1;2015/02/28 01:19:25;2131;93;31.2;23.4;2.748;1.806;1.348;2.777;0.058;1.580;2132
B315F1;2015/02/28 01:19:35;2132;84;33.5;23.4;2.664;1.816;1.348;2.777;0.058;1.593;2133
B315F1;2015/02/28 01:19:45;2133;88;31.2;22.7;2.732;1.816;1.296;2.777;0.058;1.625;2134
B315F1;2015/02/28 01:19:55;2134;82;28.3;23.2;2.832;1.829;1.296;2.754;0.058;1.641;2135
B315F1;2015/02/28 01:20:05;2135;87;34.5;23.2;2.803;1.829;1.293;2.754;0.058;1.632;2136
B315F1;2015/02/28 01:20:15;2136;88;28.3;23.7;2.667;1.806;1.293;2.754;0.064;1.606;2137
B315F1;2015/02/28 01:20:25;2137;86;29.0;23.1;2.777;1.806;1.290;2.754;0.064;1.622;2138
B315F1;2015/02/28 01:20:35;2138;95;30.3;23.7;2.632;1.812;1.290;2.774;0.064;1.599;2139
B315F1;2015/02/28 01:20:45;2139;87;32.5;23.6;2.758;1.812;1.303;2.774;0.064;1.616;2140
B315F1;2015/02/28 01:20:55;2140;78;27.7;23.4;2.632;1.838;1.303;2.774;0.093;1.612;2141
B315F1;2015/02/28 01:21:05;2141;83;34.1;23.2;2.738;1.838;1.312;2.774;0.093;1.612;2142
B315F1;2015/02/28 01:21:15;2142;92;27.7;23.6;2.790;1.832;1.312;2.758;0.093;1.625;2143
B315F1;2015/02/28 01:21:25;2143;87;31.2;23.4;2.751;1.832;1.341;2.758;0.093;1.593;2144
B315F1;2015/02/28 01:21:35;2144;91;27.7;23.2;2.754;1.832;1.341;2.758;0.054;1.619;2145
B315F1;2015/02/28 01:21:45;2145;78;31.9;23.1;2.806;1.832;1.296;2.758;0.054;1.616;2146
B315F1;2015/02/28 01:21:55;2146;90;32.5;23.4;2.783;1.800;1.296;2.754;0.054;1.645;2147
B315F1;2015/02/28 01:22:05;2147;88;31.2;23.2;2.729;1.800;1.293;2.754;0.054;1.593;2148
B315F1;2015/02/28 01:22:15;2148;90;31.9;23.6;2.777;1.832;1.293;2.754;0.061;1.625;2149
B315F1;2015/02/28 01:22:25;2149;83;28.0;22.7;2.719;1.832;1.312;2.754;0.061;1.629;2150
B315F1;2015/02/28 01:22:35;2150;88;28.0;23.7;2.632;1.816;1.312;2.799;0.061;1.616;2151
B315F1;2015/02/28 01:22:45;2151;81;29.6;23.7;2.729;1.816;1.335;2.799;0.061;1.616;2152
B315F1;2015/02/28 01:22:55;2152;87;30.3;23.1;2.829;1.835;1.335;2.799;0.054;1.596;2153
B315F1;2015/02/28 01:23:05;2153;90;34.8;22.9;2.716;1.835;1.300;2.799;0.054;1.632;2154
B315F1;2015/02/28 01:23:15;2154;93;30.9;22.9;2.829;1.819;1.300;2.758;0.054;1.641;2155
B315F1;2015/02/28 01:23:25;2155;91;29.3;23.6;2.648;1.819;1.296;2.758;0.054;1.632;2156
B315F1;2015/02/28 01:23:35;2156;93;34.5;23.7;2.625;1.835;1.296;2.758;0.093;1.641;2157
B315F1;2015/02/28 01:23:45;2157;89;31.2;22.9;2.825;1.835;1.293;2.758;0.093;1.593;2158
B315F1;2015/02/28 01:23:55;2158;83;27.7;22.7;2.832;1.829;1.293;2.799;0.093;1.629;2159
B315F1;2015/02/28 01:24:05;2159;91;33.2;22.9;2.738;1.829;1.312;2.799;0.093;1.599;2160
B315F1;2015/02/28 01:24:15;2160;88;29.3;23.4;2.625;1.800;1.312;2.799;0.125;1.648;2161
B315F1;2015/02/28 01:24:25;2161;91;27.4;23.2;2.693;1.800;1.345;2.799;0.125;1.625;2162
B315F1;2015/02/28 01:24:35;2162;89;29.6;23.1;2.829;1.816;1.345;2.761;0.125;1.654;2163
B315F1;2015/02/28 01:24:45;2163;81;33.2;23.2;2.825;1.816;1.296;2.761;0.125;1.648;2164
B315F1;2015/02/28 01:24:55;2164;94;28.3;23.4;2.593;1.806;1.296;2.761;0.074;1.658;2165
B315F1;2015/02/28 01:25:05;2165;85;33.5;23.2;2.674;1.806;1.358;2.761;0.074;1.606;2166
B315F1;2015/02/28 01:25:15;2166;86;33.2;23.4;2.812;1.841;1.358;2.774;0.074;1.638;2167
B315F1;2015/02/28 01:25:25;2167;82;29.3;22.7;2.664;1.841;1.312;2.774;0.074;1.593;2168
B315F1;2015/02/28 01:25:35;2168;79;28.3;22.7;2.835;1.838;1.312;2.774;0.054;1.629;2169
B315F1;2015/02/28 01:25:45;2169;82;32.2;22.9;2.835;1.838;1.296;2.774;0.054;1.638;2170
B315F1;2015/02/28 01:25:55;2170;78;27.7;23.1;2.835;1.803;1.296;2.758;0.054;1.635;2171
B315F1;2015/02/28 01:26:05;2171;93;30.9;23.4;2.722;1.803;1.300;2.758;0.054;1.596;2172
B315F1;2015/02/28 01:26:15;2172;83;30.0;23.6;2.825;1.803;1.300;2.758;0.119;1.577;2173
B315F1;2015/02/28 01:26:25;2173;83;28.7;23.7;2.625;1.803;1.296;2.758;0.119;1.619;2174
B315F1;2015/02/28 01:26:35;2174;90;30.3;23.2;2.822;1.841;1.296;2.806;0.119;1.616;2175
B315F1;2015/02/28 01:26:45;2175;75;28.7;23.7;2.638;1.841;1.293;2.806;0.119;1.580;2176
B315F1;2015/02/28 01:26:55;2176;92;30.9;23.7;2.806;1.841;1.293;2.806;0.070;1.638;2177
B315F1;2015/02/28 01:27:05;2177;85;30.9;23.4;2.832;1.841;1.319;2.806;0.070;1.638;2178
B315F1;2015/02/28 01:27:15;2178;78;31.9;23.9;2.680;1.803;1.319;2.774;0.070;1.641;2179
B315F1;2015/02/28 01:27:25;2179;86;31.2;23.1;2.603;1.803;1.303;2.774;0.070;1.574;2180
B315F1;2015/02/28 01:27:35;2180;95;32.5;23.4;2.629;1.803;1.303;2.774;0.067;1.616;2181
B315F1;2015/02/28 01:27:45;2181;85;30.3;22.9;2.690;1.803;1.296;2.774;0.067;1.593;2182
B315F1;2015/02/28 01:27:55;2182;90;29.0;23.4;2.696;1.822;1.296;2.809;0.067;1.558;2183
B315F1;2015/02/28 01:28:05;2183;92;33.5;22.7;2.680;1.822;1.300;2.809;0.067;1.564;2184
B315F1;2015/02/28 01:28:15;2184;93;32.9;23.1;2.632;1.822;1.300;2.809;0.077;1.587;2185
B315F1;2015/02/28 01:28:25;2185;85;27.4;23.7;2.619;1.822;1.345;2.809;0.077;1.577;2186
B315F1;2015/02/28 01:28:35;2186;80;32.5;23.2;2.648;1.825;1.345;2.793;0.077;1.587;2187
B315F1;2015/02/28 01:28:45;2187;90;31.9;23.1;2.751;1.825;1.300;2.793;0.077;1.583;2188
B315F1;2015/02/28 01:28:55;2188;86;29.6;22.9;2.612;1.841;1.300;2.793;0.054;1.590;2189
B315F1;2015/02/28 01:29:05;2189;78;33.5;23.2;2.654;1.841;1.351;2.793;0.054;1.606;2190
B315F1;2015/02/28 01:29:15;2190;88;27.7;23.1;2.835;1.832;1.351;2.780;0.054;1.596;2191
B315F1;2015/02/28 01:29:25;2191;87;33.2;23.4;2.741;1.832;1.341;2.780;0.054;1.599;2192
B315F1;2015/02/28 01:29:35;2192;83;28.0;23.6;2.703;1.845;1.341;2.780;0.077;1.625;2193
B315F1;2015/02/28 01:29:45;2193;90;30.9;23.1;2.806;1.845;1.345;2.780;0.077;1.580;2194
B315F1;2015/02/28 01:29:55;2194;86;28.7;23.4;2.600;1.809;1.345;2.764;0.077;1.622;2195
B315F1;2015/02/28 01:30:05;2195;85;27.7;23.4;2.612;1.809;1.316;2.764;0.077;1.587;2196
B315F1;2015/02/28 01:30:15;2196;89;31.6;22.7;2.829;1.806;1.316;2.764;0.083;1.629;2197
B315F1;2015/02/28 01:30:25;2197;85;30.9;23.2;2.619;1.806;1.296;2.764;0.083;1.609;2198
B315F1;2015/02/28 01:30:35;2198;82;28.3;22.9;2.590;1.803;1.296;2.799;0.083;1.648;2199
B315F1;2015/02/28 01:30:45;2199;85;34.8;22.7;2.735;1.803;1.361;2.799;0.083;1.632;2200
B315F1;2015/02/28 01:30:55;2200;87;31.9;23.2;2.790;1.838;1.361;2.799;0.064;1.629;2201
B315F1;2015/02/28 01:31:05;2201;87;32.2;23.1;2.838;1.838;1.296;2.799;0.064;1.609;2202
B315F1;2015/02/28 01:31:15;2202;88;31.9;22.7;2.803;1.809;1.296;2.758;0.064;1.629;2203
B315F1;2015/02/28 01:31:25;2203;88;32.5;23.6;2.654;1.809;1.296;2.758;0.064;1.635;2204
B315F1;2015/02/28 01:31:35;2204;91;31.2;23.1;2.654;1.841;1.296;2.758;0.080;1.651;2205
B315F1;2015/02/28 01:31:45;2205;88;27.7;23.2;2.680;1.841;1.316;2.758;0.080;1.622;2206
B315F1;2015/02/28 01:31:55;2206;88;32.5;23.4;2.612;1.822;1.316;2.819;0.080;1.599;2207
B315F1;2015/02/28 01:32:05;2207;83;29.3;23.1;2.806;1.822;1.293;2.819;0.080;1.609;2208
B315F1;2015/02/28 01:32:15;2208;93;28.3;22.9;2.606;1.806;1.293;2.819;0.087;1.616;2209
B315F1;2015/02/28 01:32:25;2209;88;31.6;23.1;2.774;1.806;1.303;2.819;0.087;1.590;2210
B315F1;2015/02/28 01:32:35;2210;93;32.5;23.4;2.729;1.812;1.303;2.819;0.087;1.587;2211
B315F1;2015/02/28 01:32:45;2211;77;27.7;23.1;2.648;1.812;1.303;2.819;0.087;1.619;2212
B315F1;2015/02/28 01:32:55;2212;88;28.3;22.9;2.835;1.822;1.303;2.819;0.051;1.567;2213
B315F1;2015/02/28 01:33:05;2213;89;30.3;23.2;2.838;1.822;1.348;2.819;0.051;1.577;2214
B315F1;2015/02/28 01:33:15;2214;80;30.6;23.1;2.648;1.806;1.348;2.819;0.051;1.587;2215
B315F1;2015/02/28 01:33:25;2215;85;31.2;22.5;2.835;1.806;1.303;2.819;0.051;1.590;2216
B315F1;2015/02/28 01:33:35;2216;92;30.9;22.7;2.829;1.829;1.303;2.819;0.070;1.612;2217
B315F1;2015/02/28 01:33:45;2217;86;32.9;23.1;2.777;1.829;1.341;2.819;0.070;1.619;2218
B315F1;2015/02/28 01:33:55;2218;78;34.5;23.4;2.751;1.806;1.341;2.777;0.070;1.593;2219
B315F1;2015/02/28 01:34:05;2219;88;33.5;23.4;2.835;1.806;1.361;2.777;0.070;1.616;2220
B315F1;2015/02/28 01:34:15;2220;88;33.2;23.1;2.822;1.806;1.361;2.777;0.064;1.635;2221
B315F1;2015/02/28 01:34:25;2221;88;33.2;23.4;2.777;1.806;1.300;2.777;0.064;1.590;2222
B315F1;2015/02/28 01:34:35;2222;91;31.9;23.6;2.777;1.829;1.300;2.787;0.064;1.619;2223
B315F1;2015/02/28 01:34:45;2223;88;27.7;23.2;2.619;1.829;1.306;2.787;0.064;1.609;2224
B315F1;2015/02/28 01:34:55;2224;89;28.3;23.4;2.716;1.812;1.306;2.787;0.054;1.619;2225
B315F1;2015/02/28 01:35:05;2225;88;30.0;23.4;2.803;1.812;1.338;2.787;0.054;1.629;2226
B315F1;2015/02/28 01:35:15;2226;92;32.2;23.2;2.829;1.822;1.338;2.812;0.054;1.590;2227
B315F1;2015/02/28 01:35:25;2227;88;32.9;23.4;2.770;1.822;1.303;2.812;0.054;1.577;2228
B315F1;2015/02/28 01:35:35;2228;85;33.8;23.1;2.635;1.841;1.303;2.812;0.077;1.609;2229
B315F1;2015/02/28 01:35:45;2229;94;28.7;22.9;2.783;1.841;1.335;2.812;0.077;1.603;2230
B315F1;2015/02/28 01:35:55;2230;84;33.5;23.4;2.625;1.829;1.335;2.777;0.077;1.590;2231
B315F1;2015/02/28 01:36:05;2231;83;27.0;23.2;2.616;1.829;1.303;2.777;0.077;1.567;2232
B315F1;2015/02/28 01:36:15;2232;90;27.7;23.4;2.600;1.809;1.303;2.777;0.083;1.574;2233
B315F1;2015/02/28 01:36:25;2233;75;27.0;23.7;2.606;1.809;1.348;2.777;0.083;1.612;2234
B315F1;2015/02/28 01:36:35;2234;82;31.2;23.6;2.751;1.832;1.348;2.770;0.083;1.616;2235
B315F1;2015/02/28 01:36:45;2235;78;33.2;23.4;2.835;1.832;1.303;2.770;0.083;1.593;2236
B315F1;2015/02/28 01:36:55;2236;93;31.6;22.9;2.825;1.809;1.303;2.770;0.064;1.612;2237
B315F1;2015/02/28 01:37:05;2237;88;29.0;23.6;2.838;1.809;1.361;2.770;0.064;1.603;2238
B315F1;2015/02/28 01:37:15;2238;87;34.5;23.7;2.651;1.825;1.361;2.809;0.064;1.577;2239
B315F1;2015/02/28 01:37:25;2239;91;30.9;23.2;2.832;1.825;1.300;2.809;0.064;1.616;2240
B315F1;2015/02/28 01:37:35;2240;76;29.3;23.4;2.638;1.832;1.300;2.809;0.054;1.599;2241
B315F1;2015/02/28 01:37:45;2241;83;33.2;23.1;2.838;1.832;1.303;2.809;0.054;1.622;2242
B315F1;2015/02/28 01:37:55;2242;87;29.3;23.4;2.699;1.816;1.303;2.793;0.054;1.587;2243
B315F1;2015/02/28 01:38:05;2243;93;33.2;23.2;2.819;1.816;1.306;2.793;0.054;1.603;2244
B315F1;2015/02/28 01:38:15;2244;93;27.0;23.4;2.625;1.835;1.306;2.793;0.077;1.587;2245
B315F1;2015/02/28 01:38:25;2245;75;29.0;23.9;2.803;1.835;1.364;2.793;0.077;1.629;2246
B315F1;2015/02/28 01:38:35;2246;88;33.5;23.4;2.777;1.809;1.364;2.819;0.077;1.645;2247
B315F1;2015/02/28 01:38:45;2247;81;32.5;23.2;2.770;1.809;1.319;2.819;0.077;1.641;2248
B315F1;2015/02/28 01:38:55;2248;81;34.5;23.4;2.719;1.816;1.319;2.819;0.074;1.638;2249
B315F1;2015/02/28 01:39:05;2249;93;28.7;23.1;2.641;1.816;1.300;2.819;0.074;1.641;2250
B315F1;2015/02/28 01:39:15;2250;92;29.6;22.9;2.600;1.829;1.300;2.793;0.074;1.622;2251
B315F1;2015/02/28 01:39:25;2251;83;32.5;23.1;2.654;1.829;1.329;2.793;0.074;1.606;2252
B315F1;2015/02/28 01:39:35;2252;83;31.9;23.7;2.777;1.845;1.329;2.793;0.074;1.654;2253
B315F1;2015/02/28 01:39:45;2253;91;29.3;23.1;2.661;1.845;1.348;2.793;0.074;1.619;2254
B315F1;2015/02/28 01:39:55;2254;87;29.0;23.6;2.822;1.851;1.348;2.796;0.074;1.625;2255
B315F1;2015/02/28 01:40:05;2255;83;31.2;23.4;2.761;1.851;1.300;2.796;0.074;1.635;2256
B315F1;2015/02/28 01:40:15;2256;92;32.5;23.6;2.625;1.848;1.300;2.796;0.077;1.651;2257
B315F1;2015/02/28 01:40:25;2257;85;28.0;22.9;2.812;1.848;1.312;2.796;0.077;1.638;2258
B315F1;2015/02/28 01:40:35;2258;89;31.9;23.4;2.812;1.851;1.312;2.770;0.077;1.661;2259
B315F1;2015/02/28 01:40:45;2259;87;29.6;23.1;2.658;1.851;1.316;2.770;0.077;1.625;2260
B315F1;2015/02/28 01:40:55;2260;90;32.2;23.2;2.783;1.832;1.316;2.770;0.064;1.622;2261
B315F1;2015/02/28 01:41:05;2261;89;28.7;23.9;2.664;1.832;1.303;2.770;0.064;1.654;2262
B315F1;2015/02/28 01:41:15;2262;82;31.9;23.7;2.829;1.812;1.303;2.819;0.064;1.632;2263
B315F1;2015/02/28 01:41:25;2263;83;28.3;23.7;2.625;1.812;1.348;2.819;0.064;1.616;2264
B315F1;2015/02/28 01:41:35;2264;88;31.9;22.9;2.812;1.841;1.348;2.819;0.067;1.622;2265
B315F1;2015/02/28 01:41:45;2265;76;35.1;22.5;2.709;1.841;1.364;2.819;0.067;1.658;2266
B315F1;2015/02/28 01:41:55;2266;87;30.9;22.9;2.803;1.812;1.364;2.783;0.067;1.629;2267
B315F1;2015/02/28 01:42:05;2267;83;29.3;23.6;2.758;1.812;1.296;2.783;0.067;1.612;2268
B315F1;2015/02/28 01:42:15;2268;92;32.5;23.7;2.777;1.812;1.296;2.783;0.070;1.632;2269
B315F1;2015/02/28 01:42:25;2269;80;32.2;23.4;2.835;1.812;1.300;2.783;0.070;1.625;2270
B315F1;2015/02/28 01:42:35;2270;87;33.5;23.1;2.648;1.848;1.300;2.783;0.070;1.632;2271
B315F1;2015/02/28 01:42:45;2271;83;32.5;22.7;2.790;1.848;1.364;2.783;0.070;1.609;2272
B315F1;2015/02/28 01:42:55;2272;89;28.0;23.1;2.667;1.819;1.364;2.783;0.054;1.622;2273
B315F1;2015/02/28 01:43:05;2273;84;27.7;23.6;2.616;1.819;1.316;2.783;0.054;1.596;2274
B315F1;2015/02/28 01:43:15;2274;90;31.2;23.1;2.777;1.848;1.316;2.819;0.054;1.622;2275
B315F1;2015/02/28 01:43:25;2275;90;33.2;23.4;2.835;1.848;1.364;2.819;0.054;1.645;2276
B315F1;2015/02/28 01:43:35;2276;91;31.2;23.2;2.770;1.832;1.364;2.819;0.080;1.641;2277
B315F1;2015/02/28 01:43:45;2277;78;31.9;22.7;2.738;1.832;1.325;2.819;0.080;1.638;2278
B315F1;2015/02/28 01:43:55;2278;75;32.2;22.5;2.822;1.832;1.325;2.835;0.080;1.625;2279
B315F1;2015/02/28 01:44:05;2279;87;30.9;23.4;2.832;1.832;1.325;2.835;0.080;1.599;2280
B315F1;2015/02/28 01:44:15;2280;83;33.8;23.1;2.680;1.845;1.325;2.835;0.077;1.612;2281
B315F1;2015/02/28 01:44:25;2281;79;29.3;22.9;2.661;1.845;1.322;2.835;0.077;1.632;2282
B315F1;2015/02/28 01:44:35;2282;88;31.9;23.2;2.835;1.841;1.322;2.796;0.077;1.632;2283
B315F1;2015/02/28 01:44:45;2283;83;31.2;22.7;2.719;1.841;1.303;2.796;0.077;1.616;2284
B315F1;2015/02/28 01:44:55;2284;78;28.3;23.1;2.600;1.816;1.303;2.796;0.064;1.609;2285
B315F1;2015/02/28 01:45:05;2285;86;29.0;23.7;2.758;1.816;1.306;2.796;0.064;1.625;2286
B315F1;2015/02/28 01:45:15;2286;90;27.7;23.2;2.806;1.812;1.306;2.812;0.064;1.606;2287
B315F1;2015/02/28 01:45:25;2287;85;28.7;23.9;2.641;1.812;1.319;2.812;0.064;1.603;2288
B315F1;2015/02/28 01:45:35;2288;86;27.7;23.1;2.825;1.848;1.319;2.812;0.064;1.629;2289
B315F1;2015/02/28 01:45:45;2289;84;31.9;23.4;2.783;1.848;1.306;2.812;0.064;1.619;2290
B315F1;2015/02/28 01:45:55;2290;86;31.9;23.4;2.822;1.841;1.306;2.816;0.064;1.622;2291
B315F1;2015/02/28 01:46:05;2291;88;31.9;23.4;2.790;1.841;1.367;2.816;0.064;1.603;2292
B315F1;2015/02/28 01:46:15;2292;88;30.3;23.2;2.735;1.832;1.367;2.816;0.090;1.606;2293
B315F1;2015/02/28 01:46:25;2293;82;32.9;22.5;2.719;1.832;1.367;2.816;0.090;1.606;2294
B315F1;2015/02/28 01:46:35;2294;95;29.3;23.6;2.716;1.841;1.367;2.783;0.090;1.651;2295
B315F1;2015/02/28 01:46:45;2295;82;30.9;22.7;2.735;1.841;1.345;2.783;0.090;1.625;2296
B315F1;2015/02/28 01:46:55;2296;88;32.5;23.4;2.603;1.848;1.345;2.783;0.112;1.645;2297
B315F1;2015/02/28 01:47:05;2297;91;29.3;22.9;2.751;1.848;1.364;2.783;0.112;1.641;2298
B315F1;2015/02/28 01:47:15;2298;83;32.5;23.4;2.774;1.845;1.364;2.819;0.112;1.677;2299
B315F1;2015/02/28 01:47:25;2299;92;29.3;23.2;2.641;1.845;1.300;2.819;0.112;1.625;2300
B315F1;2015/02/28 01:47:35;2300;80;29.0;23.4;2.609;1.841;1.300;2.819;0.112;1.654;2301
B315F1;2015/02/28 01:47:45;2301;81;30.6;22.4;2.806;1.841;1.306;2.819;0.112;1.661;2302
B315F1;2015/02/28 01:47:55;2302;90;34.5;23.1;2.648;1.851;1.306;2.790;0.112;1.651;2303
B315F1;2015/02/28 01:48:05;2303;85;30.6;22.9;2.819;1.851;1.322;2.790;0.112;1.632;2304
B315F1;2015/02/28 01:48:15;2304;96;34.5;23.4;2.651;1.854;1.322;2.790;0.077;1.635;2305
B315F1;2015/02/28 01:48:25;2305;87;32.5;23.2;2.748;1.854;1.345;2.790;0.077;1.667;2306
B315F1;2015/02/28 01:48:35;2306;93;30.0;23.7;2.677;1.816;1.345;2.790;0.077;1.651;2307
B315F1;2015/02/28 01:48:45;2307;87;33.2;22.9;2.748;1.816;1.348;2.790;0.077;1.641;2308
B315F1;2015/02/28 01:48:55;2308;96;28.7;23.1;2.612;1.816;1.348;2.790;0.096;1.635;2309
B315F1;2015/02/28 01:49:05;2309;83;31.9;23.1;2.835;1.816;1.303;2.790;0.096;1.661;2310
B315F1;2015/02/28 01:49:15;2310;83;30.0;23.4;2.719;1.832;1.303;2.799;0.096;1.619;2311
B315F1;2015/02/28 01:49:25;2311;88;32.5;22.7;2.783;1.832;1.319;2.799;0.096;1.648;2312
B315F1;2015/02/28 01:49:35;2312;78;33.5;23.4;2.625;1.816;1.319;2.799;0.070;1.619;2313
B315F1;2015/02/28 01:49:45;2313;88;33.8;22.7;2.651;1.816;1.358;2.799;0.070;1.648;2314
B315F1;2015/02/28 01:49:55;2314;88;30.0;23.6;2.738;1.851;1.358;2.803;0.070;1.612;2315
B315F1;2015/02/28 01:50:05;2315;84;27.4;23.2;2.619;1.851;1.329;2.803;0.070;1.599;2316
B315F1;2015/02/28 01:50:15;2316;88;33.2;23.1;2.706;1.838;1.329;2.803;0.087;1.651;2317
B315F1;2015/02/28 01:50:25;2317;85;31.9;22.7;2.770;1.838;1.332;2.803;0.087;1.612;2318
B315F1;2015/02/28 01:50:35;2318;92;33.2;23.4;2.725;1.854;1.332;2.796;0.087;1.629;2319
B315F1;2015/02/28 01:50:45;2319;92;27.7;23.6;2.625;1.854;1.316;2.796;0.087;1.625;2320
B315F1;2015/02/28 01:50:55;2320;86;29.0;23.7;2.822;1.832;1.316;2.796;0.054;1.616;2321
B315F1;2015/02/28 01:51:05;2321;83;27.7;23.6;2.725;1.832;1.370;2.796;0.054;1.609;2322
B315F1;2015/02/28 01:51:15;2322;86;28.7;23.6;2.680;1.854;1.370;2.835;0.054;1.612;2323
B315F1;2015/02/28 01:51:25;2323;89;31.2;23.4;2.751;1.854;1.309;2.835;0.054;1.590;2324
B315F1;2015/02/28 01:51:35;2324;88;27.7;23.4;2.600;1.854;1.309;2.835;0.064;1.599;2325
B315F1;2015/02/28 01:51:45;2325;91;28.0;22.7;2.690;1.854;1.306;2.835;0.064;1.577;2326
B315F1;2015/02/28 01:51:55;2326;88;31.9;22.9;2.803;1.858;1.306;2.829;0.064;1.625;2327
B315F1;2015/02/28 01:52:05;2327;88;29.6;23.2;2.777;1.858;1.370;2.829;0.064;1.622;2328
B315F1;2015/02/28 01:52:15;2328;93;32.5;23.4;2.745;1.854;1.370;2.829;0.099;1.625;2329
B315F1;2015/02/28 01:52:25;2329;88;32.9;23.1;2.738;1.854;1.332;2.829;0.099;1.596;2330
B315F1;2015/02/28 01:52:35;2330;93;27.7;23.4;2.619;1.848;1.332;2.845;0.099;1.632;2331
B315F1;2015/02/28 01:52:45;2331;84;32.5;22.9;2.816;1.848;1.306;2.845;0.099;1.625;2332
B315F1;2015/02/28 01:52:55;2332;96;33.2;23.2;2.706;1.819;1.306;2.845;0.112;1.593;2333
B315F1;2015/02/28 01:53:05;2333;92;27.7;23.6;2.603;1.819;1.329;2.845;0.112;1.587;2334
B315F1;2015/02/28 01:53:15;2334;89;28.3;23.2;2.812;1.858;1.329;2.806;0.112;1.583;2335
B315F1;2015/02/28 01:53:25;2335;93;29.6;23.7;2.677;1.858;1.345;2.806;0.112;1.596;2336
B315F1;2015/02/28 01:53:35;2336;88;31.9;23.6;2.832;1.851;1.345;2.806;0.112;1.606;2337
B315F1;2015/02/28 01:53:45;2337;83;30.3;23.1;2.680;1.851;1.306;2.806;0.112;1.619;2338
B315F1;2015/02/28 01:53:55;2338;83;28.7;23.4;2.593;1.848;1.306;2.799;0.112;1.638;2339
B315F1;2015/02/28 01:54:05;2339;82;32.5;23.2;2.654;1.848;1.364;2.799;0.112;1.635;2340
B315F1;2015/02/28 01:54:15;2340;96;31.2;23.4;2.790;1.851;1.364;2.799;0.087;1.616;2341
B315F1;2015/02/28 01:54:25;2341;84;27.4;23.2;2.622;1.851;1.322;2.799;0.087;1.596;2342
B315F1;2015/02/28 01:54:35;2342;83;29.0;23.7;2.816;1.858;1.322;2.790;0.087;1.661;2343
B315F1;2015/02/28 01:54:45;2343;90;31.9;23.4;2.777;1.858;1.306;2.790;0.087;1.609;2344
B315F1;2015/02/28 01:54:55;2344;88;30.9;23.2;2.829;1.854;1.306;2.790;0.151;1.635;2345
B315F1;2015/02/28 01:55:05;2345;81;31.2;23.4;2.835;1.854;1.322;2.790;0.151;1.609;2346
B315F1;2015/02/28 01:55:15;2346;87;30.3;23.2;2.600;1.822;1.322;2.838;0.151;1.593;2347
B315F1;2015/02/28 01:55:25;2347;80;28.3;22.9;2.638;1.822;1.309;2.838;0.151;1.609;2348
B315F1;2015/02/28 01:55:35;2348;83;33.8;23.6;2.625;1.854;1.309;2.838;0.064;1.635;2349
B315F1;2015/02/28 01:55:45;2349;83;30.0;23.6;2.632;1.854;1.354;2.838;0.064;1.616;2350
B315F1;2015/02/28 01:55:55;2350;83;30.9;23.2;2.632;1.829;1.354;2.796;0.064;1.625;2351
B315F1;2015/02/28 01:56:05;2351;90;28.0;22.9;2.835;1.829;1.364;2.796;0.064;1.629;2352
B315F1;2015/02/28 01:56:15;2352;84;27.4;23.1;2.612;1.858;1.364;2.796;0.099;1.603;2353
B315F1;2015/02/28 01:56:25;2353;85;30.9;23.1;2.612;1.858;1.312;2.796;0.099;1.638;2354
B315F1;2015/02/28 01:56:35;2354;86;27.7;23.4;2.799;1.848;1.312;2.796;0.099;1.590;2355
B315F1;2015/02/28 01:56:45;2355;93;29.3;22.7;2.651;1.848;1.351;2.796;0.099;1.593;2356
B315F1;2015/02/28 01:56:55;2356;88;27.7;23.1;2.835;1.848;1.351;2.796;0.070;1.616;2357
B315F1;2015/02/28 01:57:05;2357;78;29.6;23.7;2.799;1.848;1.309;2.796;0.070;1.622;2358
B315F1;2015/02/28 01:57:15;2358;85;34.5;23.2;2.648;1.841;1.309;2.803;0.070;1.622;2359
B315F1;2015/02/28 01:57:25;2359;88;28.7;23.6;2.738;1.841;1.312;2.803;0.070;1.593;2360
B315F1;2015/02/28 01:57:35;2360;83;30.0;23.7;2.748;1.825;1.312;2.803;0.070;1.609;2361
B315F1;2015/02/28 01:57:45;2361;76;31.2;23.1;2.725;1.825;1.361;2.803;0.070;1.583;2362
B315F1;2015/02/28 01:57:55;2362;85;30.3;23.1;2.751;1.864;1.361;2.809;0.070;1.580;2363
B315F1;2015/02/28 01:58:05;2363;78;31.6;23.4;2.612;1.864;1.322;2.809;0.070;1.619;2364
B315F1;2015/02/28 01:58:15;2364;86;29.3;23.1;2.629;1.861;1.322;2.809;0.070;1.625;2365
B315F1;2015/02/28 01:58:25;2365;86;31.6;23.1;2.835;1.861;1.322;2.809;0.070;1.596;2366
B315F1;2015/02/28 01:58:35;2366;87;31.6;22.9;2.593;1.861;1.322;2.803;0.070;1.599;2367
B315F1;2015/02/28 01:58:45;2367;81;28.3;23.7;2.625;1.861;1.316;2.803;0.070;1.612;2368
B315F1;2015/02/28 01:58:55;2368;81;29.3;23.4;2.619;1.822;1.316;2.803;0.077;1.641;2369
B315F1;2015/02/28 01:59:05;2369;88;30.6;23.2;2.693;1.822;1.309;2.803;0.077;1.616;2370
B315F1;2015/02/28 01:59:15;2370;94;28.3;23.7;2.600;1.845;1.309;2.806;0.077;1.632;2371
B315F1;2015/02/28 01:59:25;2371;77;27.4;23.9;2.838;1.845;1.319;2.806;0.077;1.641;2372
B315F1;2015/02/28 01:59:35;2372;86;30.0;23.4;2.816;1.858;1.319;2.806;0.070;1.625;2373
B315F1;2015/02/28 01:59:45;2373;93;29.3;23.9;2.600;1.858;1.329;2.806;0.070;1.609;2374
B315F1;2015/02/28 01:59:55;2374;88;28.0;23.7;2.629;1.854;1.329;2.803;0.070;1.616;2375
B315F1;2015/02/28 02:00:05;2375;80;28.0;22.7;2.719;1.854;1.341;2.803;0.070;1.606;2376
B315F1;2015/02/28 02:00:15;2376;80;30.3;23.2;2.829;1.851;1.341;2.803;0.064;1.587;2377
B315F1;2015/02/28 02:00:25;2377;85;30.3;23.2;2.690;1.851;1.329;2.803;0.064;1.629;2378
B315F1;2015/02/28 02:00:35;2378;82;27.7;23.4;2.664;1.861;1.329;2.848;0.064;1.645;2379
B315F1;2015/02/28 02:00:45;2379;89;28.3;23.6;2.719;1.861;1.306;2.848;0.064;1.616;2380
B315F1;2015/02/28 02:00:55;2380;88;30.6;23.4;2.632;1.861;1.306;2.848;0.070;1.625;2381
