B3155D;2015/02/27 00:00:02;28533;73;30.6;25.3;2.661;1.599;0.774;2.341;0.016;1.235;28534
B3155D;2015/02/27 00:00:13;28534;65;28.7;25.1;2.600;1.612;0.774;2.341;0.016;1.225;28535
B3155D;2015/02/27 00:00:22;28535;68;30.6;25.5;2.496;1.612;0.774;2.341;0.016;1.229;28536
B3155D;2015/02/27 00:00:33;28536;68;32.2;25.8;2.493;1.580;0.774;2.341;0.103;1.254;28537
B3155D;2015/02/27 00:00:42;28537;67;31.2;25.1;2.641;1.580;0.809;2.341;0.103;1.235;28538
B3155D;2015/02/27 00:00:53;28538;70;30.3;26.0;2.680;1.583;0.809;2.325;0.103;1.241;28539
B3155D;2015/02/27 00:01:02;28539;69;34.5;25.0;2.664;1.583;0.812;2.325;0.103;1.238;28540
B3155D;2015/02/27 00:01:13;28540;77;30.3;25.1;2.551;1.583;0.812;2.325;0.012;1.241;28541
B3155D;2015/02/27 00:01:22;28541;75;32.5;25.0;2.567;1.583;0.770;2.325;0.012;1.258;28542
B3155D;2015/02/27 00:01:33;28542;72;31.2;25.8;2.487;1.583;0.770;2.345;0.012;1.254;28543
B3155D;2015/02/27 00:01:42;28543;70;27.7;25.3;2.509;1.583;0.809;2.345;0.012;1.254;28544
B3155D;2015/02/27 00:01:53;28544;80;28.3;25.1;2.603;1.580;0.809;2.345;0.000;1.232;28545
B3155D;2015/02/27 00:02:02;28545;77;31.9;25.7;2.661;1.580;0.787;2.345;0.000;1.251;28546
B3155D;2015/02/27 00:02:13;28546;74;30.6;25.1;2.606;1.609;0.787;2.312;0.000;1.248;28547
B3155D;2015/02/27 00:02:22;28547;63;28.3;25.1;2.516;1.609;0.770;2.312;0.000;1.241;28548
B3155D;2015/02/27 00:02:33;28548;75;32.2;25.8;2.506;1.612;0.770;2.312;0.000;1.225;28549
B3155D;2015/02/27 00:02:42;28549;77;28.3;25.3;2.516;1.612;0.770;2.312;0.000;1.212;28550
B3155D;2015/02/27 00:02:53;28550;70;30.0;25.7;2.674;1.606;0.770;2.345;0.000;1.219;28551
B3155D;2015/02/27 00:03:02;28551;70;30.6;25.8;2.558;1.606;0.767;2.345;0.000;1.187;28552
B3155D;2015/02/27 00:03:13;28552;70;28.0;25.3;2.596;1.599;0.767;2.345;0.016;1.203;28553
B3155D;2015/02/27 00:03:22;28553;73;31.6;25.5;2.687;1.599;0.806;2.345;0.016;1.206;28554
B3155D;2015/02/27 00:03:33;28554;79;31.6;25.3;2.548;1.599;0.806;2.341;0.016;1.180;28555
B3155D;2015/02/27 00:03:42;28555;76;29.6;26.0;2.587;1.599;0.777;2.341;0.016;1.203;28556
B3155D;2015/02/27 00:03:53;28556;81;28.7;25.5;2.683;1.587;0.777;2.341;0.058;1.190;28557
B3155D;2015/02/27 00:04:02;28557;73;31.2;25.5;2.632;1.587;0.790;2.341;0.058;1.174;28558
B3155D;2015/02/27 00:04:13;28558;73;28.7;25.1;2.680;1.580;0.790;2.335;0.058;1.196;28559
B3155D;2015/02/27 00:04:22;28559;70;29.6;25.5;2.564;1.580;0.777;2.335;0.058;1.206;28560
B3155D;2015/02/27 00:04:33;28560;78;30.0;25.5;2.625;1.577;0.777;2.335;0.009;1.193;28561
B3155D;2015/02/27 00:04:42;28561;64;31.2;25.0;2.693;1.577;0.764;2.335;0.009;1.216;28562
B3155D;2015/02/27 00:04:53;28562;74;29.3;25.3;2.680;1.599;0.764;2.319;0.009;1.203;28563
B3155D;2015/02/27 00:05:02;28563;61;29.3;25.5;2.500;1.599;0.796;2.319;0.009;1.193;28564
B3155D;2015/02/27 00:05:13;28564;78;32.5;25.1;2.641;1.593;0.796;2.319;0.022;1.196;28565
B3155D;2015/02/27 00:05:22;28565;73;27.7;25.7;2.609;1.593;0.770;2.319;0.022;1.190;28566
B3155D;2015/02/27 00:05:33;28566;80;30.3;25.7;2.658;1.587;0.770;2.296;0.022;1.190;28567
B3155D;2015/02/27 00:05:42;28567;73;32.5;25.8;2.490;1.587;0.819;2.296;0.022;1.180;28568
B3155D;2015/02/27 00:05:53;28568;70;28.7;25.1;2.625;1.612;0.819;2.296;0.083;1.196;28569
B3155D;2015/02/27 00:06:02;28569;63;28.0;25.3;2.625;1.612;0.777;2.296;0.083;1.219;28570
B3155D;2015/02/27 00:06:13;28570;73;32.2;25.7;2.509;1.612;0.777;2.338;0.083;1.212;28571
B3155D;2015/02/27 00:06:22;28571;62;27.4;25.0;2.625;1.612;0.809;2.338;0.083;1.190;28572
B3155D;2015/02/27 00:06:33;28572;75;28.3;25.8;2.677;1.596;0.809;2.338;0.000;1.174;28573
B3155D;2015/02/27 00:06:42;28573;73;31.6;25.3;2.651;1.596;0.787;2.338;0.000;1.177;28574
B3155D;2015/02/27 00:06:53;28574;66;31.2;25.8;2.529;1.603;0.787;2.341;0.000;1.167;28575
B3155D;2015/02/27 00:07:02;28575;77;30.6;25.5;2.522;1.603;0.799;2.341;0.000;1.187;28576
B3155D;2015/02/27 00:07:13;28576;73;32.2;25.1;2.525;1.577;0.799;2.341;0.016;1.187;28577
B3155D;2015/02/27 00:07:22;28577;53;30.9;25.3;2.683;1.577;0.770;2.341;0.016;1.193;28578
B3155D;2015/02/27 00:07:33;28578;73;31.6;24.4;2.583;1.603;0.770;2.319;0.016;1.183;28579
B3155D;2015/02/27 00:07:42;28579;66;34.1;25.5;2.619;1.603;0.774;2.319;0.016;1.222;28580
B3155D;2015/02/27 00:07:53;28580;73;29.0;25.3;2.687;1.574;0.774;2.319;0.032;1.196;28581
B3155D;2015/02/27 00:08:02;28581;77;32.9;25.0;2.580;1.574;0.787;2.319;0.032;1.203;28582
B3155D;2015/02/27 00:08:13;28582;73;32.2;25.8;2.506;1.599;0.787;2.316;0.032;1.196;28583
B3155D;2015/02/27 00:08:22;28583;67;29.3;25.3;2.548;1.599;0.812;2.316;0.032;1.193;28584
B3155D;2015/02/27 00:08:33;28584;74;30.3;25.5;2.516;1.612;0.812;2.316;0.000;1.209;28585
B3155D;2015/02/27 00:08:42;28585;60;29.0;25.3;2.516;1.612;0.767;2.316;0.000;1.235;28586
B3155D;2015/02/27 00:08:53;28586;72;31.6;25.1;2.645;1.583;0.767;2.312;0.000;1.254;28587
B3155D;2015/02/27 00:09:02;28587;65;30.0;25.5;2.512;1.583;0.790;2.312;0.000;1.241;28588
B3155D;2015/02/27 00:09:13;28588;65;29.6;25.3;2.638;1.609;0.790;2.312;0.000;1.238;28589
B3155D;2015/02/27 00:09:22;28589;60;30.6;24.8;2.603;1.609;0.809;2.312;0.000;1.267;28590
B3155D;2015/02/27 00:09:33;28590;67;31.6;25.3;2.506;1.603;0.809;2.335;0.000;1.254;28591
B3155D;2015/02/27 00:09:42;28591;67;29.6;25.5;2.674;1.603;0.770;2.335;0.000;1.232;28592
B3155D;2015/02/27 00:09:53;28592;75;30.9;25.1;2.493;1.574;0.770;2.335;0.000;1.225;28593
B3155D;2015/02/27 00:10:02;28593;64;33.2;25.3;2.638;1.574;0.764;2.335;0.000;1.199;28594
B3155D;2015/02/27 00:10:13;28594;74;31.6;25.1;2.503;1.583;0.764;2.306;0.000;1.203;28595
B3155D;2015/02/27 00:10:22;28595;69;34.5;25.0;2.680;1.583;0.767;2.306;0.000;1.190;28596
B3155D;2015/02/27 00:10:33;28596;79;29.6;25.3;2.587;1.574;0.767;2.306;0.000;1.183;28597
B3155D;2015/02/27 00:10:42;28597;69;28.0;25.1;2.687;1.574;0.764;2.306;0.000;1.174;28598
B3155D;2015/02/27 00:10:53;28598;83;29.6;25.7;2.680;1.599;0.764;2.329;0.000;1.212;28599
B3155D;2015/02/27 00:11:02;28599;72;30.0;26.0;2.522;1.599;0.796;2.329;0.000;1.209;28600
B3155D;2015/02/27 00:11:13;28600;59;29.6;25.0;2.612;1.583;0.796;2.329;0.045;1.209;28601
B3155D;2015/02/27 00:11:22;28601;61;29.0;25.0;2.535;1.583;0.806;2.329;0.045;1.170;28602
B3155D;2015/02/27 00:11:33;28602;78;30.6;24.8;2.600;1.570;0.806;2.293;0.045;1.174;28603
B3155D;2015/02/27 00:11:42;28603;76;30.0;25.5;2.687;1.570;0.770;2.293;0.045;1.190;28604
B3155D;2015/02/27 00:11:53;28604;64;33.2;25.5;2.516;1.587;0.770;2.293;0.022;1.225;28605
B3155D;2015/02/27 00:12:02;28605;63;31.9;25.5;2.622;1.587;0.770;2.293;0.022;1.219;28606
B3155D;2015/02/27 00:12:13;28606;73;29.0;25.5;2.677;1.606;0.770;2.332;0.022;1.219;28607
B3155D;2015/02/27 00:12:22;28607;63;27.4;25.5;2.583;1.606;0.764;2.332;0.022;1.183;28608
B3155D;2015/02/27 00:12:33;28608;73;31.2;25.0;2.574;1.599;0.764;2.332;0.000;1.212;28609
B3155D;2015/02/27 00:12:42;28609;77;31.6;25.1;2.690;1.599;0.806;2.332;0.000;1.222;28610
B3155D;2015/02/27 00:12:53;28610;77;28.7;25.3;2.667;1.570;0.806;2.338;0.000;1.235;28611
B3155D;2015/02/27 00:13:02;28611;63;30.6;25.3;2.658;1.570;0.812;2.338;0.000;1.229;28612
B3155D;2015/02/27 00:13:13;28612;74;28.3;25.5;2.658;1.599;0.812;2.338;0.012;1.235;28613
B3155D;2015/02/27 00:13:22;28613;72;31.6;25.1;2.648;1.599;0.799;2.338;0.012;1.199;28614
B3155D;2015/02/27 00:13:33;28614;79;32.2;25.3;2.587;1.596;0.799;2.335;0.012;1.232;28615
B3155D;2015/02/27 00:13:42;28615;74;29.6;25.5;2.535;1.596;0.787;2.335;0.012;1.229;28616
B3155D;2015/02/27 00:13:53;28616;74;31.2;25.1;2.545;1.567;0.787;2.335;0.096;1.235;28617
B3155D;2015/02/27 00:14:02;28617;68;28.3;25.0;2.516;1.567;0.774;2.335;0.096;1.235;28618
B3155D;2015/02/27 00:14:13;28618;77;30.0;25.3;2.567;1.599;0.774;2.335;0.096;1.229;28619
B3155D;2015/02/27 00:14:22;28619;55;30.6;25.3;2.516;1.599;0.780;2.335;0.096;1.261;28620
B3155D;2015/02/27 00:14:33;28620;70;28.0;25.3;2.683;1.580;0.780;2.335;0.032;1.245;28621
B3155D;2015/02/27 00:14:42;28621;62;29.0;25.3;2.677;1.580;0.787;2.335;0.032;1.245;28622
B3155D;2015/02/27 00:14:53;28622;71;32.9;25.3;2.632;1.570;0.787;2.319;0.032;1.254;28623
B3155D;2015/02/27 00:15:02;28623;60;28.3;24.6;2.532;1.570;0.764;2.319;0.032;1.216;28624
B3155D;2015/02/27 00:15:13;28624;69;29.6;25.1;2.654;1.570;0.764;2.319;0.000;1.232;28625
B3155D;2015/02/27 00:15:22;28625;63;29.0;25.1;2.529;1.570;0.806;2.319;0.000;1.248;28626
B3155D;2015/02/27 00:15:33;28626;59;28.0;24.8;2.677;1.580;0.806;2.345;0.000;1.251;28627
B3155D;2015/02/27 00:15:42;28627;68;29.0;25.1;2.522;1.580;0.790;2.345;0.000;1.219;28628
B3155D;2015/02/27 00:15:53;28628;71;30.0;25.3;2.677;1.567;0.790;2.345;0.012;1.229;28629
B3155D;2015/02/27 00:16:02;28629;73;30.3;25.3;2.661;1.567;0.799;2.345;0.012;1.254;28630
B3155D;2015/02/27 00:16:13;28630;68;32.2;25.5;2.506;1.606;0.799;2.332;0.012;1.258;28631
B3155D;2015/02/27 00:16:22;28631;73;30.6;25.3;2.522;1.606;0.806;2.332;0.012;1.245;28632
B3155D;2015/02/27 00:16:33;28632;79;30.6;25.1;2.574;1.567;0.806;2.332;0.035;1.245;28633
B3155D;2015/02/27 00:16:42;28633;62;27.4;25.5;2.503;1.567;0.777;2.332;0.035;1.216;28634
B3155D;2015/02/27 00:16:53;28634;75;31.2;25.8;2.522;1.567;0.777;2.322;0.035;1.206;28635
B3155D;2015/02/27 00:17:02;28635;64;28.0;25.0;2.587;1.567;0.767;2.322;0.035;1.209;28636
B3155D;2015/02/27 00:17:13;28636;75;29.3;25.0;2.680;1.593;0.767;2.322;0.012;1.216;28637
B3155D;2015/02/27 00:17:22;28637;58;30.6;24.6;2.493;1.593;0.764;2.322;0.012;1.183;28638
B3155D;2015/02/27 00:17:33;28638;78;33.5;25.7;2.677;1.596;0.764;2.296;0.012;1.216;28639
B3155D;2015/02/27 00:17:42;28639;78;29.3;24.6;2.551;1.596;0.806;2.296;0.012;1.225;28640
B3155D;2015/02/27 00:17:53;28640;63;30.9;25.0;2.525;1.590;0.806;2.296;0.003;1.235;28641
B3155D;2015/02/27 00:18:02;28641;72;34.8;25.0;2.612;1.590;0.803;2.296;0.003;1.222;28642
B3155D;2015/02/27 00:18:13;28642;69;28.7;24.6;2.661;1.587;0.803;2.290;0.003;1.225;28643
B3155D;2015/02/27 00:18:22;28643;69;30.9;25.1;2.616;1.587;0.764;2.290;0.003;1.196;28644
B3155D;2015/02/27 00:18:33;28644;70;27.7;25.0;2.683;1.567;0.764;2.290;0.032;1.235;28645
B3155D;2015/02/27 00:18:42;28645;67;30.6;25.1;2.541;1.567;0.764;2.290;0.032;1.232;28646
B3155D;2015/02/27 00:18:53;28646;76;30.3;25.0;2.612;1.590;0.764;2.293;0.032;1.235;28647
B3155D;2015/02/27 00:19:02;28647;76;30.9;25.0;2.629;1.590;0.770;2.293;0.032;1.209;28648
B3155D;2015/02/27 00:19:13;28648;73;29.0;25.5;2.600;1.596;0.770;2.293;0.022;1.193;28649
B3155D;2015/02/27 00:19:22;28649;70;34.1;24.6;2.596;1.596;0.799;2.293;0.022;1.199;28650
B3155D;2015/02/27 00:19:33;28650;77;28.3;24.6;2.648;1.603;0.799;2.306;0.022;1.206;28651
B3155D;2015/02/27 00:19:42;28651;69;28.7;24.4;2.558;1.603;0.816;2.306;0.022;1.177;28652
B3155D;2015/02/27 00:19:53;28652;83;33.8;25.0;2.648;1.561;0.816;2.306;0.070;1.187;28653
B3155D;2015/02/27 00:20:02;28653;74;30.6;25.1;2.609;1.561;0.774;2.306;0.070;1.196;28654
B3155D;2015/02/27 00:20:13;28654;71;31.6;25.3;2.525;1.599;0.774;2.312;0.070;1.229;28655
B3155D;2015/02/27 00:20:22;28655;70;33.2;24.6;2.577;1.599;0.780;2.312;0.070;1.199;28656
B3155D;2015/02/27 00:20:33;28656;73;30.0;25.0;2.612;1.577;0.780;2.312;0.003;1.222;28657
B3155D;2015/02/27 00:20:42;28657;63;27.7;25.0;2.587;1.577;0.799;2.312;0.003;1.209;28658
B3155D;2015/02/27 00:20:53;28658;73;30.3;24.8;2.525;1.583;0.799;2.332;0.003;1.222;28659
B3155D;2015/02/27 00:21:02;28659;73;30.9;25.1;2.683;1.583;0.780;2.332;0.003;1.206;28660
B3155D;2015/02/27 00:21:13;28660;78;30.3;24.6;2.622;1.574;0.780;2.332;0.032;1.193;28661
B3155D;2015/02/27 00:21:22;28661;73;29.3;25.5;2.541;1.574;0.803;2.332;0.032;1.219;28662
B3155D;2015/02/27 00:21:33;28662;70;28.0;25.1;2.654;1.580;0.803;2.325;0.032;1.232;28663
B3155D;2015/02/27 00:21:42;28663;68;29.6;25.1;2.509;1.580;0.819;2.325;0.032;1.209;28664
B3155D;2015/02/27 00:21:53;28664;80;29.0;25.1;2.687;1.590;0.819;2.325;0.019;1.190;28665
B3155D;2015/02/27 00:22:02;28665;73;30.6;25.1;2.648;1.590;0.812;2.325;0.019;1.187;28666
B3155D;2015/02/27 00:22:13;28666;73;31.2;25.1;2.525;1.587;0.812;2.354;0.019;1.190;28667
B3155D;2015/02/27 00:22:22;28667;73;27.7;24.8;2.683;1.587;0.806;2.354;0.019;1.174;28668
B3155D;2015/02/27 00:22:33;28668;69;31.9;25.0;2.525;1.596;0.806;2.354;0.000;1.209;28669
B3155D;2015/02/27 00:22:42;28669;64;29.3;24.8;2.674;1.596;0.770;2.354;0.000;1.225;28670
B3155D;2015/02/27 00:22:53;28670;71;29.6;24.8;2.632;1.583;0.770;2.319;0.000;1.196;28671
B3155D;2015/02/27 00:23:02;28671;65;27.7;25.3;2.596;1.583;0.799;2.319;0.000;1.212;28672
B3155D;2015/02/27 00:23:13;28672;68;30.9;25.0;2.522;1.567;0.799;2.319;0.022;1.229;28673
B3155D;2015/02/27 00:23:22;28673;69;29.3;25.1;2.496;1.567;0.787;2.319;0.022;1.235;28674
B3155D;2015/02/27 00:23:33;28674;72;31.6;25.1;2.674;1.567;0.787;2.329;0.022;1.219;28675
B3155D;2015/02/27 00:23:42;28675;59;30.9;24.6;2.680;1.567;0.806;2.329;0.022;1.235;28676
B3155D;2015/02/27 00:23:53;28676;67;29.6;24.8;2.580;1.599;0.806;2.329;0.000;1.274;28677
B3155D;2015/02/27 00:24:02;28677;62;31.9;25.1;2.664;1.599;0.816;2.329;0.000;1.241;28678
B3155D;2015/02/27 00:24:13;28678;81;32.9;25.0;2.683;1.574;0.816;2.335;0.000;1.235;28679
B3155D;2015/02/27 00:24:22;28679;69;31.2;24.3;2.687;1.574;0.793;2.335;0.000;1.270;28680
B3155D;2015/02/27 00:24:33;28680;68;29.0;25.3;2.680;1.577;0.793;2.335;0.012;1.229;28681
B3155D;2015/02/27 00:24:42;28681;63;33.5;24.3;2.687;1.577;0.770;2.335;0.012;1.248;28682
B3155D;2015/02/27 00:24:53;28682;73;30.0;25.3;2.506;1.590;0.770;2.325;0.012;1.251;28683
B3155D;2015/02/27 00:25:02;28683;73;31.6;24.8;2.654;1.590;0.777;2.325;0.012;1.245;28684
B3155D;2015/02/27 00:25:13;28684;78;31.6;25.5;2.496;1.590;0.777;2.325;0.000;1.241;28685
B3155D;2015/02/27 00:25:22;28685;59;29.0;24.8;2.535;1.590;0.761;2.325;0.000;1.251;28686
B3155D;2015/02/27 00:25:33;28686;73;30.0;25.0;2.667;1.564;0.761;2.277;0.000;1.245;28687
B3155D;2015/02/27 00:25:42;28687;68;29.0;25.0;2.622;1.564;0.764;2.277;0.000;1.225;28688
B3155D;2015/02/27 00:25:53;28688;80;28.0;25.0;2.641;1.590;0.764;2.277;0.012;1.245;28689
B3155D;2015/02/27 00:26:02;28689;68;31.2;25.1;2.519;1.590;0.770;2.277;0.012;1.225;28690
B3155D;2015/02/27 00:26:13;28690;72;30.9;25.3;2.522;1.590;0.770;2.290;0.012;1.212;28691
B3155D;2015/02/27 00:26:22;28691;67;32.5;24.6;2.596;1.590;0.764;2.290;0.012;1.238;28692
B3155D;2015/02/27 00:26:33;28692;71;29.3;25.0;2.638;1.570;0.764;2.290;0.003;1.258;28693
B3155D;2015/02/27 00:26:42;28693;69;30.6;24.6;2.596;1.570;0.796;2.290;0.003;1.254;28694
B3155D;2015/02/27 00:26:53;28694;71;28.0;25.3;2.683;1.580;0.796;2.312;0.003;1.222;28695
B3155D;2015/02/27 00:27:02;28695;75;29.6;24.6;2.654;1.580;0.796;2.312;0.003;1.238;28696
B3155D;2015/02/27 00:27:13;28696;65;28.3;24.8;2.506;1.590;0.796;2.312;0.000;1.225;28697
B3155D;2015/02/27 00:27:22;28697;71;34.1;24.8;2.503;1.590;0.764;2.312;0.000;1.241;28698
B3155D;2015/02/27 00:27:33;28698;73;32.2;25.3;2.648;1.593;0.764;2.293;0.000;1.241;28699
B3155D;2015/02/27 00:27:42;28699;72;32.5;24.4;2.516;1.593;0.783;2.293;0.000;1.245;28700
B3155D;2015/02/27 00:27:53;28700;80;29.3;25.3;2.687;1.574;0.783;2.293;0.000;1.225;28701
B3155D;2015/02/27 00:28:02;28701;65;30.9;25.0;2.641;1.574;0.761;2.293;0.000;1.219;28702
B3155D;2015/02/27 00:28:13;28702;75;30.3;25.1;2.522;1.583;0.761;2.306;0.000;1.187;28703
B3155D;2015/02/27 00:28:22;28703;74;27.7;24.6;2.529;1.583;0.809;2.306;0.000;1.209;28704
B3155D;2015/02/27 00:28:33;28704;74;32.5;25.0;2.538;1.580;0.809;2.306;0.000;1.177;28705
B3155D;2015/02/27 00:28:42;28705;78;30.0;25.3;2.693;1.580;0.764;2.306;0.000;1.180;28706
B3155D;2015/02/27 00:28:53;28706;77;28.3;25.0;2.680;1.577;0.764;2.319;0.000;1.193;28707
B3155D;2015/02/27 00:29:02;28707;75;30.6;25.3;2.545;1.577;0.806;2.319;0.000;1.193;28708
B3155D;2015/02/27 00:29:13;28708;73;30.0;25.0;2.632;1.554;0.806;2.319;0.000;1.209;28709
B3155D;2015/02/27 00:29:22;28709;70;27.7;24.6;2.522;1.554;0.806;2.319;0.000;1.183;28710
B3155D;2015/02/27 00:29:33;28710;80;32.2;24.8;2.490;1.580;0.806;2.303;0.000;1.229;28711
B3155D;2015/02/27 00:29:42;28711;77;29.0;24.3;2.570;1.580;0.767;2.303;0.000;1.193;28712
B3155D;2015/02/27 00:29:53;28712;78;33.5;24.6;2.580;1.577;0.767;2.303;0.009;1.235;28713
B3155D;2015/02/27 00:30:02;28713;69;31.9;25.0;2.687;1.577;0.767;2.303;0.009;1.216;28714
B3155D;2015/02/27 00:30:13;28714;78;27.4;24.6;2.680;1.593;0.767;2.312;0.009;1.209;28715
B3155D;2015/02/27 00:30:22;28715;68;31.6;24.8;2.667;1.593;0.812;2.312;0.009;1.203;28716
B3155D;2015/02/27 00:30:33;28716;80;30.0;25.0;2.677;1.558;0.812;2.312;0.000;1.216;28717
B3155D;2015/02/27 00:30:42;28717;65;29.0;24.8;2.500;1.558;0.767;2.312;0.000;1.183;28718
B3155D;2015/02/27 00:30:53;28718;71;31.6;25.3;2.522;1.570;0.767;2.274;0.000;1.222;28719
B3155D;2015/02/27 00:31:02;28719;75;31.2;25.0;2.687;1.570;0.764;2.274;0.000;1.180;28720
B3155D;2015/02/27 00:31:13;28720;70;31.6;25.1;2.522;1.570;0.764;2.274;0.000;1.229;28721
B3155D;2015/02/27 00:31:22;28721;73;30.6;25.3;2.493;1.570;0.761;2.274;0.000;1.196;28722
B3155D;2015/02/27 00:31:33;28722;75;31.9;25.5;2.561;1.558;0.761;2.316;0.000;1.222;28723
B3155D;2015/02/27 00:31:42;28723;78;32.2;25.0;2.658;1.558;0.767;2.316;0.000;1.177;28724
B3155D;2015/02/27 00:31:53;28724;73;30.3;25.0;2.648;1.583;0.767;2.316;0.003;1.180;28725
B3155D;2015/02/27 00:32:02;28725;72;33.5;24.8;2.658;1.583;0.812;2.316;0.003;1.199;28726
B3155D;2015/02/27 00:32:13;28726;77;30.0;25.0;2.648;1.564;0.812;2.332;0.003;1.216;28727
B3155D;2015/02/27 00:32:22;28727;69;29.0;24.6;2.570;1.564;0.767;2.332;0.003;1.216;28728
B3155D;2015/02/27 00:32:33;28728;73;28.7;25.0;2.687;1.561;0.767;2.332;0.093;1.216;28729
B3155D;2015/02/27 00:32:42;28729;67;29.3;24.3;2.590;1.561;0.764;2.332;0.093;1.199;28730
B3155D;2015/02/27 00:32:53;28730;83;29.3;24.3;2.648;1.580;0.764;2.329;0.093;1.203;28731
B3155D;2015/02/27 00:33:02;28731;76;33.8;25.0;2.625;1.580;0.793;2.329;0.093;1.238;28732
B3155D;2015/02/27 00:33:13;28732;80;33.2;24.8;2.506;1.564;0.793;2.329;0.016;1.225;28733
B3155D;2015/02/27 00:33:22;28733;69;29.0;24.3;2.570;1.564;0.806;2.329;0.016;1.222;28734
B3155D;2015/02/27 00:33:33;28734;68;33.8;24.6;2.687;1.567;0.806;2.319;0.016;1.225;28735
B3155D;2015/02/27 00:33:42;28735;69;28.3;24.8;2.541;1.567;0.764;2.319;0.016;1.219;28736
B3155D;2015/02/27 00:33:53;28736;79;28.0;25.1;2.541;1.558;0.764;2.319;0.009;1.199;28737
B3155D;2015/02/27 00:34:02;28737;69;27.4;25.1;2.516;1.558;0.764;2.319;0.009;1.203;28738
B3155D;2015/02/27 00:34:13;28738;81;30.3;24.8;2.667;1.561;0.764;2.325;0.009;1.219;28739
B3155D;2015/02/27 00:34:22;28739;63;29.3;25.1;2.496;1.561;0.764;2.325;0.009;1.222;28740
B3155D;2015/02/27 00:34:33;28740;77;31.2;24.8;2.683;1.570;0.764;2.325;0.000;1.212;28741
B3155D;2015/02/27 00:34:42;28741;72;33.8;25.0;2.541;1.570;0.806;2.325;0.000;1.209;28742
B3155D;2015/02/27 00:34:53;28742;77;32.9;25.0;2.500;1.574;0.806;2.299;0.000;1.222;28743
B3155D;2015/02/27 00:35:02;28743;67;33.2;24.6;2.577;1.574;0.764;2.299;0.000;1.222;28744
B3155D;2015/02/27 00:35:13;28744;82;31.6;24.8;2.522;1.574;0.764;2.299;0.000;1.209;28745
B3155D;2015/02/27 00:35:22;28745;71;32.5;24.8;2.538;1.574;0.764;2.299;0.000;1.229;28746
B3155D;2015/02/27 00:35:33;28746;70;30.0;24.6;2.506;1.593;0.764;2.299;0.000;1.212;28747
B3155D;2015/02/27 00:35:42;28747;65;30.0;25.1;2.687;1.593;0.806;2.299;0.000;1.212;28748
B3155D;2015/02/27 00:35:53;28748;70;30.9;25.0;2.616;1.587;0.806;2.299;0.022;1.232;28749
B3155D;2015/02/27 00:36:02;28749;72;31.2;24.8;2.541;1.587;0.770;2.299;0.022;1.193;28750
B3155D;2015/02/27 00:36:13;28750;72;30.0;25.0;2.680;1.587;0.770;2.299;0.022;1.225;28751
B3155D;2015/02/27 00:36:22;28751;68;29.0;24.6;2.683;1.587;0.764;2.299;0.022;1.190;28752
B3155D;2015/02/27 00:36:33;28752;80;29.3;24.3;2.641;1.558;0.764;2.299;0.000;1.222;28753
B3155D;2015/02/27 00:36:42;28753;77;29.6;25.3;2.490;1.558;0.774;2.299;0.000;1.183;28754
B3155D;2015/02/27 00:36:53;28754;72;29.0;25.0;2.677;1.590;0.774;2.290;0.000;1.183;28755
B3155D;2015/02/27 00:37:02;28755;65;30.9;24.6;2.496;1.590;0.796;2.290;0.000;1.212;28756
B3155D;2015/02/27 00:37:13;28756;79;34.1;25.3;2.654;1.558;0.796;2.290;0.000;1.219;28757
B3155D;2015/02/27 00:37:22;28757;75;30.6;24.8;2.490;1.558;0.767;2.290;0.000;1.203;28758
B3155D;2015/02/27 00:37:33;28758;73;30.0;25.1;2.522;1.593;0.767;2.293;0.000;1.196;28759
B3155D;2015/02/27 00:37:42;28759;69;30.9;24.8;2.645;1.593;0.764;2.293;0.000;1.229;28760
B3155D;2015/02/27 00:37:53;28760;81;28.7;25.0;2.493;1.558;0.764;2.293;0.051;1.241;28761
B3155D;2015/02/27 00:38:02;28761;76;29.3;24.3;2.590;1.558;0.812;2.293;0.051;1.212;28762
B3155D;2015/02/27 00:38:13;28762;78;28.3;24.3;2.648;1.564;0.812;2.277;0.051;1.245;28763
B3155D;2015/02/27 00:38:22;28763;78;33.2;24.8;2.687;1.564;0.799;2.277;0.051;1.245;28764
B3155D;2015/02/27 00:38:33;28764;74;30.9;25.1;2.522;1.590;0.799;2.277;0.000;1.245;28765
B3155D;2015/02/27 00:38:42;28765;71;30.6;24.6;2.567;1.590;0.777;2.277;0.000;1.241;28766
B3155D;2015/02/27 00:38:53;28766;81;28.7;25.1;2.683;1.561;0.777;2.274;0.000;1.248;28767
B3155D;2015/02/27 00:39:02;28767;73;28.3;25.0;2.516;1.561;0.787;2.274;0.000;1.248;28768
B3155D;2015/02/27 00:39:13;28768;83;31.9;24.8;2.493;1.567;0.787;2.274;0.019;1.261;28769
B3155D;2015/02/27 00:39:22;28769;75;30.3;24.3;2.574;1.567;0.777;2.274;0.019;1.232;28770
B3155D;2015/02/27 00:39:33;28770;71;30.6;25.7;2.551;1.570;0.777;2.303;0.019;1.232;28771
B3155D;2015/02/27 00:39:42;28771;68;27.7;25.0;2.522;1.570;0.812;2.303;0.019;1.245;28772
B3155D;2015/02/27 00:39:53;28772;74;30.3;25.1;2.648;1.580;0.812;2.303;0.000;1.241;28773
B3155D;2015/02/27 00:40:02;28773;65;29.3;24.8;2.683;1.580;0.806;2.303;0.000;1.209;28774
B3155D;2015/02/27 00:40:13;28774;69;29.0;24.6;2.683;1.593;0.806;2.322;0.000;1.209;28775
B3155D;2015/02/27 00:40:22;28775;77;29.0;24.3;2.683;1.593;0.770;2.322;0.000;1.203;28776
B3155D;2015/02/27 00:40:33;28776;69;31.6;24.8;2.506;1.587;0.770;2.322;0.032;1.193;28777
B3155D;2015/02/27 00:40:42;28777;78;31.6;25.0;2.687;1.587;0.787;2.322;0.032;1.219;28778
B3155D;2015/02/27 00:40:53;28778;78;30.6;25.3;2.658;1.587;0.787;2.299;0.032;1.212;28779
B3155D;2015/02/27 00:41:02;28779;70;30.0;25.3;2.522;1.587;0.770;2.299;0.032;1.177;28780
B3155D;2015/02/27 00:41:13;28780;75;31.6;25.0;2.541;1.587;0.770;2.299;0.035;1.180;28781
B3155D;2015/02/27 00:41:22;28781;75;28.3;25.3;2.525;1.587;0.780;2.299;0.035;1.154;28782
B3155D;2015/02/27 00:41:33;28782;72;28.0;24.8;2.664;1.587;0.780;2.351;0.035;1.183;28783
B3155D;2015/02/27 00:41:42;28783;68;30.0;25.1;2.493;1.587;0.764;2.351;0.035;1.161;28784
B3155D;2015/02/27 00:41:53;28784;69;29.6;24.6;2.651;1.554;0.764;2.351;0.000;1.196;28785
B3155D;2015/02/27 00:42:02;28785;63;28.3;24.6;2.658;1.554;0.764;2.351;0.000;1.190;28786
B3155D;2015/02/27 00:42:13;28786;74;30.9;25.0;2.500;1.590;0.764;2.290;0.000;1.187;28787
B3155D;2015/02/27 00:42:22;28787;78;27.4;24.6;2.529;1.590;0.809;2.290;0.000;1.180;28788
B3155D;2015/02/27 00:42:33;28788;68;28.7;25.0;2.683;1.570;0.809;2.290;0.106;1.209;28789
B3155D;2015/02/27 00:42:42;28789;67;28.3;24.6;2.538;1.570;0.764;2.290;0.106;1.174;28790
B3155D;2015/02/27 00:42:53;28790;73;29.0;24.8;2.683;1.574;0.764;2.293;0.106;1.209;28791
B3155D;2015/02/27 00:43:02;28791;61;30.3;25.0;2.687;1.574;0.764;2.293;0.106;1.180;28792
B3155D;2015/02/27 00:43:13;28792;64;30.0;25.1;2.687;1.574;0.764;2.293;0.012;1.212;28793
B3155D;2015/02/27 00:43:22;28793;63;27.4;25.0;2.522;1.574;0.767;2.293;0.012;1.216;28794
B3155D;2015/02/27 00:43:33;28794;63;30.0;25.3;2.645;1.593;0.767;2.299;0.012;1.193;28795
B3155D;2015/02/27 00:43:42;28795;72;27.7;25.3;2.516;1.593;0.787;2.299;0.012;1.212;28796
B3155D;2015/02/27 00:43:53;28796;72;30.9;25.0;2.545;1.567;0.787;2.299;0.032;1.196;28797
B3155D;2015/02/27 00:44:02;28797;74;28.3;25.1;2.580;1.567;0.770;2.299;0.032;1.190;28798
B3155D;2015/02/27 00:44:13;28798;75;30.3;25.0;2.651;1.561;0.770;2.329;0.032;1.187;28799
B3155D;2015/02/27 00:44:22;28799;60;27.0;25.1;2.641;1.561;0.774;2.329;0.032;1.199;28800
B3155D;2015/02/27 00:44:33;28800;74;27.4;25.0;2.506;1.564;0.774;2.329;0.000;1.196;28801
B3155D;2015/02/27 00:44:42;28801;63;32.9;24.6;2.554;1.564;0.761;2.329;0.000;1.199;28802
B3155D;2015/02/27 00:44:53;28802;73;30.3;25.3;2.493;1.590;0.761;2.316;0.000;1.203;28803
B3155D;2015/02/27 00:45:02;28803;74;29.0;24.6;2.596;1.590;0.803;2.316;0.000;1.177;28804
B3155D;2015/02/27 00:45:13;28804;76;31.2;24.4;2.516;1.583;0.803;2.316;0.000;1.190;28805
B3155D;2015/02/27 00:45:22;28805;64;33.2;25.1;2.506;1.583;0.761;2.316;0.000;1.212;28806
B3155D;2015/02/27 00:45:33;28806;77;27.4;24.8;2.535;1.558;0.761;2.309;0.000;1.219;28807
B3155D;2015/02/27 00:45:42;28807;65;29.6;24.1;2.680;1.558;0.767;2.309;0.000;1.199;28808
B3155D;2015/02/27 00:45:53;28808;72;29.0;25.1;2.506;1.583;0.767;2.309;0.003;1.199;28809
B3155D;2015/02/27 00:46:02;28809;71;31.9;24.6;2.661;1.583;0.799;2.309;0.003;1.229;28810
B3155D;2015/02/27 00:46:13;28810;72;29.6;24.6;2.683;1.577;0.799;2.287;0.003;1.248;28811
B3155D;2015/02/27 00:46:22;28811;68;29.0;24.4;2.500;1.577;0.819;2.287;0.003;1.251;28812
B3155D;2015/02/27 00:46:33;28812;74;31.6;25.0;2.538;1.558;0.819;2.287;0.000;1.241;28813
B3155D;2015/02/27 00:46:42;28813;63;28.0;24.3;2.564;1.558;0.770;2.287;0.000;1.287;28814
B3155D;2015/02/27 00:46:53;28814;68;30.0;25.0;2.667;1.558;0.770;2.299;0.000;1.261;28815
B3155D;2015/02/27 00:47:02;28815;69;29.0;24.6;2.590;1.558;0.803;2.299;0.000;1.270;28816
B3155D;2015/02/27 00:47:13;28816;64;28.3;24.3;2.651;1.593;0.803;2.299;0.000;1.277;28817
B3155D;2015/02/27 00:47:22;28817;63;29.0;24.3;2.558;1.593;0.812;2.299;0.000;1.293;28818
B3155D;2015/02/27 00:47:33;28818;70;32.5;25.0;2.503;1.558;0.812;2.264;0.000;1.274;28819
B3155D;2015/02/27 00:47:42;28819;70;28.7;25.1;2.551;1.558;0.770;2.264;0.000;1.267;28820
B3155D;2015/02/27 00:47:53;28820;80;30.0;25.0;2.664;1.580;0.770;2.264;0.000;1.283;28821
B3155D;2015/02/27 00:48:02;28821;78;30.0;24.8;2.516;1.580;0.767;2.264;0.000;1.296;28822
B3155D;2015/02/27 00:48:13;28822;73;31.9;24.1;2.541;1.583;0.767;2.293;0.000;1.258;28823
B3155D;2015/02/27 00:48:22;28823;63;31.6;25.0;2.693;1.583;0.816;2.293;0.000;1.290;28824
B3155D;2015/02/27 00:48:33;28824;66;32.5;25.1;2.493;1.593;0.816;2.293;0.000;1.277;28825
B3155D;2015/02/27 00:48:42;28825;74;28.3;24.6;2.525;1.593;0.777;2.293;0.000;1.267;28826
B3155D;2015/02/27 00:48:53;28826;69;28.3;24.3;2.625;1.593;0.777;2.309;0.000;1.280;28827
B3155D;2015/02/27 00:49:02;28827;75;27.7;24.8;2.490;1.593;0.777;2.309;0.000;1.258;28828
B3155D;2015/02/27 00:49:13;28828;63;30.9;25.1;2.487;1.580;0.777;2.309;0.000;1.264;28829
B3155D;2015/02/27 00:49:22;28829;68;30.6;24.8;2.522;1.580;0.770;2.309;0.000;1.235;28830
B3155D;2015/02/27 00:49:33;28830;68;32.2;25.0;2.493;1.558;0.770;2.293;0.000;1.248;28831
B3155D;2015/02/27 00:49:42;28831;63;31.9;24.8;2.687;1.558;0.770;2.293;0.000;1.212;28832
B3155D;2015/02/27 00:49:53;28832;68;30.6;25.0;2.532;1.593;0.770;2.293;0.000;1.225;28833
B3155D;2015/02/27 00:50:02;28833;73;28.3;24.8;2.535;1.593;0.819;2.293;0.000;1.190;28834
B3155D;2015/02/27 00:50:13;28834;74;33.8;24.6;2.680;1.587;0.819;2.296;0.000;1.225;28835
B3155D;2015/02/27 00:50:22;28835;78;28.3;24.8;2.496;1.587;0.770;2.296;0.000;1.209;28836
B3155D;2015/02/27 00:50:33;28836;78;31.6;24.6;2.574;1.558;0.770;2.296;0.000;1.206;28837
B3155D;2015/02/27 00:50:42;28837;68;29.0;24.3;2.603;1.558;0.770;2.296;0.000;1.170;28838
B3155D;2015/02/27 00:50:53;28838;72;30.0;24.6;2.558;1.590;0.770;2.322;0.000;1.190;28839
B3155D;2015/02/27 00:51:02;28839;67;30.0;24.8;2.609;1.590;0.770;2.322;0.000;1.183;28840
B3155D;2015/02/27 00:51:13;28840;68;29.0;25.0;2.687;1.593;0.770;2.322;0.025;1.212;28841
B3155D;2015/02/27 00:51:22;28841;77;30.9;24.4;2.625;1.593;0.819;2.322;0.025;1.196;28842
B3155D;2015/02/27 00:51:33;28842;74;33.2;24.8;2.687;1.558;0.819;2.290;0.025;1.212;28843
B3155D;2015/02/27 00:51:42;28843;74;32.2;24.8;2.658;1.558;0.796;2.290;0.025;1.164;28844
B3155D;2015/02/27 00:51:53;28844;78;33.8;24.6;2.648;1.593;0.796;2.290;0.000;1.199;28845
B3155D;2015/02/27 00:52:02;28845;64;30.0;25.1;2.687;1.593;0.770;2.290;0.000;1.193;28846
B3155D;2015/02/27 00:52:13;28846;75;31.2;25.3;2.519;1.587;0.770;2.296;0.000;1.187;28847
B3155D;2015/02/27 00:52:22;28847;67;27.7;25.3;2.522;1.587;0.770;2.296;0.000;1.187;28848
B3155D;2015/02/27 00:52:33;28848;76;29.0;25.1;2.506;1.590;0.770;2.296;0.054;1.199;28849
B3155D;2015/02/27 00:52:42;28849;68;27.7;25.3;2.625;1.590;0.770;2.296;0.054;1.187;28850
B3155D;2015/02/27 00:52:53;28850;65;32.2;25.0;2.567;1.567;0.770;2.287;0.054;1.193;28851
B3155D;2015/02/27 00:53:02;28851;64;30.9;24.6;2.687;1.567;0.819;2.287;0.054;1.196;28852
B3155D;2015/02/27 00:53:13;28852;78;32.2;25.0;2.516;1.570;0.819;2.287;0.000;1.196;28853
B3155D;2015/02/27 00:53:22;28853;69;32.2;25.0;2.680;1.570;0.777;2.287;0.000;1.167;28854
B3155D;2015/02/27 00:53:33;28854;81;31.6;24.8;2.674;1.580;0.777;2.332;0.000;1.183;28855
B3155D;2015/02/27 00:53:42;28855;73;30.3;24.3;2.625;1.580;0.770;2.332;0.000;1.203;28856
B3155D;2015/02/27 00:53:53;28856;72;30.9;25.1;2.529;1.570;0.770;2.332;0.000;1.212;28857
B3155D;2015/02/27 00:54:02;28857;71;32.2;25.0;2.629;1.570;0.793;2.332;0.000;1.177;28858
B3155D;2015/02/27 00:54:13;28858;78;33.2;25.0;2.683;1.577;0.793;2.293;0.000;1.164;28859
B3155D;2015/02/27 00:54:22;28859;73;32.5;24.6;2.590;1.577;0.780;2.293;0.000;1.161;28860
B3155D;2015/02/27 00:54:33;28860;75;33.2;25.1;2.635;1.561;0.780;2.293;0.032;1.177;28861
B3155D;2015/02/27 00:54:42;28861;64;31.2;24.8;2.551;1.561;0.806;2.293;0.032;1.167;28862
B3155D;2015/02/27 00:54:53;28862;73;31.6;24.8;2.683;1.596;0.806;2.319;0.032;1.180;28863
B3155D;2015/02/27 00:55:02;28863;77;32.2;24.8;2.600;1.596;0.819;2.319;0.032;1.161;28864
B3155D;2015/02/27 00:55:13;28864;73;29.3;24.6;2.670;1.570;0.819;2.319;0.019;1.177;28865
B3155D;2015/02/27 00:55:22;28865;66;31.9;24.8;2.580;1.570;0.770;2.319;0.019;1.180;28866
B3155D;2015/02/27 00:55:33;28866;75;32.5;25.1;2.503;1.580;0.770;2.293;0.019;1.193;28867
B3155D;2015/02/27 00:55:42;28867;73;30.0;24.6;2.525;1.580;0.812;2.293;0.019;1.161;28868
B3155D;2015/02/27 00:55:53;28868;82;31.2;25.1;2.667;1.596;0.812;2.293;0.032;1.154;28869
B3155D;2015/02/27 00:56:02;28869;67;32.9;24.6;2.590;1.596;0.806;2.293;0.032;1.148;28870
B3155D;2015/02/27 00:56:13;28870;80;31.9;24.4;2.509;1.561;0.806;2.293;0.032;1.158;28871
B3155D;2015/02/27 00:56:22;28871;73;30.3;24.6;2.500;1.561;0.806;2.293;0.032;1.129;28872
B3155D;2015/02/27 00:56:33;28872;77;34.1;25.0;2.596;1.593;0.806;2.293;0.103;1.135;28873
B3155D;2015/02/27 00:56:42;28873;72;28.3;25.1;2.612;1.593;0.774;2.293;0.103;1.161;28874
B3155D;2015/02/27 00:56:53;28874;74;29.6;24.3;2.683;1.590;0.774;2.299;0.103;1.148;28875
B3155D;2015/02/27 00:57:02;28875;68;29.6;24.6;2.496;1.590;0.822;2.299;0.103;1.132;28876
B3155D;2015/02/27 00:57:13;28876;76;30.0;25.3;2.683;1.596;0.822;2.299;0.000;1.138;28877
B3155D;2015/02/27 00:57:22;28877;78;30.0;25.1;2.687;1.596;0.790;2.299;0.000;1.132;28878
B3155D;2015/02/27 00:57:33;28878;75;29.6;24.4;2.654;1.567;0.790;2.335;0.000;1.161;28879
B3155D;2015/02/27 00:57:42;28879;73;32.5;25.1;2.490;1.567;0.812;2.335;0.000;1.145;28880
B3155D;2015/02/27 00:57:53;28880;75;28.0;25.0;2.503;1.561;0.812;2.335;0.012;1.145;28881
B3155D;2015/02/27 00:58:02;28881;78;28.3;24.4;2.516;1.561;0.806;2.335;0.012;1.129;28882
B3155D;2015/02/27 00:58:13;28882;66;30.9;24.4;2.616;1.570;0.806;2.325;0.012;1.154;28883
B3155D;2015/02/27 00:58:22;28883;74;33.8;24.4;2.522;1.570;0.783;2.325;0.012;1.145;28884
B3155D;2015/02/27 00:58:33;28884;78;32.9;24.8;2.683;1.564;0.783;2.325;0.022;1.180;28885
B3155D;2015/02/27 00:58:42;28885;76;32.5;24.1;2.616;1.564;0.770;2.325;0.022;1.177;28886
B3155D;2015/02/27 00:58:53;28886;69;32.2;24.8;2.687;1.587;0.770;2.332;0.022;1.164;28887
B3155D;2015/02/27 00:59:02;28887;73;30.9;24.3;2.687;1.587;0.777;2.332;0.022;1.151;28888
B3155D;2015/02/27 00:59:13;28888;75;30.3;25.1;2.654;1.574;0.777;2.332;0.000;1.193;28889
B3155D;2015/02/27 00:59:22;28889;73;30.0;24.8;2.603;1.574;0.819;2.332;0.000;1.154;28890
B3155D;2015/02/27 00:59:33;28890;80;30.6;25.1;2.667;1.590;0.819;2.293;0.000;1.180;28891
B3155D;2015/02/27 00:59:42;28891;68;32.9;24.1;2.616;1.590;0.790;2.293;0.000;1.158;28892
B3155D;2015/02/27 00:59:53;28892;77;31.9;24.6;2.516;1.564;0.790;2.293;0.000;1.199;28893
B3155D;2015/02/27 01:00:02;28893;66;27.7;24.6;2.658;1.564;0.790;2.293;0.000;1.161;28894
B3155D;2015/02/27 01:00:13;28894;73;29.3;24.3;2.625;1.577;0.790;2.316;0.000;1.177;28895
B3155D;2015/02/27 01:00:22;28895;71;33.2;24.6;2.683;1.577;0.790;2.316;0.000;1.193;28896
B3155D;2015/02/27 01:00:33;28896;76;33.2;25.3;2.541;1.567;0.790;2.316;0.032;1.174;28897
B3155D;2015/02/27 01:00:42;28897;68;29.6;23.9;2.641;1.567;0.799;2.316;0.032;1.180;28898
B3155D;2015/02/27 01:00:53;28898;73;29.3;24.3;2.638;1.561;0.799;2.299;0.032;1.212;28899
B3155D;2015/02/27 01:01:02;28899;70;31.2;24.8;2.545;1.561;0.819;2.299;0.032;1.238;28900
B3155D;2015/02/27 01:01:13;28900;69;29.6;24.8;2.683;1.587;0.819;2.299;0.000;1.238;28901
B3155D;2015/02/27 01:01:22;28901;63;31.2;25.1;2.693;1.587;0.770;2.299;0.000;1.235;28902
B3155D;2015/02/27 01:01:33;28902;70;34.1;25.1;2.680;1.561;0.770;2.306;0.000;1.219;28903
B3155D;2015/02/27 01:01:42;28903;78;29.0;24.4;2.496;1.561;0.816;2.306;0.000;1.206;28904
B3155D;2015/02/27 01:01:53;28904;78;30.0;25.0;2.677;1.593;0.816;2.306;0.022;1.203;28905
B3155D;2015/02/27 01:02:02;28905;73;29.0;24.4;2.516;1.593;0.774;2.306;0.022;1.170;28906
B3155D;2015/02/27 01:02:13;28906;70;27.4;24.3;2.558;1.596;0.774;2.312;0.022;1.170;28907
B3155D;2015/02/27 01:02:22;28907;73;31.2;25.0;2.516;1.596;0.793;2.312;0.022;1.174;28908
B3155D;2015/02/27 01:02:33;28908;74;29.0;25.1;2.519;1.593;0.793;2.312;0.096;1.190;28909
B3155D;2015/02/27 01:02:42;28909;71;34.1;24.3;2.603;1.593;0.819;2.312;0.096;1.174;28910
B3155D;2015/02/27 01:02:53;28910;81;28.0;25.0;2.512;1.570;0.819;2.309;0.096;1.212;28911
B3155D;2015/02/27 01:03:02;28911;71;29.3;24.4;2.558;1.570;0.819;2.309;0.096;1.193;28912
B3155D;2015/02/27 01:03:13;28912;83;32.5;25.1;2.683;1.561;0.819;2.309;0.003;1.225;28913
B3155D;2015/02/27 01:03:22;28913;69;27.7;24.6;2.516;1.561;0.777;2.309;0.003;1.241;28914
B3155D;2015/02/27 01:03:33;28914;73;28.7;24.6;2.500;1.593;0.777;2.345;0.003;1.212;28915
B3155D;2015/02/27 01:03:42;28915;62;28.0;24.4;2.506;1.593;0.770;2.345;0.003;1.238;28916
B3155D;2015/02/27 01:03:53;28916;69;29.6;25.0;2.670;1.561;0.770;2.345;0.012;1.238;28917
B3155D;2015/02/27 01:04:02;28917;72;31.2;24.3;2.577;1.561;0.799;2.345;0.012;1.277;28918
B3155D;2015/02/27 01:04:13;28918;70;31.9;24.8;2.677;1.583;0.799;2.332;0.012;1.267;28919
B3155D;2015/02/27 01:04:22;28919;70;29.0;24.3;2.551;1.583;0.777;2.332;0.012;1.238;28920
B3155D;2015/02/27 01:04:33;28920;68;30.6;25.1;2.654;1.570;0.777;2.332;0.032;1.222;28921
B3155D;2015/02/27 01:04:42;28921;72;27.4;24.8;2.693;1.570;0.774;2.332;0.032;1.229;28922
B3155D;2015/02/27 01:04:53;28922;73;28.0;25.3;2.658;1.590;0.774;2.348;0.032;1.235;28923
B3155D;2015/02/27 01:05:02;28923;67;33.8;23.9;2.503;1.590;0.809;2.348;0.032;1.219;28924
B3155D;2015/02/27 01:05:13;28924;79;32.2;25.0;2.687;1.596;0.809;2.348;0.006;1.245;28925
B3155D;2015/02/27 01:05:22;28925;72;30.3;24.4;2.612;1.596;0.799;2.348;0.006;1.245;28926
B3155D;2015/02/27 01:05:33;28926;68;30.0;25.0;2.512;1.580;0.799;2.341;0.006;1.196;28927
B3155D;2015/02/27 01:05:42;28927;66;28.3;24.3;2.648;1.580;0.819;2.341;0.006;1.183;28928
B3155D;2015/02/27 01:05:53;28928;72;32.9;25.0;2.525;1.564;0.819;2.341;0.000;1.216;28929
B3155D;2015/02/27 01:06:02;28929;63;27.7;24.4;2.541;1.564;0.812;2.341;0.000;1.216;28930
B3155D;2015/02/27 01:06:13;28930;77;33.8;24.6;2.693;1.590;0.812;2.325;0.000;1.199;28931
B3155D;2015/02/27 01:06:22;28931;77;31.9;24.4;2.664;1.590;0.777;2.325;0.000;1.190;28932
B3155D;2015/02/27 01:06:33;28932;71;29.6;24.8;2.638;1.580;0.777;2.325;0.058;1.183;28933
B3155D;2015/02/27 01:06:42;28933;72;31.6;24.8;2.516;1.580;0.819;2.325;0.058;1.199;28934
B3155D;2015/02/27 01:06:53;28934;77;31.9;24.4;2.503;1.570;0.819;2.325;0.058;1.180;28935
B3155D;2015/02/27 01:07:02;28935;72;31.9;24.4;2.590;1.570;0.806;2.325;0.058;1.177;28936
B3155D;2015/02/27 01:07:13;28936;78;29.6;24.6;2.612;1.587;0.806;2.325;0.000;1.167;28937
B3155D;2015/02/27 01:07:22;28937;72;28.3;25.1;2.519;1.587;0.777;2.325;0.000;1.158;28938
B3155D;2015/02/27 01:07:33;28938;71;31.6;24.8;2.658;1.561;0.777;2.338;0.000;1.187;28939
B3155D;2015/02/27 01:07:42;28939;76;28.3;25.1;2.522;1.561;0.777;2.338;0.000;1.190;28940
B3155D;2015/02/27 01:07:53;28940;75;28.3;25.1;2.529;1.570;0.777;2.338;0.032;1.190;28941
B3155D;2015/02/27 01:08:02;28941;66;33.8;24.6;2.600;1.570;0.777;2.338;0.032;1.154;28942
B3155D;2015/02/27 01:08:13;28942;79;33.5;24.6;2.516;1.580;0.777;2.354;0.032;1.167;28943
B3155D;2015/02/27 01:08:22;28943;73;32.2;24.8;2.670;1.580;0.770;2.354;0.032;1.145;28944
B3155D;2015/02/27 01:08:33;28944;71;32.2;25.0;2.580;1.564;0.770;2.354;0.058;1.151;28945
B3155D;2015/02/27 01:08:42;28945;74;27.7;25.0;2.541;1.564;0.770;2.354;0.058;1.158;28946
B3155D;2015/02/27 01:08:53;28946;66;31.9;25.0;2.506;1.596;0.770;2.335;0.058;1.132;28947
B3155D;2015/02/27 01:09:02;28947;71;29.0;24.3;2.674;1.596;0.796;2.335;0.058;1.154;28948
B3155D;2015/02/27 01:09:13;28948;72;28.3;25.0;2.690;1.564;0.796;2.335;0.000;1.158;28949
B3155D;2015/02/27 01:09:22;28949;66;31.9;25.0;2.674;1.564;0.819;2.335;0.000;1.141;28950
B3155D;2015/02/27 01:09:33;28950;72;30.3;24.8;2.500;1.580;0.819;2.325;0.000;1.151;28951
B3155D;2015/02/27 01:09:42;28951;68;28.3;24.6;2.516;1.580;0.774;2.325;0.000;1.148;28952
B3155D;2015/02/27 01:09:53;28952;78;30.0;24.4;2.616;1.561;0.774;2.325;0.000;1.122;28953
B3155D;2015/02/27 01:10:02;28953;64;28.3;24.3;2.687;1.561;0.764;2.325;0.000;1.129;28954
B3155D;2015/02/27 01:10:13;28954;79;29.0;25.0;2.658;1.561;0.764;2.303;0.000;1.125;28955
B3155D;2015/02/27 01:10:22;28955;73;29.6;24.8;2.693;1.561;0.770;2.303;0.000;1.122;28956
B3155D;2015/02/27 01:10:33;28956;76;29.3;24.4;2.541;1.593;0.770;2.303;0.051;1.109;28957
B3155D;2015/02/27 01:10:42;28957;66;29.0;24.3;2.693;1.593;0.767;2.303;0.051;1.129;28958
B3155D;2015/02/27 01:10:53;28958;81;27.4;24.6;2.493;1.590;0.767;2.329;0.051;1.125;28959
B3155D;2015/02/27 01:11:02;28959;73;28.7;24.8;2.696;1.590;0.787;2.329;0.051;1.122;28960
B3155D;2015/02/27 01:11:13;28960;73;32.9;24.8;2.667;1.570;0.787;2.329;0.022;1.158;28961
B3155D;2015/02/27 01:11:22;28961;60;27.7;24.8;2.612;1.570;0.812;2.329;0.022;1.148;28962
B3155D;2015/02/27 01:11:33;28962;78;31.2;25.7;2.683;1.583;0.812;2.338;0.022;1.158;28963
B3155D;2015/02/27 01:11:42;28963;69;29.0;24.8;2.587;1.583;0.783;2.338;0.022;1.158;28964
B3155D;2015/02/27 01:11:53;28964;69;31.2;25.1;2.638;1.564;0.783;2.338;0.003;1.158;28965
B3155D;2015/02/27 01:12:02;28965;72;27.7;24.3;2.551;1.564;0.783;2.338;0.003;1.122;28966
B3155D;2015/02/27 01:12:13;28966;78;27.4;24.8;2.593;1.596;0.783;2.306;0.003;1.116;28967
B3155D;2015/02/27 01:12:22;28967;75;29.6;25.1;2.509;1.596;0.819;2.306;0.003;1.141;28968
B3155D;2015/02/27 01:12:33;28968;77;29.0;24.8;2.674;1.596;0.819;2.306;0.003;1.154;28969
B3155D;2015/02/27 01:12:42;28969;65;30.9;25.0;2.661;1.596;0.796;2.306;0.003;1.125;28970
B3155D;2015/02/27 01:12:53;28970;70;29.6;24.6;2.680;1.587;0.796;2.299;0.003;1.112;28971
B3155D;2015/02/27 01:13:02;28971;74;29.0;25.1;2.590;1.587;0.774;2.299;0.003;1.122;28972
B3155D;2015/02/27 01:13:13;28972;73;30.0;24.8;2.525;1.561;0.774;2.299;0.000;1.122;28973
B3155D;2015/02/27 01:13:22;28973;72;30.3;24.4;2.522;1.561;0.770;2.299;0.000;1.122;28974
B3155D;2015/02/27 01:13:33;28974;71;28.0;25.1;2.500;1.577;0.770;2.338;0.000;1.135;28975
B3155D;2015/02/27 01:13:42;28975;62;30.6;24.6;2.687;1.577;0.787;2.338;0.000;1.119;28976
B3155D;2015/02/27 01:13:53;28976;73;30.9;24.8;2.629;1.599;0.787;2.338;0.006;1.132;28977
B3155D;2015/02/27 01:14:02;28977;63;29.6;24.6;2.509;1.599;0.783;2.338;0.006;1.154;28978
B3155D;2015/02/27 01:14:13;28978;78;29.3;24.6;2.667;1.596;0.783;2.335;0.006;1.158;28979
B3155D;2015/02/27 01:14:22;28979;67;33.8;25.0;2.687;1.596;0.822;2.335;0.006;1.138;28980
B3155D;2015/02/27 01:14:33;28980;83;28.0;24.8;2.667;1.593;0.822;2.335;0.019;1.138;28981
B3155D;2015/02/27 01:14:42;28981;63;30.6;25.0;2.632;1.593;0.787;2.335;0.019;1.151;28982
B3155D;2015/02/27 01:14:53;28982;71;30.3;24.8;2.500;1.564;0.787;2.299;0.019;1.145;28983
B3155D;2015/02/27 01:15:02;28983;72;27.0;24.6;2.522;1.564;0.774;2.299;0.019;1.148;28984
B3155D;2015/02/27 01:15:13;28984;73;28.0;24.8;2.506;1.583;0.774;2.299;0.003;1.174;28985
B3155D;2015/02/27 01:15:22;28985;68;29.3;24.6;2.500;1.583;0.819;2.299;0.003;1.164;28986
B3155D;2015/02/27 01:15:33;28986;82;30.0;25.0;2.516;1.580;0.819;2.319;0.003;1.164;28987
B3155D;2015/02/27 01:15:42;28987;68;32.2;24.8;2.696;1.580;0.777;2.319;0.003;1.151;28988
B3155D;2015/02/27 01:15:53;28988;73;28.0;25.3;2.580;1.583;0.777;2.319;0.045;1.125;28989
B3155D;2015/02/27 01:16:02;28989;68;29.6;24.6;2.693;1.583;0.774;2.319;0.045;1.132;28990
B3155D;2015/02/27 01:16:13;28990;75;30.0;25.0;2.680;1.577;0.774;2.306;0.045;1.164;28991
B3155D;2015/02/27 01:16:22;28991;72;32.9;24.3;2.606;1.577;0.819;2.306;0.045;1.125;28992
B3155D;2015/02/27 01:16:33;28992;72;30.9;24.8;2.493;1.590;0.819;2.306;0.000;1.161;28993
B3155D;2015/02/27 01:16:42;28993;74;29.0;24.8;2.554;1.590;0.790;2.306;0.000;1.112;28994
B3155D;2015/02/27 01:16:53;28994;68;32.2;24.4;2.600;1.561;0.790;2.306;0.000;1.138;28995
B3155D;2015/02/27 01:17:02;28995;70;31.6;24.6;2.687;1.561;0.812;2.306;0.000;1.132;28996
B3155D;2015/02/27 01:17:13;28996;73;28.0;24.1;2.570;1.599;0.812;2.306;0.000;1.141;28997
B3155D;2015/02/27 01:17:22;28997;68;30.6;24.4;2.625;1.599;0.777;2.306;0.000;1.138;28998
B3155D;2015/02/27 01:17:33;28998;75;29.0;25.0;2.680;1.561;0.777;2.345;0.000;1.148;28999
B3155D;2015/02/27 01:17:42;28999;73;30.9;25.0;2.693;1.561;0.819;2.345;0.000;1.106;29000
B3155D;2015/02/27 01:17:53;29000;82;31.6;24.8;2.687;1.561;0.819;2.345;0.032;1.119;29001
B3155D;2015/02/27 01:18:02;29001;72;34.1;24.6;2.600;1.561;0.819;2.345;0.032;1.141;29002
B3155D;2015/02/27 01:18:13;29002;63;28.3;25.0;2.690;1.596;0.819;2.329;0.032;1.145;29003
B3155D;2015/02/27 01:18:22;29003;70;29.3;24.8;2.519;1.596;0.822;2.329;0.032;1.135;29004
B3155D;2015/02/27 01:18:33;29004;72;30.0;24.6;2.683;1.599;0.822;2.329;0.000;1.119;29005
B3155D;2015/02/27 01:18:42;29005;68;28.3;25.3;2.632;1.599;0.812;2.329;0.000;1.138;29006
B3155D;2015/02/27 01:18:53;29006;67;30.9;25.1;2.548;1.587;0.812;2.293;0.000;1.167;29007
B3155D;2015/02/27 01:19:02;29007;73;30.0;25.1;2.696;1.587;0.777;2.293;0.000;1.122;29008
B3155D;2015/02/27 01:19:13;29008;76;29.3;24.6;2.651;1.561;0.777;2.293;0.022;1.132;29009
B3155D;2015/02/27 01:19:22;29009;73;29.3;24.6;2.693;1.561;0.777;2.293;0.022;1.154;29010
B3155D;2015/02/27 01:19:33;29010;71;31.9;25.1;2.593;1.561;0.777;2.341;0.022;1.158;29011
B3155D;2015/02/27 01:19:42;29011;65;33.2;25.1;2.658;1.561;0.793;2.341;0.022;1.129;29012
B3155D;2015/02/27 01:19:53;29012;62;31.6;24.6;2.532;1.590;0.793;2.341;0.009;1.151;29013
B3155D;2015/02/27 01:20:02;29013;63;28.3;24.8;2.535;1.590;0.777;2.341;0.009;1.170;29014
B3155D;2015/02/27 01:20:13;29014;63;29.6;25.0;2.654;1.590;0.777;2.312;0.009;1.145;29015
B3155D;2015/02/27 01:20:22;29015;72;27.7;25.3;2.612;1.590;0.770;2.312;0.009;1.174;29016
B3155D;2015/02/27 01:20:33;29016;80;30.0;24.8;2.629;1.580;0.770;2.312;0.000;1.183;29017
B3155D;2015/02/27 01:20:42;29017;66;33.2;24.6;2.687;1.580;0.777;2.312;0.000;1.145;29018
B3155D;2015/02/27 01:20:53;29018;68;30.3;24.4;2.667;1.596;0.777;2.332;0.000;1.170;29019
B3155D;2015/02/27 01:21:02;29019;68;28.3;24.6;2.522;1.596;0.787;2.332;0.000;1.138;29020
B3155D;2015/02/27 01:21:13;29020;76;32.5;25.0;2.509;1.567;0.787;2.332;0.045;1.158;29021
B3155D;2015/02/27 01:21:22;29021;78;27.7;25.1;2.516;1.567;0.796;2.332;0.045;1.141;29022
B3155D;2015/02/27 01:21:33;29022;70;32.5;24.8;2.493;1.596;0.796;2.335;0.045;1.151;29023
B3155D;2015/02/27 01:21:42;29023;73;27.4;25.1;2.522;1.596;0.790;2.335;0.045;1.180;29024
B3155D;2015/02/27 01:21:53;29024;63;30.3;24.8;2.551;1.587;0.790;2.335;0.000;1.174;29025
B3155D;2015/02/27 01:22:02;29025;75;30.6;24.6;2.641;1.587;0.819;2.335;0.000;1.164;29026
B3155D;2015/02/27 01:22:13;29026;76;29.6;24.4;2.509;1.583;0.819;2.319;0.000;1.193;29027
B3155D;2015/02/27 01:22:22;29027;75;32.2;24.8;2.561;1.583;0.787;2.319;0.000;1.180;29028
B3155D;2015/02/27 01:22:33;29028;78;30.6;24.4;2.506;1.593;0.787;2.319;0.012;1.174;29029
B3155D;2015/02/27 01:22:42;29029;66;28.3;25.0;2.516;1.593;0.770;2.319;0.012;1.151;29030
B3155D;2015/02/27 01:22:53;29030;75;30.3;25.0;2.658;1.593;0.770;2.322;0.012;1.174;29031
B3155D;2015/02/27 01:23:02;29031;60;30.9;24.1;2.632;1.593;0.819;2.322;0.012;1.187;29032
B3155D;2015/02/27 01:23:13;29032;78;28.0;24.4;2.648;1.577;0.819;2.322;0.012;1.167;29033
B3155D;2015/02/27 01:23:22;29033;71;28.3;24.3;2.661;1.577;0.790;2.322;0.012;1.177;29034
B3155D;2015/02/27 01:23:33;29034;67;31.9;25.0;2.487;1.580;0.790;2.335;0.012;1.206;29035
B3155D;2015/02/27 01:23:42;29035;77;33.2;24.8;2.619;1.580;0.796;2.335;0.012;1.183;29036
B3155D;2015/02/27 01:23:53;29036;78;32.5;24.8;2.683;1.593;0.796;2.335;0.012;1.216;29037
B3155D;2015/02/27 01:24:02;29037;63;33.8;24.6;2.648;1.593;0.787;2.335;0.012;1.212;29038
B3155D;2015/02/27 01:24:13;29038;82;32.2;24.8;2.683;1.587;0.787;2.287;0.012;1.216;29039
B3155D;2015/02/27 01:24:22;29039;72;31.6;24.3;2.651;1.587;0.819;2.287;0.012;1.219;29040
B3155D;2015/02/27 01:24:33;29040;73;30.6;24.6;2.687;1.564;0.819;2.287;0.000;1.196;29041
B3155D;2015/02/27 01:24:42;29041;67;31.2;24.8;2.629;1.564;0.787;2.287;0.000;1.203;29042
B3155D;2015/02/27 01:24:53;29042;74;32.5;25.0;2.506;1.593;0.787;2.335;0.000;1.209;29043
B3155D;2015/02/27 01:25:02;29043;73;29.6;24.4;2.516;1.593;0.816;2.335;0.000;1.216;29044
B3155D;2015/02/27 01:25:13;29044;80;29.3;24.4;2.661;1.593;0.816;2.335;0.012;1.229;29045
B3155D;2015/02/27 01:25:22;29045;72;30.9;24.6;2.629;1.593;0.774;2.335;0.012;1.212;29046
B3155D;2015/02/27 01:25:33;29046;77;32.5;25.0;2.506;1.590;0.774;2.322;0.012;1.251;29047
B3155D;2015/02/27 01:25:42;29047;74;28.3;24.3;2.541;1.590;0.770;2.322;0.012;1.232;29048
B3155D;2015/02/27 01:25:53;29048;78;30.9;24.8;2.658;1.587;0.770;2.322;0.000;1.209;29049
B3155D;2015/02/27 01:26:02;29049;72;29.0;24.4;2.654;1.587;0.770;2.322;0.000;1.219;29050
B3155D;2015/02/27 01:26:13;29050;77;30.9;24.8;2.658;1.567;0.770;2.329;0.000;1.235;29051
B3155D;2015/02/27 01:26:22;29051;73;31.9;24.8;2.541;1.567;0.819;2.329;0.000;1.219;29052
B3155D;2015/02/27 01:26:33;29052;74;28.0;24.8;2.661;1.593;0.819;2.329;0.000;1.238;29053
B3155D;2015/02/27 01:26:42;29053;63;29.3;24.8;2.496;1.593;0.777;2.329;0.000;1.222;29054
B3155D;2015/02/27 01:26:53;29054;68;31.6;24.6;2.541;1.570;0.777;2.296;0.000;1.206;29055
B3155D;2015/02/27 01:27:02;29055;69;29.3;24.3;2.580;1.570;0.777;2.296;0.000;1.232;29056
B3155D;2015/02/27 01:27:13;29056;71;28.0;25.0;2.654;1.587;0.777;2.296;0.006;1.235;29057
B3155D;2015/02/27 01:27:22;29057;77;31.9;24.6;2.687;1.587;0.787;2.296;0.006;1.212;29058
B3155D;2015/02/27 01:27:33;29058;68;31.2;25.1;2.529;1.558;0.787;2.299;0.006;1.206;29059
B3155D;2015/02/27 01:27:42;29059;69;27.4;25.1;2.516;1.558;0.793;2.299;0.006;1.196;29060
B3155D;2015/02/27 01:27:53;29060;80;30.9;25.0;2.493;1.583;0.793;2.299;0.003;1.216;29061
B3155D;2015/02/27 01:28:02;29061;78;30.3;24.8;2.629;1.583;0.770;2.299;0.003;1.193;29062
B3155D;2015/02/27 01:28:13;29062;83;30.9;25.1;2.658;1.583;0.770;2.293;0.003;1.219;29063
B3155D;2015/02/27 01:28:22;29063;72;30.0;25.0;2.687;1.583;0.777;2.293;0.003;1.222;29064
B3155D;2015/02/27 01:28:33;29064;70;28.0;23.9;2.683;1.574;0.777;2.293;0.000;1.225;29065
B3155D;2015/02/27 01:28:42;29065;77;28.0;24.8;2.541;1.574;0.819;2.293;0.000;1.212;29066
B3155D;2015/02/27 01:28:53;29066;81;29.0;24.8;2.687;1.580;0.819;2.335;0.000;1.219;29067
B3155D;2015/02/27 01:29:02;29067;63;29.6;24.6;2.564;1.580;0.816;2.335;0.000;1.158;29068
B3155D;2015/02/27 01:29:13;29068;77;27.4;23.9;2.570;1.593;0.816;2.335;0.000;1.164;29069
B3155D;2015/02/27 01:29:22;29069;71;32.5;24.4;2.509;1.593;0.806;2.335;0.000;1.174;29070
B3155D;2015/02/27 01:29:33;29070;76;30.3;25.1;2.561;1.580;0.806;2.332;0.000;1.158;29071
B3155D;2015/02/27 01:29:42;29071;65;29.0;24.6;2.683;1.580;0.780;2.332;0.000;1.177;29072
B3155D;2015/02/27 01:29:53;29072;67;32.9;25.1;2.693;1.564;0.780;2.332;0.000;1.170;29073
B3155D;2015/02/27 01:30:03;29073;63;31.9;24.4;2.641;1.564;0.819;2.332;0.000;1.151;29074
B3155D;2015/02/27 01:30:13;29074;73;34.5;24.6;2.548;1.561;0.819;2.341;0.000;1.180;29075
B3155D;2015/02/27 01:30:22;29075;77;27.4;24.6;2.661;1.561;0.787;2.341;0.000;1.141;29076
B3155D;2015/02/27 01:30:33;29076;78;30.9;25.0;2.506;1.558;0.787;2.341;0.009;1.148;29077
B3155D;2015/02/27 01:30:42;29077;63;30.3;23.9;2.667;1.558;0.780;2.341;0.009;1.161;29078
B3155D;2015/02/27 01:30:53;29078;76;28.0;25.0;2.493;1.593;0.780;2.325;0.009;1.132;29079
B3155D;2015/02/27 01:31:02;29079;68;27.4;24.6;2.522;1.593;0.777;2.325;0.009;1.148;29080
B3155D;2015/02/27 01:31:13;29080;68;30.3;24.3;2.587;1.558;0.777;2.325;0.000;1.132;29081
B3155D;2015/02/27 01:31:22;29081;70;33.5;24.6;2.603;1.558;0.774;2.325;0.000;1.138;29082
B3155D;2015/02/27 01:31:33;29082;83;28.0;24.8;2.690;1.583;0.774;2.345;0.000;1.132;29083
B3155D;2015/02/27 01:31:42;29083;67;28.7;24.6;2.509;1.583;0.819;2.345;0.000;1.145;29084
B3155D;2015/02/27 01:31:53;29084;75;32.2;24.4;2.690;1.558;0.819;2.345;0.096;1.151;29085
B3155D;2015/02/27 01:32:02;29085;58;27.7;24.8;2.493;1.558;0.812;2.345;0.096;1.141;29086
B3155D;2015/02/27 01:32:13;29086;62;30.0;24.6;2.532;1.558;0.812;2.335;0.096;1.151;29087
B3155D;2015/02/27 01:32:22;29087;68;30.0;23.9;2.612;1.558;0.770;2.335;0.096;1.135;29088
B3155D;2015/02/27 01:32:33;29088;79;28.3;24.8;2.677;1.561;0.770;2.335;0.032;1.174;29089
B3155D;2015/02/27 01:32:42;29089;60;34.5;24.4;2.522;1.561;0.809;2.335;0.032;1.154;29090
B3155D;2015/02/27 01:32:53;29090;78;28.3;24.6;2.683;1.587;0.809;2.341;0.032;1.158;29091
B3155D;2015/02/27 01:33:02;29091;70;32.9;24.3;2.564;1.587;0.812;2.341;0.032;1.167;29092
B3155D;2015/02/27 01:33:13;29092;78;31.2;24.8;2.683;1.599;0.812;2.341;0.016;1.154;29093
B3155D;2015/02/27 01:33:22;29093;68;27.4;25.1;2.522;1.599;0.793;2.341;0.016;1.177;29094
B3155D;2015/02/27 01:33:33;29094;73;33.8;24.8;2.583;1.561;0.793;2.351;0.016;1.183;29095
B3155D;2015/02/27 01:33:42;29095;76;33.8;24.3;2.625;1.561;0.777;2.351;0.016;1.187;29096
B3155D;2015/02/27 01:33:53;29096;77;29.0;24.8;2.638;1.570;0.777;2.351;0.035;1.196;29097
B3155D;2015/02/27 01:34:02;29097;72;31.9;24.8;2.638;1.570;0.790;2.351;0.035;1.167;29098
B3155D;2015/02/27 01:34:13;29098;71;28.7;24.1;2.651;1.558;0.790;2.296;0.035;1.187;29099
B3155D;2015/02/27 01:34:22;29099;73;31.9;24.8;2.674;1.558;0.790;2.296;0.035;1.161;29100
B3155D;2015/02/27 01:34:33;29100;81;27.4;24.3;2.680;1.561;0.790;2.296;0.019;1.177;29101
B3155D;2015/02/27 01:34:42;29101;65;29.0;24.6;2.667;1.561;0.774;2.296;0.019;1.167;29102
B3155D;2015/02/27 01:34:53;29102;67;29.0;24.6;2.522;1.596;0.774;2.329;0.019;1.212;29103
B3155D;2015/02/27 01:35:02;29103;65;27.7;24.6;2.632;1.596;0.787;2.329;0.019;1.196;29104
B3155D;2015/02/27 01:35:13;29104;76;33.8;25.0;2.690;1.599;0.787;2.329;0.000;1.199;29105
B3155D;2015/02/27 01:35:22;29105;68;31.2;25.1;2.674;1.599;0.770;2.329;0.000;1.206;29106
B3155D;2015/02/27 01:35:33;29106;72;31.6;24.8;2.683;1.599;0.770;2.351;0.000;1.187;29107
B3155D;2015/02/27 01:35:42;29107;67;33.8;24.4;2.522;1.599;0.819;2.351;0.000;1.180;29108
B3155D;2015/02/27 01:35:53;29108;73;30.9;24.8;2.667;1.583;0.819;2.351;0.035;1.196;29109
B3155D;2015/02/27 01:36:02;29109;68;29.0;24.6;2.661;1.583;0.793;2.351;0.035;1.216;29110
B3155D;2015/02/27 01:36:13;29110;80;27.4;24.8;2.519;1.567;0.793;2.338;0.035;1.190;29111
B3155D;2015/02/27 01:36:22;29111;65;31.2;24.3;2.696;1.567;0.770;2.338;0.035;1.190;29112
B3155D;2015/02/27 01:36:33;29112;71;28.3;25.0;2.590;1.570;0.770;2.338;0.006;1.216;29113
B3155D;2015/02/27 01:36:42;29113;58;29.0;24.3;2.548;1.570;0.809;2.338;0.006;1.209;29114
B3155D;2015/02/27 01:36:53;29114;77;28.3;24.8;2.683;1.567;0.809;2.338;0.006;1.225;29115
B3155D;2015/02/27 01:37:02;29115;70;31.9;24.6;2.658;1.567;0.799;2.338;0.006;1.187;29116
B3155D;2015/02/27 01:37:13;29116;69;30.3;25.1;2.654;1.593;0.799;2.338;0.045;1.187;29117
B3155D;2015/02/27 01:37:22;29117;71;30.6;24.8;2.654;1.593;0.787;2.338;0.045;1.203;29118
B3155D;2015/02/27 01:37:33;29118;73;30.0;25.0;2.677;1.570;0.787;2.299;0.045;1.206;29119
B3155D;2015/02/27 01:37:42;29119;78;29.3;24.6;2.683;1.570;0.796;2.299;0.045;1.206;29120
B3155D;2015/02/27 01:37:53;29120;71;29.0;24.8;2.587;1.561;0.796;2.299;0.012;1.225;29121
B3155D;2015/02/27 01:38:02;29121;68;34.5;23.9;2.561;1.561;0.819;2.299;0.012;1.196;29122
B3155D;2015/02/27 01:38:13;29122;73;30.3;24.8;2.529;1.561;0.819;2.335;0.012;1.229;29123
B3155D;2015/02/27 01:38:22;29123;70;31.9;24.4;2.651;1.561;0.777;2.335;0.012;1.225;29124
B3155D;2015/02/27 01:38:33;29124;80;31.2;24.3;2.677;1.570;0.777;2.335;0.106;1.209;29125
B3155D;2015/02/27 01:38:42;29125;78;31.9;25.0;2.699;1.570;0.787;2.335;0.106;1.245;29126
B3155D;2015/02/27 01:38:53;29126;77;27.4;24.6;2.500;1.593;0.787;2.345;0.106;1.241;29127
B3155D;2015/02/27 01:39:02;29127;70;32.2;24.8;2.561;1.593;0.777;2.345;0.106;1.183;29128
B3155D;2015/02/27 01:39:13;29128;67;32.9;24.6;2.687;1.587;0.777;2.345;0.000;1.219;29129
B3155D;2015/02/27 01:39:22;29129;66;29.0;24.6;2.609;1.587;0.780;2.345;0.000;1.177;29130
B3155D;2015/02/27 01:39:33;29130;69;30.6;24.4;2.503;1.596;0.780;2.332;0.000;1.190;29131
B3155D;2015/02/27 01:39:42;29131;69;32.2;24.4;2.674;1.596;0.809;2.332;0.000;1.170;29132
B3155D;2015/02/27 01:39:53;29132;74;30.0;24.8;2.625;1.567;0.809;2.332;0.009;1.183;29133
B3155D;2015/02/27 01:40:02;29133;69;28.7;24.8;2.509;1.567;0.816;2.332;0.009;1.216;29134
B3155D;2015/02/27 01:40:13;29134;72;30.6;24.1;2.516;1.570;0.816;2.312;0.009;1.187;29135
B3155D;2015/02/27 01:40:22;29135;69;28.3;24.4;2.532;1.570;0.816;2.312;0.009;1.199;29136
B3155D;2015/02/27 01:40:33;29136;78;30.6;24.3;2.554;1.583;0.816;2.312;0.000;1.199;29137
B3155D;2015/02/27 01:40:42;29137;76;31.6;24.6;2.609;1.583;0.819;2.312;0.000;1.232;29138
B3155D;2015/02/27 01:40:53;29138;73;31.6;24.8;2.545;1.593;0.819;2.325;0.000;1.222;29139
B3155D;2015/02/27 01:41:02;29139;70;30.0;24.3;2.541;1.593;0.780;2.325;0.000;1.225;29140
B3155D;2015/02/27 01:41:13;29140;73;30.3;24.6;2.683;1.580;0.780;2.325;0.109;1.222;29141
B3155D;2015/02/27 01:41:22;29141;75;31.9;24.8;2.616;1.580;0.822;2.325;0.109;1.190;29142
B3155D;2015/02/27 01:41:33;29142;74;32.9;24.3;2.493;1.583;0.822;2.354;0.109;1.225;29143
B3155D;2015/02/27 01:41:42;29143;71;29.3;24.8;2.503;1.583;0.819;2.354;0.109;1.199;29144
B3155D;2015/02/27 01:41:53;29144;74;28.3;25.0;2.690;1.593;0.819;2.354;0.000;1.196;29145
B3155D;2015/02/27 01:42:02;29145;73;29.3;24.8;2.632;1.593;0.819;2.354;0.000;1.229;29146
B3155D;2015/02/27 01:42:13;29146;76;32.9;24.8;2.629;1.577;0.819;2.316;0.000;1.241;29147
B3155D;2015/02/27 01:42:22;29147;62;33.2;24.8;2.529;1.577;0.812;2.316;0.000;1.196;29148
B3155D;2015/02/27 01:42:33;29148;74;32.5;24.6;2.493;1.593;0.812;2.316;0.000;1.222;29149
B3155D;2015/02/27 01:42:42;29149;70;30.9;24.8;2.622;1.593;0.816;2.316;0.000;1.212;29150
B3155D;2015/02/27 01:42:53;29150;74;31.2;24.4;2.506;1.570;0.816;2.341;0.000;1.248;29151
B3155D;2015/02/27 01:43:02;29151;70;32.5;24.3;2.564;1.570;0.809;2.341;0.000;1.258;29152
B3155D;2015/02/27 01:43:13;29152;71;29.3;24.4;2.525;1.593;0.809;2.341;0.000;1.225;29153
B3155D;2015/02/27 01:43:22;29153;78;32.5;24.4;2.529;1.593;0.819;2.341;0.000;1.190;29154
B3155D;2015/02/27 01:43:33;29154;76;29.3;23.9;2.548;1.574;0.819;2.335;0.000;1.209;29155
B3155D;2015/02/27 01:43:42;29155;63;30.3;24.3;2.616;1.574;0.796;2.335;0.000;1.170;29156
B3155D;2015/02/27 01:43:53;29156;77;31.2;24.1;2.687;1.583;0.796;2.335;0.012;1.199;29157
B3155D;2015/02/27 01:44:02;29157;68;28.3;24.8;2.509;1.583;0.777;2.335;0.012;1.161;29158
B3155D;2015/02/27 01:44:13;29158;71;28.7;24.3;2.645;1.590;0.777;2.306;0.012;1.199;29159
B3155D;2015/02/27 01:44:22;29159;57;27.0;24.8;2.551;1.590;0.777;2.306;0.012;1.216;29160
B3155D;2015/02/27 01:44:33;29160;70;33.2;24.6;2.548;1.587;0.777;2.306;0.016;1.209;29161
B3155D;2015/02/27 01:44:42;29161;61;29.0;24.8;2.658;1.587;0.806;2.306;0.016;1.199;29162
B3155D;2015/02/27 01:44:53;29162;68;31.2;24.4;2.661;1.577;0.806;2.316;0.016;1.219;29163
B3155D;2015/02/27 01:45:02;29163;66;31.2;24.6;2.641;1.577;0.790;2.316;0.016;1.219;29164
B3155D;2015/02/27 01:45:13;29164;74;30.9;24.3;2.522;1.596;0.790;2.316;0.035;1.206;29165
B3155D;2015/02/27 01:45:22;29165;72;27.7;25.0;2.529;1.596;0.774;2.316;0.035;1.232;29166
B3155D;2015/02/27 01:45:33;29166;75;30.6;24.4;2.503;1.587;0.774;2.299;0.035;1.238;29167
B3155D;2015/02/27 01:45:42;29167;76;30.0;24.6;2.667;1.587;0.799;2.299;0.035;1.245;29168
B3155D;2015/02/27 01:45:53;29168;74;31.6;24.6;2.525;1.590;0.799;2.299;0.003;1.232;29169
B3155D;2015/02/27 01:46:02;29169;70;30.3;24.1;2.587;1.590;0.812;2.299;0.003;1.216;29170
B3155D;2015/02/27 01:46:13;29170;71;30.3;24.4;2.658;1.570;0.812;2.322;0.003;1.235;29171
B3155D;2015/02/27 01:46:22;29171;69;32.2;24.4;2.558;1.570;0.806;2.322;0.003;1.216;29172
B3155D;2015/02/27 01:46:33;29172;68;29.6;24.1;2.632;1.577;0.806;2.322;0.016;1.212;29173
B3155D;2015/02/27 01:46:42;29173;71;27.7;25.1;2.522;1.577;0.790;2.322;0.016;1.238;29174
B3155D;2015/02/27 01:46:53;29174;73;31.6;24.8;2.667;1.599;0.790;2.312;0.016;1.222;29175
B3155D;2015/02/27 01:47:02;29175;74;31.2;24.4;2.632;1.599;0.777;2.312;0.016;1.222;29176
B3155D;2015/02/27 01:47:13;29176;65;33.2;24.6;2.690;1.587;0.777;2.312;0.000;1.232;29177
B3155D;2015/02/27 01:47:22;29177;56;31.9;24.6;2.687;1.587;0.777;2.312;0.000;1.251;29178
B3155D;2015/02/27 01:47:33;29178;68;32.2;24.8;2.680;1.564;0.777;2.296;0.000;1.267;29179
B3155D;2015/02/27 01:47:42;29179;77;34.8;24.3;2.545;1.564;0.822;2.296;0.000;1.245;29180
B3155D;2015/02/27 01:47:53;29180;78;27.4;23.9;2.635;1.593;0.822;2.296;0.019;1.241;29181
B3155D;2015/02/27 01:48:02;29181;77;28.3;24.6;2.509;1.593;0.777;2.296;0.019;1.229;29182
B3155D;2015/02/27 01:48:13;29182;78;30.6;24.1;2.677;1.564;0.777;2.306;0.019;1.206;29183
B3155D;2015/02/27 01:48:22;29183;69;30.9;24.8;2.667;1.564;0.770;2.306;0.019;1.222;29184
B3155D;2015/02/27 01:48:33;29184;70;30.0;25.0;2.690;1.596;0.770;2.306;0.012;1.225;29185
B3155D;2015/02/27 01:48:42;29185;67;30.0;24.8;2.606;1.596;0.774;2.306;0.012;1.219;29186
B3155D;2015/02/27 01:48:53;29186;78;29.6;24.8;2.687;1.564;0.774;2.341;0.012;1.187;29187
B3155D;2015/02/27 01:49:02;29187;72;30.6;24.3;2.693;1.564;0.780;2.341;0.012;1.177;29188
B3155D;2015/02/27 01:49:13;29188;76;30.9;24.6;2.570;1.596;0.780;2.341;0.012;1.212;29189
B3155D;2015/02/27 01:49:22;29189;76;27.7;25.0;2.522;1.596;0.819;2.341;0.012;1.209;29190
B3155D;2015/02/27 01:49:33;29190;74;29.6;25.0;2.693;1.596;0.819;2.338;0.012;1.203;29191
B3155D;2015/02/27 01:49:42;29191;71;28.3;24.1;2.664;1.596;0.819;2.338;0.012;1.209;29192
B3155D;2015/02/27 01:49:53;29192;78;32.2;24.8;2.683;1.574;0.819;2.338;0.000;1.229;29193
B3155D;2015/02/27 01:50:02;29193;64;32.9;25.0;2.635;1.574;0.774;2.338;0.000;1.251;29194
B3155D;2015/02/27 01:50:13;29194;73;31.6;24.8;2.648;1.567;0.774;2.296;0.000;1.225;29195
B3155D;2015/02/27 01:50:22;29195;61;32.2;24.8;2.664;1.567;0.777;2.296;0.000;1.219;29196
B3155D;2015/02/27 01:50:33;29196;75;31.9;24.3;2.554;1.583;0.777;2.296;0.035;1.235;29197
B3155D;2015/02/27 01:50:42;29197;73;34.1;24.1;2.687;1.583;0.799;2.296;0.035;1.248;29198
B3155D;2015/02/27 01:50:53;29198;74;28.7;24.6;2.664;1.561;0.799;2.293;0.035;1.225;29199
B3155D;2015/02/27 01:51:02;29199;69;28.7;24.3;2.506;1.561;0.783;2.293;0.035;1.229;29200
B3155D;2015/02/27 01:51:13;29200;65;29.3;24.1;2.687;1.593;0.783;2.293;0.000;1.245;29201
B3155D;2015/02/27 01:51:22;29201;72;32.2;24.4;2.693;1.593;0.806;2.293;0.000;1.225;29202
B3155D;2015/02/27 01:51:33;29202;83;27.4;24.3;2.690;1.583;0.806;2.329;0.000;1.235;29203
B3155D;2015/02/27 01:51:42;29203;63;31.6;24.6;2.693;1.583;0.796;2.329;0.000;1.203;29204
B3155D;2015/02/27 01:51:53;29204;75;29.6;24.3;2.525;1.567;0.796;2.329;0.070;1.203;29205
B3155D;2015/02/27 01:52:02;29205;73;29.3;24.4;2.693;1.567;0.796;2.329;0.070;1.225;29206
B3155D;2015/02/27 01:52:13;29206;83;29.0;24.4;2.612;1.561;0.796;2.332;0.070;1.232;29207
B3155D;2015/02/27 01:52:22;29207;67;31.2;24.6;2.522;1.561;0.777;2.332;0.070;1.199;29208
B3155D;2015/02/27 01:52:33;29208;69;28.3;24.3;2.658;1.577;0.777;2.332;0.000;1.206;29209
B3155D;2015/02/27 01:52:42;29209;70;31.9;24.1;2.674;1.577;0.799;2.332;0.000;1.245;29210
B3155D;2015/02/27 01:52:53;29210;67;30.9;24.6;2.687;1.570;0.799;2.335;0.000;1.248;29211
B3155D;2015/02/27 01:53:02;29211;67;30.6;24.3;2.638;1.570;0.819;2.335;0.000;1.238;29212
B3155D;2015/02/27 01:53:13;29212;73;27.4;24.3;2.632;1.564;0.819;2.335;0.022;1.251;29213
B3155D;2015/02/27 01:53:22;29213;65;29.3;24.8;2.687;1.564;0.777;2.335;0.022;1.274;29214
B3155D;2015/02/27 01:53:33;29214;74;30.9;24.1;2.658;1.583;0.777;2.303;0.022;1.261;29215
B3155D;2015/02/27 01:53:42;29215;69;32.5;24.3;2.609;1.583;0.770;2.303;0.022;1.254;29216
B3155D;2015/02/27 01:53:53;29216;69;29.0;24.3;2.622;1.561;0.770;2.303;0.000;1.261;29217
B3155D;2015/02/27 01:54:02;29217;65;29.0;24.6;2.699;1.561;0.816;2.303;0.000;1.232;29218
B3155D;2015/02/27 01:54:13;29218;72;33.8;25.0;2.693;1.561;0.816;2.306;0.000;1.232;29219
B3155D;2015/02/27 01:54:22;29219;75;31.2;24.3;2.658;1.561;0.790;2.306;0.000;1.216;29220
B3155D;2015/02/27 01:54:33;29220;70;28.0;24.8;2.693;1.583;0.790;2.306;0.035;1.222;29221
B3155D;2015/02/27 01:54:42;29221;71;30.3;24.4;2.632;1.583;0.822;2.306;0.035;1.238;29222
B3155D;2015/02/27 01:54:53;29222;79;33.8;24.4;2.525;1.564;0.822;2.341;0.035;1.216;29223
B3155D;2015/02/27 01:55:02;29223;63;30.3;24.3;2.612;1.564;0.819;2.341;0.035;1.196;29224
B3155D;2015/02/27 01:55:13;29224;73;31.6;24.6;2.512;1.561;0.819;2.341;0.000;1.241;29225
B3155D;2015/02/27 01:55:22;29225;66;32.2;24.6;2.625;1.561;0.777;2.341;0.000;1.219;29226
B3155D;2015/02/27 01:55:33;29226;70;28.0;24.3;2.690;1.590;0.777;2.316;0.000;1.206;29227
B3155D;2015/02/27 01:55:42;29227;70;32.2;24.8;2.529;1.590;0.777;2.316;0.000;1.212;29228
B3155D;2015/02/27 01:55:53;29228;64;32.5;24.4;2.625;1.561;0.777;2.316;0.016;1.225;29229
B3155D;2015/02/27 01:56:02;29229;72;32.5;24.3;2.641;1.561;0.819;2.316;0.016;1.216;29230
