B31570;2015/02/27 18:46:59;0;1;26.1;22.2;1.754;-1.000;-1.000;-1.000;-1.000;0.658;1
B31570;2015/02/27 18:47:18;1;95;22.2;23.2;2.058;-1.000;-1.000;-1.000;-1.000;0.680;2
B31570;2015/02/27 18:47:29;2;83;23.5;22.7;2.096;2.667;-1.000;3.299;-1.000;0.674;3
B31570;2015/02/27 18:47:38;3;76;23.5;22.5;2.116;2.667;1.112;3.299;-1.000;0.622;4
B31570;2015/02/27 18:47:49;4;89;23.2;23.1;1.967;2.577;1.112;3.299;1.616;0.606;5
B31570;2015/02/27 18:47:58;5;84;26.1;23.1;2.054;2.577;1.070;3.299;1.616;0.625;6
B31570;2015/02/27 18:48:10;0;1;26.1;22.4;1.748;-1.000;-1.000;-1.000;-1.000;0.622;1
B31570;2015/02/27 18:48:29;1;88;21.9;22.4;1.977;-1.000;-1.000;-1.000;-1.000;0.599;2
B31570;2015/02/27 18:48:39;2;90;23.5;22.5;2.032;2.506;-1.000;3.299;-1.000;0.622;3
B31570;2015/02/27 18:48:49;3;87;26.7;22.9;2.158;2.506;1.067;3.299;-1.000;0.603;4
B31570;2015/02/27 18:48:59;4;77;26.4;22.5;1.961;2.354;1.067;3.299;1.464;0.606;5
B31570;2015/02/27 18:49:09;5;73;22.9;22.0;1.993;2.354;1.003;3.299;1.464;0.580;6
B31570;2015/02/27 18:49:19;6;85;27.0;21.5;2.177;2.332;1.003;3.299;1.464;0.567;7
B31570;2015/02/27 18:49:29;7;73;23.2;21.7;2.138;2.332;1.006;3.299;1.464;0.564;8
B31570;2015/02/27 18:49:39;8;91;23.8;22.5;2.116;2.358;1.006;3.299;1.251;0.587;9
B31570;2015/02/27 18:49:49;9;70;23.5;22.2;2.183;2.358;1.029;3.299;1.251;0.551;10
B31570;2015/02/27 18:49:59;10;88;26.7;22.4;2.183;2.338;1.029;3.299;1.251;0.551;11
B31570;2015/02/27 18:50:09;11;81;24.5;22.0;2.190;2.338;0.990;3.299;1.251;0.561;12
B31570;2015/02/27 18:50:19;12;72;23.8;22.7;2.183;2.270;0.990;3.299;1.125;0.564;13
B31570;2015/02/27 18:50:29;13;74;22.5;22.2;2.209;2.270;1.003;3.299;1.125;0.567;14
B31570;2015/02/27 18:50:39;14;83;29.0;21.8;2.193;2.280;1.003;3.299;1.125;0.564;15
B31570;2015/02/27 18:50:49;15;78;24.5;21.3;2.170;2.280;0.964;3.299;1.125;0.583;16
B31570;2015/02/27 18:50:59;16;83;25.4;22.7;2.019;2.251;0.964;3.299;1.029;0.587;17
B31570;2015/02/27 18:51:09;17;76;23.8;22.0;2.048;2.251;0.993;3.299;1.029;0.564;18
B31570;2015/02/27 18:51:19;18;78;25.8;22.4;2.025;2.241;0.993;3.299;1.029;0.551;19
B31570;2015/02/27 18:51:29;19;72;24.8;22.0;2.077;2.241;0.938;3.299;1.029;0.551;20
B31570;2015/02/27 18:51:39;20;78;23.8;22.0;2.209;2.229;0.938;3.299;1.025;0.574;21
B31570;2015/02/27 18:51:49;21;72;27.4;22.0;2.235;2.229;0.974;3.299;1.025;0.564;22
B31570;2015/02/27 18:51:59;22;80;29.0;21.3;2.199;2.206;0.974;3.299;1.025;0.558;23
B31570;2015/02/27 18:52:09;23;65;26.1;21.7;2.064;2.206;0.925;3.299;1.025;0.554;24
B31570;2015/02/27 18:52:19;24;88;28.0;22.0;2.241;2.174;0.925;3.299;0.867;0.587;25
B31570;2015/02/27 18:52:29;25;68;28.3;22.7;2.229;2.174;0.925;3.299;0.867;0.577;26
B31570;2015/02/27 18:52:39;26;80;24.5;21.8;2.212;2.151;0.925;3.299;0.867;0.580;27
B31570;2015/02/27 18:52:49;27;86;25.1;21.8;2.145;2.151;0.929;3.299;0.867;0.558;28
B31570;2015/02/27 18:52:59;28;78;26.4;22.9;2.067;2.129;0.929;3.299;0.816;0.558;29
B31570;2015/02/27 18:53:09;29;65;28.0;22.2;2.051;2.129;0.932;3.299;0.816;0.564;30
B31570;2015/02/27 18:53:19;30;89;23.8;22.2;2.164;2.151;0.932;3.299;0.816;0.587;31
B31570;2015/02/27 18:53:29;31;75;30.0;22.0;2.083;2.151;0.925;3.299;0.816;0.590;32
B31570;2015/02/27 18:53:39;32;78;29.6;22.5;2.212;2.100;0.925;3.299;0.748;0.587;33
B31570;2015/02/27 18:53:49;33;69;27.4;21.5;2.135;2.100;0.935;3.299;0.748;0.567;34
B31570;2015/02/27 18:53:59;34;77;25.1;22.0;2.064;2.100;0.935;3.203;0.748;0.564;35
B31570;2015/02/27 18:54:09;35;79;26.4;21.3;2.270;2.100;0.929;3.203;0.748;0.564;36
B31570;2015/02/27 18:54:19;36;89;29.6;21.1;2.096;2.058;0.929;3.203;0.722;0.564;37
B31570;2015/02/27 18:54:29;37;83;24.5;21.8;2.100;2.058;0.925;3.203;0.722;0.570;38
B31570;2015/02/27 18:54:39;38;91;26.1;21.7;2.245;2.074;0.925;3.135;0.722;0.577;39
B31570;2015/02/27 18:54:49;39;70;24.8;21.7;2.141;2.074;0.912;3.135;0.722;0.593;40
B31570;2015/02/27 18:54:59;40;86;27.4;21.8;2.161;2.035;0.912;3.135;0.667;0.577;41
B31570;2015/02/27 18:55:09;41;75;23.2;22.2;2.106;2.035;0.948;3.135;0.667;0.590;42
B31570;2015/02/27 18:55:19;42;89;29.0;22.0;2.267;2.070;0.948;2.990;0.667;0.599;43
B31570;2015/02/27 18:55:29;43;78;28.0;22.5;2.106;2.070;0.922;2.990;0.667;0.616;44
B31570;2015/02/27 18:55:39;44;80;27.0;21.5;2.087;2.051;0.922;2.990;0.629;0.574;45
B31570;2015/02/27 18:55:49;45;79;26.7;21.3;2.254;2.051;0.970;2.990;0.629;0.587;46
B31570;2015/02/27 18:55:59;46;90;25.1;22.4;2.090;2.054;0.970;2.829;0.629;0.593;47
B31570;2015/02/27 18:56:09;47;69;24.8;22.0;2.283;2.054;0.919;2.829;0.629;0.570;48
B31570;2015/02/27 18:56:19;48;80;24.5;22.4;2.293;2.035;0.919;2.829;0.651;0.612;49
B31570;2015/02/27 18:56:29;49;88;27.0;22.4;2.296;2.035;0.912;2.829;0.651;0.596;50
B31570;2015/02/27 18:56:39;50;80;23.8;22.0;2.274;2.025;0.912;2.777;0.651;0.583;51
B31570;2015/02/27 18:56:49;51;76;24.8;22.4;2.296;2.025;0.954;2.777;0.651;0.599;52
B31570;2015/02/27 18:56:59;52;80;28.0;22.0;2.196;2.006;0.954;2.777;0.574;0.590;53
B31570;2015/02/27 18:57:09;53;70;29.3;22.0;2.106;2.006;0.912;2.777;0.574;0.619;54
B31570;2015/02/27 18:57:19;54;83;30.3;22.0;2.135;2.000;0.912;2.706;0.574;0.590;55
B31570;2015/02/27 18:57:29;55;79;25.1;22.0;2.287;2.000;0.912;2.706;0.574;0.606;56
B31570;2015/02/27 18:57:39;56;77;26.7;22.0;2.241;1.977;0.912;2.706;0.554;0.596;57
B31570;2015/02/27 18:57:49;57;84;24.8;22.0;2.138;1.977;0.925;2.706;0.554;0.619;58
B31570;2015/02/27 18:57:59;58;90;27.0;21.3;2.270;1.958;0.925;2.664;0.554;0.606;59
B31570;2015/02/27 18:58:09;59;79;29.6;22.5;2.299;1.958;0.954;2.664;0.554;0.606;60
B31570;2015/02/27 18:58:19;60;83;27.0;22.0;2.190;1.932;0.954;2.664;0.532;0.596;61
B31570;2015/02/27 18:58:29;61;81;24.5;22.0;2.151;1.932;0.916;2.664;0.532;0.596;62
B31570;2015/02/27 18:58:39;62;73;23.8;22.0;2.299;1.958;0.916;2.493;0.532;0.625;63
B31570;2015/02/27 18:58:49;63;70;24.5;22.9;2.080;1.958;0.948;2.493;0.532;0.635;64
B31570;2015/02/27 18:58:59;64;83;27.4;22.5;2.083;1.961;0.948;2.493;0.529;0.603;65
B31570;2015/02/27 18:59:09;65;78;30.9;22.5;2.299;1.961;0.916;2.493;0.529;0.638;66
B31570;2015/02/27 18:59:19;66;84;27.7;21.7;2.154;1.909;0.916;2.525;0.529;0.638;67
B31570;2015/02/27 18:59:29;67;79;26.1;21.8;2.241;1.909;0.909;2.525;0.529;0.625;68
B31570;2015/02/27 18:59:39;68;77;31.2;21.5;2.280;1.932;0.909;2.525;0.503;0.609;69
B31570;2015/02/27 18:59:49;69;80;26.4;22.5;2.229;1.932;0.970;2.525;0.503;0.619;70
B31570;2015/02/27 18:59:59;70;81;27.0;21.8;2.103;1.909;0.970;2.506;0.503;0.654;71
B31570;2015/02/27 19:00:19;0;1;26.7;21.7;1.780;-1.000;-1.000;-1.000;-1.000;0.664;1
B31570;2015/02/27 19:00:38;1;83;25.1;21.1;2.093;-1.000;-1.000;-1.000;-1.000;0.664;2
B31570;2015/02/27 19:19:58;0;1;24.5;21.8;1.945;-1.000;-1.000;-1.000;-1.000;0.641;1
B31570;2015/02/27 19:20:17;1;98;29.6;22.5;2.270;-1.000;-1.000;-1.000;-1.000;0.632;2
B31570;2015/02/27 19:20:28;2;83;27.4;22.2;2.322;1.496;-1.000;1.819;-1.000;0.638;3
B31570;2015/02/27 19:20:37;3;82;27.4;22.9;2.183;1.496;1.022;1.819;-1.000;0.654;4
B31570;2015/02/27 19:20:48;4;78;26.4;21.8;2.187;1.474;1.022;1.819;0.467;0.664;5
B31570;2015/02/27 19:20:57;5;88;23.8;22.0;2.312;1.474;0.983;1.819;0.467;0.629;6
B31570;2015/02/27 19:21:08;6;86;26.4;21.8;2.177;1.541;0.983;1.677;0.467;0.629;7
B31570;2015/02/27 19:21:17;7;67;24.8;22.4;2.296;1.541;1.009;1.677;0.467;0.651;8
B31570;2015/02/27 19:21:28;8;77;27.7;22.4;2.377;1.525;1.009;1.677;0.364;0.654;9
B31570;2015/02/27 19:21:37;9;78;25.8;22.2;2.206;1.525;0.958;1.677;0.364;0.648;10
B31570;2015/02/27 19:21:48;10;83;25.1;22.4;2.209;1.554;0.958;1.722;0.364;0.648;11
B31570;2015/02/27 19:21:57;11;76;23.5;21.5;2.199;1.554;1.003;1.722;0.364;0.658;12
B31570;2015/02/27 19:22:08;12;84;26.7;22.7;2.361;1.558;1.003;1.722;0.332;0.648;13
B31570;2015/02/27 19:22:17;13;80;26.7;22.4;2.245;1.558;0.958;1.722;0.332;0.648;14
B31570;2015/02/27 19:22:28;14;83;29.3;22.5;2.332;1.538;0.958;1.725;0.332;0.648;15
B31570;2015/02/27 19:22:37;15;77;28.7;22.0;2.190;1.538;1.009;1.725;0.332;0.677;16
B31570;2015/02/27 19:22:48;16;84;29.6;22.7;2.287;1.577;1.009;1.725;0.335;0.645;17
B31570;2015/02/27 19:22:57;17;78;28.0;22.4;2.187;1.577;1.012;1.725;0.335;0.664;18
B31570;2015/02/27 19:23:08;18;81;28.7;23.1;2.254;1.583;1.012;1.764;0.335;0.641;19
B31570;2015/02/27 19:23:17;19;71;25.1;22.7;2.277;1.583;1.016;1.764;0.335;0.638;20
B31570;2015/02/27 19:23:28;20;88;29.0;23.1;2.377;1.587;1.016;1.764;0.322;0.648;21
B31570;2015/02/27 19:23:37;21;77;25.8;22.5;2.312;1.587;0.970;1.764;0.322;0.629;22
B31570;2015/02/27 19:23:48;22;78;28.0;22.9;2.187;1.564;0.970;1.819;0.322;0.635;23
B31570;2015/02/27 19:23:57;23;72;25.4;22.4;2.338;1.564;0.967;1.819;0.322;0.651;24
B31570;2015/02/27 19:24:12;0;1;23.8;21.7;2.029;-1.000;-1.000;-1.000;-1.000;0.661;1
B31570;2015/02/27 19:24:30;1;95;30.3;22.4;2.332;-1.000;-1.000;-1.000;-1.000;0.664;2
B31570;2015/02/27 19:24:41;2;74;29.3;22.4;2.387;1.441;-1.000;1.774;-1.000;0.635;3
B31570;2015/02/27 19:24:51;3;84;25.1;22.4;2.287;1.441;0.983;1.774;-1.000;0.654;4
B31570;2015/02/27 19:25:01;4;81;26.4;22.4;2.190;1.445;0.983;1.774;0.403;0.658;5
B31570;2015/02/27 19:25:11;5;74;24.8;22.2;2.219;1.445;0.977;1.774;0.403;0.645;6
B31570;2015/02/27 19:25:21;6;76;28.7;22.2;2.270;1.474;0.977;1.651;0.403;0.645;7
B31570;2015/02/27 19:25:31;7;79;27.7;22.0;2.199;1.474;0.970;1.651;0.403;0.638;8
B31570;2015/02/27 19:25:41;8;83;26.1;22.2;2.206;1.483;0.970;1.651;0.377;0.632;9
B31570;2015/02/27 19:25:51;9;83;25.8;22.0;2.267;1.483;0.970;1.651;0.377;0.641;10
B31570;2015/02/27 19:26:01;10;79;25.1;22.5;2.290;1.490;0.970;1.687;0.377;0.651;11
B31570;2015/02/27 19:26:11;11;70;26.1;22.4;2.393;1.490;0.987;1.687;0.377;0.641;12
B31570;2015/02/27 19:26:21;12;83;24.8;22.7;2.387;1.493;0.987;1.687;0.335;0.632;13
B31570;2015/02/27 19:26:31;13;81;26.4;22.0;2.212;1.493;1.012;1.687;0.335;0.629;14
B31570;2015/02/27 19:26:41;14;88;24.5;22.4;2.393;1.493;1.012;1.709;0.335;0.629;15
B31570;2015/02/27 19:26:51;15;73;27.4;22.2;2.377;1.493;0.993;1.709;0.335;0.641;16
B31570;2015/02/27 19:27:01;16;82;25.4;22.0;2.206;1.522;0.993;1.709;0.319;0.645;17
B31570;2015/02/27 19:27:11;17;84;27.4;21.3;2.199;1.522;1.000;1.709;0.319;0.635;18
B31570;2015/02/27 19:27:21;18;80;30.3;21.3;2.232;1.487;1.000;1.735;0.319;0.616;19
B31570;2015/02/27 19:27:31;19;78;25.1;22.0;2.290;1.487;1.009;1.735;0.319;0.654;20
B31570;2015/02/27 19:27:41;20;70;23.8;22.0;2.383;1.509;1.009;1.735;0.361;0.622;21
B31570;2015/02/27 19:27:51;21;83;26.4;22.0;2.377;1.509;1.019;1.735;0.361;0.654;22
B31570;2015/02/27 19:28:01;22;74;29.6;21.8;2.209;1.506;1.019;1.774;0.361;0.616;23
B31570;2015/02/27 19:28:11;23;78;29.3;21.5;2.367;1.506;1.000;1.774;0.361;0.638;24
B31570;2015/02/27 19:28:21;24;83;28.7;21.8;2.251;1.500;1.000;1.774;0.296;0.635;25
B31570;2015/02/27 19:28:31;25;78;24.8;22.2;2.251;1.500;0.967;1.774;0.296;0.629;26
B31570;2015/02/27 19:28:41;26;88;29.0;21.1;2.225;1.519;0.967;1.729;0.296;0.645;27
B31570;2015/02/27 19:28:51;27;85;25.8;21.7;2.335;1.519;0.964;1.729;0.296;0.638;28
B31570;2015/02/27 19:29:01;28;88;28.0;22.0;2.338;1.480;0.964;1.729;0.316;0.670;29
B31570;2015/02/27 19:29:11;29;87;29.3;22.5;2.222;1.480;0.980;1.729;0.316;0.674;30
B31570;2015/02/27 19:29:21;30;75;30.3;22.0;2.241;1.487;0.980;1.716;0.316;0.651;31
B31570;2015/02/27 19:29:31;31;82;28.3;22.2;2.406;1.487;1.016;1.716;0.316;0.680;32
B31570;2015/02/27 19:29:41;32;76;29.0;22.0;2.358;1.490;1.016;1.716;0.316;0.658;33
B31570;2015/02/27 19:29:51;33;78;26.1;21.8;2.332;1.490;0.967;1.716;0.316;0.645;34
B31570;2015/02/27 19:30:01;34;78;26.7;21.8;2.206;1.503;0.967;1.709;0.316;0.661;35
B31570;2015/02/27 19:30:11;35;75;27.4;22.2;2.270;1.503;0.970;1.709;0.316;0.687;36
B31570;2015/02/27 19:30:21;36;83;28.0;22.5;2.235;1.470;0.970;1.709;0.390;0.648;37
B31570;2015/02/27 19:30:31;37;73;26.1;22.5;2.299;1.470;0.967;1.709;0.390;0.664;38
B31570;2015/02/27 19:30:41;38;79;27.4;22.5;2.348;1.474;0.967;1.729;0.390;0.654;39
B31570;2015/02/27 19:30:51;39;83;23.8;22.0;2.258;1.474;1.003;1.729;0.390;0.670;40
B31570;2015/02/27 19:31:01;40;84;24.1;22.4;2.403;1.474;1.003;1.729;0.306;0.661;41
B31570;2015/02/27 19:31:11;41;82;28.3;22.2;2.322;1.474;0.970;1.729;0.306;0.690;42
B31570;2015/02/27 19:31:21;42;73;30.3;22.4;2.309;1.483;0.970;1.706;0.306;0.674;43
B31570;2015/02/27 19:31:31;43;80;26.4;22.4;2.406;1.483;1.019;1.706;0.306;0.690;44
B31570;2015/02/27 19:31:41;44;82;24.5;22.5;2.306;1.483;1.019;1.706;0.287;0.674;45
B31570;2015/02/27 19:31:51;45;73;28.7;22.5;2.212;1.483;0.970;1.706;0.287;0.658;46
B31570;2015/02/27 19:32:01;46;82;26.7;22.2;2.370;1.490;0.970;1.754;0.287;0.658;47
B31570;2015/02/27 19:32:11;47;88;26.7;22.2;2.290;1.490;0.990;1.754;0.287;0.670;48
B31570;2015/02/27 19:32:21;48;76;28.3;21.8;2.390;1.480;0.990;1.754;0.274;0.648;49
B31570;2015/02/27 19:32:31;49;75;28.3;21.5;2.212;1.480;0.967;1.754;0.274;0.680;50
B31570;2015/02/27 19:32:41;50;79;26.7;22.0;2.393;1.458;0.967;1.751;0.274;0.670;51
B31570;2015/02/27 19:32:51;51;79;30.0;21.8;2.229;1.458;1.019;1.751;0.274;0.664;52
B31570;2015/02/27 19:33:01;52;83;28.0;22.4;2.396;1.490;1.019;1.751;0.309;0.635;53
B31570;2015/02/27 19:33:11;53;81;24.5;22.4;2.277;1.490;1.016;1.751;0.309;0.670;54
B31570;2015/02/27 19:33:21;54;81;26.1;22.0;2.399;1.467;1.016;1.783;0.309;0.658;55
B31570;2015/02/27 19:33:31;55;78;24.1;21.7;2.222;1.467;0.974;1.783;0.309;0.629;56
B31570;2015/02/27 19:33:41;56;78;25.8;22.5;2.309;1.454;0.974;1.783;0.303;0.654;57
B31570;2015/02/27 19:33:51;57;79;24.5;22.4;2.370;1.454;1.012;1.783;0.303;0.645;58
B31570;2015/02/27 19:34:01;58;83;24.5;22.4;2.387;1.454;1.012;1.777;0.303;0.645;59
B31570;2015/02/27 19:34:11;59;85;27.4;22.0;2.390;1.454;0.993;1.777;0.303;0.619;60
B31570;2015/02/27 19:34:21;60;77;26.4;21.3;2.409;1.477;0.993;1.777;0.290;0.619;61
B31570;2015/02/27 19:34:31;61;83;26.4;22.0;2.358;1.477;0.974;1.777;0.290;0.622;62
B31570;2015/02/27 19:34:41;62;85;26.1;22.2;2.403;1.467;0.974;1.709;0.290;0.632;63
B31570;2015/02/27 19:34:51;63;83;28.0;22.2;2.258;1.467;0.980;1.709;0.290;0.612;64
B31570;2015/02/27 19:35:01;64;72;30.0;22.0;2.219;1.480;0.980;1.709;0.277;0.629;65
B31570;2015/02/27 19:35:11;65;73;27.7;22.4;2.377;1.480;1.019;1.709;0.277;0.632;66
B31570;2015/02/27 19:35:21;66;78;30.0;22.2;2.380;1.454;1.019;1.696;0.277;0.638;67
B31570;2015/02/27 19:35:31;67;76;27.7;21.8;2.229;1.454;1.006;1.696;0.277;0.654;68
B31570;2015/02/27 19:35:41;68;79;30.3;21.8;2.387;1.435;1.006;1.696;0.290;0.654;69
B31570;2015/02/27 19:35:51;69;88;25.1;22.4;2.270;1.435;1.016;1.696;0.290;0.661;70
B31570;2015/02/27 19:36:01;70;82;26.7;22.0;2.390;1.464;1.016;1.706;0.290;0.641;71
B31570;2015/02/27 19:36:11;0;1;27.0;21.8;2.003;-1.000;-1.000;-1.000;-1.000;0.622;1
B31570;2015/02/27 19:36:30;1;92;27.4;22.5;2.361;-1.000;-1.000;-1.000;-1.000;0.622;2
B31570;2015/02/27 19:36:41;2;77;27.0;21.5;2.254;1.329;-1.000;1.709;-1.000;0.629;3
B31570;2015/02/27 19:36:51;3;77;28.7;21.8;2.403;1.329;1.045;1.709;-1.000;0.661;4
B31570;2015/02/27 19:37:01;4;69;28.0;21.5;2.303;1.316;1.045;1.709;0.354;0.629;5
B31570;2015/02/27 19:37:11;5;86;26.7;22.2;2.399;1.316;0.990;1.709;0.354;0.667;6
B31570;2015/02/27 19:37:21;6;83;25.1;21.5;2.229;1.403;0.990;1.567;0.354;0.658;7
B31570;2015/02/27 19:37:31;7;88;30.3;21.5;2.245;1.403;1.029;1.567;0.354;0.680;8
B31570;2015/02/27 19:37:41;8;74;28.0;21.8;2.219;1.390;1.029;1.567;0.319;0.641;9
B31570;2015/02/27 19:37:51;9;76;24.8;22.4;2.412;1.390;0.993;1.567;0.319;0.670;10
B31570;2015/02/27 19:38:01;10;74;25.1;22.0;2.232;1.403;0.993;1.645;0.319;0.670;11
B31570;2015/02/27 19:38:11;11;65;25.1;22.2;2.267;1.403;0.977;1.645;0.319;0.635;12
B31570;2015/02/27 19:38:21;12;71;25.8;21.8;2.238;1.396;0.977;1.645;0.303;0.635;13
B31570;2015/02/27 19:38:31;13;88;27.4;21.3;2.419;1.396;1.012;1.645;0.303;0.632;14
B31570;2015/02/27 19:38:41;14;75;30.0;22.4;2.322;1.409;1.012;1.661;0.303;0.658;15
B31570;2015/02/27 19:38:51;15;78;25.1;22.0;2.338;1.409;0.974;1.661;0.303;0.635;16
B31570;2015/02/27 19:39:01;16;78;27.0;21.5;2.367;1.445;0.974;1.661;0.338;0.629;17
B31570;2015/02/27 19:39:11;17;86;28.7;22.2;2.387;1.445;0.993;1.661;0.338;0.651;18
B31570;2015/02/27 19:39:21;18;78;30.3;22.0;2.332;1.412;0.993;1.703;0.338;0.629;19
B31570;2015/02/27 19:39:31;19;68;29.6;21.8;2.412;1.412;1.012;1.703;0.338;0.654;20
B31570;2015/02/27 19:39:41;20;85;27.4;21.8;2.251;1.412;1.012;1.703;0.270;0.629;21
B31570;2015/02/27 19:39:51;21;80;30.6;21.3;2.419;1.412;0.993;1.703;0.270;0.638;22
B31570;2015/02/27 19:40:01;22;80;25.1;22.7;2.254;1.448;0.993;1.748;0.270;0.638;23
B31570;2015/02/27 19:40:11;23;76;28.3;22.2;2.422;1.448;0.980;1.748;0.270;0.625;24
B31570;2015/02/27 19:40:21;24;78;25.8;21.8;2.238;1.432;0.980;1.748;0.280;0.629;25
B31570;2015/02/27 19:40:31;25;71;24.8;22.0;2.399;1.432;0.983;1.748;0.280;0.629;26
B31570;2015/02/27 19:40:41;26;74;29.0;22.0;2.358;1.419;0.983;1.706;0.280;0.651;27
B31570;2015/02/27 19:40:51;27;83;31.2;21.5;2.225;1.419;1.029;1.706;0.280;0.670;28
B31570;2015/02/27 19:41:01;28;86;26.7;21.5;2.245;1.403;1.029;1.706;0.332;0.664;29
B31570;2015/02/27 19:41:11;29;78;26.1;22.0;2.383;1.403;0.987;1.706;0.332;0.670;30
B31570;2015/02/27 19:41:21;30;76;29.3;21.7;2.393;1.403;0.987;1.658;0.332;0.635;31
B31570;2015/02/27 19:41:31;31;75;27.4;21.5;2.232;1.403;0.990;1.658;0.332;0.641;32
B31570;2015/02/27 19:41:41;32;78;28.7;21.3;2.306;1.422;0.990;1.658;0.319;0.651;33
B31570;2015/02/27 19:41:51;33;87;30.0;21.1;2.248;1.422;1.022;1.658;0.319;0.667;34
B31570;2015/02/27 19:42:01;34;83;28.0;22.0;2.267;1.390;1.022;1.680;0.319;0.629;35
B31570;2015/02/27 19:42:11;35;67;24.8;21.7;2.270;1.390;1.022;1.680;0.319;0.641;36
B31570;2015/02/27 19:42:21;36;81;25.8;20.8;2.251;1.425;1.022;1.680;0.248;0.641;37
B31570;2015/02/27 19:42:31;37;82;26.4;21.8;2.399;1.425;0.974;1.680;0.248;0.629;38
B31570;2015/02/27 19:42:41;38;82;27.4;21.1;2.229;1.399;0.974;1.719;0.248;0.632;39
B31570;2015/02/27 19:42:51;39;67;28.7;21.0;2.238;1.399;0.974;1.719;0.248;0.670;40
B31570;2015/02/27 19:43:01;40;81;26.4;21.5;2.270;1.383;0.974;1.719;0.258;0.677;41
B31570;2015/02/27 19:43:11;41;80;25.1;21.3;2.274;1.383;1.012;1.719;0.258;0.645;42
B31570;2015/02/27 19:43:21;42;78;25.1;22.5;2.245;1.396;1.012;1.645;0.258;0.648;43
B31570;2015/02/27 19:43:31;43;76;30.6;21.1;2.264;1.396;1.029;1.645;0.258;0.696;44
B31570;2015/02/27 19:43:41;44;78;25.8;22.0;2.238;1.383;1.029;1.645;0.254;0.690;45
B31570;2015/02/27 19:43:51;45;81;31.2;21.1;2.238;1.383;0.993;1.645;0.254;0.690;46
B31570;2015/02/27 19:44:01;46;83;26.7;22.0;2.416;1.380;0.993;1.687;0.254;0.683;47
B31570;2015/02/27 19:44:11;47;79;27.4;22.2;2.274;1.380;0.993;1.687;0.254;0.667;48
B31570;2015/02/27 19:44:21;48;85;25.8;22.4;2.232;1.419;0.993;1.687;0.267;0.661;49
B31570;2015/02/27 19:44:31;49;83;25.4;21.7;2.293;1.419;1.029;1.687;0.267;0.680;50
B31570;2015/02/27 19:44:41;50;79;27.0;21.5;2.264;1.380;1.029;1.687;0.267;0.677;51
B31570;2015/02/27 19:44:51;51;82;25.1;22.4;2.387;1.380;1.012;1.687;0.267;0.674;52
B31570;2015/02/27 19:45:01;52;87;27.4;22.4;2.425;1.393;1.012;1.687;0.245;0.651;53
B31570;2015/02/27 19:45:11;53;78;26.1;21.8;2.412;1.393;1.016;1.687;0.245;0.651;54
B31570;2015/02/27 19:45:21;54;83;24.8;22.2;2.238;1.383;1.016;1.719;0.245;0.664;55
B31570;2015/02/27 19:45:31;55;73;28.3;21.8;2.396;1.383;0.993;1.719;0.245;0.632;56
B31570;2015/02/27 19:45:41;56;83;24.8;21.3;2.425;1.377;0.993;1.719;0.245;0.638;57
B31570;2015/02/27 19:45:51;57;74;29.3;21.5;2.351;1.377;1.019;1.719;0.245;0.641;58
B31570;2015/02/27 19:46:01;58;83;31.2;22.2;2.383;1.396;1.019;1.709;0.245;0.622;59
B31570;2015/02/27 19:46:11;59;77;23.8;21.5;2.254;1.396;0.990;1.709;0.245;0.625;60
B31570;2015/02/27 19:46:21;60;79;25.8;21.1;2.264;1.403;0.990;1.709;0.245;0.619;61
B31570;2015/02/27 19:46:31;61;71;24.1;21.7;2.364;1.403;0.983;1.709;0.245;0.632;62
B31570;2015/02/27 19:46:41;62;79;25.1;22.2;2.238;1.403;0.983;1.699;0.245;0.638;63
B31570;2015/02/27 19:46:51;63;80;27.7;21.0;2.438;1.403;0.977;1.699;0.245;0.629;64
B31570;2015/02/27 19:47:01;64;87;30.3;21.5;2.435;1.377;0.977;1.699;0.235;0.606;65
B31570;2015/02/27 19:47:11;65;73;26.4;21.7;2.338;1.377;1.003;1.699;0.235;0.638;66
B31570;2015/02/27 19:47:21;66;81;26.7;22.0;2.435;1.399;1.003;1.687;0.235;0.619;67
B31570;2015/02/27 19:47:31;67;88;24.5;22.4;2.435;1.399;0.987;1.687;0.235;0.603;68
B31570;2015/02/27 19:47:41;68;73;28.0;22.4;2.277;1.387;0.987;1.687;0.245;0.638;69
B31570;2015/02/27 19:47:51;69;78;27.7;22.4;2.432;1.387;1.000;1.687;0.245;0.625;70
B31570;2015/02/27 19:48:01;70;73;25.8;22.9;2.245;1.383;1.000;1.699;0.245;0.632;71
B31570;2015/02/27 19:48:12;0;1;27.7;21.8;2.058;-1.000;-1.000;-1.000;-1.000;0.587;1
B31570;2015/02/27 19:48:31;1;98;28.3;22.0;2.387;-1.000;-1.000;-1.000;-1.000;0.583;2
B31570;2015/02/27 19:48:41;2;79;23.5;21.5;2.248;1.238;-1.000;1.693;-1.000;0.590;3
B31570;2015/02/27 19:48:51;3;72;28.0;21.1;2.229;1.238;1.051;1.693;-1.000;0.593;4
B31570;2015/02/27 19:49:01;4;90;28.7;21.8;2.345;1.287;1.051;1.693;0.416;0.596;5
B31570;2015/02/27 19:49:11;5;75;28.7;22.4;2.238;1.287;0.996;1.693;0.416;0.596;6
B31570;2015/02/27 19:49:21;6;87;30.6;22.0;2.335;1.293;0.996;1.532;0.416;0.606;7
B31570;2015/02/27 19:49:31;7;88;23.8;22.0;2.283;1.293;1.035;1.532;0.416;0.606;8
B31570;2015/02/27 19:49:41;8;81;27.0;21.1;2.367;1.332;1.035;1.532;0.293;0.629;9
B31570;2015/02/27 19:49:51;9;79;24.1;22.2;2.325;1.332;1.038;1.532;0.293;0.625;10
B31570;2015/02/27 19:50:01;10;81;24.5;22.5;2.267;1.354;1.038;1.583;0.293;0.632;11
B31570;2015/02/27 19:50:11;11;88;26.7;21.5;2.254;1.354;0.983;1.583;0.293;0.616;12
B31570;2015/02/27 19:50:21;12;80;29.0;22.0;2.406;1.370;0.983;1.583;0.258;0.632;13
B31570;2015/02/27 19:50:31;13;78;27.7;22.2;2.332;1.370;0.990;1.583;0.258;0.619;14
B31570;2015/02/27 19:50:41;14;74;28.0;22.4;2.416;1.364;0.990;1.648;0.258;0.632;15
B31570;2015/02/27 19:50:51;15;80;29.0;22.0;2.316;1.364;1.029;1.648;0.258;0.606;16
B31570;2015/02/27 19:51:01;16;81;27.7;21.1;2.287;1.364;1.029;1.648;0.251;0.622;17
B31570;2015/02/27 19:51:11;17;78;28.3;21.8;2.406;1.364;1.000;1.648;0.251;0.609;18
B31570;2015/02/27 19:51:21;18;81;27.4;22.2;2.429;1.377;1.000;1.638;0.251;0.609;19
B31570;2015/02/27 19:51:31;19;77;29.3;21.7;2.432;1.377;0.993;1.638;0.251;0.648;20
B31570;2015/02/27 19:51:41;20;88;27.4;22.0;2.416;1.348;0.993;1.638;0.312;0.648;21
B31570;2015/02/27 19:51:51;21;78;30.6;21.5;2.258;1.348;0.987;1.638;0.312;0.648;22
B31570;2015/02/27 19:52:01;22;75;28.0;22.4;2.419;1.351;0.987;1.664;0.312;0.648;23
B31570;2015/02/27 19:52:11;23;78;29.3;21.5;2.254;1.351;0.983;1.664;0.312;0.616;24
B31570;2015/02/27 19:52:21;24;78;24.1;22.4;2.306;1.345;0.983;1.664;0.251;0.635;25
B31570;2015/02/27 19:52:31;25;70;29.6;21.5;2.251;1.345;1.000;1.664;0.251;0.632;26
B31570;2015/02/27 19:52:41;26;81;27.0;21.1;2.264;1.345;1.000;1.622;0.251;0.622;27
B31570;2015/02/27 19:52:51;27;81;30.0;21.7;2.432;1.345;1.000;1.622;0.251;0.654;28
B31570;2015/02/27 19:53:01;28;89;24.5;22.0;2.235;1.338;1.000;1.622;0.251;0.645;29
B31570;2015/02/27 19:53:11;29;78;27.7;22.5;2.435;1.338;1.035;1.622;0.251;0.622;30
B31570;2015/02/27 19:53:21;30;78;26.7;22.5;2.429;1.377;1.035;1.661;0.251;0.619;31
B31570;2015/02/27 19:53:31;31;81;28.0;22.0;2.312;1.377;1.006;1.661;0.251;0.638;32
B31570;2015/02/27 19:53:41;32;77;25.1;22.7;2.325;1.370;1.006;1.661;0.277;0.638;33
B31570;2015/02/27 19:53:51;33;83;24.8;22.5;2.432;1.370;1.038;1.661;0.277;0.625;34
B31570;2015/02/27 19:54:01;34;88;25.8;22.5;2.238;1.393;1.038;1.609;0.277;0.609;35
B31570;2015/02/27 19:54:11;35;83;26.4;22.0;2.335;1.393;0.993;1.609;0.277;0.612;36
B31570;2015/02/27 19:54:21;36;88;25.1;23.1;2.429;1.390;0.993;1.609;0.280;0.596;37
B31570;2015/02/27 19:54:31;37;71;27.7;22.7;2.254;1.390;1.006;1.609;0.280;0.596;38
B31570;2015/02/27 19:54:41;38;83;25.8;22.2;2.245;1.383;1.006;1.587;0.280;0.599;39
B31570;2015/02/27 19:54:51;39;82;30.6;21.7;2.403;1.383;1.012;1.587;0.280;0.619;40
B31570;2015/02/27 19:55:01;40;77;27.7;22.2;2.367;1.354;1.012;1.587;0.241;0.638;41
B31570;2015/02/27 19:55:11;41;69;28.0;21.7;2.441;1.354;0.987;1.587;0.241;0.609;42
B31570;2015/02/27 19:55:21;42;89;28.0;22.0;2.419;1.345;0.987;1.619;0.241;0.648;43
B31570;2015/02/27 19:55:31;43;88;26.4;21.5;2.370;1.345;0.983;1.619;0.241;0.625;44
B31570;2015/02/27 19:55:41;44;78;25.1;22.4;2.280;1.351;0.983;1.619;0.232;0.619;45
B31570;2015/02/27 19:55:51;45;83;27.0;22.2;2.435;1.351;1.000;1.619;0.232;0.609;46
B31570;2015/02/27 19:56:01;46;84;26.7;22.4;2.435;1.364;1.000;1.635;0.232;0.641;47
B31570;2015/02/27 19:56:11;47;66;25.8;22.0;2.280;1.364;0.983;1.635;0.232;0.629;48
B31570;2015/02/27 19:56:21;48;78;28.7;22.0;2.422;1.364;0.983;1.635;0.238;0.638;49
B31570;2015/02/27 19:56:31;49;86;30.6;21.3;2.254;1.364;0.983;1.635;0.238;0.641;50
B31570;2015/02/27 19:56:41;50;90;25.1;22.4;2.287;1.338;0.983;1.638;0.238;0.629;51
B31570;2015/02/27 19:56:51;51;78;25.4;22.0;2.383;1.338;1.025;1.638;0.238;0.603;52
B31570;2015/02/27 19:57:01;52;82;27.4;21.5;2.283;1.374;1.025;1.638;0.293;0.632;53
B31570;2015/02/27 19:57:11;53;71;30.9;21.3;2.409;1.374;1.000;1.638;0.293;0.603;54
B31570;2015/02/27 19:57:21;54;81;27.4;22.0;2.422;1.367;1.000;1.674;0.293;0.603;55
B31570;2015/02/27 19:57:31;55;81;29.3;22.5;2.264;1.367;0.977;1.674;0.293;0.599;56
B31570;2015/02/27 19:57:41;56;88;26.4;21.7;2.432;1.374;0.977;1.674;0.229;0.596;57
B31570;2015/02/27 19:57:51;57;86;28.0;21.1;2.309;1.374;1.016;1.674;0.229;0.606;58
B31570;2015/02/27 19:58:01;58;69;26.1;22.0;2.441;1.345;1.016;1.664;0.229;0.612;59
B31570;2015/02/27 19:58:11;59;80;26.4;22.0;2.277;1.345;0.977;1.664;0.229;0.612;60
B31570;2015/02/27 19:58:21;60;73;30.0;21.8;2.425;1.354;0.977;1.664;0.258;0.616;61
B31570;2015/02/27 19:58:31;61;78;27.7;21.1;2.299;1.354;1.029;1.664;0.258;0.606;62
B31570;2015/02/27 19:58:41;62;87;28.0;21.7;2.429;1.332;1.029;1.674;0.258;0.629;63
B31570;2015/02/27 19:58:51;63;78;30.9;20.8;2.258;1.332;1.000;1.674;0.258;0.619;64
B31570;2015/02/27 19:59:01;64;88;30.0;22.4;2.387;1.341;1.000;1.674;0.280;0.606;65
B31570;2015/02/27 19:59:11;65;75;28.7;22.2;2.445;1.341;1.029;1.674;0.280;0.612;66
B31570;2015/02/27 19:59:21;66;78;27.7;21.1;2.399;1.329;1.029;1.680;0.280;0.596;67
B31570;2015/02/27 19:59:31;67;73;24.8;21.8;2.351;1.329;1.029;1.680;0.280;0.606;68
B31570;2015/02/27 19:59:41;68;79;25.8;21.8;2.441;1.358;1.029;1.680;0.258;0.638;69
B31570;2015/02/27 19:59:51;69;84;26.7;22.0;2.270;1.358;1.032;1.680;0.258;0.619;70
B31570;2015/02/27 20:00:01;70;85;27.4;21.5;2.290;1.345;1.032;1.638;0.258;0.632;71
B31570;2015/02/27 20:00:11;71;82;28.3;21.8;2.448;1.345;1.025;1.638;0.258;0.606;72
B31570;2015/02/27 20:00:21;72;83;25.8;22.4;2.448;1.329;1.025;1.638;0.241;0.612;73
B31570;2015/02/27 20:00:31;73;87;26.4;22.0;2.406;1.329;1.035;1.638;0.241;0.619;74
B31570;2015/02/27 20:00:41;74;89;28.7;22.2;2.370;1.348;1.035;1.690;0.241;0.622;75
B31570;2015/02/27 20:00:51;75;82;28.3;22.0;2.370;1.348;1.032;1.690;0.241;0.609;76
B31570;2015/02/27 20:01:01;76;77;28.0;22.4;2.416;1.348;1.032;1.690;0.219;0.619;77
B31570;2015/02/27 20:01:11;77;83;26.7;22.2;2.416;1.348;1.016;1.690;0.219;0.609;78
B31570;2015/02/27 20:01:21;78;75;30.6;21.5;2.393;1.374;1.016;1.687;0.219;0.625;79
B31570;2015/02/27 20:01:31;79;81;25.4;21.8;2.267;1.374;1.035;1.687;0.219;0.616;80
B31570;2015/02/27 20:01:41;80;88;25.1;22.0;2.248;1.364;1.035;1.687;0.238;0.658;81
B31570;2015/02/27 20:01:51;81;76;27.7;21.5;2.267;1.364;0.983;1.687;0.238;0.612;82
B31570;2015/02/27 20:02:01;82;73;25.1;21.7;2.412;1.361;0.983;1.645;0.238;0.609;83
B31570;2015/02/27 20:02:11;83;70;23.8;20.8;2.306;1.361;1.006;1.645;0.238;0.648;84
B31570;2015/02/27 20:02:21;84;82;27.7;21.1;2.290;1.348;1.006;1.645;0.229;0.638;85
B31570;2015/02/27 20:02:31;85;88;30.0;21.5;2.274;1.348;1.035;1.645;0.229;0.606;86
B31570;2015/02/27 20:02:41;86;79;26.7;21.8;2.448;1.338;1.035;1.703;0.229;0.625;87
B31570;2015/02/27 20:02:51;87;81;25.8;22.0;2.296;1.338;0.993;1.703;0.229;0.629;88
B31570;2015/02/27 20:03:01;88;74;28.7;21.8;2.316;1.338;0.993;1.703;0.267;0.603;89
B31570;2015/02/27 20:03:11;89;88;26.4;22.0;2.448;1.338;0.993;1.703;0.267;0.641;90
B31570;2015/02/27 20:03:21;90;72;29.6;22.0;2.370;1.348;0.993;1.690;0.267;0.622;91
B31570;2015/02/27 20:03:31;91;86;27.4;21.7;2.441;1.348;0.983;1.690;0.267;0.609;92
B31570;2015/02/27 20:03:41;92;70;28.0;21.3;2.448;1.358;0.983;1.690;0.222;0.645;93
B31570;2015/02/27 20:03:51;93;75;29.6;21.0;2.258;1.358;1.032;1.690;0.222;0.638;94
B31570;2015/02/27 20:04:01;94;83;30.9;21.1;2.445;1.335;1.032;1.635;0.222;0.651;95
B31570;2015/02/27 20:04:11;95;68;26.4;21.1;2.290;1.335;1.016;1.635;0.222;0.625;96
B31570;2015/02/27 20:04:21;96;83;28.3;21.3;2.358;1.348;1.016;1.635;0.238;0.654;97
B31570;2015/02/27 20:04:31;97;70;29.3;20.8;2.303;1.348;0.983;1.635;0.238;0.654;98
B31570;2015/02/27 20:04:41;98;73;27.7;21.1;2.274;1.348;0.983;1.593;0.238;0.632;99
B31570;2015/02/27 20:04:51;99;82;24.1;22.0;2.416;1.348;0.993;1.593;0.238;0.635;100
B31570;2015/02/27 20:05:01;100;78;28.0;21.3;2.409;1.351;0.993;1.593;0.274;0.616;101
B31570;2015/02/27 20:05:11;101;79;28.0;21.3;2.274;1.351;0.993;1.593;0.274;0.619;102
B31570;2015/02/27 20:05:21;102;85;27.4;21.5;2.283;1.332;0.993;1.612;0.274;0.651;103
B31570;2015/02/27 20:05:31;103;80;24.5;21.3;2.261;1.332;0.993;1.612;0.274;0.625;104
B31570;2015/02/27 20:05:41;104;83;25.1;21.8;2.454;1.329;0.993;1.612;0.222;0.641;105
B31570;2015/02/27 20:05:51;105;78;23.8;21.0;2.458;1.329;0.980;1.612;0.222;0.635;106
B31570;2015/02/27 20:06:01;106;87;26.1;21.5;2.441;1.338;0.980;1.587;0.222;0.645;107
B31570;2015/02/27 20:06:11;107;86;29.0;21.1;2.316;1.338;0.977;1.587;0.222;0.638;108
B31570;2015/02/27 20:06:21;108;77;27.0;21.5;2.261;1.332;0.977;1.587;0.219;0.629;109
B31570;2015/02/27 20:06:31;109;79;28.0;21.5;2.296;1.332;0.980;1.587;0.219;0.658;110
B31570;2015/02/27 20:06:41;110;80;29.3;21.1;2.422;1.306;0.980;1.603;0.219;0.632;111
B31570;2015/02/27 20:06:51;111;77;28.3;21.5;2.338;1.306;0.993;1.603;0.219;0.661;112
B31570;2015/02/27 20:07:01;112;88;30.3;21.5;2.451;1.316;0.993;1.603;0.206;0.622;113
B31570;2015/02/27 20:07:11;113;78;30.0;21.3;2.458;1.316;1.029;1.603;0.206;0.638;114
B31570;2015/02/27 20:07:21;114;73;23.8;22.4;2.264;1.309;1.029;1.596;0.206;0.632;115
B31570;2015/02/27 20:07:31;115;86;24.5;21.7;2.348;1.309;1.032;1.596;0.206;0.609;116
B31570;2015/02/27 20:07:41;116;88;23.8;21.7;2.419;1.329;1.032;1.596;0.216;0.622;117
B31570;2015/02/27 20:07:51;117;78;24.1;21.3;2.293;1.329;1.029;1.596;0.216;0.606;118
B31570;2015/02/27 20:08:01;118;88;27.7;21.0;2.248;1.335;1.029;1.570;0.216;0.629;119
B31570;2015/02/27 20:08:11;119;88;27.0;21.7;2.432;1.335;1.025;1.570;0.216;0.593;120
B31570;2015/02/27 20:08:21;120;86;24.8;21.3;2.454;1.306;1.025;1.570;0.209;0.625;121
B31570;2015/02/27 20:08:31;121;65;26.4;22.0;2.396;1.306;1.016;1.570;0.209;0.593;122
B31570;2015/02/27 20:08:41;122;79;25.4;21.7;2.451;1.351;1.016;1.609;0.209;0.593;123
B31570;2015/02/27 20:08:51;123;83;26.7;21.7;2.322;1.351;0.993;1.609;0.209;0.629;124
B31570;2015/02/27 20:09:01;124;80;30.6;21.5;2.412;1.322;0.993;1.609;0.274;0.596;125
B31570;2015/02/27 20:09:11;125;68;24.8;21.7;2.274;1.322;0.983;1.609;0.274;0.629;126
B31570;2015/02/27 20:09:21;126;90;30.6;21.8;2.270;1.345;0.983;1.574;0.274;0.609;127
B31570;2015/02/27 20:09:31;127;68;24.1;21.7;2.380;1.345;1.003;1.574;0.274;0.583;128
B31570;2015/02/27 20:09:41;128;83;29.6;22.0;2.341;1.338;1.003;1.574;0.206;0.590;129
B31570;2015/02/27 20:09:51;129;84;25.4;21.7;2.299;1.338;0.996;1.574;0.206;0.583;130
B31570;2015/02/27 20:10:01;130;75;23.8;21.7;2.374;1.341;0.996;1.622;0.206;0.590;131
B31570;2015/02/27 20:10:11;131;86;24.8;21.7;2.370;1.341;1.025;1.622;0.206;0.593;132
B31570;2015/02/27 20:10:21;132;76;25.1;21.8;2.270;1.325;1.025;1.622;0.196;0.603;133
B31570;2015/02/27 20:10:31;133;81;24.8;21.5;2.299;1.325;1.019;1.622;0.196;0.580;134
B31570;2015/02/27 20:10:41;134;80;26.1;21.7;2.383;1.312;1.019;1.638;0.196;0.612;135
B31570;2015/02/27 20:10:51;135;78;27.4;21.7;2.445;1.312;0.980;1.638;0.196;0.599;136
B31570;2015/02/27 20:11:01;136;89;25.1;21.7;2.258;1.316;0.980;1.638;0.206;0.596;137
B31570;2015/02/27 20:11:11;137;74;27.7;21.8;2.464;1.316;1.029;1.638;0.206;0.580;138
B31570;2015/02/27 20:11:21;138;88;26.4;21.3;2.274;1.332;1.029;1.648;0.206;0.612;139
B31570;2015/02/27 20:11:31;139;75;30.0;21.1;2.277;1.332;1.000;1.648;0.206;0.593;140
B31570;2015/02/27 20:11:41;140;86;23.8;22.0;2.422;1.332;1.000;1.648;0.206;0.593;141
B31570;2015/02/27 20:11:51;141;78;28.7;21.5;2.458;1.332;1.029;1.648;0.206;0.580;142
B31570;2015/02/27 20:12:01;142;87;30.0;21.7;2.351;1.322;1.029;1.658;0.206;0.590;143
B31570;2015/02/27 20:12:11;143;78;27.4;21.8;2.451;1.322;0.993;1.658;0.206;0.603;144
B31570;2015/02/27 20:12:21;144;80;27.4;21.1;2.293;1.345;0.993;1.658;0.206;0.603;145
B31570;2015/02/27 20:12:31;145;88;27.4;21.1;2.306;1.345;0.990;1.658;0.206;0.590;146
B31570;2015/02/27 20:12:41;146;82;26.7;21.8;2.445;1.332;0.990;1.693;0.206;0.612;147
B31570;2015/02/27 20:12:51;147;84;29.3;21.5;2.264;1.332;1.038;1.693;0.206;0.570;148
B31570;2015/02/27 20:13:01;148;76;24.8;22.2;2.251;1.319;1.038;1.693;0.209;0.570;149
B31570;2015/02/27 20:13:11;149;80;26.4;22.0;2.274;1.319;0.993;1.693;0.209;0.599;150
B31570;2015/02/27 20:13:21;150;78;25.8;22.5;2.332;1.341;0.993;1.703;0.209;0.574;151
B31570;2015/02/27 20:13:31;151;83;27.7;22.5;2.448;1.341;1.000;1.703;0.209;0.603;152
B31570;2015/02/27 20:13:41;152;90;28.0;22.7;2.245;1.361;1.000;1.703;0.219;0.577;153
B31570;2015/02/27 20:13:51;153;80;27.7;22.2;2.438;1.361;1.000;1.703;0.219;0.590;154
B31570;2015/02/27 20:14:01;154;77;27.7;21.8;2.270;1.325;1.000;1.690;0.219;0.590;155
B31570;2015/02/27 20:14:11;155;81;26.4;22.2;2.280;1.325;1.041;1.690;0.219;0.580;156
B31570;2015/02/27 20:14:21;156;72;25.8;22.2;2.451;1.325;1.041;1.690;0.206;0.590;157
B31570;2015/02/27 20:14:31;157;86;26.4;22.0;2.270;1.325;1.051;1.690;0.206;0.599;158
B31570;2015/02/27 20:14:41;158;81;26.1;21.8;2.264;1.364;1.051;1.709;0.206;0.587;159
B31570;2015/02/27 20:14:51;159;83;24.8;22.0;2.361;1.364;1.022;1.709;0.206;0.587;160
B31570;2015/02/27 20:15:01;160;86;28.0;22.4;2.429;1.354;1.022;1.709;0.209;0.593;161
B31570;2015/02/27 20:15:11;161;78;24.5;22.5;2.303;1.354;1.032;1.709;0.209;0.580;162
B31570;2015/02/27 20:15:21;162;77;25.1;22.5;2.254;1.335;1.032;1.687;0.209;0.599;163
B31570;2015/02/27 20:15:31;163;71;30.0;22.2;2.264;1.335;1.025;1.687;0.209;0.580;164
B31570;2015/02/27 20:15:41;164;83;26.4;21.8;2.438;1.367;1.025;1.687;0.216;0.577;165
B31570;2015/02/27 20:15:51;165;76;27.4;22.7;2.277;1.367;1.003;1.687;0.216;0.577;166
B31570;2015/02/27 20:16:01;166;72;29.3;22.4;2.403;1.329;1.003;1.699;0.216;0.612;167
B31570;2015/02/27 20:16:11;167;81;24.5;22.0;2.451;1.329;1.054;1.699;0.216;0.593;168
B31570;2015/02/27 20:16:21;168;76;24.8;22.5;2.270;1.341;1.054;1.699;0.206;0.587;169
B31570;2015/02/27 20:16:31;169;83;27.4;22.2;2.332;1.341;1.016;1.699;0.206;0.577;170
B31570;2015/02/27 20:16:41;170;85;28.7;21.8;2.296;1.329;1.016;1.709;0.206;0.570;171
B31570;2015/02/27 20:16:51;171;80;27.4;22.7;2.429;1.329;1.038;1.709;0.206;0.574;172
B31570;2015/02/27 20:17:01;172;76;28.3;22.4;2.441;1.332;1.038;1.709;0.209;0.580;173
B31570;2015/02/27 20:17:11;173;88;25.1;22.4;2.441;1.332;1.006;1.709;0.209;0.570;174
B31570;2015/02/27 20:17:21;174;90;24.5;22.7;2.270;1.361;1.006;1.674;0.209;0.570;175
B31570;2015/02/27 20:17:31;175;79;28.7;22.0;2.258;1.361;1.045;1.674;0.209;0.570;176
B31570;2015/02/27 20:17:41;176;79;30.6;22.5;2.370;1.367;1.045;1.674;0.216;0.587;177
B31570;2015/02/27 20:17:51;177;71;23.8;22.7;2.422;1.367;1.006;1.674;0.216;0.570;178
B31570;2015/02/27 20:18:01;178;78;28.0;22.4;2.438;1.367;1.006;1.703;0.216;0.587;179
B31570;2015/02/27 20:18:11;179;74;27.4;22.5;2.441;1.367;1.051;1.703;0.216;0.574;180
B31570;2015/02/27 20:18:21;180;78;25.1;23.2;2.258;1.367;1.051;1.703;0.206;0.577;181
B31570;2015/02/27 20:18:31;181;75;29.0;21.8;2.258;1.367;1.054;1.703;0.206;0.587;182
B31570;2015/02/27 20:18:41;182;69;28.7;22.7;2.364;1.332;1.054;1.667;0.206;0.593;183
B31570;2015/02/27 20:18:51;183;81;25.1;22.7;2.441;1.332;1.025;1.667;0.206;0.574;184
B31570;2015/02/27 20:19:01;184;90;25.1;23.1;2.287;1.351;1.025;1.667;0.203;0.590;185
B31570;2015/02/27 20:19:11;185;77;24.5;22.7;2.390;1.351;1.019;1.667;0.203;0.580;186
B31570;2015/02/27 20:19:21;186;83;27.0;22.2;2.267;1.351;1.019;1.658;0.203;0.570;187
B31570;2015/02/27 20:19:31;187;87;26.4;22.7;2.396;1.351;1.029;1.658;0.203;0.567;188
B31570;2015/02/27 20:19:41;188;75;25.8;22.2;2.258;1.351;1.029;1.658;0.206;0.599;189
B31570;2015/02/27 20:19:51;189;77;23.8;22.4;2.429;1.351;1.058;1.658;0.206;0.574;190
B31570;2015/02/27 20:20:01;190;75;25.1;22.0;2.254;1.332;1.058;1.661;0.206;0.583;191
B31570;2015/02/27 20:20:11;191;76;27.4;22.7;2.277;1.332;1.061;1.661;0.206;0.587;192
B31570;2015/02/27 20:20:21;192;78;28.0;22.7;2.390;1.361;1.061;1.661;0.206;0.567;193
B31570;2015/02/27 20:20:31;193;80;28.0;22.7;2.390;1.361;1.012;1.661;0.206;0.570;194
B31570;2015/02/27 20:20:41;194;77;25.8;23.1;2.251;1.367;1.012;1.654;0.206;0.574;195
B31570;2015/02/27 20:20:51;195;75;24.8;22.7;2.367;1.367;1.016;1.654;0.206;0.580;196
B31570;2015/02/27 20:21:01;196;74;25.8;22.2;2.258;1.374;1.016;1.654;0.216;0.570;197
B31570;2015/02/27 20:21:11;197;83;30.9;22.4;2.422;1.374;1.064;1.654;0.216;0.587;198
B31570;2015/02/27 20:21:21;198;75;26.7;23.2;2.441;1.367;1.064;1.719;0.216;0.574;199
B31570;2015/02/27 20:21:31;199;87;28.7;22.5;2.277;1.367;1.009;1.719;0.216;0.574;200
B31570;2015/02/27 20:21:41;200;68;29.3;22.7;2.429;1.341;1.009;1.719;0.261;0.583;201
B31570;2015/02/27 20:21:51;201;80;28.3;22.2;2.251;1.341;1.054;1.719;0.261;0.580;202
B31570;2015/02/27 20:22:01;202;90;24.5;23.1;2.429;1.335;1.054;1.735;0.261;0.587;203
B31570;2015/02/27 20:22:11;203;78;26.4;22.7;2.387;1.335;1.032;1.735;0.261;0.577;204
B31570;2015/02/27 20:22:21;204;79;24.1;22.7;2.416;1.374;1.032;1.735;0.206;0.577;205
B31570;2015/02/27 20:22:31;205;74;24.8;22.4;2.425;1.374;1.061;1.735;0.206;0.583;206
B31570;2015/02/27 20:22:41;206;83;25.4;22.5;2.441;1.361;1.061;1.706;0.206;0.590;207
B31570;2015/02/27 20:22:51;207;72;28.0;22.0;2.293;1.361;1.061;1.706;0.206;0.570;208
B31570;2015/02/27 20:23:01;208;78;26.7;22.4;2.438;1.351;1.061;1.706;0.203;0.577;209
B31570;2015/02/27 20:23:11;209;76;24.5;22.4;2.322;1.351;1.019;1.706;0.203;0.606;210
B31570;2015/02/27 20:23:21;210;88;28.7;22.7;2.383;1.367;1.019;1.709;0.203;0.612;211
B31570;2015/02/27 20:23:31;211;78;26.7;22.5;2.403;1.367;1.012;1.709;0.203;0.609;212
B31570;2015/02/27 20:23:41;212;78;28.7;21.8;2.277;1.338;1.012;1.709;0.199;0.590;213
B31570;2015/02/27 20:23:51;213;76;30.6;22.0;2.258;1.338;1.012;1.709;0.199;0.570;214
B31570;2015/02/27 20:24:01;214;83;25.4;22.4;2.248;1.367;1.012;1.738;0.199;0.583;215
B31570;2015/02/27 20:24:11;215;78;25.1;22.5;2.287;1.367;1.064;1.738;0.199;0.574;216
B31570;2015/02/27 20:24:21;216;87;26.7;22.7;2.438;1.354;1.064;1.738;0.206;0.590;217
B31570;2015/02/27 20:24:31;217;71;29.6;22.5;2.258;1.354;1.012;1.738;0.206;0.596;218
B31570;2015/02/27 20:24:41;218;82;25.8;22.5;2.248;1.364;1.012;1.716;0.206;0.570;219
B31570;2015/02/27 20:24:51;219;81;30.0;22.0;2.319;1.364;1.064;1.716;0.206;0.587;220
B31570;2015/02/27 20:25:01;220;84;28.0;22.4;2.299;1.364;1.064;1.716;0.267;0.564;221
B31570;2015/02/27 20:25:11;221;88;28.7;22.4;2.274;1.364;1.016;1.716;0.267;0.596;222
B31570;2015/02/27 20:25:21;222;73;29.6;22.7;2.370;1.351;1.016;1.748;0.267;0.599;223
B31570;2015/02/27 20:25:31;223;79;26.4;22.9;2.432;1.351;1.019;1.748;0.267;0.596;224
B31570;2015/02/27 20:25:41;224;90;28.3;22.5;2.429;1.348;1.019;1.748;0.206;0.580;225
B31570;2015/02/27 20:25:51;225;88;28.0;22.5;2.280;1.348;1.061;1.748;0.206;0.587;226
B31570;2015/02/27 20:26:01;226;75;29.3;22.9;2.358;1.351;1.061;1.729;0.206;0.583;227
B31570;2015/02/27 20:26:11;227;79;29.6;21.8;2.251;1.351;1.038;1.729;0.206;0.561;228
B31570;2015/02/27 20:26:21;228;70;26.1;22.7;2.261;1.345;1.038;1.729;0.196;0.580;229
B31570;2015/02/27 20:26:31;229;75;26.7;22.5;2.416;1.345;1.051;1.729;0.196;0.577;230
B31570;2015/02/27 20:26:41;230;90;24.8;22.7;2.270;1.351;1.051;1.725;0.196;0.564;231
B31570;2015/02/27 20:26:51;231;86;27.7;22.9;2.254;1.351;1.038;1.725;0.196;0.561;232
B31570;2015/02/27 20:27:01;232;77;30.6;22.9;2.429;1.361;1.038;1.725;0.206;0.599;233
B31570;2015/02/27 20:27:11;233;73;30.6;22.2;2.448;1.361;1.016;1.725;0.206;0.577;234
B31570;2015/02/27 20:27:21;234;74;25.1;22.5;2.309;1.354;1.016;1.722;0.206;0.558;235
B31570;2015/02/27 20:27:31;235;78;29.3;22.2;2.438;1.354;1.016;1.722;0.206;0.590;236
B31570;2015/02/27 20:27:41;236;83;28.0;23.1;2.277;1.341;1.016;1.722;0.251;0.580;237
B31570;2015/02/27 20:27:51;237;77;29.3;22.2;2.258;1.341;1.016;1.722;0.251;0.590;238
B31570;2015/02/27 20:28:01;238;79;24.5;22.7;2.270;1.358;1.016;1.738;0.251;0.558;239
B31570;2015/02/27 20:28:11;239;79;27.0;22.7;2.270;1.358;1.032;1.738;0.251;0.558;240
B31570;2015/02/27 20:28:21;240;68;28.3;22.2;2.251;1.348;1.032;1.738;0.209;0.590;241
B31570;2015/02/27 20:28:31;241;73;30.3;23.1;2.454;1.348;1.038;1.738;0.209;0.570;242
B31570;2015/02/27 20:28:41;242;81;28.7;22.2;2.409;1.354;1.038;1.729;0.209;0.580;243
B31570;2015/02/27 20:28:51;243;88;27.4;23.1;2.412;1.354;1.067;1.729;0.209;0.567;244
B31570;2015/02/27 20:29:01;244;85;25.8;22.5;2.332;1.361;1.067;1.729;0.206;0.564;245
B31570;2015/02/27 20:29:11;245;73;29.6;22.2;2.441;1.361;1.029;1.729;0.206;0.564;246
B31570;2015/02/27 20:29:21;246;85;26.1;23.1;2.451;1.345;1.029;1.706;0.206;0.599;247
B31570;2015/02/27 20:29:31;247;83;27.0;22.4;2.387;1.345;1.051;1.706;0.206;0.599;248
B31570;2015/02/27 20:29:41;248;78;26.7;23.1;2.251;1.335;1.051;1.706;0.203;0.574;249
B31570;2015/02/27 20:29:51;249;81;24.1;22.5;2.416;1.335;1.067;1.706;0.203;0.574;250
B31570;2015/02/27 20:30:01;250;80;27.4;22.7;2.435;1.377;1.067;1.738;0.203;0.558;251
B31570;2015/02/27 20:30:11;251;73;26.4;22.5;2.425;1.377;1.016;1.738;0.203;0.590;252
B31570;2015/02/27 20:30:21;252;74;26.7;22.7;2.435;1.341;1.016;1.738;0.209;0.580;253
B31570;2015/02/27 20:30:31;253;72;29.3;22.2;2.406;1.341;1.067;1.738;0.209;0.587;254
B31570;2015/02/27 20:30:41;254;85;25.1;23.1;2.251;1.332;1.067;1.741;0.209;0.583;255
B31570;2015/02/27 20:30:51;255;86;25.1;22.9;2.380;1.332;1.029;1.741;0.209;0.564;256
B31570;2015/02/27 20:31:01;256;80;26.1;22.7;2.261;1.345;1.029;1.741;0.203;0.593;257
B31570;2015/02/27 20:31:11;257;72;24.8;22.5;2.280;1.345;1.067;1.741;0.203;0.580;258
B31570;2015/02/27 20:31:21;258;90;25.1;23.1;2.270;1.345;1.067;1.741;0.203;0.564;259
B31570;2015/02/27 20:31:31;259;84;28.3;22.5;2.270;1.345;1.035;1.741;0.203;0.574;260
B31570;2015/02/27 20:31:41;260;76;26.7;22.2;2.277;1.332;1.035;1.741;0.261;0.564;261
B31570;2015/02/27 20:31:51;261;69;25.1;22.7;2.438;1.332;1.022;1.741;0.261;0.558;262
B31570;2015/02/27 20:32:01;262;76;26.4;22.4;2.335;1.332;1.022;1.703;0.261;0.580;263
B31570;2015/02/27 20:32:11;263;80;25.4;22.9;2.458;1.332;1.022;1.703;0.261;0.590;264
B31570;2015/02/27 20:32:21;264;78;27.7;22.7;2.448;1.335;1.022;1.703;0.193;0.577;265
B31570;2015/02/27 20:32:31;265;83;29.3;22.2;2.254;1.335;1.045;1.703;0.193;0.577;266
B31570;2015/02/27 20:32:41;266;80;28.3;22.9;2.370;1.335;1.045;1.754;0.193;0.590;267
B31570;2015/02/27 20:32:51;267;77;25.1;22.7;2.390;1.335;1.022;1.754;0.193;0.587;268
B31570;2015/02/27 20:33:01;268;78;25.1;22.7;2.293;1.335;1.022;1.754;0.206;0.564;269
B31570;2015/02/27 20:33:11;269;66;25.8;22.9;2.377;1.335;1.029;1.754;0.206;0.561;270
B31570;2015/02/27 20:33:21;270;86;26.7;23.1;2.416;1.332;1.029;1.699;0.206;0.587;271
B31570;2015/02/27 20:33:31;271;71;24.8;23.1;2.451;1.332;1.070;1.699;0.206;0.564;272
B31570;2015/02/27 20:33:41;272;87;28.0;22.7;2.438;1.338;1.070;1.699;0.203;0.587;273
B31570;2015/02/27 20:33:51;273;68;30.0;22.4;2.306;1.338;1.067;1.699;0.203;0.574;274
B31570;2015/02/27 20:34:01;274;73;27.4;22.7;2.441;1.354;1.067;1.699;0.203;0.554;275
B31570;2015/02/27 20:34:11;275;74;23.8;22.2;2.267;1.354;1.054;1.699;0.203;0.558;276
B31570;2015/02/27 20:34:21;276;78;27.0;22.5;2.377;1.370;1.054;1.699;0.203;0.551;277
B31570;2015/02/27 20:34:31;277;83;24.8;22.7;2.435;1.370;1.058;1.699;0.203;0.574;278
B31570;2015/02/27 20:34:41;278;87;26.7;22.9;2.454;1.374;1.058;1.716;0.203;0.587;279
B31570;2015/02/27 20:34:51;279;79;28.0;22.7;2.341;1.374;1.019;1.716;0.203;0.574;280
B31570;2015/02/27 20:35:01;280;81;29.3;23.2;2.383;1.374;1.019;1.716;0.206;0.564;281
B31570;2015/02/27 20:35:11;281;88;24.5;22.7;2.299;1.374;1.022;1.716;0.206;0.583;282
B31570;2015/02/27 20:35:21;282;78;25.4;22.9;2.264;1.332;1.022;1.751;0.206;0.570;283
B31570;2015/02/27 20:35:31;283;72;27.0;22.9;2.435;1.332;1.019;1.751;0.206;0.583;284
B31570;2015/02/27 20:35:41;284;85;24.5;23.4;2.277;1.335;1.019;1.751;0.196;0.577;285
B31570;2015/02/27 20:35:51;285;74;24.8;22.7;2.319;1.335;1.070;1.751;0.196;0.574;286
B31570;2015/02/27 20:36:01;286;81;30.3;22.7;2.351;1.345;1.070;1.712;0.196;0.567;287
B31570;2015/02/27 20:36:11;287;84;27.7;23.2;2.441;1.345;1.019;1.712;0.196;0.603;288
B31570;2015/02/27 20:36:21;288;88;29.6;22.5;2.454;1.332;1.019;1.712;0.222;0.577;289
B31570;2015/02/27 20:36:31;289;73;26.4;22.7;2.280;1.332;1.074;1.712;0.222;0.590;290
B31570;2015/02/27 20:36:41;290;88;30.6;23.1;2.341;1.335;1.074;1.725;0.222;0.587;291
B31570;2015/02/27 20:36:51;291;88;27.4;22.9;2.267;1.335;1.067;1.725;0.222;0.580;292
B31570;2015/02/27 20:37:01;292;74;28.3;22.5;2.419;1.335;1.067;1.725;0.193;0.587;293
B31570;2015/02/27 20:37:11;293;79;24.8;23.1;2.358;1.335;1.070;1.725;0.193;0.577;294
B31570;2015/02/27 20:37:21;294;76;26.1;22.7;2.445;1.351;1.070;1.738;0.193;0.567;295
B31570;2015/02/27 20:37:31;295;68;23.8;22.9;2.425;1.351;1.032;1.738;0.193;0.558;296
B31570;2015/02/27 20:37:41;296;79;26.1;22.9;2.258;1.332;1.032;1.738;0.193;0.570;297
B31570;2015/02/27 20:37:51;297;67;26.4;22.4;2.274;1.332;1.025;1.738;0.193;0.554;298
B31570;2015/02/27 20:38:01;298;82;27.4;22.2;2.393;1.374;1.025;1.709;0.193;0.570;299
B31570;2015/02/27 20:38:11;299;75;27.0;22.0;2.264;1.374;1.019;1.709;0.193;0.577;300
B31570;2015/02/27 20:38:21;300;68;26.7;23.1;2.261;1.332;1.019;1.709;0.196;0.551;301
B31570;2015/02/27 20:38:31;301;75;30.0;22.7;2.290;1.332;1.074;1.709;0.196;0.551;302
B31570;2015/02/27 20:38:41;302;78;24.5;22.7;2.432;1.332;1.074;1.699;0.196;0.570;303
B31570;2015/02/27 20:38:51;303;81;23.8;22.7;2.319;1.332;1.025;1.699;0.196;0.590;304
B31570;2015/02/27 20:39:01;304;80;27.4;22.2;2.280;1.338;1.025;1.699;0.206;0.551;305
B31570;2015/02/27 20:39:11;305;78;29.3;22.5;2.270;1.338;1.051;1.699;0.206;0.574;306
B31570;2015/02/27 20:39:21;306;73;26.4;22.5;2.358;1.370;1.051;1.725;0.206;0.574;307
B31570;2015/02/27 20:39:31;307;69;30.6;22.7;2.280;1.370;1.038;1.725;0.206;0.580;308
B31570;2015/02/27 20:39:41;308;77;27.7;23.1;2.448;1.345;1.038;1.725;0.206;0.587;309
B31570;2015/02/27 20:39:51;309;83;27.7;23.2;2.454;1.345;1.077;1.725;0.206;0.596;310
B31570;2015/02/27 20:40:01;310;75;26.1;22.9;2.438;1.332;1.077;1.719;0.206;0.567;311
B31570;2015/02/27 20:40:11;311;78;25.4;22.7;2.461;1.332;1.045;1.719;0.206;0.551;312
B31570;2015/02/27 20:40:21;312;83;25.1;22.7;2.258;1.367;1.045;1.719;0.193;0.567;313
B31570;2015/02/27 20:40:31;313;78;28.3;23.1;2.448;1.367;1.025;1.719;0.193;0.567;314
B31570;2015/02/27 20:40:41;314;83;24.8;22.9;2.267;1.345;1.025;1.732;0.193;0.574;315
B31570;2015/02/27 20:40:51;315;77;29.3;22.2;2.458;1.345;1.025;1.732;0.193;0.554;316
B31570;2015/02/27 20:41:01;316;81;25.1;23.1;2.274;1.361;1.025;1.732;0.199;0.551;317
B31570;2015/02/27 20:41:11;317;73;28.0;22.9;2.277;1.361;1.067;1.732;0.199;0.587;318
B31570;2015/02/27 20:41:21;318;86;28.7;23.4;2.367;1.361;1.067;1.735;0.199;0.564;319
B31570;2015/02/27 20:41:31;319;82;30.6;22.7;2.296;1.361;1.022;1.735;0.199;0.551;320
B31570;2015/02/27 20:41:41;320;71;28.0;23.2;2.270;1.338;1.022;1.735;0.203;0.599;321
B31570;2015/02/27 20:41:51;321;74;27.7;22.9;2.441;1.338;1.051;1.735;0.203;0.564;322
B31570;2015/02/27 20:42:01;322;83;25.8;22.5;2.264;1.367;1.051;1.722;0.203;0.564;323
B31570;2015/02/27 20:42:11;323;72;26.4;22.5;2.287;1.367;1.025;1.722;0.203;0.583;324
B31570;2015/02/27 20:42:21;324;68;24.5;23.4;2.438;1.358;1.025;1.722;0.248;0.558;325
B31570;2015/02/27 20:42:31;325;81;28.7;22.9;2.441;1.358;1.035;1.722;0.248;0.558;326
B31570;2015/02/27 20:42:41;326;78;27.0;22.7;2.283;1.358;1.035;1.732;0.248;0.561;327
B31570;2015/02/27 20:42:51;327;78;30.6;23.9;2.458;1.358;1.025;1.732;0.248;0.551;328
B31570;2015/02/27 20:43:01;328;90;28.3;22.7;2.429;1.354;1.025;1.732;0.193;0.551;329
B31570;2015/02/27 20:43:11;329;78;24.1;23.1;2.370;1.354;1.025;1.732;0.193;0.551;330
B31570;2015/02/27 20:43:21;330;75;27.0;22.5;2.390;1.367;1.025;1.751;0.193;0.587;331
B31570;2015/02/27 20:43:31;331;73;25.8;22.7;2.283;1.367;1.077;1.751;0.193;0.574;332
B31570;2015/02/27 20:43:41;332;89;24.5;23.2;2.296;1.332;1.077;1.751;0.225;0.564;333
B31570;2015/02/27 20:43:51;333;73;24.8;22.9;2.287;1.332;1.041;1.751;0.225;0.554;334
B31570;2015/02/27 20:44:01;334;75;28.0;22.9;2.380;1.341;1.041;1.754;0.225;0.587;335
B31570;2015/02/27 20:44:11;335;82;23.8;23.2;2.409;1.341;1.025;1.754;0.225;0.580;336
B31570;2015/02/27 20:44:21;336;88;26.1;23.1;2.454;1.364;1.025;1.754;0.193;0.561;337
B31570;2015/02/27 20:44:31;337;82;26.1;23.1;2.348;1.364;1.077;1.754;0.193;0.590;338
B31570;2015/02/27 20:44:41;338;73;29.0;22.2;2.435;1.348;1.077;1.735;0.193;0.567;339
B31570;2015/02/27 20:44:51;339;78;28.0;23.1;2.338;1.348;1.054;1.735;0.193;0.564;340
B31570;2015/02/27 20:45:01;340;74;24.5;23.1;2.270;1.370;1.054;1.735;0.199;0.567;341
B31570;2015/02/27 20:45:11;341;86;28.0;22.9;2.283;1.370;1.041;1.735;0.199;0.590;342
B31570;2015/02/27 20:45:21;342;74;24.5;23.1;2.461;1.341;1.041;1.741;0.199;0.551;343
B31570;2015/02/27 20:45:31;343;67;30.9;22.5;2.283;1.341;1.022;1.741;0.199;0.583;344
B31570;2015/02/27 20:45:41;344;84;29.6;22.7;2.435;1.329;1.022;1.741;0.196;0.570;345
B31570;2015/02/27 20:45:51;345;76;25.8;22.9;2.351;1.329;1.074;1.741;0.196;0.548;346
B31570;2015/02/27 20:46:01;346;88;28.0;22.9;2.416;1.348;1.074;1.741;0.196;0.551;347
B31570;2015/02/27 20:46:11;347;83;27.4;22.9;2.429;1.348;1.077;1.741;0.196;0.564;348
B31570;2015/02/27 20:46:21;348;84;30.6;22.7;2.451;1.361;1.077;1.741;0.193;0.558;349
B31570;2015/02/27 20:46:31;349;80;28.0;22.7;2.358;1.361;1.029;1.741;0.193;0.548;350
B31570;2015/02/27 20:46:41;350;78;27.4;23.1;2.429;1.348;1.029;1.761;0.193;0.554;351
B31570;2015/02/27 20:46:51;351;88;24.1;22.9;2.306;1.348;1.029;1.761;0.193;0.567;352
B31570;2015/02/27 20:47:01;352;82;26.1;23.1;2.454;1.338;1.029;1.761;0.212;0.551;353
B31570;2015/02/27 20:47:11;353;83;25.8;22.7;2.358;1.338;1.022;1.761;0.212;0.574;354
B31570;2015/02/27 20:47:21;354;83;28.3;22.7;2.283;1.332;1.022;1.764;0.212;0.558;355
B31570;2015/02/27 20:47:31;355;79;28.7;23.2;2.464;1.332;1.035;1.764;0.212;0.558;356
B31570;2015/02/27 20:47:41;356;81;25.1;23.1;2.461;1.361;1.035;1.764;0.193;0.580;357
B31570;2015/02/27 20:47:51;357;71;23.8;22.4;2.293;1.361;1.029;1.764;0.193;0.577;358
B31570;2015/02/27 20:48:01;358;79;26.1;23.1;2.258;1.364;1.029;1.722;0.193;0.599;359
B31570;2015/02/27 20:48:11;359;76;24.1;23.1;2.306;1.364;1.051;1.722;0.193;0.564;360
B31570;2015/02/27 20:48:21;360;75;30.6;22.7;2.341;1.354;1.051;1.722;0.199;0.567;361
B31570;2015/02/27 20:48:31;361;74;27.4;23.2;2.277;1.354;1.032;1.722;0.199;0.564;362
B31570;2015/02/27 20:48:41;362;76;28.7;22.9;2.419;1.361;1.032;1.722;0.199;0.590;363
B31570;2015/02/27 20:48:51;363;71;24.8;23.1;2.358;1.361;1.080;1.722;0.199;0.564;364
B31570;2015/02/27 20:49:01;364;80;27.4;23.4;2.303;1.364;1.080;1.722;0.193;0.577;365
B31570;2015/02/27 20:49:11;365;75;29.3;22.7;2.280;1.364;1.074;1.722;0.193;0.590;366
B31570;2015/02/27 20:49:21;366;68;23.8;23.4;2.454;1.325;1.074;1.641;0.193;0.551;367
B31570;2015/02/27 20:49:31;367;77;23.8;22.7;2.319;1.325;1.025;1.641;0.193;0.548;368
B31570;2015/02/27 20:49:41;368;78;24.5;23.2;2.438;1.341;1.025;1.641;0.193;0.587;369
B31570;2015/02/27 20:49:51;369;82;29.0;22.7;2.270;1.341;1.080;1.641;0.193;0.590;370
B31570;2015/02/27 20:50:01;370;68;26.1;22.9;2.270;1.351;1.080;1.619;0.193;0.567;371
B31570;2015/02/27 20:50:11;371;86;27.4;22.7;2.312;1.351;1.029;1.619;0.193;0.583;372
B31570;2015/02/27 20:50:21;372;73;27.7;22.9;2.290;1.345;1.029;1.619;0.225;0.564;373
B31570;2015/02/27 20:50:31;373;83;27.0;23.7;2.425;1.345;1.067;1.619;0.225;0.596;374
B31570;2015/02/27 20:50:41;374;74;25.1;22.9;2.254;1.332;1.067;1.648;0.225;0.570;375
B31570;2015/02/27 20:50:51;375;73;23.8;22.5;2.306;1.332;1.080;1.648;0.225;0.590;376
B31570;2015/02/27 20:51:01;376;79;25.8;23.4;2.258;1.364;1.080;1.648;0.206;0.580;377
B31570;2015/02/27 20:51:11;377;83;24.1;23.4;2.299;1.364;1.029;1.648;0.206;0.570;378
B31570;2015/02/27 20:51:21;378;86;27.7;23.1;2.270;1.354;1.029;1.603;0.206;0.583;379
B31570;2015/02/27 20:51:31;379;83;27.4;23.1;2.438;1.354;1.029;1.603;0.206;0.570;380
B31570;2015/02/27 20:51:41;380;81;26.7;22.5;2.358;1.341;1.029;1.603;0.254;0.570;381
B31570;2015/02/27 20:51:51;381;76;28.7;23.2;2.251;1.341;1.048;1.603;0.254;0.596;382
B31570;2015/02/27 20:52:01;382;82;26.4;22.5;2.258;1.332;1.048;1.622;0.254;0.577;383
B31570;2015/02/27 20:52:11;383;83;25.4;23.1;2.370;1.332;1.077;1.622;0.254;0.609;384
B31570;2015/02/27 20:52:21;384;80;26.7;22.9;2.341;1.329;1.077;1.622;0.241;0.574;385
B31570;2015/02/27 20:52:31;385;74;27.4;22.7;2.261;1.329;1.032;1.622;0.241;0.609;386
B31570;2015/02/27 20:52:41;386;69;27.0;22.5;2.270;1.329;1.032;1.658;0.241;0.629;387
B31570;2015/02/27 20:52:51;387;76;29.6;23.2;2.451;1.329;1.029;1.658;0.241;0.593;388
B31570;2015/02/27 20:53:01;388;78;29.0;23.6;2.454;1.345;1.029;1.658;0.183;0.590;389
B31570;2015/02/27 20:53:11;389;87;28.7;22.9;2.293;1.345;1.048;1.658;0.183;0.583;390
B31570;2015/02/27 20:53:21;390;79;26.1;22.9;2.325;1.329;1.048;1.638;0.183;0.583;391
B31570;2015/02/27 20:53:31;391;70;29.3;22.5;2.451;1.329;1.035;1.638;0.183;0.596;392
B31570;2015/02/27 20:53:41;392;74;24.5;23.7;2.454;1.364;1.035;1.638;0.193;0.599;393
B31570;2015/02/27 20:53:51;393;72;26.4;23.4;2.390;1.364;1.083;1.638;0.193;0.616;394
B31570;2015/02/27 20:54:01;394;82;27.4;22.9;2.277;1.338;1.083;1.667;0.193;0.587;395
B31570;2015/02/27 20:54:11;395;80;28.0;22.9;2.258;1.338;1.077;1.667;0.193;0.609;396
B31570;2015/02/27 20:54:21;396;78;24.5;23.7;2.290;1.335;1.077;1.667;0.293;0.577;397
B31570;2015/02/27 20:54:31;397;87;24.5;23.2;2.319;1.335;1.051;1.667;0.293;0.603;398
B31570;2015/02/27 20:54:41;398;74;29.3;23.6;2.393;1.361;1.051;1.648;0.293;0.593;399
B31570;2015/02/27 20:54:51;399;75;27.0;22.7;2.270;1.361;1.045;1.648;0.293;0.580;400
B31570;2015/02/27 20:55:01;400;79;26.7;23.4;2.416;1.354;1.045;1.648;0.187;0.580;401
B31570;2015/02/27 20:55:11;401;67;27.4;23.2;2.264;1.354;1.032;1.648;0.187;0.564;402
B31570;2015/02/27 20:55:21;402;89;25.1;23.2;2.451;1.351;1.032;1.677;0.187;0.580;403
B31570;2015/02/27 20:55:31;403;79;23.8;23.4;2.290;1.351;1.083;1.677;0.187;0.590;404
B31570;2015/02/27 20:55:41;404;76;25.1;23.9;2.432;1.335;1.083;1.677;0.216;0.567;405
B31570;2015/02/27 20:55:51;405;81;25.1;23.1;2.441;1.335;1.045;1.677;0.216;0.587;406
B31570;2015/02/27 20:56:01;406;83;27.4;22.9;2.383;1.348;1.045;1.725;0.216;0.583;407
B31570;2015/02/27 20:56:11;407;81;25.8;23.1;2.345;1.348;1.032;1.725;0.216;0.574;408
B31570;2015/02/27 20:56:21;408;77;26.7;23.1;2.419;1.374;1.032;1.725;0.225;0.606;409
B31570;2015/02/27 20:56:31;409;84;26.7;23.1;2.345;1.374;1.035;1.725;0.225;0.580;410
B31570;2015/02/27 20:56:41;410;71;26.1;23.1;2.425;1.332;1.035;1.712;0.225;0.570;411
B31570;2015/02/27 20:56:51;411;68;25.8;23.4;2.280;1.332;1.051;1.712;0.225;0.587;412
B31570;2015/02/27 20:57:01;412;75;27.7;22.9;2.277;1.364;1.051;1.712;0.187;0.606;413
B31570;2015/02/27 20:57:11;413;78;24.5;23.4;2.283;1.364;1.051;1.712;0.187;0.606;414
B31570;2015/02/27 20:57:21;414;83;28.7;23.4;2.325;1.332;1.051;1.729;0.187;0.580;415
B31570;2015/02/27 20:57:31;415;73;28.3;22.7;2.458;1.332;1.083;1.729;0.187;0.590;416
B31570;2015/02/27 20:57:41;416;82;25.1;23.2;2.270;1.364;1.083;1.729;0.254;0.599;417
B31570;2015/02/27 20:57:51;417;83;28.3;23.2;2.270;1.364;1.035;1.729;0.254;0.567;418
B31570;2015/02/27 20:58:01;418;78;24.8;23.4;2.448;1.361;1.035;1.761;0.254;0.593;419
B31570;2015/02/27 20:58:11;419;78;24.8;23.1;2.348;1.361;1.038;1.761;0.254;0.603;420
B31570;2015/02/27 20:58:21;420;86;26.4;23.1;2.264;1.380;1.038;1.761;0.199;0.583;421
B31570;2015/02/27 20:58:31;421;67;25.1;23.2;2.358;1.380;1.038;1.761;0.199;0.577;422
B31570;2015/02/27 20:58:41;422;80;24.5;23.4;2.293;1.354;1.038;1.741;0.199;0.570;423
B31570;2015/02/27 20:58:51;423;83;25.1;23.4;2.380;1.354;1.048;1.741;0.199;0.570;424
B31570;2015/02/27 20:59:01;424;90;27.7;23.4;2.351;1.361;1.048;1.741;0.190;0.580;425
B31570;2015/02/27 20:59:11;425;83;25.1;23.4;2.361;1.361;1.083;1.741;0.190;0.603;426
B31570;2015/02/27 20:59:21;426;88;25.4;23.4;2.267;1.335;1.083;1.767;0.190;0.593;427
B31570;2015/02/27 20:59:31;427;67;25.1;23.4;2.354;1.335;1.083;1.767;0.190;0.561;428
B31570;2015/02/27 20:59:41;428;79;26.1;22.9;2.296;1.341;1.083;1.767;0.212;0.583;429
B31570;2015/02/27 20:59:51;429;82;23.8;22.4;2.270;1.341;1.035;1.767;0.212;0.567;430
B31570;2015/02/27 21:00:01;430;78;30.0;23.1;2.277;1.351;1.035;1.767;0.212;0.558;431
B31570;2015/02/27 21:00:11;431;84;24.1;23.4;2.303;1.351;1.087;1.767;0.212;0.567;432
B31570;2015/02/27 21:00:21;432;68;23.8;23.1;2.277;1.338;1.087;1.767;0.196;0.570;433
B31570;2015/02/27 21:00:31;433;75;24.1;23.4;2.303;1.338;1.067;1.767;0.196;0.603;434
B31570;2015/02/27 21:00:41;434;74;28.3;23.4;2.358;1.374;1.067;1.770;0.196;0.570;435
B31570;2015/02/27 21:00:51;435;88;28.3;23.2;2.277;1.374;1.048;1.770;0.196;0.574;436
B31570;2015/02/27 21:01:01;436;78;25.8;23.4;2.461;1.354;1.048;1.770;0.199;0.551;437
B31570;2015/02/27 21:01:11;437;78;23.8;23.2;2.309;1.354;1.035;1.770;0.199;0.554;438
B31570;2015/02/27 21:01:21;438;68;30.6;22.7;2.332;1.341;1.035;1.758;0.199;0.551;439
B31570;2015/02/27 21:01:31;439;75;24.8;23.1;2.448;1.341;1.070;1.758;0.199;0.558;440
B31570;2015/02/27 21:01:41;440;82;26.4;23.6;2.264;1.358;1.070;1.758;0.219;0.558;441
B31570;2015/02/27 21:01:51;441;72;23.5;22.7;2.267;1.358;1.038;1.758;0.219;0.564;442
B31570;2015/02/27 21:02:01;442;72;24.5;23.4;2.277;1.370;1.038;1.758;0.219;0.587;443
B31570;2015/02/27 21:02:11;443;73;25.4;23.1;2.399;1.370;1.045;1.758;0.219;0.567;444
B31570;2015/02/27 21:02:21;444;88;26.7;23.4;2.461;1.374;1.045;1.758;0.190;0.577;445
B31570;2015/02/27 21:02:31;445;80;23.8;22.9;2.316;1.374;1.070;1.758;0.190;0.590;446
B31570;2015/02/27 21:02:41;446;78;24.1;23.4;2.467;1.338;1.070;1.748;0.190;0.551;447
B31570;2015/02/27 21:02:51;447;78;27.0;22.7;2.283;1.338;1.087;1.748;0.190;0.551;448
B31570;2015/02/27 21:03:01;448;74;26.7;22.4;2.374;1.374;1.087;1.748;0.190;0.580;449
B31570;2015/02/27 21:03:11;449;67;28.0;22.7;2.329;1.374;1.087;1.748;0.190;0.551;450
B31570;2015/02/27 21:03:21;450;73;25.8;23.2;2.316;1.361;1.087;1.787;0.190;0.567;451
B31570;2015/02/27 21:03:31;451;83;25.1;22.7;2.348;1.361;1.035;1.787;0.190;0.564;452
B31570;2015/02/27 21:03:41;452;90;28.7;23.2;2.354;1.358;1.035;1.787;0.293;0.577;453
B31570;2015/02/27 21:03:51;453;79;30.6;22.7;2.287;1.358;1.035;1.787;0.293;0.567;454
B31570;2015/02/27 21:04:01;454;68;26.1;23.4;2.448;1.358;1.035;1.783;0.293;0.558;455
B31570;2015/02/27 21:04:11;455;76;24.8;23.4;2.290;1.358;1.035;1.783;0.293;0.548;456
B31570;2015/02/27 21:04:21;456;86;26.4;22.5;2.270;1.345;1.035;1.783;0.190;0.567;457
B31570;2015/02/27 21:04:31;457;75;27.4;23.1;2.451;1.345;1.087;1.783;0.190;0.554;458
B31570;2015/02/27 21:04:41;458;87;23.5;23.6;2.461;1.335;1.087;1.758;0.190;0.558;459
B31570;2015/02/27 21:04:51;459;84;29.0;23.4;2.319;1.335;1.035;1.758;0.190;0.554;460
B31570;2015/02/27 21:05:01;460;71;28.0;22.9;2.399;1.364;1.035;1.758;0.187;0.561;461
B31570;2015/02/27 21:05:11;461;83;26.7;22.2;2.461;1.364;1.080;1.758;0.187;0.558;462
B31570;2015/02/27 21:05:21;462;79;26.7;22.5;2.338;1.364;1.080;1.780;0.187;0.574;463
B31570;2015/02/27 21:05:31;463;70;25.8;23.2;2.283;1.364;1.041;1.780;0.187;0.558;464
B31570;2015/02/27 21:05:41;464;75;26.1;22.5;2.270;1.348;1.041;1.780;0.274;0.561;465
B31570;2015/02/27 21:05:51;465;70;27.7;23.2;2.274;1.348;1.054;1.780;0.274;0.558;466
B31570;2015/02/27 21:06:01;466;78;31.2;22.7;2.325;1.345;1.054;1.803;0.274;0.558;467
B31570;2015/02/27 21:06:11;467;74;24.1;22.7;2.332;1.345;1.083;1.803;0.274;0.564;468
B31570;2015/02/27 21:06:21;468;86;26.7;22.9;2.425;1.361;1.083;1.803;0.180;0.554;469
B31570;2015/02/27 21:06:31;469;75;28.0;22.7;2.364;1.361;1.083;1.803;0.180;0.545;470
B31570;2015/02/27 21:06:41;470;84;25.1;23.1;2.461;1.358;1.083;1.793;0.180;0.577;471
B31570;2015/02/27 21:06:51;471;83;27.4;22.7;2.290;1.358;1.083;1.793;0.180;0.558;472
B31570;2015/02/27 21:07:01;472;87;24.8;23.1;2.445;1.348;1.083;1.793;0.180;0.567;473
B31570;2015/02/27 21:07:11;473;83;28.0;22.7;2.283;1.348;1.038;1.793;0.180;0.567;474
B31570;2015/02/27 21:07:21;474;76;28.3;23.4;2.467;1.335;1.038;1.745;0.180;0.561;475
B31570;2015/02/27 21:07:31;475;83;29.3;23.6;2.464;1.335;1.074;1.745;0.180;0.564;476
B31570;2015/02/27 21:07:41;476;79;28.0;23.4;2.277;1.354;1.074;1.745;0.219;0.564;477
B31570;2015/02/27 21:07:51;477;78;31.2;22.7;2.470;1.354;1.045;1.745;0.219;0.561;478
B31570;2015/02/27 21:08:01;478;77;26.1;23.1;2.445;1.354;1.045;1.748;0.219;0.558;479
B31570;2015/02/27 21:08:11;479;83;27.7;23.1;2.445;1.354;1.090;1.748;0.219;0.545;480
B31570;2015/02/27 21:08:21;480;82;25.1;23.4;2.290;1.374;1.090;1.748;0.190;0.587;481
B31570;2015/02/27 21:08:31;481;86;27.7;23.2;2.422;1.374;1.041;1.748;0.190;0.561;482
B31570;2015/02/27 21:08:41;482;76;28.0;23.4;2.287;1.335;1.041;1.793;0.190;0.558;483
B31570;2015/02/27 21:08:51;483;83;24.8;23.1;2.399;1.335;1.083;1.793;0.190;0.567;484
B31570;2015/02/27 21:09:01;484;84;24.8;23.4;2.451;1.335;1.083;1.793;0.187;0.545;485
B31570;2015/02/27 21:09:11;485;77;29.3;22.7;2.412;1.335;1.041;1.793;0.187;0.554;486
B31570;2015/02/27 21:09:21;486;88;28.7;23.2;2.432;1.345;1.041;1.758;0.187;0.554;487
B31570;2015/02/27 21:09:31;487;74;26.4;23.2;2.345;1.345;1.041;1.758;0.187;0.554;488
B31570;2015/02/27 21:09:41;488;86;27.4;23.2;2.467;1.335;1.041;1.758;0.216;0.545;489
B31570;2015/02/27 21:09:51;489;80;26.4;22.7;2.277;1.335;1.041;1.758;0.216;0.541;490
B31570;2015/02/27 21:10:01;490;69;27.4;23.1;2.377;1.348;1.041;1.748;0.216;0.551;491
B31570;2015/02/27 21:10:11;491;80;30.0;22.9;2.383;1.348;1.087;1.748;0.216;0.590;492
B31570;2015/02/27 21:10:21;492;78;25.4;23.2;2.270;1.332;1.087;1.748;0.212;0.545;493
B31570;2015/02/27 21:10:31;493;78;26.7;23.1;2.429;1.332;1.045;1.748;0.212;0.577;494
B31570;2015/02/27 21:10:41;494;73;27.7;22.9;2.309;1.332;1.045;1.774;0.212;0.548;495
B31570;2015/02/27 21:10:51;495;82;25.4;23.4;2.470;1.332;1.045;1.774;0.212;0.561;496
B31570;2015/02/27 21:11:01;496;69;28.7;22.7;2.293;1.370;1.045;1.774;0.219;0.574;497
B31570;2015/02/27 21:11:11;497;86;24.1;23.4;2.306;1.370;1.090;1.774;0.219;0.548;498
B31570;2015/02/27 21:11:21;498;89;23.8;23.1;2.467;1.374;1.090;1.787;0.219;0.577;499
B31570;2015/02/27 21:11:31;499;77;27.4;23.1;2.429;1.374;1.041;1.787;0.219;0.548;500
B31570;2015/02/27 21:11:41;500;78;29.3;22.9;2.467;1.335;1.041;1.787;0.183;0.545;501
B31570;2015/02/27 21:11:51;501;78;25.8;23.1;2.283;1.335;1.064;1.787;0.183;0.567;502
B31570;2015/02/27 21:12:01;502;73;28.0;23.4;2.441;1.348;1.064;1.758;0.183;0.574;503
B31570;2015/02/27 21:12:11;503;79;30.0;22.2;2.287;1.348;1.038;1.758;0.183;0.554;504
B31570;2015/02/27 21:12:21;504;73;29.0;23.1;2.403;1.354;1.038;1.758;0.183;0.554;505
B31570;2015/02/27 21:12:31;505;64;29.3;22.4;2.306;1.354;1.054;1.758;0.183;0.583;506
B31570;2015/02/27 21:12:41;506;88;23.8;23.1;2.467;1.358;1.054;1.806;0.183;0.558;507
B31570;2015/02/27 21:12:51;507;83;27.4;23.4;2.435;1.358;1.067;1.806;0.183;0.564;508
B31570;2015/02/27 21:13:01;508;78;25.1;23.2;2.270;1.335;1.067;1.806;0.229;0.551;509
B31570;2015/02/27 21:13:11;509;68;29.6;22.9;2.293;1.335;1.041;1.806;0.229;0.541;510
B31570;2015/02/27 21:13:21;510;81;28.7;22.7;2.399;1.354;1.041;1.764;0.229;0.574;511
B31570;2015/02/27 21:13:31;511;82;23.8;23.4;2.332;1.354;1.093;1.764;0.229;0.583;512
B31570;2015/02/27 21:13:41;512;83;28.0;22.9;2.270;1.338;1.093;1.764;0.199;0.545;513
B31570;2015/02/27 21:13:51;513;82;23.8;22.7;2.445;1.338;1.038;1.764;0.199;0.548;514
B31570;2015/02/27 21:14:01;514;83;30.0;23.1;2.274;1.351;1.038;1.793;0.199;0.554;515
B31570;2015/02/27 21:14:11;515;83;23.8;22.9;2.283;1.351;1.048;1.793;0.199;0.574;516
B31570;2015/02/27 21:14:21;516;68;28.7;23.2;2.454;1.335;1.048;1.793;0.187;0.548;517
B31570;2015/02/27 21:14:31;517;73;23.8;23.2;2.293;1.335;1.051;1.793;0.187;0.577;518
B31570;2015/02/27 21:14:41;518;80;24.5;23.4;2.461;1.341;1.051;1.780;0.187;0.561;519
B31570;2015/02/27 21:14:51;519;68;23.2;22.9;2.299;1.341;1.093;1.780;0.187;0.574;520
B31570;2015/02/27 21:15:01;520;78;26.7;23.4;2.445;1.348;1.093;1.780;0.190;0.564;521
B31570;2015/02/27 21:15:11;521;74;23.8;23.2;2.390;1.348;1.045;1.780;0.190;0.554;522
B31570;2015/02/27 21:15:21;522;76;26.7;23.4;2.435;1.341;1.045;1.751;0.190;0.554;523
B31570;2015/02/27 21:15:31;523;78;24.8;23.1;2.354;1.341;1.064;1.751;0.190;0.567;524
B31570;2015/02/27 21:15:41;524;80;25.4;23.4;2.270;1.335;1.064;1.751;0.180;0.554;525
B31570;2015/02/27 21:15:51;525;77;26.4;22.7;2.306;1.335;1.045;1.751;0.180;0.561;526
B31570;2015/02/27 21:16:01;526;76;26.1;22.5;2.267;1.361;1.045;1.793;0.180;0.574;527
B31570;2015/02/27 21:16:11;527;83;28.3;22.5;2.306;1.361;1.041;1.793;0.180;0.567;528
B31570;2015/02/27 21:16:21;528;83;30.6;23.4;2.461;1.351;1.041;1.793;0.177;0.577;529
B31570;2015/02/27 21:16:31;529;72;26.1;23.4;2.390;1.351;1.093;1.793;0.177;0.548;530
B31570;2015/02/27 21:16:41;530;73;23.8;23.4;2.403;1.338;1.093;1.770;0.177;0.551;531
B31570;2015/02/27 21:16:51;531;71;25.1;23.4;2.377;1.338;1.090;1.770;0.177;0.545;532
B31570;2015/02/27 21:17:01;532;77;28.0;23.4;2.377;1.358;1.090;1.770;0.199;0.551;533
B31570;2015/02/27 21:17:11;533;80;24.8;23.4;2.296;1.358;1.090;1.770;0.199;0.545;534
B31570;2015/02/27 21:17:21;534;78;25.8;22.9;2.283;1.338;1.090;1.777;0.199;0.554;535
B31570;2015/02/27 21:17:31;535;78;24.5;23.1;2.438;1.338;1.064;1.777;0.199;0.554;536
B31570;2015/02/27 21:17:41;536;74;28.3;23.6;2.370;1.338;1.064;1.777;0.187;0.545;537
B31570;2015/02/27 21:17:51;537;72;27.4;22.7;2.293;1.338;1.093;1.777;0.187;0.548;538
B31570;2015/02/27 21:18:01;538;82;30.6;23.4;2.374;1.351;1.093;1.787;0.187;0.580;539
B31570;2015/02/27 21:18:11;539;76;30.9;22.9;2.470;1.351;1.093;1.787;0.187;0.577;540
B31570;2015/02/27 21:18:21;540;79;26.7;22.9;2.370;1.338;1.093;1.787;0.219;0.574;541
B31570;2015/02/27 21:18:31;541;78;27.7;23.2;2.451;1.338;1.080;1.787;0.219;0.551;542
B31570;2015/02/27 21:18:41;542;78;27.4;23.1;2.422;1.374;1.080;1.774;0.219;0.551;543
B31570;2015/02/27 21:18:51;543;67;27.0;23.1;2.448;1.374;1.041;1.774;0.219;0.548;544
B31570;2015/02/27 21:19:01;544;74;24.5;23.4;2.474;1.338;1.041;1.774;0.187;0.551;545
B31570;2015/02/27 21:19:11;545;83;26.1;23.2;2.358;1.338;1.045;1.774;0.187;0.587;546
B31570;2015/02/27 21:19:21;546;81;28.7;22.9;2.296;1.338;1.045;1.816;0.187;0.561;547
B31570;2015/02/27 21:19:31;547;85;28.0;22.7;2.406;1.338;1.083;1.816;0.187;0.551;548
B31570;2015/02/27 21:19:41;548;76;28.3;23.6;2.380;1.351;1.083;1.816;0.187;0.574;549
B31570;2015/02/27 21:19:51;549;87;26.1;23.1;2.470;1.351;1.096;1.816;0.187;0.561;550
B31570;2015/02/27 21:20:01;550;89;26.1;23.4;2.432;1.348;1.096;1.812;0.187;0.561;551
B31570;2015/02/27 21:20:11;551;77;24.8;23.1;2.319;1.348;1.048;1.812;0.187;0.545;552
B31570;2015/02/27 21:20:21;552;73;25.1;22.9;2.287;1.361;1.048;1.812;0.183;0.558;553
B31570;2015/02/27 21:20:31;553;82;26.4;22.5;2.283;1.361;1.061;1.812;0.183;0.545;554
B31570;2015/02/27 21:20:41;554;76;29.0;22.7;2.422;1.383;1.061;1.800;0.183;0.574;555
B31570;2015/02/27 21:20:51;555;87;27.7;23.2;2.470;1.383;1.067;1.800;0.183;0.570;556
B31570;2015/02/27 21:21:01;556;78;27.7;23.1;2.348;1.358;1.067;1.800;0.212;0.541;557
B31570;2015/02/27 21:21:11;557;74;25.8;23.1;2.290;1.358;1.048;1.800;0.212;0.538;558
B31570;2015/02/27 21:21:21;558;80;27.0;23.4;2.377;1.358;1.048;1.725;0.212;0.558;559
B31570;2015/02/27 21:21:31;559;78;26.4;23.1;2.416;1.358;1.045;1.725;0.212;0.590;560
B31570;2015/02/27 21:21:41;560;80;28.0;23.1;2.464;1.354;1.045;1.725;0.187;0.554;561
B31570;2015/02/27 21:21:51;561;83;29.3;22.7;2.474;1.354;1.041;1.725;0.187;0.558;562
B31570;2015/02/27 21:22:01;562;79;26.7;22.4;2.290;1.361;1.041;1.699;0.187;0.574;563
B31570;2015/02/27 21:22:11;563;86;24.5;23.4;2.348;1.361;1.061;1.699;0.187;0.567;564
B31570;2015/02/27 21:22:21;564;78;25.1;22.9;2.338;1.358;1.061;1.699;0.177;0.564;565
B31570;2015/02/27 21:22:31;565;76;29.6;22.7;2.445;1.358;1.090;1.699;0.177;0.545;566
B31570;2015/02/27 21:22:41;566;83;24.1;23.4;2.454;1.377;1.090;1.641;0.177;0.545;567
B31570;2015/02/27 21:22:51;567;76;24.1;23.7;2.319;1.377;1.064;1.641;0.177;0.545;568
B31570;2015/02/27 21:23:01;568;73;29.0;23.7;2.448;1.345;1.064;1.641;0.180;0.567;569
B31570;2015/02/27 21:23:11;569;70;26.4;22.9;2.367;1.345;1.093;1.641;0.180;0.541;570
B31570;2015/02/27 21:23:21;570;88;25.8;23.2;2.277;1.338;1.093;1.606;0.180;0.548;571
B31570;2015/02/27 21:23:31;571;73;25.1;23.7;2.467;1.338;1.093;1.606;0.180;0.545;572
B31570;2015/02/27 21:23:41;572;85;23.2;23.7;2.270;1.325;1.093;1.606;0.148;0.551;573
B31570;2015/02/27 21:23:51;573;68;22.5;23.4;2.287;1.325;1.038;1.606;0.148;0.554;574
B31570;2015/02/27 21:24:01;574;73;24.5;23.7;2.264;1.335;1.038;1.477;0.148;0.558;575
B31570;2015/02/27 21:24:11;575;70;25.1;23.2;2.290;1.335;1.035;1.477;0.148;0.541;576
B31570;2015/02/27 21:24:21;576;90;28.0;23.6;2.396;1.316;1.035;1.477;0.103;0.541;577
B31570;2015/02/27 21:24:31;577;72;23.2;23.4;2.293;1.316;1.058;1.477;0.103;0.567;578
B31570;2015/02/27 21:24:41;578;80;26.4;23.6;2.364;1.312;1.058;1.338;0.103;0.532;579
B31570;2015/02/27 21:24:51;579;70;22.5;23.6;2.409;1.312;1.035;1.338;0.103;0.525;580
B31570;2015/02/27 21:25:01;580;81;25.8;23.2;2.367;1.332;1.035;1.338;0.106;0.548;581
B31570;2015/02/27 21:25:11;581;76;24.5;23.9;2.274;1.332;1.087;1.338;0.106;0.519;582
B31570;2015/02/27 21:25:21;582;83;28.7;23.2;2.293;1.325;1.087;1.387;0.106;0.554;583
B31570;2015/02/27 21:25:31;583;81;27.0;23.9;2.383;1.325;1.035;1.387;0.106;0.529;584
B31570;2015/02/27 21:25:41;584;78;27.4;23.6;2.283;1.312;1.035;1.387;0.135;0.541;585
B31570;2015/02/27 21:25:51;585;79;24.1;24.1;2.454;1.312;1.045;1.387;0.135;0.529;586
B31570;2015/02/27 21:26:01;586;69;23.2;24.1;2.461;1.287;1.045;1.383;0.135;0.519;587
B31570;2015/02/27 21:26:11;587;78;23.8;23.4;2.341;1.287;1.038;1.383;0.135;0.558;588
B31570;2015/02/27 21:26:21;588;76;23.8;24.1;2.267;1.306;1.038;1.383;0.103;0.529;589
B31570;2015/02/27 21:26:31;589;77;25.1;24.1;2.458;1.306;1.038;1.383;0.103;0.564;590
B31570;2015/02/27 21:26:41;590;78;22.5;24.4;2.419;1.293;1.038;1.332;0.103;0.522;591
B31570;2015/02/27 21:26:51;591;70;22.9;24.4;2.341;1.293;1.087;1.332;0.103;0.545;592
B31570;2015/02/27 21:27:01;592;71;23.8;24.1;2.399;1.325;1.087;1.332;0.103;0.554;593
B31570;2015/02/27 21:27:11;593;77;28.7;23.7;2.283;1.325;1.087;1.332;0.103;0.519;594
B31570;2015/02/27 21:27:21;594;78;27.4;24.1;2.390;1.287;1.087;1.370;0.103;0.529;595
B31570;2015/02/27 21:27:31;595;76;27.4;23.2;2.432;1.287;1.077;1.370;0.103;0.529;596
B31570;2015/02/27 21:27:41;596;82;24.1;24.6;2.258;1.303;1.077;1.370;0.158;0.529;597
B31570;2015/02/27 21:27:51;597;86;23.2;23.9;2.454;1.303;1.038;1.370;0.158;0.519;598
B31570;2015/02/27 21:28:01;598;68;27.4;24.1;2.464;1.293;1.038;1.390;0.158;0.519;599
B31570;2015/02/27 21:28:11;599;77;28.0;23.9;2.441;1.293;1.035;1.390;0.158;0.519;600
B31570;2015/02/27 21:28:21;600;78;27.0;23.7;2.429;1.290;1.035;1.390;0.103;0.551;601
B31570;2015/02/27 21:28:31;601;70;25.4;23.2;2.270;1.290;1.077;1.390;0.103;0.541;602
B31570;2015/02/27 21:28:41;602;85;24.8;23.6;2.270;1.325;1.077;1.380;0.103;0.519;603
B31570;2015/02/27 21:28:51;603;75;24.1;24.1;2.348;1.325;1.035;1.380;0.103;0.529;604
B31570;2015/02/27 21:29:01;604;76;23.2;24.4;2.406;1.287;1.035;1.380;0.093;0.548;605
B31570;2015/02/27 21:29:11;605;75;28.3;23.9;2.412;1.287;1.035;1.380;0.093;0.529;606
B31570;2015/02/27 21:29:21;606;76;29.6;23.9;2.345;1.306;1.035;1.399;0.093;0.532;607
B31570;2015/02/27 21:29:31;607;73;27.4;24.6;2.441;1.306;1.077;1.399;0.093;0.535;608
B31570;2015/02/27 21:29:41;608;79;23.8;23.9;2.309;1.329;1.077;1.399;0.154;0.548;609
B31570;2015/02/27 21:29:51;609;73;24.5;23.9;2.396;1.329;1.087;1.399;0.154;0.519;610
B31570;2015/02/27 21:30:01;610;73;23.2;24.1;2.270;1.316;1.087;1.387;0.154;0.548;611
B31570;2015/02/27 21:30:11;611;78;24.5;24.3;2.461;1.316;1.041;1.387;0.154;0.522;612
B31570;2015/02/27 21:30:21;612;86;23.2;24.1;2.283;1.293;1.041;1.387;0.132;0.519;613
B31570;2015/02/27 21:30:31;613;79;26.7;24.8;2.461;1.293;1.070;1.387;0.132;0.509;614
B31570;2015/02/27 21:30:41;614;81;24.8;24.1;2.419;1.300;1.070;1.374;0.132;0.529;615
B31570;2015/02/27 21:30:51;615;76;25.1;24.3;2.332;1.300;1.058;1.374;0.132;0.516;616
B31570;2015/02/27 21:31:01;616;87;27.7;24.1;2.335;1.316;1.058;1.374;0.135;0.548;617
B31570;2015/02/27 21:31:11;617;74;25.1;24.1;2.267;1.316;1.054;1.374;0.135;0.551;618
B31570;2015/02/27 21:31:21;618;67;26.7;24.4;2.283;1.287;1.054;1.409;0.135;0.516;619
B31570;2015/02/27 21:31:31;619;75;23.2;24.4;2.277;1.287;1.051;1.409;0.135;0.519;620
B31570;2015/02/27 21:31:41;620;75;26.1;24.6;2.403;1.309;1.051;1.409;0.122;0.519;621
B31570;2015/02/27 21:31:51;621;80;22.2;24.4;2.270;1.309;1.045;1.409;0.122;0.516;622
B31570;2015/02/27 21:32:01;622;81;27.7;23.9;2.296;1.306;1.045;1.370;0.122;0.529;623
B31570;2015/02/27 21:32:11;623;78;28.0;24.4;2.438;1.306;1.077;1.370;0.122;0.516;624
B31570;2015/02/27 21:32:21;624;84;27.0;23.9;2.322;1.290;1.077;1.370;0.103;0.512;625
B31570;2015/02/27 21:32:31;625;78;24.8;24.6;2.467;1.290;1.054;1.370;0.103;0.545;626
B31570;2015/02/27 21:32:41;626;81;23.2;24.4;2.464;1.316;1.054;1.383;0.103;0.551;627
B31570;2015/02/27 21:32:51;627;83;22.9;24.4;2.270;1.316;1.041;1.383;0.103;0.519;628
B31570;2015/02/27 21:33:01;628;89;26.7;23.9;2.264;1.296;1.041;1.383;0.109;0.529;629
B31570;2015/02/27 21:33:11;629;87;27.7;25.1;2.464;1.296;1.054;1.383;0.109;0.551;630
B31570;2015/02/27 21:33:21;630;86;23.8;24.1;2.306;1.312;1.054;1.438;0.109;0.532;631
B31570;2015/02/27 21:33:31;631;85;27.4;23.6;2.425;1.312;1.090;1.438;0.109;0.538;632
B31570;2015/02/27 21:33:41;632;85;22.5;24.8;2.467;1.293;1.090;1.438;0.106;0.551;633
B31570;2015/02/27 21:33:51;633;75;22.5;24.1;2.293;1.293;1.051;1.438;0.106;0.541;634
B31570;2015/02/27 21:34:01;634;88;26.7;24.6;2.409;1.290;1.051;1.419;0.106;0.554;635
B31570;2015/02/27 21:34:11;635;86;27.4;25.0;2.270;1.290;1.041;1.419;0.106;0.522;636
B31570;2015/02/27 21:34:21;636;78;23.8;24.3;2.451;1.325;1.041;1.419;0.106;0.538;637
B31570;2015/02/27 21:34:31;637;86;25.8;23.9;2.470;1.325;1.061;1.419;0.106;0.551;638
B31570;2015/02/27 21:34:41;638;70;25.1;24.3;2.274;1.332;1.061;1.416;0.106;0.519;639
B31570;2015/02/27 21:34:51;639;75;23.2;24.3;2.306;1.332;1.041;1.416;0.106;0.522;640
B31570;2015/02/27 21:35:01;640;88;28.3;24.3;2.396;1.312;1.041;1.416;0.203;0.538;641
B31570;2015/02/27 21:35:11;641;70;25.8;23.9;2.399;1.312;1.045;1.416;0.203;0.541;642
B31570;2015/02/27 21:35:21;642;87;24.1;24.4;2.467;1.309;1.045;1.448;0.203;0.529;643
B31570;2015/02/27 21:35:31;643;67;28.0;23.4;2.306;1.309;1.041;1.448;0.203;0.529;644
B31570;2015/02/27 21:35:41;644;80;27.4;23.9;2.383;1.293;1.041;1.448;0.103;0.554;645
B31570;2015/02/27 21:35:51;645;86;22.9;23.7;2.303;1.293;1.041;1.448;0.103;0.519;646
B31570;2015/02/27 21:36:01;646;67;25.4;24.4;2.348;1.293;1.041;1.522;0.103;0.525;647
B31570;2015/02/27 21:36:11;647;81;23.8;23.2;2.451;1.293;1.051;1.522;0.103;0.538;648
B31570;2015/02/27 21:36:21;648;81;24.8;24.1;2.399;1.309;1.051;1.522;0.103;0.535;649
B31570;2015/02/27 21:36:31;649;71;25.1;23.7;2.380;1.309;1.048;1.522;0.103;0.541;650
B31570;2015/02/27 21:36:41;650;78;27.4;24.1;2.461;1.300;1.048;1.496;0.103;0.529;651
B31570;2015/02/27 21:36:51;651;83;24.5;24.1;2.454;1.300;1.041;1.496;0.103;0.551;652
B31570;2015/02/27 21:37:01;652;81;28.0;23.7;2.290;1.306;1.041;1.496;0.106;0.525;653
B31570;2015/02/27 21:37:11;653;80;26.1;24.1;2.406;1.306;1.054;1.496;0.106;0.529;654
B31570;2015/02/27 21:37:21;654;77;30.0;23.7;2.454;1.293;1.054;1.503;0.106;0.532;655
B31570;2015/02/27 21:37:31;655;78;22.5;23.9;2.290;1.293;1.038;1.503;0.106;0.548;656
B31570;2015/02/27 21:37:41;656;80;26.7;23.2;2.296;1.293;1.038;1.503;0.145;0.532;657
B31570;2015/02/27 21:37:51;657;78;29.3;24.3;2.296;1.293;1.064;1.503;0.145;0.529;658
B31570;2015/02/27 21:38:01;658;78;24.1;23.7;2.461;1.306;1.064;1.525;0.145;0.532;659
B31570;2015/02/27 21:38:11;659;70;27.4;23.1;2.296;1.306;1.041;1.525;0.145;0.548;660
B31570;2015/02/27 21:38:21;660;76;30.0;24.1;2.445;1.293;1.041;1.525;0.138;0.545;661
B31570;2015/02/27 21:38:31;661;71;25.1;23.7;2.341;1.293;1.038;1.525;0.138;0.551;662
B31570;2015/02/27 21:38:41;662;84;24.8;23.9;2.461;1.312;1.038;1.532;0.138;0.564;663
B31570;2015/02/27 21:38:51;663;71;26.7;23.9;2.332;1.312;1.087;1.532;0.138;0.567;664
B31570;2015/02/27 21:39:01;664;80;23.2;23.9;2.409;1.332;1.087;1.532;0.109;0.564;665
B31570;2015/02/27 21:39:11;665;76;29.3;24.1;2.467;1.332;1.051;1.532;0.109;0.558;666
B31570;2015/02/27 21:39:21;666;65;30.0;24.1;2.474;1.319;1.051;1.561;0.109;0.545;667
B31570;2015/02/27 21:39:31;667;83;24.1;24.1;2.316;1.319;1.054;1.561;0.109;0.545;668
B31570;2015/02/27 21:39:41;668;77;27.0;23.6;2.406;1.306;1.054;1.561;0.096;0.554;669
B31570;2015/02/27 21:39:51;669;87;28.0;23.2;2.290;1.306;1.038;1.561;0.096;0.570;670
B31570;2015/02/27 21:40:01;670;74;29.3;23.2;2.425;1.322;1.038;1.596;0.096;0.577;671
B31570;2015/02/27 21:40:11;671;83;26.1;23.7;2.412;1.322;1.041;1.596;0.096;0.561;672
B31570;2015/02/27 21:40:21;672;84;24.8;23.9;2.461;1.319;1.041;1.596;0.099;0.574;673
B31570;2015/02/27 21:40:31;673;81;27.7;22.9;2.293;1.319;1.061;1.596;0.099;0.554;674
B31570;2015/02/27 21:40:41;674;84;29.0;22.9;2.429;1.312;1.061;1.622;0.099;0.574;675
B31570;2015/02/27 21:40:51;675;77;28.3;23.9;2.416;1.312;1.080;1.622;0.099;0.577;676
B31570;2015/02/27 21:41:01;676;81;24.5;23.4;2.477;1.325;1.080;1.622;0.125;0.545;677
B31570;2015/02/27 21:41:11;677;77;28.7;22.9;2.480;1.325;1.054;1.622;0.125;0.545;678
B31570;2015/02/27 21:41:21;678;87;27.4;23.7;2.477;1.322;1.054;1.625;0.125;0.558;679
B31570;2015/02/27 21:41:31;679;78;23.2;23.2;2.309;1.322;1.058;1.625;0.125;0.554;680
B31570;2015/02/27 21:41:41;680;69;28.3;23.4;2.474;1.293;1.058;1.625;0.099;0.558;681
B31570;2015/02/27 21:41:51;681;74;26.1;23.7;2.474;1.293;1.038;1.625;0.099;0.567;682
B31570;2015/02/27 21:42:01;682;76;26.1;23.2;2.283;1.296;1.038;1.632;0.099;0.558;683
B31570;2015/02/27 21:42:11;683;81;27.0;22.9;2.293;1.296;1.038;1.632;0.099;0.554;684
B31570;2015/02/27 21:42:21;684;86;25.1;23.4;2.467;1.312;1.038;1.632;0.103;0.574;685
B31570;2015/02/27 21:42:31;685;64;30.0;22.9;2.380;1.312;1.045;1.632;0.103;0.545;686
B31570;2015/02/27 21:42:41;686;75;24.8;23.7;2.309;1.309;1.045;1.612;0.103;0.545;687
B31570;2015/02/27 21:42:51;687;83;25.4;23.1;2.393;1.309;1.045;1.612;0.103;0.558;688
B31570;2015/02/27 21:43:01;688;73;25.1;23.7;2.322;1.319;1.045;1.612;0.112;0.558;689
B31570;2015/02/27 21:43:11;689;80;24.8;23.1;2.345;1.319;1.080;1.612;0.112;0.541;690
B31570;2015/02/27 21:43:21;690;82;23.8;23.2;2.299;1.300;1.080;1.596;0.112;0.541;691
B31570;2015/02/27 21:43:31;691;83;26.1;23.1;2.393;1.300;1.087;1.596;0.112;0.535;692
B31570;2015/02/27 21:43:41;692;84;23.8;23.1;2.390;1.312;1.087;1.596;0.112;0.558;693
B31570;2015/02/27 21:43:51;693;81;27.0;22.9;2.290;1.312;1.058;1.596;0.112;0.545;694
B31570;2015/02/27 21:44:01;694;77;29.3;23.4;2.480;1.325;1.058;1.603;0.112;0.541;695
B31570;2015/02/27 21:44:11;695;72;23.2;23.2;2.409;1.325;1.038;1.603;0.112;0.561;696
B31570;2015/02/27 21:44:21;696;73;25.4;23.2;2.283;1.312;1.038;1.603;0.099;0.561;697
B31570;2015/02/27 21:44:31;697;88;25.4;23.4;2.367;1.312;1.048;1.603;0.099;0.538;698
B31570;2015/02/27 21:44:41;698;90;26.7;23.1;2.409;1.293;1.048;1.570;0.099;0.541;699
B31570;2015/02/27 21:44:51;699;83;26.4;23.4;2.487;1.293;1.035;1.570;0.099;0.548;700
B31570;2015/02/27 21:45:01;700;78;27.4;23.4;2.406;1.303;1.035;1.570;0.109;0.541;701
B31570;2015/02/27 21:45:11;701;78;27.4;23.1;2.419;1.303;1.041;1.570;0.109;0.567;702
B31570;2015/02/27 21:45:21;702;73;26.7;23.6;2.409;1.316;1.041;1.583;0.109;0.554;703
B31570;2015/02/27 21:45:31;703;81;27.4;22.9;2.338;1.316;1.090;1.583;0.109;0.545;704
B31570;2015/02/27 21:45:41;704;72;30.3;23.2;2.325;1.300;1.090;1.583;0.190;0.554;705
B31570;2015/02/27 21:45:51;705;77;26.1;23.2;2.406;1.300;1.041;1.583;0.190;0.554;706
B31570;2015/02/27 21:46:01;706;78;26.7;22.9;2.290;1.322;1.041;1.580;0.190;0.545;707
B31570;2015/02/27 21:46:11;707;87;27.4;22.5;2.290;1.322;1.041;1.580;0.190;0.554;708
B31570;2015/02/27 21:46:21;708;83;26.4;22.7;2.390;1.316;1.041;1.580;0.164;0.554;709
B31570;2015/02/27 21:46:31;709;68;29.3;23.2;2.293;1.316;1.045;1.580;0.164;0.558;710
B31570;2015/02/27 21:46:41;710;83;27.4;23.2;2.303;1.300;1.045;1.632;0.164;0.558;711
B31570;2015/02/27 21:46:51;711;68;23.5;22.9;2.293;1.300;1.058;1.632;0.164;0.561;712
B31570;2015/02/27 21:47:01;712;77;26.1;23.2;2.325;1.316;1.058;1.632;0.145;0.564;713
B31570;2015/02/27 21:47:11;713;83;24.8;23.2;2.341;1.316;1.058;1.632;0.145;0.577;714
B31570;2015/02/27 21:47:21;714;79;26.1;23.2;2.277;1.335;1.058;1.599;0.145;0.574;715
B31570;2015/02/27 21:47:31;715;69;27.7;23.2;2.458;1.335;1.035;1.599;0.145;0.577;716
B31570;2015/02/27 21:47:41;716;78;27.7;23.4;2.454;1.319;1.035;1.599;0.112;0.561;717
B31570;2015/02/27 21:47:51;717;71;29.3;23.9;2.467;1.319;1.087;1.599;0.112;0.538;718
B31570;2015/02/27 21:48:01;718;90;23.8;23.2;2.474;1.316;1.087;1.603;0.112;0.574;719
B31570;2015/02/27 21:48:11;719;83;23.8;22.5;2.345;1.316;1.093;1.603;0.112;0.567;720
B31570;2015/02/27 21:48:21;720;75;24.8;23.4;2.474;1.306;1.093;1.603;0.103;0.554;721
B31570;2015/02/27 21:48:31;721;76;24.8;22.9;2.367;1.306;1.045;1.603;0.103;0.551;722
B31570;2015/02/27 21:48:41;722;83;25.1;23.6;2.480;1.319;1.045;1.645;0.103;0.561;723
B31570;2015/02/27 21:48:51;723;84;24.8;23.7;2.338;1.319;1.054;1.645;0.103;0.554;724
B31570;2015/02/27 21:49:01;724;73;27.7;22.9;2.306;1.322;1.054;1.645;0.103;0.558;725
B31570;2015/02/27 21:49:11;725;77;28.0;22.7;2.338;1.322;1.093;1.645;0.103;0.538;726
B31570;2015/02/27 21:49:21;726;74;29.6;23.2;2.329;1.300;1.093;1.593;0.103;0.558;727
B31570;2015/02/27 21:49:31;727;77;29.6;23.2;2.480;1.300;1.064;1.593;0.103;0.551;728
B31570;2015/02/27 21:49:41;728;90;26.4;23.6;2.283;1.319;1.064;1.593;0.112;0.554;729
B31570;2015/02/27 21:49:51;729;71;25.8;22.7;2.303;1.319;1.093;1.593;0.112;0.541;730
B31570;2015/02/27 21:50:01;730;82;25.1;23.4;2.283;1.316;1.093;1.599;0.112;0.558;731
B31570;2015/02/27 21:50:11;731;77;27.7;23.6;2.451;1.316;1.045;1.599;0.112;0.541;732
B31570;2015/02/27 21:50:21;732;80;26.4;23.2;2.296;1.322;1.045;1.599;0.158;0.577;733
B31570;2015/02/27 21:50:31;733;68;23.2;23.4;2.403;1.322;1.048;1.599;0.158;0.567;734
B31570;2015/02/27 21:50:41;734;86;29.6;23.4;2.358;1.341;1.048;1.625;0.158;0.545;735
B31570;2015/02/27 21:50:51;735;69;26.4;23.1;2.483;1.341;1.077;1.625;0.158;0.541;736
B31570;2015/02/27 21:51:01;736;85;24.8;23.4;2.487;1.332;1.077;1.625;0.135;0.574;737
B31570;2015/02/27 21:51:11;737;74;23.2;23.4;2.309;1.332;1.041;1.625;0.135;0.567;738
B31570;2015/02/27 21:51:21;738;86;29.0;23.4;2.345;1.319;1.041;1.635;0.135;0.554;739
B31570;2015/02/27 21:51:31;739;84;27.4;23.6;2.451;1.319;1.045;1.635;0.135;0.567;740
B31570;2015/02/27 21:51:41;740;88;25.8;23.6;2.290;1.329;1.045;1.635;0.112;0.564;741
B31570;2015/02/27 21:51:51;741;77;25.1;23.2;2.370;1.329;1.090;1.635;0.112;0.545;742
B31570;2015/02/27 21:52:01;742;77;24.5;23.4;2.474;1.325;1.090;1.661;0.112;0.545;743
B31570;2015/02/27 21:52:11;743;82;26.1;23.7;2.480;1.325;1.058;1.661;0.112;0.577;744
B31570;2015/02/27 21:52:21;744;83;29.0;22.9;2.303;1.300;1.058;1.661;0.103;0.551;745
B31570;2015/02/27 21:52:31;745;81;26.1;22.9;2.480;1.300;1.096;1.661;0.103;0.545;746
B31570;2015/02/27 21:52:41;746;69;27.4;23.6;2.480;1.319;1.096;1.606;0.103;0.587;747
B31570;2015/02/27 21:52:51;747;67;24.5;23.4;2.303;1.319;1.041;1.606;0.103;0.580;748
B31570;2015/02/27 21:53:01;748;87;27.0;23.4;2.399;1.303;1.041;1.606;0.099;0.561;749
B31570;2015/02/27 21:53:11;749;75;28.0;22.7;2.412;1.303;1.090;1.606;0.099;0.564;750
B31570;2015/02/27 21:53:21;750;88;26.1;23.7;2.319;1.338;1.090;1.616;0.099;0.570;751
B31570;2015/02/27 21:53:31;751;77;28.0;23.4;2.393;1.338;1.067;1.616;0.099;0.570;752
B31570;2015/02/27 21:53:41;752;86;27.7;22.9;2.303;1.306;1.067;1.616;0.158;0.554;753
B31570;2015/02/27 21:53:51;753;78;28.3;22.5;2.303;1.306;1.058;1.616;0.158;0.548;754
B31570;2015/02/27 21:54:01;754;88;28.0;23.7;2.480;1.316;1.058;1.641;0.158;0.564;755
B31570;2015/02/27 21:54:11;755;84;29.3;23.2;2.474;1.316;1.096;1.641;0.158;0.554;756
B31570;2015/02/27 21:54:21;756;83;23.8;23.4;2.480;1.335;1.096;1.641;0.106;0.545;757
B31570;2015/02/27 21:54:31;757;84;24.5;23.1;2.306;1.335;1.070;1.641;0.106;0.583;758
B31570;2015/02/27 21:54:41;758;82;26.7;23.4;2.393;1.345;1.070;1.645;0.106;0.551;759
B31570;2015/02/27 21:54:51;759;67;28.7;23.6;2.432;1.345;1.093;1.645;0.106;0.583;760
B31570;2015/02/27 21:55:01;760;81;25.1;23.2;2.458;1.329;1.093;1.645;0.096;0.587;761
B31570;2015/02/27 21:55:11;761;81;24.8;23.1;2.322;1.329;1.090;1.645;0.096;0.545;762
B31570;2015/02/27 21:55:21;762;75;25.1;23.4;2.454;1.345;1.090;1.629;0.096;0.545;763
B31570;2015/02/27 21:55:31;763;81;25.1;23.4;2.451;1.345;1.051;1.629;0.096;0.567;764
B31570;2015/02/27 21:55:41;764;85;27.0;22.5;2.390;1.316;1.051;1.629;0.112;0.577;765
B31570;2015/02/27 21:55:51;765;81;26.7;23.1;2.425;1.316;1.074;1.629;0.112;0.545;766
B31570;2015/02/27 21:56:01;766;87;26.1;23.1;2.451;1.306;1.074;1.654;0.112;0.564;767
B31570;2015/02/27 21:56:11;767;78;25.1;23.4;2.303;1.306;1.051;1.654;0.112;0.583;768
B31570;2015/02/27 21:56:21;768;83;25.8;23.2;2.454;1.325;1.051;1.654;0.099;0.558;769
B31570;2015/02/27 21:56:31;769;83;27.7;23.6;2.490;1.325;1.087;1.654;0.099;0.561;770
B31570;2015/02/27 21:56:41;770;85;28.3;22.9;2.435;1.329;1.087;1.680;0.099;0.580;771
B31570;2015/02/27 21:56:51;771;78;23.8;22.9;2.293;1.329;1.106;1.680;0.099;0.554;772
B31570;2015/02/27 21:57:01;772;71;28.3;23.6;2.409;1.316;1.106;1.680;0.096;0.551;773
B31570;2015/02/27 21:57:11;773;79;26.1;23.1;2.364;1.316;1.054;1.680;0.096;0.567;774
B31570;2015/02/27 21:57:21;774;82;29.3;23.4;2.396;1.312;1.054;1.638;0.096;0.577;775
B31570;2015/02/27 21:57:31;775;68;23.8;22.4;2.312;1.312;1.054;1.638;0.096;0.541;776
B31570;2015/02/27 21:57:41;776;70;27.7;23.2;2.354;1.325;1.054;1.638;0.103;0.554;777
B31570;2015/02/27 21:57:51;777;69;25.1;23.4;2.332;1.325;1.061;1.638;0.103;0.577;778
B31570;2015/02/27 21:58:01;778;83;28.3;22.9;2.393;1.348;1.061;1.641;0.103;0.548;779
B31570;2015/02/27 21:58:11;779;75;27.4;23.7;2.438;1.348;1.064;1.641;0.103;0.558;780
B31570;2015/02/27 21:58:21;780;83;26.7;22.9;2.383;1.348;1.064;1.641;0.135;0.574;781
B31570;2015/02/27 21:58:31;781;75;27.7;22.7;2.309;1.348;1.058;1.641;0.135;0.577;782
B31570;2015/02/27 21:58:41;782;68;24.8;23.6;2.461;1.312;1.058;1.641;0.135;0.564;783
B31570;2015/02/27 21:58:51;783;82;27.0;23.2;2.429;1.312;1.103;1.641;0.135;0.545;784
B31570;2015/02/27 21:59:01;784;71;25.1;23.7;2.303;1.335;1.103;1.641;0.112;0.545;785
B31570;2015/02/27 21:59:11;785;64;30.6;23.4;2.483;1.335;1.106;1.641;0.112;0.583;786
B31570;2015/02/27 21:59:21;786;78;24.5;23.4;2.280;1.348;1.106;1.638;0.112;0.545;787
B31570;2015/02/27 21:59:31;787;77;27.7;23.7;2.419;1.348;1.058;1.638;0.112;0.554;788
B31570;2015/02/27 21:59:41;788;74;29.3;23.6;2.322;1.335;1.058;1.638;0.112;0.593;789
B31570;2015/02/27 21:59:51;789;79;29.6;23.2;2.461;1.335;1.106;1.638;0.112;0.548;790
B31570;2015/02/27 22:00:01;790;81;26.1;24.1;2.332;1.341;1.106;1.632;0.112;0.551;791
B31570;2015/02/27 22:00:11;791;88;28.0;23.4;2.374;1.341;1.103;1.632;0.112;0.583;792
B31570;2015/02/27 22:00:21;792;84;23.8;23.2;2.480;1.329;1.103;1.632;0.109;0.567;793
B31570;2015/02/27 22:00:31;793;80;24.8;23.1;2.461;1.329;1.054;1.632;0.109;0.561;794
B31570;2015/02/27 22:00:41;794;88;28.0;23.4;2.283;1.322;1.054;1.670;0.109;0.574;795
B31570;2015/02/27 22:00:51;795;78;23.2;23.6;2.312;1.322;1.074;1.670;0.109;0.554;796
