B31552;2015/02/27 00:00:09;28174;83;28.7;30.5;2.699;1.777;1.029;2.251;0.000;0.783;28175
B31552;2015/02/27 00:00:19;28175;83;23.8;29.8;2.716;1.777;1.032;2.251;0.000;0.787;28176
B31552;2015/02/27 00:00:29;28176;89;27.0;30.2;2.658;1.745;1.032;2.251;0.000;0.758;28177
B31552;2015/02/27 00:00:39;28177;92;27.4;29.8;2.577;1.745;1.048;2.251;0.000;0.764;28178
B31552;2015/02/27 00:00:49;28178;88;30.6;29.6;2.796;1.774;1.048;2.261;0.000;0.796;28179
B31552;2015/02/27 00:00:59;28179;91;24.5;29.6;2.774;1.774;1.045;2.261;0.000;0.809;28180
B31552;2015/02/27 00:01:09;28180;92;28.3;30.2;2.770;1.764;1.045;2.261;0.000;0.761;28181
B31552;2015/02/27 00:01:19;28181;85;23.8;29.6;2.758;1.764;1.032;2.261;0.000;0.796;28182
B31552;2015/02/27 00:01:29;28182;84;25.1;30.3;2.654;1.780;1.032;2.283;0.000;0.764;28183
B31552;2015/02/27 00:01:39;28183;90;28.0;30.5;2.603;1.780;1.090;2.283;0.000;0.783;28184
B31552;2015/02/27 00:01:49;28184;86;27.0;30.0;2.777;1.783;1.090;2.283;0.032;0.774;28185
B31552;2015/02/27 00:01:59;28185;89;25.4;29.8;2.703;1.783;1.048;2.283;0.032;0.770;28186
B31552;2015/02/27 00:02:09;28186;83;27.4;30.5;2.696;1.783;1.048;2.241;0.032;0.770;28187
B31552;2015/02/27 00:02:19;28187;78;26.4;29.8;2.796;1.783;1.087;2.241;0.032;0.783;28188
B31552;2015/02/27 00:02:29;28188;92;31.6;29.5;2.777;1.741;1.087;2.241;0.000;0.796;28189
B31552;2015/02/27 00:02:39;28189;87;27.4;30.3;2.612;1.741;1.029;2.241;0.000;0.764;28190
B31552;2015/02/27 00:02:49;28190;93;27.4;30.0;2.554;1.770;1.029;2.270;0.000;0.809;28191
B31552;2015/02/27 00:02:59;28191;91;27.7;30.3;2.603;1.770;1.029;2.270;0.000;0.774;28192
B31552;2015/02/27 00:03:09;28192;76;25.8;30.3;2.716;1.758;1.029;2.270;0.009;0.806;28193
B31552;2015/02/27 00:03:19;28193;91;30.0;29.8;2.719;1.758;1.029;2.270;0.009;0.796;28194
B31552;2015/02/27 00:03:29;28194;80;25.4;29.8;2.587;1.751;1.029;2.270;0.009;0.806;28195
B31552;2015/02/27 00:03:39;28195;85;27.4;29.6;2.690;1.751;1.038;2.270;0.009;0.761;28196
B31552;2015/02/27 00:03:49;28196;91;31.2;29.1;2.583;1.764;1.038;2.270;0.000;0.787;28197
B31552;2015/02/27 00:03:59;28197;86;26.1;29.8;2.803;1.764;1.080;2.270;0.000;0.793;28198
B31552;2015/02/27 00:04:09;28198;80;26.7;30.0;2.735;1.767;1.080;2.277;0.000;0.793;28199
B31552;2015/02/27 00:04:19;28199;86;23.8;30.2;2.612;1.767;1.035;2.277;0.000;0.764;28200
B31552;2015/02/27 00:04:29;28200;93;30.0;29.8;2.641;1.754;1.035;2.277;0.006;0.758;28201
B31552;2015/02/27 00:04:39;28201;89;27.4;30.2;2.580;1.754;1.051;2.277;0.006;0.770;28202
B31552;2015/02/27 00:04:49;28202;88;28.7;30.0;2.558;1.761;1.051;2.254;0.006;0.787;28203
B31552;2015/02/27 00:04:59;28203;89;29.6;30.0;2.706;1.761;1.038;2.254;0.006;0.764;28204
B31552;2015/02/27 00:05:09;28204;88;24.5;30.3;2.600;1.780;1.038;2.254;0.000;0.770;28205
B31552;2015/02/27 00:05:19;28205;89;25.1;29.5;2.709;1.780;1.032;2.254;0.000;0.754;28206
B31552;2015/02/27 00:05:29;28206;88;25.4;29.6;2.690;1.764;1.032;2.270;0.000;0.770;28207
B31552;2015/02/27 00:05:39;28207;86;28.3;29.6;2.645;1.764;1.029;2.270;0.000;0.764;28208
B31552;2015/02/27 00:05:49;28208;91;26.7;29.8;2.580;1.751;1.029;2.270;0.061;0.774;28209
B31552;2015/02/27 00:05:59;28209;81;28.3;29.8;2.693;1.751;1.029;2.270;0.061;0.796;28210
B31552;2015/02/27 00:06:09;28210;88;28.7;29.5;2.558;1.738;1.029;2.248;0.061;0.793;28211
B31552;2015/02/27 00:06:19;28211;91;28.0;29.3;2.745;1.738;1.025;2.248;0.061;0.793;28212
B31552;2015/02/27 00:06:29;28212;84;27.0;30.3;2.735;1.767;1.025;2.248;0.000;0.758;28213
B31552;2015/02/27 00:06:39;28213;87;25.8;29.6;2.725;1.767;1.032;2.248;0.000;0.764;28214
B31552;2015/02/27 00:06:49;28214;88;26.7;30.0;2.754;1.774;1.032;2.258;0.000;0.758;28215
B31552;2015/02/27 00:06:59;28215;80;28.3;30.0;2.580;1.774;1.083;2.258;0.000;0.803;28216
B31552;2015/02/27 00:07:09;28216;93;24.1;30.2;2.609;1.748;1.083;2.258;0.045;0.780;28217
B31552;2015/02/27 00:07:19;28217;91;26.1;29.6;2.803;1.748;1.083;2.258;0.045;0.796;28218
B31552;2015/02/27 00:07:29;28218;83;30.6;29.5;2.777;1.764;1.083;2.277;0.045;0.751;28219
B31552;2015/02/27 00:07:39;28219;83;26.1;30.3;2.574;1.764;1.029;2.277;0.045;0.770;28220
B31552;2015/02/27 00:07:49;28220;89;26.7;30.3;2.587;1.770;1.029;2.277;0.000;0.761;28221
B31552;2015/02/27 00:07:59;28221;86;27.4;30.2;2.632;1.770;1.077;2.277;0.000;0.790;28222
B31552;2015/02/27 00:08:09;28222;88;24.8;29.6;2.664;1.735;1.077;2.274;0.000;0.777;28223
B31552;2015/02/27 00:08:19;28223;87;29.6;30.0;2.612;1.735;1.029;2.274;0.000;0.767;28224
B31552;2015/02/27 00:08:29;28224;86;28.3;29.3;2.554;1.735;1.029;2.274;0.000;0.777;28225
B31552;2015/02/27 00:08:39;28225;88;25.1;30.2;2.783;1.735;1.080;2.274;0.000;0.803;28226
B31552;2015/02/27 00:08:49;28226;87;25.8;29.8;2.580;1.735;1.080;2.277;0.000;0.790;28227
B31552;2015/02/27 00:08:59;28227;88;28.3;30.3;2.790;1.735;1.048;2.277;0.000;0.816;28228
B31552;2015/02/27 00:09:09;28228;94;30.0;29.8;2.574;1.741;1.048;2.277;0.106;0.774;28229
B31552;2015/02/27 00:09:19;28229;93;27.4;30.2;2.609;1.741;1.048;2.277;0.106;0.793;28230
B31552;2015/02/27 00:09:29;28230;77;28.7;29.5;2.580;1.745;1.048;2.235;0.106;0.787;28231
B31552;2015/02/27 00:09:39;28231;82;28.0;29.6;2.596;1.745;1.045;2.235;0.106;0.767;28232
B31552;2015/02/27 00:09:49;28232;82;25.4;29.8;2.790;1.745;1.045;2.235;0.000;0.806;28233
B31552;2015/02/27 00:09:59;28233;88;27.0;29.5;2.803;1.745;1.032;2.235;0.000;0.783;28234
B31552;2015/02/27 00:10:09;28234;91;28.0;29.3;2.670;1.754;1.032;2.232;0.000;0.764;28235
B31552;2015/02/27 00:10:19;28235;80;30.6;29.6;2.580;1.754;1.038;2.232;0.000;0.761;28236
B31552;2015/02/27 00:10:29;28236;83;27.4;29.6;2.574;1.741;1.038;2.232;0.000;0.799;28237
B31552;2015/02/27 00:10:39;28237;88;23.8;30.0;2.593;1.741;1.032;2.232;0.000;0.758;28238
B31552;2015/02/27 00:10:49;28238;88;24.8;29.6;2.729;1.770;1.032;2.229;0.000;0.764;28239
B31552;2015/02/27 00:10:59;28239;88;27.0;29.6;2.790;1.770;1.064;2.229;0.000;0.761;28240
B31552;2015/02/27 00:11:09;28240;86;26.7;29.6;2.580;1.758;1.064;2.229;0.000;0.780;28241
B31552;2015/02/27 00:11:19;28241;78;29.3;29.6;2.667;1.758;1.022;2.229;0.000;0.780;28242
B31552;2015/02/27 00:11:29;28242;91;24.5;29.6;2.654;1.735;1.022;2.219;0.000;0.774;28243
B31552;2015/02/27 00:11:39;28243;80;30.6;29.5;2.600;1.735;1.025;2.219;0.000;0.793;28244
B31552;2015/02/27 00:11:49;28244;87;31.2;29.5;2.564;1.732;1.025;2.219;0.000;0.758;28245
B31552;2015/02/27 00:11:59;28245;87;25.4;29.6;2.803;1.732;1.035;2.219;0.000;0.780;28246
B31552;2015/02/27 00:12:09;28246;78;29.6;28.9;2.758;1.735;1.035;2.203;0.000;0.764;28247
B31552;2015/02/27 00:12:19;28247;88;23.8;29.1;2.719;1.735;1.045;2.203;0.000;0.761;28248
B31552;2015/02/27 00:12:29;28248;91;30.3;29.5;2.799;1.732;1.045;2.203;0.000;0.767;28249
B31552;2015/02/27 00:12:39;28249;88;30.9;30.0;2.580;1.732;1.077;2.203;0.000;0.745;28250
B31552;2015/02/27 00:12:49;28250;88;30.0;29.6;2.745;1.758;1.077;2.248;0.000;0.780;28251
B31552;2015/02/27 00:12:59;28251;74;29.0;29.6;2.561;1.758;1.074;2.248;0.000;0.751;28252
B31552;2015/02/27 00:13:09;28252;88;26.7;29.6;2.738;1.764;1.074;2.248;0.000;0.751;28253
B31552;2015/02/27 00:13:19;28253;83;27.7;29.6;2.561;1.764;1.083;2.248;0.000;0.754;28254
B31552;2015/02/27 00:13:29;28254;89;26.7;29.5;2.738;1.764;1.083;2.212;0.000;0.787;28255
B31552;2015/02/27 00:13:39;28255;87;30.6;29.6;2.587;1.764;1.083;2.212;0.000;0.783;28256
B31552;2015/02/27 00:13:49;28256;96;27.0;29.6;2.754;1.770;1.083;2.212;0.000;0.751;28257
B31552;2015/02/27 00:13:59;28257;83;24.5;29.1;2.770;1.770;1.022;2.212;0.000;0.783;28258
B31552;2015/02/27 00:14:09;28258;91;31.2;29.1;2.777;1.774;1.022;2.235;0.000;0.764;28259
B31552;2015/02/27 00:14:19;28259;83;26.4;29.3;2.667;1.774;1.022;2.235;0.000;0.741;28260
B31552;2015/02/27 00:14:29;28260;87;30.0;30.0;2.567;1.738;1.022;2.235;0.103;0.767;28261
B31552;2015/02/27 00:14:39;28261;83;25.4;29.3;2.790;1.738;1.080;2.235;0.103;0.796;28262
B31552;2015/02/27 00:14:49;28262;89;28.0;28.8;2.558;1.770;1.080;2.235;0.103;0.745;28263
B31552;2015/02/27 00:14:59;28263;79;27.4;29.8;2.761;1.770;1.022;2.235;0.103;0.796;28264
B31552;2015/02/27 00:15:09;28264;90;26.7;29.6;2.719;1.735;1.022;2.235;0.019;0.761;28265
B31552;2015/02/27 00:15:19;28265;88;25.8;29.5;2.693;1.735;1.058;2.235;0.019;0.751;28266
B31552;2015/02/27 00:15:29;28266;88;29.6;28.8;2.577;1.774;1.058;2.270;0.019;0.764;28267
B31552;2015/02/27 00:15:39;28267;90;27.4;29.6;2.580;1.774;1.025;2.270;0.019;0.770;28268
B31552;2015/02/27 00:15:49;28268;88;29.6;29.6;2.567;1.732;1.025;2.270;0.006;0.764;28269
B31552;2015/02/27 00:15:59;28269;83;28.7;30.0;2.654;1.732;1.029;2.270;0.006;0.751;28270
B31552;2015/02/27 00:16:09;28270;91;27.4;29.8;2.561;1.741;1.029;2.241;0.006;0.787;28271
B31552;2015/02/27 00:16:19;28271;87;29.3;29.6;2.693;1.741;1.087;2.241;0.006;0.793;28272
B31552;2015/02/27 00:16:29;28272;92;28.7;29.1;2.577;1.732;1.087;2.241;0.000;0.777;28273
B31552;2015/02/27 00:16:39;28273;86;27.4;29.6;2.580;1.732;1.077;2.241;0.000;0.754;28274
B31552;2015/02/27 00:16:49;28274;97;27.0;29.5;2.661;1.758;1.077;2.225;0.000;0.751;28275
B31552;2015/02/27 00:16:59;28275;93;25.1;28.9;2.761;1.758;1.025;2.225;0.000;0.796;28276
B31552;2015/02/27 00:17:09;28276;93;29.6;29.8;2.554;1.770;1.025;2.225;0.000;0.767;28277
B31552;2015/02/27 00:17:19;28277;93;25.1;29.3;2.783;1.770;1.083;2.225;0.000;0.748;28278
B31552;2015/02/27 00:17:29;28278;80;26.4;30.0;2.777;1.729;1.083;2.225;0.000;0.793;28279
B31552;2015/02/27 00:17:39;28279;83;28.7;29.8;2.590;1.729;1.051;2.225;0.000;0.780;28280
B31552;2015/02/27 00:17:49;28280;85;26.4;29.5;2.774;1.767;1.051;2.225;0.000;0.780;28281
B31552;2015/02/27 00:17:59;28281;83;30.0;30.0;2.677;1.767;1.080;2.225;0.000;0.754;28282
B31552;2015/02/27 00:18:09;28282;90;24.5;29.6;2.609;1.770;1.080;2.241;0.000;0.738;28283
B31552;2015/02/27 00:18:19;28283;88;26.4;29.8;2.687;1.770;1.080;2.241;0.000;0.783;28284
B31552;2015/02/27 00:18:29;28284;93;29.3;29.6;2.561;1.732;1.080;2.241;0.003;0.767;28285
B31552;2015/02/27 00:18:39;28285;88;24.5;29.3;2.567;1.732;1.067;2.241;0.003;0.735;28286
B31552;2015/02/27 00:18:49;28286;79;27.0;29.6;2.629;1.764;1.067;2.206;0.003;0.738;28287
B31552;2015/02/27 00:18:59;28287;86;29.3;30.0;2.609;1.764;1.080;2.206;0.003;0.741;28288
B31552;2015/02/27 00:19:09;28288;92;26.7;30.0;2.745;1.748;1.080;2.206;0.000;0.761;28289
B31552;2015/02/27 00:19:19;28289;79;28.0;29.1;2.680;1.748;1.061;2.206;0.000;0.751;28290
B31552;2015/02/27 00:19:29;28290;91;29.3;29.6;2.567;1.732;1.061;2.254;0.000;0.745;28291
B31552;2015/02/27 00:19:39;28291;80;28.0;29.1;2.745;1.732;1.029;2.254;0.000;0.735;28292
B31552;2015/02/27 00:19:49;28292;90;28.7;29.1;2.554;1.729;1.029;2.254;0.000;0.729;28293
B31552;2015/02/27 00:19:59;28293;89;26.7;29.6;2.803;1.729;1.022;2.254;0.000;0.754;28294
B31552;2015/02/27 00:20:09;28294;88;26.1;29.6;2.725;1.770;1.022;2.245;0.000;0.751;28295
B31552;2015/02/27 00:20:19;28295;89;30.0;28.9;2.600;1.770;1.054;2.245;0.000;0.774;28296
B31552;2015/02/27 00:20:29;28296;88;28.7;29.5;2.574;1.741;1.054;2.245;0.032;0.767;28297
B31552;2015/02/27 00:20:39;28297;93;23.8;29.8;2.554;1.741;1.080;2.245;0.032;0.751;28298
B31552;2015/02/27 00:20:49;28298;83;28.7;29.1;2.790;1.745;1.080;2.264;0.032;0.774;28299
B31552;2015/02/27 00:20:59;28299;88;25.8;29.8;2.796;1.745;1.025;2.264;0.032;0.761;28300
B31552;2015/02/27 00:21:09;28300;94;26.7;29.3;2.580;1.729;1.025;2.264;0.022;0.745;28301
B31552;2015/02/27 00:21:19;28301;86;27.7;29.8;2.587;1.729;1.045;2.264;0.022;0.748;28302
B31552;2015/02/27 00:21:29;28302;77;28.0;29.6;2.677;1.758;1.045;2.248;0.022;0.767;28303
B31552;2015/02/27 00:21:39;28303;88;24.5;29.1;2.764;1.758;1.067;2.248;0.022;0.767;28304
B31552;2015/02/27 00:21:49;28304;88;28.0;29.8;2.677;1.741;1.067;2.248;0.096;0.748;28305
B31552;2015/02/27 00:21:59;28305;81;25.1;29.5;2.729;1.741;1.022;2.248;0.096;0.754;28306
B31552;2015/02/27 00:22:09;28306;90;29.3;30.0;2.567;1.725;1.022;2.216;0.096;0.751;28307
B31552;2015/02/27 00:22:19;28307;91;27.4;29.8;2.574;1.725;1.025;2.216;0.096;0.754;28308
B31552;2015/02/27 00:22:29;28308;88;26.4;30.0;2.745;1.754;1.025;2.216;0.006;0.745;28309
B31552;2015/02/27 00:22:39;28309;94;29.3;29.8;2.587;1.754;1.041;2.216;0.006;0.761;28310
B31552;2015/02/27 00:22:49;28310;90;31.2;29.5;2.799;1.761;1.041;2.245;0.006;0.748;28311
B31552;2015/02/27 00:22:59;28311;83;26.4;29.6;2.803;1.761;1.029;2.245;0.006;0.751;28312
B31552;2015/02/27 00:23:09;28312;85;24.5;29.8;2.635;1.764;1.029;2.245;0.019;0.751;28313
B31552;2015/02/27 00:23:19;28313;88;24.8;29.1;2.758;1.764;1.067;2.245;0.019;0.764;28314
B31552;2015/02/27 00:23:29;28314;88;25.4;29.6;2.735;1.725;1.067;2.212;0.019;0.770;28315
B31552;2015/02/27 00:23:39;28315;88;29.3;30.0;2.612;1.725;1.083;2.212;0.019;0.751;28316
B31552;2015/02/27 00:23:49;28316;83;24.8;29.8;2.548;1.738;1.083;2.212;0.032;0.787;28317
B31552;2015/02/27 00:23:59;28317;82;24.5;29.3;2.777;1.738;1.083;2.212;0.032;0.758;28318
B31552;2015/02/27 00:24:09;28318;77;28.7;29.3;2.567;1.735;1.083;2.241;0.032;0.777;28319
B31552;2015/02/27 00:24:19;28319;86;28.7;29.8;2.561;1.735;1.022;2.241;0.032;0.793;28320
B31552;2015/02/27 00:24:29;28320;89;31.2;29.3;2.580;1.751;1.022;2.241;0.000;0.799;28321
B31552;2015/02/27 00:24:39;28321;83;28.3;29.3;2.561;1.751;1.029;2.241;0.000;0.774;28322
B31552;2015/02/27 00:24:49;28322;91;28.7;29.5;2.551;1.748;1.029;2.219;0.000;0.793;28323
B31552;2015/02/27 00:24:59;28323;88;24.5;28.8;2.764;1.748;1.019;2.219;0.000;0.774;28324
B31552;2015/02/27 00:25:09;28324;88;28.0;29.1;2.609;1.722;1.019;2.219;0.000;0.777;28325
B31552;2015/02/27 00:25:19;28325;83;28.7;29.8;2.658;1.722;1.083;2.219;0.000;0.799;28326
B31552;2015/02/27 00:25:29;28326;89;25.4;29.5;2.732;1.761;1.083;2.235;0.000;0.761;28327
B31552;2015/02/27 00:25:39;28327;91;25.1;29.6;2.774;1.761;1.025;2.235;0.000;0.764;28328
B31552;2015/02/27 00:25:49;28328;87;31.9;29.1;2.593;1.722;1.025;2.235;0.019;0.745;28329
B31552;2015/02/27 00:25:59;28329;94;24.8;29.1;2.783;1.722;1.083;2.235;0.019;0.774;28330
B31552;2015/02/27 00:26:09;28330;92;27.0;29.3;2.667;1.754;1.083;2.248;0.019;0.748;28331
B31552;2015/02/27 00:26:19;28331;84;24.5;28.6;2.567;1.754;1.048;2.248;0.019;0.751;28332
B31552;2015/02/27 00:26:29;28332;78;24.8;29.8;2.554;1.738;1.048;2.248;0.000;0.777;28333
B31552;2015/02/27 00:26:39;28333;86;24.5;29.3;2.738;1.738;1.083;2.248;0.000;0.748;28334
B31552;2015/02/27 00:26:49;28334;89;25.8;29.5;2.790;1.732;1.083;2.199;0.000;0.777;28335
B31552;2015/02/27 00:26:59;28335;92;25.1;29.1;2.806;1.732;1.051;2.199;0.000;0.751;28336
B31552;2015/02/27 00:27:09;28336;88;27.4;29.3;2.783;1.764;1.051;2.199;0.000;0.787;28337
B31552;2015/02/27 00:27:19;28337;78;24.8;28.8;2.783;1.764;1.080;2.199;0.000;0.764;28338
B31552;2015/02/27 00:27:29;28338;90;28.7;29.1;2.593;1.738;1.080;2.238;0.000;0.787;28339
B31552;2015/02/27 00:27:39;28339;90;25.1;29.3;2.783;1.738;1.022;2.238;0.000;0.770;28340
B31552;2015/02/27 00:27:49;28340;93;31.2;28.9;2.719;1.741;1.022;2.238;0.000;0.780;28341
B31552;2015/02/27 00:27:59;28341;85;26.7;29.5;2.664;1.741;1.070;2.238;0.000;0.767;28342
B31552;2015/02/27 00:28:09;28342;95;27.4;29.6;2.580;1.719;1.070;2.199;0.000;0.761;28343
B31552;2015/02/27 00:28:19;28343;93;28.0;28.8;2.745;1.719;1.029;2.199;0.000;0.738;28344
B31552;2015/02/27 00:28:29;28344;92;23.5;28.8;2.558;1.748;1.029;2.199;0.032;0.738;28345
B31552;2015/02/27 00:28:39;28345;88;25.1;28.9;2.658;1.748;1.067;2.199;0.032;0.774;28346
B31552;2015/02/27 00:28:49;28346;93;25.1;29.6;2.783;1.764;1.067;2.216;0.032;0.738;28347
B31552;2015/02/27 00:28:59;28347;85;28.7;29.5;2.567;1.764;1.022;2.216;0.032;0.745;28348
B31552;2015/02/27 00:29:09;28348;85;27.4;29.6;2.770;1.722;1.022;2.216;0.000;0.738;28349
B31552;2015/02/27 00:29:19;28349;90;29.3;29.5;2.580;1.722;1.080;2.216;0.000;0.748;28350
B31552;2015/02/27 00:29:29;28350;83;26.7;29.6;2.580;1.732;1.080;2.270;0.000;0.748;28351
B31552;2015/02/27 00:29:39;28351;87;24.5;29.1;2.561;1.732;1.025;2.270;0.000;0.767;28352
B31552;2015/02/27 00:29:49;28352;86;26.7;29.5;2.758;1.735;1.025;2.270;0.112;0.732;28353
B31552;2015/02/27 00:29:59;28353;87;24.1;28.6;2.764;1.735;1.022;2.270;0.112;0.741;28354
B31552;2015/02/27 00:30:09;28354;87;30.0;29.6;2.567;1.764;1.022;2.222;0.112;0.738;28355
B31552;2015/02/27 00:30:19;28355;83;27.7;29.5;2.632;1.764;1.067;2.222;0.112;0.758;28356
B31552;2015/02/27 00:30:29;28356;89;25.8;29.1;2.706;1.761;1.067;2.222;0.000;0.780;28357
B31552;2015/02/27 00:30:39;28357;79;24.8;29.1;2.790;1.761;1.077;2.222;0.000;0.732;28358
B31552;2015/02/27 00:30:49;28358;89;24.5;29.5;2.770;1.748;1.077;2.238;0.000;0.741;28359
B31552;2015/02/27 00:30:59;28359;82;30.9;29.8;2.603;1.748;1.035;2.238;0.000;0.770;28360
B31552;2015/02/27 00:31:09;28360;89;24.5;29.3;2.603;1.741;1.035;2.238;0.000;0.774;28361
B31552;2015/02/27 00:31:19;28361;82;26.7;29.6;2.806;1.741;1.029;2.238;0.000;0.777;28362
B31552;2015/02/27 00:31:29;28362;93;25.1;29.6;2.799;1.725;1.029;2.232;0.000;0.751;28363
B31552;2015/02/27 00:31:39;28363;90;24.8;29.1;2.554;1.725;1.045;2.232;0.000;0.767;28364
B31552;2015/02/27 00:31:49;28364;95;26.1;29.6;2.580;1.729;1.045;2.232;0.000;0.764;28365
B31552;2015/02/27 00:31:59;28365;93;30.9;29.3;2.574;1.729;1.064;2.232;0.000;0.751;28366
B31552;2015/02/27 00:32:09;28366;83;31.6;28.9;2.758;1.745;1.064;2.245;0.000;0.774;28367
B31552;2015/02/27 00:32:19;28367;92;24.5;28.8;2.809;1.745;1.022;2.245;0.000;0.777;28368
B31552;2015/02/27 00:32:29;28368;90;25.1;29.3;2.693;1.738;1.022;2.245;0.000;0.754;28369
B31552;2015/02/27 00:32:39;28369;82;28.7;29.5;2.554;1.738;1.025;2.245;0.000;0.735;28370
B31552;2015/02/27 00:32:49;28370;87;27.0;29.6;2.754;1.738;1.025;2.222;0.000;0.780;28371
B31552;2015/02/27 00:32:59;28371;88;30.0;28.8;2.758;1.738;1.032;2.222;0.000;0.735;28372
B31552;2015/02/27 00:33:09;28372;89;25.8;29.6;2.709;1.754;1.032;2.222;0.000;0.780;28373
B31552;2015/02/27 00:33:19;28373;90;27.0;29.5;2.587;1.754;1.077;2.222;0.000;0.774;28374
B31552;2015/02/27 00:33:29;28374;88;28.7;29.6;2.570;1.722;1.077;2.203;0.000;0.761;28375
B31552;2015/02/27 00:33:39;28375;87;25.8;28.9;2.690;1.722;1.080;2.203;0.000;0.774;28376
B31552;2015/02/27 00:33:49;28376;90;27.4;29.6;2.574;1.745;1.080;2.203;0.006;0.774;28377
B31552;2015/02/27 00:33:59;28377;83;28.7;29.5;2.567;1.745;1.025;2.203;0.006;0.751;28378
B31552;2015/02/27 00:34:09;28378;87;26.7;29.6;2.580;1.745;1.025;2.232;0.006;0.758;28379
B31552;2015/02/27 00:34:19;28379;89;30.0;28.8;2.716;1.745;1.051;2.232;0.006;0.761;28380
B31552;2015/02/27 00:34:29;28380;96;30.0;29.6;2.580;1.745;1.051;2.232;0.019;0.770;28381
B31552;2015/02/27 00:34:39;28381;88;27.7;29.8;2.667;1.745;1.077;2.232;0.019;0.748;28382
B31552;2015/02/27 00:34:49;28382;91;31.9;28.8;2.641;1.758;1.077;2.264;0.019;0.758;28383
B31552;2015/02/27 00:34:59;28383;91;26.7;29.6;2.777;1.758;1.083;2.264;0.019;0.751;28384
B31552;2015/02/27 00:35:09;28384;91;25.8;29.5;2.706;1.754;1.083;2.264;0.000;0.767;28385
B31552;2015/02/27 00:35:19;28385;91;24.1;29.1;2.790;1.754;1.058;2.264;0.000;0.754;28386
B31552;2015/02/27 00:35:29;28386;93;25.4;29.5;2.580;1.761;1.058;2.216;0.000;0.725;28387
B31552;2015/02/27 00:35:39;28387;93;25.1;29.3;2.561;1.761;1.032;2.216;0.000;0.735;28388
B31552;2015/02/27 00:35:49;28388;94;27.4;29.1;2.574;1.722;1.032;2.216;0.019;0.725;28389
B31552;2015/02/27 00:35:59;28389;78;25.4;29.3;2.561;1.722;1.035;2.216;0.019;0.741;28390
B31552;2015/02/27 00:36:09;28390;91;26.7;29.6;2.580;1.767;1.035;2.219;0.019;0.725;28391
B31552;2015/02/27 00:36:19;28391;79;27.0;29.3;2.774;1.767;1.058;2.219;0.019;0.767;28392
B31552;2015/02/27 00:36:29;28392;83;30.6;28.8;2.803;1.764;1.058;2.219;0.000;0.725;28393
B31552;2015/02/27 00:36:39;28393;88;23.8;28.9;2.738;1.764;1.090;2.219;0.000;0.777;28394
B31552;2015/02/27 00:36:49;28394;93;27.7;29.6;2.777;1.735;1.090;2.222;0.000;0.767;28395
B31552;2015/02/27 00:36:59;28395;85;25.1;28.9;2.658;1.735;1.029;2.222;0.000;0.758;28396
B31552;2015/02/27 00:37:09;28396;88;29.6;29.3;2.799;1.764;1.029;2.222;0.019;0.754;28397
B31552;2015/02/27 00:37:19;28397;93;26.7;29.3;2.803;1.764;1.025;2.222;0.019;0.774;28398
B31552;2015/02/27 00:37:29;28398;93;26.7;29.8;2.574;1.722;1.025;2.196;0.019;0.738;28399
B31552;2015/02/27 00:37:39;28399;89;30.0;29.5;2.693;1.722;1.074;2.196;0.019;0.758;28400
B31552;2015/02/27 00:37:49;28400;80;28.7;29.3;2.574;1.764;1.074;2.196;0.000;0.738;28401
B31552;2015/02/27 00:37:59;28401;78;24.8;29.1;2.764;1.764;1.083;2.196;0.000;0.754;28402
B31552;2015/02/27 00:38:09;28402;96;28.7;29.5;2.625;1.738;1.083;2.248;0.000;0.787;28403
B31552;2015/02/27 00:38:19;28403;89;24.5;29.1;2.745;1.738;1.041;2.248;0.000;0.761;28404
B31552;2015/02/27 00:38:29;28404;93;24.1;29.3;2.654;1.722;1.041;2.248;0.000;0.732;28405
B31552;2015/02/27 00:38:39;28405;76;27.0;29.8;2.674;1.722;1.032;2.248;0.000;0.745;28406
B31552;2015/02/27 00:38:49;28406;78;26.1;29.5;2.580;1.764;1.032;2.216;0.000;0.732;28407
B31552;2015/02/27 00:38:59;28407;79;27.7;29.8;2.567;1.764;1.083;2.216;0.000;0.767;28408
B31552;2015/02/27 00:39:09;28408;80;27.7;29.5;2.619;1.761;1.083;2.216;0.000;0.770;28409
B31552;2015/02/27 00:39:19;28409;88;23.8;28.8;2.738;1.761;1.045;2.216;0.000;0.774;28410
B31552;2015/02/27 00:39:29;28410;78;28.7;29.1;2.787;1.722;1.045;2.258;0.000;0.751;28411
B31552;2015/02/27 00:39:39;28411;88;26.4;29.3;2.583;1.722;1.070;2.258;0.000;0.738;28412
B31552;2015/02/27 00:39:49;28412;88;26.1;29.5;2.764;1.764;1.070;2.258;0.000;0.754;28413
B31552;2015/02/27 00:39:59;28413;86;25.1;29.1;2.764;1.764;1.077;2.258;0.000;0.738;28414
B31552;2015/02/27 00:40:09;28414;84;24.8;29.6;2.593;1.725;1.077;2.245;0.000;0.780;28415
B31552;2015/02/27 00:40:19;28415;84;23.8;28.9;2.616;1.725;1.038;2.245;0.000;0.764;28416
B31552;2015/02/27 00:40:29;28416;94;27.0;29.5;2.751;1.735;1.038;2.245;0.009;0.754;28417
B31552;2015/02/27 00:40:39;28417;82;26.1;29.5;2.583;1.735;1.032;2.245;0.009;0.767;28418
B31552;2015/02/27 00:40:49;28418;93;25.1;29.6;2.641;1.764;1.032;2.251;0.009;0.754;28419
B31552;2015/02/27 00:40:59;28419;93;27.7;29.5;2.799;1.764;1.025;2.251;0.009;0.751;28420
B31552;2015/02/27 00:41:09;28420;88;28.0;29.1;2.567;1.758;1.025;2.251;0.000;0.751;28421
B31552;2015/02/27 00:41:19;28421;83;27.0;29.5;2.767;1.758;1.048;2.251;0.000;0.751;28422
B31552;2015/02/27 00:41:29;28422;86;26.7;29.3;2.787;1.735;1.048;2.241;0.000;0.787;28423
B31552;2015/02/27 00:41:39;28423;88;24.5;29.1;2.809;1.735;1.054;2.241;0.000;0.758;28424
B31552;2015/02/27 00:41:49;28424;83;26.1;29.6;2.593;1.764;1.054;2.241;0.000;0.741;28425
B31552;2015/02/27 00:41:59;28425;91;25.1;28.8;2.729;1.764;1.029;2.241;0.000;0.761;28426
B31552;2015/02/27 00:42:09;28426;91;25.1;29.1;2.690;1.751;1.029;2.251;0.000;0.732;28427
B31552;2015/02/27 00:42:19;28427;89;23.8;28.4;2.625;1.751;1.029;2.251;0.000;0.751;28428
B31552;2015/02/27 00:42:29;28428;83;30.0;29.1;2.790;1.738;1.029;2.251;0.000;0.770;28429
B31552;2015/02/27 00:42:39;28429;94;26.4;30.5;2.687;1.738;1.029;2.251;0.000;0.738;28430
B31552;2015/02/27 00:42:49;28430;81;25.8;29.5;2.803;1.764;1.029;2.248;0.000;0.738;28431
B31552;2015/02/27 00:42:59;28431;88;30.6;29.5;2.638;1.764;1.035;2.248;0.000;0.741;28432
B31552;2015/02/27 00:43:09;28432;92;28.7;29.1;2.593;1.767;1.035;2.248;0.083;0.780;28433
B31552;2015/02/27 00:43:19;28433;89;24.8;29.1;2.790;1.767;1.032;2.248;0.083;0.783;28434
B31552;2015/02/27 00:43:29;28434;93;28.3;29.3;2.654;1.764;1.032;2.219;0.083;0.745;28435
B31552;2015/02/27 00:43:39;28435;84;27.7;29.3;2.567;1.764;1.051;2.219;0.083;0.761;28436
B31552;2015/02/27 00:43:49;28436;91;25.1;29.6;2.719;1.764;1.051;2.219;0.000;0.751;28437
B31552;2015/02/27 00:43:59;28437;93;27.4;29.8;2.641;1.764;1.080;2.219;0.000;0.754;28438
B31552;2015/02/27 00:44:09;28438;96;29.0;28.8;2.783;1.764;1.080;2.219;0.000;0.787;28439
B31552;2015/02/27 00:44:19;28439;92;27.4;29.6;2.667;1.764;1.083;2.219;0.000;0.780;28440
B31552;2015/02/27 00:44:29;28440;96;26.7;29.3;2.580;1.725;1.083;2.219;0.000;0.780;28441
B31552;2015/02/27 00:44:39;28441;84;29.0;29.5;2.764;1.725;1.093;2.219;0.000;0.748;28442
B31552;2015/02/27 00:44:49;28442;83;27.0;30.0;2.777;1.767;1.093;2.229;0.000;0.764;28443
B31552;2015/02/27 00:44:59;28443;74;26.1;29.3;2.809;1.767;1.032;2.229;0.000;0.787;28444
B31552;2015/02/27 00:45:09;28444;91;31.2;29.1;2.558;1.729;1.032;2.229;0.000;0.777;28445
B31552;2015/02/27 00:45:19;28445;83;24.5;28.8;2.761;1.729;1.048;2.229;0.000;0.787;28446
B31552;2015/02/27 00:45:29;28446;86;27.4;29.5;2.580;1.729;1.048;2.264;0.000;0.774;28447
B31552;2015/02/27 00:45:39;28447;88;28.0;29.3;2.606;1.729;1.090;2.264;0.000;0.751;28448
B31552;2015/02/27 00:45:49;28448;84;26.7;29.5;2.729;1.767;1.090;2.264;0.006;0.793;28449
B31552;2015/02/27 00:45:59;28449;81;29.3;29.3;2.603;1.767;1.054;2.264;0.006;0.774;28450
B31552;2015/02/27 00:46:09;28450;88;29.3;28.8;2.558;1.745;1.054;2.264;0.006;0.767;28451
B31552;2015/02/27 00:46:19;28451;91;25.1;28.6;2.761;1.745;1.054;2.264;0.006;0.796;28452
B31552;2015/02/27 00:46:29;28452;84;27.7;29.5;2.770;1.729;1.054;2.264;0.000;0.761;28453
B31552;2015/02/27 00:46:39;28453;93;23.8;28.4;2.606;1.729;1.045;2.264;0.000;0.764;28454
B31552;2015/02/27 00:46:49;28454;88;30.0;28.9;2.567;1.729;1.045;2.225;0.000;0.787;28455
B31552;2015/02/27 00:46:59;28455;89;25.4;29.3;2.809;1.729;1.045;2.225;0.000;0.787;28456
B31552;2015/02/27 00:47:09;28456;89;24.5;28.9;2.651;1.758;1.045;2.225;0.000;0.780;28457
B31552;2015/02/27 00:47:19;28457;90;28.0;29.1;2.783;1.758;1.093;2.225;0.000;0.777;28458
B31552;2015/02/27 00:47:29;28458;88;25.8;28.9;2.580;1.725;1.093;2.264;0.000;0.758;28459
B31552;2015/02/27 00:47:39;28459;92;25.8;29.1;2.799;1.725;1.032;2.264;0.000;0.770;28460
B31552;2015/02/27 00:47:49;28460;88;29.0;29.1;2.751;1.764;1.032;2.264;0.000;0.751;28461
B31552;2015/02/27 00:47:59;28461;88;30.9;28.9;2.809;1.764;1.067;2.264;0.000;0.751;28462
B31552;2015/02/27 00:48:09;28462;88;28.0;29.6;2.712;1.758;1.067;2.209;0.000;0.751;28463
B31552;2015/02/27 00:48:19;28463;93;27.7;29.3;2.580;1.758;1.051;2.209;0.000;0.767;28464
B31552;2015/02/27 00:48:29;28464;83;25.1;29.5;2.799;1.764;1.051;2.209;0.000;0.754;28465
B31552;2015/02/27 00:48:39;28465;85;28.3;29.3;2.667;1.764;1.051;2.209;0.000;0.793;28466
B31552;2015/02/27 00:48:49;28466;84;25.8;29.1;2.803;1.741;1.051;2.238;0.000;0.764;28467
B31552;2015/02/27 00:48:59;28467;84;26.7;29.6;2.658;1.741;1.032;2.238;0.000;0.783;28468
B31552;2015/02/27 00:49:09;28468;85;26.7;29.3;2.580;1.751;1.032;2.238;0.029;0.745;28469
B31552;2015/02/27 00:49:19;28469;90;26.1;28.8;2.803;1.751;1.038;2.238;0.029;0.790;28470
B31552;2015/02/27 00:49:29;28470;85;29.3;29.1;2.680;1.732;1.038;2.270;0.029;0.780;28471
B31552;2015/02/27 00:49:39;28471;88;24.5;28.4;2.600;1.732;1.077;2.270;0.029;0.770;28472
B31552;2015/02/27 00:49:49;28472;88;24.8;29.1;2.674;1.725;1.077;2.270;0.000;0.796;28473
B31552;2015/02/27 00:49:59;28473;93;28.0;28.8;2.712;1.725;1.090;2.270;0.000;0.745;28474
B31552;2015/02/27 00:50:09;28474;83;28.7;29.1;2.787;1.764;1.090;2.222;0.000;0.745;28475
B31552;2015/02/27 00:50:19;28475;91;24.5;28.4;2.648;1.764;1.035;2.222;0.000;0.748;28476
B31552;2015/02/27 00:50:29;28476;77;26.4;29.5;2.741;1.751;1.035;2.222;0.000;0.745;28477
B31552;2015/02/27 00:50:39;28477;89;30.6;28.9;2.593;1.751;1.032;2.222;0.000;0.774;28478
B31552;2015/02/27 00:50:49;28478;92;30.3;28.6;2.803;1.751;1.032;2.206;0.000;0.793;28479
B31552;2015/02/27 00:50:59;28479;93;25.8;29.1;2.803;1.751;1.051;2.206;0.000;0.767;28480
B31552;2015/02/27 00:51:09;28480;96;30.3;28.6;2.796;1.758;1.051;2.206;0.000;0.751;28481
B31552;2015/02/27 00:51:19;28481;93;29.6;29.1;2.754;1.758;1.032;2.206;0.000;0.745;28482
B31552;2015/02/27 00:51:29;28482;78;29.0;28.8;2.606;1.725;1.032;2.241;0.000;0.748;28483
B31552;2015/02/27 00:51:39;28483;88;23.8;29.3;2.616;1.725;1.025;2.241;0.000;0.774;28484
B31552;2015/02/27 00:51:49;28484;85;27.7;28.8;2.783;1.764;1.025;2.241;0.025;0.780;28485
B31552;2015/02/27 00:51:59;28485;87;29.3;29.5;2.719;1.764;1.032;2.241;0.025;0.790;28486
B31552;2015/02/27 00:52:09;28486;87;27.0;29.5;2.696;1.725;1.032;2.203;0.025;0.783;28487
B31552;2015/02/27 00:52:19;28487;91;28.3;29.1;2.677;1.725;1.029;2.203;0.025;0.748;28488
B31552;2015/02/27 00:52:29;28488;83;28.3;30.0;2.796;1.764;1.029;2.203;0.000;0.774;28489
B31552;2015/02/27 00:52:39;28489;79;29.6;29.3;2.580;1.764;1.048;2.203;0.000;0.751;28490
B31552;2015/02/27 00:52:49;28490;92;25.1;29.3;2.690;1.729;1.048;2.245;0.000;0.751;28491
B31552;2015/02/27 00:52:59;28491;88;29.3;29.3;2.561;1.729;1.087;2.245;0.000;0.767;28492
B31552;2015/02/27 00:53:09;28492;92;25.4;29.5;2.751;1.722;1.087;2.245;0.000;0.748;28493
B31552;2015/02/27 00:53:19;28493;93;31.9;29.1;2.693;1.722;1.029;2.245;0.000;0.745;28494
B31552;2015/02/27 00:53:29;28494;93;29.6;29.1;2.558;1.722;1.029;2.270;0.000;0.793;28495
B31552;2015/02/27 00:53:39;28495;82;28.7;29.1;2.580;1.722;1.048;2.270;0.000;0.796;28496
B31552;2015/02/27 00:53:49;28496;93;30.0;28.9;2.799;1.751;1.048;2.270;0.000;0.793;28497
B31552;2015/02/27 00:53:59;28497;82;24.8;28.8;2.561;1.751;1.067;2.270;0.000;0.796;28498
B31552;2015/02/27 00:54:09;28498;82;29.6;28.8;2.787;1.735;1.067;2.235;0.000;0.793;28499
B31552;2015/02/27 00:54:19;28499;88;31.2;29.3;2.593;1.735;1.038;2.235;0.000;0.770;28500
B31552;2015/02/27 00:54:29;28500;78;27.0;29.5;2.764;1.764;1.038;2.235;0.022;0.780;28501
B31552;2015/02/27 00:54:39;28501;90;25.1;28.6;2.774;1.764;1.032;2.235;0.022;0.783;28502
B31552;2015/02/27 00:54:49;28502;89;24.8;28.9;2.561;1.764;1.032;2.219;0.022;0.761;28503
B31552;2015/02/27 00:54:59;28503;86;29.0;29.8;2.677;1.764;1.051;2.219;0.022;0.761;28504
B31552;2015/02/27 00:55:09;28504;84;28.0;28.4;2.564;1.751;1.051;2.219;0.000;0.758;28505
B31552;2015/02/27 00:55:19;28505;76;31.2;29.5;2.674;1.751;1.083;2.219;0.000;0.783;28506
B31552;2015/02/27 00:55:29;28506;78;29.3;28.8;2.593;1.745;1.083;2.238;0.000;0.787;28507
B31552;2015/02/27 00:55:39;28507;84;26.4;29.5;2.703;1.745;1.029;2.238;0.000;0.793;28508
B31552;2015/02/27 00:55:49;28508;92;25.1;29.1;2.709;1.751;1.029;2.238;0.000;0.793;28509
B31552;2015/02/27 00:55:59;28509;93;28.7;28.9;2.799;1.751;1.087;2.238;0.000;0.799;28510
B31552;2015/02/27 00:56:09;28510;93;26.7;29.3;2.587;1.741;1.087;2.222;0.000;0.780;28511
B31552;2015/02/27 00:56:19;28511;88;25.8;29.1;2.803;1.741;1.090;2.222;0.000;0.764;28512
B31552;2015/02/27 00:56:29;28512;84;25.8;29.5;2.741;1.758;1.090;2.222;0.000;0.787;28513
B31552;2015/02/27 00:56:39;28513;88;31.2;29.3;2.709;1.758;1.064;2.222;0.000;0.806;28514
B31552;2015/02/27 00:56:49;28514;86;29.3;28.8;2.787;1.748;1.064;2.267;0.000;0.764;28515
B31552;2015/02/27 00:56:59;28515;93;27.7;29.1;2.600;1.748;1.029;2.267;0.000;0.764;28516
B31552;2015/02/27 00:57:09;28516;90;25.1;29.5;2.709;1.722;1.029;2.267;0.000;0.787;28517
B31552;2015/02/27 00:57:19;28517;88;28.0;28.9;2.690;1.722;1.090;2.267;0.000;0.809;28518
B31552;2015/02/27 00:57:29;28518;82;26.7;29.3;2.719;1.748;1.090;2.245;0.000;0.761;28519
B31552;2015/02/27 00:57:39;28519;91;26.4;28.4;2.587;1.748;1.029;2.245;0.000;0.803;28520
B31552;2015/02/27 00:57:49;28520;79;27.7;29.1;2.561;1.729;1.029;2.245;0.000;0.793;28521
B31552;2015/02/27 00:57:59;28521;87;24.1;28.3;2.751;1.729;1.038;2.245;0.000;0.758;28522
B31552;2015/02/27 00:58:09;28522;88;25.8;28.9;2.570;1.741;1.038;2.251;0.000;0.767;28523
B31552;2015/02/27 00:58:19;28523;87;31.6;29.3;2.580;1.741;1.029;2.251;0.000;0.761;28524
B31552;2015/02/27 00:58:29;28524;83;26.1;29.5;2.745;1.745;1.029;2.251;0.000;0.758;28525
B31552;2015/02/27 00:58:39;28525;78;26.4;28.9;2.741;1.745;1.090;2.251;0.000;0.754;28526
B31552;2015/02/27 00:58:49;28526;96;31.6;28.8;2.803;1.767;1.090;2.216;0.000;0.774;28527
B31552;2015/02/27 00:58:59;28527;85;28.7;28.9;2.790;1.767;1.054;2.216;0.000;0.758;28528
B31552;2015/02/27 00:59:09;28528;80;27.4;29.1;2.709;1.758;1.054;2.216;0.000;0.758;28529
B31552;2015/02/27 00:59:19;28529;75;30.0;28.8;2.693;1.758;1.090;2.216;0.000;0.761;28530
B31552;2015/02/27 00:59:29;28530;76;26.7;29.1;2.580;1.767;1.090;2.277;0.000;0.777;28531
B31552;2015/02/27 00:59:39;28531;83;26.4;28.9;2.703;1.767;1.029;2.277;0.000;0.796;28532
B31552;2015/02/27 00:59:49;28532;91;25.8;29.5;2.803;1.748;1.029;2.277;0.000;0.793;28533
B31552;2015/02/27 00:59:59;28533;90;30.6;28.8;2.570;1.748;1.029;2.277;0.000;0.764;28534
B31552;2015/02/27 01:00:09;28534;93;28.3;29.1;2.783;1.754;1.029;2.264;0.000;0.767;28535
B31552;2015/02/27 01:00:19;28535;85;28.0;29.3;2.596;1.754;1.087;2.264;0.000;0.809;28536
B31552;2015/02/27 01:00:29;28536;91;27.7;29.3;2.783;1.741;1.087;2.264;0.000;0.796;28537
B31552;2015/02/27 01:00:39;28537;87;28.0;29.3;2.600;1.741;1.029;2.264;0.000;0.796;28538
B31552;2015/02/27 01:00:49;28538;93;23.8;29.3;2.641;1.754;1.029;2.225;0.000;0.767;28539
B31552;2015/02/27 01:00:59;28539;94;25.1;28.8;2.716;1.754;1.083;2.225;0.000;0.767;28540
B31552;2015/02/27 01:01:09;28540;88;25.8;29.3;2.799;1.751;1.083;2.225;0.000;0.806;28541
B31552;2015/02/27 01:01:19;28541;94;25.1;28.9;2.596;1.751;1.035;2.225;0.000;0.803;28542
B31552;2015/02/27 01:01:29;28542;94;28.3;28.9;2.799;1.758;1.035;2.258;0.000;0.764;28543
B31552;2015/02/27 01:01:39;28543;83;26.1;28.9;2.751;1.758;1.035;2.258;0.000;0.764;28544
B31552;2015/02/27 01:01:49;28544;96;26.7;29.1;2.580;1.761;1.035;2.258;0.000;0.764;28545
B31552;2015/02/27 01:01:59;28545;88;25.8;28.4;2.580;1.761;1.058;2.258;0.000;0.767;28546
B31552;2015/02/27 01:02:09;28546;78;30.0;29.1;2.574;1.725;1.058;2.280;0.000;0.787;28547
B31552;2015/02/27 01:02:19;28547;75;29.6;29.3;2.616;1.725;1.035;2.280;0.000;0.783;28548
B31552;2015/02/27 01:02:29;28548;87;27.4;29.1;2.561;1.738;1.035;2.280;0.000;0.787;28549
B31552;2015/02/27 01:02:39;28549;83;30.6;28.9;2.561;1.738;1.090;2.280;0.000;0.787;28550
B31552;2015/02/27 01:02:49;28550;83;28.0;29.1;2.670;1.732;1.090;2.248;0.000;0.787;28551
B31552;2015/02/27 01:02:59;28551;93;26.1;28.9;2.738;1.732;1.077;2.248;0.000;0.777;28552
B31552;2015/02/27 01:03:09;28552;88;26.7;29.1;2.580;1.748;1.077;2.248;0.000;0.796;28553
B31552;2015/02/27 01:03:19;28553;87;27.4;28.4;2.587;1.748;1.029;2.248;0.000;0.767;28554
B31552;2015/02/27 01:03:29;28554;93;26.7;29.1;2.580;1.729;1.029;2.229;0.000;0.764;28555
B31552;2015/02/27 01:03:39;28555;92;25.1;28.9;2.693;1.729;1.054;2.229;0.000;0.803;28556
B31552;2015/02/27 01:03:49;28556;86;30.6;29.1;2.667;1.764;1.054;2.229;0.000;0.770;28557
B31552;2015/02/27 01:03:59;28557;86;26.7;29.1;2.787;1.764;1.051;2.229;0.000;0.787;28558
B31552;2015/02/27 01:04:09;28558;88;25.4;29.1;2.603;1.767;1.051;2.222;0.000;0.761;28559
B31552;2015/02/27 01:04:19;28559;78;25.8;28.9;2.803;1.767;1.025;2.222;0.000;0.761;28560
B31552;2015/02/27 01:04:29;28560;90;24.8;28.9;2.558;1.761;1.025;2.222;0.000;0.764;28561
B31552;2015/02/27 01:04:39;28561;93;29.6;29.5;2.732;1.761;1.090;2.222;0.000;0.774;28562
B31552;2015/02/27 01:04:49;28562;91;25.1;29.3;2.677;1.754;1.090;2.287;0.000;0.751;28563
B31552;2015/02/27 01:04:59;28563;76;25.1;28.4;2.625;1.754;1.029;2.287;0.000;0.751;28564
B31552;2015/02/27 01:05:09;28564;93;28.7;28.8;2.567;1.745;1.029;2.287;0.000;0.796;28565
B31552;2015/02/27 01:05:19;28565;91;26.4;28.9;2.803;1.745;1.032;2.287;0.000;0.751;28566
B31552;2015/02/27 01:05:29;28566;85;29.6;29.1;2.558;1.748;1.032;2.287;0.000;0.758;28567
B31552;2015/02/27 01:05:39;28567;86;28.7;29.1;2.561;1.748;1.048;2.287;0.000;0.758;28568
B31552;2015/02/27 01:05:49;28568;88;28.3;28.8;2.587;1.761;1.048;2.287;0.000;0.748;28569
B31552;2015/02/27 01:05:59;28569;92;25.4;29.1;2.803;1.761;1.045;2.287;0.000;0.751;28570
B31552;2015/02/27 01:06:09;28570;93;30.0;29.3;2.670;1.758;1.045;2.235;0.000;0.758;28571
B31552;2015/02/27 01:06:19;28571;88;28.0;29.3;2.606;1.758;1.029;2.235;0.000;0.783;28572
B31552;2015/02/27 01:06:29;28572;84;24.5;29.1;2.651;1.767;1.029;2.235;0.016;0.751;28573
B31552;2015/02/27 01:06:39;28573;90;24.5;28.4;2.612;1.767;1.045;2.235;0.016;0.783;28574
B31552;2015/02/27 01:06:49;28574;85;27.4;29.8;2.558;1.767;1.045;2.267;0.016;0.764;28575
B31552;2015/02/27 01:06:59;28575;75;30.6;29.3;2.600;1.767;1.029;2.267;0.016;0.796;28576
B31552;2015/02/27 01:07:09;28576;81;26.4;29.5;2.761;1.748;1.029;2.267;0.006;0.796;28577
B31552;2015/02/27 01:07:19;28577;77;29.6;29.1;2.580;1.748;1.032;2.267;0.006;0.783;28578
B31552;2015/02/27 01:07:29;28578;92;28.7;28.8;2.600;1.761;1.032;2.245;0.006;0.758;28579
B31552;2015/02/27 01:07:39;28579;91;25.4;28.9;2.693;1.761;1.077;2.245;0.006;0.764;28580
B31552;2015/02/27 01:07:49;28580;78;24.5;29.5;2.606;1.758;1.077;2.245;0.000;0.758;28581
B31552;2015/02/27 01:07:59;28581;83;26.7;29.1;2.690;1.758;1.029;2.245;0.000;0.803;28582
B31552;2015/02/27 01:08:09;28582;89;27.7;29.3;2.777;1.751;1.029;2.232;0.000;0.783;28583
B31552;2015/02/27 01:08:19;28583;79;25.1;28.8;2.725;1.751;1.045;2.232;0.000;0.758;28584
B31552;2015/02/27 01:08:29;28584;93;28.0;29.1;2.790;1.741;1.045;2.232;0.032;0.777;28585
B31552;2015/02/27 01:08:39;28585;89;26.1;29.1;2.809;1.741;1.032;2.232;0.032;0.770;28586
B31552;2015/02/27 01:08:49;28586;88;28.7;29.5;2.796;1.729;1.032;2.245;0.032;0.774;28587
B31552;2015/02/27 01:08:59;28587;88;26.7;29.6;2.693;1.729;1.035;2.245;0.032;0.774;28588
B31552;2015/02/27 01:09:09;28588;81;25.1;28.9;2.580;1.729;1.035;2.245;0.000;0.777;28589
B31552;2015/02/27 01:09:19;28589;88;28.7;29.1;2.561;1.729;1.064;2.245;0.000;0.764;28590
B31552;2015/02/27 01:09:29;28590;89;27.4;29.5;2.554;1.770;1.064;2.303;0.000;0.770;28591
B31552;2015/02/27 01:09:39;28591;78;25.4;28.9;2.803;1.770;1.032;2.303;0.000;0.774;28592
B31552;2015/02/27 01:09:49;28592;87;30.3;28.4;2.799;1.732;1.032;2.303;0.000;0.770;28593
B31552;2015/02/27 01:09:59;28593;88;27.0;29.3;2.780;1.732;1.083;2.303;0.000;0.806;28594
B31552;2015/02/27 01:10:09;28594;88;26.7;29.3;2.790;1.748;1.083;2.254;0.000;0.793;28595
B31552;2015/02/27 01:10:19;28595;81;26.7;29.1;2.803;1.748;1.093;2.254;0.000;0.754;28596
B31552;2015/02/27 01:10:29;28596;83;29.3;29.1;2.651;1.729;1.093;2.254;0.000;0.777;28597
B31552;2015/02/27 01:10:39;28597;91;24.5;28.6;2.770;1.729;1.090;2.254;0.000;0.787;28598
B31552;2015/02/27 01:10:49;28598;97;30.6;28.9;2.754;1.764;1.090;2.235;0.000;0.758;28599
B31552;2015/02/27 01:10:59;28599;94;28.7;29.3;2.690;1.764;1.045;2.235;0.000;0.770;28600
B31552;2015/02/27 01:11:09;28600;79;24.5;29.1;2.677;1.732;1.045;2.235;0.000;0.774;28601
B31552;2015/02/27 01:11:19;28601;87;31.9;28.9;2.809;1.732;1.070;2.235;0.000;0.751;28602
B31552;2015/02/27 01:11:29;28602;88;27.4;29.5;2.570;1.761;1.070;2.280;0.000;0.748;28603
B31552;2015/02/27 01:11:39;28603;93;28.7;29.5;2.774;1.761;1.090;2.280;0.000;0.758;28604
B31552;2015/02/27 01:11:49;28604;79;26.7;29.3;2.745;1.729;1.090;2.280;0.000;0.758;28605
B31552;2015/02/27 01:11:59;28605;87;30.0;28.8;2.812;1.729;1.035;2.280;0.000;0.780;28606
B31552;2015/02/27 01:12:09;28606;94;25.1;28.9;2.574;1.751;1.035;2.254;0.000;0.751;28607
B31552;2015/02/27 01:12:19;28607;84;28.3;29.5;2.580;1.751;1.093;2.254;0.000;0.770;28608
B31552;2015/02/27 01:12:29;28608;83;26.4;29.3;2.725;1.767;1.093;2.254;0.000;0.787;28609
B31552;2015/02/27 01:12:39;28609;77;26.1;28.9;2.699;1.767;1.029;2.254;0.000;0.761;28610
B31552;2015/02/27 01:12:49;28610;82;25.1;28.9;2.561;1.741;1.029;2.216;0.000;0.780;28611
B31552;2015/02/27 01:12:59;28611;93;31.2;29.5;2.583;1.741;1.048;2.216;0.000;0.796;28612
B31552;2015/02/27 01:13:09;28612;89;28.0;29.3;2.712;1.764;1.048;2.216;0.000;0.767;28613
B31552;2015/02/27 01:13:19;28613;87;28.0;28.8;2.735;1.764;1.035;2.216;0.000;0.751;28614
B31552;2015/02/27 01:13:29;28614;88;28.7;28.9;2.783;1.741;1.035;2.216;0.000;0.780;28615
B31552;2015/02/27 01:13:39;28615;85;30.6;29.5;2.693;1.741;1.035;2.216;0.000;0.735;28616
B31552;2015/02/27 01:13:49;28616;87;31.2;28.4;2.783;1.735;1.035;2.216;0.000;0.761;28617
B31552;2015/02/27 01:13:59;28617;84;25.4;29.3;2.812;1.735;1.054;2.216;0.000;0.754;28618
B31552;2015/02/27 01:14:09;28618;91;27.7;29.6;2.799;1.767;1.054;2.229;0.000;0.738;28619
B31552;2015/02/27 01:14:19;28619;89;30.6;29.5;2.616;1.767;1.035;2.229;0.000;0.741;28620
B31552;2015/02/27 01:14:29;28620;92;27.4;29.1;2.558;1.767;1.035;2.229;0.000;0.738;28621
B31552;2015/02/27 01:14:39;28621;82;27.4;29.3;2.622;1.767;1.035;2.229;0.000;0.751;28622
B31552;2015/02/27 01:14:49;28622;88;28.7;28.8;2.751;1.754;1.035;2.258;0.000;0.767;28623
B31552;2015/02/27 01:14:59;28623;85;23.8;29.1;2.612;1.754;1.025;2.258;0.000;0.767;28624
B31552;2015/02/27 01:15:09;28624;88;31.6;28.9;2.754;1.735;1.025;2.258;0.000;0.758;28625
B31552;2015/02/27 01:15:19;28625;84;24.1;28.6;2.567;1.735;1.083;2.258;0.000;0.758;28626
B31552;2015/02/27 01:15:29;28626;78;24.5;29.3;2.654;1.738;1.083;2.270;0.000;0.780;28627
B31552;2015/02/27 01:15:39;28627;85;28.7;29.5;2.712;1.738;1.035;2.270;0.000;0.745;28628
B31552;2015/02/27 01:15:49;28628;93;28.0;28.9;2.567;1.732;1.035;2.270;0.012;0.764;28629
B31552;2015/02/27 01:15:59;28629;81;27.7;29.3;2.587;1.732;1.090;2.270;0.012;0.796;28630
B31552;2015/02/27 01:16:09;28630;88;24.1;29.1;2.777;1.745;1.090;2.222;0.012;0.783;28631
B31552;2015/02/27 01:16:19;28631;85;23.8;28.8;2.783;1.745;1.029;2.222;0.012;0.770;28632
B31552;2015/02/27 01:16:29;28632;84;24.8;29.3;2.600;1.729;1.029;2.222;0.051;0.770;28633
B31552;2015/02/27 01:16:39;28633;85;28.7;29.1;2.732;1.729;1.064;2.222;0.051;0.741;28634
B31552;2015/02/27 01:16:49;28634;93;30.3;28.9;2.716;1.735;1.064;2.238;0.051;0.767;28635
B31552;2015/02/27 01:16:59;28635;87;28.0;29.1;2.606;1.735;1.048;2.238;0.051;0.758;28636
B31552;2015/02/27 01:17:09;28636;90;24.5;29.1;2.780;1.741;1.048;2.238;0.006;0.738;28637
B31552;2015/02/27 01:17:19;28637;83;27.0;29.1;2.687;1.741;1.035;2.238;0.006;0.748;28638
B31552;2015/02/27 01:17:29;28638;85;30.0;29.3;2.680;1.770;1.035;2.229;0.006;0.751;28639
B31552;2015/02/27 01:17:39;28639;76;29.6;29.1;2.561;1.770;1.093;2.229;0.006;0.745;28640
B31552;2015/02/27 01:17:49;28640;80;26.7;29.3;2.580;1.729;1.093;2.229;0.006;0.751;28641
B31552;2015/02/27 01:17:59;28641;88;26.4;29.5;2.793;1.729;1.090;2.229;0.006;0.748;28642
B31552;2015/02/27 01:18:09;28642;93;27.0;29.3;2.767;1.745;1.090;2.270;0.006;0.783;28643
B31552;2015/02/27 01:18:19;28643;82;23.8;28.8;2.770;1.745;1.083;2.270;0.006;0.748;28644
B31552;2015/02/27 01:18:29;28644;88;25.1;29.5;2.790;1.767;1.083;2.270;0.000;0.745;28645
B31552;2015/02/27 01:18:39;28645;94;29.3;29.3;2.703;1.767;1.083;2.270;0.000;0.748;28646
B31552;2015/02/27 01:18:49;28646;89;24.5;29.1;2.625;1.761;1.083;2.235;0.000;0.751;28647
B31552;2015/02/27 01:18:59;28647;94;23.8;29.3;2.751;1.761;1.058;2.235;0.000;0.748;28648
B31552;2015/02/27 01:19:09;28648;87;25.8;29.3;2.719;1.725;1.058;2.235;0.138;0.751;28649
B31552;2015/02/27 01:19:19;28649;87;30.0;28.9;2.690;1.725;1.029;2.235;0.138;0.748;28650
B31552;2015/02/27 01:19:29;28650;87;29.3;29.3;2.799;1.758;1.029;2.241;0.138;0.774;28651
B31552;2015/02/27 01:19:39;28651;92;26.7;29.1;2.777;1.758;1.051;2.241;0.138;0.754;28652
B31552;2015/02/27 01:19:49;28652;88;23.8;28.9;2.561;1.725;1.051;2.241;0.000;0.770;28653
B31552;2015/02/27 01:19:59;28653;84;31.2;28.9;2.809;1.725;1.038;2.241;0.000;0.770;28654
B31552;2015/02/27 01:20:09;28654;87;29.3;29.8;2.803;1.725;1.038;2.235;0.000;0.764;28655
B31552;2015/02/27 01:20:19;28655;83;26.7;29.3;2.787;1.725;1.077;2.235;0.000;0.787;28656
B31552;2015/02/27 01:20:29;28656;88;27.4;28.9;2.803;1.767;1.077;2.235;0.000;0.758;28657
B31552;2015/02/27 01:20:39;28657;93;27.7;28.9;2.567;1.767;1.083;2.235;0.000;0.803;28658
B31552;2015/02/27 01:20:49;28658;85;30.3;28.8;2.580;1.725;1.083;2.277;0.000;0.764;28659
B31552;2015/02/27 01:20:59;28659;77;25.1;28.8;2.790;1.725;1.054;2.277;0.000;0.764;28660
B31552;2015/02/27 01:21:09;28660;90;26.4;28.9;2.587;1.767;1.054;2.277;0.029;0.758;28661
B31552;2015/02/27 01:21:19;28661;78;28.7;29.3;2.745;1.767;1.077;2.277;0.029;0.758;28662
B31552;2015/02/27 01:21:29;28662;88;29.3;28.8;2.803;1.745;1.077;2.264;0.029;0.793;28663
B31552;2015/02/27 01:21:39;28663;75;26.1;29.3;2.809;1.745;1.070;2.264;0.029;0.758;28664
B31552;2015/02/27 01:21:49;28664;88;26.7;29.3;2.574;1.764;1.070;2.264;0.003;0.764;28665
B31552;2015/02/27 01:21:59;28665;85;26.1;28.9;2.716;1.764;1.032;2.264;0.003;0.793;28666
B31552;2015/02/27 01:22:09;28666;93;28.7;29.6;2.580;1.751;1.032;2.261;0.003;0.758;28667
B31552;2015/02/27 01:22:19;28667;87;28.7;29.1;2.587;1.751;1.087;2.261;0.003;0.803;28668
B31552;2015/02/27 01:22:29;28668;95;29.3;28.6;2.561;1.751;1.087;2.261;0.000;0.777;28669
B31552;2015/02/27 01:22:39;28669;86;30.3;29.3;2.580;1.751;1.054;2.261;0.000;0.754;28670
B31552;2015/02/27 01:22:49;28670;91;29.0;28.9;2.564;1.722;1.054;2.270;0.000;0.764;28671
B31552;2015/02/27 01:22:59;28671;89;26.4;29.5;2.693;1.722;1.038;2.270;0.000;0.770;28672
B31552;2015/02/27 01:23:09;28672;82;27.4;29.1;2.580;1.764;1.038;2.270;0.000;0.758;28673
B31552;2015/02/27 01:23:19;28673;81;27.4;29.3;2.761;1.764;1.035;2.270;0.000;0.751;28674
B31552;2015/02/27 01:23:29;28674;85;30.9;28.4;2.735;1.741;1.035;2.229;0.000;0.777;28675
B31552;2015/02/27 01:23:39;28675;81;28.7;28.9;2.567;1.741;1.080;2.229;0.000;0.758;28676
B31552;2015/02/27 01:23:49;28676;83;27.0;29.1;2.764;1.754;1.080;2.229;0.000;0.770;28677
B31552;2015/02/27 01:23:59;28677;88;30.6;29.3;2.587;1.754;1.045;2.229;0.000;0.770;28678
B31552;2015/02/27 01:24:09;28678;87;28.7;28.8;2.564;1.745;1.045;2.222;0.000;0.787;28679
B31552;2015/02/27 01:24:19;28679;93;27.7;29.6;2.803;1.745;1.045;2.222;0.000;0.745;28680
B31552;2015/02/27 01:24:29;28680;84;29.3;28.6;2.803;1.722;1.045;2.222;0.006;0.751;28681
B31552;2015/02/27 01:24:39;28681;83;28.3;29.3;2.600;1.722;1.032;2.222;0.006;0.748;28682
B31552;2015/02/27 01:24:49;28682;83;25.1;29.1;2.803;1.764;1.032;2.219;0.006;0.761;28683
B31552;2015/02/27 01:24:59;28683;86;30.6;29.1;2.596;1.764;1.029;2.219;0.006;0.751;28684
B31552;2015/02/27 01:25:09;28684;91;24.5;29.3;2.777;1.754;1.029;2.219;0.000;0.770;28685
B31552;2015/02/27 01:25:19;28685;78;28.7;28.9;2.574;1.754;1.029;2.219;0.000;0.745;28686
B31552;2015/02/27 01:25:29;28686;93;26.7;29.1;2.580;1.745;1.029;2.245;0.000;0.780;28687
B31552;2015/02/27 01:25:39;28687;88;29.3;29.5;2.580;1.745;1.032;2.245;0.000;0.774;28688
B31552;2015/02/27 01:25:49;28688;87;31.2;28.8;2.790;1.722;1.032;2.245;0.006;0.751;28689
B31552;2015/02/27 01:25:59;28689;85;23.8;28.6;2.738;1.722;1.051;2.245;0.006;0.761;28690
B31552;2015/02/27 01:26:09;28690;82;25.1;29.3;2.796;1.761;1.051;2.258;0.006;0.767;28691
B31552;2015/02/27 01:26:19;28691;83;25.4;29.3;2.803;1.761;1.029;2.258;0.006;0.748;28692
B31552;2015/02/27 01:26:29;28692;79;28.0;29.1;2.580;1.738;1.029;2.258;0.000;0.770;28693
B31552;2015/02/27 01:26:39;28693;80;24.8;29.3;2.561;1.738;1.041;2.258;0.000;0.774;28694
B31552;2015/02/27 01:26:49;28694;94;25.8;28.9;2.764;1.754;1.041;2.261;0.000;0.774;28695
B31552;2015/02/27 01:26:59;28695;87;27.4;29.8;2.651;1.754;1.025;2.261;0.000;0.751;28696
B31552;2015/02/27 01:27:09;28696;83;27.7;28.9;2.645;1.758;1.025;2.261;0.000;0.774;28697
B31552;2015/02/27 01:27:19;28697;93;25.1;28.9;2.703;1.758;1.045;2.261;0.000;0.738;28698
B31552;2015/02/27 01:27:29;28698;92;24.5;29.1;2.767;1.729;1.045;2.264;0.000;0.754;28699
B31552;2015/02/27 01:27:39;28699;92;23.8;28.8;2.751;1.729;1.064;2.264;0.000;0.738;28700
B31552;2015/02/27 01:27:49;28700;85;30.6;29.1;2.670;1.729;1.064;2.264;0.000;0.748;28701
B31552;2015/02/27 01:27:59;28701;81;25.1;29.1;2.803;1.729;1.032;2.264;0.000;0.738;28702
B31552;2015/02/27 01:28:09;28702;89;27.4;29.6;2.687;1.761;1.032;2.280;0.000;0.758;28703
B31552;2015/02/27 01:28:19;28703;87;30.0;28.8;2.751;1.761;1.077;2.280;0.000;0.745;28704
B31552;2015/02/27 01:28:29;28704;94;24.1;28.9;2.574;1.745;1.077;2.280;0.000;0.780;28705
B31552;2015/02/27 01:28:39;28705;83;24.8;28.4;2.629;1.745;1.035;2.280;0.000;0.761;28706
B31552;2015/02/27 01:28:49;28706;88;25.1;29.3;2.687;1.748;1.035;2.258;0.000;0.780;28707
B31552;2015/02/27 01:28:59;28707;94;25.4;28.8;2.803;1.748;1.051;2.258;0.000;0.738;28708
B31552;2015/02/27 01:29:09;28708;90;24.1;29.5;2.761;1.767;1.051;2.258;0.000;0.745;28709
B31552;2015/02/27 01:29:19;28709;91;30.6;28.9;2.670;1.767;1.035;2.258;0.000;0.761;28710
B31552;2015/02/27 01:29:29;28710;89;28.7;28.3;2.790;1.725;1.035;2.270;0.000;0.745;28711
B31552;2015/02/27 01:29:39;28711;87;27.0;28.9;2.770;1.725;1.032;2.270;0.000;0.780;28712
B31552;2015/02/27 01:29:49;28712;92;29.3;29.5;2.796;1.725;1.032;2.270;0.000;0.761;28713
B31552;2015/02/27 01:29:59;28713;88;27.4;29.3;2.764;1.725;1.032;2.270;0.000;0.783;28714
B31552;2015/02/27 01:30:09;28714;93;26.7;28.9;2.803;1.754;1.032;2.287;0.000;0.748;28715
B31552;2015/02/27 01:30:19;28715;83;27.7;28.9;2.790;1.754;1.051;2.287;0.000;0.790;28716
B31552;2015/02/27 01:30:29;28716;93;28.7;28.3;2.570;1.751;1.051;2.287;0.006;0.770;28717
B31552;2015/02/27 01:30:39;28717;90;28.3;28.8;2.593;1.751;1.032;2.287;0.006;0.761;28718
B31552;2015/02/27 01:30:49;28718;96;24.5;29.3;2.767;1.764;1.032;2.277;0.006;0.751;28719
B31552;2015/02/27 01:30:59;28719;88;26.7;29.1;2.790;1.764;1.029;2.277;0.006;0.777;28720
B31552;2015/02/27 01:31:09;28720;91;27.0;28.9;2.622;1.732;1.029;2.277;0.000;0.767;28721
B31552;2015/02/27 01:31:19;28721;82;25.8;28.4;2.587;1.732;1.032;2.277;0.000;0.745;28722
B31552;2015/02/27 01:31:29;28722;88;25.8;28.9;2.761;1.722;1.032;2.293;0.000;0.751;28723
B31552;2015/02/27 01:31:39;28723;77;28.7;28.8;2.567;1.722;1.083;2.293;0.000;0.774;28724
B31552;2015/02/27 01:31:49;28724;87;27.7;29.5;2.570;1.735;1.083;2.293;0.125;0.761;28725
B31552;2015/02/27 01:31:59;28725;89;31.2;29.3;2.732;1.735;1.032;2.293;0.125;0.774;28726
B31552;2015/02/27 01:32:09;28726;95;26.4;29.3;2.790;1.770;1.032;2.238;0.125;0.748;28727
B31552;2015/02/27 01:32:19;28727;80;26.1;28.9;2.712;1.770;1.025;2.238;0.125;0.770;28728
B31552;2015/02/27 01:32:29;28728;83;28.3;28.9;2.680;1.745;1.025;2.238;0.000;0.751;28729
B31552;2015/02/27 01:32:39;28729;91;27.4;28.4;2.583;1.745;1.058;2.238;0.000;0.796;28730
B31552;2015/02/27 01:32:49;28730;89;26.4;28.9;2.641;1.725;1.058;2.280;0.000;0.793;28731
B31552;2015/02/27 01:32:59;28731;85;26.4;28.4;2.693;1.725;1.029;2.280;0.000;0.767;28732
B31552;2015/02/27 01:33:09;28732;93;31.2;28.8;2.593;1.735;1.029;2.280;0.000;0.793;28733
B31552;2015/02/27 01:33:19;28733;78;25.1;28.4;2.674;1.735;1.032;2.280;0.000;0.770;28734
B31552;2015/02/27 01:33:29;28734;86;29.0;28.9;2.687;1.738;1.032;2.293;0.000;0.770;28735
B31552;2015/02/27 01:33:39;28735;83;28.0;28.8;2.619;1.738;1.090;2.293;0.000;0.767;28736
B31552;2015/02/27 01:33:49;28736;94;25.4;29.3;2.696;1.767;1.090;2.293;0.000;0.745;28737
B31552;2015/02/27 01:33:59;28737;88;26.1;29.1;2.812;1.767;1.064;2.293;0.000;0.790;28738
B31552;2015/02/27 01:34:09;28738;83;28.0;29.1;2.712;1.745;1.064;2.248;0.000;0.761;28739
B31552;2015/02/27 01:34:19;28739;84;30.6;29.3;2.680;1.745;1.029;2.248;0.000;0.751;28740
B31552;2015/02/27 01:34:29;28740;89;27.0;28.9;2.774;1.725;1.029;2.248;0.000;0.751;28741
B31552;2015/02/27 01:34:39;28741;88;28.7;28.9;2.790;1.725;1.054;2.248;0.000;0.774;28742
B31552;2015/02/27 01:34:49;28742;83;28.7;28.8;2.803;1.758;1.054;2.267;0.000;0.745;28743
B31552;2015/02/27 01:34:59;28743;88;28.7;28.9;2.574;1.758;1.032;2.267;0.000;0.745;28744
B31552;2015/02/27 01:35:09;28744;83;30.3;28.4;2.745;1.735;1.032;2.267;0.000;0.787;28745
B31552;2015/02/27 01:35:19;28745;79;29.3;28.9;2.583;1.735;1.032;2.267;0.000;0.764;28746
B31552;2015/02/27 01:35:29;28746;96;31.2;28.6;2.803;1.741;1.032;2.229;0.000;0.793;28747
B31552;2015/02/27 01:35:39;28747;75;27.4;28.9;2.777;1.741;1.090;2.229;0.000;0.764;28748
B31552;2015/02/27 01:35:49;28748;81;24.1;28.9;2.558;1.729;1.090;2.229;0.000;0.761;28749
B31552;2015/02/27 01:35:59;28749;76;29.3;29.3;2.580;1.729;1.090;2.229;0.000;0.780;28750
B31552;2015/02/27 01:36:09;28750;89;26.7;29.5;2.741;1.770;1.090;2.254;0.000;0.767;28751
B31552;2015/02/27 01:36:19;28751;90;25.1;28.8;2.803;1.770;1.032;2.254;0.000;0.780;28752
B31552;2015/02/27 01:36:29;28752;82;28.7;29.6;2.803;1.732;1.032;2.254;0.000;0.764;28753
B31552;2015/02/27 01:36:39;28753;81;25.1;28.4;2.764;1.732;1.087;2.254;0.000;0.751;28754
B31552;2015/02/27 01:36:49;28754;88;31.9;28.4;2.558;1.732;1.087;2.280;0.000;0.764;28755
B31552;2015/02/27 01:36:59;28755;83;28.0;29.3;2.612;1.732;1.083;2.280;0.000;0.751;28756
B31552;2015/02/27 01:37:09;28756;89;28.7;28.8;2.567;1.735;1.083;2.280;0.032;0.761;28757
B31552;2015/02/27 01:37:19;28757;85;25.1;29.1;2.561;1.735;1.090;2.280;0.032;0.770;28758
B31552;2015/02/27 01:37:29;28758;95;28.3;29.1;2.558;1.732;1.090;2.270;0.032;0.754;28759
B31552;2015/02/27 01:37:39;28759;88;27.7;29.1;2.609;1.732;1.035;2.270;0.032;0.796;28760
B31552;2015/02/27 01:37:49;28760;93;30.6;29.1;2.574;1.754;1.035;2.270;0.006;0.787;28761
B31552;2015/02/27 01:37:59;28761;88;30.6;29.3;2.580;1.754;1.087;2.270;0.006;0.761;28762
B31552;2015/02/27 01:38:09;28762;80;24.5;29.1;2.735;1.741;1.087;2.283;0.006;0.761;28763
B31552;2015/02/27 01:38:19;28763;86;23.8;28.8;2.758;1.741;1.054;2.283;0.006;0.770;28764
B31552;2015/02/27 01:38:29;28764;93;27.4;28.9;2.790;1.729;1.054;2.283;0.138;0.761;28765
B31552;2015/02/27 01:38:39;28765;93;30.0;29.1;2.661;1.729;1.083;2.283;0.138;0.790;28766
B31552;2015/02/27 01:38:49;28766;93;29.6;29.5;2.803;1.738;1.083;2.261;0.138;0.780;28767
B31552;2015/02/27 01:38:59;28767;87;30.0;28.8;2.777;1.738;1.061;2.261;0.138;0.796;28768
B31552;2015/02/27 01:39:09;28768;90;28.7;28.4;2.770;1.758;1.061;2.261;0.000;0.793;28769
B31552;2015/02/27 01:39:19;28769;88;25.8;28.8;2.809;1.758;1.093;2.261;0.000;0.770;28770
B31552;2015/02/27 01:39:29;28770;86;30.0;29.1;2.654;1.748;1.093;2.254;0.000;0.793;28771
B31552;2015/02/27 01:39:39;28771;84;28.0;28.3;2.770;1.748;1.035;2.254;0.000;0.774;28772
B31552;2015/02/27 01:39:49;28772;94;28.0;29.3;2.712;1.741;1.035;2.254;0.000;0.764;28773
B31552;2015/02/27 01:39:59;28773;87;28.3;28.8;2.567;1.741;1.077;2.254;0.000;0.787;28774
B31552;2015/02/27 01:40:09;28774;83;27.7;28.3;2.709;1.770;1.077;2.267;0.000;0.751;28775
B31552;2015/02/27 01:40:19;28775;84;27.0;29.3;2.806;1.770;1.035;2.267;0.000;0.770;28776
B31552;2015/02/27 01:40:29;28776;86;26.4;28.9;2.625;1.758;1.035;2.267;0.019;0.758;28777
B31552;2015/02/27 01:40:39;28777;92;31.9;29.3;2.583;1.758;1.087;2.267;0.019;0.758;28778
B31552;2015/02/27 01:40:49;28778;89;24.5;29.5;2.651;1.741;1.087;2.264;0.019;0.780;28779
B31552;2015/02/27 01:40:59;28779;91;30.3;29.3;2.693;1.741;1.080;2.264;0.019;0.751;28780
B31552;2015/02/27 01:41:09;28780;87;27.7;29.3;2.554;1.725;1.080;2.264;0.000;0.748;28781
B31552;2015/02/27 01:41:19;28781;90;26.4;29.3;2.809;1.725;1.035;2.264;0.000;0.764;28782
B31552;2015/02/27 01:41:29;28782;88;31.6;28.4;2.783;1.751;1.035;2.261;0.000;0.787;28783
B31552;2015/02/27 01:41:39;28783;83;28.7;28.9;2.561;1.751;1.093;2.261;0.000;0.790;28784
B31552;2015/02/27 01:41:49;28784;86;25.8;29.3;2.803;1.764;1.093;2.261;0.000;0.745;28785
B31552;2015/02/27 01:41:59;28785;90;27.4;29.1;2.780;1.764;1.083;2.261;0.000;0.780;28786
B31552;2015/02/27 01:42:09;28786;87;27.4;29.1;2.583;1.741;1.083;2.235;0.000;0.751;28787
B31552;2015/02/27 01:42:19;28787;93;26.7;28.8;2.809;1.741;1.054;2.235;0.000;0.754;28788
B31552;2015/02/27 01:42:29;28788;93;24.1;29.3;2.600;1.751;1.054;2.235;0.000;0.777;28789
B31552;2015/02/27 01:42:39;28789;87;24.5;28.9;2.648;1.751;1.048;2.235;0.000;0.783;28790
B31552;2015/02/27 01:42:49;28790;89;26.7;29.3;2.754;1.761;1.048;2.225;0.000;0.751;28791
B31552;2015/02/27 01:42:59;28791;88;25.1;28.9;2.600;1.761;1.090;2.225;0.000;0.748;28792
B31552;2015/02/27 01:43:09;28792;80;25.1;29.1;2.693;1.770;1.090;2.225;0.000;0.767;28793
B31552;2015/02/27 01:43:19;28793;91;29.3;28.9;2.803;1.770;1.035;2.225;0.000;0.770;28794
B31552;2015/02/27 01:43:29;28794;84;25.1;29.5;2.758;1.758;1.035;2.241;0.000;0.745;28795
B31552;2015/02/27 01:43:39;28795;85;25.4;28.8;2.809;1.758;1.093;2.241;0.000;0.790;28796
B31552;2015/02/27 01:43:49;28796;86;27.0;29.6;2.780;1.729;1.093;2.241;0.000;0.761;28797
B31552;2015/02/27 01:43:59;28797;88;28.7;29.3;2.587;1.729;1.083;2.241;0.000;0.764;28798
B31552;2015/02/27 01:44:09;28798;88;28.3;29.3;2.799;1.738;1.083;2.248;0.000;0.770;28799
B31552;2015/02/27 01:44:19;28799;83;26.7;29.3;2.809;1.738;1.048;2.248;0.000;0.790;28800
B31552;2015/02/27 01:44:29;28800;93;24.8;29.1;2.680;1.729;1.048;2.248;0.000;0.761;28801
B31552;2015/02/27 01:44:39;28801;88;26.4;28.8;2.706;1.729;1.032;2.248;0.000;0.790;28802
B31552;2015/02/27 01:44:49;28802;85;27.4;29.5;2.774;1.751;1.032;2.258;0.000;0.783;28803
B31552;2015/02/27 01:44:59;28803;84;28.7;28.9;2.803;1.751;1.048;2.258;0.000;0.751;28804
B31552;2015/02/27 01:45:09;28804;80;28.7;28.6;2.803;1.729;1.048;2.258;0.003;0.780;28805
B31552;2015/02/27 01:45:19;28805;89;28.0;29.3;2.606;1.729;1.032;2.258;0.003;0.764;28806
B31552;2015/02/27 01:45:29;28806;91;26.7;28.9;2.787;1.767;1.032;2.277;0.003;0.751;28807
B31552;2015/02/27 01:45:39;28807;80;29.3;29.3;2.612;1.767;1.038;2.277;0.003;0.780;28808
B31552;2015/02/27 01:45:49;28808;88;25.1;29.1;2.706;1.729;1.038;2.277;0.000;0.780;28809
B31552;2015/02/27 01:45:59;28809;84;28.7;28.8;2.603;1.729;1.029;2.277;0.000;0.770;28810
B31552;2015/02/27 01:46:09;28810;93;27.0;28.9;2.645;1.741;1.029;2.283;0.000;0.803;28811
B31552;2015/02/27 01:46:19;28811;75;27.4;28.8;2.809;1.741;1.070;2.283;0.000;0.783;28812
B31552;2015/02/27 01:46:29;28812;83;28.7;28.8;2.803;1.745;1.070;2.283;0.000;0.780;28813
B31552;2015/02/27 01:46:39;28813;86;25.1;28.9;2.667;1.745;1.090;2.283;0.000;0.774;28814
B31552;2015/02/27 01:46:49;28814;85;26.4;29.3;2.729;1.735;1.090;2.270;0.000;0.777;28815
B31552;2015/02/27 01:46:59;28815;94;29.3;29.1;2.732;1.735;1.035;2.270;0.000;0.761;28816
B31552;2015/02/27 01:47:09;28816;92;30.9;28.8;2.558;1.729;1.035;2.270;0.000;0.764;28817
B31552;2015/02/27 01:47:19;28817;82;25.1;28.4;2.664;1.729;1.035;2.270;0.000;0.761;28818
B31552;2015/02/27 01:47:29;28818;83;24.5;29.3;2.783;1.754;1.035;2.245;0.000;0.787;28819
B31552;2015/02/27 01:47:39;28819;88;31.2;29.5;2.716;1.754;1.093;2.245;0.000;0.741;28820
B31552;2015/02/27 01:47:49;28820;89;28.0;29.3;2.625;1.767;1.093;2.245;0.000;0.767;28821
B31552;2015/02/27 01:47:59;28821;91;25.1;28.3;2.761;1.767;1.038;2.245;0.000;0.761;28822
B31552;2015/02/27 01:48:09;28822;87;28.7;29.3;2.570;1.729;1.038;2.238;0.000;0.748;28823
B31552;2015/02/27 01:48:19;28823;89;28.7;28.9;2.812;1.729;1.035;2.238;0.000;0.761;28824
B31552;2015/02/27 01:48:29;28824;83;25.1;29.3;2.803;1.758;1.035;2.238;0.038;0.780;28825
B31552;2015/02/27 01:48:39;28825;85;29.0;29.1;2.787;1.758;1.093;2.238;0.038;0.751;28826
B31552;2015/02/27 01:48:49;28826;83;30.3;28.8;2.558;1.758;1.093;2.267;0.038;0.780;28827
B31552;2015/02/27 01:48:59;28827;88;26.4;29.3;2.803;1.758;1.067;2.267;0.038;0.738;28828
B31552;2015/02/27 01:49:09;28828;84;26.7;29.1;2.729;1.725;1.067;2.267;0.000;0.761;28829
B31552;2015/02/27 01:49:19;28829;89;23.8;28.3;2.777;1.725;1.090;2.267;0.000;0.758;28830
B31552;2015/02/27 01:49:29;28830;90;28.3;29.3;2.574;1.764;1.090;2.277;0.000;0.738;28831
B31552;2015/02/27 01:49:39;28831;91;25.8;29.3;2.574;1.764;1.093;2.277;0.000;0.783;28832
B31552;2015/02/27 01:49:49;28832;87;28.0;28.9;2.803;1.770;1.093;2.277;0.051;0.780;28833
B31552;2015/02/27 01:49:59;28833;91;28.7;29.3;2.716;1.770;1.077;2.277;0.051;0.761;28834
B31552;2015/02/27 01:50:09;28834;84;26.7;29.3;2.748;1.767;1.077;2.251;0.051;0.751;28835
B31552;2015/02/27 01:50:19;28835;85;28.0;28.8;2.567;1.767;1.035;2.251;0.051;0.732;28836
B31552;2015/02/27 01:50:29;28836;87;25.1;29.5;2.751;1.761;1.035;2.251;0.035;0.732;28837
B31552;2015/02/27 01:50:39;28837;88;24.5;28.6;2.751;1.761;1.035;2.251;0.035;0.748;28838
B31552;2015/02/27 01:50:49;28838;85;27.0;29.3;2.754;1.741;1.035;2.238;0.035;0.748;28839
B31552;2015/02/27 01:50:59;28839;83;26.7;28.8;2.796;1.741;1.083;2.238;0.035;0.745;28840
B31552;2015/02/27 01:51:09;28840;90;26.1;29.3;2.790;1.754;1.083;2.238;0.000;0.761;28841
B31552;2015/02/27 01:51:19;28841;93;30.3;29.1;2.580;1.754;1.032;2.238;0.000;0.738;28842
B31552;2015/02/27 01:51:29;28842;96;25.4;29.5;2.706;1.729;1.032;2.290;0.000;0.783;28843
B31552;2015/02/27 01:51:39;28843;84;25.1;28.4;2.783;1.729;1.054;2.290;0.000;0.748;28844
B31552;2015/02/27 01:51:49;28844;88;27.0;28.9;2.570;1.748;1.054;2.290;0.000;0.774;28845
B31552;2015/02/27 01:51:59;28845;87;26.4;28.9;2.745;1.748;1.090;2.290;0.000;0.780;28846
B31552;2015/02/27 01:52:09;28846;93;26.4;29.3;2.761;1.729;1.090;2.277;0.000;0.770;28847
B31552;2015/02/27 01:52:19;28847;89;27.4;29.5;2.635;1.729;1.054;2.277;0.000;0.783;28848
B31552;2015/02/27 01:52:29;28848;88;25.8;28.9;2.593;1.754;1.054;2.277;0.138;0.770;28849
B31552;2015/02/27 01:52:39;28849;80;28.0;29.1;2.803;1.754;1.032;2.277;0.138;0.754;28850
B31552;2015/02/27 01:52:49;28850;86;25.1;29.3;2.719;1.754;1.032;2.280;0.138;0.751;28851
B31552;2015/02/27 01:52:59;28851;87;28.7;29.3;2.587;1.754;1.077;2.280;0.138;0.751;28852
B31552;2015/02/27 01:53:09;28852;94;25.1;28.9;2.587;1.764;1.077;2.280;0.032;0.751;28853
B31552;2015/02/27 01:53:19;28853;93;27.7;28.9;2.777;1.764;1.035;2.280;0.032;0.764;28854
B31552;2015/02/27 01:53:29;28854;88;27.7;29.3;2.780;1.751;1.035;2.303;0.032;0.806;28855
B31552;2015/02/27 01:53:39;28855;82;26.1;29.1;2.809;1.751;1.032;2.303;0.032;0.774;28856
B31552;2015/02/27 01:53:49;28856;88;31.2;28.8;2.558;1.741;1.032;2.303;0.009;0.761;28857
B31552;2015/02/27 01:53:59;28857;78;24.8;28.6;2.780;1.741;1.090;2.303;0.009;0.787;28858
B31552;2015/02/27 01:54:09;28858;84;26.4;29.3;2.754;1.735;1.090;2.258;0.009;0.764;28859
B31552;2015/02/27 01:54:19;28859;89;24.8;28.4;2.658;1.735;1.035;2.258;0.009;0.745;28860
B31552;2015/02/27 01:54:29;28860;87;29.3;28.3;2.764;1.754;1.035;2.258;0.000;0.761;28861
B31552;2015/02/27 01:54:39;28861;79;29.3;28.8;2.616;1.754;1.035;2.258;0.000;0.764;28862
B31552;2015/02/27 01:54:50;28862;91;28.7;28.4;2.803;1.748;1.035;2.290;0.000;0.767;28863
B31552;2015/02/27 01:54:59;28863;88;28.7;28.9;2.793;1.748;1.093;2.290;0.000;0.751;28864
B31552;2015/02/27 01:55:09;28864;93;28.3;29.3;2.783;1.729;1.093;2.290;0.000;0.751;28865
B31552;2015/02/27 01:55:19;28865;89;29.0;29.1;2.664;1.729;1.035;2.290;0.000;0.796;28866
B31552;2015/02/27 01:55:30;28866;87;27.4;28.9;2.712;1.767;1.035;2.274;0.000;0.758;28867
B31552;2015/02/27 01:55:39;28867;78;29.3;28.9;2.809;1.767;1.035;2.274;0.000;0.767;28868
B31552;2015/02/27 01:55:49;28868;87;24.5;29.3;2.677;1.770;1.035;2.274;0.038;0.748;28869
B31552;2015/02/27 01:55:59;28869;87;25.1;28.6;2.796;1.770;1.038;2.274;0.038;0.748;28870
B31552;2015/02/27 01:56:10;28870;93;29.0;28.8;2.803;1.729;1.038;2.277;0.038;0.754;28871
B31552;2015/02/27 01:56:19;28871;94;25.8;28.4;2.593;1.729;1.032;2.277;0.038;0.774;28872
B31552;2015/02/27 01:56:29;28872;93;27.7;28.8;2.564;1.735;1.032;2.277;0.003;0.780;28873
