B3155D;2015/02/26 00:00:02;19893;80;27.0;26.2;2.667;1.990;1.190;2.861;0.125;0.722;19894
B3155D;2015/02/26 00:00:12;19894;82;31.2;26.0;2.470;2.019;1.190;2.861;0.125;0.712;19895
B3155D;2015/02/26 00:00:22;19895;83;27.7;26.2;2.503;2.019;1.177;2.861;0.125;0.722;19896
B3155D;2015/02/26 00:00:32;19896;79;29.3;26.2;2.590;2.025;1.177;2.861;0.148;0.758;19897
B3155D;2015/02/26 00:00:42;19897;65;32.5;26.2;2.496;2.025;1.235;2.861;0.148;0.719;19898
B3155D;2015/02/26 00:00:52;19898;78;27.0;26.2;2.629;2.025;1.235;2.822;0.148;0.780;19899
B3155D;2015/02/26 00:01:02;19899;78;30.9;26.2;2.590;2.025;1.183;2.822;0.148;0.741;19900
B3155D;2015/02/26 00:01:12;19900;78;29.3;26.2;2.603;2.019;1.183;2.822;0.135;0.738;19901
B3155D;2015/02/26 00:01:22;19901;80;28.0;26.5;2.577;2.019;1.190;2.822;0.135;0.706;19902
B3155D;2015/02/26 00:01:32;19902;86;28.3;26.9;2.674;2.006;1.190;2.822;0.135;0.719;19903
B3155D;2015/02/26 00:01:42;19903;76;32.5;26.5;2.551;2.006;1.183;2.822;0.135;0.741;19904
B3155D;2015/02/26 00:01:52;19904;78;29.3;26.7;2.590;2.009;1.183;2.822;0.151;0.764;19905
B3155D;2015/02/26 00:02:02;19905;68;28.7;25.7;2.667;2.009;1.235;2.822;0.151;0.790;19906
B3155D;2015/02/26 00:02:12;19906;78;29.3;26.2;2.529;2.009;1.235;2.829;0.151;0.770;19907
B3155D;2015/02/26 00:02:22;19907;80;33.2;26.7;2.661;2.009;1.177;2.829;0.151;0.770;19908
B3155D;2015/02/26 00:02:32;19908;79;27.7;26.5;2.670;1.993;1.177;2.829;0.190;0.787;19909
B3155D;2015/02/26 00:02:42;19909;83;29.6;26.3;2.509;1.993;1.183;2.829;0.190;0.816;19910
B3155D;2015/02/26 00:02:52;19910;82;31.2;26.0;2.496;1.990;1.183;2.870;0.190;0.774;19911
B3155D;2015/02/26 00:03:02;19911;85;29.6;26.3;2.503;1.990;1.206;2.870;0.190;0.754;19912
B3155D;2015/02/26 00:03:12;19912;80;32.9;26.5;2.641;2.029;1.206;2.870;0.138;0.761;19913
B3155D;2015/02/26 00:03:22;19913;74;32.2;26.9;2.616;2.029;1.183;2.870;0.138;0.722;19914
B3155D;2015/02/26 00:03:32;19914;77;31.2;26.0;2.529;2.000;1.183;2.832;0.138;0.729;19915
B3155D;2015/02/26 00:03:42;19915;70;30.9;26.5;2.564;2.000;1.196;2.832;0.138;0.732;19916
B3155D;2015/02/26 00:03:52;19916;83;29.0;26.9;2.661;2.025;1.196;2.832;0.138;0.709;19917
B3155D;2015/02/26 00:04:02;19917;73;26.4;26.2;2.483;2.025;1.232;2.832;0.138;0.693;19918
B3155D;2015/02/26 00:04:12;19918;88;28.7;26.3;2.545;1.990;1.232;2.829;0.138;0.712;19919
B3155D;2015/02/26 00:04:22;19919;68;30.6;26.0;2.674;1.990;1.193;2.829;0.138;0.693;19920
B3155D;2015/02/26 00:04:32;19920;82;27.4;26.3;2.645;2.009;1.193;2.829;0.148;0.700;19921
B3155D;2015/02/26 00:04:42;19921;82;28.7;26.2;2.519;2.009;1.180;2.829;0.148;0.716;19922
B3155D;2015/02/26 00:04:52;19922;79;28.3;26.5;2.667;2.012;1.180;2.829;0.148;0.706;19923
B3155D;2015/02/26 00:05:02;19923;71;27.7;26.3;2.490;2.012;1.222;2.829;0.148;0.693;19924
B3155D;2015/02/26 00:05:12;19924;75;28.0;26.0;2.470;2.029;1.222;2.829;0.180;0.722;19925
B3155D;2015/02/26 00:05:22;19925;77;31.9;26.2;2.600;2.029;1.216;2.829;0.180;0.709;19926
B3155D;2015/02/26 00:05:32;19926;88;26.7;26.2;2.548;2.012;1.216;2.851;0.180;0.700;19927
B3155D;2015/02/26 00:05:42;19927;84;30.0;26.7;2.487;2.012;1.196;2.851;0.180;0.696;19928
B3155D;2015/02/26 00:05:52;19928;78;31.9;26.0;2.483;2.025;1.196;2.851;0.141;0.696;19929
B3155D;2015/02/26 00:06:02;19929;68;27.4;26.3;2.519;2.025;1.196;2.851;0.141;0.700;19930
B3155D;2015/02/26 00:06:12;19930;79;31.9;25.7;2.490;2.012;1.196;2.835;0.141;0.700;19931
B3155D;2015/02/26 00:06:22;19931;76;29.6;26.5;2.567;2.012;1.187;2.835;0.141;0.696;19932
B3155D;2015/02/26 00:06:32;19932;72;30.0;26.0;2.525;1.993;1.187;2.835;0.174;0.729;19933
B3155D;2015/02/26 00:06:42;19933;69;29.0;26.5;2.525;1.993;1.180;2.835;0.174;0.719;19934
B3155D;2015/02/26 00:06:52;19934;83;30.6;26.5;2.651;2.022;1.180;2.838;0.174;0.732;19935
B3155D;2015/02/26 00:07:02;19935;83;29.0;26.0;2.500;2.022;1.235;2.838;0.174;0.712;19936
B3155D;2015/02/26 00:07:12;19936;84;33.2;25.7;2.496;1.993;1.235;2.838;0.125;0.741;19937
B3155D;2015/02/26 00:07:22;19937;78;27.4;26.5;2.500;1.993;1.206;2.838;0.125;0.712;19938
B3155D;2015/02/26 00:07:32;19938;82;30.6;26.0;2.538;2.006;1.206;2.874;0.125;0.729;19939
B3155D;2015/02/26 00:07:42;19939;84;27.4;26.2;2.474;2.006;1.225;2.874;0.125;0.725;19940
B3155D;2015/02/26 00:07:52;19940;85;30.3;27.2;2.516;1.993;1.225;2.874;0.190;0.735;19941
B3155D;2015/02/26 00:08:02;19941;73;27.0;26.3;2.477;1.993;1.183;2.874;0.190;0.777;19942
B3155D;2015/02/26 00:08:12;19942;79;29.6;26.5;2.635;2.003;1.183;2.870;0.190;0.758;19943
B3155D;2015/02/26 00:08:22;19943;73;27.4;26.3;2.496;2.003;1.196;2.870;0.190;0.774;19944
B3155D;2015/02/26 00:08:32;19944;83;28.0;26.2;2.503;2.012;1.196;2.870;0.129;0.770;19945
B3155D;2015/02/26 00:08:42;19945;77;34.5;26.7;2.490;2.012;1.199;2.870;0.129;0.774;19946
B3155D;2015/02/26 00:08:52;19946;85;30.3;26.2;2.645;2.029;1.199;2.858;0.129;0.793;19947
B3155D;2015/02/26 00:09:02;19947;74;30.0;26.7;2.500;2.029;1.235;2.858;0.129;0.745;19948
B3155D;2015/02/26 00:09:12;19948;72;29.3;26.2;2.635;2.006;1.235;2.858;0.161;0.732;19949
B3155D;2015/02/26 00:09:22;19949;75;33.8;26.5;2.538;2.006;1.187;2.858;0.161;0.741;19950
B3155D;2015/02/26 00:09:32;19950;73;33.8;26.7;2.667;2.022;1.187;2.864;0.161;0.712;19951
B3155D;2015/02/26 00:09:42;19951;83;29.0;26.5;2.680;2.022;1.187;2.864;0.161;0.700;19952
B3155D;2015/02/26 00:09:52;19952;73;30.6;26.5;2.661;2.016;1.187;2.864;0.132;0.696;19953
B3155D;2015/02/26 00:10:02;19953;76;32.2;26.9;2.587;2.016;1.225;2.864;0.132;0.700;19954
B3155D;2015/02/26 00:10:12;19954;83;30.0;26.5;2.480;2.029;1.225;2.877;0.132;0.722;19955
B3155D;2015/02/26 00:10:22;19955;77;27.4;26.3;2.500;2.029;1.238;2.877;0.132;0.674;19956
B3155D;2015/02/26 00:10:32;19956;79;30.9;26.7;2.516;2.009;1.238;2.877;0.183;0.729;19957
B3155D;2015/02/26 00:10:42;19957;73;29.0;25.7;2.670;2.009;1.225;2.877;0.183;0.683;19958
B3155D;2015/02/26 00:10:52;19958;74;32.2;26.3;2.483;2.000;1.225;2.845;0.183;0.680;19959
B3155D;2015/02/26 00:11:02;19959;72;28.7;26.5;2.522;2.000;1.187;2.845;0.183;0.670;19960
B3155D;2015/02/26 00:11:12;19960;73;29.0;26.2;2.641;2.006;1.187;2.845;0.129;0.693;19961
B3155D;2015/02/26 00:11:22;19961;83;28.7;26.5;2.525;2.006;1.225;2.845;0.129;0.690;19962
B3155D;2015/02/26 00:11:32;19962;77;32.2;26.3;2.619;1.996;1.225;2.835;0.129;0.687;19963
B3155D;2015/02/26 00:11:42;19963;82;32.5;26.7;2.596;1.996;1.187;2.835;0.129;0.683;19964
B3155D;2015/02/26 00:11:52;19964;76;32.5;26.3;2.474;2.012;1.187;2.835;0.122;0.709;19965
B3155D;2015/02/26 00:12:02;19965;76;29.6;26.0;2.483;2.012;1.209;2.835;0.122;0.712;19966
B3155D;2015/02/26 00:12:12;19966;87;30.3;26.2;2.638;2.019;1.209;2.838;0.122;0.674;19967
B3155D;2015/02/26 00:12:22;19967;79;29.6;25.7;2.680;2.019;1.180;2.838;0.122;0.667;19968
B3155D;2015/02/26 00:12:32;19968;78;29.6;26.0;2.635;2.006;1.180;2.838;0.164;0.696;19969
B3155D;2015/02/26 00:12:42;19969;82;29.3;25.8;2.525;2.006;1.187;2.838;0.164;0.664;19970
B3155D;2015/02/26 00:12:52;19970;79;32.5;25.7;2.480;2.009;1.187;2.870;0.164;0.703;19971
B3155D;2015/02/26 00:13:02;19971;83;33.2;26.3;2.645;2.009;1.190;2.870;0.164;0.661;19972
B3155D;2015/02/26 00:13:12;19972;79;29.0;26.2;2.667;2.025;1.190;2.870;0.138;0.683;19973
B3155D;2015/02/26 00:13:22;19973;77;29.6;26.5;2.635;2.025;1.190;2.870;0.138;0.667;19974
B3155D;2015/02/26 00:13:32;19974;79;30.3;25.7;2.612;2.035;1.190;2.864;0.138;0.703;19975
B3155D;2015/02/26 00:13:42;19975;81;30.3;26.2;2.538;2.035;1.241;2.864;0.138;0.661;19976
B3155D;2015/02/26 00:13:52;19976;73;31.2;26.0;2.632;2.035;1.241;2.864;0.164;0.703;19977
B3155D;2015/02/26 00:14:02;19977;73;33.2;26.2;2.490;2.035;1.241;2.864;0.164;0.654;19978
B3155D;2015/02/26 00:14:12;19978;81;31.2;26.3;2.567;2.035;1.241;2.841;0.164;0.670;19979
B3155D;2015/02/26 00:14:22;19979;72;29.0;26.0;2.545;2.035;1.190;2.841;0.164;0.680;19980
B3155D;2015/02/26 00:14:32;19980;81;28.3;26.7;2.658;2.032;1.190;2.841;0.138;0.674;19981
B3155D;2015/02/26 00:14:42;19981;77;30.9;25.7;2.490;2.032;1.229;2.841;0.138;0.677;19982
B3155D;2015/02/26 00:14:52;19982;85;27.0;26.7;2.674;2.022;1.229;2.874;0.138;0.667;19983
B3155D;2015/02/26 00:15:02;19983;81;32.5;26.2;2.512;2.022;1.190;2.874;0.138;0.667;19984
B3155D;2015/02/26 00:15:12;19984;80;31.2;26.0;2.561;2.032;1.190;2.874;0.216;0.696;19985
B3155D;2015/02/26 00:15:22;19985;68;30.6;26.5;2.548;2.032;1.203;2.874;0.216;0.654;19986
B3155D;2015/02/26 00:15:32;19986;80;31.6;26.0;2.500;2.032;1.203;2.854;0.216;0.696;19987
B3155D;2015/02/26 00:15:42;19987;71;27.0;26.2;2.496;2.032;1.225;2.854;0.216;0.674;19988
B3155D;2015/02/26 00:15:52;19988;81;27.7;26.9;2.674;2.035;1.225;2.854;0.138;0.700;19989
B3155D;2015/02/26 00:16:02;19989;68;26.4;26.0;2.477;2.035;1.190;2.854;0.138;0.703;19990
B3155D;2015/02/26 00:16:12;19990;80;30.9;26.7;2.590;2.035;1.190;2.838;0.138;0.687;19991
B3155D;2015/02/26 00:16:22;19991;77;32.5;26.9;2.616;2.035;1.187;2.838;0.138;0.670;19992
B3155D;2015/02/26 00:16:32;19992;88;33.8;26.3;2.535;2.012;1.187;2.838;0.129;0.722;19993
B3155D;2015/02/26 00:16:42;19993;77;28.3;25.7;2.506;2.012;1.190;2.838;0.129;0.674;19994
B3155D;2015/02/26 00:16:52;19994;79;31.9;26.0;2.561;2.016;1.190;2.883;0.129;0.729;19995
B3155D;2015/02/26 00:17:02;19995;78;29.3;26.5;2.577;2.016;1.219;2.883;0.129;0.683;19996
B3155D;2015/02/26 00:17:12;19996;70;30.6;26.0;2.496;2.035;1.219;2.883;0.138;0.703;19997
B3155D;2015/02/26 00:17:22;19997;79;31.9;26.7;2.500;2.035;1.199;2.883;0.138;0.693;19998
B3155D;2015/02/26 00:17:32;19998;79;28.3;26.7;2.670;2.009;1.199;2.887;0.138;0.722;19999
B3155D;2015/02/26 00:17:42;19999;84;32.5;26.2;2.500;2.009;1.183;2.887;0.138;0.680;20000
B3155D;2015/02/26 00:17:52;20000;88;32.2;25.8;2.490;2.006;1.183;2.887;0.174;0.667;20001
B3155D;2015/02/26 00:18:02;20001;78;29.0;26.2;2.496;2.006;1.190;2.887;0.174;0.693;20002
B3155D;2015/02/26 00:18:12;20002;84;29.3;26.0;2.638;2.003;1.190;2.883;0.174;0.703;20003
B3155D;2015/02/26 00:18:22;20003;70;30.0;26.0;2.574;2.003;1.190;2.883;0.174;0.667;20004
B3155D;2015/02/26 00:18:32;20004;83;31.2;26.0;2.480;2.000;1.190;2.883;0.141;0.674;20005
B3155D;2015/02/26 00:18:42;20005;70;26.1;26.2;2.470;2.000;1.190;2.883;0.141;0.664;20006
B3155D;2015/02/26 00:18:52;20006;82;29.6;26.5;2.509;2.000;1.190;2.838;0.141;0.674;20007
B3155D;2015/02/26 00:19:02;20007;78;27.0;26.3;2.480;2.000;1.222;2.838;0.141;0.690;20008
B3155D;2015/02/26 00:19:12;20008;76;33.2;26.7;2.551;2.012;1.222;2.838;0.132;0.703;20009
B3155D;2015/02/26 00:19:22;20009;78;30.3;26.5;2.538;2.012;1.193;2.838;0.132;0.690;20010
B3155D;2015/02/26 00:19:32;20010;77;29.3;27.0;2.638;2.035;1.193;2.877;0.132;0.696;20011
B3155D;2015/02/26 00:19:42;20011;83;32.5;26.5;2.538;2.035;1.190;2.877;0.132;0.661;20012
B3155D;2015/02/26 00:19:52;20012;76;29.6;26.7;2.577;2.006;1.190;2.877;0.135;0.667;20013
B3155D;2015/02/26 00:20:02;20013;83;31.9;26.5;2.564;2.006;1.190;2.877;0.135;0.670;20014
B3155D;2015/02/26 00:20:12;20014;78;30.0;26.3;2.674;2.009;1.190;2.864;0.135;0.661;20015
B3155D;2015/02/26 00:20:22;20015;74;26.7;26.0;2.538;2.009;1.209;2.864;0.135;0.648;20016
B3155D;2015/02/26 00:20:32;20016;71;32.9;26.9;2.661;2.038;1.209;2.864;0.138;0.680;20017
B3155D;2015/02/26 00:20:42;20017;78;26.4;26.2;2.674;2.038;1.193;2.864;0.138;0.658;20018
B3155D;2015/02/26 00:20:52;20018;86;31.6;26.7;2.516;2.032;1.193;2.851;0.138;0.716;20019
B3155D;2015/02/26 00:21:02;20019;77;28.3;26.7;2.506;2.032;1.238;2.851;0.138;0.670;20020
B3155D;2015/02/26 00:21:12;20020;78;28.7;26.9;2.674;2.035;1.238;2.851;0.129;0.706;20021
B3155D;2015/02/26 00:21:22;20021;83;26.4;26.2;2.500;2.035;1.206;2.851;0.129;0.674;20022
B3155D;2015/02/26 00:21:32;20022;77;31.9;26.3;2.496;2.035;1.206;2.880;0.129;0.693;20023
B3155D;2015/02/26 00:21:42;20023;78;29.3;25.8;2.483;2.035;1.190;2.880;0.129;0.664;20024
B3155D;2015/02/26 00:21:52;20024;75;28.0;26.3;2.483;2.000;1.190;2.880;0.151;0.674;20025
B3155D;2015/02/26 00:22:02;20025;73;30.0;26.0;2.490;2.000;1.245;2.880;0.151;0.667;20026
B3155D;2015/02/26 00:22:12;20026;77;30.0;26.7;2.667;2.016;1.245;2.838;0.151;0.661;20027
B3155D;2015/02/26 00:22:22;20027;68;30.0;26.3;2.654;2.016;1.241;2.838;0.151;0.667;20028
B3155D;2015/02/26 00:22:32;20028;81;29.3;26.5;2.667;2.035;1.241;2.838;0.135;0.661;20029
B3155D;2015/02/26 00:22:42;20029;79;33.5;26.2;2.554;2.035;1.238;2.838;0.135;0.658;20030
B3155D;2015/02/26 00:22:52;20030;80;28.3;26.5;2.670;2.032;1.238;2.877;0.135;0.670;20031
B3155D;2015/02/26 00:23:02;20031;75;28.3;26.0;2.645;2.032;1.219;2.877;0.135;0.693;20032
B3155D;2015/02/26 00:23:12;20032;78;33.5;25.8;2.474;2.012;1.219;2.877;0.190;0.667;20033
B3155D;2015/02/26 00:23:22;20033;73;31.6;26.2;2.603;2.012;1.222;2.877;0.190;0.690;20034
B3155D;2015/02/26 00:23:32;20034;77;28.7;26.7;2.609;2.025;1.222;2.877;0.190;0.687;20035
B3155D;2015/02/26 00:23:42;20035;84;30.6;26.3;2.680;2.025;1.190;2.877;0.190;0.670;20036
B3155D;2015/02/26 00:23:52;20036;81;27.7;26.5;2.674;2.019;1.190;2.877;0.125;0.700;20037
B3155D;2015/02/26 00:24:02;20037;84;30.3;26.5;2.535;2.019;1.248;2.877;0.125;0.674;20038
B3155D;2015/02/26 00:24:12;20038;86;29.3;26.3;2.587;2.035;1.248;2.835;0.125;0.687;20039
B3155D;2015/02/26 00:24:22;20039;77;27.0;26.9;2.496;2.035;1.232;2.835;0.125;0.696;20040
B3155D;2015/02/26 00:24:32;20040;83;32.5;26.9;2.670;2.003;1.232;2.835;0.190;0.735;20041
B3155D;2015/02/26 00:24:42;20041;78;31.9;26.5;2.632;2.003;1.206;2.835;0.190;0.687;20042
B3155D;2015/02/26 00:24:52;20042;74;30.9;26.5;2.587;2.022;1.206;2.838;0.190;0.712;20043
B3155D;2015/02/26 00:25:02;20043;73;33.5;26.5;2.512;2.022;1.248;2.838;0.190;0.719;20044
B3155D;2015/02/26 00:25:12;20044;78;31.6;26.0;2.577;2.003;1.248;2.838;0.187;0.722;20045
B3155D;2015/02/26 00:25:22;20045;78;31.9;26.9;2.658;2.003;1.196;2.838;0.187;0.696;20046
B3155D;2015/02/26 00:25:32;20046;78;29.6;26.2;2.645;2.012;1.196;2.883;0.187;0.729;20047
B3155D;2015/02/26 00:25:42;20047;79;27.7;26.3;2.496;2.012;1.190;2.883;0.187;0.700;20048
B3155D;2015/02/26 00:25:52;20048;87;28.7;26.3;2.600;2.041;1.190;2.883;0.145;0.709;20049
B3155D;2015/02/26 00:26:02;20049;68;27.0;26.3;2.487;2.041;1.190;2.883;0.145;0.680;20050
B3155D;2015/02/26 00:26:12;20050;77;30.0;26.5;2.661;2.038;1.190;2.887;0.145;0.735;20051
B3155D;2015/02/26 00:26:22;20051;79;28.7;25.8;2.500;2.038;1.232;2.887;0.145;0.722;20052
B3155D;2015/02/26 00:26:32;20052;70;27.4;26.7;2.658;2.025;1.232;2.887;0.148;0.741;20053
B3155D;2015/02/26 00:26:42;20053;81;33.8;26.2;2.645;2.025;1.196;2.887;0.148;0.732;20054
B3155D;2015/02/26 00:26:52;20054;87;32.5;26.9;2.667;2.041;1.196;2.877;0.148;0.754;20055
B3155D;2015/02/26 00:27:02;20055;68;28.0;26.5;2.625;2.041;1.212;2.877;0.148;0.732;20056
B3155D;2015/02/26 00:27:12;20056;81;27.7;26.5;2.483;2.003;1.212;2.877;0.148;0.716;20057
B3155D;2015/02/26 00:27:22;20057;85;33.2;26.9;2.680;2.003;1.196;2.877;0.148;0.722;20058
B3155D;2015/02/26 00:27:32;20058;84;30.0;26.7;2.574;2.029;1.196;2.838;0.148;0.735;20059
B3155D;2015/02/26 00:27:42;20059;77;28.7;26.5;2.519;2.029;1.203;2.838;0.148;0.709;20060
B3155D;2015/02/26 00:27:52;20060;70;29.3;27.2;2.500;2.041;1.203;2.838;0.125;0.712;20061
B3155D;2015/02/26 00:28:02;20061;73;26.4;26.7;2.470;2.041;1.245;2.838;0.125;0.693;20062
B3155D;2015/02/26 00:28:12;20062;85;31.2;25.7;2.500;2.035;1.245;2.861;0.125;0.729;20063
B3155D;2015/02/26 00:28:22;20063;75;27.0;26.5;2.483;2.035;1.212;2.861;0.125;0.687;20064
B3155D;2015/02/26 00:28:32;20064;78;27.7;26.7;2.674;2.012;1.212;2.861;0.135;0.706;20065
B3155D;2015/02/26 00:28:42;20065;67;29.6;25.8;2.661;2.012;1.196;2.861;0.135;0.716;20066
B3155D;2015/02/26 00:28:52;20066;83;33.2;26.5;2.667;2.041;1.196;2.841;0.135;0.719;20067
B3155D;2015/02/26 00:29:02;20067;66;33.2;26.5;2.535;2.041;1.199;2.841;0.135;0.732;20068
B3155D;2015/02/26 00:29:12;20068;78;27.4;26.5;2.641;2.041;1.199;2.841;0.129;0.780;20069
B3155D;2015/02/26 00:29:22;20069;73;31.2;26.3;2.477;2.041;1.248;2.841;0.129;0.777;20070
B3155D;2015/02/26 00:29:32;20070;82;29.3;26.5;2.670;2.025;1.248;2.877;0.129;0.774;20071
B3155D;2015/02/26 00:29:42;20071;80;26.4;26.2;2.470;2.025;1.235;2.877;0.129;0.748;20072
B3155D;2015/02/26 00:29:52;20072;74;32.5;26.0;2.483;2.022;1.235;2.877;0.132;0.806;20073
B3155D;2015/02/26 00:30:02;20073;80;27.7;26.2;2.477;2.022;1.232;2.877;0.132;0.761;20074
B3155D;2015/02/26 00:30:12;20074;88;29.3;26.5;2.674;2.035;1.232;2.883;0.132;0.780;20075
B3155D;2015/02/26 00:30:22;20075;78;29.3;26.7;2.509;2.035;1.212;2.883;0.132;0.748;20076
B3155D;2015/02/26 00:30:32;20076;80;29.3;26.3;2.606;2.006;1.212;2.883;0.148;0.787;20077
B3155D;2015/02/26 00:30:42;20077;73;31.2;26.3;2.641;2.006;1.212;2.883;0.148;0.741;20078
B3155D;2015/02/26 00:30:52;20078;73;28.3;26.5;2.667;2.038;1.212;2.874;0.148;0.748;20079
B3155D;2015/02/26 00:31:02;20079;81;28.3;26.2;2.574;2.038;1.225;2.874;0.148;0.732;20080
B3155D;2015/02/26 00:31:12;20080;80;30.9;26.0;2.516;2.041;1.225;2.874;0.125;0.732;20081
B3155D;2015/02/26 00:31:22;20081;76;30.3;26.7;2.574;2.041;1.206;2.874;0.125;0.722;20082
B3155D;2015/02/26 00:31:32;20082;80;28.7;26.7;2.674;2.025;1.206;2.890;0.125;0.712;20083
B3155D;2015/02/26 00:31:42;20083;81;30.0;26.3;2.490;2.025;1.203;2.890;0.125;0.719;20084
B3155D;2015/02/26 00:31:52;20084;78;28.7;26.5;2.641;2.016;1.203;2.890;0.183;0.732;20085
B3155D;2015/02/26 00:32:02;20085;82;27.0;26.7;2.680;2.016;1.248;2.890;0.183;0.748;20086
B3155D;2015/02/26 00:32:12;20086;78;33.2;26.5;2.661;2.041;1.248;2.854;0.183;0.767;20087
B3155D;2015/02/26 00:32:22;20087;78;31.9;26.9;2.674;2.041;1.190;2.854;0.183;0.732;20088
B3155D;2015/02/26 00:32:32;20088;88;30.6;26.3;2.483;2.006;1.190;2.854;0.190;0.745;20089
B3155D;2015/02/26 00:32:42;20089;79;32.9;26.7;2.519;2.006;1.235;2.854;0.190;0.700;20090
B3155D;2015/02/26 00:32:52;20090;84;27.7;26.5;2.470;2.041;1.235;2.896;0.190;0.706;20091
B3155D;2015/02/26 00:33:02;20091;72;31.9;27.0;2.564;2.041;1.193;2.896;0.190;0.687;20092
B3155D;2015/02/26 00:33:12;20092;88;34.1;26.0;2.480;2.032;1.193;2.896;0.138;0.687;20093
B3155D;2015/02/26 00:33:22;20093;69;30.0;26.3;2.490;2.032;1.193;2.896;0.138;0.674;20094
B3155D;2015/02/26 00:33:32;20094;72;32.5;26.9;2.516;2.019;1.193;2.896;0.138;0.687;20095
B3155D;2015/02/26 00:33:42;20095;73;28.7;26.2;2.529;2.019;1.193;2.896;0.138;0.667;20096
B3155D;2015/02/26 00:33:52;20096;74;32.5;26.9;2.654;2.032;1.193;2.896;0.190;0.667;20097
B3155D;2015/02/26 00:34:02;20097;66;32.2;26.3;2.625;2.032;1.235;2.896;0.190;0.677;20098
B3155D;2015/02/26 00:34:12;20098;74;27.4;26.2;2.635;2.038;1.235;2.848;0.190;0.690;20099
B3155D;2015/02/26 00:34:22;20099;72;30.3;26.9;2.680;2.038;1.245;2.848;0.190;0.658;20100
B3155D;2015/02/26 00:34:32;20100;75;32.2;26.2;2.503;2.012;1.245;2.848;0.209;0.680;20101
B3155D;2015/02/26 00:34:42;20101;72;25.8;26.5;2.545;2.012;1.216;2.848;0.209;0.661;20102
B3155D;2015/02/26 00:34:52;20102;86;31.2;26.9;2.545;2.045;1.216;2.887;0.209;0.680;20103
B3155D;2015/02/26 00:35:02;20103;69;31.9;27.0;2.661;2.045;1.199;2.887;0.209;0.667;20104
B3155D;2015/02/26 00:35:12;20104;78;27.0;26.5;2.470;2.048;1.199;2.887;0.174;0.674;20105
B3155D;2015/02/26 00:35:22;20105;79;27.7;26.2;2.496;2.048;1.248;2.887;0.174;0.683;20106
B3155D;2015/02/26 00:35:32;20106;76;30.0;26.5;2.477;2.009;1.248;2.848;0.174;0.703;20107
B3155D;2015/02/26 00:35:42;20107;83;31.9;27.0;2.661;2.009;1.193;2.848;0.174;0.690;20108
B3155D;2015/02/26 00:35:52;20108;74;34.1;26.5;2.606;2.009;1.193;2.848;0.148;0.693;20109
B3155D;2015/02/26 00:36:02;20109;76;27.4;26.7;2.477;2.009;1.209;2.848;0.148;0.680;20110
B3155D;2015/02/26 00:36:12;20110;83;32.5;26.0;2.490;2.009;1.209;2.883;0.148;0.716;20111
B3155D;2015/02/26 00:36:22;20111;76;27.4;26.7;2.674;2.009;1.212;2.883;0.148;0.683;20112
B3155D;2015/02/26 00:36:32;20112;83;28.3;27.2;2.635;2.048;1.212;2.883;0.138;0.716;20113
B3155D;2015/02/26 00:36:42;20113;83;29.6;26.3;2.664;2.048;1.196;2.883;0.138;0.725;20114
B3155D;2015/02/26 00:36:52;20114;79;31.6;26.3;2.500;2.041;1.196;2.883;0.138;0.722;20115
B3155D;2015/02/26 00:37:02;20115;69;28.7;25.8;2.687;2.041;1.196;2.883;0.138;0.709;20116
B3155D;2015/02/26 00:37:12;20116;85;33.2;26.0;2.500;2.045;1.196;2.883;0.135;0.729;20117
B3155D;2015/02/26 00:37:22;20117;78;32.5;26.5;2.535;2.045;1.203;2.883;0.135;0.687;20118
B3155D;2015/02/26 00:37:32;20118;83;30.6;26.5;2.522;2.029;1.203;2.896;0.135;0.706;20119
B3155D;2015/02/26 00:37:42;20119;75;29.0;26.7;2.648;2.029;1.248;2.896;0.135;0.709;20120
B3155D;2015/02/26 00:37:52;20120;78;29.6;27.0;2.500;2.041;1.248;2.896;0.129;0.716;20121
B3155D;2015/02/26 00:38:02;20121;83;31.9;26.2;2.477;2.041;1.225;2.896;0.129;0.719;20122
B3155D;2015/02/26 00:38:12;20122;75;28.7;26.7;2.625;2.016;1.225;2.848;0.129;0.738;20123
B3155D;2015/02/26 00:38:22;20123;73;31.9;26.5;2.603;2.016;1.203;2.848;0.129;0.767;20124
B3155D;2015/02/26 00:38:32;20124;83;29.0;27.2;2.500;2.016;1.203;2.848;0.138;0.790;20125
B3155D;2015/02/26 00:38:42;20125;68;31.2;26.5;2.661;2.016;1.196;2.848;0.138;0.770;20126
B3155D;2015/02/26 00:38:52;20126;82;26.7;26.3;2.587;2.009;1.196;2.890;0.138;0.754;20127
B3155D;2015/02/26 00:39:02;20127;73;33.8;26.5;2.525;2.009;1.196;2.890;0.138;0.735;20128
B3155D;2015/02/26 00:39:12;20128;80;27.0;26.5;2.674;2.009;1.196;2.890;0.177;0.716;20129
B3155D;2015/02/26 00:39:22;20129;76;28.3;26.5;2.596;2.009;1.235;2.890;0.177;0.732;20130
B3155D;2015/02/26 00:39:32;20130;80;27.0;26.3;2.532;2.038;1.235;2.854;0.177;0.716;20131
B3155D;2015/02/26 00:39:42;20131;78;30.3;26.9;2.645;2.038;1.203;2.854;0.177;0.703;20132
B3155D;2015/02/26 00:39:52;20132;83;31.2;26.3;2.503;2.016;1.203;2.854;0.138;0.716;20133
B3155D;2015/02/26 00:40:02;20133;74;28.0;26.5;2.587;2.016;1.225;2.854;0.138;0.674;20134
B3155D;2015/02/26 00:40:12;20134;83;29.6;27.0;2.496;2.012;1.225;2.858;0.138;0.693;20135
B3155D;2015/02/26 00:40:22;20135;81;30.6;26.9;2.538;2.012;1.216;2.858;0.138;0.674;20136
B3155D;2015/02/26 00:40:32;20136;80;27.4;26.3;2.641;2.038;1.216;2.858;0.161;0.696;20137
B3155D;2015/02/26 00:40:42;20137;75;29.6;26.2;2.680;2.038;1.225;2.858;0.161;0.674;20138
B3155D;2015/02/26 00:40:52;20138;72;30.3;27.0;2.641;2.041;1.225;2.877;0.161;0.696;20139
B3155D;2015/02/26 00:41:02;20139;78;32.5;26.5;2.535;2.041;1.258;2.877;0.161;0.712;20140
B3155D;2015/02/26 00:41:12;20140;88;31.2;26.9;2.654;2.045;1.258;2.877;0.183;0.729;20141
B3155D;2015/02/26 00:41:22;20141;78;31.2;27.0;2.525;2.045;1.196;2.877;0.183;0.719;20142
B3155D;2015/02/26 00:41:32;20142;83;31.2;26.0;2.490;2.038;1.196;2.864;0.183;0.732;20143
B3155D;2015/02/26 00:41:42;20143;68;34.5;26.5;2.532;2.038;1.196;2.864;0.183;0.716;20144
B3155D;2015/02/26 00:41:52;20144;79;31.2;26.0;2.474;2.048;1.196;2.864;0.170;0.729;20145
B3155D;2015/02/26 00:42:02;20145;81;27.4;26.5;2.477;2.048;1.196;2.864;0.170;0.722;20146
B3155D;2015/02/26 00:42:12;20146;79;27.7;27.0;2.587;2.035;1.196;2.890;0.170;0.735;20147
B3155D;2015/02/26 00:42:22;20147;79;28.3;26.7;2.500;2.035;1.251;2.890;0.170;0.719;20148
B3155D;2015/02/26 00:42:32;20148;79;32.9;26.9;2.496;2.012;1.251;2.890;0.180;0.706;20149
B3155D;2015/02/26 00:42:42;20149;79;28.0;26.9;2.596;2.012;1.203;2.890;0.180;0.722;20150
B3155D;2015/02/26 00:42:52;20150;81;30.9;26.7;2.548;2.038;1.203;2.896;0.180;0.754;20151
B3155D;2015/02/26 00:43:02;20151;68;27.7;26.5;2.561;2.038;1.212;2.896;0.180;0.751;20152
B3155D;2015/02/26 00:43:12;20152;79;28.3;26.7;2.674;2.025;1.212;2.896;0.138;0.725;20153
B3155D;2015/02/26 00:43:22;20153;74;32.5;26.2;2.641;2.025;1.199;2.896;0.138;0.712;20154
B3155D;2015/02/26 00:43:32;20154;80;28.7;26.2;2.612;2.012;1.199;2.896;0.138;0.719;20155
B3155D;2015/02/26 00:43:42;20155;76;31.6;26.3;2.680;2.012;1.248;2.896;0.138;0.722;20156
B3155D;2015/02/26 00:43:52;20156;83;30.6;26.7;2.516;2.045;1.248;2.896;0.138;0.729;20157
B3155D;2015/02/26 00:44:02;20157;77;27.7;26.2;2.658;2.045;1.216;2.896;0.138;0.738;20158
B3155D;2015/02/26 00:44:12;20158;78;31.9;26.0;2.483;2.012;1.216;2.867;0.138;0.748;20159
B3155D;2015/02/26 00:44:22;20159;74;32.5;26.2;2.603;2.012;1.251;2.867;0.138;0.748;20160
B3155D;2015/02/26 00:44:32;20160;83;27.4;26.2;2.641;2.012;1.251;2.867;0.125;0.761;20161
B3155D;2015/02/26 00:44:42;20161;78;27.0;26.0;2.622;2.012;1.212;2.867;0.125;0.751;20162
B3155D;2015/02/26 00:44:52;20162;73;32.5;26.3;2.609;2.012;1.212;2.861;0.125;0.767;20163
B3155D;2015/02/26 00:45:02;20163;81;29.3;25.7;2.496;2.012;1.196;2.861;0.125;0.780;20164
B3155D;2015/02/26 00:45:12;20164;72;33.2;26.3;2.496;2.012;1.196;2.861;0.148;0.777;20165
B3155D;2015/02/26 00:45:22;20165;82;31.6;26.5;2.590;2.012;1.222;2.861;0.148;0.780;20166
B3155D;2015/02/26 00:45:32;20166;68;29.3;26.5;2.612;2.041;1.222;2.893;0.148;0.793;20167
B3155D;2015/02/26 00:45:42;20167;73;29.0;26.5;2.506;2.041;1.196;2.893;0.148;0.764;20168
B3155D;2015/02/26 00:45:52;20168;78;30.0;26.5;2.654;2.051;1.196;2.893;0.235;0.774;20169
B3155D;2015/02/26 00:46:02;20169;73;27.7;26.3;2.590;2.051;1.251;2.893;0.235;0.735;20170
B3155D;2015/02/26 00:46:12;20170;88;30.0;26.5;2.477;2.016;1.251;2.848;0.235;0.732;20171
B3155D;2015/02/26 00:46:22;20171;78;31.6;26.5;2.616;2.016;1.203;2.848;0.235;0.722;20172
B3155D;2015/02/26 00:46:32;20172;80;29.3;26.2;2.577;2.045;1.203;2.848;0.161;0.767;20173
B3155D;2015/02/26 00:46:42;20173;74;29.6;26.0;2.477;2.045;1.203;2.848;0.161;0.780;20174
B3155D;2015/02/26 00:46:52;20174;80;31.9;26.3;2.525;2.022;1.203;2.858;0.161;0.812;20175
B3155D;2015/02/26 00:47:02;20175;78;27.7;26.5;2.509;2.022;1.248;2.858;0.161;0.793;20176
B3155D;2015/02/26 00:47:12;20176;84;31.2;26.3;2.674;2.045;1.248;2.858;0.135;0.777;20177
B3155D;2015/02/26 00:47:22;20177;75;27.0;26.3;2.480;2.045;1.225;2.858;0.135;0.735;20178
B3155D;2015/02/26 00:47:32;20178;79;28.3;26.9;2.474;2.041;1.225;2.906;0.135;0.777;20179
B3155D;2015/02/26 00:47:42;20179;77;26.4;26.3;2.477;2.041;1.212;2.906;0.135;0.732;20180
B3155D;2015/02/26 00:47:52;20180;83;29.0;26.5;2.667;2.012;1.212;2.906;0.135;0.754;20181
B3155D;2015/02/26 00:48:02;20181;77;27.4;26.5;2.483;2.012;1.219;2.906;0.135;0.700;20182
B3155D;2015/02/26 00:48:12;20182;81;32.2;26.7;2.567;2.051;1.219;2.861;0.135;0.722;20183
B3155D;2015/02/26 00:48:22;20183;68;30.6;26.0;2.674;2.051;1.251;2.861;0.135;0.687;20184
B3155D;2015/02/26 00:48:32;20184;83;28.3;26.5;2.490;2.016;1.251;2.861;0.148;0.709;20185
B3155D;2015/02/26 00:48:42;20185;77;29.0;26.3;2.632;2.016;1.199;2.861;0.148;0.687;20186
B3155D;2015/02/26 00:48:52;20186;82;27.4;26.3;2.654;2.051;1.199;2.903;0.148;0.703;20187
B3155D;2015/02/26 00:49:02;20187;79;30.6;26.0;2.683;2.051;1.251;2.903;0.148;0.664;20188
B3155D;2015/02/26 00:49:12;20188;87;32.5;26.3;2.658;2.051;1.251;2.903;0.125;0.677;20189
B3155D;2015/02/26 00:49:22;20189;83;31.2;26.7;2.674;2.051;1.206;2.903;0.125;0.645;20190
B3155D;2015/02/26 00:49:32;20190;80;32.9;26.9;2.674;2.054;1.206;2.906;0.125;0.680;20191
B3155D;2015/02/26 00:49:42;20191;73;27.4;26.3;2.509;2.054;1.245;2.906;0.125;0.670;20192
B3155D;2015/02/26 00:49:52;20192;74;28.7;26.9;2.674;2.016;1.245;2.906;0.180;0.677;20193
B3155D;2015/02/26 00:50:02;20193;79;32.5;26.5;2.616;2.016;1.203;2.906;0.180;0.680;20194
B3155D;2015/02/26 00:50:12;20194;78;30.3;26.3;2.519;2.048;1.203;2.867;0.180;0.677;20195
B3155D;2015/02/26 00:50:22;20195;85;30.6;26.0;2.680;2.048;1.222;2.867;0.180;0.664;20196
B3155D;2015/02/26 00:50:32;20196;76;31.2;26.9;2.603;2.016;1.222;2.867;0.129;0.674;20197
B3155D;2015/02/26 00:50:42;20197;76;30.0;26.9;2.648;2.016;1.203;2.867;0.129;0.674;20198
B3155D;2015/02/26 00:50:52;20198;75;33.8;26.2;2.516;2.019;1.203;2.854;0.129;0.667;20199
B3155D;2015/02/26 00:51:02;20199;77;33.2;26.3;2.548;2.019;1.203;2.854;0.129;0.648;20200
B3155D;2015/02/26 00:51:12;20200;83;27.7;26.9;2.670;2.051;1.203;2.854;0.167;0.654;20201
B3155D;2015/02/26 00:51:22;20201;78;26.7;26.2;2.483;2.051;1.203;2.854;0.167;0.632;20202
B3155D;2015/02/26 00:51:32;20202;78;32.2;26.2;2.661;2.025;1.203;2.858;0.167;0.641;20203
B3155D;2015/02/26 00:51:42;20203;78;26.4;26.3;2.500;2.025;1.258;2.858;0.167;0.664;20204
B3155D;2015/02/26 00:51:52;20204;77;28.3;26.9;2.503;2.025;1.258;2.858;0.125;0.661;20205
B3155D;2015/02/26 00:52:02;20205;78;29.3;26.7;2.483;2.025;1.206;2.858;0.125;0.667;20206
B3155D;2015/02/26 00:52:12;20206;73;33.2;26.5;2.567;2.038;1.206;2.874;0.125;0.645;20207
B3155D;2015/02/26 00:52:22;20207;73;29.6;26.5;2.538;2.038;1.212;2.874;0.125;0.632;20208
B3155D;2015/02/26 00:52:32;20208;75;28.3;27.2;2.635;2.025;1.212;2.874;0.132;0.664;20209
B3155D;2015/02/26 00:52:42;20209;81;28.3;26.3;2.658;2.025;1.258;2.874;0.132;0.638;20210
B3155D;2015/02/26 00:52:52;20210;83;30.9;26.3;2.674;2.019;1.258;2.867;0.132;0.683;20211
B3155D;2015/02/26 00:53:02;20211;84;28.3;25.8;2.506;2.019;1.203;2.867;0.132;0.645;20212
B3155D;2015/02/26 00:53:12;20212;87;29.3;26.3;2.600;2.035;1.203;2.867;0.229;0.693;20213
B3155D;2015/02/26 00:53:22;20213;81;29.3;26.7;2.538;2.035;1.203;2.867;0.229;0.658;20214
B3155D;2015/02/26 00:53:32;20214;77;33.2;26.3;2.509;2.051;1.203;2.893;0.229;0.677;20215
B3155D;2015/02/26 00:53:42;20215;81;29.3;26.5;2.529;2.051;1.203;2.893;0.229;0.645;20216
B3155D;2015/02/26 00:53:52;20216;75;28.7;26.5;2.632;2.019;1.203;2.893;0.158;0.664;20217
B3155D;2015/02/26 00:54:02;20217;84;27.7;26.5;2.496;2.019;1.203;2.893;0.158;0.658;20218
B3155D;2015/02/26 00:54:12;20218;79;29.0;26.5;2.674;2.025;1.203;2.883;0.158;0.677;20219
B3155D;2015/02/26 00:54:22;20219;81;31.6;26.9;2.683;2.025;1.203;2.883;0.158;0.664;20220
B3155D;2015/02/26 00:54:32;20220;81;28.0;26.3;2.490;2.051;1.203;2.883;0.164;0.654;20221
B3155D;2015/02/26 00:54:42;20221;78;30.9;26.0;2.674;2.051;1.238;2.883;0.164;0.648;20222
B3155D;2015/02/26 00:54:52;20222;81;32.9;26.9;2.503;2.019;1.238;2.890;0.164;0.690;20223
B3155D;2015/02/26 00:55:02;20223;83;33.8;26.2;2.551;2.019;1.219;2.890;0.164;0.645;20224
B3155D;2015/02/26 00:55:12;20224;81;29.3;25.7;2.519;2.038;1.219;2.890;0.125;0.661;20225
B3155D;2015/02/26 00:55:22;20225;81;28.7;26.3;2.522;2.038;1.248;2.890;0.125;0.670;20226
B3155D;2015/02/26 00:55:32;20226;78;31.2;26.7;2.525;2.029;1.248;2.883;0.125;0.648;20227
B3155D;2015/02/26 00:55:42;20227;73;31.2;26.5;2.590;2.029;1.206;2.883;0.125;0.664;20228
B3155D;2015/02/26 00:55:52;20228;83;29.6;26.9;2.635;2.048;1.206;2.883;0.138;0.683;20229
B3155D;2015/02/26 00:56:02;20229;77;27.4;26.7;2.490;2.048;1.245;2.883;0.138;0.645;20230
B3155D;2015/02/26 00:56:12;20230;83;30.0;26.7;2.603;2.038;1.245;2.864;0.138;0.690;20231
B3155D;2015/02/26 00:56:22;20231;79;27.7;26.9;2.500;2.038;1.251;2.864;0.138;0.683;20232
B3155D;2015/02/26 00:56:32;20232;73;32.5;26.0;2.535;2.054;1.251;2.864;0.190;0.680;20233
B3155D;2015/02/26 00:56:42;20233;83;32.5;26.5;2.616;2.054;1.222;2.864;0.190;0.680;20234
B3155D;2015/02/26 00:56:52;20234;86;29.3;26.7;2.609;2.051;1.222;2.909;0.190;0.670;20235
B3155D;2015/02/26 00:57:02;20235;78;29.3;26.2;2.670;2.051;1.248;2.909;0.190;0.654;20236
B3155D;2015/02/26 00:57:12;20236;78;31.6;27.2;2.680;2.019;1.248;2.909;0.190;0.664;20237
B3155D;2015/02/26 00:57:22;20237;75;27.7;26.7;2.483;2.019;1.206;2.909;0.190;0.648;20238
B3155D;2015/02/26 00:57:32;20238;72;29.0;26.2;2.648;2.048;1.206;2.867;0.190;0.667;20239
B3155D;2015/02/26 00:57:42;20239;76;33.8;26.5;2.561;2.048;1.248;2.867;0.190;0.677;20240
B3155D;2015/02/26 00:57:52;20240;70;28.7;26.3;2.616;2.054;1.248;2.867;0.177;0.683;20241
B3155D;2015/02/26 00:58:02;20241;73;29.3;26.7;2.519;2.054;1.203;2.867;0.177;0.654;20242
B3155D;2015/02/26 00:58:12;20242;83;29.6;26.5;2.674;2.048;1.203;2.880;0.177;0.658;20243
B3155D;2015/02/26 00:58:22;20243;84;27.7;26.2;2.477;2.048;1.261;2.880;0.177;0.687;20244
B3155D;2015/02/26 00:58:32;20244;77;27.4;26.5;2.674;2.048;1.261;2.880;0.129;0.654;20245
B3155D;2015/02/26 00:58:42;20245;84;31.2;26.5;2.616;2.048;1.258;2.880;0.129;0.648;20246
B3155D;2015/02/26 00:58:52;20246;86;31.6;26.0;2.496;2.054;1.258;2.877;0.129;0.680;20247
B3155D;2015/02/26 00:59:02;20247;80;29.6;26.5;2.583;2.054;1.248;2.877;0.129;0.687;20248
B3155D;2015/02/26 00:59:12;20248;70;28.3;26.7;2.629;2.019;1.248;2.877;0.141;0.683;20249
B3155D;2015/02/26 00:59:22;20249;80;31.6;26.5;2.674;2.019;1.258;2.877;0.141;0.651;20250
B3155D;2015/02/26 00:59:32;20250;80;28.0;26.5;2.674;2.054;1.258;2.883;0.141;0.703;20251
B3155D;2015/02/26 00:59:42;20251;72;27.7;26.7;2.519;2.054;1.216;2.883;0.141;0.661;20252
B3155D;2015/02/26 00:59:52;20252;78;27.7;26.5;2.674;2.035;1.216;2.883;0.190;0.654;20253
B3155D;2015/02/26 01:00:02;20253;72;30.3;26.0;2.506;2.035;1.206;2.883;0.190;0.680;20254
B3155D;2015/02/26 01:00:12;20254;68;29.3;26.5;2.674;2.054;1.206;2.867;0.190;0.661;20255
B3155D;2015/02/26 01:00:22;20255;69;26.1;26.2;2.483;2.054;1.209;2.867;0.190;0.664;20256
B3155D;2015/02/26 01:00:32;20256;83;31.9;26.3;2.558;2.035;1.209;2.867;0.129;0.677;20257
B3155D;2015/02/26 01:00:42;20257;64;29.6;26.7;2.667;2.035;1.245;2.867;0.129;0.629;20258
B3155D;2015/02/26 01:00:52;20258;78;28.3;26.9;2.667;2.022;1.245;2.903;0.129;0.677;20259
B3155D;2015/02/26 01:01:02;20259;75;27.7;26.2;2.522;2.022;1.254;2.903;0.129;0.635;20260
B3155D;2015/02/26 01:01:12;20260;76;30.0;26.3;2.635;2.054;1.254;2.903;0.183;0.661;20261
B3155D;2015/02/26 01:01:22;20261;80;27.0;26.5;2.490;2.054;1.209;2.903;0.183;0.664;20262
B3155D;2015/02/26 01:01:32;20262;83;30.6;26.3;2.516;2.022;1.209;2.896;0.183;0.700;20263
B3155D;2015/02/26 01:01:42;20263;82;32.5;26.5;2.590;2.022;1.212;2.896;0.183;0.680;20264
B3155D;2015/02/26 01:01:52;20264;83;28.3;26.7;2.638;2.022;1.212;2.896;0.129;0.693;20265
B3155D;2015/02/26 01:02:02;20265;73;32.5;26.5;2.509;2.022;1.248;2.896;0.129;0.667;20266
B3155D;2015/02/26 01:02:12;20266;76;32.5;26.5;2.487;2.035;1.248;2.880;0.129;0.658;20267
B3155D;2015/02/26 01:02:22;20267;83;27.7;26.3;2.674;2.035;1.222;2.880;0.129;0.677;20268
B3155D;2015/02/26 01:02:32;20268;85;30.9;26.5;2.525;2.022;1.222;2.880;0.161;0.690;20269
B3155D;2015/02/26 01:02:42;20269;85;31.6;26.5;2.590;2.022;1.206;2.880;0.161;0.680;20270
B3155D;2015/02/26 01:02:52;20270;74;28.3;26.9;2.670;2.048;1.206;2.912;0.161;0.654;20271
B3155D;2015/02/26 01:03:02;20271;84;27.0;26.5;2.490;2.048;1.212;2.912;0.161;0.670;20272
B3155D;2015/02/26 01:03:12;20272;78;33.2;27.0;2.625;2.054;1.212;2.912;0.125;0.667;20273
B3155D;2015/02/26 01:03:22;20273;80;30.3;26.9;2.538;2.054;1.235;2.912;0.125;0.674;20274
B3155D;2015/02/26 01:03:32;20274;79;28.7;26.9;2.638;2.022;1.235;2.870;0.125;0.700;20275
B3155D;2015/02/26 01:03:42;20275;67;32.2;26.9;2.625;2.022;1.209;2.870;0.125;0.651;20276
B3155D;2015/02/26 01:03:52;20276;73;30.9;26.5;2.483;2.025;1.209;2.870;0.177;0.677;20277
B3155D;2015/02/26 01:04:02;20277;70;27.0;26.2;2.483;2.025;1.209;2.870;0.177;0.683;20278
B3155D;2015/02/26 01:04:12;20278;88;29.6;26.2;2.509;2.051;1.209;2.883;0.177;0.683;20279
B3155D;2015/02/26 01:04:22;20279;82;31.9;26.9;2.622;2.051;1.209;2.883;0.177;0.693;20280
B3155D;2015/02/26 01:04:32;20280;88;31.9;26.9;2.561;2.022;1.209;2.883;0.148;0.706;20281
B3155D;2015/02/26 01:04:42;20281;75;28.7;26.3;2.512;2.022;1.225;2.883;0.148;0.667;20282
B3155D;2015/02/26 01:04:52;20282;69;28.7;26.3;2.509;2.051;1.225;2.909;0.148;0.693;20283
B3155D;2015/02/26 01:05:02;20283;75;27.0;26.2;2.680;2.051;1.209;2.909;0.148;0.696;20284
B3155D;2015/02/26 01:05:12;20284;70;32.9;27.2;2.674;2.045;1.209;2.909;0.129;0.680;20285
B3155D;2015/02/26 01:05:22;20285;73;31.2;26.9;2.545;2.045;1.219;2.909;0.129;0.674;20286
B3155D;2015/02/26 01:05:32;20286;85;30.9;26.3;2.474;2.051;1.219;2.858;0.129;0.716;20287
B3155D;2015/02/26 01:05:42;20287;83;27.7;26.5;2.477;2.051;1.232;2.858;0.129;0.680;20288
B3155D;2015/02/26 01:05:52;20288;84;32.5;26.0;2.477;2.051;1.232;2.858;0.180;0.732;20289
B3155D;2015/02/26 01:06:02;20289;78;30.6;26.5;2.661;2.051;1.248;2.858;0.180;0.680;20290
B3155D;2015/02/26 01:06:12;20290;79;30.0;26.5;2.483;2.045;1.248;2.880;0.180;0.709;20291
B3155D;2015/02/26 01:06:22;20291;73;31.9;27.0;2.658;2.045;1.225;2.880;0.180;0.687;20292
B3155D;2015/02/26 01:06:32;20292;76;34.1;26.9;2.667;2.051;1.225;2.880;0.125;0.700;20293
B3155D;2015/02/26 01:06:42;20293;82;31.9;26.9;2.667;2.051;1.248;2.880;0.125;0.732;20294
B3155D;2015/02/26 01:06:52;20294;68;28.3;26.5;2.467;2.041;1.248;2.887;0.125;0.719;20295
B3155D;2015/02/26 01:07:02;20295;78;27.0;26.5;2.487;2.041;1.212;2.887;0.125;0.712;20296
B3155D;2015/02/26 01:07:12;20296;73;31.6;26.5;2.525;2.058;1.212;2.887;0.229;0.758;20297
B3155D;2015/02/26 01:07:22;20297;82;27.7;26.7;2.629;2.058;1.251;2.887;0.229;0.754;20298
B3155D;2015/02/26 01:07:32;20298;88;29.0;26.5;2.674;2.061;1.251;2.890;0.229;0.770;20299
B3155D;2015/02/26 01:07:42;20299;82;31.9;26.9;2.619;2.061;1.212;2.890;0.229;0.790;20300
B3155D;2015/02/26 01:07:52;20300;82;31.2;26.0;2.474;2.022;1.212;2.890;0.129;0.796;20301
B3155D;2015/02/26 01:08:02;20301;78;27.4;26.2;2.661;2.022;1.225;2.890;0.129;0.767;20302
B3155D;2015/02/26 01:08:12;20302;78;34.1;25.8;2.609;2.048;1.225;2.883;0.129;0.732;20303
B3155D;2015/02/26 01:08:22;20303;83;27.4;26.2;2.500;2.048;1.212;2.883;0.129;0.732;20304
B3155D;2015/02/26 01:08:32;20304;80;30.0;26.9;2.674;2.022;1.212;2.883;0.132;0.745;20305
B3155D;2015/02/26 01:08:42;20305;85;29.0;26.3;2.503;2.022;1.209;2.883;0.132;0.712;20306
B3155D;2015/02/26 01:08:52;20306;78;27.7;26.3;2.654;2.025;1.209;2.890;0.132;0.741;20307
B3155D;2015/02/26 01:09:02;20307;80;30.3;26.5;2.670;2.025;1.206;2.890;0.132;0.687;20308
B3155D;2015/02/26 01:09:12;20308;77;31.6;26.3;2.480;2.054;1.206;2.890;0.132;0.741;20309
B3155D;2015/02/26 01:09:22;20309;76;27.7;26.5;2.483;2.054;1.232;2.890;0.132;0.725;20310
B3155D;2015/02/26 01:09:32;20310;75;30.9;26.5;2.625;2.061;1.232;2.880;0.132;0.696;20311
B3155D;2015/02/26 01:09:42;20311;81;27.7;26.5;2.477;2.061;1.229;2.880;0.132;0.693;20312
B3155D;2015/02/26 01:09:52;20312;75;32.9;26.9;2.500;2.035;1.229;2.880;0.190;0.709;20313
B3155D;2015/02/26 01:10:02;20313;66;30.6;25.7;2.680;2.035;1.222;2.880;0.190;0.690;20314
B3155D;2015/02/26 01:10:12;20314;85;31.9;26.9;2.570;2.025;1.222;2.880;0.190;0.712;20315
B3155D;2015/02/26 01:10:22;20315;84;31.2;26.3;2.674;2.025;1.209;2.880;0.190;0.725;20316
B3155D;2015/02/26 01:10:32;20316;85;30.6;26.3;2.477;2.051;1.209;2.880;0.129;0.706;20317
B3155D;2015/02/26 01:10:42;20317;84;31.9;26.9;2.641;2.051;1.219;2.880;0.129;0.719;20318
B3155D;2015/02/26 01:10:52;20318;76;28.0;26.3;2.477;2.058;1.219;2.880;0.129;0.703;20319
B3155D;2015/02/26 01:11:02;20319;83;28.7;26.5;2.519;2.058;1.209;2.880;0.129;0.703;20320
B3155D;2015/02/26 01:11:12;20320;73;31.2;26.5;2.577;2.061;1.209;2.880;0.161;0.716;20321
B3155D;2015/02/26 01:11:22;20321;83;29.3;26.7;2.525;2.061;1.264;2.880;0.161;0.725;20322
B3155D;2015/02/26 01:11:32;20322;81;32.2;25.7;2.483;2.038;1.264;2.912;0.161;0.748;20323
B3155D;2015/02/26 01:11:42;20323;71;27.0;26.3;2.593;2.038;1.225;2.912;0.161;0.758;20324
B3155D;2015/02/26 01:11:52;20324;75;30.3;26.3;2.516;2.048;1.225;2.912;0.129;0.758;20325
B3155D;2015/02/26 01:12:02;20325;79;28.3;26.5;2.500;2.048;1.212;2.912;0.129;0.783;20326
B3155D;2015/02/26 01:12:12;20326;76;28.3;26.5;2.667;2.048;1.212;2.867;0.129;0.764;20327
B3155D;2015/02/26 01:12:22;20327;78;28.3;25.7;2.670;2.048;1.251;2.867;0.129;0.738;20328
B3155D;2015/02/26 01:12:32;20328;86;31.6;26.9;2.525;2.032;1.251;2.867;0.138;0.738;20329
B3155D;2015/02/26 01:12:42;20329;83;27.7;26.5;2.587;2.032;1.212;2.867;0.138;0.716;20330
B3155D;2015/02/26 01:12:52;20330;87;28.7;26.3;2.622;2.035;1.212;2.916;0.138;0.712;20331
B3155D;2015/02/26 01:13:02;20331;84;29.3;26.7;2.548;2.035;1.241;2.916;0.138;0.725;20332
B3155D;2015/02/26 01:13:12;20332;78;27.7;26.7;2.670;2.038;1.241;2.916;0.141;0.703;20333
B3155D;2015/02/26 01:13:22;20333;79;33.8;26.5;2.525;2.038;1.209;2.916;0.141;0.693;20334
B3155D;2015/02/26 01:13:32;20334;78;31.2;26.3;2.477;2.041;1.209;2.912;0.141;0.687;20335
B3155D;2015/02/26 01:13:42;20335;75;31.6;26.9;2.603;2.041;1.216;2.912;0.141;0.683;20336
B3155D;2015/02/26 01:13:52;20336;78;31.2;26.5;2.664;2.029;1.216;2.912;0.122;0.690;20337
B3155D;2015/02/26 01:14:02;20337;81;29.0;26.5;2.519;2.029;1.232;2.912;0.122;0.709;20338
B3155D;2015/02/26 01:14:12;20338;83;30.9;26.3;2.516;2.025;1.232;2.870;0.122;0.709;20339
B3155D;2015/02/26 01:14:22;20339;72;27.7;26.7;2.670;2.025;1.264;2.870;0.122;0.696;20340
B3155D;2015/02/26 01:14:32;20340;80;29.6;26.7;2.670;2.058;1.264;2.870;0.190;0.687;20341
B3155D;2015/02/26 01:14:42;20341;69;29.3;26.0;2.670;2.058;1.264;2.870;0.190;0.683;20342
B3155D;2015/02/26 01:14:52;20342;70;31.6;26.5;2.641;2.025;1.264;2.912;0.190;0.667;20343
B3155D;2015/02/26 01:15:02;20343;77;28.7;26.7;2.512;2.025;1.264;2.912;0.190;0.661;20344
B3155D;2015/02/26 01:15:12;20344;77;32.9;26.9;2.670;2.025;1.264;2.912;0.148;0.696;20345
B3155D;2015/02/26 01:15:22;20345;67;27.0;26.5;2.503;2.025;1.261;2.912;0.148;0.664;20346
B3155D;2015/02/26 01:15:32;20346;78;28.3;26.9;2.674;2.061;1.261;2.909;0.148;0.706;20347
B3155D;2015/02/26 01:15:42;20347;85;27.4;26.2;2.480;2.061;1.216;2.909;0.148;0.661;20348
B3155D;2015/02/26 01:15:52;20348;79;27.7;26.9;2.487;2.064;1.216;2.909;0.170;0.667;20349
B3155D;2015/02/26 01:16:02;20349;69;28.7;26.5;2.641;2.064;1.216;2.909;0.170;0.677;20350
B3155D;2015/02/26 01:16:12;20350;73;27.0;26.9;2.674;2.041;1.216;2.896;0.170;0.661;20351
B3155D;2015/02/26 01:16:22;20351;78;27.0;26.5;2.590;2.041;1.212;2.896;0.170;0.667;20352
B3155D;2015/02/26 01:16:32;20352;73;29.6;26.7;2.580;2.045;1.212;2.896;0.183;0.683;20353
B3155D;2015/02/26 01:16:42;20353;81;28.7;26.5;2.616;2.045;1.261;2.896;0.183;0.658;20354
B3155D;2015/02/26 01:16:52;20354;86;31.2;27.0;2.490;2.064;1.261;2.903;0.183;0.690;20355
B3155D;2015/02/26 01:17:02;20355;83;26.4;26.5;2.490;2.064;1.229;2.903;0.183;0.674;20356
B3155D;2015/02/26 01:17:12;20356;87;30.9;26.7;2.477;2.045;1.229;2.903;0.148;0.703;20357
B3155D;2015/02/26 01:17:22;20357;85;29.6;26.9;2.648;2.045;1.219;2.903;0.148;0.696;20358
B3155D;2015/02/26 01:17:32;20358;79;28.0;26.9;2.635;2.045;1.219;2.890;0.148;0.706;20359
B3155D;2015/02/26 01:17:42;20359;77;32.2;26.9;2.670;2.045;1.216;2.890;0.148;0.674;20360
B3155D;2015/02/26 01:17:52;20360;78;27.7;26.5;2.470;2.061;1.216;2.890;0.135;0.687;20361
B3155D;2015/02/26 01:18:02;20361;73;27.7;26.2;2.658;2.061;1.270;2.890;0.135;0.683;20362
B3155D;2015/02/26 01:18:12;20362;82;32.2;26.3;2.496;2.067;1.270;2.880;0.135;0.729;20363
B3155D;2015/02/26 01:18:22;20363;78;29.0;26.3;2.635;2.067;1.258;2.880;0.135;0.716;20364
B3155D;2015/02/26 01:18:32;20364;83;31.6;26.0;2.606;2.061;1.258;2.880;0.138;0.716;20365
B3155D;2015/02/26 01:18:42;20365;81;31.2;26.5;2.667;2.061;1.216;2.880;0.138;0.745;20366
B3155D;2015/02/26 01:18:52;20366;78;28.3;27.2;2.467;2.054;1.216;2.880;0.138;0.780;20367
B3155D;2015/02/26 01:19:02;20367;73;27.7;26.3;2.500;2.054;1.258;2.880;0.138;0.764;20368
B3155D;2015/02/26 01:19:12;20368;78;29.6;26.9;2.587;2.061;1.258;2.880;0.183;0.748;20369
B3155D;2015/02/26 01:19:22;20369;75;29.0;26.7;2.496;2.061;1.264;2.880;0.183;0.774;20370
B3155D;2015/02/26 01:19:32;20370;78;27.4;26.9;2.545;2.045;1.264;2.912;0.183;0.751;20371
B3155D;2015/02/26 01:19:42;20371;77;30.6;27.2;2.661;2.045;1.245;2.912;0.183;0.751;20372
B3155D;2015/02/26 01:19:52;20372;81;33.8;26.9;2.500;2.067;1.245;2.912;0.151;0.745;20373
B3155D;2015/02/26 01:20:02;20373;78;29.0;26.5;2.503;2.067;1.219;2.912;0.151;0.709;20374
B3155D;2015/02/26 01:20:12;20374;80;28.7;26.9;2.641;2.064;1.219;2.909;0.151;0.706;20375
B3155D;2015/02/26 01:20:22;20375;70;30.6;26.0;2.677;2.064;1.216;2.909;0.151;0.690;20376
B3155D;2015/02/26 01:20:32;20376;85;28.3;27.2;2.483;2.032;1.216;2.909;0.129;0.703;20377
B3155D;2015/02/26 01:20:42;20377;77;27.0;26.3;2.483;2.032;1.212;2.909;0.129;0.719;20378
B3155D;2015/02/26 01:20:52;20378;78;31.2;26.0;2.587;2.064;1.212;2.870;0.129;0.696;20379
B3155D;2015/02/26 01:21:02;20379;73;27.7;26.3;2.477;2.064;1.216;2.870;0.129;0.687;20380
B3155D;2015/02/26 01:21:12;20380;74;29.6;26.9;2.587;2.061;1.216;2.870;0.125;0.722;20381
B3155D;2015/02/26 01:21:22;20381;72;30.3;26.5;2.667;2.061;1.212;2.870;0.125;0.683;20382
B3155D;2015/02/26 01:21:32;20382;84;29.6;26.0;2.480;2.035;1.212;2.867;0.125;0.735;20383
B3155D;2015/02/26 01:21:42;20383;75;27.0;26.9;2.500;2.035;1.258;2.867;0.125;0.706;20384
B3155D;2015/02/26 01:21:52;20384;80;30.0;26.9;2.529;2.067;1.258;2.867;0.132;0.696;20385
B3155D;2015/02/26 01:22:02;20385;78;31.2;26.9;2.674;2.067;1.216;2.867;0.132;0.696;20386
B3155D;2015/02/26 01:22:12;20386;87;30.9;26.5;2.467;2.054;1.216;2.903;0.132;0.700;20387
B3155D;2015/02/26 01:22:22;20387;73;29.6;26.3;2.670;2.054;1.216;2.903;0.132;0.719;20388
B3155D;2015/02/26 01:22:32;20388;80;31.9;26.5;2.616;2.032;1.216;2.903;0.174;0.712;20389
B3155D;2015/02/26 01:22:42;20389;75;33.2;26.5;2.477;2.032;1.225;2.903;0.174;0.709;20390
B3155D;2015/02/26 01:22:52;20390;83;31.2;26.9;2.603;2.058;1.225;2.880;0.174;0.712;20391
B3155D;2015/02/26 01:23:02;20391;78;27.4;26.7;2.658;2.058;1.254;2.880;0.174;0.732;20392
B3155D;2015/02/26 01:23:12;20392;72;28.7;26.9;2.648;2.032;1.254;2.880;0.167;0.693;20393
B3155D;2015/02/26 01:23:22;20393;71;27.0;26.5;2.503;2.032;1.245;2.880;0.167;0.680;20394
B3155D;2015/02/26 01:23:32;20394;83;30.3;26.3;2.525;2.064;1.245;2.880;0.167;0.709;20395
B3155D;2015/02/26 01:23:42;20395;83;29.0;26.3;2.654;2.064;1.216;2.880;0.167;0.738;20396
B3155D;2015/02/26 01:23:52;20396;76;31.6;26.9;2.635;2.054;1.216;2.880;0.138;0.725;20397
B3155D;2015/02/26 01:24:02;20397;79;28.3;26.9;2.606;2.054;1.264;2.880;0.138;0.751;20398
B3155D;2015/02/26 01:24:12;20398;77;31.2;26.3;2.477;2.032;1.264;2.916;0.138;0.741;20399
B3155D;2015/02/26 01:24:22;20399;78;32.5;26.9;2.603;2.032;1.270;2.916;0.138;0.709;20400
B3155D;2015/02/26 01:24:32;20400;78;29.0;26.3;2.483;2.032;1.270;2.916;0.190;0.745;20401
B3155D;2015/02/26 01:24:42;20401;73;29.6;26.0;2.487;2.032;1.212;2.916;0.190;0.751;20402
B3155D;2015/02/26 01:24:52;20402;76;26.7;26.7;2.516;2.032;1.212;2.896;0.190;0.716;20403
B3155D;2015/02/26 01:25:02;20403;78;32.5;26.5;2.522;2.032;1.216;2.896;0.190;0.722;20404
B3155D;2015/02/26 01:25:12;20404;70;33.8;26.9;2.667;2.067;1.216;2.896;0.161;0.725;20405
B3155D;2015/02/26 01:25:22;20405;72;29.6;26.0;2.651;2.067;1.261;2.896;0.161;0.696;20406
B3155D;2015/02/26 01:25:32;20406;73;26.7;26.7;2.661;2.054;1.261;2.893;0.161;0.712;20407
B3155D;2015/02/26 01:25:42;20407;78;31.9;26.7;2.674;2.054;1.222;2.893;0.161;0.706;20408
B3155D;2015/02/26 01:25:52;20408;78;30.0;26.9;2.503;2.067;1.222;2.893;0.132;0.719;20409
B3155D;2015/02/26 01:26:02;20409;70;29.0;26.7;2.500;2.067;1.274;2.893;0.132;0.709;20410
B3155D;2015/02/26 01:26:12;20410;83;27.7;26.5;2.635;2.032;1.274;2.903;0.132;0.719;20411
B3155D;2015/02/26 01:26:22;20411;83;30.0;26.9;2.590;2.032;1.225;2.903;0.132;0.706;20412
B3155D;2015/02/26 01:26:32;20412;75;27.4;26.3;2.535;2.032;1.225;2.903;0.209;0.761;20413
B3155D;2015/02/26 01:26:42;20413;80;31.2;26.5;2.545;2.032;1.248;2.903;0.209;0.725;20414
B3155D;2015/02/26 01:26:52;20414;80;30.6;26.3;2.616;2.035;1.248;2.870;0.209;0.712;20415
B3155D;2015/02/26 01:27:02;20415;77;31.2;26.9;2.574;2.035;1.232;2.870;0.209;0.732;20416
B3155D;2015/02/26 01:27:12;20416;69;30.9;26.5;2.661;2.067;1.232;2.870;0.138;0.745;20417
B3155D;2015/02/26 01:27:22;20417;78;30.0;26.5;2.529;2.067;1.216;2.870;0.138;0.706;20418
B3155D;2015/02/26 01:27:32;20418;73;27.7;26.5;2.674;2.032;1.216;2.880;0.138;0.741;20419
B3155D;2015/02/26 01:27:42;20419;77;28.3;26.2;2.554;2.032;1.238;2.880;0.138;0.738;20420
B3155D;2015/02/26 01:27:52;20420;84;30.0;26.3;2.506;2.054;1.238;2.880;0.180;0.735;20421
B3155D;2015/02/26 01:28:02;20421;67;28.3;26.3;2.619;2.054;1.216;2.880;0.180;0.722;20422
B3155D;2015/02/26 01:28:12;20422;79;29.6;27.2;2.635;2.045;1.216;2.903;0.180;0.712;20423
B3155D;2015/02/26 01:28:22;20423;73;30.3;26.7;2.564;2.045;1.274;2.903;0.180;0.690;20424
B3155D;2015/02/26 01:28:32;20424;78;28.7;26.5;2.616;2.032;1.274;2.903;0.141;0.709;20425
B3155D;2015/02/26 01:28:42;20425;71;27.0;26.5;2.483;2.032;1.235;2.903;0.141;0.741;20426
B3155D;2015/02/26 01:28:52;20426;88;28.3;26.5;2.661;2.032;1.235;2.890;0.141;0.732;20427
B3155D;2015/02/26 01:29:02;20427;67;32.5;26.7;2.587;2.032;1.238;2.890;0.141;0.719;20428
B3155D;2015/02/26 01:29:12;20428;82;31.6;26.3;2.493;2.054;1.238;2.890;0.125;0.700;20429
B3155D;2015/02/26 01:29:22;20429;75;32.2;26.9;2.590;2.054;1.245;2.890;0.125;0.719;20430
B3155D;2015/02/26 01:29:32;20430;73;30.6;26.3;2.567;2.045;1.245;2.912;0.125;0.716;20431
B3155D;2015/02/26 01:29:42;20431;74;28.3;26.3;2.506;2.045;1.270;2.912;0.125;0.696;20432
B3155D;2015/02/26 01:29:52;20432;83;30.6;26.7;2.561;2.041;1.270;2.912;0.209;0.735;20433
B3155D;2015/02/26 01:30:02;20433;79;28.7;26.9;2.503;2.041;1.216;2.912;0.209;0.722;20434
B3155D;2015/02/26 01:30:12;20434;74;33.8;26.9;2.674;2.035;1.216;2.916;0.209;0.722;20435
B3155D;2015/02/26 01:30:22;20435;78;31.6;26.5;2.606;2.035;1.219;2.916;0.209;0.725;20436
B3155D;2015/02/26 01:30:32;20436;83;32.5;26.5;2.470;2.051;1.219;2.916;0.183;0.754;20437
B3155D;2015/02/26 01:30:42;20437;81;29.0;26.3;2.522;2.051;1.229;2.916;0.183;0.712;20438
B3155D;2015/02/26 01:30:52;20438;73;31.9;26.5;2.641;2.035;1.229;2.912;0.183;0.722;20439
B3155D;2015/02/26 01:31:02;20439;84;29.3;26.7;2.545;2.035;1.229;2.912;0.183;0.693;20440
B3155D;2015/02/26 01:31:12;20440;78;27.0;26.5;2.477;2.054;1.229;2.912;0.138;0.719;20441
B3155D;2015/02/26 01:31:22;20441;78;28.3;26.0;2.574;2.054;1.248;2.912;0.138;0.670;20442
B3155D;2015/02/26 01:31:32;20442;88;30.6;26.5;2.603;2.061;1.248;2.916;0.138;0.674;20443
B3155D;2015/02/26 01:31:42;20443;71;30.3;26.3;2.670;2.061;1.241;2.916;0.138;0.654;20444
B3155D;2015/02/26 01:31:52;20444;78;27.0;26.5;2.674;2.041;1.241;2.916;0.164;0.680;20445
B3155D;2015/02/26 01:32:02;20445;80;27.4;26.7;2.477;2.041;1.261;2.916;0.164;0.706;20446
B3155D;2015/02/26 01:32:12;20446;78;30.9;26.3;2.577;2.035;1.261;2.880;0.164;0.687;20447
B3155D;2015/02/26 01:32:22;20447;81;29.3;26.5;2.638;2.035;1.274;2.880;0.164;0.696;20448
B3155D;2015/02/26 01:32:32;20448;80;31.2;26.5;2.480;2.067;1.274;2.880;0.125;0.700;20449
B3155D;2015/02/26 01:32:42;20449;79;28.3;26.2;2.677;2.067;1.241;2.880;0.125;0.693;20450
B3155D;2015/02/26 01:32:52;20450;78;30.6;26.5;2.670;2.064;1.241;2.925;0.125;0.683;20451
B3155D;2015/02/26 01:33:02;20451;84;27.0;26.5;2.603;2.064;1.229;2.925;0.125;0.690;20452
B3155D;2015/02/26 01:33:12;20452;78;29.0;26.5;2.580;2.035;1.229;2.925;0.135;0.696;20453
B3155D;2015/02/26 01:33:22;20453;75;26.4;26.7;2.483;2.035;1.225;2.925;0.135;0.674;20454
B3155D;2015/02/26 01:33:32;20454;88;33.8;26.9;2.525;2.061;1.225;2.874;0.135;0.683;20455
B3155D;2015/02/26 01:33:42;20455;81;26.1;26.3;2.509;2.061;1.254;2.874;0.135;0.703;20456
B3155D;2015/02/26 01:33:52;20456;85;31.6;26.3;2.496;2.058;1.254;2.874;0.138;0.732;20457
B3155D;2015/02/26 01:34:02;20457;83;28.3;26.0;2.670;2.058;1.264;2.874;0.138;0.683;20458
B3155D;2015/02/26 01:34:12;20458;83;33.8;26.2;2.519;2.035;1.264;2.912;0.138;0.716;20459
B3155D;2015/02/26 01:34:22;20459;75;29.0;26.0;2.677;2.035;1.258;2.912;0.138;0.716;20460
B3155D;2015/02/26 01:34:32;20460;83;30.3;26.0;2.632;2.061;1.258;2.912;0.161;0.706;20461
B3155D;2015/02/26 01:34:42;20461;77;33.2;27.0;2.545;2.061;1.225;2.912;0.161;0.696;20462
B3155D;2015/02/26 01:34:52;20462;70;30.3;26.3;2.477;2.035;1.225;2.903;0.161;0.716;20463
B3155D;2015/02/26 01:35:02;20463;68;30.0;26.7;2.477;2.035;1.219;2.903;0.161;0.703;20464
B3155D;2015/02/26 01:35:12;20464;69;33.2;26.0;2.496;2.035;1.219;2.903;0.125;0.693;20465
B3155D;2015/02/26 01:35:22;20465;78;27.7;26.7;2.525;2.035;1.258;2.903;0.125;0.719;20466
B3155D;2015/02/26 01:35:32;20466;79;30.3;26.3;2.470;2.064;1.258;2.896;0.125;0.700;20467
B3155D;2015/02/26 01:35:42;20467;77;30.3;26.5;2.680;2.064;1.216;2.896;0.125;0.716;20468
B3155D;2015/02/26 01:35:52;20468;74;28.7;26.5;2.616;2.035;1.216;2.896;0.148;0.700;20469
B3155D;2015/02/26 01:36:02;20469;69;31.2;26.9;2.680;2.035;1.261;2.896;0.148;0.732;20470
B3155D;2015/02/26 01:36:12;20470;73;31.2;26.0;2.570;2.074;1.261;2.916;0.148;0.725;20471
B3155D;2015/02/26 01:36:22;20471;79;33.5;27.0;2.477;2.074;1.270;2.916;0.148;0.709;20472
B3155D;2015/02/26 01:36:32;20472;77;33.8;26.7;2.661;2.074;1.270;2.916;0.138;0.712;20473
B3155D;2015/02/26 01:36:42;20473;73;30.0;26.5;2.532;2.074;1.245;2.916;0.138;0.722;20474
B3155D;2015/02/26 01:36:52;20474;86;26.1;26.9;2.606;2.038;1.245;2.887;0.138;0.722;20475
B3155D;2015/02/26 01:37:02;20475;81;30.3;26.7;2.538;2.038;1.264;2.887;0.138;0.706;20476
B3155D;2015/02/26 01:37:12;20476;73;28.7;26.9;2.638;2.064;1.264;2.887;0.158;0.722;20477
B3155D;2015/02/26 01:37:22;20477;79;28.3;26.9;2.622;2.064;1.219;2.887;0.158;0.690;20478
B3155D;2015/02/26 01:37:32;20478;81;28.7;26.7;2.645;2.061;1.219;2.925;0.158;0.716;20479
B3155D;2015/02/26 01:37:42;20479;79;30.0;27.4;2.554;2.061;1.235;2.925;0.158;0.690;20480
B3155D;2015/02/26 01:37:52;20480;87;31.2;26.0;2.490;2.045;1.235;2.925;0.141;0.709;20481
B3155D;2015/02/26 01:38:02;20481;76;31.2;26.2;2.670;2.045;1.225;2.925;0.141;0.712;20482
B3155D;2015/02/26 01:38:12;20482;86;28.7;26.5;2.490;2.058;1.225;2.899;0.141;0.693;20483
B3155D;2015/02/26 01:38:22;20483;69;27.7;26.5;2.590;2.058;1.222;2.899;0.141;0.677;20484
B3155D;2015/02/26 01:38:32;20484;79;30.3;26.5;2.632;2.058;1.222;2.899;0.129;0.690;20485
B3155D;2015/02/26 01:38:42;20485;77;27.0;26.9;2.577;2.058;1.225;2.899;0.129;0.690;20486
B3155D;2015/02/26 01:38:52;20486;78;28.0;27.2;2.658;2.038;1.225;2.893;0.129;0.741;20487
B3155D;2015/02/26 01:39:02;20487;69;30.6;26.5;2.590;2.038;1.238;2.893;0.129;0.709;20488
B3155D;2015/02/26 01:39:12;20488;80;27.0;26.7;2.658;2.038;1.238;2.893;0.129;0.722;20489
B3155D;2015/02/26 01:39:22;20489;79;33.8;26.5;2.551;2.038;1.270;2.893;0.129;0.700;20490
B3155D;2015/02/26 01:39:32;20490;84;29.0;26.0;2.477;2.041;1.270;2.899;0.129;0.700;20491
B3155D;2015/02/26 01:39:42;20491;79;28.3;26.3;2.522;2.041;1.219;2.899;0.129;0.706;20492
B3155D;2015/02/26 01:39:52;20492;78;30.6;26.5;2.609;2.070;1.219;2.899;0.138;0.709;20493
B3155D;2015/02/26 01:40:02;20493;73;29.0;26.2;2.661;2.070;1.225;2.899;0.138;0.677;20494
B3155D;2015/02/26 01:40:12;20494;71;30.0;26.5;2.519;2.064;1.225;2.916;0.138;0.693;20495
B3155D;2015/02/26 01:40:22;20495;83;29.0;26.2;2.477;2.064;1.222;2.916;0.138;0.680;20496
B3155D;2015/02/26 01:40:32;20496;78;32.9;26.3;2.474;2.061;1.222;2.916;0.138;0.683;20497
B3155D;2015/02/26 01:40:42;20497;79;27.7;26.7;2.503;2.061;1.219;2.916;0.138;0.687;20498
B3155D;2015/02/26 01:40:52;20498;83;28.3;26.9;2.670;2.045;1.219;2.932;0.138;0.670;20499
B3155D;2015/02/26 01:41:02;20499;74;26.7;26.5;2.493;2.045;1.251;2.932;0.138;0.680;20500
B3155D;2015/02/26 01:41:12;20500;82;32.5;26.9;2.674;2.064;1.251;2.932;0.132;0.690;20501
B3155D;2015/02/26 01:41:22;20501;84;30.0;26.5;2.654;2.064;1.277;2.932;0.132;0.664;20502
B3155D;2015/02/26 01:41:32;20502;79;31.9;26.7;2.509;2.038;1.277;2.932;0.132;0.651;20503
B3155D;2015/02/26 01:41:42;20503;86;31.2;26.3;2.622;2.038;1.225;2.932;0.132;0.677;20504
B3155D;2015/02/26 01:41:52;20504;78;27.4;26.5;2.667;2.074;1.225;2.932;0.180;0.654;20505
B3155D;2015/02/26 01:42:02;20505;68;33.2;26.2;2.538;2.074;1.235;2.932;0.180;0.664;20506
B3155D;2015/02/26 01:42:12;20506;72;30.3;26.3;2.670;2.038;1.235;2.887;0.180;0.661;20507
B3155D;2015/02/26 01:42:22;20507;79;27.4;26.2;2.519;2.038;1.267;2.887;0.180;0.645;20508
B3155D;2015/02/26 01:42:32;20508;80;26.4;26.9;2.667;2.048;1.267;2.887;0.138;0.648;20509
B3155D;2015/02/26 01:42:42;20509;77;27.7;26.3;2.674;2.048;1.277;2.887;0.138;0.674;20510
B3155D;2015/02/26 01:42:52;20510;87;27.4;26.2;2.496;2.074;1.277;2.887;0.138;0.661;20511
B3155D;2015/02/26 01:43:02;20511;84;30.9;26.0;2.506;2.074;1.235;2.887;0.138;0.645;20512
B3155D;2015/02/26 01:43:12;20512;80;29.6;26.3;2.625;2.061;1.235;2.887;0.229;0.661;20513
B3155D;2015/02/26 01:43:22;20513;75;31.2;26.7;2.641;2.061;1.264;2.887;0.229;0.625;20514
B3155D;2015/02/26 01:43:32;20514;78;32.5;26.0;2.496;2.038;1.264;2.929;0.229;0.641;20515
B3155D;2015/02/26 01:43:42;20515;73;29.6;26.7;2.564;2.038;1.225;2.929;0.229;0.661;20516
B3155D;2015/02/26 01:43:52;20516;78;30.3;26.0;2.564;2.067;1.225;2.929;0.138;0.648;20517
B3155D;2015/02/26 01:44:02;20517;80;26.4;26.2;2.500;2.067;1.225;2.929;0.138;0.629;20518
B3155D;2015/02/26 01:44:12;20518;80;27.7;26.9;2.490;2.070;1.225;2.893;0.138;0.651;20519
B3155D;2015/02/26 01:44:22;20519;80;28.3;26.3;2.477;2.070;1.261;2.893;0.138;0.632;20520
B3155D;2015/02/26 01:44:32;20520;79;30.9;26.0;2.483;2.070;1.261;2.893;0.135;0.651;20521
B3155D;2015/02/26 01:44:42;20521;81;33.8;26.9;2.648;2.070;1.280;2.893;0.135;0.632;20522
B3155D;2015/02/26 01:44:52;20522;81;27.7;26.7;2.625;2.074;1.280;2.899;0.135;0.654;20523
B3155D;2015/02/26 01:45:02;20523;81;31.9;27.0;2.535;2.074;1.225;2.899;0.135;0.674;20524
B3155D;2015/02/26 01:45:12;20524;83;28.3;26.9;2.635;2.070;1.225;2.899;0.138;0.683;20525
B3155D;2015/02/26 01:45:22;20525;79;30.3;26.9;2.674;2.070;1.264;2.899;0.138;0.677;20526
B3155D;2015/02/26 01:45:32;20526;79;28.0;26.3;2.477;2.074;1.264;2.893;0.138;0.677;20527
B3155D;2015/02/26 01:45:42;20527;83;34.5;26.7;2.551;2.074;1.258;2.893;0.138;0.683;20528
B3155D;2015/02/26 01:45:52;20528;77;28.3;26.9;2.641;2.051;1.258;2.893;0.190;0.680;20529
B3155D;2015/02/26 01:46:02;20529;73;29.6;26.5;2.548;2.051;1.222;2.893;0.190;0.667;20530
B3155D;2015/02/26 01:46:12;20530;75;33.8;27.0;2.664;2.064;1.222;2.893;0.190;0.683;20531
B3155D;2015/02/26 01:46:22;20531;78;27.4;26.5;2.519;2.064;1.241;2.893;0.190;0.677;20532
B3155D;2015/02/26 01:46:32;20532;73;29.6;26.3;2.477;2.064;1.241;2.893;0.164;0.674;20533
B3155D;2015/02/26 01:46:42;20533;77;26.4;26.5;2.587;2.064;1.277;2.893;0.164;0.683;20534
B3155D;2015/02/26 01:46:52;20534;84;31.2;26.7;2.500;2.074;1.277;2.929;0.164;0.680;20535
B3155D;2015/02/26 01:47:02;20535;71;27.4;27.0;2.632;2.074;1.264;2.929;0.164;0.674;20536
B3155D;2015/02/26 01:47:12;20536;78;29.6;26.3;2.474;2.070;1.264;2.929;0.161;0.709;20537
B3155D;2015/02/26 01:47:22;20537;83;29.6;26.0;2.651;2.070;1.225;2.929;0.161;0.670;20538
B3155D;2015/02/26 01:47:32;20538;83;28.0;26.3;2.500;2.048;1.225;2.903;0.161;0.674;20539
B3155D;2015/02/26 01:47:42;20539;79;32.9;26.9;2.509;2.048;1.229;2.903;0.161;0.654;20540
B3155D;2015/02/26 01:47:52;20540;78;30.0;26.3;2.529;2.074;1.229;2.903;0.132;0.690;20541
B3155D;2015/02/26 01:48:02;20541;85;31.9;27.2;2.667;2.074;1.241;2.903;0.132;0.658;20542
B3155D;2015/02/26 01:48:12;20542;74;28.3;27.2;2.496;2.061;1.241;2.929;0.132;0.687;20543
B3155D;2015/02/26 01:48:22;20543;85;29.6;26.7;2.551;2.061;1.225;2.929;0.132;0.690;20544
B3155D;2015/02/26 01:48:32;20544;80;28.3;26.9;2.503;2.041;1.225;2.929;0.138;0.674;20545
B3155D;2015/02/26 01:48:42;20545;80;27.4;26.3;2.483;2.041;1.225;2.929;0.138;0.648;20546
B3155D;2015/02/26 01:48:52;20546;80;30.0;26.5;2.658;2.077;1.225;2.935;0.138;0.703;20547
B3155D;2015/02/26 01:49:02;20547;73;27.4;26.3;2.477;2.077;1.225;2.935;0.138;0.700;20548
B3155D;2015/02/26 01:49:12;20548;73;27.7;26.5;2.674;2.058;1.225;2.935;0.135;0.696;20549
B3155D;2015/02/26 01:49:22;20549;75;29.6;26.2;2.667;2.058;1.238;2.935;0.135;0.654;20550
B3155D;2015/02/26 01:49:32;20550;79;31.9;26.5;2.590;2.041;1.238;2.887;0.135;0.693;20551
B3155D;2015/02/26 01:49:42;20551;77;28.3;26.7;2.512;2.041;1.270;2.887;0.135;0.690;20552
B3155D;2015/02/26 01:49:52;20552;85;29.0;26.9;2.638;2.061;1.270;2.887;0.148;0.687;20553
B3155D;2015/02/26 01:50:02;20553;80;29.0;26.5;2.635;2.061;1.241;2.887;0.148;0.664;20554
B3155D;2015/02/26 01:50:12;20554;82;30.0;26.7;2.538;2.058;1.241;2.893;0.148;0.677;20555
B3155D;2015/02/26 01:50:22;20555;78;33.8;26.9;2.529;2.058;1.245;2.893;0.148;0.693;20556
B3155D;2015/02/26 01:50:32;20556;85;30.0;26.9;2.670;2.041;1.245;2.893;0.138;0.667;20557
B3155D;2015/02/26 01:50:42;20557;76;31.9;26.2;2.664;2.041;1.229;2.893;0.138;0.677;20558
B3155D;2015/02/26 01:50:52;20558;73;28.3;26.9;2.674;2.067;1.229;2.935;0.138;0.667;20559
B3155D;2015/02/26 01:51:02;20559;76;27.0;26.3;2.503;2.067;1.261;2.935;0.138;0.693;20560
B3155D;2015/02/26 01:51:12;20560;85;28.3;26.5;2.670;2.074;1.261;2.935;0.167;0.661;20561
B3155D;2015/02/26 01:51:22;20561;79;28.3;26.3;2.509;2.074;1.280;2.935;0.167;0.687;20562
B3155D;2015/02/26 01:51:32;20562;74;33.2;26.5;2.635;2.041;1.280;2.929;0.167;0.667;20563
B3155D;2015/02/26 01:51:42;20563;76;30.3;26.0;2.493;2.041;1.229;2.929;0.167;0.658;20564
B3155D;2015/02/26 01:51:52;20564;83;29.0;26.9;2.629;2.077;1.229;2.929;0.138;0.700;20565
B3155D;2015/02/26 01:52:02;20565;82;29.0;26.9;2.645;2.077;1.274;2.929;0.138;0.654;20566
B3155D;2015/02/26 01:52:12;20566;80;31.9;26.0;2.496;2.070;1.274;2.887;0.138;0.690;20567
B3155D;2015/02/26 01:52:22;20567;78;33.8;26.5;2.532;2.070;1.232;2.887;0.138;0.654;20568
B3155D;2015/02/26 01:52:32;20568;83;27.7;26.5;2.661;2.070;1.232;2.887;0.148;0.696;20569
B3155D;2015/02/26 01:52:42;20569;81;27.0;26.2;2.483;2.070;1.229;2.887;0.148;0.693;20570
B3155D;2015/02/26 01:52:52;20570;84;33.2;26.3;2.470;2.051;1.229;2.909;0.148;0.683;20571
B3155D;2015/02/26 01:53:02;20571;78;32.5;26.5;2.532;2.051;1.235;2.909;0.148;0.680;20572
B3155D;2015/02/26 01:53:12;20572;78;28.3;26.9;2.583;2.074;1.235;2.909;0.190;0.674;20573
B3155D;2015/02/26 01:53:22;20573;69;29.6;27.0;2.525;2.074;1.241;2.909;0.190;0.664;20574
B3155D;2015/02/26 01:53:32;20574;82;29.6;26.2;2.654;2.077;1.241;2.929;0.190;0.674;20575
B3155D;2015/02/26 01:53:42;20575;81;28.7;27.0;2.548;2.077;1.235;2.929;0.190;0.687;20576
B3155D;2015/02/26 01:53:52;20576;73;28.0;26.3;2.477;2.041;1.235;2.929;0.229;0.706;20577
B3155D;2015/02/26 01:54:02;20577;77;29.6;26.3;2.658;2.041;1.245;2.929;0.229;0.687;20578
B3155D;2015/02/26 01:54:12;20578;78;28.0;26.3;2.477;2.045;1.245;2.916;0.229;0.696;20579
B3155D;2015/02/26 01:54:22;20579;73;31.6;26.5;2.577;2.045;1.277;2.916;0.229;0.700;20580
B3155D;2015/02/26 01:54:32;20580;84;30.9;26.0;2.470;2.064;1.277;2.916;0.196;0.709;20581
B3155D;2015/02/26 01:54:42;20581;78;30.6;26.7;2.577;2.064;1.225;2.916;0.196;0.693;20582
B3155D;2015/02/26 01:54:52;20582;82;33.2;26.7;2.516;2.045;1.225;2.893;0.196;0.683;20583
B3155D;2015/02/26 01:55:02;20583;84;33.8;26.7;2.535;2.045;1.229;2.893;0.196;0.693;20584
B3155D;2015/02/26 01:55:12;20584;79;28.3;26.5;2.664;2.051;1.229;2.893;0.125;0.703;20585
B3155D;2015/02/26 01:55:22;20585;72;30.6;26.5;2.587;2.051;1.274;2.893;0.125;0.677;20586
B3155D;2015/02/26 01:55:32;20586;74;30.6;27.0;2.500;2.067;1.274;2.887;0.125;0.661;20587
B3155D;2015/02/26 01:55:42;20587;76;30.3;26.2;2.661;2.067;1.241;2.887;0.125;0.677;20588
B3155D;2015/02/26 01:55:52;20588;71;30.0;26.7;2.641;2.048;1.241;2.887;0.132;0.683;20589
B3155D;2015/02/26 01:56:02;20589;78;31.2;26.5;2.625;2.048;1.229;2.887;0.132;0.658;20590
