B31558;2015/02/25 00:00:07;3085;89;25.4;27.0;2.441;1.880;1.383;2.670;0.122;1.409;3086
B31558;2015/02/25 00:00:18;3086;94;28.7;27.4;2.470;1.858;1.383;2.690;0.122;1.374;3087
B31558;2015/02/25 00:00:27;3087;88;28.7;27.2;2.664;1.858;1.409;2.690;0.122;1.377;3088
B31558;2015/02/25 00:00:38;3088;84;27.4;27.0;2.683;1.906;1.409;2.690;0.135;1.406;3089
B31558;2015/02/25 00:00:47;3089;82;26.4;26.9;2.583;1.906;1.335;2.690;0.135;1.409;3090
B31558;2015/02/25 00:00:58;3090;82;27.0;27.9;2.509;1.861;1.335;2.690;0.135;1.396;3091
B31558;2015/02/25 00:01:07;3091;86;23.8;27.9;2.664;1.861;1.332;2.690;0.135;1.409;3092
B31558;2015/02/25 00:01:18;3092;74;21.9;27.4;2.674;1.870;1.332;2.690;0.151;1.377;3093
B31558;2015/02/25 00:01:27;3093;86;22.9;27.7;2.564;1.870;1.351;2.690;0.151;1.364;3094
B31558;2015/02/25 00:01:38;3094;93;28.7;27.9;2.667;1.906;1.351;2.683;0.151;1.403;3095
B31558;2015/02/25 00:01:47;3095;93;24.5;27.2;2.435;1.906;1.335;2.683;0.151;1.383;3096
B31558;2015/02/25 00:01:58;3096;81;22.5;27.6;2.425;1.861;1.335;2.683;0.129;1.412;3097
B31558;2015/02/25 00:02:07;3097;89;23.8;27.7;2.506;1.861;1.338;2.683;0.129;1.374;3098
B31558;2015/02/25 00:02:18;3098;85;25.4;27.2;2.461;1.861;1.338;2.648;0.129;1.406;3099
B31558;2015/02/25 00:02:27;3099;86;23.8;26.7;2.538;1.861;1.341;2.648;0.129;1.370;3100
B31558;2015/02/25 00:02:38;3100;94;30.9;27.7;2.632;1.896;1.341;2.648;0.177;1.390;3101
B31558;2015/02/25 00:02:47;3101;82;21.9;27.7;2.480;1.896;1.348;2.648;0.177;1.412;3102
B31558;2015/02/25 00:02:58;3102;86;25.4;27.0;2.603;1.861;1.348;2.645;0.177;1.412;3103
B31558;2015/02/25 00:03:07;3103;83;22.5;28.1;2.474;1.861;1.345;2.645;0.177;1.358;3104
B31558;2015/02/25 00:03:18;3104;84;28.7;27.7;2.580;1.874;1.345;2.645;0.129;1.383;3105
B31558;2015/02/25 00:03:27;3105;89;31.9;27.0;2.506;1.874;1.348;2.645;0.129;1.364;3106
B31558;2015/02/25 00:03:38;3106;83;22.5;27.7;2.422;1.861;1.348;2.690;0.129;1.409;3107
B31558;2015/02/25 00:03:47;3107;88;25.1;27.4;2.432;1.861;1.393;2.690;0.129;1.348;3108
B31558;2015/02/25 00:03:58;3108;83;26.4;27.2;2.448;1.896;1.393;2.690;0.119;1.403;3109
B31558;2015/02/25 00:04:07;3109;87;25.1;27.7;2.509;1.896;1.338;2.690;0.119;1.367;3110
B31558;2015/02/25 00:04:18;3110;76;29.6;27.7;2.670;1.867;1.338;2.709;0.119;1.380;3111
B31558;2015/02/25 00:04:27;3111;86;22.9;27.4;2.654;1.867;1.409;2.709;0.119;1.403;3112
B31558;2015/02/25 00:04:38;3112;88;33.2;27.6;2.622;1.861;1.409;2.709;0.116;1.390;3113
B31558;2015/02/25 00:04:47;3113;83;24.1;27.0;2.545;1.861;1.335;2.709;0.116;1.380;3114
B31558;2015/02/25 00:04:58;3114;93;21.9;27.0;2.661;1.861;1.335;2.664;0.116;1.416;3115
B31558;2015/02/25 00:05:07;3115;82;21.9;27.7;2.474;1.861;1.406;2.664;0.116;1.377;3116
B31558;2015/02/25 00:05:18;3116;92;23.5;27.2;2.696;1.906;1.406;2.664;0.135;1.364;3117
B31558;2015/02/25 00:05:27;3117;91;21.6;27.4;2.458;1.906;1.396;2.664;0.135;1.380;3118
B31558;2015/02/25 00:05:38;3118;94;24.1;27.4;2.409;1.893;1.396;2.696;0.135;1.361;3119
B31558;2015/02/25 00:05:47;3119;73;30.3;27.6;2.416;1.893;1.338;2.696;0.135;1.406;3120
B31558;2015/02/25 00:05:58;3120;77;21.9;27.9;2.432;1.903;1.338;2.696;0.158;1.367;3121
B31558;2015/02/25 00:06:07;3121;85;31.9;27.0;2.680;1.903;1.338;2.696;0.158;1.354;3122
B31558;2015/02/25 00:06:18;3122;82;25.8;26.7;2.687;1.867;1.338;2.687;0.158;1.361;3123
B31558;2015/02/25 00:06:27;3123;77;27.7;27.6;2.664;1.867;1.396;2.687;0.158;1.367;3124
B31558;2015/02/25 00:06:38;3124;75;29.3;27.0;2.570;1.861;1.396;2.687;0.138;1.390;3125
B31558;2015/02/25 00:06:47;3125;80;32.2;27.0;2.506;1.861;1.406;2.687;0.138;1.358;3126
B31558;2015/02/25 00:06:58;3126;81;24.8;27.6;2.470;1.861;1.406;2.651;0.138;1.406;3127
B31558;2015/02/25 00:07:07;3127;83;31.2;26.9;2.670;1.861;1.380;2.651;0.138;1.354;3128
B31558;2015/02/25 00:07:18;3128;74;25.1;27.2;2.690;1.877;1.380;2.651;0.154;1.361;3129
B31558;2015/02/25 00:07:27;3129;82;21.9;27.9;2.448;1.877;1.351;2.651;0.154;1.367;3130
B31558;2015/02/25 00:07:38;3130;82;28.0;27.9;2.512;1.896;1.351;2.693;0.154;1.387;3131
B31558;2015/02/25 00:07:47;3131;81;32.5;27.0;2.480;1.896;1.345;2.693;0.154;1.338;3132
B31558;2015/02/25 00:07:58;3132;89;25.1;26.9;2.690;1.903;1.345;2.693;0.164;1.338;3133
B31558;2015/02/25 00:08:07;3133;81;31.6;27.2;2.658;1.903;1.341;2.693;0.164;1.380;3134
B31558;2015/02/25 00:08:18;3134;83;23.8;27.2;2.438;1.883;1.341;2.706;0.164;1.361;3135
B31558;2015/02/25 00:08:27;3135;75;24.5;27.2;2.538;1.883;1.354;2.706;0.164;1.374;3136
B31558;2015/02/25 00:08:38;3136;84;25.1;27.6;2.629;1.887;1.354;2.706;0.129;1.409;3137
B31558;2015/02/25 00:08:47;3137;91;31.9;27.9;2.696;1.887;1.354;2.706;0.129;1.341;3138
B31558;2015/02/25 00:08:58;3138;77;26.7;27.4;2.461;1.906;1.354;2.658;0.129;1.390;3139
B31558;2015/02/25 00:09:07;3139;84;27.7;26.9;2.622;1.906;1.341;2.658;0.129;1.383;3140
B31558;2015/02/25 00:09:18;3140;92;25.1;27.4;2.419;1.864;1.341;2.658;0.135;1.380;3141
B31558;2015/02/25 00:09:27;3141;93;32.5;27.0;2.445;1.864;1.345;2.658;0.135;1.345;3142
B31558;2015/02/25 00:09:38;3142;93;30.0;26.7;2.658;1.903;1.345;2.664;0.135;1.345;3143
B31558;2015/02/25 00:09:47;3143;93;29.6;27.6;2.516;1.903;1.416;2.664;0.135;1.390;3144
B31558;2015/02/25 00:09:58;3144;90;25.1;27.7;2.548;1.864;1.416;2.664;0.209;1.367;3145
B31558;2015/02/25 00:10:07;3145;88;31.2;27.6;2.419;1.864;1.341;2.664;0.209;1.370;3146
B31558;2015/02/25 00:10:18;3146;85;23.2;27.0;2.661;1.893;1.341;2.706;0.209;1.383;3147
B31558;2015/02/25 00:10:27;3147;88;25.4;27.6;2.538;1.893;1.335;2.706;0.209;1.370;3148
B31558;2015/02/25 00:10:38;3148;85;25.1;27.6;2.561;1.906;1.335;2.706;0.122;1.367;3149
B31558;2015/02/25 00:10:47;3149;88;26.7;26.7;2.570;1.906;1.412;2.706;0.122;1.345;3150
B31558;2015/02/25 00:10:58;3150;75;27.4;28.1;2.661;1.903;1.412;2.670;0.122;1.354;3151
B31558;2015/02/25 00:11:07;3151;86;29.0;27.6;2.441;1.903;1.348;2.670;0.122;1.396;3152
B31558;2015/02/25 00:11:18;3152;84;31.9;27.4;2.577;1.870;1.348;2.670;0.135;1.367;3153
B31558;2015/02/25 00:11:27;3153;87;27.0;27.7;2.480;1.870;1.374;2.670;0.135;1.399;3154
B31558;2015/02/25 00:11:38;3154;87;26.1;27.6;2.441;1.877;1.374;2.658;0.135;1.377;3155
B31558;2015/02/25 00:11:47;3155;83;29.3;27.6;2.441;1.877;1.409;2.658;0.135;1.396;3156
B31558;2015/02/25 00:11:58;3156;86;23.8;27.0;2.670;1.864;1.409;2.658;0.135;1.390;3157
B31558;2015/02/25 00:12:07;3157;88;27.0;27.0;2.461;1.864;1.348;2.658;0.135;1.364;3158
B31558;2015/02/25 00:12:18;3158;87;32.2;27.6;2.600;1.877;1.348;2.699;0.135;1.406;3159
B31558;2015/02/25 00:12:27;3159;83;22.5;27.7;2.577;1.877;1.338;2.699;0.135;1.377;3160
B31558;2015/02/25 00:12:38;3160;87;31.6;27.9;2.654;1.906;1.338;2.699;0.196;1.390;3161
B31558;2015/02/25 00:12:47;3161;83;21.9;27.9;2.448;1.906;1.341;2.699;0.196;1.377;3162
B31558;2015/02/25 00:12:58;3162;90;24.8;27.7;2.435;1.909;1.341;2.661;0.196;1.380;3163
B31558;2015/02/25 00:13:07;3163;80;24.1;27.0;2.445;1.909;1.396;2.661;0.196;1.380;3164
B31558;2015/02/25 00:13:18;3164;93;25.4;27.6;2.461;1.890;1.396;2.661;0.177;1.354;3165
B31558;2015/02/25 00:13:27;3165;89;32.5;27.0;2.448;1.890;1.345;2.661;0.177;1.354;3166
B31558;2015/02/25 00:13:38;3166;87;23.2;27.0;2.674;1.887;1.345;2.696;0.177;1.387;3167
B31558;2015/02/25 00:13:47;3167;84;27.0;27.0;2.477;1.887;1.387;2.696;0.177;1.351;3168
B31558;2015/02/25 00:13:58;3168;87;30.3;27.0;2.564;1.883;1.387;2.696;0.177;1.399;3169
B31558;2015/02/25 00:14:07;3169;92;27.4;27.2;2.635;1.883;1.393;2.696;0.177;1.416;3170
B31558;2015/02/25 00:14:18;3170;80;25.8;27.2;2.661;1.883;1.393;2.706;0.177;1.399;3171
B31558;2015/02/25 00:14:27;3171;82;27.7;27.6;2.467;1.883;1.341;2.706;0.177;1.364;3172
B31558;2015/02/25 00:14:38;3172;77;25.4;27.0;2.622;1.864;1.341;2.706;0.135;1.358;3173
B31558;2015/02/25 00:14:47;3173;88;29.6;27.6;2.690;1.864;1.354;2.706;0.135;1.367;3174
B31558;2015/02/25 00:14:58;3174;85;31.2;27.7;2.654;1.864;1.354;2.658;0.135;1.361;3175
B31558;2015/02/25 00:15:07;3175;75;27.0;26.5;2.690;1.864;1.403;2.658;0.135;1.370;3176
B31558;2015/02/25 00:15:18;3176;90;33.8;27.2;2.458;1.909;1.403;2.658;0.196;1.393;3177
B31558;2015/02/25 00:15:27;3177;83;29.0;27.6;2.445;1.909;1.348;2.658;0.196;1.374;3178
B31558;2015/02/25 00:15:38;3178;90;22.2;27.4;2.683;1.890;1.348;2.690;0.196;1.377;3179
B31558;2015/02/25 00:15:47;3179;84;28.7;27.0;2.506;1.890;1.348;2.690;0.196;1.390;3180
B31558;2015/02/25 00:15:58;3180;88;24.8;27.4;2.438;1.909;1.348;2.690;0.170;1.377;3181
B31558;2015/02/25 00:16:07;3181;81;28.0;27.4;2.596;1.909;1.358;2.690;0.170;1.406;3182
B31558;2015/02/25 00:16:18;3182;90;26.1;26.9;2.438;1.883;1.358;2.661;0.170;1.364;3183
B31558;2015/02/25 00:16:27;3183;82;23.5;27.4;2.432;1.883;1.412;2.661;0.170;1.367;3184
B31558;2015/02/25 00:16:38;3184;83;26.7;27.4;2.412;1.877;1.412;2.661;0.138;1.396;3185
B31558;2015/02/25 00:16:47;3185;85;28.0;27.4;2.448;1.877;1.416;2.661;0.138;1.358;3186
B31558;2015/02/25 00:16:58;3186;84;29.3;27.4;2.551;1.874;1.416;2.667;0.138;1.364;3187
B31558;2015/02/25 00:17:07;3187;86;23.2;27.6;2.619;1.874;1.396;2.667;0.138;1.412;3188
B31558;2015/02/25 00:17:18;3188;90;25.8;26.9;2.693;1.912;1.396;2.667;0.125;1.416;3189
B31558;2015/02/25 00:17:27;3189;81;29.0;27.6;2.461;1.912;1.406;2.667;0.125;1.364;3190
B31558;2015/02/25 00:17:38;3190;88;30.0;27.0;2.651;1.883;1.406;2.661;0.125;1.429;3191
B31558;2015/02/25 00:17:47;3191;83;25.1;27.4;2.696;1.883;1.387;2.661;0.125;1.358;3192
B31558;2015/02/25 00:17:58;3192;91;22.5;27.6;2.416;1.883;1.387;2.661;0.116;1.370;3193
B31558;2015/02/25 00:18:07;3193;89;25.1;27.4;2.429;1.883;1.354;2.661;0.116;1.393;3194
B31558;2015/02/25 00:18:18;3194;88;29.0;27.6;2.554;1.900;1.354;2.658;0.116;1.377;3195
B31558;2015/02/25 00:18:27;3195;81;26.4;27.7;2.477;1.900;1.422;2.658;0.116;1.361;3196
B31558;2015/02/25 00:18:38;3196;81;23.8;27.6;2.412;1.906;1.422;2.658;0.132;1.393;3197
B31558;2015/02/25 00:18:47;3197;81;25.1;27.2;2.522;1.906;1.416;2.658;0.132;1.419;3198
B31558;2015/02/25 00:18:58;3198;84;29.6;27.7;2.629;1.890;1.416;2.703;0.132;1.374;3199
B31558;2015/02/25 00:19:07;3199;83;31.9;27.2;2.445;1.890;1.341;2.703;0.132;1.393;3200
B31558;2015/02/25 00:19:18;3200;80;28.7;27.7;2.648;1.877;1.341;2.703;0.158;1.406;3201
B31558;2015/02/25 00:19:27;3201;78;21.9;27.4;2.432;1.877;1.351;2.703;0.158;1.412;3202
B31558;2015/02/25 00:19:38;3202;87;33.2;27.4;2.470;1.867;1.351;2.680;0.158;1.399;3203
B31558;2015/02/25 00:19:47;3203;88;23.5;27.4;2.690;1.867;1.348;2.680;0.158;1.361;3204
B31558;2015/02/25 00:19:58;3204;79;31.6;27.4;2.574;1.912;1.348;2.680;0.141;1.374;3205
B31558;2015/02/25 00:20:07;3205;73;22.2;27.4;2.445;1.912;1.364;2.680;0.141;1.383;3206
B31558;2015/02/25 00:20:18;3206;80;26.1;27.9;2.477;1.909;1.364;2.680;0.141;1.425;3207
B31558;2015/02/25 00:20:27;3207;78;25.8;27.0;2.445;1.909;1.419;2.680;0.141;1.351;3208
B31558;2015/02/25 00:20:38;3208;93;24.5;27.0;2.651;1.867;1.419;2.680;0.125;1.403;3209
B31558;2015/02/25 00:20:47;3209;83;29.3;27.2;2.661;1.867;1.358;2.680;0.125;1.354;3210
B31558;2015/02/25 00:20:58;3210;95;24.5;27.0;2.629;1.883;1.358;2.658;0.125;1.393;3211
B31558;2015/02/25 00:21:07;3211;79;23.2;27.7;2.551;1.883;1.364;2.658;0.125;1.354;3212
B31558;2015/02/25 00:21:18;3212;83;26.7;26.7;2.683;1.867;1.364;2.658;0.141;1.374;3213
B31558;2015/02/25 00:21:27;3213;83;26.4;27.2;2.500;1.867;1.341;2.658;0.141;1.377;3214
B31558;2015/02/25 00:21:38;3214;85;22.5;27.7;2.506;1.880;1.341;2.641;0.141;1.361;3215
B31558;2015/02/25 00:21:47;3215;87;27.0;27.2;2.425;1.880;1.403;2.641;0.141;1.409;3216
B31558;2015/02/25 00:21:58;3216;84;28.0;27.6;2.470;1.864;1.403;2.641;0.241;1.370;3217
B31558;2015/02/25 00:22:07;3217;84;22.5;27.7;2.583;1.864;1.351;2.641;0.241;1.358;3218
B31558;2015/02/25 00:22:18;3218;85;31.2;27.4;2.609;1.893;1.351;2.648;0.241;1.367;3219
B31558;2015/02/25 00:22:27;3219;91;24.8;27.7;2.532;1.893;1.399;2.648;0.241;1.380;3220
B31558;2015/02/25 00:22:38;3220;85;27.4;26.9;2.432;1.887;1.399;2.648;0.158;1.361;3221
B31558;2015/02/25 00:22:47;3221;79;27.0;27.0;2.616;1.887;1.341;2.648;0.158;1.374;3222
B31558;2015/02/25 00:22:58;3222;81;23.8;26.9;2.690;1.864;1.341;2.658;0.158;1.399;3223
B31558;2015/02/25 00:23:07;3223;85;26.1;27.0;2.470;1.864;1.403;2.658;0.158;1.374;3224
B31558;2015/02/25 00:23:18;3224;91;26.1;27.0;2.596;1.890;1.403;2.658;0.138;1.396;3225
B31558;2015/02/25 00:23:27;3225;87;30.0;27.2;2.445;1.890;1.361;2.658;0.138;1.387;3226
B31558;2015/02/25 00:23:38;3226;85;26.7;27.2;2.635;1.877;1.361;2.641;0.138;1.387;3227
B31558;2015/02/25 00:23:47;3227;78;29.3;27.0;2.670;1.877;1.341;2.641;0.138;1.374;3228
B31558;2015/02/25 00:23:58;3228;90;23.8;27.2;2.606;1.864;1.341;2.641;0.135;1.390;3229
B31558;2015/02/25 00:24:07;3229;88;21.9;26.9;2.629;1.864;1.345;2.641;0.135;1.348;3230
B31558;2015/02/25 00:24:18;3230;83;25.1;27.0;2.629;1.864;1.345;2.648;0.135;1.406;3231
B31558;2015/02/25 00:24:27;3231;85;31.9;27.2;2.677;1.864;1.345;2.648;0.135;1.354;3232
B31558;2015/02/25 00:24:38;3232;86;21.9;27.6;2.432;1.893;1.345;2.648;0.135;1.374;3233
B31558;2015/02/25 00:24:47;3233;80;30.6;27.4;2.506;1.893;1.367;2.648;0.135;1.351;3234
B31558;2015/02/25 00:24:58;3234;80;27.0;26.9;2.419;1.900;1.367;2.703;0.135;1.396;3235
B31558;2015/02/25 00:25:07;3235;93;33.2;26.9;2.596;1.900;1.345;2.703;0.135;1.380;3236
B31558;2015/02/25 00:25:18;3236;88;29.3;27.7;2.648;1.874;1.345;2.703;0.125;1.361;3237
B31558;2015/02/25 00:25:27;3237;86;24.5;27.4;2.435;1.874;1.351;2.703;0.125;1.412;3238
B31558;2015/02/25 00:25:38;3238;84;29.6;27.4;2.577;1.896;1.351;2.699;0.125;1.354;3239
B31558;2015/02/25 00:25:47;3239;92;24.8;27.4;2.448;1.896;1.422;2.699;0.125;1.416;3240
B31558;2015/02/25 00:25:58;3240;91;24.5;26.7;2.525;1.890;1.422;2.699;0.135;1.412;3241
B31558;2015/02/25 00:26:07;3241;89;26.4;26.9;2.696;1.890;1.380;2.699;0.135;1.354;3242
B31558;2015/02/25 00:26:18;3242;90;25.8;26.9;2.435;1.896;1.380;2.648;0.135;1.351;3243
B31558;2015/02/25 00:26:27;3243;78;28.3;27.4;2.635;1.896;1.341;2.648;0.135;1.364;3244
B31558;2015/02/25 00:26:38;3244;83;29.3;27.2;2.687;1.912;1.341;2.648;0.122;1.403;3245
B31558;2015/02/25 00:26:47;3245;88;27.7;27.2;2.429;1.912;1.399;2.648;0.122;1.396;3246
B31558;2015/02/25 00:26:58;3246;82;23.8;27.2;2.441;1.887;1.399;2.664;0.122;1.377;3247
B31558;2015/02/25 00:27:07;3247;83;29.6;27.6;2.422;1.887;1.422;2.664;0.122;1.374;3248
B31558;2015/02/25 00:27:18;3248;85;21.9;27.0;2.680;1.909;1.422;2.664;0.164;1.354;3249
B31558;2015/02/25 00:27:27;3249;86;24.5;27.7;2.435;1.909;1.341;2.664;0.164;1.361;3250
B31558;2015/02/25 00:27:38;3250;83;22.9;27.6;2.509;1.867;1.341;2.658;0.164;1.364;3251
B31558;2015/02/25 00:27:47;3251;92;29.3;27.2;2.445;1.867;1.416;2.658;0.164;1.351;3252
B31558;2015/02/25 00:27:58;3252;88;30.0;27.4;2.680;1.877;1.416;2.658;0.125;1.412;3253
B31558;2015/02/25 00:28:07;3253;83;29.3;26.9;2.641;1.877;1.348;2.658;0.125;1.361;3254
B31558;2015/02/25 00:28:18;3254;92;23.5;26.9;2.683;1.867;1.348;2.658;0.125;1.409;3255
B31558;2015/02/25 00:28:27;3255;75;24.5;27.4;2.441;1.867;1.354;2.658;0.125;1.396;3256
B31558;2015/02/25 00:28:38;3256;85;21.9;27.0;2.412;1.890;1.354;2.658;0.151;1.358;3257
B31558;2015/02/25 00:28:47;3257;90;26.1;26.9;2.690;1.890;1.345;2.658;0.151;1.374;3258
B31558;2015/02/25 00:28:58;3258;81;28.7;27.4;2.538;1.867;1.345;2.677;0.151;1.396;3259
B31558;2015/02/25 00:29:07;3259;79;22.5;27.7;2.470;1.867;1.367;2.677;0.151;1.358;3260
B31558;2015/02/25 00:29:18;3260;87;22.5;27.7;2.532;1.906;1.367;2.677;0.122;1.370;3261
B31558;2015/02/25 00:29:27;3261;88;26.1;26.7;2.570;1.906;1.348;2.677;0.122;1.364;3262
B31558;2015/02/25 00:29:38;3262;93;23.2;27.6;2.445;1.867;1.348;2.699;0.122;1.377;3263
B31558;2015/02/25 00:29:47;3263;93;26.4;27.4;2.696;1.867;1.361;2.699;0.122;1.387;3264
B31558;2015/02/25 00:29:58;3264;92;23.2;27.2;2.432;1.887;1.361;2.699;0.135;1.409;3265
B31558;2015/02/25 00:30:07;3265;87;33.5;26.9;2.570;1.887;1.351;2.699;0.135;1.422;3266
B31558;2015/02/25 00:30:18;3266;83;26.4;27.9;2.635;1.890;1.351;2.648;0.135;1.390;3267
B31558;2015/02/25 00:30:27;3267;89;24.8;27.7;2.503;1.890;1.351;2.648;0.135;1.403;3268
B31558;2015/02/25 00:30:38;3268;79;27.7;27.6;2.661;1.909;1.351;2.648;0.135;1.393;3269
B31558;2015/02/25 00:30:47;3269;74;25.1;27.4;2.441;1.909;1.345;2.648;0.135;1.374;3270
B31558;2015/02/25 00:30:58;3270;81;26.4;26.7;2.577;1.903;1.345;2.648;0.135;1.409;3271
B31558;2015/02/25 00:31:07;3271;85;23.2;27.7;2.441;1.903;1.370;2.648;0.135;1.354;3272
B31558;2015/02/25 00:31:18;3272;85;30.6;27.4;2.545;1.877;1.370;2.648;0.154;1.393;3273
B31558;2015/02/25 00:31:27;3273;77;28.3;27.4;2.658;1.877;1.348;2.648;0.154;1.364;3274
B31558;2015/02/25 00:31:38;3274;88;23.2;27.2;2.454;1.867;1.348;2.683;0.154;1.358;3275
B31558;2015/02/25 00:31:47;3275;87;25.1;27.6;2.432;1.867;1.348;2.683;0.154;1.380;3276
B31558;2015/02/25 00:31:58;3276;80;23.2;27.6;2.509;1.867;1.348;2.683;0.154;1.406;3277
B31558;2015/02/25 00:32:07;3277;84;21.9;27.4;2.416;1.867;1.380;2.683;0.154;1.367;3278
B31558;2015/02/25 00:32:18;3278;83;31.6;27.7;2.545;1.867;1.380;2.703;0.154;1.354;3279
B31558;2015/02/25 00:32:27;3279;88;29.3;27.2;2.683;1.867;1.361;2.703;0.154;1.399;3280
B31558;2015/02/25 00:32:38;3280;84;24.1;27.4;2.451;1.893;1.361;2.703;0.138;1.399;3281
B31558;2015/02/25 00:32:47;3281;84;27.0;27.9;2.464;1.893;1.351;2.703;0.138;1.370;3282
B31558;2015/02/25 00:32:58;3282;82;32.5;27.2;2.658;1.896;1.351;2.680;0.138;1.383;3283
B31558;2015/02/25 00:33:07;3283;80;23.8;27.7;2.451;1.896;1.351;2.680;0.138;1.406;3284
B31558;2015/02/25 00:33:18;3284;83;28.0;27.0;2.661;1.916;1.351;2.680;0.135;1.409;3285
B31558;2015/02/25 00:33:27;3285;71;22.5;27.7;2.474;1.916;1.412;2.680;0.135;1.361;3286
B31558;2015/02/25 00:33:38;3286;93;27.7;27.4;2.425;1.906;1.412;2.703;0.135;1.370;3287
B31558;2015/02/25 00:33:47;3287;88;29.6;27.2;2.690;1.906;1.348;2.703;0.135;1.361;3288
B31558;2015/02/25 00:33:58;3288;83;25.8;27.4;2.677;1.906;1.348;2.703;0.135;1.377;3289
B31558;2015/02/25 00:34:07;3289;84;31.9;27.6;2.683;1.906;1.348;2.703;0.135;1.370;3290
B31558;2015/02/25 00:34:18;3290;79;25.1;27.0;2.587;1.912;1.348;2.645;0.135;1.403;3291
B31558;2015/02/25 00:34:27;3291;80;23.2;27.7;2.487;1.912;1.358;2.645;0.135;1.403;3292
B31558;2015/02/25 00:34:38;3292;84;26.4;27.2;2.548;1.877;1.358;2.645;0.158;1.358;3293
B31558;2015/02/25 00:34:47;3293;89;24.5;27.6;2.445;1.877;1.406;2.645;0.158;1.358;3294
B31558;2015/02/25 00:34:58;3294;84;27.4;27.2;2.525;1.867;1.406;2.641;0.158;1.403;3295
B31558;2015/02/25 00:35:07;3295;89;25.8;27.2;2.432;1.867;1.354;2.641;0.158;1.345;3296
B31558;2015/02/25 00:35:18;3296;82;22.9;27.4;2.674;1.880;1.354;2.641;0.135;1.367;3297
B31558;2015/02/25 00:35:27;3297;91;32.5;27.0;2.577;1.880;1.354;2.641;0.135;1.354;3298
B31558;2015/02/25 00:35:38;3298;84;31.2;27.6;2.574;1.870;1.354;2.667;0.135;1.416;3299
B31558;2015/02/25 00:35:47;3299;79;22.5;28.1;2.651;1.870;1.351;2.667;0.135;1.390;3300
B31558;2015/02/25 00:35:58;3300;79;30.9;27.9;2.590;1.903;1.351;2.667;0.161;1.367;3301
B31558;2015/02/25 00:36:07;3301;85;23.8;27.0;2.574;1.903;1.351;2.667;0.161;1.354;3302
B31558;2015/02/25 00:36:18;3302;84;24.5;26.9;2.670;1.909;1.351;2.683;0.161;1.358;3303
B31558;2015/02/25 00:36:27;3303;83;32.5;27.0;2.538;1.909;1.354;2.683;0.161;1.380;3304
B31558;2015/02/25 00:36:38;3304;85;28.0;26.5;2.445;1.916;1.354;2.683;0.183;1.409;3305
B31558;2015/02/25 00:36:47;3305;79;30.3;27.2;2.458;1.916;1.348;2.683;0.183;1.383;3306
B31558;2015/02/25 00:36:58;3306;83;30.0;27.0;2.635;1.877;1.348;2.709;0.183;1.364;3307
B31558;2015/02/25 00:37:07;3307;80;32.2;27.6;2.654;1.877;1.351;2.709;0.183;1.351;3308
B31558;2015/02/25 00:37:18;3308;93;27.4;27.7;2.661;1.880;1.351;2.709;0.138;1.380;3309
B31558;2015/02/25 00:37:27;3309;88;22.2;27.4;2.422;1.880;1.406;2.709;0.138;1.406;3310
B31558;2015/02/25 00:37:38;3310;81;28.7;27.2;2.567;1.890;1.406;2.648;0.138;1.383;3311
B31558;2015/02/25 00:37:47;3311;90;29.3;27.2;2.696;1.890;1.422;2.648;0.138;1.380;3312
B31558;2015/02/25 00:37:58;3312;81;23.2;27.4;2.445;1.912;1.422;2.648;0.135;1.387;3313
B31558;2015/02/25 00:38:07;3313;89;24.1;27.0;2.583;1.912;1.354;2.648;0.135;1.364;3314
B31558;2015/02/25 00:38:18;3314;88;27.0;27.6;2.532;1.906;1.354;2.648;0.135;1.409;3315
B31558;2015/02/25 00:38:27;3315;91;30.0;27.7;2.425;1.906;1.370;2.648;0.135;1.361;3316
B31558;2015/02/25 00:38:38;3316;80;21.9;27.2;2.461;1.877;1.370;2.648;0.177;1.396;3317
B31558;2015/02/25 00:38:47;3317;84;23.8;27.0;2.441;1.877;1.399;2.648;0.177;1.370;3318
B31558;2015/02/25 00:38:58;3318;75;23.8;26.9;2.670;1.906;1.399;2.658;0.177;1.409;3319
B31558;2015/02/25 00:39:07;3319;76;31.9;27.2;2.425;1.906;1.412;2.658;0.177;1.412;3320
B31558;2015/02/25 00:39:18;3320;83;22.5;26.9;2.474;1.916;1.412;2.658;0.129;1.403;3321
B31558;2015/02/25 00:39:27;3321;85;23.2;27.2;2.445;1.916;1.348;2.658;0.129;1.406;3322
B31558;2015/02/25 00:39:38;3322;92;26.1;27.6;2.448;1.909;1.348;2.703;0.129;1.390;3323
B31558;2015/02/25 00:39:47;3323;90;25.8;27.7;2.545;1.909;1.406;2.703;0.129;1.403;3324
B31558;2015/02/25 00:39:58;3324;90;30.6;27.4;2.616;1.912;1.406;2.703;0.138;1.387;3325
B31558;2015/02/25 00:40:07;3325;84;28.7;27.6;2.658;1.912;1.425;2.703;0.138;1.416;3326
B31558;2015/02/25 00:40:18;3326;89;31.9;27.6;2.548;1.909;1.425;2.670;0.138;1.393;3327
B31558;2015/02/25 00:40:27;3327;82;31.2;27.6;2.432;1.909;1.380;2.670;0.138;1.422;3328
B31558;2015/02/25 00:40:38;3328;86;28.7;27.9;2.525;1.916;1.380;2.670;0.138;1.364;3329
B31558;2015/02/25 00:40:47;3329;82;33.2;26.7;2.451;1.916;1.361;2.670;0.138;1.348;3330
B31558;2015/02/25 00:40:58;3330;81;28.3;27.6;2.661;1.870;1.361;2.670;0.138;1.367;3331
B31558;2015/02/25 00:41:07;3331;82;23.2;27.6;2.570;1.870;1.419;2.670;0.138;1.364;3332
B31558;2015/02/25 00:41:18;3332;88;22.5;27.2;2.419;1.870;1.419;2.670;0.122;1.387;3333
B31558;2015/02/25 00:41:27;3333;78;26.4;27.4;2.674;1.870;1.425;2.670;0.122;1.403;3334
B31558;2015/02/25 00:41:38;3334;80;22.5;27.6;2.432;1.870;1.425;2.664;0.122;1.403;3335
B31558;2015/02/25 00:41:47;3335;83;23.5;27.7;2.448;1.870;1.412;2.664;0.122;1.383;3336
B31558;2015/02/25 00:41:58;3336;89;27.4;27.4;2.687;1.883;1.412;2.664;0.125;1.383;3337
B31558;2015/02/25 00:42:07;3337;83;27.4;26.9;2.632;1.883;1.354;2.664;0.125;1.354;3338
B31558;2015/02/25 00:42:18;3338;91;21.9;27.4;2.661;1.916;1.354;2.693;0.125;1.374;3339
B31558;2015/02/25 00:42:27;3339;82;27.7;27.6;2.670;1.916;1.351;2.693;0.125;1.374;3340
B31558;2015/02/25 00:42:38;3340;82;24.5;27.0;2.641;1.870;1.351;2.693;0.138;1.380;3341
B31558;2015/02/25 00:42:47;3341;81;21.6;27.6;2.603;1.870;1.409;2.693;0.138;1.393;3342
B31558;2015/02/25 00:42:58;3342;74;25.1;26.7;2.674;1.870;1.409;2.648;0.138;1.393;3343
B31558;2015/02/25 00:43:07;3343;80;25.4;27.0;2.464;1.870;1.412;2.648;0.138;1.361;3344
B31558;2015/02/25 00:43:18;3344;88;24.8;27.6;2.438;1.916;1.412;2.648;0.125;1.387;3345
B31558;2015/02/25 00:43:27;3345;89;22.5;27.0;2.438;1.916;1.432;2.648;0.125;1.396;3346
B31558;2015/02/25 00:43:38;3346;94;28.0;27.4;2.496;1.903;1.432;2.648;0.125;1.387;3347
B31558;2015/02/25 00:43:47;3347;91;31.2;26.9;2.670;1.903;1.403;2.648;0.125;1.396;3348
B31558;2015/02/25 00:43:58;3348;88;30.0;26.9;2.690;1.880;1.403;2.648;0.258;1.396;3349
B31558;2015/02/25 00:44:07;3349;91;30.9;27.2;2.445;1.880;1.429;2.648;0.258;1.396;3350
B31558;2015/02/25 00:44:18;3350;85;30.6;27.6;2.535;1.870;1.429;2.658;0.258;1.377;3351
B31558;2015/02/25 00:44:27;3351;83;33.2;26.9;2.596;1.870;1.387;2.658;0.258;1.361;3352
B31558;2015/02/25 00:44:38;3352;84;25.8;27.6;2.445;1.880;1.387;2.658;0.261;1.399;3353
B31558;2015/02/25 00:44:47;3353;83;31.9;27.6;2.422;1.880;1.367;2.658;0.261;1.406;3354
B31558;2015/02/25 00:44:58;3354;82;28.0;27.0;2.635;1.900;1.367;2.687;0.261;1.412;3355
B31558;2015/02/25 00:45:07;3355;93;22.9;27.6;2.448;1.900;1.370;2.687;0.261;1.374;3356
B31558;2015/02/25 00:45:18;3356;83;30.3;27.4;2.564;1.887;1.370;2.687;0.129;1.358;3357
B31558;2015/02/25 00:45:27;3357;92;30.0;27.6;2.435;1.887;1.419;2.687;0.129;1.364;3358
B31558;2015/02/25 00:45:38;3358;93;22.2;27.6;2.435;1.874;1.419;2.648;0.129;1.364;3359
B31558;2015/02/25 00:45:47;3359;89;24.1;27.4;2.445;1.874;1.422;2.648;0.129;1.409;3360
B31558;2015/02/25 00:45:58;3360;93;22.5;27.6;2.441;1.880;1.422;2.648;0.161;1.377;3361
B31558;2015/02/25 00:46:07;3361;83;27.7;27.6;2.422;1.880;1.354;2.648;0.161;1.380;3362
B31558;2015/02/25 00:46:18;3362;83;23.2;27.0;2.661;1.870;1.354;2.690;0.161;1.351;3363
B31558;2015/02/25 00:46:27;3363;77;31.2;27.2;2.696;1.870;1.429;2.690;0.161;1.406;3364
B31558;2015/02/25 00:46:38;3364;81;25.8;27.7;2.577;1.900;1.429;2.690;0.148;1.374;3365
B31558;2015/02/25 00:46:47;3365;89;33.2;27.2;2.564;1.900;1.358;2.690;0.148;1.361;3366
B31558;2015/02/25 00:46:58;3366;86;30.6;27.4;2.596;1.880;1.358;2.664;0.148;1.338;3367
B31558;2015/02/25 00:47:07;3367;82;32.5;27.2;2.609;1.880;1.429;2.664;0.148;1.380;3368
B31558;2015/02/25 00:47:18;3368;79;30.6;27.7;2.690;1.916;1.429;2.664;0.135;1.396;3369
B31558;2015/02/25 00:47:27;3369;83;22.9;27.2;2.448;1.916;1.354;2.664;0.135;1.348;3370
B31558;2015/02/25 00:47:38;3370;76;26.4;26.7;2.670;1.870;1.354;2.654;0.135;1.377;3371
B31558;2015/02/25 00:47:47;3371;76;31.2;27.0;2.622;1.870;1.380;2.654;0.135;1.393;3372
B31558;2015/02/25 00:47:58;3372;92;27.4;27.0;2.687;1.906;1.380;2.654;0.122;1.419;3373
B31558;2015/02/25 00:48:07;3373;82;27.0;27.9;2.487;1.906;1.429;2.654;0.122;1.393;3374
B31558;2015/02/25 00:48:18;3374;95;23.8;27.7;2.435;1.870;1.429;2.664;0.122;1.351;3375
B31558;2015/02/25 00:48:27;3375;80;25.1;27.0;2.583;1.870;1.412;2.664;0.122;1.348;3376
B31558;2015/02/25 00:48:38;3376;81;31.6;27.9;2.538;1.887;1.412;2.664;0.116;1.396;3377
B31558;2015/02/25 00:48:47;3377;87;27.4;27.2;2.590;1.887;1.354;2.664;0.116;1.374;3378
B31558;2015/02/25 00:48:58;3378;83;26.4;27.4;2.438;1.916;1.354;2.699;0.116;1.409;3379
B31558;2015/02/25 00:49:07;3379;85;27.7;27.6;2.435;1.916;1.354;2.699;0.116;1.390;3380
B31558;2015/02/25 00:49:18;3380;92;26.1;27.6;2.445;1.893;1.354;2.699;0.119;1.429;3381
B31558;2015/02/25 00:49:27;3381;92;27.7;26.7;2.577;1.893;1.361;2.699;0.119;1.403;3382
B31558;2015/02/25 00:49:38;3382;90;25.1;27.0;2.696;1.906;1.361;2.651;0.119;1.406;3383
B31558;2015/02/25 00:49:47;3383;88;30.9;27.2;2.696;1.906;1.390;2.651;0.119;1.374;3384
B31558;2015/02/25 00:49:58;3384;85;30.6;27.7;2.490;1.880;1.390;2.651;0.122;1.377;3385
B31558;2015/02/25 00:50:07;3385;88;21.9;27.4;2.603;1.880;1.396;2.651;0.122;1.409;3386
B31558;2015/02/25 00:50:18;3386;91;23.2;27.2;2.419;1.900;1.396;2.658;0.122;1.399;3387
B31558;2015/02/25 00:50:27;3387;82;28.0;27.4;2.441;1.900;1.422;2.658;0.122;1.399;3388
B31558;2015/02/25 00:50:38;3388;85;31.9;28.1;2.635;1.916;1.422;2.658;0.129;1.387;3389
B31558;2015/02/25 00:50:47;3389;93;24.1;27.2;2.645;1.916;1.412;2.658;0.129;1.367;3390
B31558;2015/02/25 00:50:58;3390;84;30.3;27.4;2.448;1.912;1.412;2.703;0.129;1.364;3391
B31558;2015/02/25 00:51:07;3391;76;33.2;27.6;2.419;1.912;1.354;2.703;0.129;1.380;3392
B31558;2015/02/25 00:51:18;3392;87;27.4;27.4;2.687;1.893;1.354;2.703;0.135;1.416;3393
B31558;2015/02/25 00:51:27;3393;81;21.2;27.7;2.583;1.893;1.429;2.703;0.135;1.377;3394
B31558;2015/02/25 00:51:38;3394;85;27.0;27.2;2.590;1.870;1.429;2.677;0.135;1.393;3395
B31558;2015/02/25 00:51:47;3395;80;31.9;27.4;2.645;1.870;1.412;2.677;0.135;1.409;3396
B31558;2015/02/25 00:51:58;3396;83;30.0;27.2;2.419;1.896;1.412;2.677;0.116;1.380;3397
B31558;2015/02/25 00:52:07;3397;87;29.6;27.2;2.448;1.896;1.374;2.677;0.116;1.377;3398
B31558;2015/02/25 00:52:18;3398;87;25.4;27.4;2.690;1.874;1.374;2.683;0.116;1.348;3399
B31558;2015/02/25 00:52:27;3399;79;31.9;27.0;2.519;1.874;1.422;2.683;0.116;1.396;3400
B31558;2015/02/25 00:52:38;3400;84;23.5;27.2;2.664;1.906;1.422;2.683;0.125;1.380;3401
B31558;2015/02/25 00:52:47;3401;78;24.8;27.2;2.512;1.906;1.367;2.683;0.125;1.380;3402
B31558;2015/02/25 00:52:58;3402;93;31.2;27.7;2.648;1.870;1.367;2.670;0.125;1.370;3403
B31558;2015/02/25 00:53:07;3403;83;24.5;27.4;2.696;1.870;1.361;2.670;0.125;1.387;3404
B31558;2015/02/25 00:53:18;3404;88;24.5;27.0;2.632;1.893;1.361;2.670;0.161;1.380;3405
B31558;2015/02/25 00:53:27;3405;87;25.1;27.4;2.696;1.893;1.399;2.670;0.161;1.367;3406
B31558;2015/02/25 00:53:38;3406;95;24.8;27.6;2.606;1.916;1.399;2.703;0.161;1.387;3407
B31558;2015/02/25 00:53:47;3407;88;30.9;27.6;2.696;1.916;1.358;2.703;0.161;1.387;3408
B31558;2015/02/25 00:53:58;3408;84;22.5;27.6;2.425;1.874;1.358;2.703;0.125;1.358;3409
B31558;2015/02/25 00:54:07;3409;89;31.9;27.2;2.670;1.874;1.358;2.703;0.125;1.364;3410
B31558;2015/02/25 00:54:18;3410;87;24.5;26.7;2.664;1.912;1.358;2.690;0.125;1.399;3411
B31558;2015/02/25 00:54:27;3411;83;33.2;27.6;2.429;1.912;1.432;2.690;0.125;1.403;3412
B31558;2015/02/25 00:54:38;3412;81;21.9;27.6;2.412;1.912;1.432;2.690;0.135;1.383;3413
B31558;2015/02/25 00:54:47;3413;86;30.6;27.6;2.696;1.912;1.364;2.690;0.135;1.409;3414
B31558;2015/02/25 00:54:58;3414;86;27.7;27.4;2.467;1.896;1.364;2.648;0.135;1.393;3415
B31558;2015/02/25 00:55:07;3415;85;30.0;27.7;2.422;1.896;1.416;2.648;0.135;1.377;3416
B31558;2015/02/25 00:55:18;3416;88;33.5;27.2;2.622;1.890;1.416;2.648;0.138;1.351;3417
B31558;2015/02/25 00:55:27;3417;83;32.5;26.7;2.696;1.890;1.380;2.648;0.138;1.348;3418
B31558;2015/02/25 00:55:38;3418;91;30.0;27.0;2.545;1.874;1.380;2.664;0.138;1.364;3419
B31558;2015/02/25 00:55:47;3419;83;31.9;27.6;2.661;1.874;1.358;2.664;0.138;1.354;3420
B31558;2015/02/25 00:55:58;3420;93;23.8;27.4;2.687;1.890;1.358;2.664;0.145;1.374;3421
B31558;2015/02/25 00:56:07;3421;80;22.9;27.6;2.616;1.890;1.364;2.664;0.145;1.348;3422
B31558;2015/02/25 00:56:18;3422;88;30.0;26.9;2.690;1.900;1.364;2.670;0.145;1.358;3423
B31558;2015/02/25 00:56:27;3423;87;33.2;26.7;2.467;1.900;1.364;2.670;0.145;1.351;3424
B31558;2015/02/25 00:56:38;3424;85;30.0;26.9;2.680;1.883;1.364;2.670;0.129;1.383;3425
B31558;2015/02/25 00:56:47;3425;74;31.2;27.6;2.661;1.883;1.361;2.670;0.129;1.367;3426
B31558;2015/02/25 00:56:58;3426;78;29.0;27.2;2.412;1.874;1.361;2.687;0.129;1.351;3427
B31558;2015/02/25 00:57:07;3427;90;21.9;27.7;2.590;1.874;1.370;2.687;0.129;1.335;3428
B31558;2015/02/25 00:57:18;3428;74;29.6;27.7;2.587;1.877;1.370;2.687;0.209;1.370;3429
B31558;2015/02/25 00:57:27;3429;78;23.5;27.2;2.664;1.877;1.396;2.687;0.209;1.387;3430
B31558;2015/02/25 00:57:38;3430;83;31.2;27.4;2.458;1.896;1.396;2.687;0.209;1.374;3431
B31558;2015/02/25 00:57:47;3431;81;29.6;27.2;2.464;1.896;1.354;2.687;0.209;1.341;3432
B31558;2015/02/25 00:57:58;3432;85;24.8;27.2;2.529;1.877;1.354;2.687;0.129;1.393;3433
B31558;2015/02/25 00:58:07;3433;89;25.4;26.5;2.583;1.877;1.383;2.687;0.129;1.396;3434
B31558;2015/02/25 00:58:18;3434;84;29.3;27.2;2.690;1.877;1.383;2.696;0.129;1.380;3435
B31558;2015/02/25 00:58:27;3435;90;28.7;27.0;2.519;1.877;1.435;2.696;0.129;1.374;3436
B31558;2015/02/25 00:58:38;3436;91;30.6;27.6;2.545;1.912;1.435;2.696;0.116;1.393;3437
B31558;2015/02/25 00:58:47;3437;79;23.2;27.7;2.551;1.912;1.393;2.696;0.116;1.377;3438
B31558;2015/02/25 00:58:58;3438;95;25.1;26.7;2.696;1.912;1.393;2.709;0.116;1.396;3439
B31558;2015/02/25 00:59:07;3439;89;32.5;27.0;2.632;1.912;1.364;2.709;0.116;1.374;3440
B31558;2015/02/25 00:59:18;3440;81;21.9;27.4;2.429;1.903;1.364;2.709;0.190;1.380;3441
B31558;2015/02/25 00:59:27;3441;83;33.5;26.9;2.603;1.903;1.358;2.709;0.190;1.361;3442
B31558;2015/02/25 00:59:38;3442;76;33.5;27.4;2.419;1.880;1.358;2.680;0.190;1.358;3443
B31558;2015/02/25 00:59:47;3443;80;33.2;26.5;2.590;1.880;1.435;2.680;0.190;1.361;3444
B31558;2015/02/25 00:59:58;3444;87;23.2;27.6;2.554;1.900;1.435;2.680;0.125;1.380;3445
B31558;2015/02/25 01:00:07;3445;80;28.3;27.6;2.645;1.900;1.412;2.680;0.125;1.399;3446
B31558;2015/02/25 01:00:18;3446;87;29.3;27.4;2.467;1.919;1.412;2.648;0.125;1.364;3447
B31558;2015/02/25 01:00:27;3447;76;30.6;27.2;2.419;1.919;1.364;2.648;0.125;1.387;3448
B31558;2015/02/25 01:00:38;3448;84;22.5;27.2;2.419;1.874;1.364;2.648;0.122;1.393;3449
B31558;2015/02/25 01:00:47;3449;80;28.0;27.6;2.670;1.874;1.374;2.648;0.122;1.377;3450
B31558;2015/02/25 01:00:58;3450;91;23.8;27.6;2.425;1.883;1.374;2.654;0.122;1.380;3451
B31558;2015/02/25 01:01:07;3451;74;21.6;27.4;2.419;1.883;1.429;2.654;0.122;1.403;3452
B31558;2015/02/25 01:01:18;3452;84;30.0;26.9;2.419;1.919;1.429;2.654;0.158;1.364;3453
B31558;2015/02/25 01:01:27;3453;87;27.4;26.7;2.583;1.919;1.435;2.654;0.158;1.377;3454
B31558;2015/02/25 01:01:38;3454;83;31.9;27.4;2.648;1.906;1.435;2.677;0.158;1.374;3455
B31558;2015/02/25 01:01:47;3455;82;32.5;27.0;2.445;1.906;1.361;2.677;0.158;1.364;3456
B31558;2015/02/25 01:01:58;3456;79;32.5;27.6;2.448;1.896;1.361;2.677;0.125;1.396;3457
B31558;2015/02/25 01:02:07;3457;77;22.2;27.4;2.509;1.896;1.435;2.677;0.125;1.351;3458
B31558;2015/02/25 01:02:18;3458;87;28.3;26.9;2.645;1.919;1.435;2.712;0.125;1.390;3459
B31558;2015/02/25 01:02:27;3459;83;29.6;27.2;2.451;1.919;1.377;2.712;0.125;1.403;3460
B31558;2015/02/25 01:02:38;3460;83;26.4;27.2;2.616;1.883;1.377;2.712;0.203;1.358;3461
B31558;2015/02/25 01:02:47;3461;88;33.2;27.0;2.683;1.883;1.425;2.712;0.203;1.416;3462
B31558;2015/02/25 01:02:58;3462;85;29.6;27.2;2.483;1.922;1.425;2.703;0.203;1.416;3463
B31558;2015/02/25 01:03:07;3463;72;31.2;27.0;2.635;1.922;1.380;2.703;0.203;1.374;3464
B31558;2015/02/25 01:03:18;3464;88;28.0;27.7;2.600;1.912;1.380;2.703;0.203;1.367;3465
B31558;2015/02/25 01:03:27;3465;84;25.1;27.7;2.425;1.912;1.364;2.703;0.203;1.367;3466
B31558;2015/02/25 01:03:38;3466;87;25.1;26.9;2.441;1.903;1.364;2.670;0.203;1.393;3467
B31558;2015/02/25 01:03:47;3467;86;21.9;27.9;2.467;1.903;1.370;2.670;0.203;1.380;3468
B31558;2015/02/25 01:03:58;3468;88;32.2;27.2;2.687;1.877;1.370;2.670;0.122;1.354;3469
B31558;2015/02/25 01:04:07;3469;72;24.5;26.9;2.577;1.877;1.361;2.670;0.122;1.399;3470
B31558;2015/02/25 01:04:18;3470;88;22.5;27.4;2.687;1.919;1.361;2.693;0.122;1.364;3471
B31558;2015/02/25 01:04:27;3471;88;25.1;26.9;2.577;1.919;1.380;2.693;0.122;1.361;3472
B31558;2015/02/25 01:04:38;3472;87;21.9;27.2;2.419;1.903;1.380;2.693;0.119;1.351;3473
B31558;2015/02/25 01:04:47;3473;85;30.9;27.4;2.619;1.903;1.380;2.693;0.119;1.374;3474
B31558;2015/02/25 01:04:58;3474;92;23.8;26.9;2.632;1.883;1.380;2.683;0.119;1.370;3475
B31558;2015/02/25 01:05:07;3475;79;29.6;27.2;2.448;1.883;1.374;2.683;0.119;1.406;3476
B31558;2015/02/25 01:05:18;3476;83;26.7;27.6;2.461;1.900;1.374;2.683;0.235;1.380;3477
B31558;2015/02/25 01:05:27;3477;79;23.2;27.2;2.448;1.900;1.361;2.683;0.235;1.361;3478
B31558;2015/02/25 01:05:38;3478;87;27.7;27.4;2.425;1.877;1.361;2.712;0.235;1.390;3479
B31558;2015/02/25 01:05:47;3479;80;28.0;27.2;2.445;1.877;1.406;2.712;0.235;1.361;3480
B31558;2015/02/25 01:05:58;3480;83;24.1;26.9;2.548;1.893;1.406;2.712;0.164;1.377;3481
B31558;2015/02/25 01:06:07;3481;90;21.9;27.6;2.483;1.893;1.374;2.712;0.164;1.367;3482
B31558;2015/02/25 01:06:18;3482;84;26.7;27.0;2.570;1.877;1.374;2.703;0.164;1.399;3483
B31558;2015/02/25 01:06:27;3483;79;30.6;27.2;2.696;1.877;1.361;2.703;0.164;1.348;3484
B31558;2015/02/25 01:06:38;3484;88;30.6;27.0;2.516;1.903;1.361;2.703;0.129;1.406;3485
B31558;2015/02/25 01:06:47;3485;89;28.7;26.7;2.609;1.903;1.374;2.703;0.129;1.367;3486
B31558;2015/02/25 01:06:58;3486;89;23.8;26.7;2.445;1.883;1.374;2.696;0.129;1.370;3487
B31558;2015/02/25 01:07:07;3487;82;26.4;27.7;2.425;1.883;1.367;2.696;0.129;1.367;3488
B31558;2015/02/25 01:07:18;3488;91;26.7;27.6;2.467;1.896;1.367;2.696;0.129;1.361;3489
B31558;2015/02/25 01:07:27;3489;83;26.1;27.0;2.454;1.896;1.432;2.696;0.129;1.383;3490
B31558;2015/02/25 01:07:38;3490;78;21.9;27.4;2.425;1.890;1.432;2.670;0.129;1.387;3491
B31558;2015/02/25 01:07:47;3491;73;29.3;27.4;2.545;1.890;1.429;2.670;0.129;1.377;3492
B31558;2015/02/25 01:07:58;3492;84;30.0;27.2;2.445;1.912;1.429;2.670;0.148;1.358;3493
B31558;2015/02/25 01:08:07;3493;89;22.2;26.9;2.483;1.912;1.432;2.670;0.148;1.351;3494
B31558;2015/02/25 01:08:18;3494;91;31.2;27.7;2.690;1.912;1.432;2.709;0.148;1.361;3495
B31558;2015/02/25 01:08:27;3495;83;21.9;27.4;2.522;1.912;1.432;2.709;0.148;1.393;3496
B31558;2015/02/25 01:08:38;3496;87;25.8;27.6;2.441;1.877;1.432;2.709;0.116;1.358;3497
B31558;2015/02/25 01:08:47;3497;91;21.6;27.0;2.412;1.877;1.364;2.709;0.116;1.380;3498
B31558;2015/02/25 01:08:58;3498;74;28.3;26.7;2.583;1.893;1.364;2.648;0.116;1.374;3499
B31558;2015/02/25 01:09:07;3499;84;22.9;27.4;2.632;1.893;1.364;2.648;0.116;1.399;3500
B31558;2015/02/25 01:09:18;3500;84;27.7;26.7;2.683;1.922;1.364;2.648;0.119;1.393;3501
B31558;2015/02/25 01:09:27;3501;84;31.9;27.2;2.690;1.922;1.390;2.648;0.119;1.393;3502
B31558;2015/02/25 01:09:38;3502;83;23.2;27.0;2.674;1.893;1.390;2.648;0.119;1.358;3503
B31558;2015/02/25 01:09:47;3503;87;30.9;27.6;2.683;1.893;1.367;2.648;0.119;1.393;3504
B31558;2015/02/25 01:09:58;3504;85;27.7;27.9;2.519;1.877;1.367;2.648;0.125;1.409;3505
B31558;2015/02/25 01:10:07;3505;91;24.8;27.4;2.696;1.877;1.361;2.648;0.125;1.409;3506
B31558;2015/02/25 01:10:18;3506;84;22.5;27.2;2.416;1.877;1.361;2.661;0.125;1.364;3507
B31558;2015/02/25 01:10:27;3507;73;32.5;27.0;2.448;1.877;1.399;2.661;0.125;1.345;3508
B31558;2015/02/25 01:10:38;3508;82;21.9;27.6;2.419;1.909;1.399;2.661;0.135;1.354;3509
B31558;2015/02/25 01:10:47;3509;83;29.3;27.6;2.658;1.909;1.361;2.661;0.135;1.364;3510
B31558;2015/02/25 01:10:58;3510;83;22.9;27.7;2.445;1.909;1.361;2.709;0.135;1.380;3511
B31558;2015/02/25 01:11:07;3511;77;29.0;27.2;2.445;1.909;1.435;2.709;0.135;1.396;3512
B31558;2015/02/25 01:11:18;3512;93;31.9;27.6;2.687;1.903;1.435;2.709;0.138;1.406;3513
B31558;2015/02/25 01:11:27;3513;80;28.3;27.2;2.658;1.903;1.361;2.709;0.138;1.367;3514
B31558;2015/02/25 01:11:38;3514;84;23.5;26.9;2.419;1.877;1.361;2.696;0.138;1.361;3515
B31558;2015/02/25 01:11:47;3515;74;27.0;27.9;2.416;1.877;1.429;2.696;0.138;1.412;3516
B31558;2015/02/25 01:11:58;3516;92;23.2;27.6;2.467;1.877;1.429;2.696;0.125;1.393;3517
B31558;2015/02/25 01:12:07;3517;82;27.4;27.6;2.432;1.877;1.416;2.696;0.125;1.370;3518
B31558;2015/02/25 01:12:18;3518;85;25.8;27.0;2.603;1.912;1.416;2.696;0.125;1.380;3519
B31558;2015/02/25 01:12:27;3519;87;26.4;26.5;2.603;1.912;1.367;2.696;0.125;1.370;3520
B31558;2015/02/25 01:12:38;3520;88;31.2;27.9;2.412;1.906;1.367;2.696;0.170;1.393;3521
B31558;2015/02/25 01:12:47;3521;93;27.4;27.4;2.687;1.906;1.438;2.696;0.170;1.374;3522
B31558;2015/02/25 01:12:58;3522;89;30.3;27.6;2.470;1.903;1.438;2.706;0.170;1.351;3523
B31558;2015/02/25 01:13:07;3523;84;30.6;27.0;2.567;1.903;1.393;2.706;0.170;1.399;3524
B31558;2015/02/25 01:13:18;3524;84;23.2;27.6;2.419;1.896;1.393;2.706;0.125;1.358;3525
B31558;2015/02/25 01:13:27;3525;92;29.6;27.2;2.661;1.896;1.435;2.706;0.125;1.354;3526
B31558;2015/02/25 01:13:38;3526;84;25.4;27.2;2.474;1.925;1.435;2.693;0.125;1.416;3527
B31558;2015/02/25 01:13:47;3527;87;22.5;27.7;2.461;1.925;1.432;2.693;0.125;1.380;3528
B31558;2015/02/25 01:13:58;3528;94;24.1;27.6;2.425;1.922;1.432;2.693;0.129;1.399;3529
B31558;2015/02/25 01:14:07;3529;87;23.5;27.7;2.445;1.922;1.361;2.693;0.129;1.351;3530
B31558;2015/02/25 01:14:18;3530;94;22.5;27.2;2.480;1.880;1.361;2.661;0.129;1.399;3531
B31558;2015/02/25 01:14:27;3531;93;28.3;27.2;2.416;1.880;1.438;2.661;0.129;1.377;3532
B31558;2015/02/25 01:14:38;3532;87;23.2;27.2;2.438;1.916;1.438;2.661;0.135;1.403;3533
B31558;2015/02/25 01:14:47;3533;72;26.1;26.7;2.616;1.916;1.370;2.661;0.135;1.393;3534
B31558;2015/02/25 01:14:58;3534;90;27.7;27.9;2.554;1.912;1.370;2.670;0.135;1.380;3535
B31558;2015/02/25 01:15:07;3535;86;29.6;27.2;2.693;1.912;1.364;2.670;0.135;1.390;3536
B31558;2015/02/25 01:15:18;3536;79;26.4;27.6;2.519;1.877;1.364;2.670;0.148;1.399;3537
B31558;2015/02/25 01:15:27;3537;84;22.9;27.0;2.548;1.877;1.364;2.670;0.148;1.377;3538
B31558;2015/02/25 01:15:38;3538;84;26.7;27.4;2.480;1.922;1.364;2.696;0.148;1.374;3539
B31558;2015/02/25 01:15:47;3539;93;30.6;27.6;2.683;1.922;1.367;2.696;0.148;1.396;3540
B31558;2015/02/25 01:15:58;3540;78;28.7;27.2;2.590;1.887;1.367;2.696;0.125;1.367;3541
B31558;2015/02/25 01:16:07;3541;90;27.0;27.2;2.422;1.887;1.374;2.696;0.125;1.380;3542
B31558;2015/02/25 01:16:18;3542;83;29.3;26.9;2.412;1.877;1.374;2.664;0.125;1.419;3543
B31558;2015/02/25 01:16:27;3543;78;22.5;27.0;2.441;1.877;1.367;2.664;0.125;1.351;3544
B31558;2015/02/25 01:16:38;3544;86;31.2;27.7;2.632;1.903;1.367;2.664;0.138;1.351;3545
B31558;2015/02/25 01:16:47;3545;75;21.6;27.7;2.458;1.903;1.419;2.664;0.138;1.364;3546
B31558;2015/02/25 01:16:58;3546;78;31.2;27.4;2.558;1.903;1.419;2.661;0.138;1.370;3547
B31558;2015/02/25 01:17:07;3547;83;21.6;27.0;2.570;1.903;1.383;2.661;0.138;1.367;3548
B31558;2015/02/25 01:17:18;3548;74;31.9;28.1;2.606;1.922;1.383;2.661;0.135;1.387;3549
B31558;2015/02/25 01:17:27;3549;83;22.5;28.3;2.506;1.922;1.387;2.661;0.135;1.367;3550
B31558;2015/02/25 01:17:38;3550;77;25.4;27.7;2.448;1.919;1.387;2.703;0.135;1.406;3551
B31558;2015/02/25 01:17:47;3551;83;22.2;28.3;2.645;1.919;1.367;2.703;0.135;1.383;3552
B31558;2015/02/25 01:17:58;3552;89;29.6;27.4;2.612;1.916;1.367;2.703;0.135;1.332;3553
B31558;2015/02/25 01:18:07;3553;90;21.9;27.2;2.454;1.916;1.370;2.703;0.135;1.345;3554
B31558;2015/02/25 01:18:18;3554;93;32.5;27.6;2.529;1.890;1.370;2.683;0.135;1.377;3555
B31558;2015/02/25 01:18:27;3555;83;29.6;27.2;2.422;1.890;1.396;2.683;0.135;1.396;3556
B31558;2015/02/25 01:18:38;3556;90;23.2;27.2;2.419;1.922;1.396;2.683;0.209;1.367;3557
B31558;2015/02/25 01:18:47;3557;90;27.4;27.0;2.461;1.922;1.438;2.683;0.209;1.390;3558
B31558;2015/02/25 01:18:58;3558;86;23.2;27.2;2.493;1.877;1.438;2.658;0.209;1.364;3559
B31558;2015/02/25 01:19:07;3559;83;29.6;27.6;2.625;1.877;1.390;2.658;0.209;1.351;3560
B31558;2015/02/25 01:19:18;3560;86;31.6;27.2;2.558;1.877;1.390;2.658;0.122;1.377;3561
B31558;2015/02/25 01:19:27;3561;80;31.2;27.0;2.545;1.877;1.412;2.658;0.122;1.358;3562
B31558;2015/02/25 01:19:38;3562;83;24.5;26.9;2.696;1.893;1.412;2.664;0.122;1.367;3563
B31558;2015/02/25 01:19:47;3563;85;22.5;27.4;2.429;1.893;1.374;2.664;0.122;1.370;3564
B31558;2015/02/25 01:19:58;3564;86;25.8;26.9;2.425;1.909;1.374;2.664;0.132;1.354;3565
B31558;2015/02/25 01:20:07;3565;89;30.0;27.7;2.429;1.909;1.377;2.664;0.132;1.383;3566
B31558;2015/02/25 01:20:18;3566;83;31.2;27.6;2.548;1.880;1.377;2.674;0.132;1.351;3567
B31558;2015/02/25 01:20:27;3567;83;24.8;27.7;2.438;1.880;1.425;2.674;0.132;1.403;3568
B31558;2015/02/25 01:20:38;3568;88;29.6;27.9;2.693;1.877;1.425;2.674;0.135;1.345;3569
B31558;2015/02/25 01:20:47;3569;89;22.9;27.7;2.441;1.877;1.367;2.674;0.135;1.370;3570
B31558;2015/02/25 01:20:58;3570;85;24.1;27.2;2.445;1.919;1.367;2.683;0.135;1.383;3571
B31558;2015/02/25 01:21:07;3571;83;23.8;27.6;2.564;1.919;1.374;2.683;0.135;1.370;3572
B31558;2015/02/25 01:21:18;3572;93;25.8;27.2;2.448;1.887;1.374;2.683;0.209;1.351;3573
B31558;2015/02/25 01:21:27;3573;89;21.2;27.4;2.416;1.887;1.399;2.683;0.209;1.406;3574
B31558;2015/02/25 01:21:38;3574;80;24.8;27.0;2.664;1.919;1.399;2.706;0.209;1.380;3575
B31558;2015/02/25 01:21:47;3575;88;27.4;26.9;2.606;1.919;1.364;2.706;0.209;1.364;3576
B31558;2015/02/25 01:21:58;3576;87;29.3;27.2;2.612;1.912;1.364;2.706;0.135;1.377;3577
B31558;2015/02/25 01:22:07;3577;90;31.9;27.6;2.635;1.912;1.370;2.706;0.135;1.387;3578
B31558;2015/02/25 01:22:18;3578;80;21.9;27.4;2.409;1.925;1.370;2.699;0.135;1.361;3579
B31558;2015/02/25 01:22:27;3579;86;30.6;27.0;2.487;1.925;1.393;2.699;0.135;1.354;3580
B31558;2015/02/25 01:22:38;3580;84;23.2;27.4;2.522;1.912;1.393;2.699;0.119;1.367;3581
B31558;2015/02/25 01:22:47;3581;88;21.9;27.6;2.596;1.912;1.425;2.699;0.119;1.390;3582
B31558;2015/02/25 01:22:58;3582;73;27.4;27.2;2.641;1.919;1.425;2.648;0.119;1.396;3583
B31558;2015/02/25 01:23:07;3583;88;22.9;27.4;2.529;1.919;1.380;2.648;0.119;1.387;3584
B31558;2015/02/25 01:23:18;3584;83;23.8;26.9;2.690;1.925;1.380;2.648;0.135;1.370;3585
B31558;2015/02/25 01:23:27;3585;76;31.9;27.0;2.645;1.925;1.380;2.648;0.135;1.403;3586
B31558;2015/02/25 01:23:38;3586;85;28.7;26.9;2.690;1.925;1.380;2.664;0.135;1.406;3587
B31558;2015/02/25 01:23:47;3587;73;33.2;27.2;2.690;1.925;1.377;2.664;0.135;1.361;3588
B31558;2015/02/25 01:23:58;3588;85;29.3;27.6;2.477;1.906;1.377;2.664;0.135;1.383;3589
B31558;2015/02/25 01:24:07;3589;86;23.2;26.9;2.541;1.906;1.367;2.664;0.135;1.364;3590
B31558;2015/02/25 01:24:18;3590;84;27.0;27.6;2.461;1.912;1.367;2.661;0.135;1.399;3591
B31558;2015/02/25 01:24:27;3591;82;27.4;26.7;2.603;1.912;1.367;2.661;0.135;1.341;3592
B31558;2015/02/25 01:24:38;3592;92;27.0;27.6;2.461;1.912;1.367;2.661;0.122;1.348;3593
B31558;2015/02/25 01:24:47;3593;74;31.9;27.0;2.477;1.912;1.367;2.661;0.122;1.383;3594
B31558;2015/02/25 01:24:58;3594;86;24.8;26.9;2.664;1.880;1.367;2.670;0.122;1.361;3595
B31558;2015/02/25 01:25:07;3595;77;21.6;27.4;2.558;1.880;1.435;2.670;0.122;1.390;3596
B31558;2015/02/25 01:25:18;3596;80;24.5;27.6;2.448;1.887;1.435;2.670;0.177;1.367;3597
B31558;2015/02/25 01:25:27;3597;84;21.9;27.4;2.487;1.887;1.374;2.670;0.177;1.399;3598
B31558;2015/02/25 01:25:38;3598;83;31.2;28.4;2.538;1.912;1.374;2.706;0.177;1.374;3599
B31558;2015/02/25 01:25:47;3599;85;28.7;27.2;2.651;1.912;1.370;2.706;0.177;1.390;3600
B31558;2015/02/25 01:25:58;3600;83;28.7;26.7;2.687;1.919;1.370;2.706;0.129;1.358;3601
B31558;2015/02/25 01:26:07;3601;79;28.0;27.4;2.629;1.919;1.370;2.706;0.129;1.361;3602
B31558;2015/02/25 01:26:18;3602;78;22.5;27.7;2.425;1.922;1.370;2.674;0.129;1.364;3603
B31558;2015/02/25 01:26:27;3603;91;24.8;28.4;2.445;1.922;1.393;2.674;0.129;1.361;3604
B31558;2015/02/25 01:26:38;3604;83;24.8;27.6;2.438;1.893;1.393;2.674;0.196;1.364;3605
B31558;2015/02/25 01:26:47;3605;82;30.6;27.2;2.645;1.893;1.367;2.674;0.196;1.341;3606
B31558;2015/02/25 01:26:58;3606;86;22.5;27.0;2.661;1.893;1.367;2.664;0.196;1.374;3607
B31558;2015/02/25 01:27:07;3607;75;23.5;27.6;2.438;1.893;1.374;2.664;0.196;1.351;3608
B31558;2015/02/25 01:27:18;3608;88;23.2;27.4;2.441;1.880;1.374;2.664;0.138;1.393;3609
B31558;2015/02/25 01:27:27;3609;83;27.7;27.2;2.445;1.880;1.377;2.664;0.138;1.345;3610
B31558;2015/02/25 01:27:38;3610;89;31.6;27.6;2.535;1.919;1.377;2.670;0.138;1.361;3611
B31558;2015/02/25 01:27:47;3611;82;22.5;27.7;2.451;1.919;1.364;2.670;0.138;1.377;3612
B31558;2015/02/25 01:27:58;3612;88;27.4;27.2;2.422;1.912;1.364;2.670;0.138;1.361;3613
B31558;2015/02/25 01:28:07;3613;90;28.3;27.4;2.690;1.912;1.406;2.670;0.138;1.351;3614
B31558;2015/02/25 01:28:18;3614;78;26.7;27.6;2.483;1.912;1.406;2.661;0.138;1.406;3615
B31558;2015/02/25 01:28:27;3615;89;24.8;27.4;2.570;1.912;1.374;2.661;0.138;1.387;3616
B31558;2015/02/25 01:28:38;3616;81;24.5;26.9;2.451;1.929;1.374;2.661;0.125;1.393;3617
B31558;2015/02/25 01:28:47;3617;88;21.9;27.7;2.451;1.929;1.390;2.661;0.125;1.358;3618
B31558;2015/02/25 01:28:58;3618;80;30.9;27.2;2.590;1.919;1.390;2.706;0.125;1.409;3619
B31558;2015/02/25 01:29:07;3619;88;27.4;27.0;2.596;1.919;1.367;2.706;0.125;1.409;3620
B31558;2015/02/25 01:29:18;3620;88;22.2;27.6;2.590;1.922;1.367;2.706;0.209;1.396;3621
B31558;2015/02/25 01:29:27;3621;73;29.0;26.9;2.577;1.922;1.364;2.706;0.209;1.367;3622
B31558;2015/02/25 01:29:38;3622;84;28.0;26.5;2.441;1.880;1.364;2.680;0.209;1.409;3623
B31558;2015/02/25 01:29:47;3623;76;30.3;26.9;2.696;1.880;1.429;2.680;0.209;1.380;3624
B31558;2015/02/25 01:29:58;3624;84;30.6;28.1;2.661;1.909;1.429;2.680;0.177;1.364;3625
B31558;2015/02/25 01:30:07;3625;88;30.6;27.0;2.545;1.909;1.383;2.680;0.177;1.416;3626
B31558;2015/02/25 01:30:18;3626;83;31.6;27.4;2.425;1.880;1.383;2.661;0.177;1.364;3627
B31558;2015/02/25 01:30:27;3627;83;21.6;27.7;2.458;1.880;1.429;2.661;0.177;1.390;3628
B31558;2015/02/25 01:30:38;3628;91;23.2;27.6;2.570;1.903;1.429;2.661;0.135;1.403;3629
B31558;2015/02/25 01:30:47;3629;85;26.1;27.4;2.696;1.903;1.370;2.661;0.135;1.364;3630
B31558;2015/02/25 01:30:58;3630;79;26.4;26.7;2.690;1.922;1.370;2.670;0.135;1.361;3631
B31558;2015/02/25 01:31:07;3631;77;25.1;27.7;2.438;1.922;1.370;2.670;0.135;1.374;3632
B31558;2015/02/25 01:31:18;3632;93;26.7;27.0;2.687;1.880;1.370;2.670;0.129;1.374;3633
B31558;2015/02/25 01:31:27;3633;83;24.5;27.7;2.500;1.880;1.387;2.670;0.129;1.393;3634
B31558;2015/02/25 01:31:38;3634;92;28.7;27.2;2.535;1.922;1.387;2.661;0.129;1.387;3635
B31558;2015/02/25 01:31:47;3635;82;23.5;27.4;2.690;1.922;1.367;2.661;0.129;1.364;3636
B31558;2015/02/25 01:31:58;3636;92;23.2;27.4;2.438;1.893;1.367;2.661;0.116;1.393;3637
B31558;2015/02/25 01:32:07;3637;75;31.9;27.4;2.683;1.893;1.367;2.661;0.116;1.390;3638
B31558;2015/02/25 01:32:18;3638;84;25.1;27.0;2.664;1.880;1.367;2.654;0.116;1.419;3639
B31558;2015/02/25 01:32:27;3639;89;27.7;27.4;2.667;1.880;1.390;2.654;0.116;1.377;3640
B31558;2015/02/25 01:32:38;3640;83;30.0;27.2;2.680;1.880;1.390;2.654;0.122;1.351;3641
B31558;2015/02/25 01:32:47;3641;80;21.6;27.4;2.664;1.880;1.380;2.654;0.122;1.390;3642
B31558;2015/02/25 01:32:58;3642;83;28.0;27.2;2.422;1.912;1.380;2.648;0.122;1.358;3643
B31558;2015/02/25 01:33:07;3643;88;24.8;27.4;2.677;1.912;1.370;2.648;0.122;1.374;3644
B31558;2015/02/25 01:33:18;3644;78;25.1;26.9;2.438;1.903;1.370;2.648;0.190;1.351;3645
B31558;2015/02/25 01:33:27;3645;80;24.5;27.0;2.448;1.903;1.393;2.648;0.190;1.409;3646
B31558;2015/02/25 01:33:38;3646;88;30.3;27.2;2.512;1.906;1.393;2.690;0.190;1.390;3647
B31558;2015/02/25 01:33:47;3647;76;28.3;27.6;2.609;1.906;1.406;2.690;0.190;1.406;3648
B31558;2015/02/25 01:33:58;3648;83;21.9;27.0;2.667;1.919;1.406;2.690;0.129;1.367;3649
B31558;2015/02/25 01:34:07;3649;78;31.6;27.4;2.638;1.919;1.374;2.690;0.129;1.393;3650
B31558;2015/02/25 01:34:18;3650;82;24.8;27.6;2.609;1.906;1.374;2.687;0.129;1.380;3651
B31558;2015/02/25 01:34:27;3651;77;22.2;27.7;2.590;1.906;1.367;2.687;0.129;1.396;3652
B31558;2015/02/25 01:34:38;3652;88;26.1;27.2;2.429;1.880;1.367;2.687;0.274;1.383;3653
B31558;2015/02/25 01:34:47;3653;70;29.3;27.4;2.664;1.880;1.374;2.687;0.274;1.348;3654
B31558;2015/02/25 01:34:58;3654;88;23.5;26.7;2.690;1.893;1.374;2.648;0.274;1.341;3655
B31558;2015/02/25 01:35:07;3655;82;28.7;27.6;2.677;1.893;1.370;2.648;0.274;1.387;3656
B31558;2015/02/25 01:35:18;3656;91;25.4;27.7;2.609;1.903;1.370;2.648;0.158;1.367;3657
B31558;2015/02/25 01:35:27;3657;87;23.2;27.4;2.487;1.903;1.419;2.648;0.158;1.370;3658
B31558;2015/02/25 01:35:38;3658;85;32.5;27.9;2.487;1.880;1.419;2.664;0.158;1.393;3659
B31558;2015/02/25 01:35:47;3659;87;27.0;26.7;2.609;1.880;1.370;2.664;0.158;1.338;3660
B31558;2015/02/25 01:35:58;3660;80;29.3;28.1;2.648;1.929;1.370;2.664;0.125;1.403;3661
B31558;2015/02/25 01:36:07;3661;84;23.5;27.4;2.696;1.929;1.435;2.664;0.125;1.361;3662
B31558;2015/02/25 01:36:18;3662;83;30.6;27.0;2.645;1.903;1.435;2.648;0.125;1.370;3663
B31558;2015/02/25 01:36:27;3663;88;23.8;26.7;2.596;1.903;1.438;2.648;0.125;1.370;3664
B31558;2015/02/25 01:36:38;3664;82;31.6;27.7;2.532;1.925;1.438;2.648;0.148;1.374;3665
B31558;2015/02/25 01:36:47;3665;87;33.2;27.6;2.441;1.925;1.390;2.648;0.148;1.406;3666
B31558;2015/02/25 01:36:58;3666;88;30.9;27.4;2.438;1.922;1.390;2.664;0.148;1.348;3667
B31558;2015/02/25 01:37:07;3667;86;23.2;27.4;2.664;1.922;1.387;2.664;0.148;1.380;3668
B31558;2015/02/25 01:37:18;3668;81;25.1;27.0;2.664;1.880;1.387;2.664;0.203;1.370;3669
B31558;2015/02/25 01:37:27;3669;91;24.8;26.7;2.596;1.880;1.370;2.664;0.203;1.380;3670
B31558;2015/02/25 01:37:38;3670;81;28.7;27.2;2.687;1.906;1.370;2.648;0.203;1.383;3671
B31558;2015/02/25 01:37:47;3671;86;31.9;27.2;2.451;1.906;1.380;2.648;0.203;1.396;3672
B31558;2015/02/25 01:37:58;3672;90;22.5;27.4;2.693;1.880;1.380;2.648;0.132;1.396;3673
B31558;2015/02/25 01:38:07;3673;88;29.6;27.2;2.419;1.880;1.367;2.648;0.132;1.390;3674
B31558;2015/02/25 01:38:18;3674;87;25.1;27.2;2.445;1.890;1.367;2.706;0.132;1.361;3675
B31558;2015/02/25 01:38:27;3675;88;29.3;27.0;2.525;1.890;1.387;2.706;0.132;1.390;3676
B31558;2015/02/25 01:38:38;3676;91;25.8;27.0;2.632;1.880;1.387;2.706;0.203;1.348;3677
B31558;2015/02/25 01:38:47;3677;72;21.9;27.4;2.419;1.880;1.370;2.706;0.203;1.396;3678
B31558;2015/02/25 01:38:58;3678;82;24.5;27.0;2.670;1.880;1.370;2.706;0.203;1.374;3679
B31558;2015/02/25 01:39:07;3679;93;33.2;27.7;2.690;1.880;1.377;2.706;0.203;1.374;3680
B31558;2015/02/25 01:39:18;3680;87;25.1;27.0;2.687;1.887;1.377;2.706;0.122;1.412;3681
B31558;2015/02/25 01:39:27;3681;78;28.7;27.0;2.512;1.887;1.448;2.706;0.122;1.393;3682
B31558;2015/02/25 01:39:38;3682;72;31.2;27.2;2.670;1.883;1.448;2.690;0.122;1.358;3683
B31558;2015/02/25 01:39:47;3683;85;29.6;27.4;2.596;1.883;1.438;2.690;0.122;1.348;3684
B31558;2015/02/25 01:39:58;3684;85;22.5;27.2;2.441;1.925;1.438;2.690;0.135;1.361;3685
B31558;2015/02/25 01:40:07;3685;87;21.9;28.3;2.648;1.925;1.374;2.690;0.135;1.399;3686
B31558;2015/02/25 01:40:18;3686;90;22.5;26.9;2.419;1.880;1.374;2.670;0.135;1.370;3687
B31558;2015/02/25 01:40:27;3687;84;28.3;27.2;2.416;1.880;1.370;2.670;0.135;1.393;3688
B31558;2015/02/25 01:40:38;3688;89;24.5;26.7;2.632;1.880;1.370;2.670;0.125;1.338;3689
B31558;2015/02/25 01:40:47;3689;85;31.2;27.0;2.577;1.880;1.367;2.670;0.125;1.358;3690
B31558;2015/02/25 01:40:58;3690;85;23.5;26.3;2.664;1.916;1.367;2.670;0.125;1.390;3691
B31558;2015/02/25 01:41:07;3691;83;31.2;27.4;2.690;1.916;1.399;2.670;0.125;1.351;3692
B31558;2015/02/25 01:41:18;3692;83;31.9;27.4;2.558;1.906;1.399;2.670;0.125;1.374;3693
B31558;2015/02/25 01:41:27;3693;85;27.0;27.4;2.696;1.906;1.448;2.670;0.125;1.348;3694
B31558;2015/02/25 01:41:38;3694;90;33.2;27.0;2.448;1.922;1.448;2.654;0.125;1.380;3695
B31558;2015/02/25 01:41:47;3695;84;24.8;27.7;2.438;1.922;1.374;2.654;0.125;1.367;3696
B31558;2015/02/25 01:41:58;3696;88;26.4;27.0;2.609;1.903;1.374;2.654;0.125;1.351;3697
B31558;2015/02/25 01:42:07;3697;79;31.9;26.9;2.651;1.903;1.370;2.654;0.125;1.358;3698
B31558;2015/02/25 01:42:18;3698;83;31.6;27.4;2.538;1.890;1.370;2.680;0.125;1.380;3699
B31558;2015/02/25 01:42:27;3699;81;29.6;27.4;2.683;1.890;1.380;2.680;0.125;1.387;3700
B31558;2015/02/25 01:42:38;3700;95;25.4;27.6;2.470;1.880;1.380;2.680;0.125;1.370;3701
B31558;2015/02/25 01:42:47;3701;91;27.4;27.6;2.567;1.880;1.370;2.680;0.125;1.348;3702
B31558;2015/02/25 01:42:58;3702;90;29.3;26.9;2.580;1.929;1.370;2.706;0.125;1.358;3703
B31558;2015/02/25 01:43:07;3703;90;28.7;27.2;2.564;1.929;1.370;2.706;0.125;1.358;3704
B31558;2015/02/25 01:43:18;3704;77;24.5;27.6;2.448;1.909;1.370;2.706;0.203;1.403;3705
B31558;2015/02/25 01:43:27;3705;87;27.7;27.6;2.612;1.909;1.448;2.706;0.203;1.348;3706
B31558;2015/02/25 01:43:38;3706;76;24.8;27.4;2.487;1.916;1.448;2.706;0.203;1.367;3707
B31558;2015/02/25 01:43:47;3707;90;32.2;27.0;2.548;1.916;1.403;2.706;0.203;1.380;3708
B31558;2015/02/25 01:43:58;3708;81;25.1;27.6;2.445;1.903;1.403;2.706;0.164;1.348;3709
B31558;2015/02/25 01:44:07;3709;86;31.2;27.6;2.677;1.903;1.387;2.706;0.164;1.354;3710
B31558;2015/02/25 01:44:18;3710;83;29.3;27.0;2.574;1.880;1.387;2.654;0.164;1.380;3711
B31558;2015/02/25 01:44:27;3711;83;25.1;26.9;2.558;1.880;1.429;2.654;0.164;1.348;3712
B31558;2015/02/25 01:44:38;3712;88;21.9;27.6;2.435;1.880;1.429;2.654;0.122;1.370;3713
B31558;2015/02/25 01:44:47;3713;88;30.9;27.2;2.445;1.880;1.387;2.654;0.122;1.345;3714
B31558;2015/02/25 01:44:58;3714;83;21.6;27.0;2.674;1.890;1.387;2.683;0.122;1.396;3715
B31558;2015/02/25 01:45:07;3715;86;28.7;27.4;2.487;1.890;1.380;2.683;0.122;1.351;3716
B31558;2015/02/25 01:45:18;3716;76;24.5;27.0;2.648;1.929;1.380;2.683;0.129;1.377;3717
B31558;2015/02/25 01:45:27;3717;83;32.2;27.0;2.483;1.929;1.416;2.683;0.129;1.399;3718
B31558;2015/02/25 01:45:38;3718;93;22.5;27.2;2.467;1.890;1.416;2.664;0.129;1.403;3719
B31558;2015/02/25 01:45:47;3719;80;29.0;27.7;2.545;1.890;1.370;2.664;0.129;1.383;3720
B31558;2015/02/25 01:45:58;3720;83;26.4;27.2;2.425;1.919;1.370;2.664;0.135;1.396;3721
B31558;2015/02/25 01:46:07;3721;82;27.4;27.6;2.677;1.919;1.416;2.664;0.135;1.341;3722
B31558;2015/02/25 01:46:18;3722;87;31.6;27.6;2.483;1.883;1.416;2.670;0.135;1.345;3723
B31558;2015/02/25 01:46:27;3723;84;22.9;28.1;2.480;1.883;1.448;2.670;0.135;1.380;3724
B31558;2015/02/25 01:46:38;3724;88;25.8;27.6;2.470;1.893;1.448;2.670;0.135;1.387;3725
B31558;2015/02/25 01:46:47;3725;84;26.1;27.0;2.451;1.893;1.390;2.670;0.135;1.358;3726
B31558;2015/02/25 01:46:58;3726;84;28.3;27.9;2.661;1.929;1.390;2.703;0.135;1.403;3727
B31558;2015/02/25 01:47:07;3727;88;27.7;27.4;2.699;1.929;1.448;2.703;0.135;1.380;3728
B31558;2015/02/25 01:47:18;3728;82;22.5;27.6;2.429;1.896;1.448;2.703;0.129;1.393;3729
B31558;2015/02/25 01:47:27;3729;78;22.5;27.9;2.467;1.896;1.429;2.703;0.129;1.354;3730
B31558;2015/02/25 01:47:38;3730;83;28.7;27.0;2.593;1.896;1.429;2.706;0.129;1.354;3731
B31558;2015/02/25 01:47:47;3731;84;21.9;27.7;2.474;1.896;1.441;2.706;0.129;1.345;3732
B31558;2015/02/25 01:47:58;3732;86;21.9;27.6;2.429;1.880;1.441;2.706;0.135;1.361;3733
B31558;2015/02/25 01:48:07;3733;81;23.8;27.2;2.629;1.880;1.370;2.706;0.135;1.383;3734
B31558;2015/02/25 01:48:18;3734;79;26.4;27.2;2.477;1.896;1.370;2.680;0.135;1.354;3735
B31558;2015/02/25 01:48:27;3735;92;22.9;27.7;2.480;1.896;1.374;2.680;0.135;1.396;3736
B31558;2015/02/25 01:48:38;3736;92;25.1;26.7;2.690;1.903;1.374;2.680;0.190;1.380;3737
B31558;2015/02/25 01:48:47;3737;85;31.9;27.4;2.661;1.903;1.441;2.680;0.190;1.351;3738
B31558;2015/02/25 01:48:58;3738;93;29.6;27.2;2.577;1.890;1.441;2.661;0.190;1.390;3739
B31558;2015/02/25 01:49:07;3739;78;26.1;27.4;2.435;1.890;1.432;2.661;0.190;1.345;3740
B31558;2015/02/25 01:49:18;3740;93;31.9;27.0;2.516;1.903;1.432;2.661;0.232;1.396;3741
B31558;2015/02/25 01:49:27;3741;79;23.8;27.2;2.506;1.903;1.432;2.661;0.232;1.354;3742
B31558;2015/02/25 01:49:38;3742;88;32.2;27.2;2.551;1.906;1.432;2.661;0.232;1.377;3743
B31558;2015/02/25 01:49:47;3743;92;33.2;26.7;2.445;1.906;1.390;2.661;0.232;1.387;3744
B31558;2015/02/25 01:49:58;3744;84;24.1;27.6;2.438;1.925;1.390;2.661;0.135;1.387;3745
B31558;2015/02/25 01:50:07;3745;89;29.0;27.6;2.545;1.925;1.370;2.661;0.135;1.367;3746
B31558;2015/02/25 01:50:18;3746;85;24.1;27.6;2.448;1.880;1.370;2.654;0.135;1.361;3747
B31558;2015/02/25 01:50:27;3747;83;22.2;27.7;2.583;1.880;1.377;2.654;0.135;1.354;3748
B31558;2015/02/25 01:50:38;3748;93;25.1;27.6;2.596;1.929;1.377;2.654;0.122;1.399;3749
B31558;2015/02/25 01:50:47;3749;85;25.8;27.4;2.441;1.929;1.370;2.654;0.122;1.387;3750
B31558;2015/02/25 01:50:58;3750;82;28.0;26.9;2.670;1.903;1.370;2.683;0.122;1.367;3751
B31558;2015/02/25 01:51:07;3751;84;27.7;27.4;2.677;1.903;1.419;2.683;0.122;1.403;3752
B31558;2015/02/25 01:51:18;3752;84;32.5;27.2;2.616;1.880;1.419;2.683;0.122;1.393;3753
B31558;2015/02/25 01:51:27;3753;90;27.7;26.9;2.609;1.880;1.435;2.683;0.122;1.406;3754
B31558;2015/02/25 01:51:38;3754;91;25.1;27.2;2.464;1.890;1.435;2.696;0.122;1.403;3755
B31558;2015/02/25 01:51:47;3755;85;31.2;27.0;2.616;1.890;1.387;2.696;0.122;1.393;3756
B31558;2015/02/25 01:51:58;3756;91;33.2;27.6;2.454;1.880;1.387;2.696;0.267;1.393;3757
B31558;2015/02/25 01:52:07;3757;81;28.0;27.4;2.664;1.880;1.429;2.696;0.267;1.380;3758
B31558;2015/02/25 01:52:18;3758;91;27.0;27.2;2.445;1.880;1.429;2.664;0.267;1.358;3759
B31558;2015/02/25 01:52:27;3759;89;26.1;26.3;2.467;1.880;1.438;2.664;0.267;1.403;3760
B31558;2015/02/25 01:52:38;3760;85;28.0;27.0;2.512;1.896;1.438;2.664;0.183;1.367;3761
B31558;2015/02/25 01:52:47;3761;74;25.1;26.7;2.577;1.896;1.377;2.664;0.183;1.374;3762
B31558;2015/02/25 01:52:58;3762;86;25.8;26.7;2.696;1.912;1.377;2.664;0.183;1.370;3763
B31558;2015/02/25 01:53:07;3763;84;29.3;26.7;2.690;1.912;1.438;2.664;0.183;1.377;3764
B31558;2015/02/25 01:53:18;3764;81;25.1;27.0;2.461;1.900;1.438;2.664;0.122;1.403;3765
B31558;2015/02/25 01:53:27;3765;92;30.6;27.4;2.583;1.900;1.374;2.664;0.122;1.354;3766
B31558;2015/02/25 01:53:38;3766;89;31.6;27.4;2.441;1.906;1.374;2.696;0.122;1.364;3767
B31558;2015/02/25 01:53:47;3767;85;24.8;27.6;2.441;1.906;1.380;2.696;0.122;1.383;3768
B31558;2015/02/25 01:53:58;3768;88;23.8;26.7;2.670;1.906;1.380;2.696;0.209;1.390;3769
B31558;2015/02/25 01:54:07;3769;73;24.8;27.6;2.445;1.906;1.393;2.696;0.209;1.351;3770
B31558;2015/02/25 01:54:18;3770;94;25.1;26.5;2.696;1.912;1.393;2.664;0.209;1.351;3771
B31558;2015/02/25 01:54:27;3771;88;27.7;27.2;2.422;1.912;1.377;2.664;0.209;1.374;3772
B31558;2015/02/25 01:54:38;3772;80;27.4;27.6;2.506;1.890;1.377;2.664;0.125;1.358;3773
B31558;2015/02/25 01:54:47;3773;85;21.9;27.0;2.429;1.890;1.403;2.664;0.125;1.341;3774
B31558;2015/02/25 01:54:58;3774;88;32.5;27.0;2.696;1.883;1.403;2.706;0.125;1.390;3775
B31558;2015/02/25 01:55:07;3775;78;22.2;28.4;2.435;1.883;1.416;2.706;0.125;1.364;3776
B31558;2015/02/25 01:55:18;3776;91;22.5;27.2;2.419;1.912;1.416;2.706;0.129;1.351;3777
B31558;2015/02/25 01:55:27;3777;83;23.5;27.7;2.558;1.912;1.393;2.706;0.129;1.367;3778
B31558;2015/02/25 01:55:38;3778;83;29.3;27.0;2.667;1.916;1.393;2.661;0.129;1.383;3779
B31558;2015/02/25 01:55:47;3779;87;21.6;27.4;2.425;1.916;1.419;2.661;0.129;1.351;3780
B31558;2015/02/25 01:55:58;3780;94;33.2;27.9;2.616;1.893;1.419;2.661;0.129;1.341;3781
B31558;2015/02/25 01:56:07;3781;74;24.1;27.9;2.654;1.893;1.374;2.661;0.129;1.345;3782
B31558;2015/02/25 01:56:18;3782;87;25.4;26.5;2.432;1.906;1.374;2.712;0.129;1.374;3783
B31558;2015/02/25 01:56:27;3783;93;29.6;27.2;2.451;1.906;1.448;2.712;0.129;1.387;3784
B31558;2015/02/25 01:56:38;3784;84;31.6;27.6;2.658;1.893;1.448;2.712;0.138;1.370;3785
B31558;2015/02/25 01:56:47;3785;82;28.0;27.4;2.622;1.893;1.387;2.712;0.138;1.377;3786
