B315F1;2015/02/26 00:00:03;20158;93;30.3;28.6;2.590;2.022;1.458;2.964;0.119;1.583;20159
B315F1;2015/02/26 00:00:12;20159;87;28.7;28.1;2.693;2.022;1.429;2.964;0.119;1.625;20160
B315F1;2015/02/26 00:00:23;20160;82;31.2;28.8;2.783;2.041;1.429;2.964;0.122;1.599;20161
B315F1;2015/02/26 00:00:32;20161;89;28.7;27.4;2.567;2.041;1.441;2.964;0.122;1.580;20162
B315F1;2015/02/26 00:00:43;20162;87;27.7;27.4;2.693;2.045;1.441;2.954;0.122;1.629;20163
B315F1;2015/02/26 00:00:52;20163;89;28.0;27.4;2.587;2.045;1.445;2.954;0.122;1.609;20164
B315F1;2015/02/26 00:01:03;20164;83;28.3;28.3;2.677;2.051;1.445;2.954;0.129;1.622;20165
B315F1;2015/02/26 00:01:12;20165;88;31.2;27.9;2.654;2.051;1.496;2.954;0.129;1.593;20166
B315F1;2015/02/26 00:01:23;20166;83;33.8;28.3;2.567;2.054;1.496;2.961;0.129;1.599;20167
B315F1;2015/02/26 00:01:32;20167;78;27.0;28.4;2.799;2.054;1.445;2.961;0.129;1.590;20168
B315F1;2015/02/26 00:01:43;20168;87;29.6;28.3;2.654;2.064;1.445;2.961;0.183;1.590;20169
B315F1;2015/02/26 00:01:52;20169;84;33.2;28.3;2.745;2.064;1.445;2.961;0.183;1.567;20170
B315F1;2015/02/26 00:02:03;20170;93;28.3;28.3;2.767;2.051;1.445;2.909;0.183;1.619;20171
B315F1;2015/02/26 00:02:12;20171;83;32.2;27.9;2.567;2.051;1.470;2.909;0.183;1.577;20172
B315F1;2015/02/26 00:02:23;20172;88;31.9;28.1;2.664;2.025;1.470;2.909;0.129;1.577;20173
B315F1;2015/02/26 00:02:32;20173;88;30.9;27.9;2.590;2.025;1.458;2.909;0.129;1.580;20174
B315F1;2015/02/26 00:02:43;20174;91;28.3;28.3;2.606;2.025;1.458;2.929;0.129;1.593;20175
B315F1;2015/02/26 00:02:52;20175;78;33.5;27.9;2.719;2.025;1.451;2.929;0.129;1.609;20176
B315F1;2015/02/26 00:03:03;20176;88;32.9;28.4;2.561;2.061;1.451;2.929;0.116;1.625;20177
B315F1;2015/02/26 00:03:12;20177;87;31.2;27.6;2.625;2.061;1.477;2.929;0.116;1.612;20178
B315F1;2015/02/26 00:03:23;20178;84;30.3;27.7;2.574;2.054;1.477;2.919;0.116;1.577;20179
B315F1;2015/02/26 00:03:32;20179;84;32.2;27.6;2.787;2.054;1.480;2.919;0.116;1.567;20180
B315F1;2015/02/26 00:03:43;20180;91;27.7;27.9;2.774;2.054;1.480;2.919;0.119;1.577;20181
B315F1;2015/02/26 00:03:52;20181;88;29.0;28.8;2.596;2.054;1.496;2.919;0.119;1.629;20182
B315F1;2015/02/26 00:04:03;20182;93;27.7;27.6;2.574;2.025;1.496;2.954;0.119;1.599;20183
B315F1;2015/02/26 00:04:12;20183;83;34.8;28.1;2.680;2.025;1.480;2.954;0.119;1.577;20184
B315F1;2015/02/26 00:04:23;20184;82;28.0;28.1;2.606;2.045;1.480;2.954;0.170;1.590;20185
B315F1;2015/02/26 00:04:32;20185;86;34.8;27.9;2.622;2.045;1.470;2.954;0.170;1.603;20186
B315F1;2015/02/26 00:04:43;20186;81;31.2;28.3;2.719;2.032;1.470;2.948;0.170;1.596;20187
B315F1;2015/02/26 00:04:52;20187;86;30.0;27.7;2.787;2.032;1.435;2.948;0.170;1.593;20188
B315F1;2015/02/26 00:05:03;20188;88;31.2;28.6;2.709;2.064;1.435;2.948;0.138;1.583;20189
B315F1;2015/02/26 00:05:12;20189;89;31.6;27.6;2.683;2.064;1.435;2.948;0.138;1.625;20190
B315F1;2015/02/26 00:05:23;20190;79;29.6;27.9;2.580;2.041;1.435;2.919;0.138;1.629;20191
B315F1;2015/02/26 00:05:32;20191;87;31.9;28.3;2.799;2.041;1.438;2.919;0.138;1.596;20192
B315F1;2015/02/26 00:05:43;20192;87;31.2;28.3;2.587;2.025;1.438;2.919;0.116;1.596;20193
B315F1;2015/02/26 00:05:52;20193;89;28.0;27.9;2.612;2.025;1.490;2.919;0.116;1.609;20194
B315F1;2015/02/26 00:06:03;20194;84;32.5;28.4;2.580;2.035;1.490;2.912;0.116;1.587;20195
B315F1;2015/02/26 00:06:12;20195;84;31.2;28.1;2.583;2.035;1.458;2.912;0.116;1.577;20196
B315F1;2015/02/26 00:06:23;20196;93;30.9;28.1;2.758;2.025;1.458;2.912;0.203;1.590;20197
B315F1;2015/02/26 00:06:32;20197;80;30.6;27.6;2.632;2.025;1.445;2.912;0.203;1.599;20198
B315F1;2015/02/26 00:06:43;20198;93;33.2;28.4;2.590;2.035;1.445;2.958;0.203;1.616;20199
B315F1;2015/02/26 00:06:52;20199;85;33.2;28.3;2.783;2.035;1.500;2.958;0.203;1.590;20200
B315F1;2015/02/26 00:07:03;20200;90;29.3;28.4;2.790;2.038;1.500;2.958;0.119;1.625;20201
B315F1;2015/02/26 00:07:12;20201;81;27.4;28.3;2.574;2.038;1.438;2.958;0.119;1.603;20202
B315F1;2015/02/26 00:07:23;20202;83;28.3;27.7;2.767;2.070;1.438;2.906;0.119;1.593;20203
B315F1;2015/02/26 00:07:32;20203;85;31.2;27.6;2.648;2.070;1.480;2.906;0.119;1.612;20204
B315F1;2015/02/26 00:07:43;20204;78;32.5;27.9;2.583;2.061;1.480;2.906;0.125;1.574;20205
B315F1;2015/02/26 00:07:52;20205;87;28.3;28.1;2.564;2.061;1.477;2.906;0.125;1.606;20206
B315F1;2015/02/26 00:08:03;20206;86;28.3;28.3;2.590;2.041;1.477;2.916;0.125;1.590;20207
B315F1;2015/02/26 00:08:12;20207;85;34.5;27.4;2.587;2.041;1.496;2.916;0.125;1.632;20208
B315F1;2015/02/26 00:08:23;20208;87;31.9;28.6;2.693;2.070;1.496;2.916;0.138;1.587;20209
B315F1;2015/02/26 00:08:32;20209;89;27.7;28.6;2.587;2.070;1.496;2.916;0.138;1.622;20210
B315F1;2015/02/26 00:08:43;20210;88;30.3;28.1;2.774;2.032;1.496;2.948;0.138;1.570;20211
B315F1;2015/02/26 00:08:52;20211;89;30.9;28.1;2.754;2.032;1.477;2.948;0.138;1.590;20212
B315F1;2015/02/26 00:09:03;20212;93;29.6;28.3;2.690;2.029;1.477;2.948;0.164;1.622;20213
B315F1;2015/02/26 00:09:12;20213;88;30.3;27.7;2.654;2.029;1.500;2.948;0.164;1.574;20214
B315F1;2015/02/26 00:09:23;20214;83;27.7;27.4;2.790;2.032;1.500;2.929;0.164;1.616;20215
B315F1;2015/02/26 00:09:32;20215;89;28.0;27.7;2.758;2.032;1.458;2.929;0.164;1.612;20216
B315F1;2015/02/26 00:09:43;20216;87;32.5;28.1;2.554;2.048;1.458;2.929;0.119;1.619;20217
B315F1;2015/02/26 00:09:52;20217;88;30.0;27.7;2.738;2.048;1.438;2.929;0.119;1.609;20218
B315F1;2015/02/26 00:10:03;20218;91;32.5;28.4;2.770;2.035;1.438;2.948;0.119;1.609;20219
B315F1;2015/02/26 00:10:12;20219;90;30.9;28.3;2.580;2.035;1.464;2.948;0.119;1.612;20220
B315F1;2015/02/26 00:10:23;20220;77;30.0;28.1;2.777;2.029;1.464;2.948;0.116;1.570;20221
B315F1;2015/02/26 00:10:32;20221;89;34.8;27.6;2.674;2.029;1.441;2.948;0.116;1.570;20222
B315F1;2015/02/26 00:10:43;20222;91;29.6;28.3;2.658;2.041;1.441;2.912;0.116;1.583;20223
B315F1;2015/02/26 00:10:52;20223;75;33.2;28.6;2.787;2.041;1.451;2.912;0.116;1.609;20224
B315F1;2015/02/26 00:11:03;20224;91;31.2;27.7;2.561;2.038;1.451;2.912;0.125;1.580;20225
B315F1;2015/02/26 00:11:12;20225;93;33.8;27.9;2.612;2.038;1.480;2.912;0.125;1.609;20226
B315F1;2015/02/26 00:11:23;20226;91;29.6;27.7;2.561;2.041;1.480;2.954;0.125;1.606;20227
B315F1;2015/02/26 00:11:32;20227;88;31.2;27.7;2.751;2.041;1.451;2.954;0.125;1.583;20228
B315F1;2015/02/26 00:11:43;20228;81;33.2;28.4;2.590;2.051;1.451;2.954;0.248;1.622;20229
B315F1;2015/02/26 00:11:52;20229;76;30.6;27.4;2.625;2.051;1.458;2.954;0.248;1.622;20230
B315F1;2015/02/26 00:12:03;20230;92;28.3;28.1;2.767;2.067;1.458;2.961;0.248;1.574;20231
B315F1;2015/02/26 00:12:12;20231;84;27.7;28.1;2.635;2.067;1.458;2.961;0.248;1.599;20232
B315F1;2015/02/26 00:12:23;20232;94;30.3;28.1;2.751;2.070;1.458;2.961;0.129;1.574;20233
B315F1;2015/02/26 00:12:32;20233;87;28.3;28.3;2.761;2.070;1.438;2.961;0.129;1.622;20234
B315F1;2015/02/26 00:12:43;20234;84;30.6;28.3;2.590;2.070;1.438;2.958;0.129;1.587;20235
B315F1;2015/02/26 00:12:52;20235;84;30.3;27.9;2.616;2.070;1.441;2.958;0.129;1.612;20236
B315F1;2015/02/26 00:13:03;20236;93;27.7;27.7;2.790;2.067;1.441;2.958;0.119;1.609;20237
B315F1;2015/02/26 00:13:12;20237;89;33.8;27.7;2.674;2.067;1.438;2.958;0.119;1.593;20238
B315F1;2015/02/26 00:13:23;20238;85;28.3;28.6;2.670;2.070;1.438;2.964;0.119;1.583;20239
B315F1;2015/02/26 00:13:32;20239;90;29.3;28.6;2.603;2.070;1.493;2.964;0.119;1.609;20240
B315F1;2015/02/26 00:13:43;20240;95;33.2;27.9;2.699;2.035;1.493;2.964;0.190;1.590;20241
B315F1;2015/02/26 00:13:52;20241;84;30.3;27.6;2.635;2.035;1.451;2.964;0.190;1.593;20242
B315F1;2015/02/26 00:14:03;20242;83;29.6;28.1;2.561;2.058;1.451;2.929;0.190;1.580;20243
B315F1;2015/02/26 00:14:12;20243;91;31.6;28.4;2.600;2.058;1.438;2.929;0.190;1.567;20244
B315F1;2015/02/26 00:14:23;20244;80;31.6;28.6;2.638;2.045;1.438;2.929;0.122;1.577;20245
B315F1;2015/02/26 00:14:32;20245;83;34.5;28.1;2.625;2.045;1.441;2.929;0.122;1.558;20246
B315F1;2015/02/26 00:14:43;20246;93;30.9;28.4;2.641;2.064;1.441;2.929;0.122;1.564;20247
B315F1;2015/02/26 00:14:52;20247;83;29.6;29.1;2.606;2.064;1.480;2.929;0.122;1.574;20248
B315F1;2015/02/26 00:15:03;20248;91;30.9;28.3;2.600;2.035;1.480;2.929;0.125;1.583;20249
B315F1;2015/02/26 00:15:12;20249;80;29.0;28.3;2.738;2.035;1.464;2.929;0.125;1.596;20250
B315F1;2015/02/26 00:15:23;20250;83;32.5;28.3;2.606;2.074;1.464;2.951;0.125;1.599;20251
B315F1;2015/02/26 00:15:32;20251;89;27.7;28.4;2.799;2.074;1.490;2.951;0.125;1.599;20252
B315F1;2015/02/26 00:15:43;20252;92;34.5;28.6;2.600;2.074;1.490;2.951;0.170;1.590;20253
B315F1;2015/02/26 00:15:52;20253;89;30.9;28.6;2.574;2.074;1.438;2.951;0.170;1.577;20254
B315F1;2015/02/26 00:16:03;20254;95;28.3;27.6;2.790;2.041;1.438;2.929;0.170;1.567;20255
B315F1;2015/02/26 00:16:12;20255;89;32.5;28.6;2.590;2.041;1.458;2.929;0.170;1.612;20256
B315F1;2015/02/26 00:16:23;20256;94;33.5;28.3;2.577;2.064;1.458;2.929;0.122;1.599;20257
B315F1;2015/02/26 00:16:32;20257;83;34.1;27.9;2.793;2.064;1.441;2.929;0.122;1.590;20258
B315F1;2015/02/26 00:16:43;20258;93;28.3;27.9;2.764;2.070;1.441;2.954;0.122;1.587;20259
B315F1;2015/02/26 00:16:52;20259;87;29.0;28.3;2.616;2.070;1.441;2.954;0.122;1.577;20260
B315F1;2015/02/26 00:17:03;20260;84;30.9;27.7;2.761;2.032;1.441;2.954;0.119;1.619;20261
B315F1;2015/02/26 00:17:12;20261;84;29.0;28.1;2.600;2.032;1.454;2.954;0.119;1.599;20262
B315F1;2015/02/26 00:17:23;20262;91;31.6;28.1;2.738;2.067;1.454;2.932;0.119;1.596;20263
B315F1;2015/02/26 00:17:32;20263;80;30.0;27.9;2.758;2.067;1.435;2.932;0.119;1.606;20264
B315F1;2015/02/26 00:17:43;20264;86;32.9;28.6;2.641;2.054;1.435;2.932;0.170;1.593;20265
B315F1;2015/02/26 00:17:52;20265;87;34.5;27.6;2.774;2.054;1.445;2.932;0.170;1.590;20266
B315F1;2015/02/26 00:18:03;20266;87;33.8;28.4;2.587;2.070;1.445;2.958;0.170;1.593;20267
B315F1;2015/02/26 00:18:12;20267;94;31.2;27.9;2.722;2.070;1.441;2.958;0.170;1.577;20268
B315F1;2015/02/26 00:18:23;20268;90;28.3;27.9;2.767;2.067;1.441;2.958;0.141;1.580;20269
B315F1;2015/02/26 00:18:32;20269;75;32.9;27.7;2.793;2.067;1.467;2.958;0.141;1.593;20270
B315F1;2015/02/26 00:18:43;20270;88;30.6;28.1;2.687;2.064;1.467;2.922;0.141;1.574;20271
B315F1;2015/02/26 00:18:52;20271;83;31.2;27.7;2.680;2.064;1.467;2.922;0.141;1.609;20272
B315F1;2015/02/26 00:19:03;20272;79;30.0;28.4;2.574;2.051;1.467;2.922;0.122;1.574;20273
B315F1;2015/02/26 00:19:12;20273;83;27.4;28.4;2.799;2.051;1.467;2.922;0.122;1.616;20274
B315F1;2015/02/26 00:19:23;20274;84;30.0;28.4;2.577;2.038;1.467;2.954;0.122;1.596;20275
B315F1;2015/02/26 00:19:32;20275;83;30.0;27.9;2.587;2.038;1.438;2.954;0.122;1.587;20276
B315F1;2015/02/26 00:19:43;20276;90;28.3;28.4;2.561;2.061;1.438;2.954;0.174;1.619;20277
B315F1;2015/02/26 00:19:52;20277;88;32.5;27.7;2.632;2.061;1.438;2.954;0.174;1.574;20278
B315F1;2015/02/26 00:20:03;20278;88;31.2;28.3;2.712;2.067;1.438;2.929;0.174;1.570;20279
B315F1;2015/02/26 00:20:12;20279;93;33.8;27.9;2.603;2.067;1.470;2.929;0.174;1.593;20280
B315F1;2015/02/26 00:20:23;20280;85;28.0;28.3;2.716;2.054;1.470;2.929;0.122;1.561;20281
B315F1;2015/02/26 00:20:32;20281;93;30.0;28.4;2.751;2.054;1.493;2.929;0.122;1.593;20282
B315F1;2015/02/26 00:20:43;20282;88;34.5;27.9;2.693;2.077;1.493;2.925;0.122;1.622;20283
B315F1;2015/02/26 00:20:52;20283;85;29.0;28.3;2.761;2.077;1.490;2.925;0.122;1.577;20284
B315F1;2015/02/26 00:21:03;20284;94;27.7;28.1;2.787;2.064;1.490;2.925;0.158;1.583;20285
B315F1;2015/02/26 00:21:12;20285;88;33.5;27.6;2.674;2.064;1.448;2.925;0.158;1.551;20286
B315F1;2015/02/26 00:21:23;20286;83;33.2;28.8;2.735;2.058;1.448;2.951;0.158;1.599;20287
B315F1;2015/02/26 00:21:32;20287;91;31.9;27.6;2.674;2.058;1.458;2.951;0.158;1.567;20288
B315F1;2015/02/26 00:21:43;20288;83;31.6;28.1;2.735;2.067;1.458;2.951;0.177;1.599;20289
B315F1;2015/02/26 00:21:52;20289;90;30.9;28.3;2.780;2.067;1.441;2.951;0.177;1.574;20290
B315F1;2015/02/26 00:22:03;20290;88;27.7;28.1;2.741;2.074;1.441;2.974;0.177;1.616;20291
B315F1;2015/02/26 00:22:12;20291;79;28.7;28.6;2.587;2.074;1.454;2.974;0.177;1.596;20292
B315F1;2015/02/26 00:22:23;20292;91;29.0;28.1;2.580;2.051;1.454;2.974;0.116;1.599;20293
B315F1;2015/02/26 00:22:32;20293;81;32.5;28.8;2.587;2.051;1.445;2.974;0.116;1.593;20294
B315F1;2015/02/26 00:22:43;20294;87;33.5;27.9;2.680;2.067;1.445;2.932;0.116;1.570;20295
B315F1;2015/02/26 00:22:52;20295;90;34.8;28.3;2.793;2.067;1.445;2.932;0.116;1.577;20296
B315F1;2015/02/26 00:23:03;20296;87;31.2;28.6;2.603;2.077;1.445;2.932;0.125;1.606;20297
B315F1;2015/02/26 00:23:12;20297;93;33.2;27.9;2.590;2.077;1.490;2.932;0.125;1.580;20298
B315F1;2015/02/26 00:23:23;20298;91;28.3;27.9;2.567;2.038;1.490;2.932;0.125;1.580;20299
B315F1;2015/02/26 00:23:32;20299;92;33.2;28.1;2.799;2.038;1.454;2.932;0.125;1.619;20300
B315F1;2015/02/26 00:23:43;20300;92;28.3;27.7;2.767;2.045;1.454;2.932;0.116;1.583;20301
B315F1;2015/02/26 00:23:52;20301;91;30.0;28.1;2.648;2.045;1.445;2.932;0.116;1.629;20302
B315F1;2015/02/26 00:24:03;20302;94;29.3;28.4;2.567;2.035;1.445;2.941;0.116;1.609;20303
B315F1;2015/02/26 00:24:12;20303;83;30.0;27.9;2.590;2.035;1.445;2.941;0.116;1.596;20304
B315F1;2015/02/26 00:24:23;20304;93;33.2;28.3;2.580;2.045;1.445;2.941;0.122;1.599;20305
B315F1;2015/02/26 00:24:32;20305;77;27.7;28.3;2.574;2.045;1.461;2.941;0.122;1.577;20306
B315F1;2015/02/26 00:24:43;20306;90;33.8;27.9;2.664;2.038;1.461;2.938;0.122;1.590;20307
B315F1;2015/02/26 00:24:52;20307;83;31.2;27.4;2.587;2.038;1.454;2.938;0.122;1.609;20308
B315F1;2015/02/26 00:25:03;20308;85;31.2;28.3;2.729;2.077;1.454;2.938;0.122;1.593;20309
B315F1;2015/02/26 00:25:12;20309;88;27.0;28.4;2.774;2.077;1.454;2.938;0.122;1.577;20310
B315F1;2015/02/26 00:25:23;20310;84;28.0;28.1;2.583;2.048;1.454;2.932;0.122;1.616;20311
B315F1;2015/02/26 00:25:32;20311;88;31.9;28.3;2.799;2.048;1.490;2.932;0.122;1.587;20312
B315F1;2015/02/26 00:25:43;20312;88;34.5;28.1;2.709;2.038;1.490;2.932;0.129;1.596;20313
B315F1;2015/02/26 00:25:52;20313;88;31.9;27.6;2.693;2.038;1.445;2.932;0.129;1.599;20314
B315F1;2015/02/26 00:26:03;20314;87;31.9;28.4;2.574;2.074;1.445;2.922;0.129;1.632;20315
B315F1;2015/02/26 00:26:12;20315;83;34.1;27.9;2.654;2.074;1.445;2.922;0.129;1.577;20316
B315F1;2015/02/26 00:26:23;20316;85;33.8;28.3;2.738;2.067;1.445;2.922;0.170;1.629;20317
B315F1;2015/02/26 00:26:32;20317;88;31.2;28.3;2.793;2.067;1.441;2.922;0.170;1.625;20318
B315F1;2015/02/26 00:26:43;20318;84;31.2;28.4;2.725;2.038;1.441;2.925;0.170;1.596;20319
B315F1;2015/02/26 00:26:52;20319;84;29.0;28.1;2.687;2.038;1.441;2.925;0.170;1.616;20320
B315F1;2015/02/26 00:27:03;20320;90;28.0;28.1;2.745;2.054;1.441;2.925;0.116;1.603;20321
B315F1;2015/02/26 00:27:12;20321;87;29.0;27.9;2.745;2.054;1.448;2.925;0.116;1.593;20322
B315F1;2015/02/26 00:27:23;20322;83;29.6;27.4;2.690;2.045;1.448;2.958;0.116;1.583;20323
B315F1;2015/02/26 00:27:32;20323;87;31.9;27.6;2.687;2.045;1.493;2.958;0.116;1.596;20324
B315F1;2015/02/26 00:27:43;20324;85;31.9;28.3;2.758;2.061;1.493;2.958;0.122;1.603;20325
B315F1;2015/02/26 00:27:52;20325;78;27.4;28.1;2.677;2.061;1.448;2.958;0.122;1.606;20326
B315F1;2015/02/26 00:28:03;20326;84;30.9;28.3;2.758;2.041;1.448;2.919;0.122;1.619;20327
B315F1;2015/02/26 00:28:12;20327;79;28.0;28.1;2.780;2.041;1.461;2.919;0.122;1.609;20328
B315F1;2015/02/26 00:28:23;20328;87;30.0;28.1;2.648;2.054;1.461;2.919;0.129;1.590;20329
B315F1;2015/02/26 00:28:32;20329;88;31.9;27.9;2.732;2.054;1.487;2.919;0.129;1.570;20330
B315F1;2015/02/26 00:28:43;20330;93;31.9;28.3;2.719;2.067;1.487;2.961;0.129;1.587;20331
B315F1;2015/02/26 00:28:52;20331;91;29.6;28.3;2.774;2.067;1.500;2.961;0.129;1.619;20332
B315F1;2015/02/26 00:29:03;20332;92;28.7;28.3;2.658;2.064;1.500;2.961;0.132;1.596;20333
B315F1;2015/02/26 00:29:12;20333;88;33.5;27.2;2.658;2.064;1.445;2.961;0.132;1.622;20334
B315F1;2015/02/26 00:29:23;20334;83;32.2;28.3;2.667;2.064;1.445;2.967;0.132;1.570;20335
B315F1;2015/02/26 00:29:32;20335;79;29.0;28.4;2.716;2.064;1.445;2.967;0.132;1.629;20336
B315F1;2015/02/26 00:29:43;20336;86;28.3;28.1;2.593;2.041;1.445;2.967;0.122;1.593;20337
B315F1;2015/02/26 00:29:52;20337;91;33.5;27.7;2.696;2.041;1.454;2.967;0.122;1.593;20338
B315F1;2015/02/26 00:30:03;20338;85;30.9;28.1;2.751;2.080;1.454;2.974;0.122;1.622;20339
B315F1;2015/02/26 00:30:12;20339;88;32.5;27.9;2.770;2.080;1.445;2.974;0.122;1.583;20340
B315F1;2015/02/26 00:30:23;20340;92;31.2;27.9;2.580;2.038;1.445;2.974;0.138;1.612;20341
B315F1;2015/02/26 00:30:32;20341;87;28.3;28.4;2.799;2.038;1.448;2.974;0.138;1.587;20342
B315F1;2015/02/26 00:30:43;20342;89;27.7;27.9;2.574;2.083;1.448;2.974;0.138;1.587;20343
B315F1;2015/02/26 00:30:52;20343;83;31.9;27.7;2.738;2.083;1.500;2.974;0.138;1.609;20344
B315F1;2015/02/26 00:31:03;20344;94;30.9;27.7;2.783;2.045;1.500;2.974;0.209;1.599;20345
B315F1;2015/02/26 00:31:12;20345;87;28.7;28.8;2.587;2.045;1.448;2.974;0.209;1.612;20346
B315F1;2015/02/26 00:31:23;20346;82;27.7;28.3;2.767;2.067;1.448;2.925;0.209;1.587;20347
B315F1;2015/02/26 00:31:32;20347;87;29.6;28.4;2.603;2.067;1.470;2.925;0.209;1.593;20348
B315F1;2015/02/26 00:31:43;20348;82;31.2;27.9;2.606;2.041;1.470;2.925;0.129;1.577;20349
B315F1;2015/02/26 00:31:52;20349;87;27.7;28.4;2.793;2.041;1.474;2.925;0.129;1.583;20350
B315F1;2015/02/26 00:32:03;20350;88;33.8;28.3;2.567;2.051;1.474;2.932;0.129;1.612;20351
B315F1;2015/02/26 00:32:12;20351;83;32.5;28.3;2.732;2.051;1.448;2.932;0.129;1.616;20352
B315F1;2015/02/26 00:32:23;20352;89;33.2;28.3;2.690;2.058;1.448;2.932;0.119;1.622;20353
B315F1;2015/02/26 00:32:32;20353;84;32.2;27.9;2.580;2.058;1.496;2.932;0.119;1.606;20354
B315F1;2015/02/26 00:32:43;20354;88;31.2;28.3;2.600;2.080;1.496;2.945;0.119;1.593;20355
B315F1;2015/02/26 00:32:52;20355;89;32.5;27.4;2.667;2.080;1.493;2.945;0.119;1.606;20356
B315F1;2015/02/26 00:33:03;20356;85;28.7;28.1;2.554;2.054;1.493;2.945;0.132;1.580;20357
B315F1;2015/02/26 00:33:12;20357;86;30.6;27.7;2.751;2.054;1.461;2.945;0.132;1.574;20358
B315F1;2015/02/26 00:33:23;20358;84;32.2;27.6;2.764;2.067;1.461;2.935;0.132;1.590;20359
B315F1;2015/02/26 00:33:32;20359;85;29.3;27.7;2.603;2.067;1.445;2.935;0.132;1.567;20360
B315F1;2015/02/26 00:33:43;20360;86;29.6;28.3;2.783;2.067;1.445;2.935;0.190;1.603;20361
B315F1;2015/02/26 00:33:52;20361;89;30.0;27.9;2.793;2.067;1.464;2.935;0.190;1.587;20362
B315F1;2015/02/26 00:34:03;20362;89;30.9;27.4;2.683;2.041;1.464;2.974;0.190;1.596;20363
B315F1;2015/02/26 00:34:12;20363;75;27.0;28.6;2.564;2.041;1.445;2.974;0.190;1.612;20364
B315F1;2015/02/26 00:34:23;20364;93;28.3;27.9;2.612;2.070;1.445;2.974;0.119;1.603;20365
B315F1;2015/02/26 00:34:32;20365;89;30.0;28.1;2.787;2.070;1.445;2.974;0.119;1.609;20366
B315F1;2015/02/26 00:34:43;20366;86;33.8;28.4;2.567;2.083;1.445;2.964;0.119;1.609;20367
B315F1;2015/02/26 00:34:52;20367;83;27.4;28.4;2.799;2.083;1.467;2.964;0.119;1.606;20368
B315F1;2015/02/26 00:35:03;20368;83;30.3;27.6;2.561;2.045;1.467;2.964;0.161;1.616;20369
B315F1;2015/02/26 00:35:12;20369;89;31.2;27.7;2.648;2.045;1.458;2.964;0.161;1.609;20370
B315F1;2015/02/26 00:35:23;20370;92;30.6;27.9;2.683;2.045;1.458;2.980;0.161;1.596;20371
B315F1;2015/02/26 00:35:32;20371;85;32.9;27.6;2.648;2.045;1.506;2.980;0.161;1.567;20372
B315F1;2015/02/26 00:35:43;20372;92;30.0;28.8;2.683;2.054;1.506;2.980;0.122;1.567;20373
B315F1;2015/02/26 00:35:52;20373;88;31.9;28.3;2.787;2.054;1.496;2.980;0.122;1.564;20374
B315F1;2015/02/26 00:36:03;20374;94;34.5;28.1;2.603;2.045;1.496;2.980;0.122;1.606;20375
B315F1;2015/02/26 00:36:12;20375;91;30.0;28.3;2.799;2.045;1.461;2.980;0.122;1.580;20376
B315F1;2015/02/26 00:36:23;20376;93;33.2;28.1;2.583;2.064;1.461;2.980;0.158;1.619;20377
B315F1;2015/02/26 00:36:32;20377;78;32.9;27.7;2.719;2.064;1.500;2.980;0.158;1.609;20378
B315F1;2015/02/26 00:36:43;20378;80;28.7;28.6;2.574;2.061;1.500;2.932;0.158;1.593;20379
B315F1;2015/02/26 00:36:52;20379;76;30.0;27.9;2.738;2.061;1.464;2.932;0.158;1.593;20380
B315F1;2015/02/26 00:37:03;20380;86;28.3;27.7;2.796;2.058;1.464;2.932;0.116;1.596;20381
B315F1;2015/02/26 00:37:12;20381;79;29.6;27.9;2.735;2.058;1.451;2.932;0.116;1.567;20382
B315F1;2015/02/26 00:37:23;20382;88;27.7;28.3;2.796;2.083;1.451;2.983;0.116;1.596;20383
B315F1;2015/02/26 00:37:32;20383;86;30.3;28.6;2.793;2.083;1.480;2.983;0.116;1.574;20384
B315F1;2015/02/26 00:37:43;20384;82;27.7;27.9;2.580;2.067;1.480;2.983;0.129;1.609;20385
B315F1;2015/02/26 00:37:52;20385;83;29.0;28.8;2.590;2.067;1.493;2.983;0.129;1.616;20386
B315F1;2015/02/26 00:38:03;20386;90;27.7;27.4;2.703;2.061;1.493;2.977;0.129;1.596;20387
B315F1;2015/02/26 00:38:12;20387;86;33.5;27.7;2.709;2.061;1.483;2.977;0.129;1.609;20388
B315F1;2015/02/26 00:38:23;20388;93;31.9;28.1;2.654;2.061;1.483;2.977;0.119;1.593;20389
B315F1;2015/02/26 00:38:32;20389;87;30.9;28.6;2.561;2.061;1.448;2.977;0.119;1.583;20390
B315F1;2015/02/26 00:38:43;20390;88;30.0;28.4;2.580;2.064;1.448;2.941;0.119;1.622;20391
B315F1;2015/02/26 00:38:52;20391;89;32.9;28.1;2.699;2.064;1.477;2.941;0.119;1.606;20392
B315F1;2015/02/26 00:39:03;20392;89;32.5;28.6;2.587;2.083;1.477;2.941;0.122;1.612;20393
B315F1;2015/02/26 00:39:12;20393;85;31.2;27.9;2.635;2.083;1.496;2.941;0.122;1.590;20394
B315F1;2015/02/26 00:39:23;20394;93;34.5;28.1;2.583;2.058;1.496;2.925;0.122;1.619;20395
B315F1;2015/02/26 00:39:32;20395;90;33.8;28.1;2.674;2.058;1.461;2.925;0.122;1.583;20396
B315F1;2015/02/26 00:39:43;20396;86;27.4;27.4;2.712;2.087;1.461;2.925;0.129;1.590;20397
B315F1;2015/02/26 00:39:52;20397;90;33.2;28.3;2.590;2.087;1.480;2.925;0.129;1.616;20398
B315F1;2015/02/26 00:40:03;20398;88;29.6;27.7;2.790;2.070;1.480;2.977;0.129;1.567;20399
B315F1;2015/02/26 00:40:12;20399;77;30.3;27.7;2.629;2.070;1.496;2.977;0.129;1.609;20400
B315F1;2015/02/26 00:40:23;20400;83;28.0;28.6;2.596;2.080;1.496;2.977;0.122;1.625;20401
B315F1;2015/02/26 00:40:32;20401;78;31.9;27.7;2.699;2.080;1.467;2.977;0.122;1.596;20402
B315F1;2015/02/26 00:40:43;20402;94;28.3;27.9;2.790;2.048;1.467;2.964;0.122;1.609;20403
B315F1;2015/02/26 00:40:52;20403;82;27.7;28.8;2.567;2.048;1.516;2.964;0.122;1.606;20404
B315F1;2015/02/26 00:41:03;20404;79;28.3;27.6;2.790;2.080;1.516;2.964;0.148;1.603;20405
B315F1;2015/02/26 00:41:12;20405;88;32.2;27.9;2.780;2.080;1.454;2.964;0.148;1.574;20406
B315F1;2015/02/26 00:41:23;20406;93;28.3;28.1;2.558;2.058;1.454;2.932;0.148;1.596;20407
B315F1;2015/02/26 00:41:32;20407;77;33.5;28.4;2.712;2.058;1.516;2.932;0.148;1.612;20408
B315F1;2015/02/26 00:41:43;20408;94;31.2;28.6;2.587;2.070;1.516;2.932;0.122;1.635;20409
B315F1;2015/02/26 00:41:52;20409;81;33.5;27.6;2.687;2.070;1.454;2.932;0.122;1.587;20410
B315F1;2015/02/26 00:42:03;20410;88;34.8;28.6;2.706;2.064;1.454;2.961;0.122;1.583;20411
B315F1;2015/02/26 00:42:12;20411;88;28.0;27.7;2.629;2.064;1.451;2.961;0.122;1.593;20412
B315F1;2015/02/26 00:42:23;20412;88;29.6;27.7;2.783;2.087;1.451;2.961;0.122;1.593;20413
B315F1;2015/02/26 00:42:32;20413;75;30.6;28.1;2.767;2.087;1.464;2.961;0.122;1.603;20414
B315F1;2015/02/26 00:42:43;20414;86;31.9;28.6;2.712;2.074;1.464;2.974;0.122;1.625;20415
B315F1;2015/02/26 00:42:52;20415;94;28.0;27.4;2.632;2.074;1.500;2.974;0.122;1.612;20416
B315F1;2015/02/26 00:43:03;20416;86;30.9;28.3;2.596;2.045;1.500;2.974;0.132;1.599;20417
B315F1;2015/02/26 00:43:12;20417;84;31.6;28.1;2.799;2.045;1.519;2.974;0.132;1.587;20418
B315F1;2015/02/26 00:43:23;20418;88;27.7;28.3;2.793;2.087;1.519;2.954;0.132;1.596;20419
B315F1;2015/02/26 00:43:32;20419;89;30.6;27.9;2.751;2.087;1.448;2.954;0.132;1.619;20420
B315F1;2015/02/26 00:43:43;20420;93;30.3;28.1;2.561;2.080;1.448;2.954;0.183;1.648;20421
B315F1;2015/02/26 00:43:52;20421;86;32.2;28.1;2.577;2.080;1.451;2.954;0.183;1.609;20422
B315F1;2015/02/26 00:44:03;20422;87;28.3;28.1;2.796;2.087;1.451;2.983;0.183;1.599;20423
B315F1;2015/02/26 00:44:12;20423;79;28.3;28.8;2.674;2.087;1.493;2.983;0.183;1.577;20424
B315F1;2015/02/26 00:44:23;20424;87;29.3;27.9;2.580;2.080;1.493;2.983;0.129;1.645;20425
B315F1;2015/02/26 00:44:32;20425;87;33.8;27.6;2.616;2.080;1.464;2.983;0.129;1.590;20426
B315F1;2015/02/26 00:44:43;20426;85;28.3;27.6;2.787;2.080;1.464;2.948;0.129;1.619;20427
B315F1;2015/02/26 00:44:52;20427;85;30.3;27.9;2.629;2.080;1.448;2.948;0.129;1.590;20428
B315F1;2015/02/26 00:45:03;20428;76;33.8;28.1;2.658;2.080;1.448;2.948;0.151;1.577;20429
B315F1;2015/02/26 00:45:12;20429;88;30.6;28.1;2.764;2.080;1.454;2.948;0.151;1.596;20430
B315F1;2015/02/26 00:45:23;20430;92;32.5;28.4;2.716;2.058;1.454;2.938;0.151;1.616;20431
B315F1;2015/02/26 00:45:32;20431;88;30.9;28.3;2.799;2.058;1.519;2.938;0.151;1.583;20432
B315F1;2015/02/26 00:45:43;20432;85;31.2;28.1;2.590;2.083;1.519;2.938;0.122;1.583;20433
B315F1;2015/02/26 00:45:52;20433;80;27.7;28.8;2.648;2.083;1.454;2.938;0.122;1.612;20434
B315F1;2015/02/26 00:46:03;20434;91;31.6;28.6;2.583;2.064;1.454;2.954;0.122;1.612;20435
B315F1;2015/02/26 00:46:12;20435;93;32.9;27.7;2.722;2.064;1.448;2.954;0.122;1.583;20436
B315F1;2015/02/26 00:46:23;20436;90;30.3;27.9;2.783;2.051;1.448;2.954;0.132;1.577;20437
B315F1;2015/02/26 00:46:32;20437;83;27.7;28.8;2.574;2.051;1.519;2.954;0.132;1.580;20438
B315F1;2015/02/26 00:46:43;20438;85;31.9;28.4;2.609;2.087;1.519;2.954;0.132;1.612;20439
B315F1;2015/02/26 00:46:52;20439;91;31.6;28.3;2.799;2.087;1.480;2.954;0.132;1.616;20440
B315F1;2015/02/26 00:47:03;20440;81;32.2;28.3;2.738;2.087;1.480;2.954;0.122;1.619;20441
B315F1;2015/02/26 00:47:12;20441;86;33.5;27.9;2.687;2.087;1.519;2.954;0.122;1.619;20442
B315F1;2015/02/26 00:47:23;20442;83;30.6;27.7;2.774;2.074;1.519;2.980;0.122;1.593;20443
B315F1;2015/02/26 00:47:32;20443;83;32.5;27.7;2.641;2.074;1.474;2.980;0.122;1.632;20444
B315F1;2015/02/26 00:47:43;20444;83;28.0;28.1;2.725;2.061;1.474;2.980;0.158;1.622;20445
B315F1;2015/02/26 00:47:52;20445;88;27.4;28.1;2.622;2.061;1.487;2.980;0.158;1.609;20446
B315F1;2015/02/26 00:48:03;20446;83;28.3;28.1;2.790;2.090;1.487;2.987;0.158;1.596;20447
B315F1;2015/02/26 00:48:12;20447;74;31.2;27.9;2.735;2.090;1.458;2.987;0.158;1.619;20448
B315F1;2015/02/26 00:48:23;20448;93;34.1;28.3;2.574;2.064;1.458;2.987;0.116;1.622;20449
B315F1;2015/02/26 00:48:32;20449;85;27.7;28.8;2.580;2.064;1.519;2.987;0.116;1.632;20450
B315F1;2015/02/26 00:48:43;20450;85;29.6;28.6;2.625;2.090;1.519;2.990;0.116;1.593;20451
B315F1;2015/02/26 00:48:52;20451;83;31.2;28.3;2.738;2.090;1.506;2.990;0.116;1.612;20452
B315F1;2015/02/26 00:49:03;20452;88;30.6;28.3;2.587;2.090;1.506;2.990;0.122;1.583;20453
B315F1;2015/02/26 00:49:12;20453;87;32.9;27.9;2.699;2.090;1.451;2.990;0.122;1.590;20454
B315F1;2015/02/26 00:49:23;20454;88;29.0;28.3;2.561;2.061;1.451;2.951;0.122;1.583;20455
B315F1;2015/02/26 00:49:32;20455;88;33.2;27.9;2.799;2.061;1.454;2.951;0.122;1.574;20456
B315F1;2015/02/26 00:49:43;20456;89;30.6;28.4;2.590;2.090;1.454;2.951;0.161;1.599;20457
B315F1;2015/02/26 00:49:52;20457;79;28.7;28.9;2.580;2.090;1.519;2.951;0.161;1.590;20458
B315F1;2015/02/26 00:50:03;20458;95;32.9;28.6;2.758;2.058;1.519;2.974;0.161;1.606;20459
B315F1;2015/02/26 00:50:12;20459;83;30.0;27.9;2.787;2.058;1.480;2.974;0.161;1.574;20460
B315F1;2015/02/26 00:50:23;20460;93;31.6;28.3;2.609;2.080;1.480;2.974;0.148;1.629;20461
B315F1;2015/02/26 00:50:32;20461;84;31.6;28.3;2.799;2.080;1.461;2.974;0.148;1.625;20462
B315F1;2015/02/26 00:50:43;20462;93;34.8;28.6;2.580;2.070;1.461;2.967;0.148;1.587;20463
B315F1;2015/02/26 00:50:52;20463;89;30.0;28.8;2.583;2.070;1.506;2.967;0.148;1.590;20464
B315F1;2015/02/26 00:51:03;20464;77;27.7;28.3;2.725;2.087;1.506;2.967;0.122;1.622;20465
B315F1;2015/02/26 00:51:12;20465;86;30.6;27.6;2.758;2.087;1.451;2.967;0.122;1.590;20466
B315F1;2015/02/26 00:51:23;20466;93;33.2;28.3;2.677;2.064;1.451;2.958;0.122;1.616;20467
B315F1;2015/02/26 00:51:32;20467;87;30.0;27.9;2.793;2.064;1.500;2.958;0.122;1.593;20468
B315F1;2015/02/26 00:51:43;20468;93;29.0;28.3;2.616;2.080;1.500;2.958;0.119;1.596;20469
B315F1;2015/02/26 00:51:52;20469;80;27.4;28.1;2.606;2.080;1.454;2.958;0.119;1.622;20470
B315F1;2015/02/26 00:52:03;20470;81;33.8;28.4;2.587;2.083;1.454;2.945;0.119;1.609;20471
B315F1;2015/02/26 00:52:12;20471;93;34.1;27.9;2.616;2.083;1.454;2.945;0.119;1.635;20472
B315F1;2015/02/26 00:52:23;20472;88;29.0;28.1;2.651;2.090;1.454;2.945;0.122;1.622;20473
B315F1;2015/02/26 00:52:32;20473;88;33.5;27.7;2.699;2.090;1.503;2.945;0.122;1.625;20474
B315F1;2015/02/26 00:52:43;20474;90;30.3;28.1;2.770;2.074;1.503;2.951;0.122;1.590;20475
B315F1;2015/02/26 00:52:52;20475;86;31.2;28.3;2.758;2.074;1.496;2.951;0.122;1.612;20476
B315F1;2015/02/26 00:53:03;20476;93;34.5;28.3;2.690;2.090;1.496;2.951;0.190;1.635;20477
B315F1;2015/02/26 00:53:12;20477;91;31.2;28.4;2.590;2.090;1.454;2.951;0.190;1.629;20478
B315F1;2015/02/26 00:53:23;20478;79;31.2;28.8;2.690;2.064;1.454;2.993;0.190;1.596;20479
B315F1;2015/02/26 00:53:32;20479;93;32.5;29.5;2.603;2.064;1.493;2.993;0.190;1.632;20480
B315F1;2015/02/26 00:53:43;20480;89;33.2;28.8;2.738;2.087;1.493;2.993;0.209;1.593;20481
B315F1;2015/02/26 00:53:52;20481;82;34.5;28.3;2.616;2.087;1.451;2.993;0.209;1.599;20482
B315F1;2015/02/26 00:54:03;20482;79;27.7;27.7;2.793;2.077;1.451;2.980;0.209;1.625;20483
B315F1;2015/02/26 00:54:12;20483;84;32.5;27.6;2.674;2.077;1.480;2.980;0.209;1.629;20484
B315F1;2015/02/26 00:54:23;20484;91;34.5;28.1;2.725;2.083;1.480;2.980;0.116;1.638;20485
B315F1;2015/02/26 00:54:32;20485;89;31.9;28.3;2.732;2.083;1.519;2.980;0.116;1.641;20486
B315F1;2015/02/26 00:54:43;20486;87;29.0;28.4;2.567;2.074;1.519;2.954;0.116;1.606;20487
B315F1;2015/02/26 00:54:52;20487;81;32.5;28.1;2.725;2.074;1.461;2.954;0.116;1.587;20488
B315F1;2015/02/26 00:55:03;20488;78;30.9;28.1;2.587;2.074;1.461;2.954;0.116;1.625;20489
B315F1;2015/02/26 00:55:12;20489;83;28.0;27.7;2.693;2.074;1.503;2.954;0.116;1.583;20490
B315F1;2015/02/26 00:55:23;20490;94;33.5;27.9;2.661;2.064;1.503;2.945;0.116;1.596;20491
B315F1;2015/02/26 00:55:32;20491;79;33.2;28.3;2.774;2.064;1.461;2.945;0.116;1.622;20492
B315F1;2015/02/26 00:55:43;20492;90;30.0;28.6;2.664;2.058;1.461;2.945;0.164;1.580;20493
B315F1;2015/02/26 00:55:52;20493;86;30.3;28.6;2.793;2.058;1.477;2.945;0.164;1.625;20494
B315F1;2015/02/26 00:56:03;20494;93;30.0;28.6;2.761;2.054;1.477;2.993;0.164;1.593;20495
B315F1;2015/02/26 00:56:12;20495;83;29.3;28.3;2.606;2.054;1.467;2.993;0.164;1.593;20496
B315F1;2015/02/26 00:56:23;20496;84;29.0;28.3;2.641;2.083;1.467;2.993;0.119;1.619;20497
B315F1;2015/02/26 00:56:32;20497;88;29.6;27.9;2.603;2.083;1.480;2.993;0.119;1.593;20498
B315F1;2015/02/26 00:56:43;20498;88;30.3;28.3;2.587;2.077;1.480;2.951;0.119;1.629;20499
B315F1;2015/02/26 00:56:52;20499;87;27.0;28.6;2.596;2.077;1.506;2.951;0.119;1.632;20500
B315F1;2015/02/26 00:57:03;20500;78;33.5;28.6;2.580;2.080;1.506;2.951;0.183;1.612;20501
B315F1;2015/02/26 00:57:12;20501;81;32.2;28.3;2.799;2.080;1.458;2.951;0.183;1.606;20502
B315F1;2015/02/26 00:57:23;20502;90;30.3;28.1;2.783;2.061;1.458;2.958;0.183;1.596;20503
B315F1;2015/02/26 00:57:32;20503;89;28.0;28.3;2.706;2.061;1.458;2.958;0.183;1.587;20504
B315F1;2015/02/26 00:57:43;20504;88;28.3;28.1;2.735;2.054;1.458;2.958;0.125;1.619;20505
B315F1;2015/02/26 00:57:52;20505;91;28.7;28.8;2.587;2.054;1.461;2.958;0.125;1.629;20506
B315F1;2015/02/26 00:58:03;20506;91;34.5;28.3;2.583;2.093;1.461;2.954;0.125;1.580;20507
B315F1;2015/02/26 00:58:12;20507;81;29.6;28.6;2.767;2.093;1.506;2.954;0.125;1.580;20508
B315F1;2015/02/26 00:58:23;20508;76;30.0;28.8;2.790;2.070;1.506;2.954;0.119;1.596;20509
B315F1;2015/02/26 00:58:32;20509;88;28.0;27.7;2.677;2.070;1.496;2.954;0.119;1.629;20510
B315F1;2015/02/26 00:58:43;20510;86;32.2;28.3;2.603;2.077;1.496;2.954;0.119;1.629;20511
B315F1;2015/02/26 00:58:52;20511;83;33.8;27.4;2.693;2.077;1.461;2.954;0.119;1.603;20512
B315F1;2015/02/26 00:59:03;20512;86;27.7;28.1;2.600;2.054;1.461;2.954;0.116;1.609;20513
B315F1;2015/02/26 00:59:12;20513;83;29.0;29.1;2.600;2.054;1.474;2.954;0.116;1.603;20514
B315F1;2015/02/26 00:59:23;20514;95;30.9;28.4;2.774;2.070;1.474;3.000;0.116;1.606;20515
B315F1;2015/02/26 00:59:32;20515;78;33.8;27.6;2.641;2.070;1.458;3.000;0.116;1.599;20516
B315F1;2015/02/26 00:59:43;20516;90;30.3;28.1;2.587;2.070;1.458;3.000;0.116;1.616;20517
B315F1;2015/02/26 00:59:52;20517;75;33.2;28.3;2.799;2.070;1.490;3.000;0.116;1.583;20518
B315F1;2015/02/26 01:00:03;20518;89;29.3;28.1;2.567;2.087;1.490;2.945;0.116;1.612;20519
B315F1;2015/02/26 01:00:12;20519;78;31.6;27.6;2.674;2.087;1.474;2.945;0.116;1.612;20520
B315F1;2015/02/26 01:00:23;20520;80;34.5;28.4;2.767;2.090;1.474;2.945;0.119;1.596;20521
B315F1;2015/02/26 01:00:32;20521;92;29.6;27.6;2.712;2.090;1.519;2.945;0.119;1.612;20522
B315F1;2015/02/26 01:00:43;20522;94;28.3;28.3;2.561;2.067;1.519;2.945;0.119;1.632;20523
B315F1;2015/02/26 01:00:52;20523;90;30.0;28.8;2.587;2.067;1.470;2.945;0.119;1.622;20524
B315F1;2015/02/26 01:01:03;20524;84;30.9;28.3;2.561;2.074;1.470;2.945;0.132;1.635;20525
B315F1;2015/02/26 01:01:12;20525;78;33.2;28.4;2.699;2.074;1.467;2.945;0.132;1.609;20526
B315F1;2015/02/26 01:01:23;20526;92;27.7;27.9;2.774;2.093;1.467;2.958;0.132;1.619;20527
B315F1;2015/02/26 01:01:32;20527;92;34.5;27.6;2.780;2.093;1.503;2.958;0.132;1.590;20528
B315F1;2015/02/26 01:01:43;20528;83;34.5;28.3;2.577;2.064;1.503;2.958;0.125;1.619;20529
B315F1;2015/02/26 01:01:52;20529;89;29.0;28.8;2.596;2.064;1.458;2.958;0.125;1.580;20530
B315F1;2015/02/26 01:02:03;20530;88;28.3;28.3;2.790;2.093;1.458;2.987;0.125;1.593;20531
B315F1;2015/02/26 01:02:12;20531;94;29.0;29.1;2.596;2.093;1.464;2.987;0.125;1.606;20532
B315F1;2015/02/26 01:02:23;20532;84;27.7;28.4;2.738;2.061;1.464;2.987;0.135;1.629;20533
B315F1;2015/02/26 01:02:32;20533;85;30.6;27.9;2.774;2.061;1.461;2.987;0.135;1.629;20534
B315F1;2015/02/26 01:02:43;20534;91;34.1;28.4;2.790;2.083;1.461;2.951;0.135;1.612;20535
B315F1;2015/02/26 01:02:52;20535;93;34.5;28.1;2.651;2.083;1.512;2.951;0.135;1.580;20536
B315F1;2015/02/26 01:03:03;20536;79;33.2;28.6;2.632;2.096;1.512;2.951;0.122;1.641;20537
B315F1;2015/02/26 01:03:12;20537;88;27.7;28.1;2.612;2.096;1.458;2.951;0.122;1.612;20538
B315F1;2015/02/26 01:03:23;20538;82;32.5;28.1;2.603;2.100;1.458;2.951;0.122;1.596;20539
B315F1;2015/02/26 01:03:32;20539;78;32.5;27.7;2.632;2.100;1.458;2.951;0.122;1.625;20540
B315F1;2015/02/26 01:03:43;20540;88;27.7;28.4;2.783;2.093;1.458;2.951;0.196;1.612;20541
B315F1;2015/02/26 01:03:52;20541;93;27.4;28.1;2.603;2.093;1.516;2.951;0.196;1.583;20542
B315F1;2015/02/26 01:04:03;20542;83;31.2;27.7;2.796;2.058;1.516;2.951;0.196;1.619;20543
B315F1;2015/02/26 01:04:12;20543;87;31.6;27.9;2.787;2.058;1.464;2.951;0.196;1.599;20544
B315F1;2015/02/26 01:04:23;20544;78;29.6;28.1;2.580;2.087;1.464;2.951;0.151;1.616;20545
B315F1;2015/02/26 01:04:32;20545;94;31.9;28.4;2.625;2.087;1.461;2.951;0.151;1.648;20546
B315F1;2015/02/26 01:04:43;20546;93;33.2;28.4;2.587;2.058;1.461;2.958;0.151;1.616;20547
B315F1;2015/02/26 01:04:52;20547;94;27.7;28.3;2.580;2.058;1.461;2.958;0.151;1.599;20548
B315F1;2015/02/26 01:05:03;20548;93;32.5;28.6;2.629;2.058;1.461;2.958;0.132;1.645;20549
B315F1;2015/02/26 01:05:12;20549;87;28.7;28.3;2.590;2.058;1.525;2.958;0.132;1.629;20550
B315F1;2015/02/26 01:05:23;20550;90;34.5;28.4;2.796;2.096;1.525;2.945;0.132;1.603;20551
B315F1;2015/02/26 01:05:32;20551;88;34.5;27.7;2.616;2.096;1.525;2.945;0.132;1.599;20552
B315F1;2015/02/26 01:05:43;20552;95;28.3;28.3;2.564;2.100;1.525;2.945;0.132;1.622;20553
B315F1;2015/02/26 01:05:52;20553;91;30.9;28.6;2.793;2.100;1.458;2.945;0.132;1.612;20554
B315F1;2015/02/26 01:06:03;20554;88;30.9;27.7;2.783;2.080;1.458;2.987;0.132;1.606;20555
B315F1;2015/02/26 01:06:12;20555;90;27.4;28.3;2.580;2.080;1.461;2.987;0.132;1.593;20556
B315F1;2015/02/26 01:06:23;20556;91;29.3;28.3;2.667;2.074;1.461;2.987;0.190;1.619;20557
B315F1;2015/02/26 01:06:32;20557;88;31.2;28.1;2.770;2.074;1.461;2.987;0.190;1.596;20558
B315F1;2015/02/26 01:06:43;20558;94;27.4;28.3;2.587;2.100;1.461;3.012;0.190;1.603;20559
B315F1;2015/02/26 01:06:52;20559;88;28.0;27.4;2.683;2.100;1.461;3.012;0.190;1.596;20560
B315F1;2015/02/26 01:07:03;20560;93;32.5;28.6;2.674;2.058;1.461;3.012;0.170;1.599;20561
B315F1;2015/02/26 01:07:12;20561;89;31.2;28.4;2.625;2.058;1.474;3.012;0.170;1.609;20562
B315F1;2015/02/26 01:07:23;20562;90;30.0;28.4;2.787;2.061;1.474;2.961;0.170;1.629;20563
B315F1;2015/02/26 01:07:32;20563;83;30.9;28.6;2.799;2.061;1.490;2.961;0.170;1.596;20564
B315F1;2015/02/26 01:07:43;20564;93;31.2;28.6;2.612;2.087;1.490;2.961;0.235;1.583;20565
B315F1;2015/02/26 01:07:52;20565;88;33.8;27.9;2.606;2.087;1.477;2.961;0.235;1.609;20566
B315F1;2015/02/26 01:08:03;20566;88;33.8;28.3;2.712;2.061;1.477;2.964;0.235;1.632;20567
B315F1;2015/02/26 01:08:12;20567;87;31.2;27.6;2.787;2.061;1.458;2.964;0.235;1.593;20568
B315F1;2015/02/26 01:08:23;20568;83;30.3;27.7;2.790;2.100;1.458;2.964;0.177;1.603;20569
B315F1;2015/02/26 01:08:32;20569;84;31.9;28.1;2.799;2.100;1.525;2.964;0.177;1.606;20570
B315F1;2015/02/26 01:08:43;20570;94;32.5;28.1;2.632;2.087;1.525;2.967;0.177;1.612;20571
B315F1;2015/02/26 01:08:52;20571;88;33.8;27.7;2.738;2.087;1.487;2.967;0.177;1.641;20572
B315F1;2015/02/26 01:09:03;20572;90;29.6;28.6;2.570;2.100;1.487;2.967;0.135;1.651;20573
B315F1;2015/02/26 01:09:12;20573;89;28.7;28.9;2.793;2.100;1.512;2.967;0.135;1.619;20574
B315F1;2015/02/26 01:09:23;20574;91;32.9;28.3;2.561;2.061;1.512;2.951;0.135;1.619;20575
B315F1;2015/02/26 01:09:32;20575;92;33.5;27.7;2.638;2.061;1.464;2.951;0.135;1.632;20576
B315F1;2015/02/26 01:09:43;20576;88;35.1;28.1;2.593;2.061;1.464;2.951;0.183;1.599;20577
B315F1;2015/02/26 01:09:52;20577;80;28.0;27.6;2.625;2.061;1.464;2.951;0.183;1.616;20578
B315F1;2015/02/26 01:10:03;20578;86;32.5;28.6;2.719;2.061;1.464;2.951;0.183;1.612;20579
B315F1;2015/02/26 01:10:12;20579;93;31.9;28.6;2.806;2.061;1.461;2.951;0.183;1.635;20580
B315F1;2015/02/26 01:10:23;20580;84;30.0;28.1;2.561;2.067;1.461;2.951;0.122;1.596;20581
B315F1;2015/02/26 01:10:32;20581;88;31.9;27.9;2.770;2.067;1.464;2.951;0.122;1.625;20582
B315F1;2015/02/26 01:10:43;20582;95;28.0;28.3;2.712;2.083;1.464;2.987;0.122;1.593;20583
B315F1;2015/02/26 01:10:52;20583;90;28.3;28.4;2.787;2.083;1.496;2.987;0.122;1.609;20584
B315F1;2015/02/26 01:11:03;20584;86;34.5;28.1;2.703;2.070;1.496;2.987;0.122;1.635;20585
B315F1;2015/02/26 01:11:12;20585;87;27.4;28.1;2.567;2.070;1.461;2.987;0.122;1.596;20586
B315F1;2015/02/26 01:11:23;20586;86;29.6;28.3;2.783;2.103;1.461;2.996;0.122;1.603;20587
B315F1;2015/02/26 01:11:32;20587;87;28.3;28.6;2.593;2.103;1.464;2.996;0.122;1.603;20588
B315F1;2015/02/26 01:11:43;20588;87;30.9;28.3;2.774;2.074;1.464;2.996;0.209;1.612;20589
B315F1;2015/02/26 01:11:52;20589;91;27.4;28.1;2.606;2.074;1.480;2.996;0.209;1.603;20590
B315F1;2015/02/26 01:12:03;20590;91;28.0;28.1;2.712;2.061;1.480;2.958;0.209;1.616;20591
B315F1;2015/02/26 01:12:12;20591;91;31.9;28.1;2.725;2.061;1.467;2.958;0.209;1.587;20592
B315F1;2015/02/26 01:12:23;20592;94;30.3;27.9;2.777;2.070;1.467;2.958;0.216;1.583;20593
B315F1;2015/02/26 01:12:32;20593;88;32.5;28.1;2.774;2.070;1.522;2.958;0.216;1.590;20594
B315F1;2015/02/26 01:12:43;20594;83;28.3;28.3;2.574;2.070;1.522;3.003;0.216;1.625;20595
B315F1;2015/02/26 01:12:52;20595;86;27.7;28.6;2.629;2.070;1.464;3.003;0.216;1.619;20596
B315F1;2015/02/26 01:13:03;20596;93;31.9;28.3;2.641;2.090;1.464;3.003;0.122;1.577;20597
B315F1;2015/02/26 01:13:12;20597;93;29.0;28.3;2.600;2.090;1.467;3.003;0.122;1.587;20598
B315F1;2015/02/26 01:13:23;20598;88;31.9;29.5;2.796;2.093;1.467;2.967;0.122;1.619;20599
B315F1;2015/02/26 01:13:32;20599;91;32.2;28.4;2.680;2.093;1.496;2.967;0.122;1.593;20600
B315F1;2015/02/26 01:13:43;20600;94;30.0;28.6;2.774;2.096;1.496;2.967;0.129;1.629;20601
B315F1;2015/02/26 01:13:52;20601;91;31.9;28.3;2.790;2.096;1.461;2.967;0.129;1.577;20602
B315F1;2015/02/26 01:14:03;20602;78;31.2;28.6;2.616;2.083;1.461;2.996;0.129;1.616;20603
B315F1;2015/02/26 01:14:12;20603;85;28.7;28.4;2.590;2.083;1.467;2.996;0.129;1.596;20604
B315F1;2015/02/26 01:14:23;20604;83;27.7;27.7;2.580;2.074;1.467;2.996;0.125;1.603;20605
B315F1;2015/02/26 01:14:32;20605;82;31.9;28.3;2.793;2.074;1.461;2.996;0.125;1.606;20606
B315F1;2015/02/26 01:14:43;20606;88;33.2;28.3;2.745;2.074;1.461;2.987;0.125;1.635;20607
B315F1;2015/02/26 01:14:52;20607;88;34.8;27.7;2.777;2.074;1.467;2.987;0.125;1.609;20608
B315F1;2015/02/26 01:15:03;20608;92;28.3;28.4;2.561;2.061;1.467;2.987;0.116;1.599;20609
B315F1;2015/02/26 01:15:12;20609;87;28.7;28.1;2.600;2.061;1.464;2.987;0.116;1.609;20610
B315F1;2015/02/26 01:15:23;20610;83;29.6;28.3;2.635;2.103;1.464;2.970;0.116;1.583;20611
B315F1;2015/02/26 01:15:32;20611;80;28.7;28.8;2.693;2.103;1.464;2.970;0.116;1.574;20612
B315F1;2015/02/26 01:15:43;20612;89;27.7;28.1;2.796;2.103;1.464;2.970;0.132;1.577;20613
B315F1;2015/02/26 01:15:52;20613;90;31.6;28.6;2.793;2.103;1.474;2.970;0.132;1.603;20614
B315F1;2015/02/26 01:16:03;20614;78;32.5;28.4;2.783;2.103;1.474;2.987;0.132;1.596;20615
B315F1;2015/02/26 01:16:12;20615;87;35.1;27.7;2.677;2.103;1.483;2.987;0.132;1.629;20616
B315F1;2015/02/26 01:16:23;20616;81;30.0;28.9;2.561;2.103;1.483;2.987;0.145;1.635;20617
B315F1;2015/02/26 01:16:32;20617;93;29.6;28.6;2.587;2.103;1.464;2.987;0.145;1.638;20618
B315F1;2015/02/26 01:16:43;20618;83;33.5;28.3;2.567;2.087;1.464;2.948;0.145;1.638;20619
B315F1;2015/02/26 01:16:52;20619;89;29.6;28.3;2.603;2.087;1.503;2.948;0.145;1.609;20620
B315F1;2015/02/26 01:17:03;20620;88;30.0;28.4;2.787;2.064;1.503;2.948;0.183;1.587;20621
B315F1;2015/02/26 01:17:12;20621;85;27.7;28.1;2.567;2.064;1.470;2.948;0.183;1.574;20622
B315F1;2015/02/26 01:17:23;20622;90;28.3;28.1;2.787;2.093;1.470;3.000;0.183;1.625;20623
B315F1;2015/02/26 01:17:32;20623;93;31.9;28.4;2.590;2.093;1.529;3.000;0.183;1.596;20624
B315F1;2015/02/26 01:17:43;20624;83;28.0;28.4;2.558;2.080;1.529;3.000;0.119;1.625;20625
B315F1;2015/02/26 01:17:52;20625;81;34.8;27.6;2.625;2.080;1.516;3.000;0.119;1.587;20626
B315F1;2015/02/26 01:18:03;20626;93;28.0;28.3;2.603;2.074;1.516;3.000;0.119;1.587;20627
B315F1;2015/02/26 01:18:12;20627;80;32.2;28.6;2.793;2.074;1.464;3.000;0.119;1.622;20628
B315F1;2015/02/26 01:18:23;20628;82;30.9;27.7;2.738;2.074;1.464;3.000;0.141;1.632;20629
B315F1;2015/02/26 01:18:32;20629;90;31.9;28.3;2.725;2.074;1.464;3.000;0.141;1.587;20630
B315F1;2015/02/26 01:18:43;20630;97;33.2;28.3;2.703;2.087;1.464;2.958;0.141;1.616;20631
B315F1;2015/02/26 01:18:52;20631;90;31.2;27.6;2.674;2.087;1.532;2.958;0.141;1.625;20632
B315F1;2015/02/26 01:19:03;20632;79;28.7;28.4;2.777;2.074;1.532;2.958;0.129;1.612;20633
B315F1;2015/02/26 01:19:12;20633;78;34.8;27.7;2.725;2.074;1.477;2.958;0.129;1.609;20634
B315F1;2015/02/26 01:19:23;20634;92;28.7;28.4;2.561;2.103;1.477;2.980;0.129;1.632;20635
B315F1;2015/02/26 01:19:32;20635;89;33.5;28.3;2.603;2.103;1.506;2.980;0.129;1.638;20636
B315F1;2015/02/26 01:19:43;20636;88;31.2;27.9;2.745;2.103;1.506;2.980;0.116;1.593;20637
B315F1;2015/02/26 01:19:52;20637;80;32.2;27.9;2.799;2.103;1.470;2.980;0.116;1.625;20638
B315F1;2015/02/26 01:20:03;20638;93;29.6;27.7;2.554;2.070;1.470;2.958;0.116;1.590;20639
B315F1;2015/02/26 01:20:12;20639;88;27.4;28.6;2.570;2.070;1.467;2.958;0.116;1.596;20640
B315F1;2015/02/26 01:20:23;20640;87;30.9;27.7;2.774;2.074;1.467;2.958;0.116;1.587;20641
B315F1;2015/02/26 01:20:32;20641;88;33.5;27.4;2.580;2.074;1.480;2.958;0.116;1.577;20642
B315F1;2015/02/26 01:20:43;20642;83;27.7;27.6;2.796;2.103;1.480;3.012;0.116;1.625;20643
B315F1;2015/02/26 01:20:52;20643;79;31.6;28.6;2.793;2.103;1.467;3.012;0.116;1.574;20644
B315F1;2015/02/26 01:21:03;20644;90;28.7;28.4;2.790;2.087;1.467;3.012;0.116;1.606;20645
B315F1;2015/02/26 01:21:12;20645;87;27.7;28.8;2.577;2.087;1.522;3.012;0.116;1.593;20646
B315F1;2015/02/26 01:21:23;20646;83;28.0;28.3;2.609;2.077;1.522;2.980;0.116;1.564;20647
B315F1;2015/02/26 01:21:32;20647;90;33.2;28.1;2.764;2.077;1.506;2.980;0.116;1.587;20648
B315F1;2015/02/26 01:21:43;20648;85;28.3;28.9;2.561;2.074;1.506;2.980;0.132;1.567;20649
B315F1;2015/02/26 01:21:52;20649;83;30.6;27.7;2.674;2.074;1.480;2.980;0.132;1.567;20650
B315F1;2015/02/26 01:22:03;20650;88;30.9;27.7;2.561;2.103;1.480;2.970;0.132;1.580;20651
B315F1;2015/02/26 01:22:12;20651;82;28.0;27.6;2.777;2.103;1.464;2.970;0.132;1.612;20652
B315F1;2015/02/26 01:22:23;20652;88;30.3;28.4;2.770;2.090;1.464;2.970;0.129;1.619;20653
B315F1;2015/02/26 01:22:32;20653;93;31.2;27.9;2.777;2.090;1.509;2.970;0.129;1.590;20654
B315F1;2015/02/26 01:22:43;20654;88;29.0;27.9;2.561;2.074;1.509;2.970;0.129;1.606;20655
B315F1;2015/02/26 01:22:52;20655;91;31.9;27.9;2.790;2.074;1.512;2.970;0.129;1.603;20656
B315F1;2015/02/26 01:23:03;20656;83;30.3;28.3;2.583;2.106;1.512;2.970;0.170;1.612;20657
B315F1;2015/02/26 01:23:12;20657;85;31.6;28.4;2.600;2.106;1.535;2.970;0.170;1.590;20658
B315F1;2015/02/26 01:23:23;20658;81;27.7;28.4;2.761;2.064;1.535;2.961;0.170;1.612;20659
B315F1;2015/02/26 01:23:32;20659;85;27.7;28.8;2.574;2.064;1.516;2.961;0.170;1.596;20660
B315F1;2015/02/26 01:23:43;20660;93;29.6;28.4;2.790;2.106;1.516;2.961;0.148;1.632;20661
B315F1;2015/02/26 01:23:52;20661;88;32.9;27.7;2.712;2.106;1.535;2.961;0.148;1.603;20662
B315F1;2015/02/26 01:24:03;20662;83;29.6;28.4;2.796;2.106;1.535;3.016;0.148;1.580;20663
B315F1;2015/02/26 01:24:12;20663;93;27.4;28.1;2.574;2.106;1.532;3.016;0.148;1.583;20664
B315F1;2015/02/26 01:24:23;20664;91;34.8;28.6;2.580;2.106;1.532;3.016;0.135;1.590;20665
B315F1;2015/02/26 01:24:32;20665;85;32.2;28.3;2.793;2.106;1.470;3.016;0.135;1.603;20666
B315F1;2015/02/26 01:24:43;20666;85;27.7;28.4;2.716;2.077;1.470;2.970;0.135;1.603;20667
B315F1;2015/02/26 01:24:52;20667;88;29.3;27.7;2.616;2.077;1.506;2.970;0.135;1.619;20668
B315F1;2015/02/26 01:25:03;20668;89;27.7;28.4;2.761;2.067;1.506;2.970;0.129;1.629;20669
B315F1;2015/02/26 01:25:12;20669;80;31.9;28.6;2.799;2.067;1.467;2.970;0.129;1.587;20670
B315F1;2015/02/26 01:25:23;20670;88;32.2;28.6;2.738;2.106;1.467;2.996;0.129;1.612;20671
B315F1;2015/02/26 01:25:32;20671;86;31.9;27.6;2.683;2.106;1.512;2.996;0.129;1.625;20672
B315F1;2015/02/26 01:25:43;20672;89;31.2;28.1;2.761;2.064;1.512;2.996;0.190;1.622;20673
B315F1;2015/02/26 01:25:52;20673;83;27.7;28.8;2.567;2.064;1.500;2.996;0.190;1.632;20674
B315F1;2015/02/26 01:26:03;20674;91;31.9;28.4;2.735;2.070;1.500;2.970;0.190;1.645;20675
B315F1;2015/02/26 01:26:12;20675;86;27.4;28.4;2.793;2.070;1.474;2.970;0.190;1.593;20676
B315F1;2015/02/26 01:26:23;20676;87;27.7;28.1;2.587;2.103;1.474;2.970;0.129;1.629;20677
B315F1;2015/02/26 01:26:32;20677;84;31.9;28.4;2.616;2.103;1.525;2.970;0.129;1.603;20678
B315F1;2015/02/26 01:26:43;20678;83;31.2;28.3;2.716;2.100;1.525;3.003;0.129;1.629;20679
B315F1;2015/02/26 01:26:52;20679;85;32.9;27.6;2.667;2.100;1.470;3.003;0.129;1.583;20680
B315F1;2015/02/26 01:27:03;20680;87;28.0;28.8;2.587;2.106;1.470;3.003;0.119;1.622;20681
B315F1;2015/02/26 01:27:12;20681;86;28.3;28.3;2.587;2.106;1.467;3.003;0.119;1.638;20682
B315F1;2015/02/26 01:27:23;20682;95;34.5;28.3;2.687;2.067;1.467;2.958;0.119;1.616;20683
B315F1;2015/02/26 01:27:32;20683;84;28.0;27.7;2.638;2.067;1.470;2.958;0.119;1.583;20684
B315F1;2015/02/26 01:27:43;20684;86;30.6;27.7;2.670;2.074;1.470;2.958;0.132;1.609;20685
B315F1;2015/02/26 01:27:52;20685;85;33.2;28.1;2.612;2.074;1.470;2.958;0.132;1.590;20686
B315F1;2015/02/26 01:28:03;20686;87;29.0;28.6;2.719;2.070;1.470;2.987;0.132;1.619;20687
B315F1;2015/02/26 01:28:12;20687;93;29.0;29.1;2.587;2.070;1.467;2.987;0.132;1.603;20688
B315F1;2015/02/26 01:28:23;20688;87;27.7;27.9;2.796;2.096;1.467;2.987;0.132;1.603;20689
B315F1;2015/02/26 01:28:32;20689;84;32.5;28.3;2.751;2.096;1.470;2.987;0.132;1.570;20690
B315F1;2015/02/26 01:28:43;20690;90;30.6;28.8;2.583;2.074;1.470;2.970;0.132;1.580;20691
B315F1;2015/02/26 01:28:52;20691;83;28.0;27.7;2.651;2.074;1.467;2.970;0.132;1.577;20692
B315F1;2015/02/26 01:29:03;20692;78;34.5;28.4;2.767;2.100;1.467;2.970;0.135;1.587;20693
B315F1;2015/02/26 01:29:12;20693;86;29.3;28.3;2.612;2.100;1.474;2.970;0.135;1.609;20694
B315F1;2015/02/26 01:29:23;20694;88;28.7;28.3;2.561;2.109;1.474;3.012;0.135;1.599;20695
B315F1;2015/02/26 01:29:32;20695;88;27.4;28.8;2.570;2.109;1.500;3.012;0.135;1.590;20696
B315F1;2015/02/26 01:29:43;20696;85;31.9;28.6;2.600;2.093;1.500;3.012;0.125;1.609;20697
B315F1;2015/02/26 01:29:52;20697;87;27.7;28.6;2.574;2.093;1.535;3.012;0.125;1.612;20698
B315F1;2015/02/26 01:30:03;20698;87;29.6;28.3;2.561;2.087;1.535;2.987;0.125;1.622;20699
B315F1;2015/02/26 01:30:12;20699;88;30.3;27.7;2.745;2.087;1.538;2.987;0.125;1.625;20700
B315F1;2015/02/26 01:30:23;20700;92;30.3;28.3;2.667;2.077;1.538;2.987;0.116;1.590;20701
B315F1;2015/02/26 01:30:32;20701;88;33.8;28.1;2.616;2.077;1.493;2.987;0.116;1.580;20702
B315F1;2015/02/26 01:30:43;20702;86;29.6;27.9;2.764;2.070;1.493;2.980;0.116;1.583;20703
B315F1;2015/02/26 01:30:52;20703;85;31.6;28.3;2.774;2.070;1.538;2.980;0.116;1.596;20704
B315F1;2015/02/26 01:31:03;20704;96;33.8;28.4;2.790;2.090;1.538;2.980;0.135;1.619;20705
B315F1;2015/02/26 01:31:12;20705;88;28.7;28.1;2.680;2.090;1.470;2.980;0.135;1.632;20706
B315F1;2015/02/26 01:31:23;20706;87;34.5;28.3;2.574;2.106;1.470;3.006;0.135;1.606;20707
B315F1;2015/02/26 01:31:32;20707;86;31.9;28.3;2.780;2.106;1.490;3.006;0.135;1.616;20708
B315F1;2015/02/26 01:31:43;20708;87;27.7;27.9;2.787;2.070;1.490;3.006;0.151;1.606;20709
B315F1;2015/02/26 01:31:52;20709;83;33.8;27.7;2.612;2.070;1.487;3.006;0.151;1.596;20710
B315F1;2015/02/26 01:32:03;20710;76;31.2;28.4;2.767;2.100;1.487;2.980;0.151;1.603;20711
B315F1;2015/02/26 01:32:12;20711;89;28.3;28.6;2.587;2.100;1.467;2.980;0.151;1.609;20712
B315F1;2015/02/26 01:32:23;20712;94;32.5;28.3;2.564;2.083;1.467;2.980;0.135;1.641;20713
B315F1;2015/02/26 01:32:32;20713;93;28.3;29.1;2.674;2.083;1.470;2.980;0.135;1.599;20714
B315F1;2015/02/26 01:32:43;20714;88;29.6;27.7;2.561;2.112;1.470;3.000;0.135;1.641;20715
B315F1;2015/02/26 01:32:52;20715;88;30.6;27.7;2.780;2.112;1.538;3.000;0.135;1.599;20716
B315F1;2015/02/26 01:33:03;20716;84;28.7;28.4;2.790;2.070;1.538;3.000;0.119;1.596;20717
B315F1;2015/02/26 01:33:12;20717;88;29.3;28.3;2.687;2.070;1.470;3.000;0.119;1.603;20718
B315F1;2015/02/26 01:33:23;20718;88;31.2;28.9;2.709;2.070;1.470;3.012;0.119;1.619;20719
B315F1;2015/02/26 01:33:32;20719;91;31.9;28.3;2.738;2.070;1.470;3.012;0.119;1.612;20720
B315F1;2015/02/26 01:33:43;20720;86;32.5;28.6;2.580;2.106;1.470;3.012;0.129;1.629;20721
B315F1;2015/02/26 01:33:52;20721;77;29.0;28.3;2.799;2.106;1.532;3.012;0.129;1.612;20722
B315F1;2015/02/26 01:34:03;20722;83;29.6;28.1;2.554;2.112;1.532;3.022;0.129;1.612;20723
B315F1;2015/02/26 01:34:12;20723;90;29.6;28.3;2.590;2.112;1.519;3.022;0.129;1.606;20724
B315F1;2015/02/26 01:34:23;20724;82;29.3;28.6;2.587;2.077;1.519;3.022;0.145;1.593;20725
B315F1;2015/02/26 01:34:32;20725;91;30.0;28.8;2.590;2.077;1.467;3.022;0.145;1.570;20726
B315F1;2015/02/26 01:34:43;20726;83;28.3;28.1;2.561;2.070;1.467;2.977;0.145;1.574;20727
B315F1;2015/02/26 01:34:52;20727;94;27.4;28.1;2.580;2.070;1.490;2.977;0.145;1.577;20728
B315F1;2015/02/26 01:35:03;20728;85;30.6;28.6;2.712;2.093;1.490;2.977;0.235;1.609;20729
B315F1;2015/02/26 01:35:12;20729;83;32.2;28.1;2.799;2.093;1.506;2.977;0.235;1.577;20730
B315F1;2015/02/26 01:35:23;20730;83;31.6;28.3;2.612;2.109;1.506;2.970;0.235;1.593;20731
B315F1;2015/02/26 01:35:32;20731;85;33.8;28.1;2.641;2.109;1.493;2.970;0.235;1.570;20732
B315F1;2015/02/26 01:35:43;20732;86;31.2;28.1;2.600;2.083;1.493;2.970;0.145;1.577;20733
B315F1;2015/02/26 01:35:52;20733;88;31.2;27.7;2.787;2.083;1.538;2.970;0.145;1.593;20734
B315F1;2015/02/26 01:36:03;20734;85;27.7;28.3;2.796;2.074;1.538;3.000;0.145;1.606;20735
B315F1;2015/02/26 01:36:12;20735;93;29.0;28.1;2.629;2.074;1.474;3.000;0.145;1.593;20736
B315F1;2015/02/26 01:36:23;20736;92;31.2;28.6;2.609;2.106;1.474;3.000;0.132;1.619;20737
B315F1;2015/02/26 01:36:32;20737;86;34.5;27.6;2.674;2.106;1.470;3.000;0.132;1.625;20738
B315F1;2015/02/26 01:36:43;20738;79;31.2;28.6;2.587;2.103;1.470;3.016;0.132;1.574;20739
B315F1;2015/02/26 01:36:52;20739;88;32.2;28.4;2.709;2.103;1.538;3.016;0.132;1.596;20740
B315F1;2015/02/26 01:37:03;20740;89;30.6;28.3;2.583;2.083;1.538;3.016;0.135;1.622;20741
B315F1;2015/02/26 01:37:12;20741;88;27.7;28.4;2.793;2.083;1.467;3.016;0.135;1.596;20742
B315F1;2015/02/26 01:37:23;20742;96;31.2;28.8;2.693;2.100;1.467;2.970;0.135;1.619;20743
B315F1;2015/02/26 01:37:32;20743;92;27.4;28.3;2.567;2.100;1.500;2.970;0.135;1.599;20744
B315F1;2015/02/26 01:37:43;20744;90;30.6;28.6;2.583;2.112;1.500;2.970;0.122;1.632;20745
B315F1;2015/02/26 01:37:52;20745;85;30.9;28.1;2.799;2.112;1.535;2.970;0.122;1.616;20746
B315F1;2015/02/26 01:38:03;20746;95;28.7;28.3;2.561;2.116;1.535;2.980;0.122;1.606;20747
B315F1;2015/02/26 01:38:12;20747;85;31.9;27.9;2.683;2.116;1.519;2.980;0.122;1.609;20748
B315F1;2015/02/26 01:38:23;20748;88;30.0;28.3;2.683;2.096;1.519;2.980;0.122;1.622;20749
B315F1;2015/02/26 01:38:32;20749;80;30.6;28.1;2.570;2.096;1.532;2.980;0.122;1.567;20750
B315F1;2015/02/26 01:38:43;20750;91;30.9;28.3;2.703;2.106;1.532;3.022;0.122;1.561;20751
B315F1;2015/02/26 01:38:52;20751;88;29.3;28.9;2.767;2.106;1.487;3.022;0.122;1.593;20752
B315F1;2015/02/26 01:39:03;20752;88;33.8;28.6;2.658;2.074;1.487;3.022;0.161;1.599;20753
B315F1;2015/02/26 01:39:12;20753;88;32.5;27.6;2.774;2.074;1.532;3.022;0.161;1.593;20754
B315F1;2015/02/26 01:39:23;20754;93;27.7;28.4;2.761;2.106;1.532;2.977;0.161;1.587;20755
B315F1;2015/02/26 01:39:32;20755;91;31.2;28.6;2.767;2.106;1.538;2.977;0.161;1.577;20756
B315F1;2015/02/26 01:39:43;20756;87;29.3;28.3;2.641;2.106;1.538;2.977;0.125;1.629;20757
B315F1;2015/02/26 01:39:52;20757;86;34.5;27.9;2.632;2.106;1.470;2.977;0.125;1.609;20758
B315F1;2015/02/26 01:40:03;20758;88;30.3;28.3;2.777;2.083;1.470;2.990;0.125;1.596;20759
B315F1;2015/02/26 01:40:12;20759;90;27.7;28.4;2.793;2.083;1.519;2.990;0.125;1.590;20760
B315F1;2015/02/26 01:40:23;20760;93;31.2;28.4;2.748;2.112;1.519;2.990;0.135;1.577;20761
B315F1;2015/02/26 01:40:32;20761;80;33.8;28.3;2.712;2.112;1.538;2.990;0.135;1.619;20762
B315F1;2015/02/26 01:40:43;20762;84;27.7;28.1;2.793;2.106;1.538;2.993;0.135;1.570;20763
B315F1;2015/02/26 01:40:52;20763;89;27.7;28.4;2.799;2.106;1.474;2.993;0.135;1.590;20764
B315F1;2015/02/26 01:41:03;20764;94;27.4;28.3;2.583;2.083;1.474;2.993;0.122;1.580;20765
B315F1;2015/02/26 01:41:12;20765;88;28.7;28.8;2.693;2.083;1.516;2.993;0.122;1.612;20766
B315F1;2015/02/26 01:41:23;20766;93;31.2;28.1;2.761;2.090;1.516;3.025;0.122;1.616;20767
B315F1;2015/02/26 01:41:32;20767;88;31.6;28.1;2.574;2.090;1.493;3.025;0.122;1.593;20768
B315F1;2015/02/26 01:41:43;20768;94;31.9;28.4;2.687;2.112;1.493;3.025;0.116;1.609;20769
B315F1;2015/02/26 01:41:52;20769;83;30.9;28.1;2.577;2.112;1.474;3.025;0.116;1.567;20770
B315F1;2015/02/26 01:42:03;20770;81;33.2;27.7;2.722;2.106;1.474;2.987;0.116;1.596;20771
B315F1;2015/02/26 01:42:12;20771;88;30.6;27.7;2.751;2.106;1.477;2.987;0.116;1.583;20772
B315F1;2015/02/26 01:42:23;20772;80;28.3;28.1;2.787;2.074;1.477;2.987;0.119;1.612;20773
B315F1;2015/02/26 01:42:32;20773;87;33.5;28.1;2.606;2.074;1.535;2.987;0.119;1.593;20774
B315F1;2015/02/26 01:42:43;20774;83;31.9;28.8;2.738;2.077;1.535;3.029;0.119;1.593;20775
B315F1;2015/02/26 01:42:52;20775;93;31.9;28.4;2.799;2.077;1.535;3.029;0.119;1.590;20776
B315F1;2015/02/26 01:43:03;20776;85;27.7;28.6;2.583;2.100;1.535;3.029;0.145;1.606;20777
B315F1;2015/02/26 01:43:12;20777;92;29.6;28.6;2.600;2.100;1.532;3.029;0.145;1.593;20778
B315F1;2015/02/26 01:43:23;20778;77;30.0;28.3;2.667;2.106;1.532;2.980;0.145;1.580;20779
B315F1;2015/02/26 01:43:32;20779;85;28.3;28.1;2.596;2.106;1.490;2.980;0.145;1.619;20780
B315F1;2015/02/26 01:43:43;20780;87;28.0;28.6;2.603;2.087;1.490;2.980;0.132;1.580;20781
B315F1;2015/02/26 01:43:52;20781;85;31.9;28.1;2.687;2.087;1.483;2.980;0.132;1.609;20782
B315F1;2015/02/26 01:44:03;20782;83;32.2;28.4;2.596;2.074;1.483;2.990;0.132;1.603;20783
B315F1;2015/02/26 01:44:12;20783;90;28.3;28.8;2.590;2.074;1.496;2.990;0.132;1.638;20784
B315F1;2015/02/26 01:44:23;20784;84;27.7;28.3;2.796;2.100;1.496;2.990;0.238;1.622;20785
B315F1;2015/02/26 01:44:32;20785;74;30.3;28.6;2.799;2.100;1.529;2.990;0.238;1.603;20786
B315F1;2015/02/26 01:44:43;20786;88;29.6;27.9;2.783;2.112;1.529;2.974;0.238;1.616;20787
B315F1;2015/02/26 01:44:52;20787;88;32.2;28.6;2.790;2.112;1.538;2.974;0.238;1.625;20788
B315F1;2015/02/26 01:45:03;20788;90;30.3;28.3;2.567;2.112;1.538;2.974;0.122;1.612;20789
B315F1;2015/02/26 01:45:12;20789;89;28.3;28.4;2.580;2.112;1.470;2.974;0.122;1.593;20790
B315F1;2015/02/26 01:45:23;20790;85;33.2;28.3;2.629;2.077;1.470;3.000;0.122;1.625;20791
B315F1;2015/02/26 01:45:32;20791;89;30.9;28.8;2.587;2.077;1.512;3.000;0.122;1.619;20792
B315F1;2015/02/26 01:45:43;20792;85;28.3;28.4;2.716;2.112;1.512;3.000;0.161;1.625;20793
B315F1;2015/02/26 01:45:52;20793;84;30.9;28.4;2.593;2.112;1.532;3.000;0.161;1.603;20794
B315F1;2015/02/26 01:46:03;20794;88;28.3;28.4;2.751;2.109;1.532;3.029;0.161;1.567;20795
B315F1;2015/02/26 01:46:12;20795;88;27.7;28.8;2.587;2.109;1.480;3.029;0.161;1.606;20796
B315F1;2015/02/26 01:46:23;20796;88;31.6;28.6;2.609;2.077;1.480;3.029;0.122;1.609;20797
B315F1;2015/02/26 01:46:32;20797;88;32.5;27.7;2.622;2.077;1.477;3.029;0.122;1.574;20798
B315F1;2015/02/26 01:46:43;20798;88;28.0;28.6;2.590;2.090;1.477;3.025;0.122;1.629;20799
B315F1;2015/02/26 01:46:52;20799;91;30.0;28.6;2.764;2.090;1.474;3.025;0.122;1.619;20800
B315F1;2015/02/26 01:47:03;20800;93;31.2;28.6;2.745;2.077;1.474;3.025;0.119;1.587;20801
B315F1;2015/02/26 01:47:12;20801;82;31.9;27.9;2.699;2.077;1.516;3.025;0.119;1.583;20802
B315F1;2015/02/26 01:47:23;20802;85;31.2;28.6;2.590;2.077;1.516;3.016;0.119;1.577;20803
B315F1;2015/02/26 01:47:32;20803;93;33.5;28.4;2.590;2.077;1.545;3.016;0.119;1.599;20804
B315F1;2015/02/26 01:47:43;20804;88;34.1;28.6;2.693;2.116;1.545;3.016;0.132;1.635;20805
B315F1;2015/02/26 01:47:52;20805;85;30.0;28.8;2.767;2.116;1.477;3.016;0.132;1.612;20806
B315F1;2015/02/26 01:48:03;20806;84;28.3;28.4;2.758;2.116;1.477;2.983;0.132;1.587;20807
B315F1;2015/02/26 01:48:12;20807;93;30.3;28.8;2.583;2.116;1.493;2.983;0.132;1.616;20808
B315F1;2015/02/26 01:48:23;20808;85;30.0;28.9;2.658;2.116;1.493;2.983;0.132;1.577;20809
B315F1;2015/02/26 01:48:32;20809;86;28.7;28.3;2.590;2.116;1.480;2.983;0.132;1.596;20810
B315F1;2015/02/26 01:48:43;20810;87;34.5;28.6;2.577;2.077;1.480;2.983;0.132;1.593;20811
B315F1;2015/02/26 01:48:52;20811;78;31.2;28.6;2.799;2.077;1.545;2.983;0.132;1.616;20812
B315F1;2015/02/26 01:49:03;20812;88;30.6;28.4;2.790;2.103;1.545;2.983;0.116;1.599;20813
B315F1;2015/02/26 01:49:12;20813;82;28.3;28.6;2.583;2.103;1.480;2.983;0.116;1.570;20814
B315F1;2015/02/26 01:49:23;20814;88;28.3;28.6;2.587;2.090;1.480;2.980;0.116;1.609;20815
B315F1;2015/02/26 01:49:32;20815;89;31.9;28.4;2.590;2.090;1.516;2.980;0.116;1.593;20816
B315F1;2015/02/26 01:49:43;20816;84;31.9;28.6;2.777;2.112;1.516;2.980;0.122;1.596;20817
B315F1;2015/02/26 01:49:52;20817;93;30.3;28.3;2.587;2.112;1.490;2.980;0.122;1.606;20818
B315F1;2015/02/26 01:50:03;20818;92;31.9;28.6;2.664;2.096;1.490;3.012;0.122;1.622;20819
B315F1;2015/02/26 01:50:12;20819;81;32.2;27.7;2.683;2.096;1.490;3.012;0.122;1.609;20820
B315F1;2015/02/26 01:50:23;20820;83;28.3;27.7;2.796;2.100;1.490;3.012;0.132;1.587;20821
B315F1;2015/02/26 01:50:32;20821;83;29.6;28.1;2.590;2.100;1.538;3.012;0.132;1.616;20822
B315F1;2015/02/26 01:50:43;20822;89;29.0;28.4;2.561;2.077;1.538;2.977;0.132;1.596;20823
B315F1;2015/02/26 01:50:52;20823;80;30.3;28.6;2.799;2.077;1.477;2.977;0.132;1.570;20824
B315F1;2015/02/26 01:51:03;20824;90;33.2;28.3;2.751;2.077;1.477;2.977;0.129;1.622;20825
B315F1;2015/02/26 01:51:12;20825;83;28.0;28.3;2.619;2.077;1.522;2.977;0.129;1.609;20826
B315F1;2015/02/26 01:51:23;20826;91;34.8;28.3;2.587;2.100;1.522;2.983;0.129;1.606;20827
B315F1;2015/02/26 01:51:32;20827;88;31.9;28.1;2.738;2.100;1.474;2.983;0.129;1.593;20828
B315F1;2015/02/26 01:51:43;20828;80;31.2;29.1;2.799;2.087;1.474;2.983;0.122;1.599;20829
B315F1;2015/02/26 01:51:52;20829;89;32.9;28.3;2.648;2.087;1.529;2.983;0.122;1.574;20830
B315F1;2015/02/26 01:52:03;20830;84;28.3;28.3;2.796;2.116;1.529;2.983;0.122;1.580;20831
B315F1;2015/02/26 01:52:12;20831;93;31.2;28.3;2.761;2.116;1.474;2.983;0.122;1.596;20832
B315F1;2015/02/26 01:52:23;20832;89;30.9;28.1;2.735;2.077;1.474;2.983;0.164;1.606;20833
B315F1;2015/02/26 01:52:32;20833;93;29.3;28.8;2.699;2.077;1.477;2.983;0.164;1.580;20834
B315F1;2015/02/26 01:52:43;20834;80;31.9;28.6;2.719;2.109;1.477;3.012;0.164;1.580;20835
B315F1;2015/02/26 01:52:52;20835;87;29.3;28.3;2.751;2.109;1.474;3.012;0.164;1.619;20836
B315F1;2015/02/26 01:53:03;20836;88;31.9;28.6;2.661;2.077;1.474;3.012;0.164;1.599;20837
B315F1;2015/02/26 01:53:12;20837;93;29.0;28.6;2.787;2.077;1.477;3.012;0.164;1.593;20838
B315F1;2015/02/26 01:53:23;20838;90;32.9;28.3;2.616;2.077;1.477;3.006;0.164;1.583;20839
B315F1;2015/02/26 01:53:32;20839;94;30.0;28.4;2.583;2.077;1.516;3.006;0.164;1.599;20840
B315F1;2015/02/26 01:53:43;20840;83;27.7;27.9;2.793;2.096;1.516;3.006;0.122;1.616;20841
B315F1;2015/02/26 01:53:52;20841;92;29.3;27.9;2.612;2.096;1.538;3.006;0.122;1.599;20842
B315F1;2015/02/26 01:54:03;20842;93;29.0;28.6;2.612;2.119;1.538;2.987;0.122;1.616;20843
B315F1;2015/02/26 01:54:12;20843;87;34.5;27.9;2.609;2.119;1.522;2.987;0.122;1.612;20844
B315F1;2015/02/26 01:54:23;20844;96;28.3;28.3;2.767;2.077;1.522;2.987;0.122;1.612;20845
B315F1;2015/02/26 01:54:32;20845;87;32.5;27.6;2.609;2.077;1.493;2.987;0.122;1.629;20846
B315F1;2015/02/26 01:54:43;20846;81;28.3;27.7;2.790;2.077;1.493;3.022;0.122;1.612;20847
B315F1;2015/02/26 01:54:52;20847;88;30.6;27.9;2.616;2.077;1.480;3.022;0.122;1.583;20848
B315F1;2015/02/26 01:55:03;20848;88;32.5;28.1;2.664;2.103;1.480;3.022;0.148;1.593;20849
B315F1;2015/02/26 01:55:12;20849;78;30.3;28.4;2.735;2.103;1.480;3.022;0.148;1.616;20850
B315F1;2015/02/26 01:55:23;20850;88;27.7;28.4;2.767;2.087;1.480;3.032;0.148;1.593;20851
B315F1;2015/02/26 01:55:32;20851;86;31.2;27.9;2.667;2.087;1.532;3.032;0.148;1.593;20852
B315F1;2015/02/26 01:55:43;20852;92;28.7;27.9;2.796;2.080;1.532;3.032;0.122;1.590;20853
B315F1;2015/02/26 01:55:52;20853;85;29.6;27.6;2.606;2.080;1.496;3.032;0.122;1.622;20854
B315F1;2015/02/26 01:56:03;20854;88;31.9;28.6;2.687;2.080;1.496;2.983;0.122;1.616;20855
B315F1;2015/02/26 01:56:12;20855;85;28.7;28.4;2.590;2.080;1.529;2.983;0.122;1.635;20856
B315F1;2015/02/26 01:56:23;20856;86;31.2;28.8;2.793;2.083;1.529;2.983;0.129;1.596;20857
