B31558;2015/02/24 14:59:17;0;1;30.9;27.9;2.161;-1.000;-1.000;-1.000;-1.000;1.190;1
B31558;2015/02/24 14:59:52;1;91;22.5;28.9;2.409;-1.000;-1.000;-1.000;-1.000;1.190;2
B31558;2015/02/24 15:00:03;2;80;28.3;28.6;2.364;1.325;-1.000;2.529;-1.000;1.203;3
B31558;2015/02/24 15:00:13;3;82;29.0;28.9;2.358;1.325;1.070;2.529;-1.000;1.190;4
B31558;2015/02/24 15:00:23;4;83;27.7;29.1;2.345;1.370;1.070;2.529;0.319;1.180;5
B31558;2015/02/24 15:00:33;5;83;31.2;28.6;2.361;1.370;1.067;2.529;0.319;1.183;6
B31558;2015/02/24 15:00:43;6;90;24.8;28.9;2.396;1.451;1.067;2.483;0.319;1.177;7
B31558;2015/02/24 15:00:53;7;82;31.9;28.8;2.593;1.451;1.064;2.483;0.319;1.219;8
B31558;2015/02/24 15:01:03;8;84;22.5;28.4;2.351;1.522;1.064;2.483;0.193;1.183;9
B31558;2015/02/24 15:01:13;9;85;31.9;28.9;2.577;1.522;1.051;2.483;0.193;1.148;10
B31558;2015/02/24 15:01:23;10;90;25.1;28.9;2.583;1.538;1.051;2.535;0.193;1.161;11
B31558;2015/02/24 15:01:33;11;75;31.2;29.1;2.558;1.538;1.064;2.535;0.193;1.125;12
B31558;2015/02/24 15:01:43;12;87;22.5;28.9;2.622;1.593;1.064;2.535;0.216;1.167;13
B31558;2015/02/24 15:01:53;13;81;25.1;29.1;2.383;1.593;1.109;2.535;0.216;1.129;14
B31558;2015/02/24 15:02:03;14;80;31.9;29.1;2.583;1.561;1.109;2.570;0.216;1.148;15
B31558;2015/02/24 15:02:13;15;88;23.5;29.3;2.500;1.561;1.103;2.570;0.216;1.129;16
B31558;2015/02/24 15:02:23;16;83;29.6;29.5;2.603;1.616;1.103;2.570;0.261;1.170;17
B31558;2015/02/24 15:02:33;17;85;21.2;29.1;2.409;1.616;1.045;2.570;0.261;1.132;18
B31558;2015/02/24 15:02:43;18;76;27.4;28.4;2.548;1.609;1.045;2.622;0.261;1.132;19
B31558;2015/02/24 15:02:53;19;81;29.6;28.9;2.638;1.609;1.099;2.622;0.261;1.138;20
B31558;2015/02/24 15:03:03;20;84;30.9;29.5;2.590;1.580;1.099;2.622;0.174;1.132;21
B31558;2015/02/24 15:03:13;21;85;28.0;28.9;2.625;1.580;1.045;2.622;0.174;1.125;22
B31558;2015/02/24 15:03:23;22;90;30.9;29.1;2.367;1.622;1.045;2.648;0.174;1.119;23
B31558;2015/02/24 15:03:33;23;90;29.6;29.3;2.396;1.622;1.054;2.648;0.174;1.161;24
B31558;2015/02/24 15:03:43;24;83;24.5;28.6;2.380;1.645;1.054;2.648;0.254;1.158;25
B31558;2015/02/24 15:03:53;25;86;25.4;28.9;2.580;1.645;1.058;2.648;0.254;1.129;26
B31558;2015/02/24 15:04:03;26;87;24.1;28.9;2.467;1.625;1.058;2.632;0.254;1.129;27
B31558;2015/02/24 15:04:13;27;94;22.9;30.0;2.567;1.625;1.080;2.632;0.254;1.154;28
B31558;2015/02/24 15:04:23;28;83;21.9;29.3;2.645;1.661;1.080;2.632;0.183;1.161;29
B31558;2015/02/24 15:04:33;29;84;29.6;29.5;2.516;1.661;1.125;2.632;0.183;1.122;30
B31558;2015/02/24 15:04:43;30;84;26.4;28.8;2.409;1.645;1.125;2.677;0.183;1.148;31
B31558;2015/02/24 15:04:53;31;87;31.2;28.4;2.593;1.645;1.058;2.677;0.183;1.138;32
B31558;2015/02/24 15:05:03;32;90;27.4;28.3;2.387;1.664;1.058;2.677;0.177;1.106;33
B31558;2015/02/24 15:05:13;33;85;28.3;29.1;2.380;1.664;1.122;2.677;0.177;1.129;34
B31558;2015/02/24 15:05:23;34;88;23.5;28.4;2.609;1.667;1.122;2.677;0.177;1.112;35
B31558;2015/02/24 15:05:33;35;76;25.8;29.8;2.545;1.667;1.067;2.677;0.177;1.154;36
B31558;2015/02/24 15:05:43;36;83;27.7;29.3;2.406;1.622;1.067;2.677;0.180;1.129;37
B31558;2015/02/24 15:05:53;37;93;23.5;29.6;2.570;1.622;1.061;2.677;0.180;1.109;38
B31558;2015/02/24 15:06:03;38;84;24.8;29.3;2.548;1.641;1.061;2.635;0.180;1.154;39
B31558;2015/02/24 15:06:13;39;86;23.2;28.8;2.393;1.641;1.129;2.635;0.180;1.090;40
B31558;2015/02/24 15:06:23;40;82;27.4;28.3;2.645;1.629;1.129;2.635;0.187;1.129;41
B31558;2015/02/24 15:06:33;41;87;24.8;28.8;2.477;1.629;1.064;2.635;0.187;1.093;42
B31558;2015/02/24 15:06:43;42;83;30.6;28.8;2.635;1.658;1.064;2.661;0.187;1.077;43
B31558;2015/02/24 15:06:53;43;82;28.7;29.1;2.512;1.658;1.067;2.661;0.187;1.106;44
B31558;2015/02/24 15:07:03;44;85;30.6;28.9;2.596;1.680;1.067;2.661;0.241;1.083;45
B31558;2015/02/24 15:07:13;45;88;31.9;28.6;2.603;1.680;1.080;2.661;0.241;1.119;46
B31558;2015/02/24 15:07:23;46;98;31.6;28.9;2.632;1.635;1.080;2.658;0.241;1.083;47
B31558;2015/02/24 15:07:33;47;82;31.6;28.6;2.367;1.635;1.135;2.658;0.241;1.080;48
B31558;2015/02/24 15:07:43;48;83;23.2;28.6;2.509;1.674;1.135;2.658;0.177;1.064;49
B31558;2015/02/24 15:07:53;49;88;33.2;27.9;2.500;1.674;1.116;2.658;0.177;1.067;50
B31558;2015/02/24 15:08:20;0;1;24.5;28.4;2.061;-1.000;-1.000;-1.000;-1.000;1.038;1
B31558;2015/02/24 15:08:56;1;93;28.3;28.1;2.561;-1.000;-1.000;-1.000;-1.000;1.087;2
B31558;2015/02/24 15:09:07;2;84;22.9;29.1;2.509;1.335;-1.000;2.641;-1.000;1.070;3
B31558;2015/02/24 15:09:17;3;87;29.3;28.8;2.370;1.335;1.129;2.641;-1.000;1.112;4
B31558;2015/02/24 15:09:27;4;92;25.1;29.1;2.538;1.396;1.129;2.641;0.338;1.074;5
B31558;2015/02/24 15:09:37;5;74;31.2;28.3;2.632;1.396;1.103;2.641;0.338;1.074;6
B31558;2015/02/24 15:09:47;6;84;28.7;28.4;2.603;1.480;1.103;2.561;0.338;1.106;7
B31558;2015/02/24 15:09:57;7;90;31.2;29.3;2.625;1.480;1.164;2.561;0.338;1.116;8
B31558;2015/02/24 15:10:07;8;88;33.5;29.5;2.625;1.532;1.164;2.561;0.251;1.116;9
B31558;2015/02/24 15:10:17;9;83;32.2;28.9;2.354;1.532;1.109;2.561;0.251;1.096;10
B31558;2015/02/24 15:10:27;10;82;32.2;29.3;2.500;1.574;1.109;2.638;0.251;1.129;11
B31558;2015/02/24 15:10:37;11;89;22.2;29.1;2.532;1.574;1.158;2.638;0.251;1.109;12
B31558;2015/02/24 15:10:47;12;95;30.0;28.8;2.632;1.612;1.158;2.638;0.222;1.099;13
B31558;2015/02/24 15:10:57;13;86;29.3;28.9;2.600;1.612;1.158;2.638;0.222;1.106;14
B31558;2015/02/24 15:11:07;14;83;30.0;28.3;2.393;1.625;1.158;2.683;0.222;1.125;15
B31558;2015/02/24 15:11:17;15;87;26.4;28.3;2.583;1.625;1.087;2.683;0.222;1.135;16
B31558;2015/02/24 15:11:27;16;83;25.1;28.9;2.448;1.658;1.087;2.683;0.212;1.116;17
B31558;2015/02/24 15:11:37;17;83;23.5;28.8;2.467;1.658;1.122;2.683;0.212;1.096;18
B31558;2015/02/24 15:11:47;18;76;31.2;28.9;2.538;1.622;1.122;2.696;0.212;1.116;19
B31558;2015/02/24 15:11:57;19;91;21.9;28.6;2.593;1.622;1.145;2.696;0.212;1.090;20
B31558;2015/02/24 15:12:07;20;86;25.8;28.4;2.361;1.658;1.145;2.696;0.216;1.132;21
B31558;2015/02/24 15:12:17;21;89;29.0;28.8;2.606;1.658;1.154;2.696;0.216;1.096;22
B31558;2015/02/24 15:12:27;22;91;29.6;28.6;2.370;1.629;1.154;2.641;0.216;1.106;23
B31558;2015/02/24 15:12:37;23;88;21.9;29.1;2.538;1.629;1.119;2.641;0.216;1.125;24
B31558;2015/02/24 15:12:47;24;81;24.5;29.3;2.367;1.677;1.119;2.641;0.219;1.080;25
B31558;2015/02/24 15:12:57;25;84;21.9;29.1;2.403;1.677;1.116;2.641;0.219;1.074;26
B31558;2015/02/24 15:13:07;26;78;23.2;28.6;2.358;1.641;1.116;2.648;0.219;1.106;27
B31558;2015/02/24 15:13:17;27;82;32.9;28.3;2.629;1.641;1.145;2.648;0.219;1.109;28
B31558;2015/02/24 15:13:27;28;82;32.2;28.8;2.612;1.641;1.145;2.648;0.206;1.096;29
B31558;2015/02/24 15:13:37;29;84;28.0;29.3;2.367;1.641;1.161;2.648;0.206;1.109;30
B31558;2015/02/24 15:13:47;30;92;27.7;28.9;2.480;1.667;1.161;2.693;0.206;1.125;31
B31558;2015/02/24 15:13:57;31;81;23.8;28.9;2.506;1.667;1.119;2.693;0.206;1.145;32
B31558;2015/02/24 15:14:07;32;95;23.2;28.9;2.593;1.661;1.119;2.693;0.229;1.145;33
B31558;2015/02/24 15:14:17;33;91;33.2;28.6;2.625;1.661;1.158;2.693;0.229;1.174;34
B31558;2015/02/24 15:14:27;34;94;25.1;28.3;2.503;1.712;1.158;2.674;0.229;1.170;35
B31558;2015/02/24 15:14:37;35;84;25.8;28.3;2.345;1.712;1.099;2.674;0.229;1.135;36
B31558;2015/02/24 15:14:47;36;88;33.8;28.6;2.551;1.716;1.099;2.674;0.283;1.154;37
B31558;2015/02/24 15:14:57;37;86;27.4;28.8;2.351;1.716;1.167;2.674;0.283;1.196;38
B31558;2015/02/24 15:15:07;38;86;32.5;28.9;2.364;1.696;1.167;2.741;0.283;1.170;39
B31558;2015/02/24 15:15:17;39;92;25.8;29.1;2.516;1.696;1.161;2.741;0.283;1.212;40
B31558;2015/02/24 15:15:27;40;97;27.7;28.6;2.506;1.674;1.161;2.741;0.212;1.196;41
B31558;2015/02/24 15:15:37;41;88;30.6;28.6;2.435;1.674;1.103;2.741;0.212;1.167;42
B31558;2015/02/24 15:15:47;42;81;32.5;28.6;2.480;1.716;1.103;2.735;0.212;1.141;43
B31558;2015/02/24 15:15:57;43;84;24.1;27.7;2.525;1.716;1.141;2.735;0.212;1.138;44
B31558;2015/02/24 15:16:07;44;88;27.7;28.6;2.538;1.680;1.141;2.735;0.206;1.135;45
B31558;2015/02/24 15:16:17;45;84;27.7;28.9;2.570;1.680;1.180;2.735;0.206;1.135;46
B31558;2015/02/24 15:16:27;46;84;31.2;28.9;2.374;1.687;1.180;2.709;0.206;1.161;47
B31558;2015/02/24 15:16:37;47;84;26.4;29.1;2.364;1.687;1.109;2.709;0.206;1.161;48
B31558;2015/02/24 15:16:47;48;78;27.4;28.3;2.593;1.703;1.109;2.709;0.338;1.135;49
B31558;2015/02/24 15:16:57;49;86;29.6;28.9;2.577;1.703;1.116;2.709;0.338;1.116;50
B31558;2015/02/24 15:17:07;50;90;26.4;28.6;2.380;1.690;1.116;2.716;0.338;1.116;51
B31558;2015/02/24 15:17:17;51;75;22.2;29.1;2.429;1.690;1.125;2.716;0.338;1.161;52
B31558;2015/02/24 15:17:27;52;81;26.1;28.9;2.387;1.738;1.125;2.716;0.261;1.119;53
B31558;2015/02/24 15:17:37;53;84;22.2;28.8;2.383;1.738;1.174;2.716;0.261;1.158;54
B31558;2015/02/24 15:17:47;54;95;34.1;28.8;2.393;1.699;1.174;2.719;0.261;1.167;55
B31558;2015/02/24 15:17:57;55;83;26.7;28.9;2.567;1.699;1.183;2.719;0.261;1.135;56
B31558;2015/02/24 15:18:07;56;98;23.8;28.6;2.383;1.693;1.183;2.719;0.193;1.132;57
B31558;2015/02/24 15:18:17;57;85;34.5;28.8;2.367;1.693;1.125;2.719;0.193;1.158;58
B31558;2015/02/24 15:18:27;58;88;27.7;28.9;2.545;1.709;1.125;2.680;0.193;1.129;59
B31558;2015/02/24 15:18:37;59;89;25.1;29.6;2.480;1.709;1.132;2.680;0.193;1.138;60
B31558;2015/02/24 15:18:47;60;93;23.5;29.3;2.354;1.706;1.132;2.680;0.248;1.180;61
B31558;2015/02/24 15:18:57;61;88;24.1;30.2;2.512;1.706;1.164;2.680;0.248;1.151;62
B31558;2015/02/24 15:19:07;62;76;29.0;29.5;2.600;1.703;1.164;2.745;0.248;1.158;63
B31558;2015/02/24 15:19:17;63;77;28.3;29.1;2.425;1.703;1.190;2.745;0.248;1.183;64
B31558;2015/02/24 15:19:27;64;79;28.0;28.9;2.432;1.699;1.190;2.745;0.235;1.138;65
B31558;2015/02/24 15:19:37;65;93;26.4;29.5;2.358;1.699;1.125;2.745;0.235;1.174;66
B31558;2015/02/24 15:19:47;66;81;31.2;28.9;2.445;1.745;1.125;2.735;0.235;1.151;67
B31558;2015/02/24 15:19:57;67;86;27.7;28.4;2.545;1.745;1.141;2.735;0.235;1.138;68
B31558;2015/02/24 15:20:21;0;1;20.3;31.0;2.361;-1.000;-1.000;-1.000;-1.000;1.054;1
B31558;2015/02/24 15:26:07;1;99;18.3;31.5;2.293;-1.000;-1.000;-1.000;-1.000;1.009;2
B31558;2015/02/24 15:26:18;2;77;27.7;31.0;2.351;1.425;-1.000;2.758;-1.000;0.990;3
B31558;2015/02/24 15:26:27;3;82;23.8;31.2;2.341;1.425;1.209;2.758;-1.000;0.987;4
B31558;2015/02/24 15:26:38;4;88;24.5;30.2;2.603;1.480;1.209;2.758;0.477;1.016;5
B31558;2015/02/24 15:26:47;5;83;18.7;30.9;2.525;1.480;1.132;2.758;0.477;1.000;6
B31558;2015/02/24 15:26:58;6;87;22.5;30.2;2.496;1.577;1.132;2.577;0.477;1.038;7
B31558;2015/02/24 15:27:07;7;75;26.7;30.2;2.603;1.577;1.122;2.577;0.477;1.038;8
B31558;2015/02/24 15:27:18;8;84;25.4;30.2;2.348;1.587;1.122;2.577;0.287;1.022;9
B31558;2015/02/24 15:27:27;9;73;19.6;29.8;2.506;1.587;1.129;2.577;0.287;1.035;10
B31558;2015/02/24 15:27:38;10;88;21.9;29.6;2.412;1.606;1.129;2.590;0.287;1.045;11
B31558;2015/02/24 15:27:47;11;77;28.7;29.6;2.645;1.606;1.096;2.590;0.287;1.064;12
B31558;2015/02/24 15:27:58;12;79;21.9;29.6;2.387;1.638;1.096;2.590;0.232;1.093;13
B31558;2015/02/24 15:28:07;13;73;28.3;30.0;2.387;1.638;1.158;2.590;0.232;1.090;14
B31558;2015/02/24 15:28:18;14;87;26.1;29.6;2.525;1.625;1.158;2.564;0.232;1.106;15
B31558;2015/02/24 15:28:27;15;86;25.1;29.5;2.403;1.625;1.138;2.564;0.232;1.161;16
B31558;2015/02/24 15:28:38;16;88;21.9;29.5;2.412;1.670;1.138;2.564;0.193;1.158;17
B31558;2015/02/24 15:28:47;17;91;30.6;29.1;2.670;1.670;1.080;2.564;0.193;1.154;18
B31558;2015/02/24 15:28:58;18;88;21.9;29.3;2.609;1.654;1.080;2.564;0.193;1.167;19
B31558;2015/02/24 15:29:07;19;74;29.3;29.3;2.677;1.654;1.145;2.564;0.193;1.145;20
B31558;2015/02/24 15:29:18;20;84;21.9;29.3;2.490;1.651;1.145;2.564;0.199;1.154;21
B31558;2015/02/24 15:29:27;21;88;20.6;28.9;2.406;1.651;1.093;2.564;0.199;1.219;22
B31558;2015/02/24 15:29:38;22;92;26.4;28.8;2.670;1.641;1.093;2.583;0.199;1.199;23
B31558;2015/02/24 15:29:47;23;80;30.6;28.9;2.406;1.641;1.074;2.583;0.199;1.229;24
B31558;2015/02/24 15:29:58;24;84;28.7;28.4;2.538;1.641;1.074;2.583;0.170;1.254;25
B31558;2015/02/24 15:30:07;25;80;27.7;28.6;2.445;1.641;1.087;2.583;0.170;1.261;26
B31558;2015/02/24 15:30:18;26;90;28.3;28.8;2.654;1.641;1.087;2.561;0.170;1.251;27
B31558;2015/02/24 15:30:27;27;86;27.4;28.9;2.670;1.641;1.070;2.561;0.170;1.261;28
B31558;2015/02/24 15:30:38;28;93;24.5;28.4;2.416;1.645;1.070;2.561;0.180;1.261;29
B31558;2015/02/24 15:30:47;29;73;20.9;28.4;2.403;1.645;1.077;2.561;0.180;1.303;30
B31558;2015/02/24 15:30:58;30;83;24.5;27.7;2.432;1.677;1.077;2.609;0.180;1.254;31
B31558;2015/02/24 15:31:07;31;81;22.2;28.3;2.516;1.677;1.129;2.609;0.180;1.267;32
B31558;2015/02/24 15:31:18;32;87;25.1;28.6;2.506;1.674;1.129;2.609;0.170;1.309;33
B31558;2015/02/24 15:31:27;33;88;24.5;28.4;2.429;1.674;1.087;2.609;0.170;1.270;34
B31558;2015/02/24 15:31:38;34;87;24.5;28.1;2.461;1.667;1.087;2.570;0.170;1.287;35
B31558;2015/02/24 15:31:47;35;85;24.1;28.1;2.564;1.667;1.070;2.570;0.170;1.319;36
B31558;2015/02/24 15:31:58;36;84;21.6;28.4;2.429;1.658;1.070;2.570;0.174;1.300;37
B31558;2015/02/24 15:32:07;37;77;28.3;27.6;2.670;1.658;1.061;2.570;0.174;1.338;38
B31558;2015/02/24 15:32:18;38;84;28.7;28.3;2.564;1.670;1.061;2.609;0.174;1.358;39
B31558;2015/02/24 15:32:27;39;89;31.9;28.1;2.425;1.670;1.093;2.609;0.174;1.316;40
B31558;2015/02/24 15:32:38;40;91;32.5;28.3;2.654;1.693;1.093;2.609;0.193;1.316;41
B31558;2015/02/24 15:32:47;41;88;21.9;27.7;2.590;1.693;1.067;2.609;0.193;1.319;42
B31558;2015/02/24 15:32:58;42;83;25.8;27.0;2.458;1.690;1.067;2.570;0.193;1.316;43
B31558;2015/02/24 15:33:07;43;87;26.4;27.4;2.690;1.690;1.064;2.570;0.193;1.361;44
B31558;2015/02/24 15:33:18;44;89;30.0;26.9;2.412;1.683;1.064;2.570;0.222;1.322;45
B31558;2015/02/24 15:33:27;45;81;31.6;27.4;2.690;1.683;1.080;2.570;0.222;1.316;46
B31558;2015/02/24 15:33:38;46;87;23.8;27.6;2.590;1.693;1.080;2.574;0.222;1.338;47
B31558;2015/02/24 15:33:47;47;89;29.0;27.0;2.664;1.693;1.067;2.574;0.222;1.351;48
B31558;2015/02/24 15:33:58;48;93;23.8;27.6;2.574;1.664;1.067;2.574;0.148;1.322;49
B31558;2015/02/24 15:34:07;49;84;26.1;27.0;2.606;1.664;1.061;2.574;0.148;1.329;50
B31558;2015/02/24 15:34:18;50;81;27.0;27.4;2.503;1.658;1.061;2.609;0.148;1.338;51
B31558;2015/02/24 15:34:27;51;77;30.3;26.9;2.422;1.658;1.067;2.609;0.148;1.364;52
B31558;2015/02/24 15:34:38;52;92;30.6;26.3;2.683;1.651;1.067;2.609;0.145;1.387;53
B31558;2015/02/24 15:34:47;53;73;24.5;26.3;2.583;1.651;1.077;2.609;0.145;1.358;54
B31558;2015/02/24 15:34:58;54;79;27.4;26.5;2.683;1.687;1.077;2.616;0.145;1.367;55
B31558;2015/02/24 15:35:07;55;88;32.2;27.0;2.564;1.687;1.132;2.616;0.145;1.367;56
B31558;2015/02/24 15:35:18;56;90;26.4;26.9;2.667;1.677;1.132;2.616;0.151;1.370;57
B31558;2015/02/24 15:35:27;57;83;31.2;27.2;2.696;1.677;1.093;2.616;0.151;1.387;58
B31558;2015/02/24 15:35:38;58;82;26.4;26.7;2.661;1.664;1.093;2.622;0.151;1.364;59
B31558;2015/02/24 15:35:47;59;82;31.6;26.5;2.696;1.664;1.129;2.622;0.151;1.377;60
B31558;2015/02/24 15:35:58;60;85;25.4;26.5;2.535;1.658;1.129;2.622;0.158;1.393;61
B31558;2015/02/24 15:36:07;61;73;23.8;27.2;2.629;1.658;1.067;2.622;0.158;1.351;62
B31558;2015/02/24 15:36:18;62;78;30.9;26.3;2.680;1.667;1.067;2.580;0.158;1.348;63
B31558;2015/02/24 15:36:27;63;93;30.3;26.5;2.438;1.667;1.074;2.580;0.158;1.364;64
B31558;2015/02/24 15:36:38;64;78;29.3;26.7;2.687;1.664;1.074;2.580;0.154;1.377;65
B31558;2015/02/24 15:36:47;65;84;33.2;26.3;2.654;1.664;1.129;2.580;0.154;1.387;66
B31558;2015/02/24 15:36:58;66;83;33.8;26.5;2.583;1.703;1.129;2.590;0.154;1.412;67
B31558;2015/02/24 15:37:07;67;86;23.5;26.5;2.496;1.703;1.061;2.590;0.154;1.422;68
B31558;2015/02/24 15:37:18;68;89;29.3;26.9;2.609;1.680;1.061;2.590;0.183;1.429;69
B31558;2015/02/24 15:37:27;69;86;23.2;26.7;2.477;1.680;1.083;2.590;0.183;1.396;70
B31558;2015/02/24 15:37:38;70;82;27.7;26.7;2.412;1.674;1.083;2.596;0.183;1.425;71
B31558;2015/02/24 15:37:47;71;88;28.7;26.3;2.661;1.674;1.083;2.596;0.183;1.390;72
B31558;2015/02/24 15:37:58;72;88;24.1;26.7;2.448;1.693;1.083;2.596;0.154;1.412;73
B31558;2015/02/24 15:38:07;73;83;32.5;26.2;2.664;1.693;1.061;2.596;0.154;1.387;74
B31558;2015/02/24 15:38:18;74;84;31.9;26.5;2.603;1.690;1.061;2.551;0.154;1.422;75
B31558;2015/02/24 15:38:27;75;86;24.1;26.2;2.564;1.690;1.058;2.551;0.154;1.403;76
B31558;2015/02/24 15:38:38;76;79;28.0;26.2;2.419;1.703;1.058;2.551;0.270;1.409;77
B31558;2015/02/24 15:38:47;77;86;24.1;26.3;2.467;1.703;1.125;2.551;0.270;1.445;78
B31558;2015/02/24 15:38:58;78;84;25.8;26.7;2.429;1.670;1.125;2.545;0.270;1.409;79
B31558;2015/02/24 15:39:07;79;75;32.2;26.3;2.651;1.670;1.074;2.545;0.270;1.406;80
B31558;2015/02/24 15:39:18;80;77;30.0;26.2;2.412;1.670;1.074;2.545;0.154;1.464;81
B31558;2015/02/24 15:39:27;81;77;23.8;26.3;2.590;1.670;1.125;2.545;0.154;1.425;82
B31558;2015/02/24 15:39:38;82;84;27.7;26.2;2.677;1.674;1.125;2.580;0.154;1.448;83
B31558;2015/02/24 15:39:47;83;90;23.2;26.0;2.461;1.674;1.064;2.580;0.154;1.461;84
B31558;2015/02/24 15:39:58;84;83;30.6;26.3;2.648;1.674;1.064;2.580;0.135;1.441;85
B31558;2015/02/24 15:40:07;85;84;22.9;26.9;2.464;1.674;1.083;2.580;0.135;1.477;86
B31558;2015/02/24 15:40:18;86;93;28.0;26.2;2.416;1.674;1.083;2.577;0.135;1.487;87
B31558;2015/02/24 15:40:27;87;89;22.9;26.2;2.454;1.674;1.064;2.577;0.135;1.441;88
B31558;2015/02/24 15:40:38;88;90;33.8;26.0;2.612;1.706;1.064;2.577;0.177;1.448;89
B31558;2015/02/24 15:40:47;89;83;33.5;26.0;2.658;1.706;1.067;2.577;0.177;1.419;90
B31558;2015/02/24 15:40:58;90;83;27.7;25.7;2.438;1.719;1.067;2.603;0.177;1.432;91
B31558;2015/02/24 15:41:07;91;83;28.3;26.2;2.461;1.719;1.077;2.603;0.177;1.432;92
B31558;2015/02/24 15:41:18;92;83;28.7;26.3;2.661;1.670;1.077;2.603;0.135;1.483;93
B31558;2015/02/24 15:41:27;93;91;34.5;25.5;2.577;1.670;1.093;2.603;0.135;1.480;94
B31558;2015/02/24 15:41:38;94;87;29.6;26.5;2.551;1.693;1.093;2.554;0.135;1.445;95
B31558;2015/02/24 15:41:47;95;82;28.0;26.0;2.690;1.693;1.122;2.554;0.135;1.467;96
B31558;2015/02/24 15:41:58;96;86;24.5;26.0;2.516;1.674;1.122;2.554;0.148;1.483;97
B31558;2015/02/24 15:42:07;97;87;26.1;25.7;2.664;1.674;1.064;2.554;0.148;1.458;98
B31558;2015/02/24 15:42:18;98;78;29.6;25.7;2.674;1.706;1.064;2.548;0.148;1.435;99
B31558;2015/02/24 15:42:27;99;73;23.5;26.2;2.419;1.706;1.119;2.548;0.148;1.438;100
B31558;2015/02/24 15:42:38;100;83;29.3;26.2;2.532;1.716;1.119;2.548;0.132;1.483;101
B31558;2015/02/24 15:42:47;101;75;28.7;26.2;2.493;1.716;1.096;2.548;0.132;1.458;102
B31558;2015/02/24 15:42:58;102;85;33.2;26.2;2.574;1.712;1.096;2.554;0.132;1.448;103
B31558;2015/02/24 15:43:07;103;78;24.8;25.7;2.522;1.712;1.070;2.554;0.132;1.448;104
B31558;2015/02/24 15:43:18;104;93;23.2;26.2;2.412;1.677;1.070;2.554;0.129;1.467;105
B31558;2015/02/24 15:43:27;105;83;27.7;26.0;2.412;1.677;1.125;2.554;0.129;1.435;106
B31558;2015/02/24 15:43:38;106;83;26.7;25.8;2.438;1.712;1.125;2.574;0.129;1.464;107
B31558;2015/02/24 15:43:47;107;89;33.5;25.5;2.538;1.712;1.090;2.574;0.129;1.477;108
B31558;2015/02/24 15:43:58;108;89;29.0;26.5;2.645;1.677;1.090;2.574;0.116;1.474;109
B31558;2015/02/24 15:44:07;109;87;27.0;26.5;2.435;1.677;1.070;2.574;0.116;1.467;110
B31558;2015/02/24 15:44:18;110;77;25.1;26.3;2.441;1.722;1.070;2.561;0.116;1.480;111
B31558;2015/02/24 15:44:27;111;86;23.5;26.3;2.696;1.722;1.064;2.561;0.116;1.445;112
B31558;2015/02/24 15:44:38;112;91;29.3;25.7;2.419;1.703;1.064;2.561;0.116;1.445;113
B31558;2015/02/24 15:44:47;113;83;24.5;25.5;2.635;1.703;1.090;2.561;0.116;1.435;114
B31558;2015/02/24 15:44:58;114;86;30.6;25.5;2.412;1.725;1.090;2.603;0.116;1.474;115
B31558;2015/02/24 15:45:07;115;78;23.2;26.2;2.454;1.725;1.064;2.603;0.116;1.438;116
B31558;2015/02/24 15:45:18;116;84;30.0;25.7;2.683;1.703;1.064;2.603;0.122;1.461;117
B31558;2015/02/24 15:45:27;117;89;22.9;26.7;2.470;1.703;1.070;2.603;0.122;1.490;118
B31558;2015/02/24 15:45:38;118;79;26.4;25.8;2.609;1.683;1.070;2.577;0.122;1.458;119
B31558;2015/02/24 15:45:47;119;80;32.2;25.8;2.435;1.683;1.067;2.577;0.122;1.490;120
B31558;2015/02/24 15:45:58;120;85;25.4;25.8;2.590;1.719;1.067;2.577;0.122;1.454;121
B31558;2015/02/24 15:46:07;121;81;26.4;26.7;2.487;1.719;1.061;2.577;0.122;1.445;122
B31558;2015/02/24 15:46:18;122;92;33.8;25.7;2.554;1.693;1.061;2.564;0.122;1.458;123
B31558;2015/02/24 15:46:27;123;77;24.8;25.7;2.454;1.693;1.129;2.564;0.122;1.483;124
B31558;2015/02/24 15:46:38;124;85;27.4;25.8;2.577;1.693;1.129;2.564;0.109;1.445;125
B31558;2015/02/24 15:46:47;125;72;30.3;26.2;2.622;1.693;1.064;2.564;0.109;1.448;126
B31558;2015/02/24 15:46:58;126;88;31.2;25.8;2.461;1.722;1.064;2.587;0.109;1.464;127
B31558;2015/02/24 15:47:07;127;92;31.9;26.2;2.658;1.722;1.061;2.587;0.109;1.445;128
B31558;2015/02/24 15:47:18;128;93;23.8;25.7;2.509;1.716;1.061;2.587;0.151;1.500;129
B31558;2015/02/24 15:47:27;129;84;30.0;25.8;2.419;1.716;1.125;2.587;0.151;1.483;130
B31558;2015/02/24 15:47:38;130;84;30.0;25.7;2.625;1.693;1.125;2.638;0.151;1.451;131
B31558;2015/02/24 15:47:47;131;85;25.8;26.3;2.441;1.693;1.070;2.638;0.151;1.483;132
B31558;2015/02/24 15:47:58;132;82;26.7;25.8;2.461;1.722;1.070;2.638;0.112;1.490;133
B31558;2015/02/24 15:48:07;133;83;28.7;25.3;2.690;1.722;1.103;2.638;0.112;1.458;134
B31558;2015/02/24 15:48:18;134;93;26.4;25.1;2.664;1.693;1.103;2.570;0.112;1.438;135
B31558;2015/02/24 15:48:27;135;81;29.6;26.2;2.677;1.693;1.070;2.570;0.112;1.454;136
B31558;2015/02/24 15:48:38;136;78;27.4;25.7;2.683;1.712;1.070;2.570;0.106;1.500;137
B31558;2015/02/24 15:48:47;137;86;23.5;26.0;2.441;1.712;1.093;2.570;0.106;1.493;138
B31558;2015/02/24 15:48:58;138;87;28.7;25.8;2.538;1.735;1.093;2.625;0.106;1.490;139
B31558;2015/02/24 15:49:07;139;83;22.9;26.0;2.458;1.735;1.064;2.625;0.106;1.448;140
B31558;2015/02/24 15:49:18;140;90;29.0;25.8;2.461;1.693;1.064;2.625;0.170;1.458;141
B31558;2015/02/24 15:49:27;141;88;29.6;25.8;2.638;1.693;1.129;2.625;0.170;1.477;142
B31558;2015/02/24 15:49:38;142;77;33.2;25.8;2.661;1.696;1.129;2.596;0.170;1.477;143
B31558;2015/02/24 15:49:47;143;86;23.5;26.0;2.419;1.696;1.090;2.596;0.170;1.454;144
B31558;2015/02/24 15:49:58;144;79;31.2;25.7;2.409;1.696;1.090;2.596;0.109;1.441;145
B31558;2015/02/24 15:50:07;145;76;32.9;25.7;2.658;1.696;1.058;2.596;0.109;1.458;146
B31558;2015/02/24 15:50:18;146;87;24.5;25.8;2.412;1.722;1.058;2.603;0.109;1.483;147
B31558;2015/02/24 15:50:27;147;88;28.7;25.8;2.654;1.722;1.119;2.603;0.109;1.438;148
B31558;2015/02/24 15:50:38;148;87;26.1;26.0;2.438;1.732;1.119;2.603;0.151;1.483;149
B31558;2015/02/24 15:50:47;149;80;28.3;26.0;2.454;1.732;1.070;2.603;0.151;1.451;150
B31558;2015/02/24 15:50:58;150;91;27.7;26.0;2.461;1.709;1.070;2.574;0.151;1.448;151
B31558;2015/02/24 15:51:07;151;80;28.7;25.1;2.690;1.709;1.125;2.574;0.151;1.461;152
B31558;2015/02/24 15:51:18;152;89;29.0;25.8;2.512;1.703;1.125;2.574;0.164;1.512;153
B31558;2015/02/24 15:51:27;153;88;29.0;25.7;2.490;1.703;1.058;2.574;0.164;1.467;154
B31558;2015/02/24 15:51:38;154;80;29.3;25.3;2.419;1.716;1.058;2.583;0.164;1.448;155
B31558;2015/02/24 15:51:47;155;82;33.8;25.0;2.606;1.716;1.058;2.583;0.164;1.445;156
B31558;2015/02/24 15:51:58;156;86;26.4;25.5;2.683;1.732;1.058;2.583;0.112;1.493;157
B31558;2015/02/24 15:52:07;157;84;22.9;25.7;2.609;1.732;1.096;2.583;0.112;1.490;158
B31558;2015/02/24 15:52:18;158;93;30.0;25.7;2.667;1.725;1.096;2.648;0.112;1.458;159
B31558;2015/02/24 15:52:27;159;83;27.7;26.0;2.500;1.725;1.058;2.648;0.112;1.422;160
B31558;2015/02/24 15:52:38;160;83;27.4;25.5;2.461;1.719;1.058;2.648;0.138;1.441;161
B31558;2015/02/24 15:52:47;161;82;30.6;25.7;2.422;1.719;1.058;2.648;0.138;1.409;162
B31558;2015/02/24 15:52:58;162;88;30.3;25.0;2.683;1.729;1.058;2.609;0.138;1.467;163
B31558;2015/02/24 15:53:07;163;79;27.7;25.0;2.616;1.729;1.132;2.609;0.138;1.451;164
B31558;2015/02/24 15:53:18;164;85;31.2;26.0;2.622;1.706;1.132;2.609;0.125;1.464;165
B31558;2015/02/24 15:53:27;165;93;24.1;25.5;2.667;1.706;1.064;2.609;0.125;1.467;166
B31558;2015/02/24 15:53:38;166;94;28.7;26.2;2.603;1.699;1.064;2.629;0.125;1.474;167
B31558;2015/02/24 15:53:47;167;83;32.5;25.3;2.690;1.699;1.067;2.629;0.125;1.454;168
B31558;2015/02/24 15:53:58;168;89;27.7;25.5;2.432;1.732;1.067;2.629;0.116;1.422;169
B31558;2015/02/24 15:54:07;169;91;27.0;26.0;2.538;1.732;1.093;2.629;0.116;1.474;170
B31558;2015/02/24 15:54:18;170;90;26.1;25.8;2.464;1.712;1.093;2.625;0.116;1.461;171
B31558;2015/02/24 15:54:27;171;75;30.6;25.8;2.687;1.712;1.125;2.625;0.116;1.464;172
B31558;2015/02/24 15:54:38;172;83;29.0;25.3;2.483;1.706;1.125;2.625;0.109;1.461;173
B31558;2015/02/24 15:54:47;173;77;24.1;25.3;2.664;1.706;1.119;2.625;0.109;1.490;174
B31558;2015/02/24 15:54:58;174;88;29.6;25.5;2.641;1.722;1.119;2.577;0.109;1.474;175
B31558;2015/02/24 15:55:07;175;91;33.5;25.5;2.483;1.722;1.067;2.577;0.109;1.464;176
B31558;2015/02/24 15:55:18;176;85;24.8;25.3;2.425;1.732;1.067;2.577;0.080;1.458;177
B31558;2015/02/24 15:55:27;177;89;24.1;25.3;2.554;1.732;1.070;2.577;0.080;1.493;178
B31558;2015/02/24 15:55:38;178;83;26.4;25.3;2.683;1.699;1.070;2.622;0.080;1.461;179
B31558;2015/02/24 15:55:47;179;77;27.0;25.7;2.441;1.699;1.112;2.622;0.080;1.480;180
B31558;2015/02/24 15:55:58;180;83;34.8;25.3;2.470;1.683;1.112;2.622;0.138;1.470;181
B31558;2015/02/24 15:56:07;181;87;33.5;24.8;2.451;1.683;1.103;2.622;0.138;1.503;182
B31558;2015/02/24 15:56:18;182;88;24.8;25.7;2.412;1.683;1.103;2.570;0.138;1.519;183
B31558;2015/02/24 15:56:27;183;93;30.3;25.3;2.412;1.683;1.077;2.570;0.138;1.474;184
B31558;2015/02/24 15:56:38;184;85;33.5;25.5;2.503;1.683;1.077;2.570;0.103;1.477;185
B31558;2015/02/24 15:56:47;185;88;25.1;25.5;2.632;1.683;1.051;2.570;0.103;1.448;186
B31558;2015/02/24 15:56:58;186;93;23.2;25.8;2.487;1.706;1.051;2.577;0.103;1.451;187
B31558;2015/02/24 15:57:07;187;82;27.0;26.0;2.545;1.706;1.090;2.577;0.103;1.458;188
B31558;2015/02/24 15:57:18;188;83;29.6;25.1;2.683;1.729;1.090;2.577;0.083;1.480;189
B31558;2015/02/24 15:57:27;189;83;33.5;25.5;2.558;1.729;1.077;2.577;0.083;1.454;190
B31558;2015/02/24 15:57:38;190;93;26.1;25.7;2.448;1.680;1.077;2.625;0.083;1.445;191
B31558;2015/02/24 15:57:47;191;83;24.5;26.0;2.629;1.680;1.112;2.625;0.083;1.483;192
B31558;2015/02/24 15:57:58;192;83;30.0;25.5;2.454;1.683;1.112;2.625;0.145;1.445;193
B31558;2015/02/24 15:58:07;193;76;32.9;25.7;2.654;1.683;1.054;2.625;0.145;1.445;194
B31558;2015/02/24 15:58:18;194;88;32.9;25.8;2.577;1.722;1.054;2.619;0.145;1.445;195
B31558;2015/02/24 15:58:27;195;74;23.2;25.7;2.464;1.722;1.064;2.619;0.145;1.438;196
B31558;2015/02/24 15:58:38;196;91;33.2;26.0;2.616;1.732;1.064;2.619;0.238;1.496;197
B31558;2015/02/24 15:58:47;197;72;24.8;25.5;2.470;1.732;1.109;2.619;0.238;1.509;198
B31558;2015/02/24 15:58:58;198;85;28.7;26.5;2.654;1.696;1.109;2.629;0.238;1.483;199
B31558;2015/02/24 15:59:07;199;88;32.2;25.5;2.461;1.696;1.058;2.629;0.238;1.480;200
B31558;2015/02/24 15:59:18;200;93;24.1;25.7;2.432;1.693;1.058;2.629;0.119;1.483;201
B31558;2015/02/24 15:59:27;201;84;29.0;26.0;2.635;1.693;1.067;2.629;0.119;1.441;202
B31558;2015/02/24 15:59:38;202;89;31.9;25.8;2.487;1.722;1.067;2.580;0.119;1.496;203
B31558;2015/02/24 15:59:47;203;85;29.3;25.3;2.658;1.722;1.048;2.580;0.119;1.441;204
B31558;2015/02/24 15:59:58;204;73;23.8;25.5;2.683;1.690;1.048;2.580;0.090;1.480;205
B31558;2015/02/24 16:00:07;205;77;30.9;25.8;2.441;1.690;1.051;2.580;0.090;1.441;206
B31558;2015/02/24 16:00:18;206;92;28.7;25.7;2.590;1.703;1.051;2.574;0.090;1.441;207
B31558;2015/02/24 16:00:27;207;91;31.9;25.8;2.412;1.703;1.051;2.574;0.090;1.480;208
B31558;2015/02/24 16:00:38;208;89;32.5;25.3;2.451;1.683;1.051;2.574;0.099;1.454;209
B31558;2015/02/24 16:00:47;209;74;32.2;24.8;2.474;1.683;1.083;2.574;0.099;1.474;210
B31558;2015/02/24 16:00:58;210;80;26.4;25.8;2.529;1.719;1.083;2.619;0.099;1.483;211
B31558;2015/02/24 16:01:07;211;83;29.3;25.5;2.622;1.719;1.077;2.619;0.099;1.448;212
B31558;2015/02/24 16:01:18;212;89;33.2;25.5;2.583;1.729;1.077;2.619;0.164;1.474;213
B31558;2015/02/24 16:01:27;213;87;28.3;25.5;2.470;1.729;1.064;2.619;0.164;1.445;214
B31558;2015/02/24 16:01:38;214;75;23.2;25.5;2.461;1.716;1.064;2.590;0.164;1.451;215
B31558;2015/02/24 16:01:47;215;88;31.6;25.0;2.412;1.716;1.054;2.590;0.164;1.445;216
B31558;2015/02/24 16:01:58;216;87;24.5;25.1;2.399;1.709;1.054;2.590;0.096;1.448;217
B31558;2015/02/24 16:02:07;217;75;30.0;25.5;2.435;1.709;1.058;2.590;0.096;1.464;218
B31558;2015/02/24 16:02:18;218;89;25.8;25.5;2.425;1.719;1.058;2.596;0.096;1.458;219
B31558;2015/02/24 16:02:27;219;77;23.5;25.7;2.435;1.719;1.083;2.596;0.096;1.506;220
B31558;2015/02/24 16:02:38;220;92;31.9;25.3;2.558;1.719;1.083;2.596;0.083;1.454;221
B31558;2015/02/24 16:02:47;221;93;32.5;25.0;2.577;1.719;1.054;2.596;0.083;1.477;222
B31558;2015/02/24 16:02:58;222;88;28.7;25.3;2.661;1.712;1.054;2.600;0.083;1.474;223
B31558;2015/02/24 16:03:07;223;83;27.0;25.3;2.435;1.712;1.058;2.600;0.083;1.477;224
B31558;2015/02/24 16:03:18;224;94;29.0;25.7;2.658;1.722;1.058;2.600;0.083;1.500;225
B31558;2015/02/24 16:03:27;225;86;27.0;25.3;2.422;1.722;1.119;2.600;0.083;1.506;226
B31558;2015/02/24 16:03:38;226;78;25.8;25.3;2.438;1.693;1.119;2.625;0.083;1.506;227
B31558;2015/02/24 16:03:47;227;77;33.2;25.3;2.470;1.693;1.070;2.625;0.083;1.445;228
B31558;2015/02/24 16:03:58;228;95;30.6;25.1;2.661;1.712;1.070;2.625;0.116;1.445;229
B31558;2015/02/24 16:04:07;229;86;30.6;25.8;2.690;1.712;1.125;2.625;0.116;1.448;230
B31558;2015/02/24 16:04:18;230;75;29.6;25.1;2.425;1.735;1.125;2.596;0.116;1.474;231
B31558;2015/02/24 16:04:27;231;85;27.4;24.6;2.690;1.735;1.083;2.596;0.116;1.451;232
B31558;2015/02/24 16:04:38;232;87;26.7;25.0;2.432;1.719;1.083;2.596;0.096;1.445;233
B31558;2015/02/24 16:04:47;233;83;29.0;25.8;2.458;1.719;1.058;2.596;0.096;1.438;234
B31558;2015/02/24 16:04:58;234;83;32.5;25.3;2.493;1.699;1.058;2.632;0.096;1.425;235
B31558;2015/02/24 16:05:07;235;85;30.6;25.5;2.680;1.699;1.119;2.632;0.096;1.445;236
B31558;2015/02/24 16:05:18;236;80;26.4;25.7;2.496;1.725;1.119;2.632;0.145;1.441;237
B31558;2015/02/24 16:05:27;237;83;32.5;25.1;2.548;1.725;1.070;2.632;0.145;1.438;238
B31558;2015/02/24 16:05:38;238;93;29.6;24.6;2.429;1.693;1.070;2.603;0.145;1.467;239
B31558;2015/02/24 16:05:47;239;86;25.1;25.7;2.470;1.693;1.064;2.603;0.145;1.438;240
B31558;2015/02/24 16:05:58;240;84;25.8;25.1;2.606;1.741;1.064;2.603;0.090;1.425;241
B31558;2015/02/24 16:06:07;241;81;27.0;25.7;2.432;1.741;1.067;2.603;0.090;1.422;242
B31558;2015/02/24 16:06:18;242;89;24.5;25.3;2.570;1.729;1.067;2.603;0.090;1.451;243
B31558;2015/02/24 16:06:27;243;80;33.2;26.0;2.512;1.729;1.077;2.603;0.090;1.451;244
B31558;2015/02/24 16:06:38;244;82;24.1;25.5;2.429;1.745;1.077;2.603;0.103;1.441;245
B31558;2015/02/24 16:06:47;245;82;26.4;24.8;2.590;1.745;1.064;2.603;0.103;1.438;246
B31558;2015/02/24 16:06:58;246;88;30.9;25.1;2.548;1.735;1.064;2.651;0.103;1.480;247
B31558;2015/02/24 16:07:07;247;83;26.7;24.8;2.448;1.735;1.070;2.651;0.103;1.435;248
B31558;2015/02/24 16:07:18;248;72;31.9;25.3;2.532;1.729;1.070;2.651;0.190;1.458;249
B31558;2015/02/24 16:07:27;249;86;32.5;24.8;2.448;1.729;1.067;2.651;0.190;1.458;250
B31558;2015/02/24 16:07:38;250;91;31.9;25.3;2.564;1.745;1.067;2.648;0.190;1.483;251
B31558;2015/02/24 16:07:47;251;87;32.2;25.1;2.432;1.745;1.074;2.648;0.190;1.451;252
B31558;2015/02/24 16:07:58;252;93;29.3;25.1;2.658;1.745;1.074;2.648;0.241;1.470;253
B31558;2015/02/24 16:08:07;253;89;28.3;25.5;2.480;1.745;1.106;2.648;0.241;1.461;254
B31558;2015/02/24 16:08:18;254;86;23.8;25.1;2.409;1.735;1.106;2.619;0.241;1.470;255
B31558;2015/02/24 16:08:27;255;85;24.1;25.3;2.564;1.735;1.080;2.619;0.241;1.435;256
B31558;2015/02/24 16:08:38;256;90;29.3;25.1;2.674;1.712;1.080;2.619;0.093;1.500;257
B31558;2015/02/24 16:08:47;257;90;27.7;25.3;2.432;1.712;1.070;2.619;0.093;1.467;258
B31558;2015/02/24 16:08:58;258;90;24.5;25.3;2.477;1.741;1.070;2.670;0.093;1.441;259
B31558;2015/02/24 16:09:07;259;76;28.3;25.7;2.416;1.741;1.080;2.670;0.093;1.458;260
B31558;2015/02/24 16:09:18;260;90;28.0;25.7;2.683;1.703;1.080;2.670;0.090;1.467;261
B31558;2015/02/24 16:09:27;261;84;32.5;25.0;2.664;1.703;1.067;2.670;0.090;1.464;262
B31558;2015/02/24 16:09:38;262;85;29.6;25.5;2.561;1.748;1.067;2.609;0.090;1.458;263
B31558;2015/02/24 16:09:47;263;86;30.0;25.3;2.512;1.748;1.070;2.609;0.090;1.435;264
B31558;2015/02/24 16:09:58;264;82;33.8;25.5;2.490;1.706;1.070;2.609;0.164;1.483;265
B31558;2015/02/24 16:10:07;265;85;28.3;25.3;2.635;1.706;1.074;2.609;0.164;1.445;266
B31558;2015/02/24 16:10:18;266;81;30.0;25.5;2.461;1.712;1.074;2.616;0.164;1.429;267
B31558;2015/02/24 16:10:27;267;84;32.9;25.1;2.670;1.712;1.077;2.616;0.164;1.429;268
B31558;2015/02/24 16:10:38;268;82;32.5;25.7;2.432;1.729;1.077;2.616;0.090;1.432;269
B31558;2015/02/24 16:10:47;269;75;25.4;24.6;2.677;1.729;1.119;2.616;0.090;1.454;270
B31558;2015/02/24 16:10:58;270;83;28.3;24.6;2.683;1.735;1.119;2.612;0.090;1.441;271
B31558;2015/02/24 16:11:07;271;85;33.2;25.1;2.648;1.735;1.129;2.612;0.090;1.464;272
B31558;2015/02/24 16:11:18;272;83;33.5;25.5;2.535;1.741;1.129;2.612;0.103;1.458;273
B31558;2015/02/24 16:11:27;273;83;33.8;25.1;2.541;1.741;1.116;2.612;0.103;1.487;274
B31558;2015/02/24 16:11:38;274;93;32.2;25.8;2.470;1.751;1.116;2.629;0.103;1.448;275
B31558;2015/02/24 16:11:47;275;81;26.4;25.7;2.538;1.751;1.090;2.629;0.103;1.458;276
B31558;2015/02/24 16:11:58;276;78;35.1;25.5;2.461;1.745;1.090;2.629;0.109;1.467;277
B31558;2015/02/24 16:12:07;277;78;28.7;25.0;2.683;1.745;1.135;2.629;0.109;1.467;278
B31558;2015/02/24 16:12:18;278;74;28.7;25.8;2.641;1.696;1.135;2.645;0.109;1.458;279
B31558;2015/02/24 16:12:27;279;89;30.9;25.5;2.461;1.696;1.074;2.645;0.109;1.451;280
B31558;2015/02/24 16:12:38;280;90;29.3;25.3;2.661;1.722;1.074;2.645;0.109;1.435;281
B31558;2015/02/24 16:12:47;281;93;34.8;24.4;2.451;1.722;1.070;2.645;0.109;1.429;282
B31558;2015/02/24 16:12:58;282;85;23.8;25.1;2.558;1.722;1.070;2.658;0.109;1.422;283
B31558;2015/02/24 16:13:07;283;83;27.7;25.5;2.432;1.722;1.070;2.658;0.109;1.409;284
B31558;2015/02/24 16:13:18;284;88;28.3;25.5;2.583;1.699;1.070;2.658;0.099;1.464;285
B31558;2015/02/24 16:13:27;285;83;23.8;25.3;2.432;1.699;1.070;2.658;0.099;1.445;286
B31558;2015/02/24 16:13:38;286;85;29.3;25.1;2.490;1.699;1.070;2.687;0.099;1.409;287
B31558;2015/02/24 16:13:47;287;88;30.0;25.1;2.658;1.699;1.129;2.687;0.099;1.416;288
B31558;2015/02/24 16:13:58;288;74;29.6;25.3;2.419;1.703;1.129;2.687;0.109;1.422;289
B31558;2015/02/24 16:14:07;289;83;30.3;24.4;2.461;1.703;1.106;2.687;0.109;1.441;290
B31558;2015/02/24 16:14:18;290;93;23.8;25.0;2.483;1.709;1.106;2.635;0.109;1.425;291
B31558;2015/02/24 16:14:27;291;90;25.1;25.8;2.645;1.709;1.070;2.635;0.109;1.438;292
B31558;2015/02/24 16:14:38;292;89;25.1;25.1;2.467;1.722;1.070;2.635;0.125;1.399;293
B31558;2015/02/24 16:14:47;293;83;31.6;24.8;2.474;1.722;1.119;2.635;0.125;1.441;294
B31558;2015/02/24 16:14:58;294;90;26.1;25.0;2.445;1.706;1.119;2.680;0.125;1.425;295
B31558;2015/02/24 16:15:07;295;93;30.6;25.3;2.670;1.706;1.116;2.680;0.125;1.422;296
B31558;2015/02/24 16:15:18;296;84;27.4;25.0;2.509;1.735;1.116;2.680;0.103;1.422;297
B31558;2015/02/24 16:15:27;297;83;31.9;25.3;2.677;1.735;1.083;2.680;0.103;1.441;298
B31558;2015/02/24 16:15:38;298;83;23.2;25.0;2.461;1.722;1.083;2.677;0.103;1.477;299
B31558;2015/02/24 16:15:47;299;71;32.5;24.6;2.483;1.722;1.112;2.677;0.103;1.441;300
B31558;2015/02/24 16:15:58;300;85;24.5;25.0;2.454;1.719;1.112;2.677;0.177;1.458;301
B31558;2015/02/24 16:16:07;301;91;34.5;25.0;2.683;1.719;1.074;2.677;0.177;1.422;302
B31558;2015/02/24 16:16:18;302;76;27.0;25.5;2.632;1.732;1.074;2.651;0.177;1.480;303
B31558;2015/02/24 16:16:27;303;83;26.4;24.8;2.464;1.732;1.074;2.651;0.177;1.448;304
B31558;2015/02/24 16:16:38;304;85;33.8;25.3;2.435;1.738;1.074;2.651;0.096;1.470;305
B31558;2015/02/24 16:16:47;305;82;29.0;25.0;2.493;1.738;1.135;2.651;0.096;1.435;306
B31558;2015/02/24 16:16:58;306;90;30.3;25.5;2.564;1.699;1.135;2.664;0.096;1.435;307
B31558;2015/02/24 16:17:07;307;83;33.2;25.1;2.683;1.699;1.070;2.664;0.096;1.470;308
B31558;2015/02/24 16:17:18;308;92;26.7;25.3;2.438;1.703;1.070;2.664;0.132;1.464;309
B31558;2015/02/24 16:17:27;309;87;24.8;25.5;2.448;1.703;1.077;2.664;0.132;1.435;310
B31558;2015/02/24 16:17:38;310;86;29.3;25.1;2.500;1.703;1.077;2.622;0.132;1.467;311
B31558;2015/02/24 16:17:47;311;91;23.2;25.3;2.612;1.703;1.135;2.622;0.132;1.425;312
B31558;2015/02/24 16:17:58;312;84;26.7;25.0;2.670;1.751;1.135;2.622;0.096;1.429;313
B31558;2015/02/24 16:18:07;313;93;31.9;25.0;2.658;1.751;1.077;2.622;0.096;1.432;314
B31558;2015/02/24 16:18:18;314;94;23.2;25.1;2.493;1.745;1.077;2.625;0.096;1.458;315
B31558;2015/02/24 16:18:27;315;87;24.5;25.7;2.496;1.745;1.129;2.625;0.096;1.480;316
B31558;2015/02/24 16:18:38;316;84;34.5;25.0;2.587;1.745;1.129;2.625;0.132;1.461;317
B31558;2015/02/24 16:18:47;317;86;32.5;24.4;2.474;1.745;1.074;2.625;0.132;1.451;318
B31558;2015/02/24 16:18:58;318;87;28.3;24.6;2.429;1.732;1.074;2.632;0.132;1.467;319
B31558;2015/02/24 16:19:07;319;87;30.3;25.3;2.419;1.732;1.070;2.632;0.132;1.445;320
B31558;2015/02/24 16:19:18;320;84;24.5;25.3;2.412;1.716;1.070;2.632;0.170;1.467;321
B31558;2015/02/24 16:19:27;321;84;31.9;25.1;2.419;1.716;1.135;2.632;0.170;1.429;322
B31558;2015/02/24 16:19:38;322;81;29.6;25.3;2.461;1.732;1.135;2.664;0.170;1.458;323
B31558;2015/02/24 16:19:47;323;87;28.3;25.1;2.425;1.732;1.070;2.664;0.170;1.441;324
B31558;2015/02/24 16:19:58;324;83;27.0;24.6;2.683;1.699;1.070;2.664;0.203;1.496;325
B31558;2015/02/24 16:20:07;325;91;23.8;25.3;2.435;1.699;1.099;2.664;0.203;1.490;326
B31558;2015/02/24 16:20:18;326;83;26.4;25.5;2.451;1.738;1.099;2.609;0.203;1.467;327
B31558;2015/02/24 16:20:27;327;75;32.9;25.3;2.619;1.738;1.074;2.609;0.203;1.441;328
B31558;2015/02/24 16:20:38;328;87;25.4;25.3;2.435;1.738;1.074;2.609;0.099;1.480;329
B31558;2015/02/24 16:20:47;329;81;23.2;25.5;2.454;1.738;1.135;2.609;0.099;1.470;330
B31558;2015/02/24 16:20:58;330;81;24.5;25.0;2.558;1.745;1.135;2.625;0.099;1.454;331
B31558;2015/02/24 16:21:07;331;83;32.5;24.4;2.470;1.745;1.145;2.625;0.099;1.480;332
B31558;2015/02/24 16:21:18;332;83;29.0;25.3;2.622;1.729;1.145;2.625;0.096;1.438;333
B31558;2015/02/24 16:21:27;333;85;29.6;25.3;2.516;1.729;1.119;2.625;0.096;1.474;334
B31558;2015/02/24 16:21:38;334;85;31.6;25.1;2.567;1.706;1.119;2.677;0.096;1.429;335
B31558;2015/02/24 16:21:47;335;92;26.4;25.1;2.432;1.706;1.135;2.677;0.096;1.474;336
B31558;2015/02/24 16:21:58;336;90;29.3;25.0;2.680;1.699;1.135;2.677;0.096;1.429;337
B31558;2015/02/24 16:22:07;337;86;23.8;25.1;2.470;1.699;1.141;2.677;0.096;1.480;338
B31558;2015/02/24 16:22:18;338;79;27.7;24.8;2.629;1.741;1.141;2.629;0.096;1.451;339
B31558;2015/02/24 16:22:27;339;87;25.1;24.6;2.590;1.741;1.109;2.629;0.096;1.467;340
B31558;2015/02/24 16:22:38;340;82;32.5;25.3;2.435;1.703;1.109;2.629;0.116;1.467;341
B31558;2015/02/24 16:22:47;341;75;25.4;24.8;2.451;1.703;1.080;2.629;0.116;1.445;342
B31558;2015/02/24 16:22:58;342;79;31.6;25.3;2.670;1.745;1.080;2.622;0.116;1.470;343
B31558;2015/02/24 16:23:07;343;78;25.1;25.3;2.529;1.745;1.132;2.622;0.116;1.445;344
B31558;2015/02/24 16:23:18;344;91;34.8;25.8;2.603;1.738;1.132;2.622;0.106;1.461;345
B31558;2015/02/24 16:23:27;345;80;29.6;25.1;2.474;1.738;1.090;2.622;0.106;1.441;346
B31558;2015/02/24 16:23:38;346;91;23.8;24.6;2.658;1.735;1.090;2.670;0.106;1.477;347
B31558;2015/02/24 16:23:47;347;71;31.9;24.8;2.619;1.735;1.145;2.670;0.106;1.458;348
B31558;2015/02/24 16:23:58;348;94;24.8;25.5;2.432;1.754;1.145;2.670;0.090;1.480;349
B31558;2015/02/24 16:24:07;349;83;27.4;25.1;2.432;1.754;1.145;2.670;0.090;1.470;350
B31558;2015/02/24 16:24:18;350;81;26.4;25.7;2.593;1.748;1.145;2.677;0.090;1.487;351
B31558;2015/02/24 16:24:27;351;81;23.8;25.5;2.467;1.748;1.080;2.677;0.090;1.422;352
B31558;2015/02/24 16:24:38;352;79;23.8;25.0;2.496;1.732;1.080;2.677;0.138;1.422;353
B31558;2015/02/24 16:24:47;353;80;31.2;25.1;2.677;1.732;1.087;2.677;0.138;1.432;354
B31558;2015/02/24 16:24:58;354;83;31.2;25.3;2.670;1.725;1.087;2.641;0.138;1.490;355
B31558;2015/02/24 16:25:07;355;79;23.8;25.1;2.454;1.725;1.145;2.641;0.138;1.467;356
B31558;2015/02/24 16:25:18;356;83;32.2;25.7;2.583;1.709;1.145;2.641;0.103;1.487;357
B31558;2015/02/24 16:25:27;357;84;23.2;25.0;2.577;1.709;1.080;2.641;0.103;1.448;358
B31558;2015/02/24 16:25:38;358;90;29.0;25.3;2.538;1.709;1.080;2.651;0.103;1.432;359
B31558;2015/02/24 16:25:47;359;84;26.1;25.0;2.596;1.709;1.087;2.651;0.103;1.441;360
B31558;2015/02/24 16:25:58;360;87;24.1;25.5;2.432;1.725;1.087;2.651;0.103;1.451;361
B31558;2015/02/24 16:26:07;361;86;30.9;25.5;2.445;1.725;1.090;2.651;0.103;1.445;362
B31558;2015/02/24 16:26:18;362;91;30.6;25.0;2.409;1.751;1.090;2.677;0.103;1.490;363
B31558;2015/02/24 16:26:27;363;73;30.0;25.5;2.432;1.751;1.090;2.677;0.103;1.448;364
B31558;2015/02/24 16:26:38;364;87;30.0;25.1;2.454;1.754;1.090;2.677;0.109;1.451;365
B31558;2015/02/24 16:26:47;365;86;23.8;25.7;2.487;1.754;1.141;2.677;0.109;1.470;366
B31558;2015/02/24 16:26:58;366;92;31.2;25.0;2.661;1.719;1.141;2.654;0.109;1.458;367
B31558;2015/02/24 16:27:07;367;93;28.3;25.3;2.429;1.719;1.141;2.654;0.109;1.464;368
B31558;2015/02/24 16:27:18;368;88;31.2;25.0;2.425;1.706;1.141;2.654;0.103;1.474;369
B31558;2015/02/24 16:27:27;369;79;27.0;25.1;2.432;1.706;1.145;2.654;0.103;1.464;370
B31558;2015/02/24 16:27:38;370;91;34.1;25.3;2.448;1.741;1.145;2.658;0.103;1.432;371
B31558;2015/02/24 16:27:47;371;89;29.6;25.1;2.493;1.741;1.096;2.658;0.103;1.422;372
B31558;2015/02/24 16:27:58;372;88;31.2;25.3;2.606;1.719;1.096;2.658;0.129;1.422;373
B31558;2015/02/24 16:28:07;373;85;28.0;25.7;2.603;1.719;1.074;2.658;0.129;1.419;374
B31558;2015/02/24 16:28:18;374;82;23.2;24.8;2.406;1.699;1.074;2.677;0.129;1.458;375
B31558;2015/02/24 16:28:27;375;86;32.2;25.3;2.445;1.699;1.074;2.677;0.129;1.461;376
B31558;2015/02/24 16:28:38;376;84;24.5;24.8;2.648;1.709;1.074;2.677;0.154;1.458;377
B31558;2015/02/24 16:28:47;377;92;24.8;25.7;2.435;1.709;1.119;2.677;0.154;1.454;378
B31558;2015/02/24 16:28:58;378;86;29.3;25.5;2.487;1.716;1.119;2.664;0.154;1.458;379
B31558;2015/02/24 16:29:07;379;86;30.9;24.8;2.635;1.716;1.070;2.664;0.154;1.416;380
B31558;2015/02/24 16:29:18;380;82;23.2;25.1;2.419;1.716;1.070;2.664;0.177;1.432;381
B31558;2015/02/24 16:29:27;381;83;34.8;24.3;2.593;1.716;1.132;2.664;0.177;1.448;382
B31558;2015/02/24 16:29:38;382;88;33.2;24.8;2.512;1.703;1.132;2.616;0.177;1.429;383
B31558;2015/02/24 16:29:47;383;77;24.8;25.1;2.558;1.703;1.070;2.616;0.177;1.416;384
B31558;2015/02/24 16:29:58;384;90;31.2;25.5;2.616;1.732;1.070;2.616;0.180;1.441;385
B31558;2015/02/24 16:30:07;385;82;29.3;24.8;2.454;1.732;1.109;2.616;0.180;1.441;386
B31558;2015/02/24 16:30:18;386;93;24.8;25.0;2.570;1.738;1.109;2.648;0.180;1.470;387
B31558;2015/02/24 16:30:27;387;81;32.5;25.0;2.535;1.738;1.070;2.648;0.180;1.432;388
B31558;2015/02/24 16:30:38;388;91;29.3;26.0;2.661;1.693;1.070;2.648;0.103;1.448;389
B31558;2015/02/24 16:30:47;389;81;27.7;25.3;2.512;1.693;1.070;2.648;0.103;1.429;390
B31558;2015/02/24 16:30:58;390;90;27.4;25.0;2.432;1.693;1.070;2.658;0.103;1.438;391
B31558;2015/02/24 16:31:07;391;81;23.8;24.8;2.493;1.693;1.090;2.658;0.103;1.432;392
B31558;2015/02/24 16:31:18;392;93;30.0;25.0;2.506;1.741;1.090;2.658;0.164;1.435;393
B31558;2015/02/24 16:31:27;393;85;24.8;24.8;2.529;1.741;1.070;2.658;0.164;1.454;394
B31558;2015/02/24 16:31:38;394;80;30.3;24.6;2.648;1.745;1.070;2.651;0.164;1.448;395
B31558;2015/02/24 16:31:47;395;89;26.4;24.4;2.458;1.745;1.138;2.651;0.164;1.487;396
B31558;2015/02/24 16:31:58;396;83;23.8;25.0;2.661;1.725;1.138;2.651;0.109;1.435;397
B31558;2015/02/24 16:32:07;397;75;30.0;25.3;2.435;1.725;1.119;2.651;0.109;1.467;398
B31558;2015/02/24 16:32:18;398;81;28.7;25.1;2.487;1.741;1.119;2.670;0.109;1.461;399
B31558;2015/02/24 16:32:27;399;82;28.0;25.1;2.638;1.741;1.129;2.670;0.109;1.445;400
B31558;2015/02/24 16:32:38;400;77;33.2;25.8;2.596;1.716;1.129;2.670;0.090;1.435;401
B31558;2015/02/24 16:32:47;401;89;24.8;25.5;2.483;1.716;1.070;2.670;0.090;1.445;402
B31558;2015/02/24 16:32:58;402;89;25.1;24.8;2.683;1.729;1.070;2.622;0.090;1.445;403
B31558;2015/02/24 16:33:07;403;83;28.0;25.1;2.412;1.729;1.070;2.622;0.090;1.470;404
B31558;2015/02/24 16:33:18;404;87;23.8;25.3;2.435;1.696;1.070;2.622;0.106;1.474;405
B31558;2015/02/24 16:33:27;405;81;25.1;24.8;2.451;1.696;1.135;2.622;0.106;1.461;406
B31558;2015/02/24 16:33:38;406;83;32.5;24.8;2.416;1.696;1.135;2.632;0.106;1.451;407
B31558;2015/02/24 16:33:47;407;93;34.5;24.4;2.451;1.696;1.080;2.632;0.106;1.451;408
B31558;2015/02/24 16:33:58;408;78;27.4;25.0;2.683;1.729;1.080;2.632;0.135;1.458;409
B31558;2015/02/24 16:34:07;409;93;30.0;25.0;2.629;1.729;1.074;2.632;0.135;1.470;410
B31558;2015/02/24 16:34:18;410;76;33.8;25.1;2.661;1.748;1.074;2.638;0.135;1.454;411
B31558;2015/02/24 16:34:27;411;82;27.7;25.1;2.432;1.748;1.141;2.638;0.135;1.474;412
B31558;2015/02/24 16:34:38;412;74;33.8;25.3;2.635;1.709;1.141;2.638;0.103;1.474;413
B31558;2015/02/24 16:34:47;413;88;29.6;24.8;2.532;1.709;1.070;2.638;0.103;1.425;414
B31558;2015/02/24 16:34:58;414;88;23.8;25.1;2.419;1.699;1.070;2.693;0.103;1.422;415
B31558;2015/02/24 16:35:07;415;86;29.6;25.1;2.638;1.699;1.138;2.693;0.103;1.448;416
B31558;2015/02/24 16:35:18;416;93;31.9;24.8;2.680;1.729;1.138;2.693;0.122;1.470;417
B31558;2015/02/24 16:35:27;417;88;28.3;25.1;2.458;1.729;1.096;2.693;0.122;1.467;418
B31558;2015/02/24 16:35:38;418;77;24.8;25.0;2.425;1.735;1.096;2.648;0.122;1.441;419
B31558;2015/02/24 16:35:47;419;89;31.2;24.6;2.690;1.735;1.145;2.648;0.122;1.477;420
B31558;2015/02/24 16:35:58;420;83;26.1;24.8;2.438;1.751;1.145;2.648;0.096;1.458;421
B31558;2015/02/24 16:36:07;421;92;26.7;24.6;2.516;1.751;1.083;2.648;0.096;1.432;422
B31558;2015/02/24 16:36:18;422;80;26.4;24.3;2.658;1.735;1.083;2.696;0.096;1.438;423
B31558;2015/02/24 16:36:27;423;81;30.9;25.3;2.690;1.735;1.103;2.696;0.096;1.448;424
B31558;2015/02/24 16:36:38;424;78;27.4;24.8;2.680;1.712;1.103;2.696;0.109;1.422;425
B31558;2015/02/24 16:36:47;425;86;29.6;25.3;2.432;1.712;1.083;2.696;0.109;1.480;426
B31558;2015/02/24 16:36:58;426;90;33.8;24.8;2.432;1.751;1.083;2.638;0.109;1.464;427
B31558;2015/02/24 16:37:07;427;86;28.3;25.1;2.422;1.751;1.087;2.638;0.109;1.461;428
B31558;2015/02/24 16:37:18;428;88;25.1;24.8;2.403;1.725;1.087;2.638;0.154;1.435;429
B31558;2015/02/24 16:37:27;429;80;31.9;25.1;2.690;1.725;1.132;2.638;0.154;1.470;430
B31558;2015/02/24 16:37:38;430;83;31.2;25.1;2.645;1.748;1.132;2.654;0.154;1.477;431
B31558;2015/02/24 16:37:47;431;91;28.3;25.0;2.429;1.748;1.080;2.654;0.154;1.438;432
B31558;2015/02/24 16:37:58;432;83;24.5;24.8;2.438;1.706;1.080;2.654;0.099;1.487;433
B31558;2015/02/24 16:38:07;433;83;23.5;25.1;2.409;1.706;1.119;2.654;0.099;1.458;434
B31558;2015/02/24 16:38:18;434;80;24.1;25.1;2.412;1.741;1.119;2.664;0.099;1.454;435
B31558;2015/02/24 16:38:27;435;89;31.6;25.1;2.435;1.741;1.138;2.664;0.099;1.451;436
B31558;2015/02/24 16:38:38;436;83;30.3;24.8;2.435;1.716;1.138;2.664;0.099;1.429;437
B31558;2015/02/24 16:38:47;437;84;28.7;24.8;2.451;1.716;1.103;2.664;0.099;1.454;438
B31558;2015/02/24 16:38:58;438;88;31.9;24.6;2.406;1.751;1.103;2.635;0.099;1.474;439
B31558;2015/02/24 16:39:07;439;89;28.7;25.0;2.493;1.751;1.148;2.635;0.099;1.467;440
B31558;2015/02/24 16:39:18;440;83;32.2;25.5;2.561;1.716;1.148;2.635;0.122;1.441;441
B31558;2015/02/24 16:39:27;441;93;29.0;24.1;2.603;1.716;1.141;2.635;0.122;1.445;442
B31558;2015/02/24 16:39:38;442;83;26.4;24.3;2.654;1.741;1.141;2.635;0.122;1.458;443
B31558;2015/02/24 16:39:47;443;85;33.5;24.6;2.564;1.741;1.119;2.635;0.122;1.461;444
B31558;2015/02/24 16:39:58;444;74;26.4;24.3;2.419;1.709;1.119;2.635;0.122;1.445;445
B31558;2015/02/24 16:40:07;445;87;29.0;25.0;2.448;1.709;1.080;2.635;0.122;1.445;446
B31558;2015/02/24 16:40:18;446;89;25.1;25.0;2.587;1.748;1.080;2.690;0.122;1.470;447
B31558;2015/02/24 16:40:27;447;78;29.6;24.8;2.654;1.748;1.125;2.690;0.122;1.461;448
B31558;2015/02/24 16:40:38;448;73;28.3;25.0;2.683;1.709;1.125;2.690;0.183;1.464;449
B31558;2015/02/24 16:40:47;449;86;33.8;24.6;2.522;1.709;1.080;2.690;0.183;1.458;450
B31558;2015/02/24 16:40:58;450;92;24.1;25.3;2.435;1.754;1.080;2.658;0.183;1.467;451
B31558;2015/02/24 16:41:07;451;86;33.8;24.8;2.461;1.754;1.077;2.658;0.183;1.429;452
B31558;2015/02/24 16:41:18;452;91;34.1;24.8;2.448;1.741;1.077;2.658;0.109;1.464;453
B31558;2015/02/24 16:41:27;453;84;27.7;24.3;2.590;1.741;1.145;2.658;0.109;1.435;454
B31558;2015/02/24 16:41:38;454;76;27.4;25.1;2.561;1.722;1.145;2.638;0.109;1.441;455
B31558;2015/02/24 16:41:47;455;80;24.8;25.1;2.448;1.722;1.090;2.638;0.109;1.432;456
B31558;2015/02/24 16:41:58;456;84;26.4;25.3;2.438;1.732;1.090;2.638;0.103;1.487;457
B31558;2015/02/24 16:42:07;457;92;32.5;24.3;2.564;1.732;1.087;2.638;0.103;1.438;458
B31558;2015/02/24 16:42:18;458;90;26.4;25.0;2.445;1.706;1.087;2.690;0.103;1.464;459
B31558;2015/02/24 16:42:27;459;80;23.8;24.6;2.506;1.706;1.090;2.690;0.103;1.432;460
B31558;2015/02/24 16:42:38;460;83;29.0;24.8;2.425;1.729;1.090;2.690;0.125;1.429;461
B31558;2015/02/24 16:42:47;461;85;25.1;24.6;2.525;1.729;1.112;2.690;0.125;1.441;462
B31558;2015/02/24 16:42:58;462;83;28.0;24.8;2.406;1.745;1.112;2.641;0.125;1.445;463
B31558;2015/02/24 16:43:07;463;87;30.0;25.0;2.425;1.745;1.145;2.641;0.125;1.470;464
B31558;2015/02/24 16:43:18;464;74;28.3;25.1;2.445;1.706;1.145;2.641;0.109;1.490;465
B31558;2015/02/24 16:43:27;465;79;30.3;24.8;2.651;1.706;1.080;2.641;0.109;1.432;466
B31558;2015/02/24 16:43:38;466;78;29.6;24.6;2.683;1.745;1.080;2.629;0.109;1.448;467
B31558;2015/02/24 16:43:47;467;86;31.2;24.8;2.541;1.745;1.132;2.629;0.109;1.470;468
B31558;2015/02/24 16:43:58;468;76;27.4;24.6;2.683;1.703;1.132;2.629;0.103;1.474;469
B31558;2015/02/24 16:44:07;469;80;33.8;24.6;2.535;1.703;1.074;2.629;0.103;1.429;470
B31558;2015/02/24 16:44:18;470;93;32.2;25.1;2.674;1.699;1.074;2.629;0.103;1.419;471
B31558;2015/02/24 16:44:27;471;82;30.0;25.1;2.425;1.699;1.145;2.629;0.103;1.438;472
B31558;2015/02/24 16:44:38;472;88;25.8;25.0;2.445;1.703;1.145;2.629;0.170;1.454;473
B31558;2015/02/24 16:44:47;473;80;24.8;24.8;2.441;1.703;1.080;2.629;0.170;1.416;474
B31558;2015/02/24 16:44:58;474;83;23.8;24.6;2.412;1.712;1.080;2.677;0.170;1.432;475
B31558;2015/02/24 16:45:07;475;93;31.9;24.6;2.629;1.712;1.145;2.677;0.170;1.458;476
B31558;2015/02/24 16:45:18;476;90;34.5;25.1;2.487;1.712;1.145;2.677;0.154;1.438;477
B31558;2015/02/24 16:45:27;477;84;30.9;24.8;2.658;1.712;1.138;2.677;0.154;1.461;478
B31558;2015/02/24 16:45:38;478;84;26.7;24.8;2.445;1.699;1.138;2.629;0.154;1.441;479
B31558;2015/02/24 16:45:47;479;83;23.8;25.1;2.480;1.699;1.080;2.629;0.154;1.425;480
B31558;2015/02/24 16:45:58;480;92;33.8;25.1;2.477;1.738;1.080;2.629;0.106;1.458;481
B31558;2015/02/24 16:46:07;481;78;32.2;24.8;2.487;1.738;1.145;2.629;0.106;1.432;482
B31558;2015/02/24 16:46:18;482;73;25.1;24.8;2.419;1.706;1.145;2.683;0.106;1.467;483
B31558;2015/02/24 16:46:27;483;84;32.2;24.8;2.425;1.706;1.103;2.683;0.106;1.432;484
B31558;2015/02/24 16:46:38;484;88;32.2;25.1;2.532;1.754;1.103;2.683;0.241;1.438;485
B31558;2015/02/24 16:46:47;485;78;28.0;24.6;2.690;1.754;1.080;2.683;0.241;1.448;486
B31558;2015/02/24 16:46:58;486;90;24.8;25.3;2.429;1.751;1.080;2.680;0.241;1.461;487
B31558;2015/02/24 16:47:07;487;88;29.3;24.3;2.603;1.751;1.093;2.680;0.241;1.483;488
B31558;2015/02/24 16:47:18;488;85;25.1;25.0;2.419;1.754;1.093;2.680;0.096;1.441;489
B31558;2015/02/24 16:47:27;489;89;25.1;25.3;2.432;1.754;1.145;2.680;0.096;1.477;490
B31558;2015/02/24 16:47:38;490;94;32.9;25.0;2.438;1.738;1.145;2.638;0.096;1.448;491
B31558;2015/02/24 16:47:47;491;91;25.8;25.8;2.516;1.738;1.116;2.638;0.096;1.461;492
B31558;2015/02/24 16:47:58;492;93;27.0;25.1;2.496;1.703;1.116;2.638;0.090;1.503;493
B31558;2015/02/24 16:48:07;493;83;26.4;25.3;2.519;1.703;1.093;2.638;0.090;1.477;494
B31558;2015/02/24 16:48:18;494;94;24.5;24.6;2.490;1.725;1.093;2.609;0.090;1.454;495
B31558;2015/02/24 16:48:27;495;89;28.7;24.8;2.500;1.725;1.074;2.609;0.090;1.496;496
B31558;2015/02/24 16:48:38;496;78;34.5;25.1;2.509;1.699;1.074;2.609;0.096;1.458;497
B31558;2015/02/24 16:48:47;497;86;29.6;24.8;2.680;1.699;1.070;2.609;0.096;1.464;498
B31558;2015/02/24 16:48:58;498;84;27.0;25.3;2.506;1.699;1.070;2.664;0.096;1.512;499
B31558;2015/02/24 16:49:07;499;80;24.8;25.7;2.448;1.699;1.096;2.664;0.096;1.470;500
B31558;2015/02/24 16:49:18;500;83;26.4;24.8;2.645;1.712;1.096;2.664;0.090;1.490;501
B31558;2015/02/24 16:49:27;501;90;23.5;25.1;2.477;1.712;1.070;2.664;0.090;1.432;502
B31558;2015/02/24 16:49:38;502;88;31.2;25.3;2.600;1.738;1.070;2.616;0.090;1.458;503
B31558;2015/02/24 16:49:47;503;84;30.3;25.1;2.412;1.738;1.074;2.616;0.090;1.487;504
B31558;2015/02/24 16:49:58;504;90;33.2;25.7;2.609;1.735;1.074;2.616;0.096;1.490;505
B31558;2015/02/24 16:50:07;505;83;31.2;25.3;2.422;1.735;1.122;2.616;0.096;1.458;506
B31558;2015/02/24 16:50:18;506;92;28.3;24.6;2.432;1.732;1.122;2.612;0.096;1.458;507
B31558;2015/02/24 16:50:27;507;78;24.8;25.1;2.445;1.732;1.109;2.612;0.096;1.464;508
B31558;2015/02/24 16:50:38;508;93;26.4;24.6;2.438;1.709;1.109;2.612;0.096;1.441;509
B31558;2015/02/24 16:50:47;509;91;34.8;24.4;2.470;1.709;1.122;2.612;0.096;1.464;510
B31558;2015/02/24 16:50:58;510;85;26.7;24.8;2.683;1.696;1.122;2.603;0.096;1.458;511
B31558;2015/02/24 16:51:07;511;85;27.0;25.3;2.500;1.696;1.077;2.603;0.096;1.432;512
B31558;2015/02/24 16:51:18;512;87;28.3;24.6;2.412;1.732;1.077;2.603;0.196;1.432;513
B31558;2015/02/24 16:51:27;513;81;31.9;25.0;2.429;1.732;1.093;2.603;0.196;1.474;514
B31558;2015/02/24 16:51:38;514;88;26.1;25.1;2.587;1.690;1.093;2.600;0.196;1.454;515
B31558;2015/02/24 16:51:47;515;90;30.9;24.8;2.651;1.690;1.061;2.600;0.196;1.432;516
B31558;2015/02/24 16:51:58;516;92;29.0;25.3;2.493;1.712;1.061;2.600;0.138;1.435;517
B31558;2015/02/24 16:52:07;517;89;25.8;26.3;2.500;1.712;1.061;2.600;0.138;1.438;518
B31558;2015/02/24 16:52:18;518;84;26.4;25.5;2.435;1.719;1.061;2.625;0.138;1.435;519
B31558;2015/02/24 16:52:27;519;83;29.3;25.5;2.454;1.719;1.064;2.625;0.138;1.454;520
B31558;2015/02/24 16:52:38;520;79;26.7;24.6;2.432;1.719;1.064;2.625;0.099;1.409;521
B31558;2015/02/24 16:52:47;521;78;25.8;25.7;2.435;1.719;1.070;2.625;0.099;1.438;522
B31558;2015/02/24 16:52:58;522;93;27.7;25.7;2.632;1.709;1.070;2.577;0.099;1.429;523
B31558;2015/02/24 16:53:07;523;81;25.8;25.3;2.503;1.709;1.070;2.577;0.099;1.422;524
B31558;2015/02/24 16:53:18;524;82;23.8;25.5;2.432;1.674;1.070;2.577;0.096;1.461;525
B31558;2015/02/24 16:53:27;525;85;31.9;25.1;2.651;1.674;1.112;2.577;0.096;1.461;526
B31558;2015/02/24 16:53:38;526;87;29.3;26.0;2.419;1.719;1.112;2.574;0.096;1.441;527
B31558;2015/02/24 16:53:47;527;82;32.9;25.0;2.638;1.719;1.064;2.574;0.096;1.435;528
B31558;2015/02/24 16:53:58;528;83;27.4;25.5;2.448;1.696;1.064;2.574;0.099;1.441;529
B31558;2015/02/24 16:54:07;529;84;28.3;25.0;2.629;1.696;1.070;2.574;0.099;1.454;530
B31558;2015/02/24 16:54:18;530;80;24.5;25.1;2.461;1.677;1.070;2.625;0.099;1.448;531
B31558;2015/02/24 16:54:27;531;88;26.1;24.8;2.477;1.677;1.132;2.625;0.099;1.458;532
