B31552;2015/02/11 17:18:49;0;1;22.5;26.2;2.199;-1.000;-1.000;-1.000;-1.000;1.248;1
B31552;2015/02/11 17:19:08;1;92;23.8;25.8;2.525;-1.000;-1.000;-1.000;-1.000;1.225;2
B31552;2015/02/11 17:19:19;2;94;27.4;26.2;2.387;2.258;-1.000;3.299;-1.000;1.199;3
B31552;2015/02/11 17:19:28;3;81;26.7;26.3;2.538;2.258;1.022;3.299;-1.000;1.190;4
B31552;2015/02/11 17:19:39;4;86;26.1;26.2;2.399;2.154;1.022;3.299;1.951;1.170;5
B31552;2015/02/11 17:19:48;5;83;28.0;26.3;2.561;2.154;0.996;3.299;1.951;1.151;6
B31552;2015/02/11 17:19:59;6;88;22.2;26.0;2.600;2.129;0.996;3.299;1.951;1.158;7
B31552;2015/02/11 17:20:08;7;84;20.9;26.0;2.419;2.129;0.970;3.299;1.951;1.112;8
B31552;2015/02/11 17:20:19;8;93;23.2;26.0;2.638;2.103;0.970;3.299;1.506;1.106;9
B31552;2015/02/11 17:20:28;9;83;22.9;26.2;2.609;2.103;0.990;3.299;1.506;1.112;10
B31552;2015/02/11 17:20:39;10;90;21.9;25.7;2.606;2.112;0.990;3.299;1.506;1.122;11
B31552;2015/02/11 17:20:48;11;78;21.6;25.8;2.406;2.112;1.025;3.299;1.506;1.083;12
B31552;2015/02/11 17:20:59;12;88;23.8;25.7;2.516;2.077;1.025;3.299;1.277;1.077;13
B31552;2015/02/11 17:21:08;13;84;26.4;25.7;2.583;2.077;1.019;3.299;1.277;1.058;14
B31552;2015/02/11 17:21:19;14;93;21.9;25.7;2.396;2.054;1.019;3.299;1.277;1.051;15
B31552;2015/02/11 17:21:28;15;82;26.1;25.5;2.445;2.054;0.974;3.299;1.277;1.041;16
B31552;2015/02/11 17:21:39;16;89;27.4;25.5;2.409;2.019;0.974;3.299;1.141;1.035;17
B31552;2015/02/11 17:21:48;17;79;23.2;25.7;2.412;2.019;1.006;3.299;1.141;1.064;18
B31552;2015/02/11 17:21:59;18;87;27.4;25.1;2.635;2.006;1.006;3.122;1.141;1.038;19
B31552;2015/02/11 17:22:08;19;76;27.4;25.1;2.519;2.006;0.945;3.122;1.141;1.012;20
B31552;2015/02/11 17:22:19;20;83;23.8;24.6;2.661;1.970;0.945;3.122;1.003;1.016;21
B31552;2015/02/11 17:22:28;21;81;30.0;24.6;2.661;1.970;0.993;3.122;1.003;1.032;22
B31552;2015/02/11 17:22:39;22;85;25.8;25.0;2.445;1.977;0.993;2.980;1.003;1.000;23
B31552;2015/02/11 17:22:48;23;83;25.4;24.8;2.477;1.977;0.987;2.980;1.003;0.996;24
B31552;2015/02/11 17:22:59;24;91;23.8;23.9;2.567;1.961;0.987;2.980;0.893;0.996;25
B31552;2015/02/11 17:23:08;25;83;25.1;24.3;2.429;1.961;0.932;2.980;0.893;1.006;26
B31552;2015/02/11 17:23:19;26;87;25.4;23.7;2.548;1.916;0.932;2.764;0.893;1.006;27
B31552;2015/02/11 17:23:28;27;86;24.8;23.6;2.441;1.916;0.970;2.764;0.893;0.990;28
B31552;2015/02/11 17:23:39;28;86;23.5;24.4;2.551;1.883;0.970;2.764;0.832;0.980;29
B31552;2015/02/11 17:23:48;29;90;23.2;24.1;2.635;1.883;0.954;2.764;0.832;0.983;30
B31552;2015/02/11 17:23:59;30;86;23.2;23.9;2.648;1.877;0.954;2.635;0.832;0.996;31
B31552;2015/02/11 17:24:08;31;76;26.4;23.6;2.448;1.877;0.967;2.635;0.832;1.019;32
B31552;2015/02/11 17:24:19;32;89;27.4;23.6;2.412;1.880;0.967;2.635;0.748;0.977;33
B31552;2015/02/11 17:24:28;33;88;24.5;23.7;2.419;1.880;0.967;2.635;0.748;0.983;34
B31552;2015/02/11 17:24:39;34;90;28.0;24.1;2.438;1.874;0.967;2.529;0.748;1.003;35
B31552;2015/02/11 17:24:48;35;84;24.8;23.1;2.587;1.874;0.964;2.529;0.748;0.983;36
B31552;2015/02/11 17:24:59;36;93;30.0;23.2;2.403;1.832;0.964;2.529;0.780;0.987;37
B31552;2015/02/11 17:25:08;37;90;26.4;23.4;2.445;1.832;0.948;2.529;0.780;0.970;38
B31552;2015/02/11 17:25:19;38;88;24.8;23.2;2.635;1.854;0.948;2.435;0.780;0.964;39
B31552;2015/02/11 17:25:28;39;89;24.8;22.9;2.425;1.854;0.974;2.435;0.780;0.967;40
B31552;2015/02/11 17:25:39;40;90;25.1;23.6;2.648;1.829;0.974;2.435;0.648;1.000;41
B31552;2015/02/11 17:25:48;41;90;24.5;23.9;2.622;1.829;0.919;2.435;0.648;0.967;42
B31552;2015/02/11 17:25:59;42;91;23.2;23.2;2.622;1.825;0.919;2.332;0.648;0.990;43
B31552;2015/02/11 17:26:08;43;84;25.1;23.2;2.425;1.825;0.912;2.332;0.648;0.970;44
B31552;2015/02/11 17:26:19;44;92;26.1;22.7;2.583;1.800;0.912;2.332;0.580;0.970;45
B31552;2015/02/11 17:26:28;45;78;28.7;23.2;2.625;1.800;0.925;2.332;0.580;0.983;46
B31552;2015/02/11 17:26:39;46;79;24.1;23.6;2.490;1.761;0.925;2.306;0.580;0.990;47
B31552;2015/02/11 17:26:48;47;88;28.0;23.4;2.435;1.761;0.916;2.306;0.580;0.977;48
B31552;2015/02/11 17:26:59;48;88;27.4;23.4;2.409;1.761;0.916;2.306;0.545;0.977;49
B31552;2015/02/11 17:27:08;49;78;24.5;23.4;2.448;1.761;0.912;2.306;0.545;0.958;50
B31552;2015/02/11 17:27:19;50;84;24.8;23.2;2.412;1.764;0.912;2.225;0.545;1.012;51
B31552;2015/02/11 17:27:28;51;76;25.8;22.5;2.548;1.764;0.912;2.225;0.545;0.977;52
B31552;2015/02/11 17:27:39;52;88;26.1;22.4;2.583;1.748;0.912;2.225;0.512;0.983;53
B31552;2015/02/11 17:27:48;53;84;27.4;22.9;2.622;1.748;0.967;2.225;0.512;0.958;54
B31552;2015/02/11 17:27:59;54;89;29.0;22.7;2.577;1.712;0.967;2.119;0.512;0.961;55
B31552;2015/02/11 17:28:08;55;79;27.7;22.9;2.512;1.712;0.967;2.119;0.512;0.977;56
B31552;2015/02/11 17:28:19;56;84;30.6;22.7;2.425;1.719;0.967;2.119;0.467;0.964;57
B31552;2015/02/11 17:28:28;57;78;26.1;22.4;2.422;1.719;0.912;2.119;0.467;0.974;58
B31552;2015/02/11 17:28:39;58;85;23.5;23.1;2.470;1.722;0.912;2.103;0.467;0.983;59
B31552;2015/02/11 17:28:48;59;85;27.0;22.2;2.441;1.722;0.964;2.103;0.467;0.990;60
B31552;2015/02/11 17:28:59;60;87;28.3;22.7;2.419;1.706;0.964;2.103;0.490;0.958;61
B31552;2015/02/11 17:29:08;61;83;28.0;22.5;2.612;1.706;0.909;2.103;0.490;0.980;62
B31552;2015/02/11 17:29:19;62;84;24.1;22.9;2.625;1.703;0.909;2.058;0.490;0.958;63
B31552;2015/02/11 17:29:28;63;83;26.1;22.2;2.422;1.703;0.938;2.058;0.490;0.987;64
B31552;2015/02/11 17:29:39;64;90;26.4;22.4;2.403;1.680;0.938;2.058;0.441;0.990;65
B31552;2015/02/11 17:29:48;65;73;25.8;23.2;2.406;1.680;0.967;2.058;0.441;0.941;66
B31552;2015/02/11 17:29:59;66;93;29.3;23.1;2.616;1.699;0.967;1.977;0.441;0.945;67
B31552;2015/02/11 17:30:08;67;83;24.8;23.2;2.412;1.699;0.945;1.977;0.441;0.945;68
B31552;2015/02/11 17:30:19;68;89;29.6;23.1;2.425;1.693;0.945;1.977;0.416;0.974;69
B31552;2015/02/11 17:30:28;69;88;29.3;22.7;2.470;1.693;0.948;1.977;0.416;0.974;70
B31552;2015/02/11 17:30:39;70;84;25.8;22.4;2.454;1.667;0.948;1.961;0.416;0.970;71
B31552;2015/02/11 17:30:48;71;78;24.5;22.5;2.412;1.667;0.961;1.961;0.416;0.938;72
B31552;2015/02/11 17:30:59;72;82;28.7;22.7;2.425;1.641;0.961;1.961;0.493;0.954;73
B31552;2015/02/11 17:31:08;73;80;28.0;22.7;2.583;1.641;0.948;1.961;0.493;0.938;74
B31552;2015/02/11 17:31:19;74;84;30.3;22.5;2.425;1.622;0.948;1.925;0.493;0.980;75
B31552;2015/02/11 17:31:28;75;79;26.4;22.5;2.645;1.622;0.929;1.925;0.493;0.938;76
B31552;2015/02/11 17:31:39;76;80;28.0;22.9;2.422;1.629;0.929;1.925;0.438;0.980;77
B31552;2015/02/11 17:31:48;77;79;25.1;22.9;2.645;1.629;0.916;1.925;0.438;0.958;78
B31552;2015/02/11 17:31:59;78;83;29.3;22.5;2.625;1.612;0.916;1.906;0.438;0.958;79
B31552;2015/02/11 17:32:08;79;83;26.7;22.2;2.416;1.612;0.912;1.906;0.438;0.951;80
B31552;2015/02/11 17:32:19;80;79;25.8;22.4;2.635;1.616;0.912;1.906;0.399;0.974;81
B31552;2015/02/11 17:32:28;81;90;31.2;22.7;2.641;1.616;0.906;1.906;0.399;0.964;82
B31552;2015/02/11 17:32:39;82;85;29.3;23.1;2.509;1.629;0.906;1.829;0.399;0.925;83
B31552;2015/02/11 17:32:48;83;89;25.8;22.5;2.538;1.629;0.967;1.829;0.399;0.932;84
B31552;2015/02/11 17:32:59;84;83;27.0;22.2;2.416;1.580;0.967;1.829;0.361;0.948;85
B31552;2015/02/11 17:33:08;85;86;28.7;22.7;2.532;1.580;0.916;1.829;0.361;0.919;86
B31552;2015/02/11 17:33:19;86;83;29.6;23.1;2.532;1.603;0.916;1.806;0.361;0.941;87
B31552;2015/02/11 17:33:28;87;80;24.8;22.4;2.448;1.603;0.945;1.806;0.361;0.941;88
B31552;2015/02/11 17:33:39;88;93;31.2;22.7;2.506;1.567;0.945;1.806;0.338;0.948;89
B31552;2015/02/11 17:33:48;89;83;28.7;22.5;2.648;1.567;0.919;1.806;0.338;0.938;90
B31552;2015/02/11 17:33:59;90;94;32.2;22.5;2.612;1.574;0.919;1.829;0.338;0.945;91
B31552;2015/02/11 17:34:08;91;83;30.0;22.0;2.419;1.574;0.925;1.829;0.338;0.935;92
B31552;2015/02/11 17:34:19;92;91;30.0;22.9;2.635;1.583;0.925;1.829;0.325;0.967;93
