B31552;2015/02/25 00:00:07;10894;85;29.0;23.9;2.709;2.016;1.370;2.735;0.125;0.787;10895
B31552;2015/02/25 00:00:17;10895;88;29.3;23.6;2.625;2.016;1.383;2.735;0.125;0.796;10896
B31552;2015/02/25 00:00:27;10896;81;29.0;24.1;2.729;2.041;1.383;2.735;0.129;0.806;10897
B31552;2015/02/25 00:00:37;10897;72;29.3;23.7;2.709;2.041;1.390;2.735;0.129;0.783;10898
B31552;2015/02/25 00:00:47;10898;86;27.4;23.6;2.783;2.058;1.390;2.754;0.129;0.799;10899
B31552;2015/02/25 00:00:57;10899;84;30.0;24.4;2.822;2.058;1.370;2.754;0.129;0.787;10900
B31552;2015/02/25 00:01:07;10900;83;32.5;24.1;2.625;2.032;1.370;2.754;0.161;0.803;10901
B31552;2015/02/25 00:01:17;10901;83;29.6;23.6;2.625;2.032;1.390;2.754;0.161;0.777;10902
B31552;2015/02/25 00:01:27;10902;83;27.4;23.2;2.777;2.038;1.390;2.774;0.161;0.803;10903
B31552;2015/02/25 00:01:37;10903;87;27.0;24.4;2.796;2.038;1.374;2.774;0.161;0.819;10904
B31552;2015/02/25 00:01:47;10904;87;29.3;23.4;2.832;2.045;1.374;2.774;0.112;0.799;10905
B31552;2015/02/25 00:01:57;10905;83;30.9;23.7;2.741;2.045;1.370;2.774;0.112;0.783;10906
B31552;2015/02/25 00:02:07;10906;92;27.0;23.7;2.796;2.058;1.370;2.729;0.112;0.790;10907
B31552;2015/02/25 00:02:17;10907;75;29.3;24.1;2.600;2.058;1.416;2.729;0.112;0.832;10908
B31552;2015/02/25 00:02:27;10908;85;27.0;24.3;2.806;2.032;1.416;2.729;0.187;0.832;10909
B31552;2015/02/25 00:02:37;10909;87;29.3;23.4;2.612;2.032;1.383;2.729;0.187;0.780;10910
B31552;2015/02/25 00:02:47;10910;89;26.7;23.2;2.838;2.019;1.383;2.780;0.187;0.796;10911
B31552;2015/02/25 00:02:57;10911;77;26.4;23.7;2.619;2.019;1.370;2.780;0.187;0.787;10912
B31552;2015/02/25 00:03:07;10912;86;28.0;24.1;2.612;2.035;1.370;2.780;0.154;0.825;10913
B31552;2015/02/25 00:03:17;10913;76;31.6;23.4;2.645;2.035;1.370;2.780;0.154;0.793;10914
B31552;2015/02/25 00:03:27;10914;81;26.7;23.7;2.838;2.054;1.370;2.748;0.154;0.793;10915
B31552;2015/02/25 00:03:37;10915;85;31.6;23.2;2.783;2.054;1.367;2.748;0.154;0.806;10916
B31552;2015/02/25 00:03:47;10916;91;32.5;24.1;2.641;2.061;1.367;2.748;0.177;0.793;10917
B31552;2015/02/25 00:03:57;10917;83;32.2;23.7;2.829;2.061;1.377;2.748;0.177;0.812;10918
B31552;2015/02/25 00:04:07;10918;83;30.3;24.3;2.838;2.025;1.377;2.774;0.177;0.780;10919
B31552;2015/02/25 00:04:17;10919;85;29.3;23.6;2.738;2.025;1.425;2.774;0.177;0.777;10920
B31552;2015/02/25 00:04:27;10920;76;27.4;23.9;2.780;2.025;1.425;2.774;0.116;0.812;10921
B31552;2015/02/25 00:04:37;10921;84;33.2;24.1;2.825;2.025;1.387;2.774;0.116;0.806;10922
B31552;2015/02/25 00:04:47;10922;88;30.9;23.7;2.835;2.025;1.387;2.745;0.116;0.825;10923
B31552;2015/02/25 00:04:57;10923;83;31.9;24.1;2.783;2.025;1.370;2.745;0.116;0.793;10924
B31552;2015/02/25 00:05:07;10924;86;33.5;23.6;2.619;2.038;1.370;2.745;0.132;0.796;10925
B31552;2015/02/25 00:05:17;10925;89;31.6;23.7;2.716;2.038;1.374;2.745;0.132;0.777;10926
B31552;2015/02/25 00:05:27;10926;88;30.0;23.9;2.822;2.054;1.374;2.774;0.132;0.777;10927
B31552;2015/02/25 00:05:37;10927;84;29.6;23.7;2.819;2.054;1.416;2.774;0.132;0.777;10928
B31552;2015/02/25 00:05:47;10928;86;31.2;23.7;2.596;2.016;1.416;2.774;0.119;0.783;10929
B31552;2015/02/25 00:05:57;10929;76;27.7;24.1;2.812;2.016;1.432;2.774;0.119;0.783;10930
B31552;2015/02/25 00:06:07;10930;90;32.2;23.7;2.596;2.032;1.432;2.725;0.119;0.832;10931
B31552;2015/02/25 00:06:17;10931;84;27.4;23.7;2.835;2.032;1.393;2.725;0.119;0.783;10932
B31552;2015/02/25 00:06:27;10932;84;30.0;23.7;2.593;2.016;1.393;2.725;0.116;0.793;10933
B31552;2015/02/25 00:06:37;10933;84;27.4;24.1;2.841;2.016;1.374;2.725;0.116;0.799;10934
B31552;2015/02/25 00:06:47;10934;85;27.4;23.9;2.783;2.016;1.374;2.767;0.116;0.809;10935
B31552;2015/02/25 00:06:57;10935;85;28.7;23.7;2.838;2.016;1.374;2.767;0.116;0.835;10936
B31552;2015/02/25 00:07:07;10936;82;30.3;23.7;2.783;2.045;1.374;2.767;0.106;0.822;10937
B31552;2015/02/25 00:07:17;10937;88;27.7;23.9;2.803;2.045;1.393;2.767;0.106;0.799;10938
B31552;2015/02/25 00:07:27;10938;87;27.4;23.6;2.829;2.025;1.393;2.732;0.106;0.838;10939
B31552;2015/02/25 00:07:37;10939;85;27.4;23.9;2.841;2.025;1.377;2.732;0.106;0.803;10940
B31552;2015/02/25 00:07:47;10940;93;31.9;23.7;2.796;2.058;1.377;2.732;0.164;0.816;10941
B31552;2015/02/25 00:07:57;10941;84;31.2;24.3;2.822;2.058;1.422;2.732;0.164;0.845;10942
B31552;2015/02/25 00:08:07;10942;80;30.6;23.7;2.664;2.054;1.422;2.761;0.164;0.858;10943
B31552;2015/02/25 00:08:17;10943;84;33.2;23.2;2.625;2.054;1.377;2.761;0.164;0.803;10944
B31552;2015/02/25 00:08:27;10944;80;30.3;24.6;2.632;2.045;1.377;2.761;0.135;0.848;10945
B31552;2015/02/25 00:08:37;10945;75;30.6;24.1;2.809;2.045;1.438;2.761;0.135;0.803;10946
B31552;2015/02/25 00:08:47;10946;83;31.9;23.7;2.596;2.061;1.438;2.725;0.135;0.845;10947
B31552;2015/02/25 00:08:57;10947;81;33.2;24.1;2.822;2.061;1.377;2.725;0.135;0.812;10948
B31552;2015/02/25 00:09:07;10948;88;26.7;23.6;2.764;2.061;1.377;2.725;0.148;0.838;10949
B31552;2015/02/25 00:09:17;10949;80;30.6;23.6;2.645;2.061;1.429;2.725;0.148;0.825;10950
B31552;2015/02/25 00:09:27;10950;76;32.9;24.3;2.809;2.061;1.429;2.761;0.148;0.806;10951
B31552;2015/02/25 00:09:37;10951;83;27.0;24.1;2.683;2.061;1.393;2.761;0.148;0.806;10952
B31552;2015/02/25 00:09:47;10952;89;29.6;23.7;2.706;2.054;1.393;2.761;0.135;0.816;10953
B31552;2015/02/25 00:09:57;10953;80;27.7;24.3;2.687;2.054;1.374;2.761;0.135;0.825;10954
B31552;2015/02/25 00:10:08;10954;92;30.3;23.9;2.793;2.061;1.374;2.754;0.135;0.796;10955
B31552;2015/02/25 00:10:17;10955;82;32.2;23.7;2.645;2.061;1.422;2.754;0.135;0.796;10956
B31552;2015/02/25 00:10:27;10956;90;32.5;23.6;2.635;2.061;1.422;2.754;0.177;0.809;10957
B31552;2015/02/25 00:10:37;10957;88;30.0;23.6;2.829;2.061;1.422;2.754;0.177;0.858;10958
B31552;2015/02/25 00:10:48;10958;89;29.6;23.7;2.690;2.054;1.422;2.774;0.177;0.848;10959
B31552;2015/02/25 00:10:57;10959;79;30.3;23.6;2.738;2.054;1.425;2.774;0.177;0.809;10960
B31552;2015/02/25 00:11:07;10960;84;29.0;23.9;2.822;2.064;1.425;2.774;0.119;0.845;10961
B31552;2015/02/25 00:11:17;10961;79;30.6;23.6;2.841;2.064;1.370;2.774;0.119;0.838;10962
B31552;2015/02/25 00:11:28;10962;85;31.9;24.3;2.606;2.061;1.370;2.767;0.119;0.796;10963
B31552;2015/02/25 00:11:37;10963;87;27.0;23.4;2.651;2.061;1.396;2.767;0.119;0.806;10964
B31552;2015/02/25 00:11:47;10964;82;26.7;23.6;2.754;2.019;1.396;2.767;0.116;0.803;10965
B31552;2015/02/25 00:11:57;10965;78;30.6;23.7;2.758;2.019;1.370;2.767;0.116;0.812;10966
B31552;2015/02/25 00:12:08;10966;89;32.2;23.9;2.812;2.022;1.370;2.767;0.116;0.809;10967
B31552;2015/02/25 00:12:17;10967;80;27.4;23.7;2.841;2.022;1.377;2.767;0.116;0.838;10968
B31552;2015/02/25 00:12:27;10968;80;30.3;23.9;2.625;2.019;1.377;2.767;0.187;0.848;10969
B31552;2015/02/25 00:12:37;10969;81;31.2;23.9;2.612;2.019;1.425;2.767;0.187;0.819;10970
B31552;2015/02/25 00:12:48;10970;89;28.0;23.9;2.748;2.048;1.425;2.732;0.187;0.812;10971
B31552;2015/02/25 00:12:57;10971;73;28.0;23.9;2.606;2.048;1.432;2.732;0.187;0.845;10972
B31552;2015/02/25 00:13:07;10972;93;31.6;24.1;2.590;2.064;1.432;2.732;0.122;0.848;10973
B31552;2015/02/25 00:13:17;10973;86;27.0;24.6;2.683;2.064;1.441;2.732;0.122;0.809;10974
B31552;2015/02/25 00:13:28;10974;78;28.0;23.7;2.835;2.045;1.441;2.761;0.122;0.809;10975
B31552;2015/02/25 00:13:37;10975;82;27.0;24.6;2.674;2.045;1.399;2.761;0.122;0.832;10976
B31552;2015/02/25 00:13:47;10976;88;28.0;23.7;2.835;2.048;1.399;2.761;0.119;0.812;10977
B31552;2015/02/25 00:13:57;10977;84;30.9;23.2;2.751;2.048;1.419;2.761;0.119;0.816;10978
B31552;2015/02/25 00:14:08;10978;83;29.6;23.9;2.603;2.054;1.419;2.767;0.119;0.796;10979
B31552;2015/02/25 00:14:17;10979;84;33.8;23.2;2.619;2.054;1.393;2.767;0.119;0.822;10980
B31552;2015/02/25 00:14:27;10980;91;28.3;23.7;2.829;2.048;1.393;2.767;0.161;0.793;10981
B31552;2015/02/25 00:14:37;10981;77;26.4;24.1;2.619;2.048;1.396;2.767;0.161;0.803;10982
B31552;2015/02/25 00:14:48;10982;82;26.7;23.6;2.841;2.054;1.396;2.732;0.161;0.806;10983
B31552;2015/02/25 00:14:57;10983;78;28.3;23.4;2.612;2.054;1.377;2.732;0.161;0.790;10984
B31552;2015/02/25 00:15:07;10984;81;26.7;23.9;2.645;2.045;1.377;2.732;0.245;0.790;10985
B31552;2015/02/25 00:15:17;10985;78;30.6;23.6;2.770;2.045;1.425;2.732;0.245;0.841;10986
B31552;2015/02/25 00:15:28;10986;85;29.6;23.9;2.838;2.048;1.425;2.780;0.245;0.799;10987
B31552;2015/02/25 00:15:37;10987;89;27.0;24.1;2.606;2.048;1.425;2.780;0.245;0.793;10988
B31552;2015/02/25 00:15:47;10988;91;26.7;23.6;2.751;2.035;1.425;2.780;0.125;0.816;10989
B31552;2015/02/25 00:15:57;10989;91;30.0;24.1;2.625;2.035;1.441;2.780;0.125;0.796;10990
B31552;2015/02/25 00:16:08;10990;83;30.3;23.7;2.638;2.061;1.441;2.761;0.125;0.819;10991
B31552;2015/02/25 00:16:17;10991;88;31.2;23.9;2.619;2.061;1.370;2.761;0.125;0.803;10992
B31552;2015/02/25 00:16:27;10992;92;26.7;23.6;2.838;2.061;1.370;2.761;0.112;0.790;10993
B31552;2015/02/25 00:16:37;10993;82;29.3;24.3;2.803;2.061;1.432;2.761;0.112;0.796;10994
B31552;2015/02/25 00:16:48;10994;85;29.6;23.4;2.829;2.022;1.432;2.774;0.112;0.812;10995
B31552;2015/02/25 00:16:57;10995;86;27.0;24.1;2.625;2.022;1.435;2.774;0.112;0.825;10996
B31552;2015/02/25 00:17:07;10996;88;30.9;24.1;2.816;2.048;1.435;2.774;0.129;0.793;10997
B31552;2015/02/25 00:17:17;10997;81;33.8;23.2;2.612;2.048;1.374;2.774;0.129;0.816;10998
B31552;2015/02/25 00:17:28;10998;88;30.9;23.9;2.616;2.061;1.374;2.761;0.129;0.812;10999
B31552;2015/02/25 00:17:37;10999;80;32.5;25.0;2.606;2.061;1.380;2.761;0.129;0.796;11000
B31552;2015/02/25 00:17:47;11000;83;30.3;24.4;2.790;2.032;1.380;2.761;0.119;0.825;11001
B31552;2015/02/25 00:17:57;11001;88;31.6;23.4;2.654;2.032;1.393;2.761;0.119;0.796;11002
B31552;2015/02/25 00:18:08;11002;88;31.6;24.3;2.609;2.025;1.393;2.738;0.119;0.803;11003
B31552;2015/02/25 00:18:17;11003;85;27.7;24.4;2.761;2.025;1.432;2.738;0.119;0.799;11004
B31552;2015/02/25 00:18:27;11004;74;30.9;24.1;2.651;2.061;1.432;2.738;0.187;0.793;11005
B31552;2015/02/25 00:18:37;11005;88;30.3;23.7;2.841;2.061;1.380;2.738;0.187;0.829;11006
B31552;2015/02/25 00:18:48;11006;92;29.0;24.1;2.838;2.022;1.380;2.725;0.187;0.809;11007
B31552;2015/02/25 00:18:57;11007;83;28.7;23.2;2.725;2.022;1.377;2.725;0.187;0.799;11008
B31552;2015/02/25 00:19:07;11008;80;28.0;23.6;2.612;2.035;1.377;2.725;0.148;0.816;11009
B31552;2015/02/25 00:19:17;11009;82;27.4;24.4;2.770;2.035;1.377;2.725;0.148;0.832;11010
B31552;2015/02/25 00:19:28;11010;90;28.3;23.7;2.822;2.048;1.377;2.758;0.148;0.812;11011
B31552;2015/02/25 00:19:37;11011;83;27.0;24.1;2.606;2.048;1.380;2.758;0.148;0.796;11012
B31552;2015/02/25 00:19:47;11012;82;30.3;23.9;2.787;2.022;1.380;2.758;0.125;0.825;11013
B31552;2015/02/25 00:19:57;11013;79;32.9;23.6;2.680;2.022;1.380;2.758;0.125;0.832;11014
B31552;2015/02/25 00:20:08;11014;93;30.3;24.3;2.696;2.051;1.380;2.738;0.125;0.806;11015
B31552;2015/02/25 00:20:17;11015;76;27.0;24.1;2.803;2.051;1.422;2.738;0.125;0.812;11016
B31552;2015/02/25 00:20:27;11016;88;30.0;23.9;2.658;2.045;1.422;2.738;0.141;0.806;11017
B31552;2015/02/25 00:20:37;11017;87;30.3;23.6;2.645;2.045;1.403;2.738;0.141;0.803;11018
B31552;2015/02/25 00:20:48;11018;87;31.6;23.9;2.596;2.025;1.403;2.774;0.141;0.848;11019
B31552;2015/02/25 00:20:57;11019;83;31.2;23.2;2.635;2.025;1.377;2.774;0.141;0.838;11020
B31552;2015/02/25 00:21:07;11020;85;32.5;23.9;2.806;2.058;1.377;2.774;0.116;0.812;11021
B31552;2015/02/25 00:21:17;11021;86;33.8;23.6;2.754;2.058;1.380;2.774;0.116;0.848;11022
B31552;2015/02/25 00:21:28;11022;84;31.2;24.4;2.829;2.025;1.380;2.767;0.116;0.838;11023
B31552;2015/02/25 00:21:37;11023;78;31.2;24.3;2.787;2.025;1.432;2.767;0.116;0.819;11024
B31552;2015/02/25 00:21:47;11024;78;28.3;24.3;2.596;2.038;1.432;2.767;0.116;0.822;11025
B31552;2015/02/25 00:21:57;11025;83;31.6;23.9;2.654;2.038;1.445;2.767;0.116;0.803;11026
B31552;2015/02/25 00:22:08;11026;86;28.3;23.7;2.722;2.025;1.445;2.729;0.116;0.819;11027
B31552;2015/02/25 00:22:17;11027;84;29.3;23.2;2.709;2.025;1.383;2.729;0.116;0.816;11028
B31552;2015/02/25 00:22:27;11028;87;29.3;23.9;2.596;2.058;1.383;2.729;0.116;0.799;11029
B31552;2015/02/25 00:22:37;11029;86;32.2;23.7;2.638;2.058;1.438;2.729;0.116;0.835;11030
B31552;2015/02/25 00:22:48;11030;87;32.5;24.1;2.625;2.064;1.438;2.764;0.116;0.809;11031
B31552;2015/02/25 00:22:57;11031;83;27.4;24.4;2.738;2.064;1.380;2.764;0.116;0.829;11032
B31552;2015/02/25 00:23:07;11032;83;26.7;23.6;2.751;2.067;1.380;2.764;0.151;0.819;11033
B31552;2015/02/25 00:23:17;11033;85;30.6;24.1;2.725;2.067;1.380;2.764;0.151;0.835;11034
B31552;2015/02/25 00:23:28;11034;85;29.3;23.7;2.722;2.035;1.380;2.738;0.151;0.838;11035
B31552;2015/02/25 00:23:37;11035;74;32.2;23.7;2.658;2.035;1.380;2.738;0.151;0.841;11036
B31552;2015/02/25 00:23:47;11036;82;26.7;23.9;2.638;2.038;1.380;2.738;0.106;0.799;11037
B31552;2015/02/25 00:23:57;11037;84;30.6;24.1;2.812;2.038;1.409;2.738;0.106;0.796;11038
B31552;2015/02/25 00:24:08;11038;83;28.0;23.7;2.835;2.058;1.409;2.741;0.106;0.803;11039
B31552;2015/02/25 00:24:17;11039;84;27.0;23.7;2.841;2.058;1.383;2.741;0.106;0.819;11040
B31552;2015/02/25 00:24:27;11040;92;30.9;24.1;2.809;2.035;1.383;2.741;0.119;0.812;11041
B31552;2015/02/25 00:24:37;11041;76;30.0;24.4;2.619;2.035;1.432;2.741;0.119;0.819;11042
B31552;2015/02/25 00:24:48;11042;84;29.6;23.4;2.803;2.048;1.432;2.729;0.119;0.790;11043
B31552;2015/02/25 00:24:57;11043;80;29.0;23.7;2.829;2.048;1.380;2.729;0.119;0.816;11044
B31552;2015/02/25 00:25:07;11044;81;27.7;23.9;2.658;2.048;1.380;2.729;0.129;0.835;11045
B31552;2015/02/25 00:25:17;11045;91;32.5;23.9;2.612;2.048;1.435;2.729;0.129;0.799;11046
B31552;2015/02/25 00:25:28;11046;80;30.6;23.9;2.596;2.064;1.435;2.774;0.129;0.812;11047
B31552;2015/02/25 00:25:37;11047;81;31.2;23.7;2.719;2.064;1.448;2.774;0.129;0.812;11048
B31552;2015/02/25 00:25:47;11048;89;30.0;23.6;2.770;2.025;1.448;2.774;0.116;0.809;11049
B31552;2015/02/25 00:25:57;11049;91;32.2;24.1;2.741;2.025;1.412;2.774;0.116;0.803;11050
B31552;2015/02/25 00:26:08;11050;88;30.3;24.1;2.619;2.045;1.412;2.764;0.116;0.803;11051
B31552;2015/02/25 00:26:17;11051;84;31.2;24.1;2.758;2.045;1.396;2.764;0.116;0.825;11052
B31552;2015/02/25 00:26:27;11052;75;31.2;24.4;2.629;2.048;1.396;2.764;0.119;0.799;11053
B31552;2015/02/25 00:26:37;11053;85;31.9;23.9;2.667;2.048;1.429;2.764;0.119;0.841;11054
B31552;2015/02/25 00:26:48;11054;93;30.3;23.7;2.816;2.025;1.429;2.716;0.119;0.819;11055
B31552;2015/02/25 00:26:57;11055;76;30.3;23.6;2.777;2.025;1.438;2.716;0.119;0.816;11056
B31552;2015/02/25 00:27:07;11056;74;27.4;23.6;2.770;2.025;1.438;2.716;0.119;0.858;11057
B31552;2015/02/25 00:27:17;11057;88;31.6;23.7;2.690;2.025;1.416;2.716;0.119;0.822;11058
B31552;2015/02/25 00:27:28;11058;82;30.6;24.3;2.822;2.064;1.416;2.729;0.119;0.812;11059
B31552;2015/02/25 00:27:37;11059;77;27.0;23.4;2.596;2.064;1.406;2.729;0.119;0.790;11060
B31552;2015/02/25 00:27:47;11060;84;30.9;25.1;2.796;2.051;1.406;2.729;0.187;0.816;11061
B31552;2015/02/25 00:27:57;11061;90;33.8;23.9;2.841;2.051;1.377;2.729;0.187;0.809;11062
B31552;2015/02/25 00:28:08;11062;86;28.0;24.3;2.612;2.029;1.377;2.774;0.187;0.816;11063
B31552;2015/02/25 00:28:17;11063;82;27.0;24.1;2.625;2.029;1.377;2.774;0.187;0.796;11064
B31552;2015/02/25 00:28:27;11064;82;27.7;24.3;2.835;2.048;1.377;2.774;0.119;0.803;11065
B31552;2015/02/25 00:28:37;11065;83;31.2;23.6;2.767;2.048;1.422;2.774;0.119;0.783;11066
B31552;2015/02/25 00:28:48;11066;83;27.4;23.9;2.770;2.041;1.422;2.783;0.119;0.790;11067
B31552;2015/02/25 00:28:57;11067;83;31.6;23.9;2.625;2.041;1.383;2.783;0.119;0.806;11068
B31552;2015/02/25 00:29:07;11068;85;31.2;24.1;2.625;2.045;1.383;2.783;0.119;0.799;11069
B31552;2015/02/25 00:29:17;11069;81;27.0;24.1;2.612;2.045;1.438;2.783;0.119;0.790;11070
B31552;2015/02/25 00:29:28;11070;85;31.9;23.9;2.619;2.048;1.438;2.783;0.119;0.819;11071
B31552;2015/02/25 00:29:37;11071;84;31.6;23.9;2.706;2.048;1.377;2.783;0.119;0.790;11072
B31552;2015/02/25 00:29:47;11072;77;33.8;23.6;2.838;2.051;1.377;2.783;0.129;0.819;11073
B31552;2015/02/25 00:29:57;11073;74;30.9;24.1;2.735;2.051;1.435;2.783;0.129;0.777;11074
B31552;2015/02/25 00:30:08;11074;88;27.7;23.6;2.793;2.022;1.435;2.783;0.129;0.803;11075
B31552;2015/02/25 00:30:17;11075;79;30.3;23.6;2.816;2.022;1.403;2.783;0.129;0.796;11076
B31552;2015/02/25 00:30:27;11076;80;27.4;23.2;2.783;2.051;1.403;2.783;0.112;0.780;11077
B31552;2015/02/25 00:30:37;11077;71;30.6;23.9;2.638;2.051;1.448;2.783;0.112;0.777;11078
B31552;2015/02/25 00:30:48;11078;86;29.3;23.7;2.783;2.064;1.448;2.774;0.112;0.774;11079
B31552;2015/02/25 00:30:57;11079;82;30.3;23.9;2.767;2.064;1.387;2.774;0.112;0.799;11080
B31552;2015/02/25 00:31:07;11080;84;33.2;24.4;2.638;2.067;1.387;2.774;0.119;0.793;11081
B31552;2015/02/25 00:31:17;11081;74;31.6;23.9;2.625;2.067;1.396;2.774;0.119;0.806;11082
B31552;2015/02/25 00:31:28;11082;86;31.6;24.3;2.816;2.048;1.396;2.748;0.119;0.819;11083
B31552;2015/02/25 00:31:37;11083;90;29.3;23.7;2.625;2.048;1.393;2.748;0.119;0.796;11084
B31552;2015/02/25 00:31:47;11084;89;27.4;24.3;2.806;2.045;1.393;2.748;0.132;0.790;11085
B31552;2015/02/25 00:31:57;11085;85;28.7;24.1;2.825;2.045;1.432;2.748;0.132;0.770;11086
B31552;2015/02/25 00:32:08;11086;85;29.3;23.7;2.835;2.025;1.432;2.777;0.132;0.803;11087
B31552;2015/02/25 00:32:17;11087;81;30.6;23.6;2.829;2.025;1.432;2.777;0.132;0.770;11088
B31552;2015/02/25 00:32:27;11088;89;28.3;24.3;2.596;2.061;1.432;2.777;0.112;0.783;11089
B31552;2015/02/25 00:32:37;11089;88;27.0;23.7;2.625;2.061;1.383;2.777;0.112;0.799;11090
B31552;2015/02/25 00:32:48;11090;84;29.0;23.7;2.838;2.025;1.383;2.751;0.112;0.783;11091
B31552;2015/02/25 00:32:57;11091;74;29.0;23.9;2.619;2.025;1.383;2.751;0.112;0.787;11092
B31552;2015/02/25 00:33:07;11092;85;30.6;24.3;2.654;2.054;1.383;2.751;0.129;0.793;11093
B31552;2015/02/25 00:33:17;11093;73;32.5;23.4;2.638;2.054;1.429;2.751;0.129;0.787;11094
B31552;2015/02/25 00:33:28;11094;81;32.9;24.1;2.822;2.032;1.429;2.761;0.129;0.819;11095
B31552;2015/02/25 00:33:37;11095;88;31.9;23.6;2.680;2.032;1.383;2.761;0.129;0.806;11096
B31552;2015/02/25 00:33:47;11096;90;30.3;23.7;2.645;2.067;1.383;2.761;0.129;0.783;11097
B31552;2015/02/25 00:33:57;11097;80;29.0;23.6;2.699;2.067;1.380;2.761;0.129;0.812;11098
B31552;2015/02/25 00:34:08;11098;85;31.9;23.7;2.638;2.025;1.380;2.732;0.129;0.816;11099
B31552;2015/02/25 00:34:17;11099;88;29.3;23.4;2.619;2.025;1.383;2.732;0.129;0.787;11100
B31552;2015/02/25 00:34:27;11100;91;30.9;24.1;2.722;2.025;1.383;2.732;0.109;0.796;11101
B31552;2015/02/25 00:34:37;11101;78;28.7;23.6;2.606;2.025;1.393;2.732;0.109;0.799;11102
B31552;2015/02/25 00:34:48;11102;76;32.9;23.9;2.683;2.025;1.393;2.751;0.109;0.790;11103
B31552;2015/02/25 00:34:57;11103;72;32.5;23.6;2.632;2.025;1.406;2.751;0.109;0.777;11104
B31552;2015/02/25 00:35:07;11104;93;32.5;24.1;2.738;2.045;1.406;2.751;0.187;0.812;11105
B31552;2015/02/25 00:35:17;11105;83;28.3;23.2;2.719;2.045;1.441;2.751;0.187;0.767;11106
B31552;2015/02/25 00:35:28;11106;89;32.5;23.9;2.829;2.025;1.441;2.745;0.187;0.777;11107
B31552;2015/02/25 00:35:37;11107;85;27.7;24.4;2.835;2.025;1.412;2.745;0.187;0.793;11108
B31552;2015/02/25 00:35:47;11108;87;29.3;23.2;2.832;2.025;1.412;2.745;0.203;0.799;11109
B31552;2015/02/25 00:35:57;11109;75;27.0;23.7;2.803;2.025;1.412;2.745;0.203;0.790;11110
B31552;2015/02/25 00:36:08;11110;87;30.6;23.9;2.625;2.025;1.412;2.764;0.203;0.777;11111
B31552;2015/02/25 00:36:17;11111;76;29.6;23.7;2.609;2.025;1.396;2.764;0.203;0.793;11112
B31552;2015/02/25 00:36:27;11112;82;29.6;23.4;2.829;2.025;1.396;2.764;0.119;0.770;11113
B31552;2015/02/25 00:36:37;11113;82;28.0;23.2;2.619;2.025;1.445;2.764;0.119;0.777;11114
B31552;2015/02/25 00:36:48;11114;91;28.0;23.6;2.612;2.035;1.445;2.774;0.119;0.819;11115
B31552;2015/02/25 00:36:57;11115;89;30.3;23.7;2.667;2.035;1.441;2.774;0.119;0.777;11116
B31552;2015/02/25 00:37:07;11116;90;30.6;24.1;2.654;2.045;1.441;2.774;0.174;0.777;11117
B31552;2015/02/25 00:37:17;11117;83;27.0;23.9;2.606;2.045;1.383;2.774;0.174;0.806;11118
B31552;2015/02/25 00:37:28;11118;88;27.7;23.7;2.819;2.067;1.383;2.767;0.174;0.777;11119
B31552;2015/02/25 00:37:37;11119;79;32.9;23.7;2.606;2.067;1.380;2.767;0.174;0.790;11120
B31552;2015/02/25 00:37:47;11120;84;32.2;23.9;2.622;2.045;1.380;2.767;0.161;0.803;11121
B31552;2015/02/25 00:37:57;11121;86;30.3;23.2;2.625;2.045;1.396;2.767;0.161;0.783;11122
B31552;2015/02/25 00:38:08;11122;86;28.0;23.9;2.809;2.038;1.396;2.725;0.161;0.812;11123
B31552;2015/02/25 00:38:17;11123;90;29.3;23.7;2.841;2.038;1.380;2.725;0.161;0.793;11124
B31552;2015/02/25 00:38:27;11124;90;27.4;23.2;2.767;2.054;1.380;2.725;0.129;0.803;11125
B31552;2015/02/25 00:38:37;11125;85;28.0;23.7;2.816;2.054;1.409;2.725;0.129;0.783;11126
B31552;2015/02/25 00:38:48;11126;88;30.3;23.9;2.770;2.067;1.409;2.745;0.129;0.780;11127
B31552;2015/02/25 00:38:57;11127;88;32.5;23.2;2.638;2.067;1.393;2.745;0.129;0.793;11128
B31552;2015/02/25 00:39:07;11128;83;26.7;23.6;2.777;2.035;1.393;2.745;0.174;0.822;11129
B31552;2015/02/25 00:39:17;11129;85;29.0;23.4;2.596;2.035;1.387;2.745;0.174;0.790;11130
B31552;2015/02/25 00:39:28;11130;87;27.4;23.9;2.645;2.038;1.387;2.774;0.174;0.783;11131
B31552;2015/02/25 00:39:37;11131;82;30.9;23.7;2.764;2.038;1.387;2.774;0.174;0.790;11132
B31552;2015/02/25 00:39:47;11132;81;30.3;23.6;2.822;2.058;1.387;2.774;0.161;0.790;11133
B31552;2015/02/25 00:39:57;11133;85;30.9;23.9;2.732;2.058;1.387;2.774;0.161;0.822;11134
B31552;2015/02/25 00:40:08;11134;85;27.4;24.3;2.796;2.070;1.387;2.738;0.161;0.812;11135
B31552;2015/02/25 00:40:17;11135;80;27.0;24.1;2.758;2.070;1.383;2.738;0.161;0.809;11136
B31552;2015/02/25 00:40:27;11136;87;30.0;24.3;2.622;2.061;1.383;2.738;0.148;0.816;11137
B31552;2015/02/25 00:40:37;11137;84;32.2;23.6;2.712;2.061;1.393;2.738;0.148;0.819;11138
B31552;2015/02/25 00:40:48;11138;83;28.3;24.3;2.819;2.067;1.393;2.738;0.148;0.812;11139
B31552;2015/02/25 00:40:57;11139;84;26.7;23.9;2.790;2.067;1.387;2.738;0.148;0.793;11140
B31552;2015/02/25 00:41:07;11140;80;31.9;23.7;2.803;2.067;1.387;2.738;0.138;0.819;11141
B31552;2015/02/25 00:41:17;11141;81;29.6;23.2;2.625;2.067;1.406;2.738;0.138;0.783;11142
B31552;2015/02/25 00:41:28;11142;84;30.9;24.1;2.841;2.051;1.406;2.748;0.138;0.812;11143
B31552;2015/02/25 00:41:37;11143;83;27.7;24.1;2.841;2.051;1.445;2.748;0.138;0.783;11144
B31552;2015/02/25 00:41:48;11144;93;30.3;23.7;2.816;2.045;1.445;2.748;0.183;0.799;11145
B31552;2015/02/25 00:41:57;11145;80;27.0;23.9;2.619;2.045;1.383;2.748;0.183;0.806;11146
B31552;2015/02/25 00:42:08;11146;85;30.9;24.3;2.706;2.064;1.383;2.774;0.183;0.825;11147
B31552;2015/02/25 00:42:17;11147;78;33.2;23.7;2.699;2.064;1.387;2.774;0.183;0.819;11148
B31552;2015/02/25 00:42:28;11148;93;28.3;24.1;2.606;2.067;1.387;2.774;0.116;0.832;11149
B31552;2015/02/25 00:42:37;11149;86;26.4;24.3;2.841;2.067;1.387;2.774;0.116;0.799;11150
B31552;2015/02/25 00:42:48;11150;90;31.6;24.3;2.716;2.058;1.387;2.729;0.116;0.799;11151
B31552;2015/02/25 00:42:57;11151;82;32.5;23.6;2.735;2.058;1.393;2.729;0.116;0.832;11152
B31552;2015/02/25 00:43:08;11152;89;29.3;23.4;2.822;2.025;1.393;2.729;0.141;0.783;11153
B31552;2015/02/25 00:43:17;11153;72;27.0;23.9;2.803;2.025;1.383;2.729;0.141;0.832;11154
B31552;2015/02/25 00:43:28;11154;87;29.0;23.6;2.609;2.029;1.383;2.729;0.141;0.838;11155
B31552;2015/02/25 00:43:37;11155;79;31.9;24.1;2.796;2.029;1.393;2.729;0.141;0.835;11156
B31552;2015/02/25 00:43:48;11156;88;30.6;23.7;2.609;2.041;1.393;2.729;0.119;0.803;11157
B31552;2015/02/25 00:43:57;11157;86;28.3;24.1;2.606;2.041;1.399;2.729;0.119;0.809;11158
B31552;2015/02/25 00:44:08;11158;83;31.2;24.3;2.729;2.035;1.399;2.777;0.119;0.832;11159
B31552;2015/02/25 00:44:17;11159;85;31.2;23.7;2.841;2.035;1.438;2.777;0.119;0.812;11160
B31552;2015/02/25 00:44:28;11160;87;30.3;24.1;2.803;2.032;1.438;2.777;0.206;0.806;11161
B31552;2015/02/25 00:44:37;11161;81;32.9;23.2;2.625;2.032;1.383;2.777;0.206;0.816;11162
B31552;2015/02/25 00:44:48;11162;80;31.6;24.1;2.596;2.070;1.383;2.767;0.206;0.832;11163
B31552;2015/02/25 00:44:57;11163;86;31.2;24.3;2.841;2.070;1.454;2.767;0.206;0.819;11164
B31552;2015/02/25 00:45:08;11164;88;28.3;23.9;2.738;2.029;1.454;2.767;0.177;0.793;11165
B31552;2015/02/25 00:45:17;11165;82;27.0;23.7;2.841;2.029;1.383;2.767;0.177;0.790;11166
B31552;2015/02/25 00:45:28;11166;88;30.9;23.7;2.816;2.045;1.383;2.738;0.177;0.790;11167
B31552;2015/02/25 00:45:37;11167;89;30.3;23.2;2.645;2.045;1.383;2.738;0.177;0.799;11168
B31552;2015/02/25 00:45:48;11168;78;29.3;23.7;2.832;2.038;1.383;2.738;0.116;0.819;11169
B31552;2015/02/25 00:45:57;11169;83;28.0;23.7;2.645;2.038;1.387;2.738;0.116;0.812;11170
B31552;2015/02/25 00:46:08;11170;83;30.3;24.1;2.758;2.070;1.387;2.732;0.116;0.777;11171
B31552;2015/02/25 00:46:17;11171;80;30.6;23.7;2.729;2.070;1.396;2.732;0.116;0.806;11172
B31552;2015/02/25 00:46:28;11172;83;32.9;24.1;2.816;2.029;1.396;2.732;0.119;0.787;11173
B31552;2015/02/25 00:46:37;11173;78;27.0;24.1;2.841;2.029;1.403;2.732;0.119;0.809;11174
B31552;2015/02/25 00:46:48;11174;77;27.4;23.9;2.632;2.061;1.403;2.729;0.119;0.774;11175
B31552;2015/02/25 00:46:57;11175;72;27.4;24.4;2.809;2.061;1.412;2.729;0.119;0.806;11176
B31552;2015/02/25 00:47:08;11176;86;31.2;24.4;2.809;2.029;1.412;2.729;0.177;0.774;11177
B31552;2015/02/25 00:47:17;11177;82;32.5;23.4;2.632;2.029;1.432;2.729;0.177;0.774;11178
B31552;2015/02/25 00:47:28;11178;80;31.6;23.6;2.638;2.051;1.432;2.761;0.177;0.796;11179
B31552;2015/02/25 00:47:37;11179;89;30.6;23.7;2.796;2.051;1.454;2.761;0.177;0.764;11180
B31552;2015/02/25 00:47:48;11180;87;28.0;24.3;2.596;2.032;1.454;2.761;0.212;0.812;11181
B31552;2015/02/25 00:47:57;11181;78;27.7;23.7;2.625;2.032;1.390;2.761;0.212;0.812;11182
B31552;2015/02/25 00:48:08;11182;84;31.6;24.1;2.619;2.070;1.390;2.774;0.212;0.774;11183
B31552;2015/02/25 00:48:17;11183;82;27.7;23.9;2.838;2.070;1.445;2.774;0.212;0.777;11184
B31552;2015/02/25 00:48:28;11184;86;29.3;23.4;2.722;2.029;1.445;2.774;0.109;0.796;11185
B31552;2015/02/25 00:48:37;11185;85;32.2;23.7;2.680;2.029;1.396;2.774;0.109;0.812;11186
B31552;2015/02/25 00:48:48;11186;92;27.7;24.3;2.819;2.029;1.396;2.745;0.109;0.803;11187
B31552;2015/02/25 00:48:57;11187;88;27.7;23.9;2.822;2.029;1.383;2.745;0.109;0.787;11188
B31552;2015/02/25 00:49:08;11188;93;27.4;23.6;2.796;2.067;1.383;2.745;0.132;0.777;11189
B31552;2015/02/25 00:49:17;11189;87;28.7;23.6;2.606;2.067;1.387;2.745;0.132;0.787;11190
B31552;2015/02/25 00:49:28;11190;87;28.3;23.9;2.822;2.058;1.387;2.751;0.132;0.812;11191
B31552;2015/02/25 00:49:37;11191;76;30.6;23.2;2.767;2.058;1.390;2.751;0.132;0.796;11192
B31552;2015/02/25 00:49:48;11192;89;30.0;24.1;2.745;2.048;1.390;2.751;0.158;0.790;11193
B31552;2015/02/25 00:49:57;11193;83;31.6;23.4;2.641;2.048;1.387;2.751;0.158;0.790;11194
B31552;2015/02/25 00:50:08;11194;79;30.6;23.7;2.806;2.074;1.387;2.767;0.158;0.816;11195
B31552;2015/02/25 00:50:17;11195;77;31.2;24.1;2.735;2.074;1.390;2.767;0.158;0.825;11196
B31552;2015/02/25 00:50:28;11196;93;29.6;23.7;2.645;2.041;1.390;2.767;0.145;0.816;11197
B31552;2015/02/25 00:50:37;11197;86;29.3;23.6;2.619;2.041;1.454;2.767;0.145;0.796;11198
B31552;2015/02/25 00:50:48;11198;81;30.3;23.7;2.838;2.067;1.454;2.729;0.145;0.793;11199
B31552;2015/02/25 00:50:57;11199;86;30.9;23.9;2.619;2.067;1.393;2.729;0.145;0.803;11200
B31552;2015/02/25 00:51:08;11200;89;28.3;23.9;2.832;2.051;1.393;2.729;0.174;0.819;11201
B31552;2015/02/25 00:51:17;11201;87;30.0;23.6;2.758;2.051;1.383;2.729;0.174;0.803;11202
B31552;2015/02/25 00:51:28;11202;90;30.3;24.3;2.816;2.029;1.383;2.764;0.174;0.825;11203
B31552;2015/02/25 00:51:37;11203;91;27.7;24.4;2.806;2.029;1.387;2.764;0.174;0.812;11204
B31552;2015/02/25 00:51:48;11204;90;33.8;24.1;2.838;2.074;1.387;2.764;0.154;0.796;11205
B31552;2015/02/25 00:51:57;11205;83;33.5;23.9;2.835;2.074;1.399;2.764;0.154;0.825;11206
B31552;2015/02/25 00:52:08;11206;86;28.0;24.1;2.596;2.067;1.399;2.719;0.154;0.832;11207
B31552;2015/02/25 00:52:17;11207;88;27.7;24.4;2.822;2.067;1.393;2.719;0.154;0.816;11208
B31552;2015/02/25 00:52:28;11208;87;32.2;24.1;2.638;2.038;1.393;2.719;0.119;0.799;11209
B31552;2015/02/25 00:52:37;11209;88;30.6;23.6;2.632;2.038;1.399;2.719;0.119;0.825;11210
B31552;2015/02/25 00:52:48;11210;78;28.0;24.3;2.838;2.041;1.399;2.735;0.119;0.816;11211
B31552;2015/02/25 00:52:57;11211;86;28.7;24.1;2.838;2.041;1.438;2.735;0.119;0.809;11212
B31552;2015/02/25 00:53:08;11212;87;31.9;24.3;2.664;2.045;1.438;2.735;0.112;0.819;11213
B31552;2015/02/25 00:53:17;11213;82;30.0;24.1;2.625;2.045;1.412;2.735;0.112;0.783;11214
B31552;2015/02/25 00:53:28;11214;76;28.0;23.7;2.838;2.070;1.412;2.745;0.112;0.787;11215
B31552;2015/02/25 00:53:37;11215;83;33.5;23.2;2.780;2.070;1.393;2.745;0.112;0.796;11216
B31552;2015/02/25 00:53:48;11216;84;28.3;23.7;2.829;2.054;1.393;2.745;0.119;0.787;11217
B31552;2015/02/25 00:53:57;11217;86;32.5;23.7;2.735;2.054;1.458;2.745;0.119;0.822;11218
B31552;2015/02/25 00:54:08;11218;88;32.9;24.3;2.819;2.032;1.458;2.780;0.119;0.796;11219
B31552;2015/02/25 00:54:17;11219;85;27.7;23.9;2.841;2.032;1.438;2.780;0.119;0.777;11220
B31552;2015/02/25 00:54:28;11220;85;30.6;23.7;2.651;2.064;1.438;2.780;0.119;0.777;11221
B31552;2015/02/25 00:54:37;11221;81;27.7;24.1;2.841;2.064;1.458;2.780;0.119;0.787;11222
B31552;2015/02/25 00:54:48;11222;78;28.3;23.7;2.822;2.032;1.458;2.729;0.119;0.819;11223
B31552;2015/02/25 00:54:57;11223;87;29.0;23.7;2.838;2.032;1.438;2.729;0.119;0.783;11224
B31552;2015/02/25 00:55:08;11224;84;31.2;24.1;2.735;2.074;1.438;2.729;0.125;0.793;11225
B31552;2015/02/25 00:55:17;11225;88;33.2;23.4;2.638;2.074;1.451;2.729;0.125;0.799;11226
B31552;2015/02/25 00:55:28;11226;87;30.3;24.1;2.648;2.029;1.451;2.741;0.125;0.787;11227
B31552;2015/02/25 00:55:37;11227;87;28.0;23.7;2.612;2.029;1.390;2.741;0.125;0.793;11228
B31552;2015/02/25 00:55:48;11228;85;28.3;24.3;2.596;2.029;1.390;2.741;0.116;0.796;11229
B31552;2015/02/25 00:55:57;11229;80;31.6;23.9;2.661;2.029;1.390;2.741;0.116;0.819;11230
B31552;2015/02/25 00:56:08;11230;93;30.3;24.4;2.625;2.032;1.390;2.732;0.116;0.822;11231
B31552;2015/02/25 00:56:17;11231;84;29.3;23.7;2.838;2.032;1.403;2.732;0.116;0.819;11232
B31552;2015/02/25 00:56:28;11232;76;32.9;23.7;2.622;2.061;1.403;2.732;0.129;0.812;11233
B31552;2015/02/25 00:56:37;11233;85;27.7;24.4;2.606;2.061;1.451;2.732;0.129;0.812;11234
B31552;2015/02/25 00:56:48;11234;88;31.2;24.6;2.677;2.041;1.451;2.719;0.129;0.819;11235
B31552;2015/02/25 00:56:57;11235;86;33.2;23.9;2.790;2.041;1.390;2.719;0.129;0.790;11236
B31552;2015/02/25 00:57:08;11236;92;27.4;23.9;2.819;2.029;1.390;2.719;0.167;0.835;11237
B31552;2015/02/25 00:57:17;11237;85;27.7;24.1;2.616;2.029;1.458;2.719;0.167;0.790;11238
B31552;2015/02/25 00:57:28;11238;86;29.3;23.4;2.670;2.061;1.458;2.761;0.167;0.845;11239
B31552;2015/02/25 00:57:37;11239;84;30.6;24.1;2.809;2.061;1.396;2.761;0.167;0.812;11240
B31552;2015/02/25 00:57:48;11240;88;31.2;23.7;2.596;2.051;1.396;2.761;0.141;0.819;11241
B31552;2015/02/25 00:57:57;11241;84;32.5;23.9;2.606;2.051;1.438;2.761;0.141;0.803;11242
B31552;2015/02/25 00:58:08;11242;89;28.7;23.2;2.835;2.032;1.438;2.767;0.141;0.838;11243
B31552;2015/02/25 00:58:17;11243;83;27.0;23.7;2.619;2.032;1.412;2.767;0.141;0.829;11244
B31552;2015/02/25 00:58:28;11244;88;30.0;24.1;2.741;2.045;1.412;2.767;0.119;0.832;11245
B31552;2015/02/25 00:58:37;11245;77;31.2;23.7;2.735;2.045;1.393;2.767;0.119;0.835;11246
B31552;2015/02/25 00:58:48;11246;80;30.3;23.9;2.625;2.035;1.393;2.751;0.119;0.832;11247
B31552;2015/02/25 00:58:57;11247;87;30.9;24.1;2.848;2.035;1.393;2.751;0.119;0.825;11248
B31552;2015/02/25 00:59:08;11248;78;30.6;23.4;2.703;2.061;1.393;2.751;0.187;0.799;11249
B31552;2015/02/25 00:59:17;11249;73;30.3;23.7;2.641;2.061;1.438;2.751;0.187;0.825;11250
B31552;2015/02/25 00:59:28;11250;91;29.6;23.7;2.829;2.048;1.438;2.761;0.187;0.845;11251
B31552;2015/02/25 00:59:37;11251;88;30.3;23.6;2.680;2.048;1.396;2.761;0.187;0.790;11252
B31552;2015/02/25 00:59:48;11252;80;28.3;24.3;2.832;2.032;1.396;2.761;0.125;0.790;11253
B31552;2015/02/25 00:59:57;11253;78;33.2;23.6;2.790;2.032;1.406;2.761;0.125;0.825;11254
B31552;2015/02/25 01:00:08;11254;85;31.2;23.4;2.690;2.074;1.406;2.729;0.125;0.816;11255
B31552;2015/02/25 01:00:17;11255;89;27.4;24.1;2.619;2.074;1.409;2.729;0.125;0.790;11256
B31552;2015/02/25 01:00:28;11256;87;27.7;24.3;2.596;2.061;1.409;2.729;0.119;0.806;11257
B31552;2015/02/25 01:00:37;11257;78;31.2;24.1;2.796;2.061;1.441;2.729;0.119;0.790;11258
B31552;2015/02/25 01:00:48;11258;87;29.6;24.3;2.622;2.045;1.441;2.729;0.119;0.799;11259
B31552;2015/02/25 01:00:57;11259;88;30.0;24.1;2.645;2.045;1.396;2.729;0.119;0.812;11260
B31552;2015/02/25 01:01:08;11260;87;33.8;24.1;2.619;2.070;1.396;2.729;0.112;0.819;11261
B31552;2015/02/25 01:01:17;11261;84;29.3;23.7;2.600;2.070;1.390;2.729;0.112;0.806;11262
B31552;2015/02/25 01:01:28;11262;89;30.3;23.4;2.651;2.058;1.390;2.729;0.112;0.787;11263
B31552;2015/02/25 01:01:37;11263;84;30.9;23.7;2.841;2.058;1.461;2.729;0.112;0.806;11264
B31552;2015/02/25 01:01:48;11264;87;31.6;23.4;2.796;2.054;1.461;2.729;0.177;0.803;11265
B31552;2015/02/25 01:01:57;11265;90;33.2;24.1;2.819;2.054;1.461;2.729;0.177;0.825;11266
B31552;2015/02/25 01:02:08;11266;89;33.5;24.3;2.841;2.074;1.461;2.725;0.177;0.803;11267
B31552;2015/02/25 01:02:17;11267;88;30.6;23.7;2.703;2.074;1.396;2.725;0.177;0.806;11268
B31552;2015/02/25 01:02:28;11268;85;31.6;24.1;2.625;2.061;1.396;2.725;0.154;0.825;11269
B31552;2015/02/25 01:02:37;11269;83;30.9;23.9;2.632;2.061;1.412;2.725;0.154;0.793;11270
B31552;2015/02/25 01:02:48;11270;90;29.3;23.9;2.761;2.058;1.412;2.761;0.154;0.832;11271
B31552;2015/02/25 01:02:57;11271;78;26.7;24.4;2.835;2.058;1.390;2.761;0.154;0.841;11272
B31552;2015/02/25 01:03:08;11272;88;30.0;24.1;2.732;2.032;1.390;2.761;0.138;0.819;11273
B31552;2015/02/25 01:03:17;11273;84;27.0;24.4;2.822;2.032;1.393;2.761;0.138;0.845;11274
B31552;2015/02/25 01:03:28;11274;87;27.4;24.3;2.790;2.077;1.393;2.725;0.138;0.799;11275
B31552;2015/02/25 01:03:37;11275;88;29.3;24.1;2.809;2.077;1.396;2.725;0.138;0.819;11276
B31552;2015/02/25 01:03:48;11276;89;26.7;23.9;2.625;2.077;1.396;2.725;0.119;0.809;11277
B31552;2015/02/25 01:03:57;11277;85;30.6;23.7;2.841;2.077;1.396;2.725;0.119;0.835;11278
B31552;2015/02/25 01:04:08;11278;78;29.0;24.3;2.616;2.035;1.396;2.767;0.119;0.829;11279
B31552;2015/02/25 01:04:17;11279;88;30.9;24.3;2.793;2.035;1.396;2.767;0.119;0.822;11280
B31552;2015/02/25 01:04:28;11280;91;30.0;23.9;2.770;2.074;1.396;2.767;0.122;0.809;11281
B31552;2015/02/25 01:04:37;11281;81;30.3;23.2;2.619;2.074;1.451;2.767;0.122;0.806;11282
B31552;2015/02/25 01:04:48;11282;91;27.4;24.3;2.816;2.070;1.451;2.719;0.122;0.838;11283
B31552;2015/02/25 01:04:57;11283;76;29.3;24.3;2.619;2.070;1.403;2.719;0.122;0.829;11284
B31552;2015/02/25 01:05:08;11284;93;28.3;24.1;2.829;2.045;1.403;2.719;0.141;0.829;11285
B31552;2015/02/25 01:05:17;11285;88;31.9;23.9;2.645;2.045;1.422;2.719;0.141;0.803;11286
B31552;2015/02/25 01:05:28;11286;74;31.9;24.3;2.803;2.054;1.422;2.767;0.141;0.803;11287
B31552;2015/02/25 01:05:37;11287;83;30.0;23.9;2.812;2.054;1.396;2.767;0.141;0.838;11288
B31552;2015/02/25 01:05:48;11288;85;29.0;24.3;2.603;2.064;1.396;2.767;0.135;0.796;11289
B31552;2015/02/25 01:05:57;11289;86;28.7;23.6;2.619;2.064;1.393;2.767;0.135;0.822;11290
B31552;2015/02/25 01:06:08;11290;90;30.9;24.1;2.741;2.064;1.393;2.774;0.135;0.803;11291
B31552;2015/02/25 01:06:17;11291;91;29.3;23.2;2.625;2.064;1.461;2.774;0.135;0.835;11292
B31552;2015/02/25 01:06:28;11292;88;27.4;23.6;2.783;2.067;1.461;2.774;0.106;0.803;11293
B31552;2015/02/25 01:06:37;11293;86;27.7;23.9;2.841;2.067;1.393;2.774;0.106;0.835;11294
B31552;2015/02/25 01:06:48;11294;88;27.4;23.9;2.761;2.051;1.393;2.719;0.106;0.835;11295
B31552;2015/02/25 01:06:57;11295;79;28.7;24.3;2.603;2.051;1.393;2.719;0.106;0.803;11296
B31552;2015/02/25 01:07:08;11296;92;31.6;24.4;2.796;2.048;1.393;2.719;0.112;0.829;11297
B31552;2015/02/25 01:07:17;11297;77;28.0;24.3;2.687;2.048;1.441;2.719;0.112;0.822;11298
B31552;2015/02/25 01:07:28;11298;83;30.9;24.8;2.596;2.041;1.441;2.754;0.112;0.845;11299
B31552;2015/02/25 01:07:37;11299;88;27.0;24.4;2.803;2.041;1.393;2.754;0.112;0.812;11300
B31552;2015/02/25 01:07:48;11300;83;30.3;24.1;2.596;2.038;1.393;2.754;0.219;0.816;11301
B31552;2015/02/25 01:07:57;11301;79;31.6;23.9;2.600;2.038;1.451;2.754;0.219;0.825;11302
B31552;2015/02/25 01:08:08;11302;89;27.0;24.6;2.603;2.035;1.451;2.719;0.219;0.816;11303
B31552;2015/02/25 01:08:17;11303;84;27.0;24.1;2.809;2.035;1.451;2.719;0.219;0.812;11304
B31552;2015/02/25 01:08:28;11304;91;29.6;24.4;2.645;2.067;1.451;2.719;0.116;0.848;11305
B31552;2015/02/25 01:08:37;11305;85;27.0;24.3;2.612;2.067;1.396;2.719;0.116;0.832;11306
B31552;2015/02/25 01:08:48;11306;82;33.8;24.3;2.625;2.035;1.396;2.761;0.116;0.832;11307
B31552;2015/02/25 01:08:57;11307;78;29.6;23.9;2.793;2.035;1.409;2.761;0.116;0.816;11308
B31552;2015/02/25 01:09:08;11308;85;32.5;23.9;2.838;2.077;1.409;2.761;0.129;0.829;11309
B31552;2015/02/25 01:09:17;11309;85;31.2;23.7;2.745;2.077;1.396;2.761;0.129;0.803;11310
B31552;2015/02/25 01:09:28;11310;88;31.9;23.9;2.829;2.051;1.396;2.754;0.129;0.825;11311
B31552;2015/02/25 01:09:37;11311;84;27.0;24.1;2.638;2.051;1.393;2.754;0.129;0.812;11312
B31552;2015/02/25 01:09:48;11312;88;30.0;24.1;2.625;2.077;1.393;2.754;0.138;0.806;11313
B31552;2015/02/25 01:09:57;11313;83;32.9;24.4;2.841;2.077;1.396;2.754;0.138;0.806;11314
B31552;2015/02/25 01:10:08;11314;89;32.9;23.6;2.832;2.048;1.396;2.738;0.138;0.803;11315
B31552;2015/02/25 01:10:17;11315;88;31.2;23.9;2.606;2.048;1.409;2.738;0.138;0.832;11316
B31552;2015/02/25 01:10:28;11316;87;31.2;23.7;2.706;2.035;1.409;2.738;0.119;0.806;11317
B31552;2015/02/25 01:10:37;11317;73;28.7;23.7;2.600;2.035;1.409;2.738;0.119;0.812;11318
B31552;2015/02/25 01:10:48;11318;86;31.2;23.7;2.609;2.035;1.409;2.758;0.119;0.812;11319
B31552;2015/02/25 01:10:57;11319;82;27.0;24.4;2.783;2.035;1.396;2.758;0.119;0.806;11320
B31552;2015/02/25 01:11:08;11320;88;26.7;23.2;2.777;2.035;1.396;2.758;0.229;0.783;11321
B31552;2015/02/25 01:11:17;11321;83;30.6;23.9;2.619;2.035;1.445;2.758;0.229;0.777;11322
B31552;2015/02/25 01:11:28;11322;86;30.3;23.7;2.645;2.058;1.445;2.732;0.229;0.838;11323
B31552;2015/02/25 01:11:37;11323;88;28.7;23.7;2.716;2.058;1.412;2.732;0.229;0.777;11324
B31552;2015/02/25 01:11:48;11324;78;33.2;24.3;2.606;2.035;1.412;2.732;0.116;0.799;11325
B31552;2015/02/25 01:11:57;11325;90;28.7;23.6;2.693;2.035;1.416;2.732;0.116;0.787;11326
B31552;2015/02/25 01:12:08;11326;87;30.0;23.9;2.680;2.077;1.416;2.738;0.116;0.816;11327
B31552;2015/02/25 01:12:17;11327;71;31.6;23.6;2.658;2.077;1.416;2.738;0.116;0.803;11328
B31552;2015/02/25 01:12:28;11328;89;32.5;24.3;2.593;2.035;1.416;2.738;0.122;0.816;11329
B31552;2015/02/25 01:12:37;11329;83;30.0;23.7;2.841;2.035;1.409;2.738;0.122;0.790;11330
B31552;2015/02/25 01:12:48;11330;88;29.3;24.6;2.796;2.077;1.409;2.767;0.122;0.816;11331
B31552;2015/02/25 01:12:57;11331;83;27.7;23.9;2.835;2.077;1.448;2.767;0.122;0.793;11332
B31552;2015/02/25 01:13:08;11332;74;29.0;24.3;2.838;2.077;1.448;2.767;0.119;0.796;11333
B31552;2015/02/25 01:13:17;11333;73;26.4;23.7;2.841;2.077;1.396;2.767;0.119;0.803;11334
B31552;2015/02/25 01:13:28;11334;83;30.3;24.3;2.625;2.080;1.396;2.729;0.119;0.835;11335
B31552;2015/02/25 01:13:37;11335;83;28.3;24.3;2.606;2.080;1.419;2.729;0.119;0.822;11336
B31552;2015/02/25 01:13:48;11336;79;31.9;24.1;2.783;2.070;1.419;2.729;0.125;0.825;11337
B31552;2015/02/25 01:13:57;11337;84;27.4;24.4;2.796;2.070;1.399;2.729;0.125;0.832;11338
B31552;2015/02/25 01:14:08;11338;87;30.9;23.9;2.796;2.061;1.399;2.738;0.125;0.799;11339
B31552;2015/02/25 01:14:17;11339;85;30.3;23.2;2.625;2.061;1.396;2.738;0.125;0.803;11340
B31552;2015/02/25 01:14:28;11340;90;30.3;24.4;2.632;2.064;1.396;2.738;0.148;0.777;11341
B31552;2015/02/25 01:14:37;11341;88;27.7;23.7;2.841;2.064;1.396;2.738;0.148;0.825;11342
B31552;2015/02/25 01:14:48;11342;93;32.9;23.9;2.822;2.067;1.396;2.774;0.148;0.825;11343
B31552;2015/02/25 01:14:57;11343;82;31.2;23.7;2.719;2.067;1.412;2.774;0.148;0.832;11344
B31552;2015/02/25 01:15:08;11344;80;29.3;23.4;2.722;2.061;1.412;2.774;0.119;0.838;11345
B31552;2015/02/25 01:15:17;11345;80;32.2;23.9;2.793;2.061;1.422;2.774;0.119;0.790;11346
B31552;2015/02/25 01:15:28;11346;85;31.6;23.6;2.712;2.070;1.422;2.774;0.119;0.796;11347
B31552;2015/02/25 01:15:37;11347;78;27.7;24.4;2.619;2.070;1.416;2.774;0.119;0.819;11348
B31552;2015/02/25 01:15:48;11348;85;27.7;23.6;2.793;2.064;1.416;2.774;0.129;0.825;11349
B31552;2015/02/25 01:15:57;11349;89;31.9;23.7;2.790;2.064;1.399;2.774;0.129;0.812;11350
B31552;2015/02/25 01:16:08;11350;85;32.2;23.7;2.645;2.038;1.399;2.745;0.129;0.809;11351
B31552;2015/02/25 01:16:17;11351;89;27.7;23.4;2.606;2.038;1.419;2.745;0.129;0.822;11352
B31552;2015/02/25 01:16:28;11352;79;28.0;23.6;2.619;2.064;1.419;2.745;0.135;0.787;11353
B31552;2015/02/25 01:16:37;11353;80;30.6;23.9;2.609;2.064;1.448;2.745;0.135;0.803;11354
B31552;2015/02/25 01:16:48;11354;83;30.3;24.1;2.841;2.045;1.448;2.745;0.135;0.783;11355
B31552;2015/02/25 01:16:57;11355;77;30.0;23.7;2.841;2.045;1.396;2.745;0.135;0.803;11356
B31552;2015/02/25 01:17:08;11356;90;30.3;24.4;2.687;2.074;1.396;2.745;0.141;0.790;11357
B31552;2015/02/25 01:17:17;11357;83;28.3;23.4;2.716;2.074;1.419;2.745;0.141;0.790;11358
B31552;2015/02/25 01:17:28;11358;83;27.4;23.6;2.809;2.064;1.419;2.767;0.141;0.790;11359
B31552;2015/02/25 01:17:37;11359;85;28.3;23.6;2.612;2.064;1.396;2.767;0.141;0.793;11360
B31552;2015/02/25 01:17:48;11360;78;32.5;23.9;2.841;2.051;1.396;2.767;0.112;0.796;11361
B31552;2015/02/25 01:17:57;11361;79;30.0;23.9;2.635;2.051;1.409;2.767;0.112;0.799;11362
B31552;2015/02/25 01:18:08;11362;75;30.3;23.4;2.841;2.077;1.409;2.764;0.112;0.806;11363
B31552;2015/02/25 01:18:17;11363;74;26.7;23.7;2.841;2.077;1.464;2.764;0.112;0.796;11364
B31552;2015/02/25 01:18:28;11364;92;26.7;23.6;2.761;2.035;1.464;2.764;0.119;0.812;11365
B31552;2015/02/25 01:18:37;11365;84;31.2;23.6;2.645;2.035;1.403;2.764;0.119;0.832;11366
B31552;2015/02/25 01:18:48;11366;80;27.4;23.9;2.645;2.074;1.403;2.767;0.119;0.803;11367
B31552;2015/02/25 01:18:57;11367;87;30.0;23.7;2.764;2.074;1.403;2.767;0.119;0.799;11368
B31552;2015/02/25 01:19:08;11368;87;30.3;23.6;2.816;2.054;1.403;2.767;0.112;0.809;11369
B31552;2015/02/25 01:19:17;11369;83;27.0;24.1;2.625;2.054;1.432;2.767;0.112;0.790;11370
B31552;2015/02/25 01:19:28;11370;93;26.7;23.6;2.835;2.067;1.432;2.719;0.112;0.809;11371
B31552;2015/02/25 01:19:37;11371;83;31.9;24.1;2.751;2.067;1.425;2.719;0.112;0.832;11372
B31552;2015/02/25 01:19:48;11372;82;30.0;24.1;2.625;2.038;1.425;2.719;0.109;0.809;11373
B31552;2015/02/25 01:19:57;11373;91;31.2;23.7;2.783;2.038;1.403;2.719;0.109;0.832;11374
B31552;2015/02/25 01:20:08;11374;84;27.7;23.9;2.790;2.054;1.403;2.738;0.109;0.790;11375
B31552;2015/02/25 01:20:17;11375;82;27.7;23.9;2.619;2.054;1.464;2.738;0.109;0.832;11376
B31552;2015/02/25 01:20:28;11376;80;29.0;23.9;2.832;2.074;1.464;2.738;0.129;0.787;11377
B31552;2015/02/25 01:20:37;11377;78;30.0;23.7;2.780;2.074;1.467;2.738;0.129;0.809;11378
B31552;2015/02/25 01:20:48;11378;88;31.6;24.1;2.603;2.080;1.467;2.725;0.129;0.790;11379
B31552;2015/02/25 01:20:57;11379;83;32.9;23.2;2.619;2.080;1.399;2.725;0.129;0.825;11380
B31552;2015/02/25 01:21:08;11380;84;30.6;23.6;2.619;2.064;1.399;2.725;0.122;0.806;11381
B31552;2015/02/25 01:21:17;11381;79;29.0;23.9;2.619;2.064;1.396;2.725;0.122;0.832;11382
B31552;2015/02/25 01:21:28;11382;88;28.0;23.9;2.822;2.038;1.396;2.754;0.122;0.829;11383
B31552;2015/02/25 01:21:37;11383;87;32.2;24.1;2.745;2.038;1.467;2.754;0.122;0.783;11384
B31552;2015/02/25 01:21:48;11384;86;33.8;23.6;2.612;2.064;1.467;2.754;0.119;0.809;11385
B31552;2015/02/25 01:21:57;11385;74;30.3;23.2;2.767;2.064;1.406;2.754;0.119;0.790;11386
B31552;2015/02/25 01:22:08;11386;88;29.3;23.2;2.832;2.054;1.406;2.729;0.119;0.790;11387
B31552;2015/02/25 01:22:17;11387;91;26.7;23.7;2.625;2.054;1.458;2.729;0.119;0.783;11388
B31552;2015/02/25 01:22:28;11388;88;32.9;23.6;2.841;2.077;1.458;2.729;0.112;0.790;11389
B31552;2015/02/25 01:22:37;11389;78;30.0;23.9;2.632;2.077;1.461;2.729;0.112;0.783;11390
B31552;2015/02/25 01:22:48;11390;81;30.3;24.1;2.625;2.038;1.461;2.767;0.112;0.790;11391
B31552;2015/02/25 01:22:57;11391;85;29.6;23.6;2.735;2.038;1.403;2.767;0.112;0.790;11392
B31552;2015/02/25 01:23:08;11392;84;29.3;23.7;2.706;2.077;1.403;2.767;0.187;0.816;11393
B31552;2015/02/25 01:23:17;11393;89;28.3;23.9;2.606;2.077;1.412;2.767;0.187;0.783;11394
B31552;2015/02/25 01:23:28;11394;91;30.3;24.1;2.816;2.074;1.412;2.738;0.187;0.790;11395
B31552;2015/02/25 01:23:37;11395;78;27.7;24.4;2.829;2.074;1.403;2.738;0.187;0.777;11396
B31552;2015/02/25 01:23:48;11396;87;32.9;23.9;2.822;2.080;1.403;2.738;0.132;0.803;11397
B31552;2015/02/25 01:23:57;11397;86;27.7;23.7;2.635;2.080;1.403;2.738;0.132;0.787;11398
B31552;2015/02/25 01:24:08;11398;83;30.0;23.9;2.783;2.054;1.403;2.780;0.132;0.777;11399
B31552;2015/02/25 01:24:17;11399;84;26.4;24.1;2.816;2.054;1.467;2.780;0.132;0.806;11400
B31552;2015/02/25 01:24:28;11400;88;31.9;23.9;2.680;2.038;1.467;2.780;0.129;0.780;11401
B31552;2015/02/25 01:24:37;11401;84;31.2;23.7;2.651;2.038;1.448;2.780;0.129;0.793;11402
B31552;2015/02/25 01:24:48;11402;85;30.0;24.1;2.754;2.058;1.448;2.729;0.129;0.803;11403
B31552;2015/02/25 01:24:57;11403;85;26.7;23.7;2.829;2.058;1.422;2.729;0.129;0.822;11404
B31552;2015/02/25 01:25:08;11404;88;30.3;23.6;2.596;2.038;1.422;2.729;0.125;0.812;11405
B31552;2015/02/25 01:25:17;11405;87;29.3;23.7;2.835;2.038;1.409;2.729;0.125;0.812;11406
B31552;2015/02/25 01:25:28;11406;80;29.6;23.9;2.761;2.054;1.409;2.754;0.125;0.832;11407
B31552;2015/02/25 01:25:37;11407;84;28.3;23.2;2.619;2.054;1.406;2.754;0.125;0.796;11408
B31552;2015/02/25 01:25:48;11408;89;32.5;24.3;2.822;2.077;1.406;2.754;0.125;0.787;11409
B31552;2015/02/25 01:25:57;11409;85;27.7;24.4;2.606;2.077;1.406;2.754;0.125;0.799;11410
B31552;2015/02/25 01:26:08;11410;85;27.4;23.6;2.761;2.067;1.406;2.770;0.125;0.799;11411
B31552;2015/02/25 01:26:17;11411;88;29.6;23.7;2.822;2.067;1.403;2.770;0.125;0.835;11412
B31552;2015/02/25 01:26:28;11412;90;32.9;23.7;2.748;2.038;1.403;2.770;0.129;0.799;11413
B31552;2015/02/25 01:26:37;11413;84;30.0;24.3;2.670;2.038;1.409;2.770;0.129;0.825;11414
B31552;2015/02/25 01:26:48;11414;88;32.9;23.7;2.835;2.077;1.409;2.774;0.129;0.796;11415
B31552;2015/02/25 01:26:57;11415;85;31.9;23.7;2.816;2.077;1.435;2.774;0.129;0.806;11416
B31552;2015/02/25 01:27:08;11416;91;30.3;24.4;2.816;2.070;1.435;2.774;0.119;0.809;11417
B31552;2015/02/25 01:27:17;11417;80;29.0;23.6;2.606;2.070;1.396;2.774;0.119;0.832;11418
B31552;2015/02/25 01:27:28;11418;93;29.6;23.7;2.664;2.038;1.396;2.774;0.119;0.838;11419
B31552;2015/02/25 01:27:37;11419;88;31.6;23.9;2.619;2.038;1.448;2.774;0.119;0.796;11420
B31552;2015/02/25 01:27:48;11420;84;28.0;23.7;2.835;2.074;1.448;2.774;0.119;0.793;11421
B31552;2015/02/25 01:27:57;11421;90;27.0;23.9;2.767;2.074;1.451;2.774;0.119;0.787;11422
B31552;2015/02/25 01:28:08;11422;82;27.4;23.9;2.812;2.038;1.451;2.761;0.119;0.790;11423
B31552;2015/02/25 01:28:17;11423;80;29.0;23.2;2.703;2.038;1.461;2.761;0.119;0.841;11424
B31552;2015/02/25 01:28:28;11424;88;28.7;23.6;2.741;2.041;1.461;2.761;0.154;0.816;11425
B31552;2015/02/25 01:28:37;11425;74;26.7;23.7;2.841;2.041;1.403;2.761;0.154;0.799;11426
B31552;2015/02/25 01:28:48;11426;86;30.3;24.1;2.625;2.051;1.403;2.732;0.154;0.835;11427
B31552;2015/02/25 01:28:57;11427;81;32.9;24.1;2.612;2.051;1.416;2.732;0.154;0.829;11428
B31552;2015/02/25 01:29:08;11428;89;30.0;23.7;2.625;2.038;1.416;2.732;0.161;0.796;11429
B31552;2015/02/25 01:29:17;11429;90;27.0;23.7;2.829;2.038;1.448;2.732;0.161;0.819;11430
B31552;2015/02/25 01:29:28;11430;84;29.3;23.7;2.706;2.070;1.448;2.774;0.161;0.783;11431
B31552;2015/02/25 01:29:37;11431;88;29.3;24.1;2.709;2.070;1.406;2.774;0.161;0.825;11432
B31552;2015/02/25 01:29:48;11432;84;29.6;23.9;2.822;2.038;1.406;2.774;0.132;0.790;11433
B31552;2015/02/25 01:29:57;11433;73;30.3;23.6;2.641;2.038;1.464;2.774;0.132;0.787;11434
B31552;2015/02/25 01:30:08;11434;93;28.0;23.6;2.632;2.038;1.464;2.774;0.132;0.812;11435
B31552;2015/02/25 01:30:17;11435;87;29.0;23.9;2.706;2.038;1.425;2.774;0.132;0.819;11436
B31552;2015/02/25 01:30:28;11436;85;27.4;23.9;2.796;2.080;1.425;2.774;0.141;0.796;11437
B31552;2015/02/25 01:30:37;11437;83;26.7;23.7;2.619;2.080;1.467;2.774;0.141;0.783;11438
B31552;2015/02/25 01:30:48;11438;85;29.0;24.1;2.596;2.064;1.467;2.732;0.141;0.838;11439
B31552;2015/02/25 01:30:57;11439;78;30.3;23.9;2.745;2.064;1.425;2.732;0.141;0.835;11440
B31552;2015/02/25 01:31:08;11440;83;30.6;24.1;2.625;2.080;1.425;2.732;0.119;0.783;11441
B31552;2015/02/25 01:31:17;11441;85;31.6;23.6;2.770;2.080;1.432;2.732;0.119;0.822;11442
B31552;2015/02/25 01:31:28;11442;91;29.3;23.4;2.690;2.070;1.432;2.732;0.119;0.819;11443
B31552;2015/02/25 01:31:37;11443;77;31.2;23.6;2.783;2.070;1.412;2.732;0.119;0.787;11444
B31552;2015/02/25 01:31:48;11444;83;32.5;23.9;2.780;2.061;1.412;2.732;0.125;0.783;11445
B31552;2015/02/25 01:31:57;11445;83;32.2;24.1;2.809;2.061;1.403;2.732;0.125;0.777;11446
B31552;2015/02/25 01:32:08;11446;86;31.2;23.7;2.770;2.051;1.403;2.738;0.125;0.790;11447
B31552;2015/02/25 01:32:17;11447;88;29.0;23.2;2.703;2.051;1.419;2.738;0.125;0.803;11448
B31552;2015/02/25 01:32:28;11448;83;27.4;23.6;2.796;2.038;1.419;2.738;0.119;0.796;11449
B31552;2015/02/25 01:32:37;11449;75;31.2;23.9;2.612;2.038;1.441;2.738;0.119;0.780;11450
B31552;2015/02/25 01:32:48;11450;86;28.3;23.7;2.606;2.058;1.441;2.735;0.119;0.796;11451
B31552;2015/02/25 01:32:57;11451;75;30.6;23.7;2.606;2.058;1.470;2.735;0.119;0.822;11452
B31552;2015/02/25 01:33:08;11452;93;28.7;23.6;2.619;2.080;1.470;2.735;0.122;0.783;11453
B31552;2015/02/25 01:33:17;11453;84;29.0;23.6;2.625;2.080;1.438;2.735;0.122;0.790;11454
B31552;2015/02/25 01:33:28;11454;80;30.6;23.6;2.638;2.067;1.438;2.774;0.122;0.787;11455
B31552;2015/02/25 01:33:37;11455;78;27.7;24.1;2.609;2.067;1.399;2.774;0.122;0.816;11456
B31552;2015/02/25 01:33:48;11456;86;29.0;24.1;2.619;2.080;1.399;2.774;0.109;0.790;11457
B31552;2015/02/25 01:33:57;11457;84;33.2;23.7;2.612;2.080;1.399;2.774;0.109;0.819;11458
B31552;2015/02/25 01:34:08;11458;83;32.2;23.7;2.680;2.038;1.399;2.732;0.109;0.825;11459
B31552;2015/02/25 01:34:17;11459;85;29.3;23.2;2.625;2.038;1.399;2.732;0.109;0.803;11460
B31552;2015/02/25 01:34:28;11460;85;28.0;23.9;2.745;2.038;1.399;2.732;0.199;0.819;11461
B31552;2015/02/25 01:34:37;11461;88;31.2;23.6;2.777;2.038;1.435;2.732;0.199;0.809;11462
B31552;2015/02/25 01:34:48;11462;84;30.3;24.3;2.625;2.080;1.435;2.716;0.199;0.829;11463
B31552;2015/02/25 01:34:57;11463;80;33.2;23.6;2.770;2.080;1.412;2.716;0.199;0.812;11464
B31552;2015/02/25 01:35:08;11464;78;27.7;24.3;2.832;2.070;1.412;2.716;0.116;0.822;11465
B31552;2015/02/25 01:35:17;11465;83;29.3;23.9;2.625;2.070;1.429;2.716;0.116;0.825;11466
B31552;2015/02/25 01:35:28;11466;88;27.7;24.1;2.809;2.074;1.429;2.719;0.116;0.806;11467
B31552;2015/02/25 01:35:37;11467;88;30.0;24.3;2.754;2.074;1.422;2.719;0.116;0.799;11468
B31552;2015/02/25 01:35:48;11468;90;27.4;23.6;2.816;2.058;1.422;2.719;0.190;0.816;11469
B31552;2015/02/25 01:35:57;11469;80;28.7;24.3;2.829;2.058;1.406;2.719;0.190;0.829;11470
B31552;2015/02/25 01:36:08;11470;85;27.4;24.3;2.796;2.041;1.406;2.735;0.190;0.816;11471
B31552;2015/02/25 01:36:17;11471;73;30.0;24.4;2.816;2.041;1.403;2.735;0.190;0.816;11472
B31552;2015/02/25 01:36:28;11472;87;30.6;23.7;2.670;2.074;1.403;2.735;0.125;0.803;11473
B31552;2015/02/25 01:36:37;11473;91;27.4;24.1;2.638;2.074;1.403;2.735;0.125;0.799;11474
B31552;2015/02/25 01:36:48;11474;82;31.2;24.8;2.651;2.074;1.403;2.738;0.125;0.822;11475
B31552;2015/02/25 01:36:57;11475;82;29.3;23.6;2.625;2.074;1.403;2.738;0.125;0.806;11476
B31552;2015/02/25 01:37:08;11476;92;30.6;24.3;2.619;2.038;1.403;2.738;0.141;0.825;11477
B31552;2015/02/25 01:37:17;11477;84;30.6;23.9;2.664;2.038;1.399;2.738;0.141;0.816;11478
B31552;2015/02/25 01:37:28;11478;83;28.0;23.7;2.835;2.074;1.399;2.754;0.141;0.848;11479
B31552;2015/02/25 01:37:37;11479;87;32.9;23.6;2.619;2.074;1.422;2.754;0.141;0.845;11480
B31552;2015/02/25 01:37:48;11480;88;27.4;23.6;2.783;2.041;1.422;2.754;0.138;0.809;11481
B31552;2015/02/25 01:37:57;11481;78;27.4;23.9;2.803;2.041;1.403;2.754;0.138;0.825;11482
B31552;2015/02/25 01:38:08;11482;86;32.9;23.6;2.835;2.067;1.403;2.774;0.138;0.806;11483
B31552;2015/02/25 01:38:17;11483;87;31.2;23.6;2.819;2.067;1.474;2.774;0.138;0.825;11484
B31552;2015/02/25 01:38:28;11484;83;30.9;23.7;2.645;2.083;1.474;2.774;0.116;0.835;11485
B31552;2015/02/25 01:38:37;11485;88;27.0;23.7;2.619;2.083;1.451;2.774;0.116;0.835;11486
B31552;2015/02/25 01:38:48;11486;92;31.9;23.7;2.803;2.080;1.451;2.770;0.116;0.829;11487
B31552;2015/02/25 01:38:57;11487;87;31.9;23.7;2.670;2.080;1.464;2.770;0.116;0.799;11488
B31552;2015/02/25 01:39:08;11488;83;29.3;23.6;2.729;2.080;1.464;2.770;0.167;0.803;11489
B31552;2015/02/25 01:39:17;11489;82;33.2;23.4;2.606;2.080;1.406;2.770;0.167;0.819;11490
B31552;2015/02/25 01:39:28;11490;88;27.4;24.1;2.796;2.045;1.406;2.722;0.167;0.838;11491
B31552;2015/02/25 01:39:37;11491;80;31.9;23.6;2.764;2.045;1.416;2.722;0.167;0.812;11492
B31552;2015/02/25 01:39:48;11492;86;29.3;23.4;2.696;2.064;1.416;2.722;0.174;0.822;11493
B31552;2015/02/25 01:39:57;11493;85;28.7;24.1;2.841;2.064;1.406;2.722;0.174;0.825;11494
B31552;2015/02/25 01:40:08;11494;83;29.3;23.7;2.725;2.067;1.406;2.758;0.174;0.799;11495
B31552;2015/02/25 01:40:17;11495;78;30.0;24.4;2.777;2.067;1.419;2.758;0.174;0.854;11496
B31552;2015/02/25 01:40:28;11496;88;30.3;23.4;2.696;2.051;1.419;2.758;0.187;0.841;11497
B31552;2015/02/25 01:40:37;11497;76;30.9;24.3;2.735;2.051;1.454;2.758;0.187;0.825;11498
B31552;2015/02/25 01:40:48;11498;85;30.9;24.1;2.638;2.080;1.454;2.748;0.187;0.832;11499
B31552;2015/02/25 01:40:57;11499;83;26.4;24.4;2.835;2.080;1.403;2.748;0.187;0.803;11500
B31552;2015/02/25 01:41:08;11500;89;29.3;23.4;2.677;2.058;1.403;2.748;0.174;0.816;11501
B31552;2015/02/25 01:41:17;11501;85;27.7;23.9;2.799;2.058;1.406;2.748;0.174;0.819;11502
B31552;2015/02/25 01:41:28;11502;84;30.3;23.6;2.835;2.080;1.406;2.761;0.174;0.799;11503
B31552;2015/02/25 01:41:37;11503;77;30.9;24.1;2.841;2.080;1.425;2.761;0.174;0.819;11504
B31552;2015/02/25 01:41:48;11504;77;31.6;23.7;2.625;2.045;1.425;2.761;0.238;0.796;11505
B31552;2015/02/25 01:41:57;11505;85;27.0;24.4;2.809;2.045;1.467;2.761;0.238;0.793;11506
B31552;2015/02/25 01:42:08;11506;86;30.0;23.7;2.816;2.087;1.467;2.745;0.238;0.796;11507
B31552;2015/02/25 01:42:17;11507;81;31.2;23.6;2.816;2.087;1.432;2.745;0.238;0.825;11508
B31552;2015/02/25 01:42:28;11508;85;30.0;24.4;2.841;2.067;1.432;2.745;0.145;0.812;11509
B31552;2015/02/25 01:42:37;11509;85;27.7;23.7;2.609;2.067;1.403;2.745;0.145;0.799;11510
B31552;2015/02/25 01:42:48;11510;82;31.6;24.1;2.725;2.058;1.403;2.774;0.145;0.809;11511
B31552;2015/02/25 01:42:57;11511;84;32.2;23.9;2.654;2.058;1.409;2.774;0.145;0.796;11512
B31552;2015/02/25 01:43:08;11512;78;32.5;23.6;2.835;2.074;1.409;2.774;0.125;0.816;11513
B31552;2015/02/25 01:43:17;11513;84;31.2;23.6;2.645;2.074;1.403;2.774;0.125;0.806;11514
B31552;2015/02/25 01:43:28;11514;79;26.7;23.6;2.764;2.051;1.403;2.761;0.125;0.803;11515
B31552;2015/02/25 01:43:37;11515;88;29.0;23.6;2.729;2.051;1.461;2.761;0.125;0.790;11516
B31552;2015/02/25 01:43:48;11516;80;30.9;24.1;2.632;2.051;1.461;2.761;0.112;0.806;11517
B31552;2015/02/25 01:43:57;11517;88;29.3;24.1;2.822;2.051;1.406;2.761;0.112;0.799;11518
B31552;2015/02/25 01:44:08;11518;86;31.2;24.4;2.816;2.058;1.406;2.751;0.112;0.816;11519
B31552;2015/02/25 01:44:17;11519;80;27.0;24.4;2.609;2.058;1.422;2.751;0.112;0.835;11520
B31552;2015/02/25 01:44:28;11520;78;28.3;23.9;2.822;2.067;1.422;2.751;0.119;0.825;11521
B31552;2015/02/25 01:44:37;11521;82;28.3;23.9;2.838;2.067;1.454;2.751;0.119;0.803;11522
B31552;2015/02/25 01:44:48;11522;88;29.3;23.7;2.835;2.077;1.454;2.754;0.119;0.793;11523
B31552;2015/02/25 01:44:57;11523;83;30.3;24.1;2.822;2.077;1.412;2.754;0.119;0.819;11524
B31552;2015/02/25 01:45:08;11524;87;31.2;23.9;2.603;2.083;1.412;2.754;0.141;0.796;11525
B31552;2015/02/25 01:45:17;11525;78;27.7;24.4;2.761;2.083;1.451;2.754;0.141;0.803;11526
B31552;2015/02/25 01:45:28;11526;82;32.5;24.3;2.806;2.064;1.451;2.719;0.141;0.835;11527
B31552;2015/02/25 01:45:37;11527;83;30.0;23.9;2.625;2.064;1.454;2.719;0.141;0.825;11528
B31552;2015/02/25 01:45:48;11528;80;31.9;24.3;2.625;2.067;1.454;2.719;0.151;0.832;11529
B31552;2015/02/25 01:45:57;11529;78;28.7;23.6;2.835;2.067;1.403;2.719;0.151;0.806;11530
B31552;2015/02/25 01:46:08;11530;91;32.5;23.7;2.841;2.087;1.403;2.777;0.151;0.793;11531
B31552;2015/02/25 01:46:17;11531;88;27.7;23.2;2.609;2.087;1.467;2.777;0.151;0.812;11532
B31552;2015/02/25 01:46:28;11532;87;31.2;23.4;2.796;2.041;1.467;2.777;0.119;0.803;11533
B31552;2015/02/25 01:46:37;11533;80;27.7;24.6;2.606;2.041;1.403;2.777;0.119;0.819;11534
B31552;2015/02/25 01:46:48;11534;88;28.3;23.1;2.822;2.064;1.403;2.738;0.119;0.812;11535
B31552;2015/02/25 01:46:57;11535;81;28.7;23.2;2.619;2.064;1.419;2.738;0.119;0.799;11536
B31552;2015/02/25 01:47:08;11536;92;30.3;23.6;2.606;2.041;1.419;2.738;0.119;0.799;11537
B31552;2015/02/25 01:47:17;11537;83;29.0;23.6;2.612;2.041;1.406;2.738;0.119;0.809;11538
B31552;2015/02/25 01:47:28;11538;86;29.6;23.9;2.732;2.080;1.406;2.777;0.119;0.819;11539
B31552;2015/02/25 01:47:37;11539;89;30.6;24.1;2.796;2.080;1.403;2.777;0.119;0.799;11540
B31552;2015/02/25 01:47:48;11540;89;27.4;23.9;2.790;2.074;1.403;2.777;0.145;0.799;11541
B31552;2015/02/25 01:47:57;11541;76;26.7;23.7;2.841;2.074;1.451;2.777;0.145;0.822;11542
B31552;2015/02/25 01:48:08;11542;92;32.5;24.1;2.622;2.041;1.451;2.735;0.145;0.783;11543
B31552;2015/02/25 01:48:17;11543;87;31.2;23.6;2.783;2.041;1.454;2.735;0.145;0.819;11544
B31552;2015/02/25 01:48:28;11544;84;30.3;23.6;2.625;2.077;1.454;2.735;0.187;0.790;11545
B31552;2015/02/25 01:48:37;11545;83;27.4;23.9;2.812;2.077;1.409;2.735;0.187;0.825;11546
B31552;2015/02/25 01:48:48;11546;87;31.2;24.1;2.625;2.045;1.409;2.719;0.187;0.796;11547
B31552;2015/02/25 01:48:57;11547;91;27.7;23.7;2.619;2.045;1.474;2.719;0.187;0.790;11548
B31552;2015/02/25 01:49:08;11548;93;28.7;23.2;2.741;2.045;1.474;2.719;0.161;0.812;11549
B31552;2015/02/25 01:49:17;11549;90;32.5;24.4;2.606;2.045;1.458;2.719;0.161;0.790;11550
B31552;2015/02/25 01:49:28;11550;88;28.3;23.4;2.722;2.070;1.458;2.774;0.161;0.819;11551
B31552;2015/02/25 01:49:37;11551;85;33.2;24.3;2.770;2.070;1.403;2.774;0.161;0.783;11552
B31552;2015/02/25 01:49:48;11552;81;31.2;24.4;2.841;2.087;1.403;2.774;0.132;0.790;11553
B31552;2015/02/25 01:49:57;11553;81;33.2;23.6;2.612;2.087;1.458;2.774;0.132;0.790;11554
B31552;2015/02/25 01:50:08;11554;78;29.6;23.7;2.632;2.041;1.458;2.735;0.132;0.816;11555
B31552;2015/02/25 01:50:17;11555;85;27.0;24.3;2.632;2.041;1.409;2.735;0.132;0.799;11556
B31552;2015/02/25 01:50:28;11556;78;33.8;23.7;2.829;2.064;1.409;2.735;0.116;0.825;11557
B31552;2015/02/25 01:50:37;11557;86;27.7;24.1;2.632;2.064;1.451;2.735;0.116;0.783;11558
B31552;2015/02/25 01:50:48;11558;81;31.9;24.4;2.603;2.058;1.451;2.735;0.116;0.790;11559
B31552;2015/02/25 01:50:57;11559;81;29.0;23.7;2.835;2.058;1.406;2.735;0.116;0.812;11560
B31552;2015/02/25 01:51:08;11560;88;30.6;24.3;2.606;2.074;1.406;2.735;0.125;0.787;11561
B31552;2015/02/25 01:51:17;11561;82;31.2;23.7;2.690;2.074;1.454;2.735;0.125;0.790;11562
B31552;2015/02/25 01:51:28;11562;84;32.5;23.9;2.770;2.058;1.454;2.738;0.125;0.838;11563
B31552;2015/02/25 01:51:37;11563;91;29.0;23.9;2.625;2.058;1.422;2.738;0.125;0.796;11564
B31552;2015/02/25 01:51:48;11564;91;27.4;23.2;2.829;2.074;1.422;2.738;0.116;0.812;11565
B31552;2015/02/25 01:51:57;11565;84;28.7;24.1;2.841;2.074;1.403;2.738;0.116;0.793;11566
B31552;2015/02/25 01:52:08;11566;85;27.4;24.3;2.822;2.061;1.403;2.748;0.116;0.796;11567
B31552;2015/02/25 01:52:17;11567;88;28.0;23.9;2.719;2.061;1.419;2.748;0.116;0.796;11568
B31552;2015/02/25 01:52:28;11568;85;31.9;24.6;2.670;2.087;1.419;2.748;0.125;0.783;11569
B31552;2015/02/25 01:52:37;11569;77;31.2;23.4;2.632;2.087;1.425;2.748;0.125;0.822;11570
B31552;2015/02/25 01:52:48;11570;87;27.4;23.7;2.796;2.070;1.425;2.774;0.125;0.783;11571
B31552;2015/02/25 01:52:57;11571;79;30.3;23.4;2.638;2.070;1.419;2.774;0.125;0.796;11572
B31552;2015/02/25 01:53:08;11572;89;27.4;23.6;2.816;2.070;1.419;2.774;0.129;0.803;11573
B31552;2015/02/25 01:53:17;11573;84;31.2;23.9;2.625;2.070;1.409;2.774;0.129;0.803;11574
B31552;2015/02/25 01:53:28;11574;77;30.3;24.1;2.638;2.067;1.409;2.729;0.129;0.783;11575
B31552;2015/02/25 01:53:37;11575;79;27.7;23.9;2.606;2.067;1.432;2.729;0.129;0.799;11576
B31552;2015/02/25 01:53:48;11576;88;33.2;23.9;2.829;2.087;1.432;2.729;0.187;0.819;11577
B31552;2015/02/25 01:53:57;11577;72;33.2;23.6;2.625;2.087;1.409;2.729;0.187;0.796;11578
B31552;2015/02/25 01:54:08;11578;91;30.3;23.9;2.816;2.087;1.409;2.780;0.187;0.799;11579
B31552;2015/02/25 01:54:17;11579;85;29.3;23.4;2.754;2.087;1.403;2.780;0.187;0.777;11580
B31552;2015/02/25 01:54:28;11580;77;32.2;23.9;2.638;2.041;1.403;2.780;0.158;0.799;11581
B31552;2015/02/25 01:54:37;11581;83;28.3;23.7;2.606;2.041;1.425;2.780;0.158;0.783;11582
B31552;2015/02/25 01:54:48;11582;81;29.3;23.9;2.841;2.045;1.425;2.780;0.158;0.816;11583
B31552;2015/02/25 01:54:57;11583;84;29.6;23.6;2.609;2.045;1.429;2.780;0.158;0.796;11584
B31552;2015/02/25 01:55:08;11584;86;32.5;23.6;2.832;2.041;1.429;2.780;0.109;0.812;11585
B31552;2015/02/25 01:55:17;11585;90;30.9;24.1;2.754;2.041;1.470;2.780;0.109;0.799;11586
B31552;2015/02/25 01:55:28;11586;76;33.8;23.9;2.748;2.045;1.470;2.751;0.109;0.777;11587
B31552;2015/02/25 01:55:37;11587;88;27.7;23.4;2.606;2.045;1.454;2.751;0.109;0.777;11588
B31552;2015/02/25 01:55:48;11588;87;31.9;24.4;2.632;2.074;1.454;2.751;0.112;0.825;11589
B31552;2015/02/25 01:55:57;11589;87;33.2;23.6;2.735;2.074;1.432;2.751;0.112;0.812;11590
B31552;2015/02/25 01:56:08;11590;86;27.0;23.6;2.822;2.041;1.432;2.780;0.112;0.783;11591
B31552;2015/02/25 01:56:17;11591;85;31.9;24.1;2.806;2.041;1.441;2.780;0.112;0.819;11592
B31552;2015/02/25 01:56:28;11592;77;27.4;23.6;2.793;2.051;1.441;2.780;0.129;0.777;11593
B31552;2015/02/25 01:56:37;11593;87;29.0;23.4;2.841;2.051;1.477;2.780;0.129;0.783;11594
