B31558;2015/02/11 13:56:54;0;1;25.8;32.9;1.738;-1.000;-1.000;-1.000;-1.000;2.790;1
B31558;2015/02/11 14:29:45;1;100;19.6;33.1;2.345;-1.000;-1.000;-1.000;-1.000;2.025;2
B31558;2015/02/11 14:29:55;2;95;30.0;32.6;2.238;3.225;-1.000;3.299;-1.000;1.716;3
B31558;2015/02/11 14:30:05;3;89;21.9;32.1;2.332;3.225;1.283;3.299;-1.000;1.587;4
B31558;2015/02/11 14:30:15;4;97;25.4;32.2;2.409;3.006;1.283;3.299;3.277;1.429;5
B31558;2015/02/11 14:30:25;5;87;23.5;32.8;2.319;3.006;1.235;3.299;3.277;1.351;6
B31558;2015/02/11 14:30:35;6;93;24.5;31.7;2.122;2.906;1.235;3.299;3.277;1.325;7
B31558;2015/02/11 14:30:45;7;94;30.0;32.4;2.180;2.906;1.099;3.299;3.277;1.283;8
B31558;2015/02/11 14:30:55;8;85;27.0;32.4;2.316;2.816;1.099;3.299;2.364;1.190;9
B31558;2015/02/11 14:31:05;9;76;19.0;32.1;2.316;2.816;1.064;3.299;2.364;1.167;10
B31558;2015/02/11 14:31:15;10;95;22.5;32.6;2.103;2.719;1.064;3.299;2.364;1.148;11
B31558;2015/02/11 14:31:25;11;93;27.7;32.1;2.074;2.719;1.035;3.299;2.364;1.164;12
B31558;2015/02/11 14:31:35;12;88;26.1;31.4;2.048;2.674;1.035;3.299;2.061;1.158;13
B31558;2015/02/11 14:31:45;13;83;20.0;31.4;2.296;2.674;1.022;3.299;2.061;1.158;14
B31558;2015/02/11 14:31:55;14;88;30.0;31.7;2.274;2.625;1.022;3.299;2.061;1.109;15
B31558;2015/02/11 14:32:05;15;85;30.9;32.1;2.141;2.625;1.025;3.299;2.061;1.103;16
B31558;2015/02/11 14:32:15;16;87;25.1;31.9;2.054;2.567;1.025;3.299;1.674;1.103;17
B31558;2015/02/11 14:32:25;17;84;19.6;32.1;2.309;2.567;1.067;3.299;1.674;1.080;18
B31558;2015/02/11 14:32:35;18;91;20.0;31.7;2.112;2.470;1.067;3.299;1.674;1.135;19
B31558;2015/02/11 14:32:45;19;79;23.5;31.7;2.077;2.470;1.003;3.299;1.674;1.109;20
B31558;2015/02/11 14:32:55;20;93;21.2;31.7;2.051;2.425;1.003;3.299;1.374;1.080;21
B31558;2015/02/11 14:33:05;21;77;20.3;31.5;2.235;2.425;1.058;3.299;1.374;1.106;22
B31558;2015/02/11 14:33:15;22;88;20.6;31.7;2.132;2.390;1.058;3.299;1.374;1.109;23
B31558;2015/02/11 14:33:25;23;80;22.2;30.9;2.306;2.390;1.009;3.299;1.374;1.096;24
B31558;2015/02/11 14:33:35;24;82;30.9;30.9;2.064;2.383;1.009;3.299;1.222;1.096;25
B31558;2015/02/11 14:33:45;25;85;20.9;30.9;2.267;2.383;0.983;3.299;1.222;1.093;26
B31558;2015/02/11 14:33:55;26;95;30.0;31.2;2.241;2.325;0.983;3.299;1.222;1.103;27
B31558;2015/02/11 14:34:05;27;89;23.5;31.0;2.196;2.325;1.000;3.299;1.222;1.070;28
B31558;2015/02/11 14:34:15;28;88;29.6;30.9;2.112;2.316;1.000;3.299;1.103;1.103;29
B31558;2015/02/11 14:34:25;29;88;28.7;30.7;2.080;2.316;0.983;3.299;1.103;1.119;30
B31558;2015/02/11 14:34:35;30;93;23.8;30.9;2.209;2.277;0.983;3.299;1.103;1.122;31
B31558;2015/02/11 14:34:45;31;80;23.5;30.9;2.106;2.277;0.980;3.299;1.103;1.077;32
B31558;2015/02/11 14:34:55;32;94;29.6;29.8;2.093;2.254;0.980;3.299;0.990;1.080;33
B31558;2015/02/11 14:35:05;33;95;23.2;30.5;2.212;2.254;1.045;3.299;0.990;1.112;34
B31558;2015/02/11 14:35:15;34;88;30.3;30.9;2.361;2.258;1.045;3.164;0.990;1.090;35
B31558;2015/02/11 14:35:25;35;82;24.1;29.6;2.090;2.258;0.974;3.164;0.990;1.109;36
B31558;2015/02/11 14:35:35;36;88;29.6;30.2;2.125;2.196;0.974;3.164;0.967;1.138;37
B31558;2015/02/11 14:35:45;37;81;22.2;29.8;2.135;2.196;0.983;3.164;0.967;1.122;38
B31558;2015/02/11 14:35:55;38;85;27.0;29.8;2.341;2.174;0.983;3.019;0.967;1.129;39
B31558;2015/02/11 14:36:05;39;93;27.4;30.2;2.125;2.174;1.003;3.019;0.967;1.145;40
B31558;2015/02/11 14:36:15;40;82;28.0;29.8;2.161;2.187;1.003;3.019;0.861;1.129;41
B31558;2015/02/11 14:36:25;41;90;30.6;30.0;2.332;2.187;1.041;3.019;0.861;1.148;42
B31558;2015/02/11 14:36:35;42;96;22.5;29.6;2.158;2.187;1.041;2.858;0.861;1.138;43
B31558;2015/02/11 14:36:45;43;87;25.8;29.8;2.161;2.187;0.980;2.858;0.861;1.170;44
B31558;2015/02/11 14:36:55;44;88;29.6;29.1;2.093;2.125;0.980;2.858;0.829;1.138;45
B31558;2015/02/11 14:37:05;45;83;22.2;28.9;2.319;2.125;1.009;2.858;0.829;1.151;46
B31558;2015/02/11 14:37:15;46;94;32.9;29.6;2.367;2.103;1.009;2.751;0.829;1.135;47
B31558;2015/02/11 14:37:25;47;86;23.8;28.4;2.351;2.103;0.987;2.751;0.829;1.154;48
B31558;2015/02/11 14:37:35;48;88;22.5;29.6;2.338;2.090;0.987;2.751;0.825;1.132;49
B31558;2015/02/11 14:37:45;49;89;24.8;29.3;2.345;2.090;1.000;2.751;0.825;1.167;50
B31558;2015/02/11 14:37:55;50;83;30.6;28.6;2.158;2.070;1.000;2.629;0.825;1.190;51
B31558;2015/02/11 14:38:05;51;89;23.8;29.5;2.258;2.070;1.003;2.629;0.825;1.154;52
B31558;2015/02/11 14:38:15;52;88;30.6;30.2;2.322;2.064;1.003;2.629;0.680;1.148;53
B31558;2015/02/11 14:38:25;53;81;26.4;28.9;2.299;2.064;0.977;2.629;0.680;1.151;54
B31558;2015/02/11 14:38:35;54;87;32.5;29.3;2.267;2.051;0.977;2.564;0.680;1.167;55
B31558;2015/02/11 14:38:45;55;88;29.3;28.9;2.096;2.051;1.022;2.564;0.680;1.212;56
B31558;2015/02/11 14:38:55;56;97;23.5;28.3;2.109;2.032;1.022;2.564;0.638;1.177;57
B31558;2015/02/11 14:39:05;57;94;22.5;28.4;2.241;2.032;0.980;2.564;0.638;1.232;58
B31558;2015/02/11 14:39:15;58;98;25.4;28.9;2.109;2.061;0.980;2.500;0.638;1.199;59
B31558;2015/02/11 14:39:25;59;87;29.0;28.4;2.329;2.061;0.977;2.500;0.638;1.225;60
B31558;2015/02/11 14:39:35;60;86;33.2;28.1;2.103;2.029;0.977;2.500;0.587;1.209;61
B31558;2015/02/11 14:39:45;61;84;27.4;28.8;2.199;2.029;1.000;2.500;0.587;1.199;62
B31558;2015/02/11 14:39:55;62;86;24.5;28.8;2.322;2.032;1.000;2.406;0.587;1.199;63
B31558;2015/02/11 14:40:05;63;84;29.3;28.6;2.151;2.032;1.000;2.406;0.587;1.170;64
B31558;2015/02/11 14:40:15;64;97;33.5;28.6;2.341;2.012;1.000;2.406;0.554;1.151;65
B31558;2015/02/11 14:40:25;65;96;31.9;28.6;2.348;2.012;0.980;2.406;0.554;1.158;66
B31558;2015/02/11 14:40:35;66;98;30.6;28.4;2.358;1.967;0.980;2.367;0.554;1.151;67
B31558;2015/02/11 14:40:45;67;86;28.7;29.1;2.354;1.967;1.029;2.367;0.554;1.141;68
B31558;2015/02/11 14:40:55;68;90;30.6;28.1;2.119;1.983;1.029;2.367;0.603;1.148;69
B31558;2015/02/11 14:41:05;69;83;21.9;28.4;2.183;1.983;0.987;2.367;0.603;1.161;70
B31558;2015/02/11 14:41:15;70;92;23.8;28.6;2.312;1.974;0.987;2.283;0.603;1.151;71
B31558;2015/02/11 14:41:25;71;93;26.1;28.8;2.109;1.974;0.990;2.283;0.603;1.132;72
B31558;2015/02/11 14:41:35;72;84;23.5;28.9;2.109;1.945;0.990;2.283;0.490;1.180;73
B31558;2015/02/11 14:41:45;73;93;29.6;28.4;2.116;1.945;0.987;2.283;0.490;1.151;74
B31558;2015/02/11 14:41:55;74;92;21.9;28.4;2.116;1.954;0.987;2.277;0.490;1.154;75
B31558;2015/02/11 14:42:05;75;78;27.0;28.8;2.332;1.954;0.980;2.277;0.490;1.151;76
B31558;2015/02/11 14:42:15;76;89;25.8;28.4;2.096;1.961;0.980;2.277;0.461;1.138;77
B31558;2015/02/11 14:42:25;77;83;22.5;28.3;2.309;1.961;0.990;2.277;0.461;1.125;78
B31558;2015/02/11 14:42:35;78;93;25.8;28.9;2.109;1.951;0.990;2.235;0.461;1.170;79
B31558;2015/02/11 14:42:45;79;74;28.3;28.6;2.135;1.951;0.980;2.235;0.461;1.135;80
B31558;2015/02/11 14:42:55;80;93;27.4;28.8;2.312;1.935;0.980;2.235;0.493;1.132;81
B31558;2015/02/11 14:43:05;81;84;30.0;28.8;2.245;1.935;1.000;2.235;0.493;1.138;82
B31558;2015/02/11 14:43:15;82;91;25.1;28.9;2.148;1.912;1.000;2.203;0.493;1.174;83
B31558;2015/02/11 14:43:25;83;86;32.2;28.8;2.148;1.912;1.016;2.203;0.493;1.141;84
B31558;2015/02/11 14:43:35;84;97;24.5;28.9;2.116;1.874;1.016;2.203;0.519;1.180;85
B31558;2015/02/11 14:43:45;85;93;24.5;27.9;2.367;1.874;1.048;2.203;0.519;1.148;86
B31558;2015/02/11 14:43:55;86;89;25.1;28.9;2.158;1.880;1.048;2.116;0.519;1.154;87
B31558;2015/02/11 14:44:05;87;80;31.2;29.1;2.151;1.880;0.987;2.116;0.519;1.148;88
B31558;2015/02/11 14:44:15;88;87;22.2;28.6;2.283;1.883;0.987;2.116;0.419;1.135;89
B31558;2015/02/11 14:44:25;89;78;24.8;28.8;2.245;1.883;1.000;2.116;0.419;1.145;90
B31558;2015/02/11 14:44:35;90;85;22.5;28.6;2.374;1.848;1.000;2.093;0.419;1.132;91
B31558;2015/02/11 14:44:45;91;93;33.5;28.6;2.387;1.848;1.022;2.093;0.419;1.122;92
B31558;2015/02/11 14:44:55;92;88;25.8;28.9;2.103;1.851;1.022;2.093;0.412;1.129;93
B31558;2015/02/11 14:45:05;93;89;21.9;28.3;2.390;1.851;0.993;2.093;0.412;1.135;94
B31558;2015/02/11 14:45:15;94;88;30.6;28.3;2.206;1.838;0.993;2.074;0.412;1.164;95
B31558;2015/02/11 14:45:25;95;93;23.2;28.4;2.161;1.838;1.035;2.074;0.412;1.112;96
B31558;2015/02/11 14:45:35;96;97;32.2;28.8;2.135;1.848;1.035;2.074;0.474;1.112;97
B31558;2015/02/11 14:45:45;97;84;31.9;28.9;2.361;1.848;0.980;2.074;0.474;1.164;98
B31558;2015/02/11 14:45:55;98;88;29.3;28.3;2.106;1.819;0.980;2.096;0.474;1.125;99
B31558;2015/02/11 14:46:05;99;88;30.3;28.4;2.335;1.819;1.048;2.096;0.474;1.129;100
B31558;2015/02/11 14:46:15;100;83;33.2;28.4;2.112;1.822;1.048;2.096;0.403;1.141;101
B31558;2015/02/11 14:46:25;101;84;21.9;28.3;2.316;1.822;1.041;2.096;0.403;1.145;102
B31558;2015/02/11 14:46:35;102;95;26.7;28.8;2.293;1.793;1.041;2.025;0.403;1.141;103
B31558;2015/02/11 14:46:45;103;91;24.5;28.8;2.274;1.793;0.980;2.025;0.403;1.135;104
B31558;2015/02/11 14:46:55;104;87;30.6;28.1;2.116;1.829;0.980;2.025;0.364;1.125;105
B31558;2015/02/11 14:47:05;105;81;30.6;28.6;2.129;1.829;0.980;2.025;0.364;1.161;106
B31558;2015/02/11 14:47:15;106;81;28.0;28.8;2.387;1.800;0.980;2.051;0.364;1.116;107
B31558;2015/02/11 14:47:25;107;78;22.2;27.9;2.396;1.800;1.025;2.051;0.364;1.109;108
B31558;2015/02/11 14:47:35;108;92;29.3;28.3;2.177;1.796;1.025;2.051;0.377;1.116;109
B31558;2015/02/11 14:47:45;109;76;33.2;28.1;2.383;1.796;0.977;2.051;0.377;1.164;110
B31558;2015/02/11 14:47:55;110;87;29.3;28.3;2.119;1.803;0.977;2.051;0.377;1.141;111
B31558;2015/02/11 14:48:05;111;84;27.0;28.8;2.248;1.803;0.987;2.051;0.377;1.158;112
B31558;2015/02/11 14:48:15;112;94;27.7;28.9;2.241;1.767;0.987;2.051;0.396;1.119;113
B31558;2015/02/11 14:48:25;113;90;29.0;28.8;2.177;1.767;1.035;2.051;0.396;1.135;114
B31558;2015/02/11 14:48:35;114;90;25.8;28.4;2.119;1.758;1.035;1.990;0.396;1.164;115
B31558;2015/02/11 14:48:45;115;94;23.8;28.3;2.241;1.758;0.983;1.990;0.396;1.158;116
B31558;2015/02/11 14:48:55;116;83;22.5;28.1;2.277;1.783;0.983;1.990;0.358;1.138;117
B31558;2015/02/11 14:49:05;117;85;27.0;28.6;2.261;1.783;1.041;1.990;0.358;1.177;118
B31558;2015/02/11 14:49:15;118;93;31.9;28.3;2.116;1.735;1.041;1.964;0.358;1.132;119
B31558;2015/02/11 14:49:25;119;79;24.5;27.6;2.393;1.735;0.974;1.964;0.358;1.135;120
B31558;2015/02/11 14:49:35;120;92;34.5;28.1;2.377;1.751;0.974;1.964;0.354;1.141;121
B31558;2015/02/11 14:49:45;121;79;22.9;28.3;2.338;1.751;0.977;1.964;0.354;1.148;122
B31558;2015/02/11 14:49:55;122;88;25.4;28.4;2.122;1.712;0.977;1.945;0.354;1.199;123
B31558;2015/02/11 14:50:05;123;88;30.3;28.4;2.187;1.712;0.983;1.945;0.354;1.148;124
B31558;2015/02/11 14:50:15;124;84;29.3;27.9;2.148;1.751;0.983;1.945;0.480;1.164;125
B31558;2015/02/11 14:50:25;125;78;22.9;28.1;2.329;1.751;1.016;1.945;0.480;1.141;126
B31558;2015/02/11 14:50:35;126;93;30.9;27.9;2.270;1.706;1.016;1.935;0.480;1.183;127
B31558;2015/02/11 14:50:45;127;95;33.5;28.3;2.151;1.706;0.990;1.935;0.480;1.138;128
B31558;2015/02/11 14:50:55;128;86;23.2;27.9;2.270;1.699;0.990;1.935;0.329;1.167;129
B31558;2015/02/11 14:51:05;129;84;30.6;27.9;2.135;1.699;1.038;1.935;0.329;1.193;130
B31558;2015/02/11 14:51:15;130;83;33.5;28.6;2.374;1.716;1.038;1.932;0.329;1.148;131
B31558;2015/02/11 14:51:25;131;78;24.1;27.6;2.125;1.716;1.048;1.932;0.329;1.151;132
B31558;2015/02/11 14:51:35;132;78;25.1;28.3;2.374;1.735;1.048;1.932;0.322;1.145;133
B31558;2015/02/11 14:51:45;133;88;28.7;27.9;2.174;1.735;0.983;1.932;0.322;1.151;134
B31558;2015/02/11 14:51:55;134;93;32.2;27.7;2.145;1.677;0.983;1.922;0.322;1.164;135
B31558;2015/02/11 14:52:05;135;90;32.5;27.4;2.274;1.677;1.041;1.922;0.322;1.151;136
B31558;2015/02/11 14:52:15;136;96;28.7;27.7;2.229;1.674;1.041;1.922;0.335;1.187;137
B31558;2015/02/11 14:52:25;137;77;22.9;28.1;2.380;1.674;0.987;1.922;0.335;1.174;138
B31558;2015/02/11 14:52:35;138;97;33.8;28.6;2.380;1.706;0.987;1.909;0.335;1.141;139
B31558;2015/02/11 14:52:45;139;78;34.5;28.4;2.322;1.706;1.051;1.909;0.335;1.161;140
B31558;2015/02/11 14:52:55;140;89;28.0;28.8;2.393;1.683;1.051;1.909;0.361;1.161;141
B31558;2015/02/11 14:53:05;141;85;23.2;28.1;2.383;1.683;1.006;1.909;0.361;1.141;142
B31558;2015/02/11 14:53:15;142;88;22.9;28.6;2.283;1.687;1.006;1.948;0.361;1.132;143
B31558;2015/02/11 14:53:25;143;95;33.5;28.4;2.312;1.687;1.029;1.948;0.361;1.164;144
B31558;2015/02/11 14:53:35;144;88;28.0;28.3;2.129;1.670;1.029;1.948;0.406;1.151;145
B31558;2015/02/11 14:53:45;145;82;31.9;28.6;2.187;1.670;1.035;1.948;0.406;1.122;146
B31558;2015/02/11 14:53:55;146;93;31.9;28.3;2.125;1.661;1.035;1.916;0.406;1.125;147
B31558;2015/02/11 14:54:05;147;90;23.5;28.8;2.164;1.661;1.003;1.916;0.406;1.125;148
B31558;2015/02/11 14:54:15;148;79;29.3;28.1;2.280;1.683;1.003;1.916;0.377;1.116;149
B31558;2015/02/11 14:54:25;149;77;28.3;28.4;2.138;1.683;1.009;1.916;0.377;1.116;150
B31558;2015/02/11 14:54:35;150;87;29.3;28.6;2.374;1.664;1.009;1.912;0.377;1.125;151
B31558;2015/02/11 14:54:45;151;92;33.2;28.9;2.399;1.664;0.983;1.912;0.377;1.161;152
B31558;2015/02/11 14:54:55;152;89;30.0;28.9;2.164;1.629;0.983;1.912;0.335;1.116;153
B31558;2015/02/11 14:55:05;153;85;23.8;28.4;2.358;1.629;1.054;1.912;0.335;1.116;154
B31558;2015/02/11 14:55:15;154;81;22.5;28.9;2.167;1.674;1.054;1.903;0.335;1.116;155
B31558;2015/02/11 14:55:25;155;88;27.7;28.4;2.335;1.674;1.006;1.903;0.335;1.135;156
B31558;2015/02/11 14:55:35;156;94;24.5;29.1;2.338;1.645;1.006;1.903;0.312;1.116;157
B31558;2015/02/11 14:55:45;157;81;22.9;28.3;2.399;1.645;0.987;1.903;0.312;1.112;158
B31558;2015/02/11 14:55:55;158;90;30.9;29.3;2.129;1.616;0.987;1.858;0.312;1.135;159
B31558;2015/02/11 14:56:05;159;86;30.6;28.9;2.393;1.616;1.025;1.858;0.312;1.125;160
B31558;2015/02/11 14:56:15;160;83;29.0;29.1;2.393;1.622;1.025;1.858;0.299;1.158;161
B31558;2015/02/11 14:56:25;161;83;21.9;28.4;2.190;1.622;1.009;1.858;0.299;1.135;162
B31558;2015/02/11 14:56:35;162;89;23.8;28.6;2.261;1.606;1.009;1.864;0.299;1.145;163
B31558;2015/02/11 14:56:45;163;89;23.5;29.1;2.399;1.606;0.993;1.864;0.299;1.158;164
B31558;2015/02/11 14:56:55;164;88;27.7;29.5;2.135;1.638;0.993;1.864;0.303;1.122;165
B31558;2015/02/11 14:57:05;165;87;25.4;29.3;2.364;1.638;1.054;1.864;0.303;1.122;166
B31558;2015/02/11 14:57:15;166;88;24.8;29.1;2.393;1.603;1.054;1.867;0.303;1.141;167
B31558;2015/02/11 14:57:25;167;81;27.0;29.1;2.222;1.603;0.993;1.867;0.303;1.170;168
B31558;2015/02/11 14:57:35;168;84;26.1;28.9;2.245;1.609;0.993;1.867;0.299;1.132;169
B31558;2015/02/11 14:57:45;169;91;25.1;28.9;2.151;1.609;1.054;1.867;0.299;1.167;170
B31558;2015/02/11 14:57:55;170;87;22.5;28.8;2.377;1.638;1.054;1.893;0.299;1.141;171
B31558;2015/02/11 14:58:05;171;86;32.5;28.3;2.387;1.638;1.054;1.893;0.299;1.129;172
B31558;2015/02/11 14:58:15;172;88;26.1;28.8;2.383;1.599;1.054;1.893;0.380;1.145;173
B31558;2015/02/11 14:58:25;173;88;27.4;29.3;2.193;1.599;1.016;1.893;0.380;1.129;174
B31558;2015/02/11 14:58:35;174;82;27.7;29.3;2.125;1.629;1.016;1.903;0.380;1.125;175
B31558;2015/02/11 14:58:45;175;86;33.5;28.9;2.387;1.629;0.993;1.903;0.380;1.148;176
B31558;2015/02/11 14:58:55;176;92;25.8;28.8;2.190;1.612;0.993;1.903;0.299;1.148;177
B31558;2015/02/11 14:59:05;177;86;27.4;29.1;2.329;1.612;1.000;1.903;0.299;1.170;178
B31558;2015/02/11 14:59:15;178;85;26.4;29.5;2.393;1.609;1.000;1.880;0.299;1.129;179
B31558;2015/02/11 14:59:25;179;88;31.9;28.9;2.361;1.609;1.061;1.880;0.299;1.135;180
B31558;2015/02/11 14:59:35;180;83;30.9;29.1;2.158;1.603;1.061;1.880;0.306;1.174;181
B31558;2015/02/11 14:59:45;181;84;27.7;29.1;2.396;1.603;0.993;1.880;0.306;1.145;182
B31558;2015/02/11 14:59:55;182;91;22.5;29.5;2.393;1.596;0.993;1.906;0.306;1.174;183
B31558;2015/02/11 15:00:05;183;95;22.5;28.8;2.319;1.596;1.006;1.906;0.306;1.132;184
B31558;2015/02/11 15:00:15;184;82;26.1;28.9;2.119;1.577;1.006;1.906;0.290;1.138;185
B31558;2015/02/11 15:00:25;185;88;23.8;29.1;2.399;1.577;1.003;1.906;0.290;1.183;186
B31558;2015/02/11 15:00:35;186;94;25.8;28.9;2.132;1.577;1.003;1.858;0.290;1.187;187
B31558;2015/02/11 15:00:45;187;82;26.4;29.5;2.219;1.577;1.006;1.858;0.290;1.154;188
B31558;2015/02/11 15:00:55;188;86;23.2;29.1;2.290;1.570;1.006;1.858;0.283;1.158;189
B31558;2015/02/11 15:01:05;189;89;30.9;29.5;2.170;1.570;0.993;1.858;0.283;1.187;190
B31558;2015/02/11 15:01:15;190;89;28.7;29.8;2.374;1.609;0.993;1.867;0.283;1.138;191
B31558;2015/02/11 15:01:25;191;87;30.3;29.3;2.177;1.609;1.048;1.867;0.283;1.161;192
B31558;2015/02/11 15:01:35;192;81;25.8;28.9;2.274;1.612;1.048;1.867;0.290;1.193;193
B31558;2015/02/11 15:01:45;193;87;27.0;28.9;2.354;1.612;0.993;1.867;0.290;1.190;194
B31558;2015/02/11 15:01:55;194;91;23.8;29.5;2.299;1.580;0.993;1.880;0.290;1.161;195
B31558;2015/02/11 15:02:05;195;95;25.1;29.1;2.399;1.580;0.993;1.880;0.290;1.170;196
B31558;2015/02/11 15:02:15;196;85;25.1;29.3;2.193;1.558;0.993;1.880;0.364;1.138;197
B31558;2015/02/11 15:02:25;197;80;33.2;28.9;2.319;1.558;0.993;1.880;0.364;1.190;198
B31558;2015/02/11 15:02:35;198;83;21.9;29.3;2.274;1.561;0.993;1.845;0.364;1.177;199
B31558;2015/02/11 15:02:45;199;89;30.3;28.9;2.199;1.561;0.993;1.845;0.364;1.158;200
B31558;2015/02/11 15:02:55;200;88;24.1;29.1;2.380;1.577;0.993;1.845;0.290;1.145;201
B31558;2015/02/11 15:03:05;201;78;26.4;29.3;2.361;1.577;1.000;1.845;0.290;1.177;202
B31558;2015/02/11 15:03:15;202;82;30.3;28.9;2.129;1.596;1.000;1.896;0.290;1.141;203
B31558;2015/02/11 15:03:25;203;90;28.0;29.5;2.183;1.596;1.006;1.896;0.290;1.177;204
B31558;2015/02/11 15:03:35;204;88;23.5;29.1;2.358;1.564;1.006;1.896;0.364;1.148;205
B31558;2015/02/11 15:03:45;205;83;29.0;28.9;2.387;1.564;0.993;1.896;0.364;1.180;206
B31558;2015/02/11 15:03:55;206;86;22.9;29.3;2.399;1.583;0.993;1.848;0.364;1.125;207
B31558;2015/02/11 15:04:05;207;83;27.4;29.1;2.393;1.583;1.032;1.848;0.364;1.177;208
B31558;2015/02/11 15:04:15;208;92;26.4;28.9;2.141;1.593;1.032;1.848;0.319;1.174;209
B31558;2015/02/11 15:04:25;209;80;24.8;28.9;2.287;1.593;1.061;1.848;0.319;1.141;210
B31558;2015/02/11 15:04:35;210;86;25.8;29.5;2.193;1.561;1.061;1.848;0.319;1.196;211
B31558;2015/02/11 15:04:45;211;88;33.5;28.9;2.370;1.561;1.000;1.848;0.319;1.141;212
B31558;2015/02/11 15:04:55;212;84;30.3;28.8;2.193;1.545;1.000;1.848;0.274;1.151;213
B31558;2015/02/11 15:05:05;213;94;30.6;28.9;2.406;1.545;1.054;1.848;0.274;1.148;214
B31558;2015/02/11 15:05:15;214;91;28.7;29.5;2.399;1.545;1.054;1.893;0.274;1.164;215
B31558;2015/02/11 15:05:25;215;77;29.3;28.9;2.406;1.545;1.006;1.893;0.274;1.145;216
B31558;2015/02/11 15:05:35;216;82;21.9;29.5;2.287;1.545;1.006;1.893;0.274;1.154;217
B31558;2015/02/11 15:05:45;217;87;21.9;30.3;2.319;1.545;1.009;1.893;0.274;1.148;218
B31558;2015/02/11 15:05:55;218;92;26.4;29.5;2.138;1.577;1.009;1.854;0.274;1.141;219
B31558;2015/02/11 15:06:05;219;87;31.9;29.3;2.129;1.577;1.054;1.854;0.274;1.151;220
B31558;2015/02/11 15:06:15;220;76;26.1;28.9;2.167;1.548;1.054;1.854;0.338;1.167;221
B31558;2015/02/11 15:06:25;221;92;21.9;29.5;2.403;1.548;1.061;1.854;0.338;1.148;222
B31558;2015/02/11 15:06:35;222;80;24.8;29.5;2.393;1.583;1.061;1.854;0.338;1.161;223
B31558;2015/02/11 15:06:45;223;90;30.6;29.1;2.193;1.583;1.003;1.854;0.338;1.190;224
B31558;2015/02/11 15:06:55;224;93;25.8;29.5;2.235;1.545;1.003;1.854;0.270;1.183;225
B31558;2015/02/11 15:07:05;225;78;28.3;29.3;2.177;1.545;1.048;1.854;0.270;1.158;226
B31558;2015/02/11 15:07:15;226;82;23.2;29.1;2.399;1.535;1.048;1.883;0.270;1.161;227
B31558;2015/02/11 15:10:38;227;80;22.2;29.3;2.406;1.535;1.061;1.883;0.270;1.158;228
B31558;2015/02/11 15:10:48;228;98;30.9;29.1;2.174;1.558;1.061;1.883;0.332;1.187;229
B31558;2015/02/11 15:10:58;229;86;29.3;28.9;2.138;1.558;0.993;1.883;0.332;1.170;230
B31558;2015/02/11 15:11:08;230;94;31.2;29.3;2.406;1.538;0.993;1.903;0.332;1.180;231
B31558;2015/02/11 15:11:18;231;78;27.0;28.9;2.145;1.538;1.061;1.903;0.332;1.203;232
B31558;2015/02/11 15:11:28;232;88;24.8;28.9;2.361;1.529;1.061;1.903;0.312;1.158;233
B31558;2015/02/11 15:11:38;233;88;29.6;29.3;2.261;1.529;1.061;1.903;0.312;1.158;234
B31558;2015/02/11 15:11:48;234;86;25.8;29.3;2.374;1.532;1.061;1.861;0.312;1.209;235
B31558;2015/02/11 15:11:58;235;87;31.9;28.9;2.387;1.532;1.000;1.861;0.312;1.196;236
B31558;2015/02/11 15:12:08;236;88;24.5;29.5;2.387;1.558;1.000;1.861;0.277;1.187;237
B31558;2015/02/11 15:12:18;237;81;23.5;29.1;2.183;1.558;1.029;1.861;0.277;1.196;238
B31558;2015/02/11 15:12:28;238;88;28.7;29.5;2.145;1.577;1.029;1.861;0.277;1.187;239
B31558;2015/02/11 15:12:38;239;88;31.2;28.9;2.393;1.577;1.003;1.861;0.277;1.216;240
B31558;2015/02/11 15:12:48;240;96;23.2;29.3;2.154;1.548;1.003;1.861;0.283;1.180;241
B31558;2015/02/11 15:12:58;241;79;32.2;28.9;2.390;1.548;1.016;1.861;0.283;1.177;242
B31558;2015/02/11 15:13:08;242;91;26.1;29.5;2.132;1.548;1.016;1.906;0.283;1.164;243
B31558;2015/02/11 15:13:18;243;90;24.1;29.5;2.306;1.548;1.061;1.906;0.283;1.170;244
B31558;2015/02/11 15:13:28;244;90;25.4;29.1;2.399;1.548;1.061;1.906;0.345;1.219;245
B31558;2015/02/11 15:13:38;245;90;25.4;28.9;2.345;1.548;1.022;1.906;0.345;1.177;246
B31558;2015/02/11 15:13:48;246;81;28.7;28.6;2.248;1.525;1.022;1.867;0.345;1.216;247
B31558;2015/02/11 15:13:58;247;79;28.3;28.8;2.177;1.525;1.048;1.867;0.345;1.170;248
B31558;2015/02/11 15:14:08;248;82;33.8;28.9;2.270;1.522;1.048;1.867;0.338;1.180;249
B31558;2015/02/11 15:14:18;249;92;32.9;28.8;2.370;1.522;1.000;1.867;0.338;1.229;250
B31558;2015/02/11 15:14:28;250;85;32.5;29.3;2.377;1.519;1.000;1.903;0.338;1.219;251
B31558;2015/02/11 15:14:38;251;73;22.5;29.5;2.412;1.519;1.041;1.903;0.338;1.187;252
B31558;2015/02/11 15:14:48;252;88;30.0;29.1;2.196;1.545;1.041;1.903;0.351;1.206;253
B31558;2015/02/11 15:14:58;253;81;22.2;28.4;2.325;1.545;0.996;1.903;0.351;1.193;254
B31558;2015/02/11 15:15:08;254;83;31.6;28.8;2.154;1.548;0.996;1.906;0.351;1.206;255
B31558;2015/02/11 15:15:18;255;90;24.1;28.3;2.135;1.548;1.054;1.906;0.351;1.170;256
B31558;2015/02/11 15:15:28;256;88;27.4;28.8;2.406;1.512;1.054;1.906;0.319;1.190;257
B31558;2015/02/11 15:15:38;257;78;27.7;28.4;2.348;1.512;1.012;1.906;0.319;1.174;258
B31558;2015/02/11 15:15:48;258;83;28.0;28.3;2.180;1.545;1.012;1.870;0.319;1.180;259
B31558;2015/02/11 15:15:58;259;80;25.1;28.9;2.335;1.545;1.061;1.870;0.319;1.177;260
B31558;2015/02/11 15:16:08;260;83;22.5;28.8;2.412;1.558;1.061;1.870;0.274;1.229;261
B31558;2015/02/11 15:16:18;261;87;28.3;28.8;2.170;1.558;0.993;1.870;0.274;1.199;262
B31558;2015/02/11 15:16:28;262;87;25.1;28.9;2.148;1.545;0.993;1.880;0.274;1.193;263
B31558;2015/02/11 15:16:38;263;84;28.7;28.6;2.174;1.545;0.993;1.880;0.274;1.222;264
B31558;2015/02/11 15:16:48;264;90;23.5;29.1;2.383;1.532;0.993;1.880;0.306;1.222;265
B31558;2015/02/11 15:16:58;265;88;28.3;29.1;2.183;1.532;1.009;1.880;0.306;1.229;266
B31558;2015/02/11 15:17:08;266;92;23.8;28.9;2.170;1.538;1.009;1.851;0.306;1.190;267
B31558;2015/02/11 15:17:18;267;84;29.3;28.6;2.135;1.538;1.061;1.851;0.306;1.183;268
B31558;2015/02/11 15:17:28;268;85;26.1;29.5;2.399;1.506;1.061;1.851;0.261;1.206;269
B31558;2015/02/11 15:17:38;269;95;25.4;28.3;2.138;1.506;1.041;1.851;0.261;1.219;270
B31558;2015/02/11 15:17:48;270;89;25.8;29.1;2.187;1.506;1.041;1.864;0.261;1.196;271
B31558;2015/02/11 15:17:58;271;86;29.3;28.9;2.393;1.506;1.048;1.864;0.261;1.232;272
B31558;2015/02/11 15:18:08;272;94;25.8;28.9;2.145;1.506;1.048;1.864;0.329;1.203;273
B31558;2015/02/11 15:18:18;273;83;31.9;29.1;2.180;1.506;0.996;1.864;0.329;1.225;274
B31558;2015/02/11 15:18:28;274;93;27.7;29.3;2.399;1.538;0.996;1.893;0.329;1.235;275
B31558;2015/02/11 15:18:38;275;91;28.0;29.3;2.248;1.538;1.006;1.893;0.329;1.222;276
B31558;2015/02/11 15:18:48;276;92;27.4;29.3;2.341;1.522;1.006;1.893;0.319;1.193;277
B31558;2015/02/11 15:18:58;277;81;24.5;28.9;2.296;1.522;0.996;1.893;0.319;1.199;278
B31558;2015/02/11 15:19:08;278;92;33.5;28.9;2.258;1.541;0.996;1.845;0.319;1.190;279
B31558;2015/02/11 15:19:18;279;86;32.5;29.1;2.406;1.541;1.061;1.845;0.319;1.187;280
B31558;2015/02/11 15:19:28;280;93;31.9;28.4;2.132;1.509;1.061;1.845;0.319;1.203;281
B31558;2015/02/11 15:19:38;281;84;28.7;28.9;2.338;1.509;1.058;1.845;0.319;1.190;282
B31558;2015/02/11 15:19:48;282;89;33.2;29.1;2.370;1.545;1.058;1.893;0.319;1.196;283
B31558;2015/02/11 15:19:58;283;93;28.3;28.9;2.387;1.545;0.996;1.893;0.319;1.209;284
B31558;2015/02/11 15:20:08;284;86;23.8;29.1;2.322;1.512;0.996;1.893;0.293;1.193;285
B31558;2015/02/11 15:20:18;285;83;31.9;28.6;2.151;1.512;1.061;1.893;0.293;1.190;286
B31558;2015/02/11 15:20:28;286;93;24.5;29.3;2.364;1.529;1.061;1.841;0.293;1.187;287
B31558;2015/02/11 15:20:38;287;82;27.0;29.3;2.377;1.529;1.054;1.841;0.293;1.203;288
B31558;2015/02/11 15:20:48;288;81;23.2;29.1;2.283;1.509;1.054;1.841;0.264;1.199;289
B31558;2015/02/11 15:20:58;289;88;27.7;28.9;2.345;1.509;0.996;1.841;0.264;1.190;290
B31558;2015/02/11 15:21:08;290;85;24.5;28.9;2.151;1.525;0.996;1.858;0.264;1.229;291
B31558;2015/02/11 15:21:18;291;93;32.2;28.8;2.190;1.525;1.048;1.858;0.264;1.183;292
B31558;2015/02/11 15:21:28;292;93;23.2;29.3;2.380;1.538;1.048;1.858;0.319;1.229;293
B31558;2015/02/11 15:21:38;293;86;31.9;28.9;2.383;1.538;0.993;1.858;0.319;1.180;294
B31558;2015/02/11 15:21:48;294;89;27.7;29.5;2.403;1.500;0.993;1.864;0.319;1.203;295
B31558;2015/02/11 15:21:58;295;83;24.8;28.8;2.138;1.500;1.054;1.864;0.319;1.180;296
B31558;2015/02/11 15:22:08;296;86;27.7;28.8;2.135;1.551;1.054;1.864;0.264;1.174;297
B31558;2015/02/11 15:22:18;297;86;22.2;28.3;2.348;1.551;1.054;1.864;0.264;1.203;298
B31558;2015/02/11 15:22:28;298;96;27.4;29.1;2.406;1.516;1.054;1.874;0.264;1.235;299
B31558;2015/02/11 15:22:38;299;87;23.8;28.3;2.148;1.516;1.058;1.874;0.264;1.193;300
B31558;2015/02/11 15:22:48;300;79;23.8;29.3;2.303;1.538;1.058;1.874;0.261;1.187;301
B31558;2015/02/11 15:22:58;301;90;32.5;28.4;2.299;1.538;1.012;1.874;0.261;1.206;302
B31558;2015/02/11 15:23:08;302;96;23.8;28.9;2.161;1.493;1.012;1.880;0.261;1.219;303
B31558;2015/02/11 15:23:18;303;95;25.1;28.9;2.174;1.493;1.048;1.880;0.261;1.187;304
B31558;2015/02/11 15:23:28;304;90;26.4;28.9;2.138;1.493;1.048;1.880;0.248;1.187;305
B31558;2015/02/11 15:23:38;305;78;23.8;29.1;2.229;1.493;1.003;1.880;0.248;1.180;306
B31558;2015/02/11 15:23:48;306;85;23.2;28.6;2.322;1.493;1.003;1.838;0.248;1.206;307
B31558;2015/02/11 15:23:58;307;78;30.9;28.8;2.325;1.493;1.003;1.838;0.248;1.203;308
B31558;2015/02/11 15:24:08;308;87;23.8;28.8;2.390;1.500;1.003;1.838;0.261;1.199;309
B31558;2015/02/11 15:24:18;309;77;31.9;28.8;2.154;1.500;0.993;1.838;0.261;1.199;310
B31558;2015/02/11 15:24:28;310;88;26.4;28.6;2.238;1.516;0.993;1.858;0.261;1.225;311
B31558;2015/02/11 15:24:38;311;95;30.0;28.8;2.367;1.516;1.054;1.858;0.261;1.177;312
B31558;2015/02/11 15:24:48;312;78;23.8;28.4;2.387;1.496;1.054;1.858;0.248;1.180;313
B31558;2015/02/11 15:24:58;313;88;26.1;28.6;2.412;1.496;1.000;1.858;0.248;1.212;314
B31558;2015/02/11 15:25:08;314;93;23.8;28.3;2.264;1.493;1.000;1.822;0.248;1.209;315
B31558;2015/02/11 15:25:18;315;92;27.7;29.1;2.248;1.493;1.000;1.822;0.248;1.232;316
B31558;2015/02/11 15:25:28;316;91;23.2;28.9;2.164;1.535;1.000;1.822;0.299;1.183;317
B31558;2015/02/11 15:25:38;317;93;29.0;28.6;2.167;1.535;0.996;1.822;0.299;1.196;318
B31558;2015/02/11 15:25:48;318;78;25.1;28.9;2.154;1.487;0.996;1.832;0.299;1.187;319
B31558;2015/02/11 15:25:58;319;84;29.6;29.1;2.167;1.487;1.012;1.832;0.299;1.180;320
B31558;2015/02/11 15:26:08;320;85;28.3;28.8;2.399;1.516;1.012;1.832;0.238;1.203;321
B31558;2015/02/11 15:26:18;321;82;27.4;28.8;2.335;1.516;0.993;1.832;0.238;1.167;322
B31558;2015/02/11 15:26:28;322;92;27.0;29.3;2.412;1.509;0.993;1.838;0.238;1.209;323
B31558;2015/02/11 15:26:38;323;84;22.2;28.3;2.374;1.509;1.000;1.838;0.238;1.216;324
B31558;2015/02/11 15:26:48;324;97;31.2;27.9;2.161;1.506;1.000;1.838;0.254;1.193;325
B31558;2015/02/11 15:26:58;325;94;24.1;28.4;2.419;1.506;1.054;1.838;0.254;1.203;326
B31558;2015/02/11 15:27:08;326;88;28.3;28.9;2.377;1.506;1.054;1.877;0.254;1.187;327
B31558;2015/02/11 15:27:18;327;78;29.3;28.9;2.403;1.506;1.000;1.877;0.254;1.206;328
B31558;2015/02/11 15:27:28;328;86;32.2;28.8;2.419;1.532;1.000;1.877;0.258;1.177;329
B31558;2015/02/11 15:27:38;329;83;32.9;28.9;2.387;1.532;1.000;1.877;0.258;1.229;330
B31558;2015/02/11 15:27:48;330;91;29.3;28.3;2.174;1.512;1.000;1.835;0.258;1.193;331
B31558;2015/02/11 15:27:58;331;86;29.3;28.6;2.177;1.512;1.061;1.835;0.258;1.199;332
B31558;2015/02/11 15:28:08;332;88;31.9;28.1;2.167;1.503;1.061;1.835;0.258;1.235;333
B31558;2015/02/11 15:28:18;333;84;33.8;28.9;2.319;1.503;0.993;1.835;0.258;1.196;334
B31558;2015/02/11 15:28:28;334;83;23.2;28.8;2.316;1.493;0.993;1.851;0.258;1.267;335
B31558;2015/02/11 15:28:38;335;83;25.1;28.9;2.341;1.493;1.009;1.851;0.258;1.251;336
B31558;2015/02/11 15:28:48;336;97;25.4;28.9;2.403;1.519;1.009;1.851;0.248;1.238;337
B31558;2015/02/11 15:28:58;337;88;24.8;28.3;2.377;1.519;1.025;1.851;0.248;1.270;338
B31558;2015/02/11 15:29:08;338;90;24.5;28.6;2.374;1.541;1.025;1.877;0.248;1.287;339
B31558;2015/02/11 15:29:18;339;85;26.4;28.4;2.299;1.541;1.019;1.877;0.248;1.351;340
B31558;2015/02/11 15:29:28;340;80;25.8;28.3;2.390;1.500;1.019;1.877;0.248;1.316;341
B31558;2015/02/11 15:29:38;341;85;26.7;27.7;2.403;1.500;1.025;1.877;0.248;1.329;342
B31558;2015/02/11 15:29:48;342;90;23.8;28.4;2.138;1.512;1.025;1.829;0.248;1.361;343
B31558;2015/02/11 15:29:58;343;93;24.1;28.3;2.416;1.512;1.074;1.829;0.248;1.393;344
B31558;2015/02/11 15:30:08;344;81;29.3;28.4;2.338;1.493;1.074;1.829;0.245;1.367;345
B31558;2015/02/11 15:30:18;345;88;31.6;28.3;2.177;1.493;1.009;1.829;0.245;1.429;346
B31558;2015/02/11 15:30:28;346;91;27.0;28.6;2.399;1.496;1.009;1.819;0.245;1.435;347
B31558;2015/02/11 15:30:38;347;83;24.5;27.9;2.358;1.496;1.006;1.819;0.245;1.419;348
B31558;2015/02/11 15:30:48;348;96;31.9;28.3;2.193;1.493;1.006;1.819;0.251;1.429;349
B31558;2015/02/11 15:30:58;349;94;30.6;28.6;2.267;1.493;1.006;1.819;0.251;1.416;350
B31558;2015/02/11 15:31:08;350;92;27.7;28.3;2.187;1.525;1.006;1.848;0.251;1.425;351
B31558;2015/02/11 15:31:18;351;84;29.3;27.9;2.170;1.525;1.009;1.848;0.251;1.454;352
B31558;2015/02/11 15:31:28;352;90;33.2;28.3;2.174;1.496;1.009;1.848;0.280;1.451;353
B31558;2015/02/11 15:31:38;353;82;33.8;27.4;2.396;1.496;1.064;1.848;0.280;1.470;354
B31558;2015/02/11 15:31:48;354;88;26.1;28.3;2.374;1.519;1.064;1.812;0.280;1.477;355
B31558;2015/02/11 15:31:58;355;93;23.8;27.7;2.367;1.519;1.051;1.812;0.280;1.467;356
B31558;2015/02/11 15:32:08;356;92;25.1;28.4;2.158;1.506;1.051;1.812;0.245;1.467;357
B31558;2015/02/11 15:32:18;357;87;30.6;28.3;2.270;1.506;1.016;1.812;0.245;1.480;358
B31558;2015/02/11 15:32:28;358;95;33.8;28.3;2.264;1.493;1.016;1.854;0.245;1.500;359
B31558;2015/02/11 15:32:38;359;94;23.5;27.9;2.190;1.493;1.070;1.854;0.245;1.503;360
B31558;2015/02/11 15:32:48;360;93;23.8;27.7;2.216;1.535;1.070;1.854;0.248;1.506;361
B31558;2015/02/11 15:32:58;361;86;29.0;27.2;2.393;1.535;1.009;1.854;0.248;1.477;362
B31558;2015/02/11 15:33:08;362;91;31.9;28.8;2.174;1.529;1.009;1.816;0.248;1.503;363
B31558;2015/02/11 15:33:18;363;88;34.8;27.9;2.167;1.529;1.019;1.816;0.248;1.474;364
B31558;2015/02/11 15:33:28;364;88;23.8;27.9;2.338;1.525;1.019;1.816;0.283;1.500;365
B31558;2015/02/11 15:33:38;365;90;27.0;27.7;2.396;1.525;1.006;1.816;0.283;1.496;366
B31558;2015/02/11 15:33:48;366;85;31.6;27.4;2.361;1.487;1.006;1.819;0.283;1.509;367
B31558;2015/02/11 15:33:58;367;86;23.5;28.1;2.216;1.487;1.067;1.819;0.283;1.519;368
B31558;2015/02/11 15:34:08;368;86;33.8;27.6;2.377;1.493;1.067;1.819;0.245;1.506;369
B31558;2015/02/11 15:34:18;369;83;24.8;27.2;2.338;1.493;1.022;1.819;0.245;1.500;370
B31558;2015/02/11 15:34:28;370;88;30.6;27.7;2.174;1.496;1.022;1.825;0.245;1.490;371
B31558;2015/02/11 15:34:38;371;75;26.7;27.4;2.419;1.496;1.029;1.825;0.245;1.538;372
B31558;2015/02/11 15:34:48;372;86;24.1;27.6;2.364;1.509;1.029;1.825;0.248;1.551;373
B31558;2015/02/11 15:34:58;373;93;26.4;28.1;2.393;1.509;1.019;1.825;0.248;1.519;374
B31558;2015/02/11 15:35:08;374;90;28.3;27.9;2.229;1.490;1.019;1.851;0.248;1.554;375
B31558;2015/02/11 15:35:18;375;86;29.3;27.6;2.416;1.490;1.041;1.851;0.248;1.529;376
B31558;2015/02/11 15:35:28;376;93;25.1;27.9;2.345;1.490;1.041;1.851;0.241;1.548;377
B31558;2015/02/11 15:35:38;377;83;25.4;27.6;2.419;1.490;1.009;1.851;0.241;1.522;378
B31558;2015/02/11 15:35:48;378;81;30.6;27.2;2.158;1.490;1.009;1.822;0.241;1.506;379
B31558;2015/02/11 15:35:58;379;90;30.9;27.7;2.209;1.490;1.000;1.822;0.241;1.496;380
B31558;2015/02/11 15:36:08;380;89;33.2;27.4;2.138;1.525;1.000;1.822;0.235;1.512;381
B31558;2015/02/11 15:36:18;381;91;23.5;28.1;2.354;1.525;1.067;1.822;0.235;1.493;382
B31558;2015/02/11 15:36:28;382;89;27.0;27.9;2.403;1.500;1.067;1.864;0.235;1.500;383
B31558;2015/02/11 15:36:38;383;89;28.0;28.1;2.287;1.500;1.048;1.864;0.235;1.532;384
B31558;2015/02/11 15:36:48;384;84;28.7;27.7;2.148;1.483;1.048;1.864;0.299;1.538;385
B31558;2015/02/11 15:36:58;385;94;26.1;27.4;2.287;1.483;1.016;1.864;0.299;1.509;386
B31558;2015/02/11 15:37:08;386;89;24.8;27.9;2.399;1.500;1.016;1.854;0.299;1.512;387
B31558;2015/02/11 15:37:18;387;87;34.5;27.2;2.419;1.500;1.025;1.854;0.299;1.519;388
B31558;2015/02/11 15:37:28;388;93;34.5;28.1;2.416;1.496;1.025;1.854;0.367;1.548;389
B31558;2015/02/11 15:37:38;389;95;35.8;27.6;2.419;1.496;1.019;1.854;0.367;1.545;390
B31558;2015/02/11 15:37:48;390;90;33.8;27.7;2.396;1.535;1.019;1.851;0.367;1.570;391
B31558;2015/02/11 15:37:58;391;86;29.0;27.4;2.422;1.535;1.067;1.851;0.367;1.516;392
B31558;2015/02/11 15:38:08;392;86;29.6;27.6;2.187;1.483;1.067;1.851;0.225;1.512;393
B31558;2015/02/11 15:38:18;393;88;30.9;27.7;2.348;1.483;1.058;1.851;0.225;1.525;394
B31558;2015/02/11 15:38:28;394;85;30.0;27.4;2.161;1.509;1.058;1.829;0.225;1.509;395
B31558;2015/02/11 15:38:38;395;86;26.1;27.0;2.254;1.509;1.035;1.829;0.225;1.500;396
B31558;2015/02/11 15:38:48;396;88;30.6;27.4;2.422;1.512;1.035;1.829;0.319;1.545;397
B31558;2015/02/11 15:38:58;397;85;24.1;27.2;2.380;1.512;1.000;1.829;0.319;1.525;398
B31558;2015/02/11 15:39:08;398;81;26.4;27.9;2.338;1.483;1.000;1.819;0.319;1.570;399
B31558;2015/02/11 15:39:18;399;78;28.0;27.9;2.251;1.483;1.000;1.819;0.319;1.519;400
B31558;2015/02/11 15:39:28;400;83;31.9;28.1;2.187;1.519;1.000;1.819;0.241;1.538;401
B31558;2015/02/11 15:39:38;401;81;25.1;27.0;2.280;1.519;1.000;1.819;0.241;1.529;402
B31558;2015/02/11 15:39:48;402;87;30.9;27.7;2.190;1.480;1.000;1.829;0.241;1.519;403
B31558;2015/02/11 15:39:58;403;84;33.2;27.6;2.299;1.480;1.000;1.829;0.241;1.522;404
B31558;2015/02/11 15:40:08;404;92;29.0;27.6;2.148;1.506;1.000;1.829;0.241;1.525;405
B31558;2015/02/11 15:40:18;405;79;28.7;27.7;2.154;1.506;1.006;1.829;0.241;1.541;406
B31558;2015/02/11 15:40:28;406;88;24.8;27.9;2.403;1.535;1.006;1.822;0.241;1.545;407
B31558;2015/02/11 15:40:38;407;93;35.8;27.4;2.406;1.535;1.067;1.822;0.241;1.545;408
B31558;2015/02/11 15:40:48;408;85;30.0;27.6;2.306;1.522;1.067;1.822;0.361;1.519;409
B31558;2015/02/11 15:40:58;409;90;34.8;27.4;2.425;1.522;1.067;1.822;0.361;1.548;410
B31558;2015/02/11 15:41:08;410;91;33.2;27.6;2.312;1.493;1.067;1.819;0.361;1.548;411
B31558;2015/02/11 15:41:18;411;85;26.1;27.2;2.419;1.493;1.019;1.819;0.361;1.538;412
B31558;2015/02/11 15:41:28;412;83;28.3;27.4;2.177;1.503;1.019;1.819;0.238;1.558;413
B31558;2015/02/11 15:41:38;413;83;29.3;27.7;2.351;1.503;1.003;1.819;0.238;1.522;414
B31558;2015/02/11 15:41:48;414;83;33.8;27.4;2.264;1.532;1.003;1.874;0.238;1.561;415
B31558;2015/02/11 15:41:58;415;86;33.8;26.9;2.422;1.532;1.003;1.874;0.238;1.577;416
B31558;2015/02/11 15:42:08;416;94;30.6;28.1;2.264;1.506;1.003;1.874;0.238;1.529;417
B31558;2015/02/11 15:42:18;417;85;25.1;27.0;2.219;1.506;1.006;1.874;0.238;1.580;418
B31558;2015/02/11 15:42:28;418;80;27.0;27.9;2.154;1.503;1.006;1.829;0.238;1.541;419
B31558;2015/02/11 15:42:38;419;74;30.3;27.6;2.367;1.503;1.006;1.829;0.238;1.561;420
B31558;2015/02/11 15:42:48;420;84;27.7;28.1;2.145;1.500;1.006;1.829;0.229;1.516;421
B31558;2015/02/11 15:42:58;421;86;32.5;27.6;2.203;1.500;1.003;1.829;0.229;1.529;422
B31558;2015/02/11 15:43:08;422;77;34.5;27.7;2.422;1.509;1.003;1.829;0.229;1.522;423
B31558;2015/02/11 15:43:18;423;88;30.9;27.9;2.177;1.509;1.006;1.829;0.229;1.525;424
B31558;2015/02/11 15:43:28;424;83;25.8;28.1;2.409;1.500;1.006;1.829;0.299;1.506;425
B31558;2015/02/11 15:43:38;425;83;27.0;27.9;2.377;1.500;1.061;1.829;0.299;1.509;426
B31558;2015/02/11 15:43:48;426;93;33.2;27.4;2.364;1.503;1.061;1.870;0.299;1.545;427
B31558;2015/02/11 15:43:58;427;84;32.9;27.0;2.254;1.503;1.048;1.870;0.299;1.535;428
B31558;2015/02/11 15:44:08;428;82;30.0;27.7;2.270;1.506;1.048;1.870;0.229;1.538;429
B31558;2015/02/11 15:44:18;429;83;30.6;27.6;2.341;1.506;1.000;1.870;0.229;1.545;430
B31558;2015/02/11 15:44:28;430;84;24.5;27.9;2.303;1.503;1.000;1.861;0.229;1.558;431
B31558;2015/02/11 15:44:38;431;89;32.9;27.0;2.361;1.503;1.000;1.861;0.229;1.574;432
B31558;2015/02/11 15:44:48;432;88;24.1;27.6;2.393;1.516;1.000;1.861;0.293;1.525;433
B31558;2015/02/11 15:44:58;433;93;25.1;26.7;2.416;1.516;1.000;1.861;0.293;1.503;434
B31558;2015/02/11 15:45:08;434;83;31.9;27.0;2.161;1.483;1.000;1.880;0.293;1.554;435
B31558;2015/02/11 15:45:18;435;82;25.4;27.6;2.425;1.483;1.003;1.880;0.293;1.545;436
B31558;2015/02/11 15:45:28;436;93;30.0;27.2;2.303;1.519;1.003;1.880;0.293;1.535;437
B31558;2015/02/11 15:45:38;437;89;33.5;27.4;2.374;1.519;1.041;1.880;0.293;1.548;438
B31558;2015/02/11 15:45:48;438;78;24.5;27.9;2.377;1.506;1.041;1.854;0.293;1.532;439
B31558;2015/02/11 15:45:58;439;90;24.8;28.3;2.306;1.506;1.003;1.854;0.293;1.574;440
B31558;2015/02/11 15:46:08;440;84;34.8;27.7;2.412;1.525;1.003;1.854;0.312;1.522;441
B31558;2015/02/11 15:46:18;441;83;27.4;27.6;2.419;1.525;1.067;1.854;0.312;1.561;442
B31558;2015/02/11 15:46:28;442;92;23.8;27.9;2.419;1.525;1.067;1.832;0.312;1.558;443
B31558;2015/02/11 15:46:38;443;76;29.6;27.6;2.174;1.525;1.003;1.832;0.312;1.490;444
B31558;2015/02/11 15:46:48;444;84;25.4;27.6;2.393;1.535;1.003;1.832;0.219;1.535;445
B31558;2015/02/11 15:46:58;445;86;30.0;27.9;2.177;1.535;1.025;1.832;0.219;1.506;446
B31558;2015/02/11 15:47:08;446;88;33.2;27.0;2.393;1.500;1.025;1.816;0.219;1.538;447
B31558;2015/02/11 15:47:18;447;84;30.0;27.7;2.416;1.500;1.067;1.816;0.219;1.532;448
B31558;2015/02/11 15:47:28;448;95;33.8;28.3;2.409;1.493;1.067;1.816;0.229;1.490;449
B31558;2015/02/11 15:47:38;449;81;23.5;28.1;2.206;1.493;1.035;1.816;0.229;1.480;450
B31558;2015/02/11 15:47:48;450;91;27.4;27.6;2.338;1.487;1.035;1.854;0.229;1.487;451
B31558;2015/02/11 15:47:58;451;92;33.5;27.7;2.161;1.487;1.016;1.854;0.229;1.490;452
B31558;2015/02/11 15:48:08;452;78;26.1;27.7;2.412;1.490;1.016;1.854;0.229;1.541;453
B31558;2015/02/11 15:48:18;453;85;24.1;27.7;2.406;1.490;1.070;1.854;0.229;1.506;454
B31558;2015/02/11 15:48:28;454;91;29.0;28.3;2.358;1.519;1.070;1.854;0.229;1.519;455
B31558;2015/02/11 15:48:38;455;87;26.1;28.3;2.261;1.519;1.003;1.854;0.229;1.522;456
B31558;2015/02/11 15:48:48;456;84;27.7;28.3;2.425;1.496;1.003;1.854;0.235;1.522;457
B31558;2015/02/11 15:48:58;457;78;30.0;28.1;2.177;1.496;1.032;1.854;0.235;1.522;458
B31558;2015/02/11 15:49:08;458;97;30.6;27.7;2.174;1.522;1.032;1.816;0.235;1.477;459
B31558;2015/02/11 15:49:18;459;88;32.2;28.3;2.190;1.522;1.070;1.816;0.235;1.480;460
B31558;2015/02/11 15:49:28;460;88;27.4;28.4;2.251;1.493;1.070;1.816;0.235;1.470;461
B31558;2015/02/11 15:49:38;461;84;30.3;28.1;2.325;1.493;1.006;1.816;0.235;1.470;462
B31558;2015/02/11 15:49:48;462;89;24.1;28.6;2.422;1.487;1.006;1.858;0.235;1.461;463
B31558;2015/02/11 15:49:58;463;92;23.8;28.4;2.158;1.487;1.003;1.858;0.235;1.500;464
B31558;2015/02/11 15:50:08;464;92;24.5;27.9;2.267;1.538;1.003;1.858;0.312;1.500;465
B31558;2015/02/11 15:50:18;465;91;32.2;27.9;2.329;1.538;1.035;1.858;0.312;1.454;466
B31558;2015/02/11 15:50:28;466;92;28.7;27.9;2.187;1.538;1.035;1.825;0.312;1.493;467
B31558;2015/02/11 15:50:38;467;81;30.3;28.3;2.267;1.538;1.048;1.825;0.312;1.467;468
B31558;2015/02/11 15:50:48;468;96;24.5;28.3;2.383;1.490;1.048;1.825;0.261;1.522;469
B31558;2015/02/11 15:50:58;469;96;24.5;27.9;2.338;1.490;1.070;1.825;0.261;1.522;470
B31558;2015/02/11 15:51:08;470;96;23.8;28.3;2.335;1.493;1.070;1.832;0.261;1.525;471
B31558;2015/02/11 15:51:18;471;79;30.6;28.1;2.161;1.493;1.054;1.832;0.261;1.483;472
B31558;2015/02/11 15:51:28;472;97;28.7;28.1;2.170;1.529;1.054;1.832;0.312;1.470;473
B31558;2015/02/11 15:51:38;473;84;27.4;27.6;2.419;1.529;1.003;1.832;0.312;1.474;474
B31558;2015/02/11 15:51:48;474;93;27.4;28.1;2.248;1.538;1.003;1.838;0.312;1.522;475
B31558;2015/02/11 15:51:58;475;84;29.0;28.3;2.177;1.538;1.012;1.838;0.312;1.483;476
B31558;2015/02/11 15:52:08;476;93;26.7;27.9;2.396;1.519;1.012;1.838;0.319;1.506;477
B31558;2015/02/11 15:52:18;477;94;23.5;28.3;2.383;1.519;1.006;1.838;0.319;1.454;478
B31558;2015/02/11 15:52:28;478;93;26.4;27.9;2.364;1.519;1.006;1.883;0.319;1.474;479
B31558;2015/02/11 15:52:38;479;90;31.9;28.3;2.167;1.519;1.070;1.883;0.319;1.461;480
B31558;2015/02/11 15:52:48;480;83;27.0;28.1;2.161;1.490;1.070;1.883;0.370;1.480;481
B31558;2015/02/11 15:52:58;481;95;33.2;27.7;2.387;1.490;1.006;1.883;0.370;1.474;482
B31558;2015/02/11 15:53:08;482;83;34.5;28.3;2.148;1.496;1.006;1.890;0.370;1.519;483
B31558;2015/02/11 15:53:18;483;93;24.8;27.9;2.432;1.496;1.003;1.890;0.370;1.464;484
B31558;2015/02/11 15:53:28;484;97;33.2;28.4;2.296;1.503;1.003;1.890;0.254;1.512;485
B31558;2015/02/11 15:53:38;485;88;23.5;28.3;2.216;1.503;1.016;1.890;0.254;1.483;486
B31558;2015/02/11 15:53:48;486;89;27.7;28.3;2.212;1.512;1.016;1.845;0.254;1.490;487
B31558;2015/02/11 15:53:58;487;85;33.8;27.6;2.432;1.512;1.051;1.845;0.254;1.493;488
B31558;2015/02/11 15:54:08;488;84;26.4;27.9;2.293;1.516;1.051;1.845;0.241;1.474;489
B31558;2015/02/11 15:54:18;489;77;30.0;27.7;2.190;1.516;1.006;1.845;0.241;1.480;490
B31558;2015/02/11 15:54:28;490;97;29.0;28.6;2.180;1.490;1.006;1.890;0.241;1.519;491
B31558;2015/02/11 15:54:38;491;89;33.2;28.1;2.216;1.490;1.006;1.890;0.241;1.490;492
B31558;2015/02/11 15:54:48;492;95;31.9;27.6;2.290;1.532;1.006;1.890;0.222;1.480;493
B31558;2015/02/11 15:54:58;493;85;24.8;28.3;2.309;1.532;1.003;1.890;0.222;1.467;494
B31558;2015/02/11 15:55:08;494;81;34.5;28.1;2.432;1.509;1.003;1.851;0.222;1.493;495
B31558;2015/02/11 15:55:18;495;91;24.8;27.7;2.174;1.509;1.061;1.851;0.222;1.493;496
B31558;2015/02/11 15:55:28;496;81;31.2;27.7;2.164;1.503;1.061;1.851;0.287;1.458;497
B31558;2015/02/11 15:55:38;497;88;28.7;28.4;2.174;1.503;1.012;1.851;0.287;1.467;498
B31558;2015/02/11 15:55:48;498;90;33.5;28.3;2.351;1.500;1.012;1.835;0.287;1.477;499
B31558;2015/02/11 15:55:58;499;85;28.0;28.3;2.161;1.500;1.003;1.835;0.287;1.480;500
B31558;2015/02/11 15:56:08;500;93;24.8;28.1;2.396;1.493;1.003;1.835;0.229;1.519;501
B31558;2015/02/11 15:56:18;501;91;34.5;27.9;2.432;1.493;1.006;1.835;0.229;1.474;502
B31558;2015/02/11 15:56:28;502;87;33.5;28.6;2.180;1.529;1.006;1.880;0.229;1.480;503
B31558;2015/02/11 15:56:38;503;90;29.0;27.6;2.377;1.529;1.006;1.880;0.229;1.483;504
B31558;2015/02/11 15:56:48;504;93;27.4;27.7;2.229;1.525;1.006;1.880;0.358;1.487;505
B31558;2015/02/11 15:56:58;505;88;23.5;28.4;2.174;1.525;1.003;1.880;0.358;1.461;506
B31558;2015/02/11 15:57:08;506;94;28.3;28.4;2.270;1.516;1.003;1.848;0.358;1.487;507
B31558;2015/02/11 15:57:18;507;92;30.6;27.9;2.209;1.516;1.061;1.848;0.358;1.512;508
B31558;2015/02/11 15:57:28;508;90;28.0;28.1;2.329;1.532;1.061;1.848;0.235;1.477;509
B31558;2015/02/11 15:57:38;509;84;24.8;27.4;2.364;1.532;1.000;1.848;0.235;1.464;510
B31558;2015/02/11 15:57:48;510;93;27.4;28.4;2.422;1.490;1.000;1.841;0.235;1.496;511
B31558;2015/02/11 15:57:58;511;77;33.5;28.1;2.203;1.490;1.019;1.841;0.235;1.477;512
B31558;2015/02/11 15:58:08;512;87;32.5;28.4;2.351;1.509;1.019;1.841;0.225;1.525;513
B31558;2015/02/11 15:58:18;513;92;23.8;28.8;2.325;1.509;1.061;1.841;0.225;1.532;514
B31558;2015/02/11 15:58:28;514;90;34.5;28.3;2.277;1.519;1.061;1.864;0.225;1.496;515
B31558;2015/02/11 15:58:38;515;86;26.4;27.6;2.225;1.519;1.016;1.864;0.225;1.500;516
B31558;2015/02/11 15:58:48;516;93;31.9;27.6;2.180;1.538;1.016;1.864;0.232;1.493;517
B31558;2015/02/11 15:58:58;517;90;27.4;27.7;2.425;1.538;1.003;1.864;0.232;1.532;518
B31558;2015/02/11 15:59:08;518;93;32.2;28.1;2.409;1.525;1.003;1.877;0.232;1.506;519
B31558;2015/02/11 15:59:18;519;92;33.5;27.6;2.422;1.525;1.048;1.877;0.232;1.516;520
B31558;2015/02/11 15:59:28;520;93;31.9;28.1;2.183;1.532;1.048;1.877;0.222;1.509;521
B31558;2015/02/11 15:59:38;521;86;25.4;27.6;2.383;1.532;1.038;1.877;0.222;1.509;522
B31558;2015/02/11 15:59:48;522;84;33.5;28.3;2.377;1.548;1.038;1.861;0.222;1.493;523
B31558;2015/02/11 15:59:58;523;86;32.2;28.1;2.212;1.548;1.025;1.861;0.222;1.512;524
B31558;2015/02/11 16:00:08;524;90;32.5;27.9;2.406;1.567;1.025;1.861;0.232;1.503;525
B31558;2015/02/11 16:00:18;525;94;33.5;27.2;2.403;1.567;1.006;1.861;0.232;1.496;526
B31558;2015/02/11 16:00:28;526;93;34.1;27.9;2.361;1.570;1.006;1.906;0.232;1.522;527
B31558;2015/02/11 16:00:38;527;90;23.5;28.1;2.361;1.570;1.003;1.906;0.232;1.483;528
B31558;2015/02/11 16:00:48;528;83;26.7;27.9;2.425;1.583;1.003;1.906;0.261;1.487;529
B31558;2015/02/11 16:00:58;529;88;33.2;28.3;2.177;1.583;1.016;1.906;0.261;1.519;530
B31558;2015/02/11 16:01:08;530;87;23.5;27.6;2.312;1.558;1.016;1.893;0.261;1.483;531
B31558;2015/02/11 16:01:18;531;87;30.9;27.6;2.199;1.558;1.012;1.893;0.261;1.535;532
B31558;2015/02/11 16:01:28;532;82;30.3;27.7;2.183;1.590;1.012;1.893;0.261;1.538;533
B31558;2015/02/11 16:01:38;533;90;30.6;28.1;2.203;1.590;1.009;1.893;0.261;1.493;534
B31558;2015/02/11 16:01:48;534;91;25.1;27.7;2.241;1.574;1.009;1.906;0.261;1.503;535
B31558;2015/02/11 16:01:58;535;89;32.9;27.7;2.403;1.574;1.061;1.906;0.261;1.512;536
B31558;2015/02/11 16:02:08;536;85;28.0;28.3;2.190;1.609;1.061;1.906;0.232;1.500;537
B31558;2015/02/11 16:02:18;537;78;26.1;27.6;2.161;1.609;1.074;1.906;0.232;1.538;538
B31558;2015/02/11 16:02:28;538;83;31.9;29.1;2.361;1.609;1.074;1.877;0.232;1.567;539
B31558;2015/02/11 16:02:38;539;83;27.4;27.6;2.432;1.609;1.006;1.877;0.232;1.532;540
B31558;2015/02/11 16:02:48;540;88;24.1;27.9;2.299;1.599;1.006;1.877;0.241;1.519;541
B31558;2015/02/11 16:02:58;541;76;26.4;28.3;2.422;1.599;1.025;1.877;0.241;1.519;542
B31558;2015/02/11 16:03:08;542;88;30.9;27.6;2.325;1.580;1.025;1.890;0.241;1.538;543
B31558;2015/02/11 16:03:18;543;83;23.8;28.3;2.209;1.580;1.009;1.890;0.241;1.548;544
B31558;2015/02/11 16:03:28;544;94;25.4;27.6;2.345;1.622;1.009;1.890;0.267;1.548;545
B31558;2015/02/11 16:03:38;545;85;30.6;28.1;2.199;1.622;1.012;1.890;0.267;1.509;546
B31558;2015/02/11 16:03:48;546;97;29.6;27.7;2.409;1.577;1.012;1.925;0.267;1.509;547
B31558;2015/02/11 16:03:58;547;83;32.2;27.7;2.199;1.577;1.070;1.925;0.267;1.535;548
B31558;2015/02/11 16:04:08;548;89;31.9;27.9;2.187;1.580;1.070;1.925;0.225;1.554;549
B31558;2015/02/11 16:04:18;549;91;34.5;27.7;2.425;1.580;1.029;1.925;0.225;1.558;550
B31558;2015/02/11 16:04:28;550;86;30.0;27.7;2.254;1.625;1.029;1.890;0.225;1.561;551
B31558;2015/02/11 16:04:38;551;86;31.2;27.9;2.174;1.625;1.012;1.890;0.225;1.561;552
B31558;2015/02/11 16:04:48;552;83;29.3;27.7;2.409;1.599;1.012;1.890;0.241;1.570;553
B31558;2015/02/11 16:04:58;553;73;30.0;27.6;2.190;1.599;1.009;1.890;0.241;1.558;554
B31558;2015/02/11 16:05:08;554;97;27.0;27.7;2.390;1.583;1.009;1.935;0.241;1.525;555
B31558;2015/02/11 16:05:18;555;82;30.6;27.7;2.232;1.583;1.061;1.935;0.241;1.577;556
B31558;2015/02/11 16:05:28;556;85;23.8;27.6;2.290;1.622;1.061;1.935;0.232;1.538;557
B31558;2015/02/11 16:05:38;557;90;27.7;27.6;2.183;1.622;1.048;1.935;0.232;1.548;558
B31558;2015/02/11 16:05:48;558;83;29.0;27.7;2.332;1.590;1.048;1.919;0.232;1.516;559
B31558;2015/02/11 16:05:58;559;86;24.1;27.2;2.412;1.590;1.025;1.919;0.232;1.529;560
B31558;2015/02/11 16:06:08;560;85;34.5;28.1;2.429;1.632;1.025;1.919;0.254;1.567;561
B31558;2015/02/11 16:06:18;561;82;33.5;27.9;2.412;1.632;1.025;1.919;0.254;1.567;562
B31558;2015/02/11 16:06:28;562;84;34.8;27.4;2.322;1.609;1.025;1.932;0.254;1.538;563
B31558;2015/02/11 16:06:38;563;83;24.8;27.0;2.199;1.609;1.048;1.932;0.254;1.554;564
B31558;2015/02/11 16:06:48;564;85;35.8;28.1;2.432;1.619;1.048;1.932;0.299;1.567;565
B31558;2015/02/11 16:06:58;565;90;28.0;27.0;2.351;1.619;1.006;1.932;0.299;1.554;566
B31558;2015/02/11 16:07:08;566;83;30.9;26.9;2.177;1.593;1.006;1.890;0.299;1.535;567
B31558;2015/02/11 16:07:18;567;77;33.5;27.4;2.206;1.593;1.067;1.890;0.299;1.561;568
B31558;2015/02/11 16:07:28;568;80;34.5;27.6;2.387;1.645;1.067;1.890;0.248;1.574;569
B31558;2015/02/11 16:07:38;569;84;30.6;27.7;2.164;1.645;1.061;1.890;0.248;1.570;570
B31558;2015/02/11 16:07:48;570;83;25.1;27.9;2.345;1.625;1.061;1.938;0.248;1.567;571
B31558;2015/02/11 16:07:58;571;86;27.7;27.7;2.380;1.625;1.012;1.938;0.248;1.567;572
B31558;2015/02/11 16:08:08;572;97;25.8;27.4;2.338;1.616;1.012;1.938;0.280;1.535;573
B31558;2015/02/11 16:08:18;573;73;30.3;27.4;2.161;1.616;1.012;1.938;0.280;1.535;574
B31558;2015/02/11 16:08:28;574;90;30.3;27.4;2.335;1.645;1.012;1.896;0.280;1.577;575
B31558;2015/02/11 16:08:38;575;84;33.5;27.2;2.412;1.645;1.025;1.896;0.280;1.551;576
B31558;2015/02/11 16:08:48;576;85;24.8;27.6;2.290;1.596;1.025;1.896;0.219;1.551;577
B31558;2015/02/11 16:08:58;577;87;30.6;27.9;2.212;1.596;1.038;1.896;0.219;1.567;578
B31558;2015/02/11 16:09:08;578;84;30.0;27.6;2.312;1.606;1.038;1.887;0.219;1.538;579
B31558;2015/02/11 16:09:18;579;85;34.5;27.6;2.438;1.606;1.012;1.887;0.219;1.548;580
B31558;2015/02/11 16:09:28;580;83;34.5;27.9;2.358;1.648;1.012;1.887;0.238;1.583;581
B31558;2015/02/11 16:09:38;581;86;26.7;26.9;2.425;1.648;1.080;1.887;0.238;1.590;582
B31558;2015/02/11 16:09:48;582;87;27.7;27.7;2.212;1.645;1.080;1.903;0.238;1.587;583
B31558;2015/02/11 16:09:58;583;78;23.8;28.1;2.345;1.645;1.009;1.903;0.238;1.545;584
B31558;2015/02/11 16:10:08;584;86;24.1;27.9;2.416;1.622;1.009;1.903;0.299;1.529;585
B31558;2015/02/11 16:10:18;585;84;25.1;27.4;2.193;1.622;1.070;1.903;0.299;1.541;586
B31558;2015/02/11 16:10:28;586;91;27.4;27.2;2.370;1.635;1.070;1.941;0.299;1.574;587
B31558;2015/02/11 16:10:38;587;83;32.9;27.6;2.212;1.635;1.016;1.941;0.299;1.541;588
B31558;2015/02/11 16:10:48;588;88;29.0;27.7;2.429;1.606;1.016;1.941;0.209;1.561;589
B31558;2015/02/11 16:10:58;589;81;25.4;26.9;2.390;1.606;1.038;1.941;0.209;1.554;590
B31558;2015/02/11 16:11:08;590;87;31.2;27.4;2.174;1.609;1.038;1.896;0.209;1.529;591
B31558;2015/02/11 16:11:18;591;89;28.0;27.6;2.187;1.609;1.077;1.896;0.209;1.522;592
B31558;2015/02/11 16:11:28;592;90;25.1;27.9;2.338;1.603;1.077;1.896;0.209;1.577;593
B31558;2015/02/11 16:11:38;593;79;26.1;27.6;2.438;1.603;1.025;1.896;0.209;1.567;594
B31558;2015/02/11 16:11:48;594;88;24.8;27.9;2.367;1.603;1.025;1.912;0.209;1.548;595
B31558;2015/02/11 16:11:58;595;95;24.1;28.3;2.348;1.603;1.032;1.912;0.209;1.574;596
B31558;2015/02/11 16:12:08;596;86;33.5;28.1;2.161;1.616;1.032;1.912;0.219;1.529;597
B31558;2015/02/11 16:12:18;597;93;31.6;27.4;2.216;1.616;1.012;1.912;0.219;1.538;598
B31558;2015/02/11 16:12:28;598;88;30.9;27.4;2.190;1.622;1.012;1.951;0.219;1.522;599
B31558;2015/02/11 16:12:38;599;87;23.8;27.2;2.351;1.622;1.019;1.951;0.219;1.538;600
B31558;2015/02/11 16:12:48;600;94;27.7;27.6;2.399;1.654;1.019;1.951;0.232;1.570;601
B31558;2015/02/11 16:12:58;601;86;24.8;27.4;2.364;1.654;1.038;1.951;0.232;1.525;602
B31558;2015/02/11 16:13:08;602;88;27.7;27.9;2.390;1.606;1.038;1.909;0.232;1.541;603
B31558;2015/02/11 16:13:18;603;86;33.2;27.6;2.216;1.606;1.080;1.909;0.232;1.587;604
B31558;2015/02/11 16:13:28;604;81;29.6;27.7;2.419;1.609;1.080;1.909;0.219;1.554;605
B31558;2015/02/11 16:13:38;605;89;25.4;27.7;2.422;1.609;1.077;1.909;0.219;1.541;606
B31558;2015/02/11 16:13:48;606;97;26.7;27.9;2.390;1.651;1.077;1.951;0.219;1.587;607
B31558;2015/02/11 16:13:58;607;88;30.3;27.4;2.203;1.651;1.048;1.951;0.219;1.554;608
B31558;2015/02/11 16:14:08;608;83;24.8;27.9;2.312;1.654;1.048;1.951;0.229;1.609;609
B31558;2015/02/11 16:14:18;609;77;26.7;26.9;2.158;1.654;1.064;1.951;0.229;1.590;610
B31558;2015/02/11 16:14:28;610;87;33.2;27.4;2.164;1.609;1.064;1.961;0.229;1.580;611
B31558;2015/02/11 16:14:38;611;91;24.8;27.4;2.416;1.609;1.025;1.961;0.229;1.564;612
B31558;2015/02/11 16:14:48;612;89;27.7;27.7;2.216;1.609;1.025;1.961;0.303;1.583;613
B31558;2015/02/11 16:14:58;613;80;32.2;27.7;2.338;1.609;1.012;1.961;0.303;1.545;614
B31558;2015/02/11 16:15:08;614;83;30.9;27.7;2.193;1.661;1.012;1.964;0.303;1.590;615
B31558;2015/02/11 16:15:18;615;82;33.2;27.6;2.187;1.661;1.035;1.964;0.303;1.587;616
B31558;2015/02/11 16:15:28;616;90;23.8;27.4;2.180;1.612;1.035;1.964;0.219;1.567;617
B31558;2015/02/11 16:15:38;617;79;34.8;27.7;2.432;1.612;1.025;1.964;0.219;1.545;618
B31558;2015/02/11 16:15:48;618;93;35.4;27.7;2.396;1.638;1.025;1.935;0.219;1.567;619
B31558;2015/02/11 16:15:58;619;83;29.6;27.9;2.358;1.638;1.025;1.935;0.219;1.538;620
B31558;2015/02/11 16:16:08;620;97;30.9;27.4;2.406;1.638;1.025;1.935;0.319;1.545;621
B31558;2015/02/11 16:16:18;621;89;27.7;27.2;2.158;1.638;1.083;1.935;0.319;1.567;622
B31558;2015/02/11 16:16:28;622;80;23.8;27.2;2.293;1.606;1.083;1.948;0.319;1.535;623
B31558;2015/02/11 16:16:38;623;82;29.6;27.7;2.432;1.606;1.025;1.948;0.319;1.535;624
B31558;2015/02/11 16:16:48;624;97;31.9;27.7;2.180;1.641;1.025;1.948;0.232;1.548;625
B31558;2015/02/11 16:16:58;625;83;31.2;27.6;2.170;1.641;1.016;1.948;0.232;1.529;626
B31558;2015/02/11 16:17:08;626;85;31.9;27.4;2.158;1.625;1.016;1.912;0.232;1.532;627
B31558;2015/02/11 16:17:18;627;78;30.3;28.1;2.367;1.625;1.019;1.912;0.232;1.558;628
B31558;2015/02/11 16:17:28;628;82;30.3;27.7;2.351;1.612;1.019;1.912;0.232;1.535;629
B31558;2015/02/11 16:17:38;629;86;34.5;27.0;2.412;1.612;1.077;1.912;0.232;1.548;630
B31558;2015/02/11 16:17:48;630;84;25.4;28.3;2.322;1.606;1.077;1.900;0.232;1.577;631
B31558;2015/02/11 16:17:58;631;86;33.2;28.3;2.187;1.606;1.019;1.900;0.232;1.561;632
B31558;2015/02/11 16:18:08;632;89;30.6;27.7;2.296;1.609;1.019;1.900;0.225;1.538;633
B31558;2015/02/11 16:18:18;633;90;27.7;28.1;2.219;1.609;1.016;1.900;0.225;1.519;634
B31558;2015/02/11 16:18:28;634;88;30.3;27.9;2.148;1.641;1.016;1.906;0.225;1.551;635
B31558;2015/02/11 16:18:38;635;94;34.8;28.1;2.183;1.641;1.074;1.906;0.225;1.529;636
B31558;2015/02/11 16:18:48;636;93;28.3;28.1;2.254;1.599;1.074;1.906;0.232;1.554;637
B31558;2015/02/11 16:18:58;637;87;24.8;27.2;2.412;1.599;1.041;1.906;0.232;1.548;638
B31558;2015/02/11 16:19:08;638;93;34.5;28.3;2.154;1.629;1.041;1.945;0.232;1.545;639
B31558;2015/02/11 16:19:18;639;85;27.7;28.4;2.235;1.629;1.038;1.945;0.232;1.525;640
B31558;2015/02/11 16:19:28;640;96;24.5;28.3;2.296;1.603;1.038;1.945;0.258;1.496;641
B31558;2015/02/11 16:19:38;641;84;29.0;27.7;2.351;1.603;1.019;1.945;0.258;1.529;642
B31558;2015/02/11 16:19:48;642;86;23.8;28.1;2.290;1.587;1.019;1.903;0.258;1.509;643
B31558;2015/02/11 16:19:58;643;78;25.4;27.4;2.396;1.587;1.009;1.903;0.258;1.541;644
B31558;2015/02/11 16:20:08;644;98;30.6;27.6;2.154;1.632;1.009;1.903;0.351;1.503;645
B31558;2015/02/11 16:20:18;645;84;27.4;27.7;2.432;1.632;1.041;1.903;0.351;1.519;646
B31558;2015/02/11 16:20:28;646;97;28.3;27.7;2.338;1.596;1.041;1.864;0.351;1.480;647
B31558;2015/02/11 16:20:38;647;83;28.7;27.9;2.183;1.596;1.003;1.864;0.351;1.519;648
B31558;2015/02/11 16:20:48;648;91;25.4;28.1;2.293;1.625;1.003;1.864;0.222;1.477;649
B31558;2015/02/11 16:20:58;649;91;33.2;27.9;2.167;1.625;1.003;1.864;0.222;1.490;650
B31558;2015/02/11 16:21:08;650;89;27.0;28.3;2.241;1.616;1.003;1.861;0.222;1.512;651
B31558;2015/02/11 16:21:18;651;88;30.9;27.9;2.170;1.616;1.070;1.861;0.222;1.500;652
B31558;2015/02/11 16:21:28;652;93;25.8;28.1;2.341;1.599;1.070;1.861;0.338;1.496;653
B31558;2015/02/11 16:21:38;653;82;25.1;27.4;2.248;1.599;1.064;1.861;0.338;1.525;654
B31558;2015/02/11 16:21:48;654;93;27.4;27.9;2.422;1.619;1.064;1.867;0.338;1.525;655
B31558;2015/02/11 16:21:58;655;84;27.7;27.7;2.432;1.619;1.003;1.867;0.338;1.519;656
B31558;2015/02/11 16:22:08;656;74;26.1;28.1;2.164;1.570;1.003;1.867;0.219;1.503;657
B31558;2015/02/11 16:22:18;657;83;34.5;27.7;2.154;1.570;1.067;1.867;0.219;1.519;658
B31558;2015/02/11 16:22:28;658;96;27.7;28.1;2.425;1.564;1.067;1.909;0.219;1.483;659
B31558;2015/02/11 16:22:38;659;95;34.5;28.3;2.412;1.564;1.019;1.909;0.219;1.509;660
B31558;2015/02/11 16:22:48;660;87;25.4;28.4;2.377;1.564;1.019;1.909;0.258;1.525;661
B31558;2015/02/11 16:22:58;661;89;27.0;27.7;2.432;1.564;1.019;1.909;0.258;1.480;662
B31558;2015/02/11 16:23:08;662;93;26.4;28.1;2.409;1.561;1.019;1.890;0.258;1.529;663
B31558;2015/02/11 16:23:18;663;95;29.3;27.9;2.429;1.561;1.006;1.890;0.258;1.480;664
B31558;2015/02/11 16:23:28;664;89;29.0;27.9;2.241;1.558;1.006;1.890;0.261;1.532;665
B31558;2015/02/11 16:23:38;665;83;27.4;28.8;2.258;1.558;1.012;1.890;0.261;1.538;666
B31558;2015/02/11 16:23:48;666;82;24.8;28.4;2.209;1.599;1.012;1.896;0.261;1.551;667
B31558;2015/02/11 16:23:58;667;85;26.4;28.4;2.187;1.599;0.996;1.896;0.261;1.545;668
B31558;2015/02/11 16:24:08;668;87;29.3;28.3;2.432;1.558;0.996;1.896;0.258;1.512;669
B31558;2015/02/11 16:24:18;669;88;31.6;28.3;2.216;1.558;1.006;1.896;0.258;1.500;670
B31558;2015/02/11 16:24:28;670;93;27.4;28.4;2.161;1.554;1.006;1.854;0.258;1.516;671
B31558;2015/02/11 16:24:38;671;93;30.3;28.1;2.203;1.554;1.000;1.854;0.258;1.541;672
B31558;2015/02/11 16:24:48;672;78;34.5;28.4;2.325;1.570;1.000;1.854;0.199;1.496;673
B31558;2015/02/11 16:24:58;673;83;27.7;28.1;2.364;1.570;1.067;1.854;0.199;1.490;674
B31558;2015/02/11 16:25:08;674;79;25.4;28.3;2.387;1.570;1.067;1.864;0.199;1.496;675
B31558;2015/02/11 16:25:18;675;84;23.2;28.1;2.435;1.570;1.067;1.864;0.199;1.522;676
B31558;2015/02/11 16:25:28;676;92;27.7;28.1;2.190;1.570;1.067;1.864;0.293;1.483;677
B31558;2015/02/11 16:25:38;677;83;26.1;27.7;2.341;1.570;0.996;1.864;0.293;1.474;678
B31558;2015/02/11 16:25:48;678;88;30.0;28.1;2.309;1.580;0.996;1.874;0.293;1.493;679
B31558;2015/02/11 16:25:58;679;78;24.8;27.7;2.370;1.580;1.064;1.874;0.293;1.500;680
B31558;2015/02/11 16:26:08;680;76;33.2;28.4;2.345;1.564;1.064;1.874;0.212;1.509;681
B31558;2015/02/11 16:26:18;681;86;30.6;28.3;2.187;1.564;1.064;1.874;0.212;1.529;682
B31558;2015/02/11 16:26:28;682;87;25.8;28.1;2.409;1.564;1.064;1.877;0.212;1.500;683
B31558;2015/02/11 16:26:38;683;74;28.3;28.4;2.183;1.564;1.041;1.877;0.212;1.525;684
B31558;2015/02/11 16:26:48;684;94;24.1;28.1;2.312;1.558;1.041;1.877;0.258;1.509;685
B31558;2015/02/11 16:26:58;685;82;34.5;27.7;2.445;1.558;1.009;1.877;0.258;1.483;686
B31558;2015/02/11 16:27:08;686;83;25.4;28.3;2.383;1.570;1.009;1.835;0.258;1.519;687
B31558;2015/02/11 16:27:18;687;84;32.5;27.7;2.177;1.570;1.003;1.835;0.258;1.493;688
B31558;2015/02/11 16:27:28;688;94;25.1;27.9;2.370;1.545;1.003;1.835;0.199;1.483;689
B31558;2015/02/11 16:27:38;689;86;32.5;27.4;2.383;1.545;1.006;1.835;0.199;1.506;690
B31558;2015/02/11 16:27:48;690;83;30.6;28.1;2.161;1.567;1.006;1.883;0.199;1.493;691
B31558;2015/02/11 16:27:58;691;88;30.3;28.1;2.438;1.567;1.064;1.883;0.199;1.545;692
B31558;2015/02/11 16:28:08;692;89;25.8;27.9;2.270;1.567;1.064;1.883;0.219;1.490;693
B31558;2015/02/11 16:28:18;693;84;23.8;27.6;2.435;1.567;1.003;1.883;0.219;1.493;694
B31558;2015/02/11 16:28:28;694;94;24.8;28.1;2.432;1.541;1.003;1.858;0.219;1.496;695
B31558;2015/02/11 16:28:38;695;87;28.3;27.9;2.380;1.541;1.006;1.858;0.219;1.490;696
B31558;2015/02/11 16:28:48;696;86;28.7;27.6;2.187;1.535;1.006;1.858;0.293;1.529;697
B31558;2015/02/11 16:28:58;697;89;30.9;28.3;2.183;1.535;0.996;1.858;0.293;1.516;698
B31558;2015/02/11 16:29:08;698;81;24.5;28.4;2.180;1.558;0.996;1.887;0.293;1.516;699
B31558;2015/02/11 16:29:18;699;86;31.2;28.1;2.180;1.558;1.064;1.887;0.293;1.532;700
B31558;2015/02/11 16:29:28;700;97;33.5;27.9;2.345;1.545;1.064;1.887;0.261;1.525;701
B31558;2015/02/11 16:29:38;701;86;30.3;27.7;2.177;1.545;1.006;1.887;0.261;1.487;702
B31558;2015/02/11 16:29:48;702;86;27.0;27.9;2.158;1.564;1.006;1.864;0.261;1.493;703
B31558;2015/02/11 16:29:58;703;93;33.2;28.3;2.167;1.564;1.006;1.864;0.261;1.493;704
B31558;2015/02/11 16:30:08;704;78;31.6;27.7;2.183;1.554;1.006;1.864;0.203;1.493;705
B31558;2015/02/11 16:30:18;705;88;26.7;28.3;2.261;1.554;1.012;1.864;0.203;1.490;706
B31558;2015/02/11 16:30:28;706;93;33.8;27.9;2.351;1.551;1.012;1.867;0.203;1.496;707
B31558;2015/02/11 16:30:38;707;82;30.6;28.1;2.190;1.551;0.996;1.867;0.203;1.538;708
B31558;2015/02/11 16:30:48;708;89;33.2;27.4;2.403;1.554;0.996;1.867;0.229;1.532;709
B31558;2015/02/11 16:30:58;709;85;29.0;28.1;2.232;1.554;1.003;1.867;0.229;1.506;710
B31558;2015/02/11 16:31:08;710;84;24.1;27.9;2.438;1.541;1.003;1.870;0.229;1.535;711
B31558;2015/02/11 16:31:18;711;85;30.6;28.1;2.167;1.541;0.996;1.870;0.229;1.532;712
B31558;2015/02/11 16:31:28;712;91;29.3;28.4;2.429;1.535;0.996;1.870;0.219;1.500;713
B31558;2015/02/11 16:31:38;713;88;31.9;27.9;2.170;1.535;1.012;1.870;0.219;1.541;714
B31558;2015/02/11 16:31:48;714;83;32.5;27.9;2.345;1.583;1.012;1.854;0.219;1.551;715
B31558;2015/02/11 16:31:58;715;88;24.8;28.3;2.319;1.583;1.006;1.854;0.219;1.493;716
B31558;2015/02/11 16:32:08;716;82;33.2;28.4;2.222;1.570;1.006;1.854;0.241;1.519;717
B31558;2015/02/11 16:32:18;717;89;30.0;28.1;2.303;1.570;0.996;1.854;0.241;1.500;718
B31558;2015/02/11 16:32:28;718;82;28.0;27.7;2.199;1.564;0.996;1.880;0.241;1.500;719
B31558;2015/02/11 16:32:38;719;85;28.3;27.6;2.232;1.564;1.000;1.880;0.241;1.503;720
B31558;2015/02/11 16:32:48;720;84;28.3;28.1;2.161;1.554;1.000;1.880;0.290;1.500;721
B31558;2015/02/11 16:32:58;721;86;28.7;27.6;2.438;1.554;1.067;1.880;0.290;1.541;722
B31558;2015/02/11 16:33:08;722;95;26.1;27.9;2.364;1.551;1.067;1.896;0.290;1.519;723
B31558;2015/02/11 16:33:18;723;90;28.3;27.9;2.174;1.551;1.003;1.896;0.290;1.561;724
B31558;2015/02/11 16:33:28;724;82;31.9;27.2;2.170;1.545;1.003;1.896;0.206;1.587;725
B31558;2015/02/11 16:33:38;725;89;26.1;27.6;2.183;1.545;1.006;1.896;0.206;1.522;726
B31558;2015/02/11 16:33:48;726;94;27.0;27.7;2.209;1.535;1.006;1.870;0.206;1.567;727
B31558;2015/02/11 16:33:58;727;81;25.4;27.0;2.419;1.535;1.061;1.870;0.206;1.554;728
B31558;2015/02/11 16:34:08;728;76;29.0;28.3;2.161;1.577;1.061;1.870;0.212;1.529;729
B31558;2015/02/11 16:34:18;729;93;30.3;27.6;2.212;1.577;1.067;1.870;0.212;1.529;730
B31558;2015/02/11 16:34:28;730;93;28.3;27.7;2.216;1.548;1.067;1.870;0.212;1.587;731
B31558;2015/02/11 16:34:38;731;85;25.4;27.6;2.387;1.548;1.067;1.870;0.212;1.564;732
B31558;2015/02/11 16:34:48;732;93;33.2;28.1;2.403;1.574;1.067;1.870;0.351;1.570;733
B31558;2015/02/11 16:34:58;733;88;23.8;27.9;2.348;1.574;1.006;1.870;0.351;1.561;734
B31558;2015/02/11 16:35:08;734;83;33.8;27.9;2.370;1.574;1.006;1.864;0.351;1.554;735
B31558;2015/02/11 16:35:18;735;89;31.6;27.6;2.351;1.574;1.019;1.864;0.351;1.554;736
B31558;2015/02/11 16:35:28;736;86;35.8;27.7;2.432;1.590;1.019;1.864;0.248;1.580;737
B31558;2015/02/11 16:35:38;737;86;30.3;27.6;2.429;1.590;1.003;1.864;0.248;1.551;738
B31558;2015/02/11 16:35:48;738;93;26.4;27.9;2.248;1.535;1.003;1.874;0.248;1.593;739
B31558;2015/02/11 16:35:58;739;92;30.9;27.9;2.193;1.535;1.000;1.874;0.248;1.558;740
B31558;2015/02/11 16:36:08;740;79;30.6;28.3;2.190;1.541;1.000;1.874;0.212;1.545;741
B31558;2015/02/11 16:36:18;741;78;25.1;27.4;2.412;1.541;1.025;1.874;0.212;1.545;742
B31558;2015/02/11 16:36:28;742;82;33.5;28.3;2.187;1.541;1.025;1.909;0.212;1.548;743
B31558;2015/02/11 16:36:38;743;88;25.8;27.7;2.438;1.541;1.061;1.909;0.212;1.535;744
B31558;2015/02/11 16:36:48;744;78;34.8;28.1;2.435;1.590;1.061;1.909;0.290;1.587;745
B31558;2015/02/11 16:36:58;745;80;23.8;27.9;2.441;1.590;1.041;1.909;0.290;1.554;746
B31558;2015/02/11 16:37:08;746;92;30.6;28.3;2.190;1.545;1.041;1.887;0.290;1.532;747
B31558;2015/02/11 16:37:18;747;84;27.0;27.9;2.309;1.545;1.064;1.887;0.290;1.583;748
B31558;2015/02/11 16:37:28;748;91;33.8;27.4;2.390;1.545;1.064;1.887;0.199;1.590;749
B31558;2015/02/11 16:37:38;749;88;24.8;26.9;2.429;1.545;1.061;1.887;0.199;1.596;750
B31558;2015/02/11 16:37:48;750;89;24.8;27.9;2.299;1.558;1.061;1.906;0.199;1.548;751
B31558;2015/02/11 16:37:58;751;87;32.2;27.4;2.177;1.558;1.006;1.906;0.199;1.590;752
B31558;2015/02/11 16:38:08;752;93;29.6;27.9;2.435;1.558;1.006;1.906;0.212;1.554;753
B31558;2015/02/11 16:38:18;753;89;23.5;27.4;2.222;1.558;1.058;1.906;0.212;1.587;754
B31558;2015/02/11 16:38:28;754;93;31.9;27.0;2.409;1.545;1.058;1.932;0.212;1.551;755
B31558;2015/02/11 16:38:38;755;82;29.6;27.2;2.203;1.545;1.012;1.932;0.212;1.558;756
B31558;2015/02/11 16:38:48;756;78;34.5;27.4;2.429;1.554;1.012;1.932;0.206;1.616;757
B31558;2015/02/11 16:38:58;757;77;34.5;27.6;2.432;1.554;1.016;1.932;0.206;1.548;758
B31558;2015/02/11 16:39:08;758;91;33.5;27.6;2.406;1.570;1.016;1.929;0.206;1.561;759
B31558;2015/02/11 16:39:18;759;86;25.1;27.0;2.287;1.570;1.067;1.929;0.206;1.567;760
B31558;2015/02/11 16:39:28;760;95;30.3;27.4;2.429;1.538;1.067;1.929;0.206;1.570;761
B31558;2015/02/11 16:39:38;761;84;26.1;27.0;2.325;1.538;1.003;1.929;0.206;1.548;762
B31558;2015/02/11 16:39:48;762;92;31.9;27.6;2.167;1.574;1.003;1.906;0.206;1.593;763
B31558;2015/02/11 16:39:58;763;83;29.3;27.4;2.441;1.574;1.041;1.906;0.206;1.554;764
B31558;2015/02/11 16:40:08;764;86;29.3;27.6;2.438;1.545;1.041;1.906;0.212;1.587;765
B31558;2015/02/11 16:40:18;765;83;25.4;27.6;2.445;1.545;1.006;1.906;0.212;1.538;766
B31558;2015/02/11 16:40:28;766;92;25.4;27.6;2.387;1.558;1.006;1.909;0.212;1.551;767
B31558;2015/02/11 16:40:38;767;79;28.3;27.7;2.180;1.558;1.067;1.909;0.212;1.593;768
B31558;2015/02/11 16:40:48;768;85;33.2;27.4;2.409;1.541;1.067;1.909;0.212;1.593;769
B31558;2015/02/11 16:40:58;769;81;25.4;27.4;2.322;1.541;1.067;1.909;0.212;1.545;770
B31558;2015/02/11 16:41:08;770;97;34.8;28.1;2.399;1.583;1.067;1.887;0.212;1.574;771
B31558;2015/02/11 16:41:18;771;88;33.5;27.0;2.241;1.583;1.019;1.887;0.212;1.593;772
B31558;2015/02/11 16:41:28;772;86;27.4;27.9;2.438;1.577;1.019;1.887;0.274;1.558;773
B31558;2015/02/11 16:41:38;773;87;26.7;27.2;2.438;1.577;1.003;1.887;0.274;1.570;774
B31558;2015/02/11 16:41:48;774;92;31.9;27.7;2.196;1.554;1.003;1.929;0.274;1.564;775
B31558;2015/02/11 16:41:58;775;84;33.2;27.6;2.254;1.554;1.054;1.929;0.274;1.554;776
B31558;2015/02/11 16:42:08;776;78;33.8;27.9;2.354;1.541;1.054;1.929;0.216;1.580;777
B31558;2015/02/11 16:42:18;777;79;31.9;27.6;2.180;1.541;1.025;1.929;0.216;1.567;778
B31558;2015/02/11 16:42:28;778;90;35.1;27.9;2.416;1.541;1.025;1.938;0.216;1.564;779
B31558;2015/02/11 16:42:38;779;80;33.2;27.9;2.177;1.541;1.012;1.938;0.216;1.570;780
B31558;2015/02/11 16:42:48;780;91;30.9;27.0;2.190;1.541;1.012;1.938;0.216;1.599;781
B31558;2015/02/11 16:42:58;781;84;34.8;27.4;2.409;1.541;1.048;1.938;0.216;1.580;782
B31558;2015/02/11 16:43:08;782;90;26.4;27.9;2.354;1.580;1.048;1.903;0.216;1.561;783
B31558;2015/02/11 16:43:18;783;94;24.1;27.2;2.338;1.580;1.006;1.903;0.216;1.567;784
B31558;2015/02/11 16:43:28;784;84;28.3;27.6;2.196;1.590;1.006;1.903;0.229;1.551;785
B31558;2015/02/11 16:43:38;785;83;30.6;27.6;2.438;1.590;1.029;1.903;0.229;1.545;786
B31558;2015/02/11 16:43:48;786;93;35.1;27.6;2.161;1.580;1.029;1.893;0.229;1.583;787
B31558;2015/02/11 16:43:58;787;96;29.3;28.1;2.222;1.580;1.003;1.893;0.229;1.570;788
B31558;2015/02/11 16:44:08;788;97;34.5;27.9;2.403;1.541;1.003;1.893;0.209;1.606;789
B31558;2015/02/11 16:44:18;789;94;33.2;27.9;2.222;1.541;1.003;1.893;0.209;1.609;790
B31558;2015/02/11 16:44:28;790;83;30.9;27.7;2.193;1.564;1.003;1.900;0.209;1.551;791
B31558;2015/02/11 16:44:38;791;84;34.5;27.6;2.177;1.564;1.070;1.900;0.209;1.574;792
B31558;2015/02/11 16:44:48;792;96;34.8;27.9;2.403;1.567;1.070;1.900;0.241;1.564;793
B31558;2015/02/11 16:44:58;793;86;34.5;27.6;2.445;1.567;1.032;1.900;0.241;1.545;794
B31558;2015/02/11 16:45:08;794;93;30.6;27.7;2.419;1.541;1.032;1.893;0.241;1.567;795
B31558;2015/02/11 16:45:18;795;81;30.9;27.6;2.299;1.541;1.006;1.893;0.241;1.567;796
B31558;2015/02/11 16:45:28;796;79;23.8;27.9;2.416;1.554;1.006;1.893;0.206;1.609;797
B31558;2015/02/11 16:45:38;797;78;29.6;27.4;2.187;1.554;1.006;1.893;0.206;1.558;798
B31558;2015/02/11 16:45:48;798;75;28.7;27.7;2.167;1.545;1.006;1.900;0.206;1.593;799
B31558;2015/02/11 16:45:58;799;88;25.4;27.0;2.348;1.545;1.025;1.900;0.206;1.590;800
B31558;2015/02/11 16:46:08;800;94;35.1;28.1;2.167;1.593;1.025;1.900;0.348;1.567;801
B31558;2015/02/11 16:46:18;801;90;32.5;27.0;2.387;1.593;1.025;1.900;0.348;1.583;802
B31558;2015/02/11 16:46:28;802;88;34.8;28.1;2.170;1.545;1.025;1.938;0.348;1.590;803
B31558;2015/02/11 16:46:38;803;86;32.5;27.9;2.354;1.545;1.035;1.938;0.348;1.564;804
B31558;2015/02/11 16:46:48;804;74;30.6;27.4;2.387;1.577;1.035;1.938;0.261;1.580;805
B31558;2015/02/11 16:46:58;805;83;32.2;27.7;2.364;1.577;1.058;1.938;0.261;1.596;806
B31558;2015/02/11 16:47:08;806;81;25.1;27.7;2.293;1.551;1.058;1.938;0.261;1.551;807
B31558;2015/02/11 16:47:18;807;91;33.5;27.6;2.445;1.551;1.025;1.938;0.261;1.538;808
B31558;2015/02/11 16:47:28;808;83;33.2;27.4;2.212;1.554;1.025;1.938;0.219;1.599;809
B31558;2015/02/11 16:47:38;809;90;28.3;27.4;2.180;1.554;1.025;1.938;0.219;1.577;810
B31558;2015/02/11 16:47:48;810;85;31.9;27.0;2.438;1.545;1.025;1.903;0.219;1.599;811
B31558;2015/02/11 16:47:58;811;88;35.8;27.6;2.448;1.545;1.051;1.903;0.219;1.590;812
B31558;2015/02/11 16:48:08;812;91;26.1;27.6;2.416;1.587;1.051;1.903;0.229;1.580;813
B31558;2015/02/11 16:48:18;813;80;30.9;27.9;2.196;1.587;1.009;1.903;0.229;1.603;814
B31558;2015/02/11 16:48:28;814;78;30.0;27.6;2.280;1.558;1.009;1.941;0.229;1.561;815
B31558;2015/02/11 16:48:38;815;90;24.8;27.0;2.235;1.558;1.006;1.941;0.229;1.541;816
B31558;2015/02/11 16:48:48;816;92;33.8;27.9;2.364;1.548;1.006;1.941;0.206;1.554;817
B31558;2015/02/11 16:48:58;817;91;31.2;27.6;2.209;1.548;1.006;1.941;0.206;1.574;818
B31558;2015/02/11 16:49:08;818;84;27.4;28.1;2.361;1.561;1.006;1.932;0.206;1.535;819
B31558;2015/02/11 16:49:18;819;81;30.3;27.9;2.167;1.561;1.032;1.932;0.206;1.567;820
B31558;2015/02/11 16:49:28;820;93;26.1;27.9;2.358;1.593;1.032;1.932;0.219;1.551;821
B31558;2015/02/11 16:49:38;821;93;34.8;27.6;2.193;1.593;1.032;1.932;0.219;1.545;822
B31558;2015/02/11 16:49:48;822;83;27.4;27.6;2.174;1.561;1.032;1.935;0.219;1.535;823
B31558;2015/02/11 16:49:58;823;85;34.8;27.4;2.377;1.561;1.006;1.935;0.219;1.587;824
B31558;2015/02/11 16:50:08;824;87;26.1;27.6;2.370;1.567;1.006;1.935;0.219;1.593;825
B31558;2015/02/11 16:50:18;825;88;30.3;27.9;2.196;1.567;1.029;1.935;0.219;1.548;826
B31558;2015/02/11 16:50:28;826;88;32.9;28.1;2.419;1.596;1.029;1.903;0.219;1.583;827
B31558;2015/02/11 16:50:38;827;83;31.9;28.1;2.235;1.596;1.041;1.903;0.219;1.564;828
B31558;2015/02/11 16:50:48;828;79;33.2;28.1;2.177;1.567;1.041;1.903;0.274;1.564;829
B31558;2015/02/11 16:50:58;829;86;27.0;27.0;2.325;1.567;1.009;1.903;0.274;1.538;830
B31558;2015/02/11 16:51:08;830;82;30.6;28.1;2.432;1.551;1.009;1.938;0.274;1.564;831
B31558;2015/02/11 16:51:18;831;85;31.9;27.6;2.183;1.551;1.048;1.938;0.274;1.535;832
B31558;2015/02/11 16:51:28;832;93;26.1;28.1;2.406;1.567;1.048;1.938;0.209;1.596;833
B31558;2015/02/11 16:51:38;833;88;25.1;27.6;2.432;1.567;1.006;1.938;0.209;1.551;834
B31558;2015/02/11 16:51:48;834;85;32.5;28.4;2.348;1.590;1.006;1.954;0.209;1.570;835
B31558;2015/02/11 16:51:58;835;86;25.1;27.6;2.403;1.590;1.061;1.954;0.209;1.593;836
B31558;2015/02/11 16:52:08;836;92;24.8;27.9;2.370;1.580;1.061;1.954;0.348;1.564;837
B31558;2015/02/11 16:52:18;837;79;30.3;28.1;2.329;1.580;1.006;1.954;0.348;1.583;838
B31558;2015/02/11 16:52:28;838;78;29.6;27.9;2.425;1.580;1.006;1.916;0.348;1.564;839
B31558;2015/02/11 16:52:38;839;84;28.3;28.1;2.374;1.580;1.006;1.916;0.348;1.525;840
B31558;2015/02/11 16:52:48;840;94;29.3;28.1;2.196;1.564;1.006;1.916;0.206;1.551;841
B31558;2015/02/11 16:52:58;841;82;23.5;27.7;2.245;1.564;1.006;1.916;0.206;1.545;842
B31558;2015/02/11 16:53:08;842;83;26.1;27.9;2.170;1.580;1.006;1.961;0.206;1.567;843
B31558;2015/02/11 16:53:18;843;84;30.3;27.9;2.370;1.580;1.006;1.961;0.206;1.522;844
B31558;2015/02/11 16:53:28;844;91;28.7;28.3;2.438;1.567;1.006;1.961;0.225;1.535;845
B31558;2015/02/11 16:53:38;845;96;34.8;27.6;2.445;1.567;1.029;1.961;0.225;1.577;846
B31558;2015/02/11 16:53:48;846;83;35.8;28.1;2.438;1.551;1.029;1.916;0.225;1.545;847
B31558;2015/02/11 16:53:58;847;84;30.0;28.3;2.319;1.551;1.006;1.916;0.225;1.538;848
B31558;2015/02/11 16:54:08;848;85;32.5;28.1;2.432;1.599;1.006;1.916;0.248;1.564;849
B31558;2015/02/11 16:54:18;849;80;23.5;28.1;2.345;1.599;1.009;1.916;0.248;1.548;850
B31558;2015/02/11 16:54:28;850;86;29.6;27.6;2.203;1.567;1.009;1.909;0.248;1.516;851
B31558;2015/02/11 16:54:38;851;91;26.1;27.0;2.325;1.567;1.006;1.909;0.248;1.519;852
B31558;2015/02/11 16:54:48;852;87;29.6;28.4;2.370;1.551;1.006;1.909;0.319;1.564;853
B31558;2015/02/11 16:54:58;853;84;29.0;28.3;2.345;1.551;1.009;1.909;0.319;1.509;854
B31558;2015/02/11 16:55:08;854;86;33.8;28.1;2.167;1.570;1.009;1.906;0.319;1.525;855
B31558;2015/02/11 16:55:18;855;85;33.8;27.4;2.412;1.570;1.070;1.906;0.319;1.548;856
B31558;2015/02/11 16:55:28;856;79;34.1;28.3;2.416;1.599;1.070;1.906;0.219;1.545;857
B31558;2015/02/11 16:55:38;857;92;24.5;27.9;2.361;1.599;1.067;1.906;0.219;1.570;858
B31558;2015/02/11 16:55:48;858;93;33.8;27.9;2.364;1.596;1.067;1.951;0.219;1.570;859
B31558;2015/02/11 16:55:58;859;88;26.1;27.2;2.293;1.596;1.045;1.951;0.219;1.541;860
B31558;2015/02/11 16:56:08;860;88;31.6;27.9;2.354;1.583;1.045;1.951;0.212;1.538;861
B31558;2015/02/11 16:56:18;861;88;31.6;27.9;2.409;1.583;1.006;1.951;0.212;1.512;862
B31558;2015/02/11 16:56:28;862;86;27.4;28.3;2.161;1.558;1.006;1.948;0.212;1.500;863
B31558;2015/02/11 16:56:38;863;87;31.2;28.3;2.190;1.558;1.006;1.948;0.212;1.506;864
B31558;2015/02/11 16:56:48;864;87;26.1;28.4;2.254;1.551;1.006;1.948;0.219;1.538;865
B31558;2015/02/11 16:56:58;865;86;30.6;28.3;2.354;1.551;1.006;1.948;0.219;1.509;866
B31558;2015/02/11 16:57:08;866;79;23.5;28.3;2.190;1.599;1.006;1.896;0.219;1.541;867
B31558;2015/02/11 16:57:18;867;94;30.3;28.1;2.267;1.599;1.009;1.896;0.219;1.548;868
B31558;2015/02/11 16:57:28;868;84;30.0;28.4;2.338;1.570;1.009;1.896;0.203;1.496;869
B31558;2015/02/11 16:57:38;869;87;26.1;28.1;2.387;1.570;1.025;1.896;0.203;1.516;870
B31558;2015/02/11 16:57:48;870;84;33.8;28.3;2.445;1.554;1.025;1.945;0.203;1.548;871
B31558;2015/02/11 16:57:58;871;93;30.0;28.4;2.406;1.554;1.006;1.945;0.203;1.535;872
B31558;2015/02/11 16:58:08;872;98;27.0;27.9;2.387;1.570;1.006;1.945;0.203;1.519;873
B31558;2015/02/11 16:58:18;873;81;26.1;28.4;2.196;1.570;1.025;1.945;0.203;1.522;874
B31558;2015/02/11 16:58:28;874;84;33.8;28.6;2.358;1.603;1.025;1.900;0.203;1.545;875
B31558;2015/02/11 16:58:38;875;80;33.2;28.3;2.445;1.603;1.006;1.900;0.203;1.519;876
B31558;2015/02/11 16:58:48;876;95;27.7;28.1;2.206;1.551;1.006;1.900;0.206;1.561;877
B31558;2015/02/11 16:58:58;877;95;32.2;28.4;2.167;1.551;1.009;1.900;0.206;1.522;878
B31558;2015/02/11 16:59:08;878;92;33.2;29.1;2.196;1.590;1.009;1.919;0.206;1.538;879
B31558;2015/02/11 16:59:18;879;92;24.1;27.6;2.383;1.590;1.012;1.919;0.206;1.529;880
B31558;2015/02/11 16:59:28;880;91;32.2;28.3;2.170;1.574;1.012;1.919;0.287;1.516;881
B31558;2015/02/11 16:59:38;881;89;24.5;27.6;2.377;1.574;1.009;1.919;0.287;1.545;882
B31558;2015/02/11 16:59:48;882;90;23.8;28.1;2.193;1.574;1.009;1.958;0.287;1.519;883
B31558;2015/02/11 16:59:58;883;83;32.9;27.9;2.212;1.574;1.009;1.958;0.287;1.522;884
B31558;2015/02/11 17:00:08;884;93;33.5;28.4;2.216;1.554;1.009;1.958;0.206;1.525;885
B31558;2015/02/11 17:00:18;885;93;34.5;27.7;2.174;1.554;1.019;1.958;0.206;1.519;886
B31558;2015/02/11 17:00:28;886;89;30.3;27.6;2.187;1.577;1.019;1.954;0.206;1.551;887
B31558;2015/02/11 17:00:38;887;85;25.1;28.4;2.338;1.577;1.022;1.954;0.206;1.490;888
B31558;2015/02/11 17:00:48;888;82;29.3;28.4;2.358;1.554;1.022;1.954;0.235;1.561;889
B31558;2015/02/11 17:00:58;889;80;33.2;27.9;2.180;1.554;1.067;1.954;0.235;1.538;890
B31558;2015/02/11 17:01:08;890;88;33.2;28.1;2.441;1.554;1.067;1.958;0.235;1.512;891
B31558;2015/02/11 17:01:18;891;81;30.3;28.1;2.367;1.554;1.019;1.958;0.235;1.545;892
B31558;2015/02/11 17:01:28;892;90;24.8;28.4;2.245;1.554;1.019;1.958;0.203;1.522;893
B31558;2015/02/11 17:01:38;893;88;30.0;27.7;2.399;1.554;1.035;1.958;0.203;1.577;894
B31558;2015/02/11 17:01:48;894;81;24.5;27.9;2.425;1.554;1.035;1.919;0.203;1.561;895
B31558;2015/02/11 17:01:58;895;87;27.7;27.7;2.445;1.554;1.051;1.919;0.203;1.525;896
B31558;2015/02/11 17:02:08;896;95;26.4;28.1;2.280;1.558;1.051;1.919;0.216;1.535;897
B31558;2015/02/11 17:02:18;897;88;34.1;28.1;2.419;1.558;1.074;1.919;0.216;1.503;898
B31558;2015/02/11 17:02:28;898;90;32.9;27.9;2.332;1.593;1.074;1.912;0.216;1.554;899
B31558;2015/02/11 17:02:38;899;85;30.9;28.1;2.232;1.593;1.009;1.912;0.216;1.503;900
B31558;2015/02/11 17:02:48;900;93;26.4;28.3;2.409;1.574;1.009;1.912;0.216;1.551;901
B31558;2015/02/11 17:02:58;901;83;31.9;28.1;2.174;1.574;1.025;1.912;0.216;1.529;902
B31558;2015/02/11 17:03:08;902;93;25.4;27.9;2.261;1.561;1.025;1.935;0.216;1.500;903
B31558;2015/02/11 17:03:18;903;84;29.0;28.1;2.351;1.561;1.009;1.935;0.216;1.512;904
B31558;2015/02/11 17:03:28;904;83;27.0;28.1;2.270;1.587;1.009;1.935;0.212;1.493;905
B31558;2015/02/11 17:03:38;905;77;27.0;28.3;2.280;1.587;1.009;1.935;0.212;1.519;906
B31558;2015/02/11 17:03:48;906;89;27.0;28.4;2.435;1.599;1.009;1.906;0.212;1.525;907
B31558;2015/02/11 17:03:58;907;96;29.6;28.4;2.448;1.599;1.035;1.906;0.212;1.529;908
B31558;2015/02/11 17:04:08;908;85;32.2;28.1;2.167;1.587;1.035;1.906;0.241;1.503;909
B31558;2015/02/11 17:04:18;909;89;32.5;28.3;2.445;1.587;1.074;1.906;0.241;1.496;910
B31558;2015/02/11 17:04:28;910;91;27.0;28.1;2.438;1.590;1.074;1.916;0.241;1.538;911
B31558;2015/02/11 17:04:38;911;82;24.8;28.3;2.390;1.590;1.025;1.916;0.241;1.506;912
B31558;2015/02/11 17:04:48;912;93;28.7;28.3;2.441;1.574;1.025;1.916;0.206;1.487;913
B31558;2015/02/11 17:04:58;913;88;25.4;28.8;2.322;1.574;1.074;1.916;0.206;1.487;914
B31558;2015/02/11 17:05:08;914;92;25.1;28.3;2.409;1.574;1.074;1.945;0.206;1.467;915
B31558;2015/02/11 17:05:18;915;83;27.0;28.4;2.196;1.574;1.016;1.945;0.206;1.500;916
B31558;2015/02/11 17:05:28;916;92;30.6;27.7;2.167;1.554;1.016;1.945;0.216;1.506;917
B31558;2015/02/11 17:05:38;917;90;24.1;27.9;2.383;1.554;1.009;1.945;0.216;1.490;918
B31558;2015/02/11 17:05:48;918;98;33.2;28.4;2.393;1.561;1.009;1.967;0.216;1.467;919
B31558;2015/02/11 17:05:58;919;80;23.8;28.3;2.358;1.561;1.025;1.967;0.216;1.512;920
B31558;2015/02/11 17:06:08;920;87;24.8;28.6;2.416;1.577;1.025;1.967;0.293;1.512;921
B31558;2015/02/11 17:06:18;921;91;29.6;28.3;2.445;1.577;1.016;1.967;0.293;1.470;922
B31558;2015/02/11 17:06:28;922;97;26.4;28.6;2.361;1.551;1.016;1.961;0.293;1.522;923
B31558;2015/02/11 17:06:38;923;88;30.9;28.4;2.441;1.551;1.012;1.961;0.293;1.506;924
B31558;2015/02/11 17:06:48;924;93;34.5;28.8;2.416;1.551;1.012;1.961;0.199;1.496;925
B31558;2015/02/11 17:06:58;925;85;26.1;28.1;2.445;1.551;1.041;1.961;0.199;1.516;926
B31558;2015/02/11 17:07:08;926;92;29.0;28.8;2.167;1.574;1.041;1.945;0.199;1.509;927
B31558;2015/02/11 17:07:18;927;85;30.0;28.6;2.319;1.574;1.012;1.945;0.199;1.483;928
B31558;2015/02/11 17:07:28;928;91;29.6;28.8;2.180;1.570;1.012;1.945;0.219;1.532;929
B31558;2015/02/11 17:07:38;929;86;33.2;28.1;2.396;1.570;1.077;1.945;0.219;1.506;930
B31558;2015/02/11 17:07:48;930;90;24.5;28.3;2.425;1.545;1.077;1.906;0.219;1.519;931
B31558;2015/02/11 17:07:58;931;80;29.6;28.1;2.212;1.545;1.006;1.906;0.219;1.487;932
B31558;2015/02/11 17:08:08;932;91;25.1;28.4;2.348;1.567;1.006;1.906;0.199;1.474;933
B31558;2015/02/11 17:08:18;933;88;31.9;28.8;2.325;1.567;1.009;1.906;0.199;1.506;934
B31558;2015/02/11 17:08:28;934;81;29.6;28.3;2.435;1.548;1.009;1.932;0.199;1.532;935
B31558;2015/02/11 17:08:38;935;78;30.9;28.4;2.370;1.548;1.006;1.932;0.199;1.487;936
B31558;2015/02/11 17:08:48;936;97;28.3;28.1;2.329;1.558;1.006;1.932;0.206;1.529;937
B31558;2015/02/11 17:08:58;937;86;25.8;28.1;2.416;1.558;1.074;1.932;0.206;1.490;938
B31558;2015/02/11 17:09:08;938;88;27.7;28.4;2.174;1.587;1.074;1.945;0.206;1.551;939
B31558;2015/02/11 17:09:18;939;87;24.8;28.9;2.332;1.587;1.012;1.945;0.206;1.496;940
B31558;2015/02/11 17:09:28;940;88;30.9;28.3;2.348;1.570;1.012;1.945;0.248;1.467;941
B31558;2015/02/11 17:09:38;941;94;25.4;28.4;2.345;1.570;1.045;1.945;0.248;1.483;942
B31558;2015/02/11 17:09:48;942;83;32.9;28.4;2.409;1.570;1.045;1.893;0.248;1.454;943
B31558;2015/02/11 17:09:58;943;85;28.7;28.3;2.438;1.570;1.054;1.893;0.248;1.496;944
B31558;2015/02/11 17:10:08;944;98;29.3;28.3;2.312;1.632;1.054;1.893;0.222;1.490;945
B31558;2015/02/11 17:10:18;945;92;30.9;28.4;2.225;1.632;1.164;1.893;0.222;1.493;946
B31558;2015/02/11 17:10:28;946;91;23.2;28.4;2.283;1.603;1.164;1.954;0.222;1.464;947
B31558;2015/02/11 17:10:38;947;90;27.4;28.4;2.438;1.603;1.167;1.954;0.222;1.490;948
B31558;2015/02/11 17:10:48;948;84;34.5;28.8;2.409;1.645;1.167;1.954;0.219;1.483;949
B31558;2015/02/11 17:10:58;949;90;27.0;28.8;2.238;1.645;1.154;1.954;0.219;1.512;950
B31558;2015/02/11 17:11:08;950;85;31.6;28.8;2.438;1.648;1.154;1.912;0.219;1.506;951
B31558;2015/02/11 17:11:18;951;85;33.8;28.1;2.412;1.648;1.145;1.912;0.219;1.487;952
B31558;2015/02/11 17:11:28;952;83;26.4;28.4;2.177;1.635;1.145;1.912;0.212;1.535;953
B31558;2015/02/11 17:11:38;953;84;28.0;28.6;2.212;1.635;1.096;1.912;0.212;1.493;954
B31558;2015/02/11 17:11:48;954;88;26.4;28.6;2.358;1.648;1.096;1.887;0.212;1.506;955
B31558;2015/02/11 17:11:58;955;75;26.1;27.9;2.229;1.648;1.145;1.887;0.212;1.454;956
B31558;2015/02/11 17:12:08;956;93;31.2;28.9;2.351;1.616;1.145;1.887;0.216;1.500;957
B31558;2015/02/11 17:12:18;957;86;30.9;28.6;2.177;1.616;1.096;1.887;0.216;1.477;958
B31558;2015/02/11 17:12:28;958;88;26.7;28.4;2.161;1.603;1.096;1.925;0.216;1.477;959
B31558;2015/02/11 17:12:38;959;95;30.0;28.3;2.203;1.603;1.103;1.925;0.216;1.470;960
B31558;2015/02/11 17:12:48;960;94;32.5;28.4;2.390;1.619;1.103;1.925;0.216;1.483;961
B31558;2015/02/11 17:12:58;961;93;30.0;28.3;2.390;1.619;1.106;1.925;0.216;1.506;962
B31558;2015/02/11 17:13:08;962;93;24.8;28.3;2.338;1.599;1.106;1.900;0.216;1.516;963
B31558;2015/02/11 17:13:18;963;87;29.3;28.3;2.190;1.599;1.080;1.900;0.216;1.458;964
B31558;2015/02/11 17:13:28;964;84;32.5;29.1;2.438;1.625;1.080;1.900;0.229;1.480;965
B31558;2015/02/11 17:13:38;965;92;29.3;28.3;2.180;1.625;1.135;1.900;0.229;1.493;966
B31558;2015/02/11 17:13:48;966;93;30.9;27.9;2.183;1.593;1.135;1.880;0.229;1.509;967
B31558;2015/02/11 17:13:58;967;91;25.1;28.3;2.416;1.593;1.077;1.880;0.229;1.493;968
B31558;2015/02/11 17:14:08;968;86;27.7;28.9;2.177;1.629;1.077;1.880;0.238;1.500;969
B31558;2015/02/11 17:14:18;969;91;29.6;28.8;2.193;1.629;1.106;1.880;0.238;1.470;970
B31558;2015/02/11 17:14:28;970;80;30.9;28.3;2.174;1.587;1.106;1.919;0.238;1.451;971
B31558;2015/02/11 17:14:38;971;85;34.5;28.4;2.412;1.587;1.145;1.919;0.238;1.474;972
B31558;2015/02/11 17:14:48;972;92;26.4;28.9;2.180;1.590;1.145;1.919;0.290;1.448;973
B31558;2015/02/11 17:14:58;973;81;30.9;28.4;2.212;1.590;1.138;1.919;0.290;1.487;974
B31558;2015/02/11 17:15:08;974;94;32.5;28.8;2.187;1.612;1.138;1.870;0.290;1.461;975
B31558;2015/02/11 17:15:18;975;82;23.2;28.4;2.332;1.612;1.077;1.870;0.290;1.451;976
B31558;2015/02/11 17:15:28;976;92;25.8;28.3;2.367;1.580;1.077;1.870;0.222;1.448;977
B31558;2015/02/11 17:15:38;977;96;28.7;28.1;2.445;1.580;1.070;1.870;0.222;1.458;978
B31558;2015/02/11 17:15:48;978;93;33.8;28.6;2.445;1.609;1.070;1.919;0.222;1.454;979
