B31558;2015/02/26 00:00:08;11725;70;22.5;31.2;2.529;2.000;1.403;2.977;0.222;1.474;11726
B31558;2015/02/26 00:00:18;11726;80;32.5;30.5;2.538;2.019;1.403;2.925;0.222;1.451;11727
B31558;2015/02/26 00:00:28;11727;79;21.9;30.7;2.425;2.019;1.458;2.925;0.222;1.435;11728
B31558;2015/02/26 00:00:38;11728;76;29.3;30.9;2.580;2.022;1.458;2.925;0.125;1.419;11729
B31558;2015/02/26 00:00:48;11729;85;24.5;30.3;2.622;2.022;1.451;2.925;0.125;1.458;11730
B31558;2015/02/26 00:00:58;11730;77;31.9;31.2;2.564;2.012;1.451;2.941;0.125;1.477;11731
B31558;2015/02/26 00:01:08;11731;78;26.4;30.3;2.535;2.012;1.409;2.941;0.125;1.467;11732
B31558;2015/02/26 00:01:18;11732;88;32.2;30.7;2.500;2.041;1.409;2.941;0.216;1.474;11733
B31558;2015/02/26 00:01:28;11733;82;28.3;30.9;2.670;2.041;1.403;2.941;0.216;1.435;11734
B31558;2015/02/26 00:01:38;11734;73;23.5;30.2;2.645;2.029;1.403;2.977;0.216;1.467;11735
B31558;2015/02/26 00:01:48;11735;91;26.4;30.2;2.529;2.029;1.429;2.977;0.216;1.403;11736
B31558;2015/02/26 00:01:58;11736;90;26.7;31.2;2.622;2.035;1.429;2.977;0.125;1.409;11737
B31558;2015/02/26 00:02:08;11737;85;28.3;30.9;2.670;2.035;1.409;2.977;0.125;1.425;11738
B31558;2015/02/26 00:02:18;11738;89;32.9;30.5;2.399;2.038;1.409;2.990;0.125;1.432;11739
B31558;2015/02/26 00:02:28;11739;71;31.2;30.5;2.629;2.038;1.454;2.990;0.125;1.441;11740
B31558;2015/02/26 00:02:38;11740;85;27.4;30.5;2.603;2.003;1.454;2.990;0.190;1.448;11741
B31558;2015/02/26 00:02:48;11741;84;27.7;30.3;2.570;2.003;1.422;2.990;0.190;1.432;11742
B31558;2015/02/26 00:02:58;11742;88;25.1;30.3;2.500;2.006;1.422;2.932;0.190;1.458;11743
B31558;2015/02/26 00:03:08;11743;83;29.0;30.9;2.670;2.006;1.480;2.932;0.190;1.406;11744
B31558;2015/02/26 00:03:18;11744;84;27.7;30.3;2.425;2.051;1.480;2.932;0.183;1.441;11745
B31558;2015/02/26 00:03:28;11745;83;30.6;30.0;2.522;2.051;1.406;2.932;0.183;1.441;11746
B31558;2015/02/26 00:03:38;11746;88;27.7;30.2;2.406;2.003;1.406;2.977;0.183;1.396;11747
B31558;2015/02/26 00:03:48;11747;91;32.5;30.0;2.474;2.003;1.403;2.977;0.183;1.422;11748
B31558;2015/02/26 00:03:58;11748;76;29.6;30.9;2.674;2.051;1.403;2.977;0.141;1.432;11749
B31558;2015/02/26 00:04:08;11749;84;23.5;30.7;2.425;2.051;1.416;2.977;0.141;1.396;11750
B31558;2015/02/26 00:04:18;11750;90;28.7;30.0;2.429;2.051;1.416;2.970;0.141;1.409;11751
B31558;2015/02/26 00:04:28;11751;76;30.6;30.0;2.622;2.051;1.425;2.970;0.141;1.435;11752
B31558;2015/02/26 00:04:38;11752;81;22.5;30.3;2.425;2.051;1.425;2.970;0.158;1.406;11753
B31558;2015/02/26 00:04:48;11753;80;25.1;30.2;2.435;2.051;1.399;2.970;0.158;1.438;11754
B31558;2015/02/26 00:04:58;11754;88;23.2;29.6;2.419;2.029;1.399;2.935;0.158;1.432;11755
B31558;2015/02/26 00:05:08;11755;79;22.2;30.5;2.432;2.029;1.438;2.935;0.158;1.435;11756
B31558;2015/02/26 00:05:18;11756;86;23.8;30.0;2.406;2.016;1.438;2.935;0.138;1.438;11757
B31558;2015/02/26 00:05:28;11757;77;24.8;30.2;2.603;2.016;1.416;2.935;0.138;1.461;11758
B31558;2015/02/26 00:05:38;11758;79;31.6;30.3;2.448;2.035;1.416;2.951;0.138;1.454;11759
B31558;2015/02/26 00:05:48;11759;81;22.5;30.5;2.429;2.035;1.403;2.951;0.138;1.406;11760
B31558;2015/02/26 00:05:58;11760;90;24.8;30.2;2.651;2.041;1.403;2.951;0.138;1.480;11761
B31558;2015/02/26 00:06:08;11761;83;22.5;30.5;2.432;2.041;1.406;2.951;0.138;1.454;11762
B31558;2015/02/26 00:06:18;11762;94;28.3;30.2;2.658;2.038;1.406;2.967;0.138;1.435;11763
B31558;2015/02/26 00:06:28;11763;81;27.7;30.5;2.435;2.038;1.419;2.967;0.138;1.467;11764
B31558;2015/02/26 00:06:38;11764;78;29.3;30.9;2.596;2.006;1.419;2.967;0.141;1.412;11765
B31558;2015/02/26 00:06:48;11765;78;23.8;31.0;2.432;2.006;1.448;2.967;0.141;1.477;11766
B31558;2015/02/26 00:06:58;11766;92;29.0;30.9;2.674;2.041;1.448;2.951;0.141;1.467;11767
B31558;2015/02/26 00:07:08;11767;85;25.1;31.5;2.596;2.041;1.416;2.951;0.141;1.435;11768
B31558;2015/02/26 00:07:18;11768;91;29.0;30.5;2.674;2.006;1.416;2.951;0.125;1.483;11769
B31558;2015/02/26 00:07:28;11769;89;22.5;30.9;2.419;2.006;1.474;2.951;0.125;1.470;11770
B31558;2015/02/26 00:07:38;11770;87;28.7;30.7;2.432;2.051;1.474;2.954;0.125;1.454;11771
B31558;2015/02/26 00:07:48;11771;80;22.2;31.0;2.435;2.051;1.409;2.954;0.125;1.483;11772
B31558;2015/02/26 00:07:58;11772;74;30.9;30.7;2.477;2.051;1.409;2.954;0.135;1.448;11773
B31558;2015/02/26 00:08:08;11773;82;30.3;30.7;2.419;2.051;1.409;2.954;0.135;1.477;11774
B31558;2015/02/26 00:08:18;11774;82;25.8;30.0;2.487;2.032;1.409;2.935;0.135;1.496;11775
B31558;2015/02/26 00:08:28;11775;87;22.2;30.9;2.429;2.032;1.403;2.935;0.135;1.451;11776
B31558;2015/02/26 00:08:38;11776;83;31.6;30.7;2.451;2.051;1.403;2.935;0.212;1.493;11777
B31558;2015/02/26 00:08:48;11777;77;33.2;30.3;2.490;2.051;1.438;2.935;0.212;1.477;11778
B31558;2015/02/26 00:08:58;11778;84;24.8;29.8;2.674;2.006;1.438;2.941;0.212;1.429;11779
B31558;2015/02/26 00:09:08;11779;73;27.4;29.6;2.674;2.006;1.422;2.941;0.212;1.464;11780
B31558;2015/02/26 00:09:18;11780;81;25.8;30.0;2.674;2.038;1.422;2.941;0.135;1.487;11781
B31558;2015/02/26 00:09:28;11781;76;29.3;29.5;2.558;2.038;1.406;2.941;0.135;1.480;11782
B31558;2015/02/26 00:09:38;11782;84;25.1;30.5;2.416;2.006;1.406;2.932;0.135;1.448;11783
B31558;2015/02/26 00:09:48;11783;79;22.5;30.7;2.441;2.006;1.467;2.932;0.135;1.467;11784
B31558;2015/02/26 00:09:58;11784;83;28.0;30.2;2.638;2.051;1.467;2.932;0.135;1.448;11785
B31558;2015/02/26 00:10:08;11785;85;29.6;29.8;2.622;2.051;1.416;2.932;0.135;1.445;11786
B31558;2015/02/26 00:10:18;11786;77;32.2;30.2;2.500;2.006;1.416;2.954;0.135;1.483;11787
B31558;2015/02/26 00:10:28;11787;81;26.7;30.7;2.677;2.006;1.406;2.954;0.135;1.458;11788
B31558;2015/02/26 00:10:38;11788;90;25.8;29.8;2.658;2.032;1.406;2.954;0.135;1.448;11789
B31558;2015/02/26 00:10:48;11789;82;31.6;30.7;2.683;2.032;1.480;2.954;0.135;1.451;11790
B31558;2015/02/26 00:10:58;11790;89;29.0;30.7;2.590;2.041;1.480;2.941;0.135;1.441;11791
B31558;2015/02/26 00:11:08;11791;86;22.5;30.5;2.419;2.041;1.464;2.941;0.135;1.467;11792
B31558;2015/02/26 00:11:18;11792;75;28.3;30.7;2.425;2.048;1.464;2.941;0.129;1.461;11793
B31558;2015/02/26 00:11:28;11793;87;29.0;30.2;2.661;2.048;1.477;2.941;0.129;1.448;11794
B31558;2015/02/26 00:11:38;11794;83;31.6;30.5;2.425;2.041;1.477;2.932;0.129;1.445;11795
B31558;2015/02/26 00:11:48;11795;86;27.0;30.7;2.422;2.041;1.445;2.932;0.129;1.432;11796
B31558;2015/02/26 00:11:58;11796;78;25.1;30.5;2.441;2.032;1.445;2.932;0.129;1.470;11797
B31558;2015/02/26 00:12:08;11797;79;27.7;30.9;2.683;2.032;1.438;2.932;0.129;1.435;11798
B31558;2015/02/26 00:12:18;11798;78;30.3;30.3;2.425;2.009;1.438;2.977;0.129;1.441;11799
B31558;2015/02/26 00:12:28;11799;86;33.5;30.2;2.609;2.009;1.409;2.977;0.129;1.448;11800
B31558;2015/02/26 00:12:38;11800;78;29.3;30.7;2.461;2.019;1.409;2.977;0.141;1.432;11801
B31558;2015/02/26 00:12:48;11801;84;31.2;30.2;2.567;2.019;1.477;2.977;0.141;1.435;11802
B31558;2015/02/26 00:12:58;11802;88;24.5;30.0;2.664;2.009;1.477;2.974;0.141;1.435;11803
B31558;2015/02/26 00:13:08;11803;76;30.9;30.3;2.670;2.009;1.416;2.974;0.141;1.432;11804
B31558;2015/02/26 00:13:18;11804;83;32.5;30.5;2.522;2.054;1.416;2.974;0.125;1.467;11805
B31558;2015/02/26 00:13:28;11805;83;33.5;30.2;2.461;2.054;1.477;2.974;0.125;1.429;11806
B31558;2015/02/26 00:13:38;11806;83;23.2;30.3;2.406;2.006;1.477;2.912;0.125;1.470;11807
B31558;2015/02/26 00:13:48;11807;83;31.2;30.3;2.635;2.006;1.487;2.912;0.125;1.445;11808
B31558;2015/02/26 00:13:58;11808;88;25.8;31.0;2.396;2.009;1.487;2.912;0.209;1.493;11809
B31558;2015/02/26 00:14:08;11809;83;30.0;30.5;2.435;2.009;1.451;2.912;0.209;1.470;11810
B31558;2015/02/26 00:14:18;11810;74;25.8;30.0;2.635;2.009;1.451;2.941;0.209;1.483;11811
B31558;2015/02/26 00:14:28;11811;90;28.7;30.5;2.670;2.009;1.406;2.941;0.209;1.435;11812
B31558;2015/02/26 00:14:38;11812;81;24.8;30.7;2.406;2.012;1.406;2.941;0.129;1.432;11813
B31558;2015/02/26 00:14:48;11813;76;31.9;30.5;2.629;2.012;1.480;2.941;0.129;1.441;11814
B31558;2015/02/26 00:14:58;11814;83;31.2;30.5;2.674;2.012;1.480;2.948;0.129;1.422;11815
B31558;2015/02/26 00:15:08;11815;83;27.0;30.2;2.432;2.012;1.409;2.948;0.129;1.441;11816
B31558;2015/02/26 00:15:18;11816;88;22.5;30.3;2.432;2.054;1.409;2.948;0.141;1.448;11817
B31558;2015/02/26 00:15:28;11817;77;22.2;30.9;2.419;2.054;1.480;2.948;0.141;1.448;11818
B31558;2015/02/26 00:15:38;11818;81;31.2;30.3;2.419;2.048;1.480;2.954;0.141;1.445;11819
B31558;2015/02/26 00:15:48;11819;90;28.3;30.9;2.670;2.048;1.425;2.954;0.141;1.432;11820
B31558;2015/02/26 00:15:58;11820;86;29.3;30.5;2.603;2.009;1.425;2.954;0.141;1.458;11821
B31558;2015/02/26 00:16:08;11821;80;28.0;30.3;2.593;2.009;1.409;2.954;0.141;1.448;11822
B31558;2015/02/26 00:16:18;11822;90;25.4;30.7;2.419;2.009;1.409;2.974;0.141;1.477;11823
B31558;2015/02/26 00:16:28;11823;84;25.8;30.2;2.500;2.009;1.445;2.974;0.141;1.429;11824
B31558;2015/02/26 00:16:38;11824;83;24.8;31.0;2.406;2.058;1.445;2.974;0.209;1.448;11825
B31558;2015/02/26 00:16:48;11825;81;22.2;31.2;2.432;2.058;1.406;2.974;0.209;1.480;11826
B31558;2015/02/26 00:16:58;11826;74;28.7;30.2;2.664;2.012;1.406;2.929;0.209;1.503;11827
B31558;2015/02/26 00:17:08;11827;83;22.5;31.0;2.548;2.012;1.429;2.929;0.209;1.448;11828
B31558;2015/02/26 00:17:18;11828;83;29.0;31.2;2.677;2.009;1.429;2.929;0.119;1.490;11829
B31558;2015/02/26 00:17:28;11829;78;27.7;30.2;2.629;2.009;1.425;2.929;0.119;1.438;11830
B31558;2015/02/26 00:17:38;11830;93;23.2;30.0;2.677;2.054;1.425;2.919;0.119;1.487;11831
B31558;2015/02/26 00:17:48;11831;81;32.5;30.5;2.474;2.054;1.416;2.919;0.119;1.448;11832
B31558;2015/02/26 00:17:58;11832;83;32.2;30.7;2.603;2.012;1.416;2.919;0.280;1.500;11833
B31558;2015/02/26 00:18:08;11833;81;30.6;30.5;2.590;2.012;1.412;2.919;0.280;1.454;11834
B31558;2015/02/26 00:18:18;11834;86;23.8;31.2;2.558;2.058;1.412;2.935;0.280;1.470;11835
B31558;2015/02/26 00:18:28;11835;87;25.1;30.7;2.409;2.058;1.412;2.935;0.280;1.487;11836
B31558;2015/02/26 00:18:38;11836;89;31.9;31.4;2.551;2.012;1.412;2.935;0.154;1.451;11837
B31558;2015/02/26 00:18:48;11837;73;30.6;30.5;2.683;2.012;1.467;2.935;0.154;1.490;11838
B31558;2015/02/26 00:18:58;11838;93;25.1;30.2;2.658;2.038;1.467;2.932;0.154;1.448;11839
B31558;2015/02/26 00:19:08;11839;84;29.3;30.2;2.532;2.038;1.416;2.932;0.154;1.451;11840
B31558;2015/02/26 00:19:18;11840;78;29.6;31.2;2.603;2.058;1.416;2.932;0.196;1.464;11841
B31558;2015/02/26 00:19:28;11841;81;22.2;30.9;2.435;2.058;1.425;2.932;0.196;1.441;11842
B31558;2015/02/26 00:19:38;11842;73;22.5;30.9;2.432;2.048;1.425;2.945;0.196;1.467;11843
B31558;2015/02/26 00:19:48;11843;82;27.4;30.7;2.658;2.048;1.412;2.945;0.196;1.496;11844
B31558;2015/02/26 00:19:58;11844;78;24.1;30.7;2.406;2.012;1.412;2.945;0.161;1.448;11845
B31558;2015/02/26 00:20:08;11845;73;27.4;30.7;2.429;2.012;1.412;2.945;0.161;1.432;11846
B31558;2015/02/26 00:20:18;11846;83;28.7;30.9;2.564;2.048;1.412;2.948;0.161;1.451;11847
B31558;2015/02/26 00:20:28;11847;74;23.5;30.9;2.648;2.048;1.412;2.948;0.161;1.458;11848
B31558;2015/02/26 00:20:38;11848;86;29.6;30.9;2.435;2.032;1.412;2.948;0.267;1.454;11849
B31558;2015/02/26 00:20:48;11849;88;29.0;30.7;2.664;2.032;1.412;2.948;0.267;1.429;11850
B31558;2015/02/26 00:20:58;11850;82;23.5;30.5;2.645;2.022;1.412;2.919;0.267;1.445;11851
B31558;2015/02/26 00:21:08;11851;90;23.5;30.7;2.451;2.022;1.490;2.919;0.267;1.448;11852
B31558;2015/02/26 00:21:18;11852;83;29.3;31.2;2.554;2.045;1.490;2.919;0.138;1.454;11853
B31558;2015/02/26 00:21:28;11853;81;29.3;30.9;2.651;2.045;1.412;2.919;0.138;1.425;11854
B31558;2015/02/26 00:21:38;11854;87;23.2;30.2;2.674;2.054;1.412;2.954;0.138;1.477;11855
B31558;2015/02/26 00:21:48;11855;82;32.5;30.9;2.461;2.054;1.487;2.954;0.138;1.467;11856
B31558;2015/02/26 00:21:58;11856;78;32.5;31.2;2.425;2.032;1.487;2.954;0.196;1.467;11857
B31558;2015/02/26 00:22:08;11857;86;33.8;30.2;2.496;2.032;1.480;2.954;0.196;1.448;11858
B31558;2015/02/26 00:22:18;11858;88;28.7;30.7;2.448;2.012;1.480;2.945;0.196;1.429;11859
B31558;2015/02/26 00:22:28;11859;83;31.9;30.0;2.567;2.012;1.448;2.945;0.196;1.454;11860
B31558;2015/02/26 00:22:38;11860;87;33.2;30.7;2.412;2.016;1.448;2.945;0.196;1.464;11861
B31558;2015/02/26 00:22:48;11861;90;23.5;30.7;2.612;2.016;1.432;2.945;0.196;1.429;11862
B31558;2015/02/26 00:22:58;11862;83;29.0;31.0;2.432;2.022;1.432;2.938;0.196;1.445;11863
B31558;2015/02/26 00:23:08;11863;80;29.0;30.7;2.683;2.022;1.480;2.938;0.196;1.425;11864
B31558;2015/02/26 00:23:18;11864;88;29.3;31.2;2.545;2.012;1.480;2.938;0.254;1.474;11865
B31558;2015/02/26 00:23:28;11865;89;31.2;30.7;2.648;2.012;1.429;2.938;0.254;1.464;11866
B31558;2015/02/26 00:23:38;11866;83;24.5;31.0;2.406;2.061;1.429;2.977;0.254;1.438;11867
B31558;2015/02/26 00:23:48;11867;73;25.8;30.7;2.416;2.061;1.412;2.977;0.254;1.448;11868
B31558;2015/02/26 00:23:58;11868;91;24.5;30.5;2.651;2.061;1.412;2.977;0.203;1.435;11869
B31558;2015/02/26 00:24:08;11869;79;33.2;30.3;2.683;2.061;1.419;2.977;0.203;1.416;11870
B31558;2015/02/26 00:24:18;11870;78;29.3;30.9;2.674;2.016;1.419;2.935;0.203;1.470;11871
B31558;2015/02/26 00:24:28;11871;89;32.5;30.0;2.661;2.016;1.416;2.935;0.203;1.448;11872
B31558;2015/02/26 00:24:38;11872;76;26.1;30.5;2.580;2.012;1.416;2.935;0.129;1.438;11873
B31558;2015/02/26 00:24:48;11873;89;32.5;30.7;2.603;2.012;1.470;2.935;0.129;1.438;11874
B31558;2015/02/26 00:24:58;11874;91;25.1;30.5;2.399;2.016;1.470;2.938;0.129;1.445;11875
B31558;2015/02/26 00:25:08;11875;75;24.1;31.2;2.438;2.016;1.454;2.938;0.129;1.454;11876
B31558;2015/02/26 00:25:18;11876;80;23.8;30.0;2.670;2.064;1.454;2.938;0.138;1.477;11877
B31558;2015/02/26 00:25:28;11877;80;25.1;30.9;2.412;2.064;1.474;2.938;0.138;1.477;11878
B31558;2015/02/26 00:25:38;11878;86;25.8;31.0;2.412;2.061;1.474;2.935;0.138;1.464;11879
B31558;2015/02/26 00:25:48;11879;87;27.4;30.3;2.538;2.061;1.429;2.935;0.138;1.461;11880
B31558;2015/02/26 00:25:58;11880;73;28.3;30.7;2.554;2.032;1.429;2.935;0.135;1.461;11881
B31558;2015/02/26 00:26:08;11881;78;31.6;30.9;2.670;2.032;1.487;2.935;0.135;1.425;11882
B31558;2015/02/26 00:26:18;11882;83;25.1;30.5;2.674;2.022;1.487;2.977;0.135;1.474;11883
B31558;2015/02/26 00:26:28;11883;87;23.2;30.9;2.435;2.022;1.487;2.977;0.135;1.422;11884
B31558;2015/02/26 00:26:38;11884;80;30.6;31.2;2.519;2.064;1.487;2.977;0.148;1.406;11885
B31558;2015/02/26 00:26:48;11885;85;26.4;30.0;2.503;2.064;1.416;2.977;0.148;1.451;11886
B31558;2015/02/26 00:26:58;11886;83;26.4;30.7;2.399;2.038;1.416;2.948;0.148;1.454;11887
B31558;2015/02/26 00:27:08;11887;84;25.4;30.5;2.596;2.038;1.493;2.948;0.148;1.487;11888
B31558;2015/02/26 00:27:18;11888;93;29.3;30.9;2.512;2.038;1.493;2.948;0.148;1.448;11889
B31558;2015/02/26 00:27:28;11889;83;25.1;30.7;2.425;2.038;1.490;2.948;0.148;1.451;11890
B31558;2015/02/26 00:27:38;11890;84;25.8;30.9;2.645;2.058;1.490;2.941;0.148;1.425;11891
B31558;2015/02/26 00:27:48;11891;83;26.4;30.7;2.522;2.058;1.429;2.941;0.148;1.419;11892
B31558;2015/02/26 00:27:58;11892;83;25.1;30.5;2.406;2.016;1.429;2.941;0.164;1.419;11893
B31558;2015/02/26 00:28:08;11893;79;28.3;31.0;2.683;2.016;1.438;2.941;0.164;1.432;11894
B31558;2015/02/26 00:28:18;11894;93;27.4;30.9;2.493;2.019;1.438;2.941;0.164;1.432;11895
B31558;2015/02/26 00:28:28;11895;92;23.5;30.7;2.683;2.019;1.432;2.941;0.164;1.464;11896
B31558;2015/02/26 00:28:38;11896;89;28.7;30.9;2.438;2.045;1.432;2.941;0.141;1.454;11897
B31558;2015/02/26 00:28:48;11897;87;32.9;30.5;2.548;2.045;1.416;2.941;0.141;1.432;11898
B31558;2015/02/26 00:28:58;11898;88;33.2;31.4;2.648;2.054;1.416;2.990;0.141;1.464;11899
B31558;2015/02/26 00:29:08;11899;83;23.8;30.9;2.406;2.054;1.419;2.990;0.141;1.425;11900
B31558;2015/02/26 00:29:18;11900;93;26.4;30.9;2.399;2.054;1.419;2.990;0.138;1.445;11901
B31558;2015/02/26 00:29:28;11901;90;27.0;30.3;2.519;2.054;1.416;2.990;0.138;1.419;11902
B31558;2015/02/26 00:29:38;11902;85;24.8;30.7;2.651;2.038;1.416;2.983;0.138;1.432;11903
B31558;2015/02/26 00:29:48;11903;81;23.2;30.7;2.461;2.038;1.419;2.983;0.138;1.480;11904
B31558;2015/02/26 00:29:58;11904;93;30.6;30.9;2.587;2.061;1.419;2.983;0.158;1.467;11905
B31558;2015/02/26 00:30:08;11905;88;23.8;31.2;2.435;2.061;1.435;2.983;0.158;1.464;11906
B31558;2015/02/26 00:30:18;11906;83;22.5;30.9;2.680;2.051;1.435;2.983;0.158;1.474;11907
B31558;2015/02/26 00:30:28;11907;88;26.4;30.7;2.683;2.051;1.419;2.983;0.158;1.464;11908
B31558;2015/02/26 00:30:38;11908;78;29.3;30.9;2.661;2.032;1.419;2.983;0.177;1.435;11909
B31558;2015/02/26 00:30:48;11909;89;29.3;30.7;2.683;2.032;1.490;2.983;0.177;1.467;11910
B31558;2015/02/26 00:30:58;11910;83;22.9;30.3;2.674;2.061;1.490;2.935;0.177;1.441;11911
B31558;2015/02/26 00:31:08;11911;83;21.9;30.9;2.432;2.061;1.419;2.935;0.177;1.429;11912
B31558;2015/02/26 00:31:18;11912;86;27.7;30.9;2.635;2.058;1.419;2.935;0.138;1.464;11913
B31558;2015/02/26 00:31:28;11913;83;23.5;30.9;2.658;2.058;1.483;2.935;0.138;1.435;11914
B31558;2015/02/26 00:31:38;11914;93;26.1;30.2;2.632;2.019;1.483;2.987;0.138;1.464;11915
B31558;2015/02/26 00:31:48;11915;75;31.9;30.9;2.409;2.019;1.493;2.987;0.138;1.461;11916
B31558;2015/02/26 00:31:58;11916;89;27.4;31.9;2.651;2.064;1.493;2.987;0.216;1.458;11917
B31558;2015/02/26 00:32:08;11917;80;31.9;30.0;2.554;2.064;1.419;2.987;0.216;1.451;11918
B31558;2015/02/26 00:32:18;11918;86;28.7;31.2;2.577;2.029;1.419;2.987;0.216;1.448;11919
B31558;2015/02/26 00:32:28;11919;80;25.1;30.9;2.425;2.029;1.493;2.987;0.216;1.416;11920
B31558;2015/02/26 00:32:38;11920;88;22.9;31.0;2.438;2.022;1.493;2.987;0.119;1.467;11921
B31558;2015/02/26 00:32:48;11921;90;28.0;30.5;2.629;2.022;1.416;2.987;0.119;1.422;11922
B31558;2015/02/26 00:32:58;11922;78;30.3;31.0;2.590;2.054;1.416;2.948;0.119;1.461;11923
B31558;2015/02/26 00:33:08;11923;78;30.3;30.9;2.674;2.054;1.419;2.948;0.119;1.441;11924
B31558;2015/02/26 00:33:18;11924;83;25.4;30.5;2.648;2.054;1.419;2.948;0.190;1.461;11925
B31558;2015/02/26 00:33:28;11925;81;32.5;31.4;2.564;2.054;1.496;2.948;0.190;1.477;11926
B31558;2015/02/26 00:33:38;11926;89;26.7;31.0;2.419;2.038;1.496;2.948;0.190;1.448;11927
B31558;2015/02/26 00:33:48;11927;86;23.5;31.4;2.677;2.038;1.477;2.948;0.190;1.451;11928
B31558;2015/02/26 00:33:58;11928;88;33.8;30.7;2.454;2.067;1.477;2.948;0.141;1.432;11929
B31558;2015/02/26 00:34:08;11929;79;29.3;30.5;2.558;2.067;1.458;2.948;0.141;1.474;11930
B31558;2015/02/26 00:34:18;11930;93;26.4;31.2;2.412;2.035;1.458;2.987;0.141;1.435;11931
B31558;2015/02/26 00:34:28;11931;89;31.9;30.2;2.564;2.035;1.425;2.987;0.141;1.458;11932
B31558;2015/02/26 00:34:38;11932;88;31.6;31.4;2.525;2.064;1.425;2.987;0.154;1.448;11933
B31558;2015/02/26 00:34:48;11933;83;33.5;30.7;2.474;2.064;1.435;2.987;0.154;1.448;11934
B31558;2015/02/26 00:34:58;11934;89;21.9;30.0;2.674;2.061;1.435;2.974;0.154;1.412;11935
B31558;2015/02/26 00:35:08;11935;82;22.9;30.9;2.458;2.061;1.441;2.974;0.154;1.441;11936
B31558;2015/02/26 00:35:18;11936;90;32.2;30.7;2.451;2.064;1.441;2.974;0.148;1.425;11937
B31558;2015/02/26 00:35:28;11937;80;32.9;31.5;2.451;2.064;1.477;2.974;0.148;1.412;11938
B31558;2015/02/26 00:35:38;11938;93;29.3;31.0;2.490;2.067;1.477;3.003;0.148;1.406;11939
B31558;2015/02/26 00:35:48;11939;82;26.4;30.0;2.661;2.067;1.451;3.003;0.148;1.416;11940
B31558;2015/02/26 00:35:58;11940;85;31.9;30.9;2.432;2.061;1.451;3.003;0.138;1.406;11941
B31558;2015/02/26 00:36:08;11941;82;21.9;30.7;2.422;2.061;1.438;3.003;0.138;1.422;11942
B31558;2015/02/26 00:36:18;11942;83;22.5;30.7;2.432;2.064;1.438;3.003;0.138;1.477;11943
B31558;2015/02/26 00:36:28;11943;82;29.3;30.9;2.609;2.064;1.483;3.003;0.138;1.438;11944
B31558;2015/02/26 00:36:38;11944;82;25.8;30.2;2.470;2.022;1.483;3.003;0.125;1.474;11945
B31558;2015/02/26 00:36:48;11945;90;26.4;30.7;2.432;2.022;1.487;3.003;0.125;1.419;11946
B31558;2015/02/26 00:36:58;11946;83;30.6;30.9;2.551;2.061;1.487;2.980;0.125;1.458;11947
B31558;2015/02/26 00:37:08;11947;80;33.5;31.5;2.470;2.061;1.425;2.980;0.125;1.435;11948
B31558;2015/02/26 00:37:18;11948;75;28.0;30.5;2.667;2.025;1.425;2.980;0.148;1.419;11949
B31558;2015/02/26 00:37:28;11949;80;28.0;30.9;2.635;2.025;1.422;2.980;0.148;1.432;11950
B31558;2015/02/26 00:37:38;11950;84;26.1;30.7;2.425;2.067;1.422;2.948;0.148;1.429;11951
B31558;2015/02/26 00:37:48;11951;82;28.0;31.0;2.422;2.067;1.500;2.948;0.148;1.429;11952
B31558;2015/02/26 00:37:58;11952;87;22.9;30.3;2.451;2.022;1.500;2.948;0.141;1.416;11953
B31558;2015/02/26 00:38:08;11953;86;30.9;30.7;2.683;2.022;1.416;2.948;0.141;1.396;11954
B31558;2015/02/26 00:38:18;11954;86;30.0;30.5;2.670;2.038;1.416;3.006;0.141;1.441;11955
B31558;2015/02/26 00:38:28;11955;86;23.2;30.9;2.416;2.038;1.422;3.006;0.141;1.406;11956
B31558;2015/02/26 00:38:38;11956;90;28.7;30.7;2.432;2.064;1.422;3.006;0.148;1.435;11957
B31558;2015/02/26 00:38:48;11957;73;29.6;30.9;2.683;2.064;1.432;3.006;0.148;1.409;11958
B31558;2015/02/26 00:38:58;11958;92;28.7;31.2;2.667;2.058;1.432;2.967;0.148;1.396;11959
B31558;2015/02/26 00:39:08;11959;91;31.2;30.0;2.677;2.058;1.496;2.967;0.148;1.406;11960
B31558;2015/02/26 00:39:18;11960;88;27.0;30.2;2.635;2.041;1.496;2.967;0.241;1.432;11961
B31558;2015/02/26 00:39:28;11961;78;27.0;30.3;2.558;2.041;1.487;2.967;0.241;1.454;11962
B31558;2015/02/26 00:39:38;11962;81;28.7;31.2;2.574;2.061;1.487;2.961;0.241;1.464;11963
B31558;2015/02/26 00:39:48;11963;80;29.6;30.7;2.683;2.061;1.425;2.961;0.241;1.432;11964
B31558;2015/02/26 00:39:58;11964;83;28.3;30.9;2.425;2.032;1.425;2.961;0.132;1.458;11965
B31558;2015/02/26 00:40:08;11965;84;28.3;30.7;2.664;2.032;1.419;2.961;0.132;1.445;11966
B31558;2015/02/26 00:40:18;11966;86;24.8;30.5;2.483;2.032;1.419;2.945;0.132;1.451;11967
B31558;2015/02/26 00:40:28;11967;74;23.8;30.9;2.464;2.032;1.487;2.945;0.132;1.454;11968
B31558;2015/02/26 00:40:38;11968;93;24.5;30.3;2.674;2.022;1.487;2.945;0.190;1.445;11969
B31558;2015/02/26 00:40:48;11969;85;23.5;30.9;2.619;2.022;1.487;2.945;0.190;1.441;11970
B31558;2015/02/26 00:40:58;11970;83;25.4;31.0;2.541;2.048;1.487;2.967;0.190;1.445;11971
B31558;2015/02/26 00:41:08;11971;91;28.3;30.7;2.435;2.048;1.416;2.967;0.190;1.451;11972
B31558;2015/02/26 00:41:18;11972;88;30.3;31.2;2.661;2.025;1.416;2.967;0.132;1.448;11973
B31558;2015/02/26 00:41:28;11973;90;27.4;30.7;2.435;2.025;1.422;2.967;0.132;1.432;11974
B31558;2015/02/26 00:41:38;11974;78;28.3;31.2;2.554;2.048;1.422;3.000;0.132;1.441;11975
B31558;2015/02/26 00:41:48;11975;80;32.2;30.3;2.583;2.048;1.490;3.000;0.132;1.438;11976
B31558;2015/02/26 00:41:58;11976;90;30.6;31.0;2.529;2.070;1.490;3.000;0.170;1.474;11977
B31558;2015/02/26 00:42:08;11977;71;22.2;30.5;2.416;2.070;1.429;3.000;0.170;1.435;11978
B31558;2015/02/26 00:42:18;11978;82;30.3;30.5;2.406;2.051;1.429;2.967;0.170;1.480;11979
B31558;2015/02/26 00:42:28;11979;77;23.2;30.9;2.419;2.051;1.467;2.967;0.170;1.441;11980
B31558;2015/02/26 00:42:38;11980;83;26.7;30.2;2.654;2.070;1.467;2.967;0.196;1.500;11981
B31558;2015/02/26 00:42:48;11981;78;31.9;30.3;2.664;2.070;1.480;2.967;0.196;1.480;11982
B31558;2015/02/26 00:42:58;11982;89;28.0;31.0;2.483;2.048;1.480;2.987;0.196;1.464;11983
B31558;2015/02/26 00:43:08;11983;77;28.0;30.5;2.677;2.048;1.435;2.987;0.196;1.480;11984
B31558;2015/02/26 00:43:18;11984;93;25.1;30.5;2.645;2.064;1.435;2.987;0.141;1.480;11985
B31558;2015/02/26 00:43:28;11985;90;31.9;30.2;2.670;2.064;1.451;2.987;0.141;1.448;11986
B31558;2015/02/26 00:43:38;11986;84;30.0;30.7;2.683;2.045;1.451;2.945;0.141;1.477;11987
B31558;2015/02/26 00:43:48;11987;73;31.9;30.9;2.629;2.045;1.435;2.945;0.141;1.445;11988
B31558;2015/02/26 00:43:58;11988;93;31.6;31.2;2.519;2.054;1.435;2.945;0.135;1.438;11989
B31558;2015/02/26 00:44:08;11989;81;27.4;30.9;2.419;2.054;1.474;2.945;0.135;1.441;11990
B31558;2015/02/26 00:44:18;11990;83;23.8;30.3;2.403;2.067;1.474;2.961;0.135;1.493;11991
B31558;2015/02/26 00:44:28;11991;89;23.5;31.2;2.445;2.067;1.422;2.961;0.135;1.483;11992
B31558;2015/02/26 00:44:38;11992;79;23.2;30.2;2.677;2.025;1.422;2.961;0.129;1.467;11993
B31558;2015/02/26 00:44:48;11993;80;29.6;31.0;2.674;2.025;1.454;2.961;0.129;1.458;11994
B31558;2015/02/26 00:44:58;11994;88;29.3;31.2;2.445;2.064;1.454;3.000;0.129;1.448;11995
B31558;2015/02/26 00:45:08;11995;85;30.9;30.7;2.629;2.064;1.422;3.000;0.129;1.451;11996
B31558;2015/02/26 00:45:18;11996;93;32.5;30.7;2.506;2.029;1.422;3.000;0.209;1.477;11997
B31558;2015/02/26 00:45:28;11997;83;22.5;30.9;2.470;2.029;1.425;3.000;0.209;1.435;11998
B31558;2015/02/26 00:45:38;11998;84;24.1;30.5;2.458;2.029;1.425;3.000;0.209;1.445;11999
B31558;2015/02/26 00:45:48;11999;87;30.3;30.7;2.645;2.029;1.438;3.000;0.209;1.435;12000
B31558;2015/02/26 00:45:58;12000;86;23.2;30.5;2.412;2.061;1.438;3.000;0.154;1.496;12001
B31558;2015/02/26 00:46:08;12001;83;28.7;30.2;2.490;2.061;1.448;3.000;0.154;1.477;12002
B31558;2015/02/26 00:46:18;12002;93;29.6;30.7;2.467;2.025;1.448;2.961;0.154;1.500;12003
B31558;2015/02/26 00:46:28;12003;83;25.1;30.5;2.629;2.025;1.464;2.961;0.154;1.490;12004
B31558;2015/02/26 00:46:38;12004;78;29.3;31.0;2.683;2.025;1.464;2.961;0.135;1.445;12005
B31558;2015/02/26 00:46:48;12005;89;26.7;30.3;2.509;2.025;1.490;2.961;0.135;1.454;12006
B31558;2015/02/26 00:46:58;12006;91;26.1;31.0;2.435;2.025;1.490;2.945;0.135;1.448;12007
B31558;2015/02/26 00:47:08;12007;78;23.5;31.0;2.435;2.025;1.474;2.945;0.135;1.461;12008
B31558;2015/02/26 00:47:18;12008;72;32.2;30.7;2.435;2.054;1.474;2.945;0.132;1.490;12009
B31558;2015/02/26 00:47:28;12009;81;28.7;30.0;2.519;2.054;1.425;2.945;0.132;1.441;12010
B31558;2015/02/26 00:47:38;12010;76;32.5;30.3;2.419;2.051;1.425;2.967;0.132;1.477;12011
B31558;2015/02/26 00:47:48;12011;84;22.9;30.5;2.545;2.051;1.477;2.967;0.132;1.458;12012
B31558;2015/02/26 00:47:58;12012;74;27.4;30.5;2.632;2.038;1.477;2.967;0.135;1.464;12013
B31558;2015/02/26 00:48:08;12013;90;28.0;30.5;2.416;2.038;1.422;2.967;0.135;1.464;12014
B31558;2015/02/26 00:48:18;12014;90;31.2;30.7;2.493;2.070;1.422;2.993;0.135;1.438;12015
B31558;2015/02/26 00:48:28;12015;87;25.1;30.0;2.477;2.070;1.490;2.993;0.135;1.451;12016
B31558;2015/02/26 00:48:38;12016;91;32.5;30.9;2.432;2.061;1.490;2.993;0.141;1.493;12017
B31558;2015/02/26 00:48:48;12017;70;33.2;30.7;2.477;2.061;1.432;2.993;0.141;1.448;12018
B31558;2015/02/26 00:48:58;12018;87;26.4;30.3;2.635;2.035;1.432;2.951;0.141;1.458;12019
B31558;2015/02/26 00:49:08;12019;87;25.1;30.5;2.493;2.035;1.432;2.951;0.141;1.438;12020
B31558;2015/02/26 00:49:18;12020;88;26.7;30.5;2.632;2.067;1.432;2.951;0.203;1.474;12021
B31558;2015/02/26 00:49:28;12021;73;25.1;31.2;2.596;2.067;1.422;2.951;0.203;1.461;12022
B31558;2015/02/26 00:49:38;12022;81;27.0;30.9;2.435;2.061;1.422;3.000;0.203;1.493;12023
B31558;2015/02/26 00:49:48;12023;78;24.8;30.9;2.461;2.061;1.429;3.000;0.203;1.458;12024
B31558;2015/02/26 00:49:58;12024;85;25.1;30.2;2.670;2.077;1.429;3.000;0.132;1.441;12025
B31558;2015/02/26 00:50:08;12025;83;30.9;30.9;2.683;2.077;1.422;3.000;0.132;1.487;12026
B31558;2015/02/26 00:50:18;12026;92;25.1;30.2;2.406;2.029;1.422;2.967;0.132;1.470;12027
B31558;2015/02/26 00:50:28;12027;80;28.3;30.9;2.683;2.029;1.422;2.967;0.132;1.438;12028
B31558;2015/02/26 00:50:38;12028;88;25.1;30.5;2.399;2.070;1.422;2.967;0.141;1.474;12029
B31558;2015/02/26 00:50:48;12029;91;22.9;30.9;2.441;2.070;1.451;2.967;0.141;1.441;12030
B31558;2015/02/26 00:50:58;12030;80;30.6;30.7;2.467;2.029;1.451;3.012;0.141;1.438;12031
B31558;2015/02/26 00:51:08;12031;81;23.5;31.0;2.448;2.029;1.435;3.012;0.141;1.419;12032
B31558;2015/02/26 00:51:18;12032;81;26.7;30.2;2.593;2.029;1.435;3.012;0.125;1.483;12033
B31558;2015/02/26 00:51:28;12033;83;22.5;30.9;2.474;2.029;1.425;3.012;0.125;1.412;12034
B31558;2015/02/26 00:51:38;12034;79;26.7;30.5;2.603;2.025;1.425;2.980;0.125;1.467;12035
B31558;2015/02/26 00:51:48;12035;85;26.4;30.0;2.500;2.025;1.448;2.980;0.125;1.467;12036
B31558;2015/02/26 00:51:58;12036;81;22.5;30.0;2.419;2.041;1.448;2.980;0.125;1.425;12037
B31558;2015/02/26 00:52:08;12037;83;32.5;30.9;2.564;2.041;1.425;2.980;0.125;1.490;12038
B31558;2015/02/26 00:52:18;12038;92;29.6;30.7;2.500;2.045;1.425;2.990;0.125;1.441;12039
B31558;2015/02/26 00:52:28;12039;78;21.9;30.9;2.512;2.045;1.487;2.990;0.125;1.422;12040
B31558;2015/02/26 00:52:38;12040;93;25.1;30.5;2.658;2.025;1.487;2.990;0.148;1.461;12041
B31558;2015/02/26 00:52:48;12041;86;32.5;29.8;2.435;2.025;1.448;2.990;0.148;1.451;12042
B31558;2015/02/26 00:52:58;12042;93;22.5;30.0;2.677;2.061;1.448;2.967;0.148;1.483;12043
B31558;2015/02/26 00:53:08;12043;82;28.0;30.9;2.412;2.061;1.448;2.967;0.148;1.480;12044
B31558;2015/02/26 00:53:18;12044;81;25.4;31.0;2.538;2.035;1.448;2.967;0.135;1.458;12045
B31558;2015/02/26 00:53:28;12045;91;25.8;30.9;2.425;2.035;1.448;2.967;0.135;1.487;12046
B31558;2015/02/26 00:53:38;12046;83;30.6;31.2;2.538;2.032;1.448;2.987;0.135;1.441;12047
B31558;2015/02/26 00:53:48;12047;83;23.8;30.9;2.606;2.032;1.448;2.987;0.135;1.429;12048
B31558;2015/02/26 00:53:58;12048;74;32.5;30.5;2.425;2.054;1.448;2.987;0.125;1.451;12049
B31558;2015/02/26 00:54:08;12049;80;28.7;30.2;2.551;2.054;1.496;2.987;0.125;1.435;12050
B31558;2015/02/26 00:54:18;12050;78;27.4;30.2;2.680;2.067;1.496;2.980;0.125;1.451;12051
B31558;2015/02/26 00:54:28;12051;75;31.9;30.9;2.609;2.067;1.429;2.980;0.125;1.467;12052
B31558;2015/02/26 00:54:38;12052;88;24.8;30.9;2.461;2.067;1.429;2.980;0.135;1.448;12053
B31558;2015/02/26 00:54:48;12053;87;22.2;30.5;2.416;2.067;1.438;2.980;0.135;1.438;12054
B31558;2015/02/26 00:54:58;12054;78;22.5;30.0;2.419;2.061;1.438;3.000;0.135;1.448;12055
B31558;2015/02/26 00:55:08;12055;88;33.2;29.8;2.577;2.061;1.490;3.000;0.135;1.458;12056
B31558;2015/02/26 00:55:18;12056;80;27.4;30.9;2.593;2.077;1.490;3.000;0.190;1.451;12057
B31558;2015/02/26 00:55:28;12057;78;25.1;30.7;2.435;2.077;1.435;3.000;0.190;1.480;12058
B31558;2015/02/26 00:55:38;12058;87;25.8;30.2;2.641;2.048;1.435;2.993;0.190;1.467;12059
B31558;2015/02/26 00:55:48;12059;82;29.3;30.7;2.677;2.048;1.425;2.993;0.190;1.445;12060
B31558;2015/02/26 00:55:58;12060;93;23.2;30.3;2.654;2.045;1.425;2.993;0.216;1.425;12061
B31558;2015/02/26 00:56:08;12061;79;22.2;30.7;2.432;2.045;1.496;2.993;0.216;1.451;12062
B31558;2015/02/26 00:56:18;12062;93;32.5;30.7;2.432;2.077;1.496;2.970;0.216;1.451;12063
B31558;2015/02/26 00:56:28;12063;89;28.3;30.9;2.658;2.077;1.435;2.970;0.216;1.435;12064
B31558;2015/02/26 00:56:38;12064;83;23.8;31.0;2.451;2.054;1.435;2.970;0.138;1.445;12065
B31558;2015/02/26 00:56:48;12065;73;33.5;30.2;2.461;2.054;1.496;2.970;0.138;1.441;12066
B31558;2015/02/26 00:56:58;12066;94;31.9;30.9;2.500;2.032;1.496;2.958;0.138;1.429;12067
B31558;2015/02/26 00:57:08;12067;89;24.5;30.7;2.645;2.032;1.454;2.958;0.138;1.435;12068
B31558;2015/02/26 00:57:18;12068;88;32.9;30.7;2.406;2.070;1.454;2.958;0.138;1.480;12069
B31558;2015/02/26 00:57:28;12069;78;23.2;30.9;2.435;2.070;1.500;2.958;0.138;1.461;12070
B31558;2015/02/26 00:57:38;12070;74;30.9;31.2;2.483;2.032;1.500;3.006;0.138;1.448;12071
B31558;2015/02/26 00:57:48;12071;83;33.2;30.9;2.583;2.032;1.429;3.006;0.138;1.438;12072
B31558;2015/02/26 00:57:58;12072;88;28.3;30.7;2.425;2.077;1.429;3.006;0.158;1.454;12073
B31558;2015/02/26 00:58:08;12073;84;28.3;30.9;2.683;2.077;1.425;3.006;0.158;1.445;12074
B31558;2015/02/26 00:58:18;12074;83;26.4;30.2;2.529;2.048;1.425;2.980;0.158;1.493;12075
B31558;2015/02/26 00:58:28;12075;81;30.9;30.5;2.545;2.048;1.506;2.980;0.158;1.464;12076
B31558;2015/02/26 00:58:38;12076;83;23.8;30.9;2.432;2.048;1.506;2.980;0.132;1.487;12077
B31558;2015/02/26 00:58:48;12077;83;22.5;30.5;2.519;2.048;1.474;2.980;0.132;1.454;12078
B31558;2015/02/26 00:58:58;12078;91;22.5;30.7;2.658;2.054;1.474;3.025;0.132;1.509;12079
B31558;2015/02/26 00:59:08;12079;85;23.2;30.9;2.596;2.054;1.483;3.025;0.132;1.435;12080
B31558;2015/02/26 00:59:18;12080;88;24.8;31.0;2.406;2.038;1.483;3.025;0.122;1.451;12081
B31558;2015/02/26 00:59:28;12081;91;28.3;30.3;2.651;2.038;1.500;3.025;0.122;1.461;12082
B31558;2015/02/26 00:59:38;12082;89;33.5;30.5;2.429;2.035;1.500;2.993;0.122;1.477;12083
B31558;2015/02/26 00:59:48;12083;78;24.5;31.2;2.461;2.035;1.441;2.993;0.122;1.480;12084
B31558;2015/02/26 00:59:58;12084;82;30.9;30.9;2.674;2.045;1.441;2.993;0.164;1.445;12085
B31558;2015/02/26 01:00:08;12085;78;29.0;30.9;2.422;2.045;1.438;2.993;0.164;1.480;12086
B31558;2015/02/26 01:00:18;12086;80;33.8;30.7;2.493;2.064;1.438;2.954;0.164;1.506;12087
B31558;2015/02/26 01:00:28;12087;83;30.6;30.9;2.629;2.064;1.432;2.954;0.164;1.464;12088
B31558;2015/02/26 01:00:38;12088;88;32.5;30.9;2.429;2.077;1.432;2.954;0.203;1.448;12089
B31558;2015/02/26 01:00:48;12089;84;30.3;30.9;2.432;2.077;1.454;2.954;0.203;1.458;12090
B31558;2015/02/26 01:00:58;12090;90;28.7;31.2;2.574;2.045;1.454;2.970;0.203;1.451;12091
B31558;2015/02/26 01:01:08;12091;79;22.2;30.9;2.483;2.045;1.429;2.970;0.203;1.435;12092
B31558;2015/02/26 01:01:18;12092;82;25.8;30.9;2.412;2.077;1.429;2.970;0.209;1.422;12093
B31558;2015/02/26 01:01:28;12093;82;26.4;30.3;2.629;2.077;1.432;2.970;0.209;1.445;12094
B31558;2015/02/26 01:01:38;12094;83;24.5;30.0;2.680;2.048;1.432;2.987;0.209;1.448;12095
B31558;2015/02/26 01:01:48;12095;85;27.4;30.3;2.503;2.048;1.454;2.987;0.209;1.441;12096
B31558;2015/02/26 01:01:58;12096;83;30.3;30.7;2.493;2.067;1.454;2.987;0.135;1.445;12097
B31558;2015/02/26 01:02:08;12097;86;24.5;30.7;2.529;2.067;1.490;2.987;0.135;1.419;12098
B31558;2015/02/26 01:02:18;12098;80;29.0;30.9;2.474;2.038;1.490;2.954;0.135;1.483;12099
B31558;2015/02/26 01:02:28;12099;89;29.6;30.5;2.606;2.038;1.435;2.954;0.135;1.464;12100
B31558;2015/02/26 01:02:38;12100;87;25.1;30.0;2.667;2.041;1.435;2.954;0.209;1.441;12101
B31558;2015/02/26 01:02:48;12101;74;31.9;30.5;2.590;2.041;1.435;2.954;0.209;1.474;12102
B31558;2015/02/26 01:02:58;12102;80;27.7;30.5;2.412;2.032;1.435;2.993;0.209;1.435;12103
B31558;2015/02/26 01:03:08;12103;89;25.8;30.9;2.419;2.032;1.458;2.993;0.209;1.477;12104
B31558;2015/02/26 01:03:18;12104;78;26.1;30.5;2.616;2.054;1.458;2.993;0.132;1.458;12105
B31558;2015/02/26 01:03:28;12105;83;31.9;30.0;2.564;2.054;1.429;2.993;0.132;1.470;12106
B31558;2015/02/26 01:03:38;12106;77;33.8;30.9;2.419;2.080;1.429;3.012;0.132;1.467;12107
B31558;2015/02/26 01:03:48;12107;84;33.8;30.2;2.519;2.080;1.432;3.012;0.132;1.451;12108
B31558;2015/02/26 01:03:58;12108;83;23.2;30.5;2.680;2.035;1.432;3.012;0.232;1.464;12109
B31558;2015/02/26 01:04:08;12109;80;32.2;30.3;2.558;2.035;1.432;3.012;0.232;1.477;12110
B31558;2015/02/26 01:04:18;12110;83;23.2;30.2;2.419;2.083;1.432;2.964;0.232;1.477;12111
B31558;2015/02/26 01:04:28;12111;83;26.7;30.2;2.506;2.083;1.432;2.964;0.232;1.493;12112
B31558;2015/02/26 01:04:38;12112;83;23.8;30.3;2.399;2.054;1.432;2.964;0.216;1.483;12113
B31558;2015/02/26 01:04:48;12113;91;25.1;30.3;2.609;2.054;1.432;2.964;0.216;1.435;12114
B31558;2015/02/26 01:04:58;12114;87;28.3;30.9;2.670;2.074;1.432;2.987;0.216;1.467;12115
B31558;2015/02/26 01:05:08;12115;85;29.0;30.7;2.422;2.074;1.467;2.987;0.216;1.493;12116
B31558;2015/02/26 01:05:18;12116;74;32.2;31.0;2.432;2.070;1.467;2.987;0.145;1.493;12117
B31558;2015/02/26 01:05:28;12117;78;28.7;31.2;2.412;2.070;1.438;2.987;0.145;1.474;12118
B31558;2015/02/26 01:05:38;12118;84;22.5;30.2;2.419;2.074;1.438;2.964;0.145;1.464;12119
B31558;2015/02/26 01:05:48;12119;83;22.2;30.9;2.509;2.074;1.477;2.964;0.145;1.467;12120
B31558;2015/02/26 01:05:58;12120;78;32.9;30.5;2.451;2.080;1.477;2.964;0.135;1.490;12121
B31558;2015/02/26 01:06:08;12121;81;22.5;31.2;2.416;2.080;1.474;2.964;0.135;1.490;12122
B31558;2015/02/26 01:06:18;12122;83;26.1;30.7;2.429;2.048;1.474;2.964;0.135;1.487;12123
B31558;2015/02/26 01:06:28;12123;78;27.4;30.5;2.683;2.048;1.429;2.964;0.135;1.445;12124
B31558;2015/02/26 01:06:38;12124;83;26.7;30.5;2.622;2.054;1.429;2.964;0.196;1.477;12125
B31558;2015/02/26 01:06:48;12125;82;29.6;30.5;2.590;2.054;1.474;2.964;0.196;1.467;12126
B31558;2015/02/26 01:06:58;12126;87;26.4;31.0;2.399;2.035;1.474;2.945;0.196;1.432;12127
B31558;2015/02/26 01:07:08;12127;81;28.7;30.3;2.677;2.035;1.480;2.945;0.196;1.435;12128
B31558;2015/02/26 01:07:18;12128;83;31.9;30.7;2.432;2.061;1.480;2.945;0.280;1.445;12129
B31558;2015/02/26 01:07:28;12129;84;22.2;31.2;2.432;2.061;1.445;2.945;0.280;1.419;12130
B31558;2015/02/26 01:07:38;12130;82;31.2;30.7;2.635;2.083;1.445;2.951;0.280;1.477;12131
B31558;2015/02/26 01:07:48;12131;90;31.2;30.3;2.567;2.083;1.506;2.951;0.280;1.432;12132
B31558;2015/02/26 01:07:58;12132;88;28.7;31.4;2.425;2.038;1.506;2.951;0.141;1.441;12133
B31558;2015/02/26 01:08:08;12133;88;33.2;30.3;2.570;2.038;1.480;2.951;0.141;1.461;12134
B31558;2015/02/26 01:08:18;12134;85;31.6;31.0;2.454;2.038;1.480;2.958;0.141;1.429;12135
B31558;2015/02/26 01:08:28;12135;77;29.3;30.7;2.590;2.038;1.509;2.958;0.141;1.474;12136
B31558;2015/02/26 01:08:38;12136;93;23.5;30.3;2.641;2.080;1.509;2.958;0.138;1.448;12137
B31558;2015/02/26 01:08:48;12137;80;31.6;29.8;2.551;2.080;1.435;2.958;0.138;1.445;12138
B31558;2015/02/26 01:08:58;12138;84;25.8;30.9;2.406;2.058;1.435;3.012;0.138;1.474;12139
B31558;2015/02/26 01:09:08;12139;78;27.7;31.0;2.445;2.058;1.509;3.012;0.138;1.458;12140
B31558;2015/02/26 01:09:18;12140;93;28.3;30.9;2.432;2.048;1.509;3.012;0.119;1.425;12141
B31558;2015/02/26 01:09:28;12141;89;24.5;30.9;2.435;2.048;1.432;3.012;0.119;1.448;12142
B31558;2015/02/26 01:09:38;12142;74;28.7;31.2;2.564;2.083;1.432;3.016;0.119;1.422;12143
B31558;2015/02/26 01:09:48;12143;87;22.2;31.2;2.435;2.083;1.441;3.016;0.119;1.409;12144
B31558;2015/02/26 01:09:58;12144;82;28.7;30.9;2.603;2.038;1.441;3.016;0.148;1.448;12145
B31558;2015/02/26 01:10:08;12145;78;26.7;30.0;2.661;2.038;1.435;3.016;0.148;1.432;12146
B31558;2015/02/26 01:10:18;12146;83;27.4;30.9;2.432;2.058;1.435;2.961;0.148;1.470;12147
B31558;2015/02/26 01:10:28;12147;83;23.8;31.0;2.419;2.058;1.435;2.961;0.148;1.419;12148
B31558;2015/02/26 01:10:38;12148;76;27.4;31.2;2.651;2.067;1.435;2.961;0.129;1.438;12149
B31558;2015/02/26 01:10:48;12149;80;21.9;30.7;2.432;2.067;1.432;2.961;0.129;1.425;12150
B31558;2015/02/26 01:10:58;12150;80;28.7;30.5;2.596;2.048;1.432;3.029;0.129;1.451;12151
B31558;2015/02/26 01:11:08;12151;88;23.2;31.2;2.432;2.048;1.512;3.029;0.129;1.448;12152
B31558;2015/02/26 01:11:18;12152;88;32.2;30.7;2.451;2.058;1.512;3.029;0.125;1.416;12153
B31558;2015/02/26 01:11:28;12153;87;26.4;30.3;2.596;2.058;1.438;3.029;0.125;1.409;12154
B31558;2015/02/26 01:11:38;12154;86;31.2;30.9;2.487;2.080;1.438;2.996;0.125;1.406;12155
B31558;2015/02/26 01:11:48;12155;78;27.0;31.0;2.690;2.080;1.448;2.996;0.125;1.390;12156
B31558;2015/02/26 01:11:58;12156;76;25.8;30.2;2.648;2.080;1.448;2.996;0.129;1.396;12157
B31558;2015/02/26 01:12:08;12157;86;29.3;30.7;2.683;2.080;1.500;2.996;0.129;1.416;12158
B31558;2015/02/26 01:12:18;12158;80;27.4;31.0;2.577;2.080;1.500;2.987;0.129;1.416;12159
B31558;2015/02/26 01:12:28;12159;85;23.2;31.2;2.435;2.080;1.483;2.987;0.129;1.412;12160
B31558;2015/02/26 01:12:38;12160;83;33.8;31.0;2.406;2.048;1.483;2.987;0.129;1.416;12161
B31558;2015/02/26 01:12:48;12161;77;28.3;30.7;2.683;2.048;1.438;2.987;0.129;1.399;12162
B31558;2015/02/26 01:12:58;12162;90;27.4;30.5;2.683;2.038;1.438;3.016;0.129;1.412;12163
B31558;2015/02/26 01:13:08;12163;86;24.5;30.3;2.474;2.038;1.435;3.016;0.129;1.451;12164
B31558;2015/02/26 01:13:18;12164;88;29.0;30.9;2.574;2.061;1.435;3.016;0.164;1.429;12165
B31558;2015/02/26 01:13:28;12165;80;27.0;30.7;2.651;2.061;1.490;3.016;0.164;1.467;12166
B31558;2015/02/26 01:13:38;12166;85;31.9;30.9;2.658;2.064;1.490;3.022;0.164;1.451;12167
B31558;2015/02/26 01:13:48;12167;86;23.2;30.5;2.512;2.064;1.435;3.022;0.164;1.470;12168
B31558;2015/02/26 01:13:58;12168;85;28.0;30.7;2.590;2.054;1.435;3.022;0.129;1.435;12169
B31558;2015/02/26 01:14:08;12169;81;29.6;30.7;2.683;2.054;1.512;3.022;0.129;1.416;12170
B31558;2015/02/26 01:14:18;12170;85;29.6;30.9;2.535;2.087;1.512;2.987;0.129;1.419;12171
B31558;2015/02/26 01:14:28;12171;80;23.2;30.0;2.458;2.087;1.441;2.987;0.129;1.454;12172
B31558;2015/02/26 01:14:38;12172;86;25.1;30.0;2.412;2.064;1.441;2.987;0.141;1.432;12173
B31558;2015/02/26 01:14:48;12173;74;27.0;30.2;2.670;2.064;1.490;2.987;0.141;1.409;12174
B31558;2015/02/26 01:14:58;12174;77;23.5;30.5;2.674;2.070;1.490;2.983;0.141;1.445;12175
B31558;2015/02/26 01:15:08;12175;87;29.0;30.0;2.538;2.070;1.470;2.983;0.141;1.464;12176
B31558;2015/02/26 01:15:18;12176;78;27.7;30.3;2.412;2.064;1.470;2.983;0.135;1.477;12177
B31558;2015/02/26 01:15:28;12177;90;33.8;29.6;2.545;2.064;1.445;2.983;0.135;1.438;12178
B31558;2015/02/26 01:15:38;12178;83;31.6;30.5;2.561;2.083;1.445;3.009;0.135;1.445;12179
B31558;2015/02/26 01:15:48;12179;90;30.0;30.3;2.683;2.083;1.490;3.009;0.135;1.458;12180
B31558;2015/02/26 01:15:58;12180;90;26.7;30.5;2.606;2.067;1.490;3.009;0.170;1.445;12181
B31558;2015/02/26 01:16:08;12181;88;24.5;30.5;2.551;2.067;1.435;3.009;0.170;1.487;12182
B31558;2015/02/26 01:16:18;12182;82;28.0;30.5;2.432;2.080;1.435;3.003;0.170;1.454;12183
B31558;2015/02/26 01:16:28;12183;87;30.6;30.2;2.677;2.080;1.458;3.003;0.170;1.438;12184
B31558;2015/02/26 01:16:38;12184;80;22.5;30.0;2.677;2.061;1.458;3.003;0.132;1.454;12185
B31558;2015/02/26 01:16:48;12185;86;22.9;30.9;2.493;2.061;1.500;3.003;0.132;1.441;12186
B31558;2015/02/26 01:16:58;12186;90;31.9;30.9;2.458;2.080;1.500;2.967;0.132;1.483;12187
B31558;2015/02/26 01:17:08;12187;77;24.1;30.9;2.454;2.080;1.441;2.967;0.132;1.441;12188
B31558;2015/02/26 01:17:18;12188;93;28.3;30.5;2.406;2.070;1.441;2.967;0.132;1.445;12189
B31558;2015/02/26 01:17:28;12189;89;30.0;30.7;2.422;2.070;1.435;2.967;0.132;1.422;12190
B31558;2015/02/26 01:17:38;12190;91;24.1;31.0;2.467;2.080;1.435;3.000;0.132;1.477;12191
B31558;2015/02/26 01:17:48;12191;90;22.5;30.9;2.422;2.080;1.441;3.000;0.132;1.470;12192
B31558;2015/02/26 01:17:58;12192;93;23.8;30.3;2.412;2.051;1.441;3.000;0.141;1.445;12193
B31558;2015/02/26 01:18:08;12193;82;25.1;30.9;2.470;2.051;1.516;3.000;0.141;1.464;12194
B31558;2015/02/26 01:18:18;12194;83;31.6;30.7;2.425;2.041;1.516;2.990;0.141;1.470;12195
B31558;2015/02/26 01:18:28;12195;83;26.4;30.7;2.658;2.041;1.454;2.990;0.141;1.435;12196
B31558;2015/02/26 01:18:38;12196;93;29.3;31.2;2.570;2.045;1.454;2.990;0.164;1.429;12197
B31558;2015/02/26 01:18:48;12197;79;27.4;30.7;2.474;2.045;1.438;2.990;0.164;1.429;12198
B31558;2015/02/26 01:18:58;12198;83;27.4;31.9;2.596;2.067;1.438;2.974;0.164;1.467;12199
B31558;2015/02/26 01:19:08;12199;88;22.2;31.2;2.487;2.067;1.438;2.974;0.164;1.464;12200
B31558;2015/02/26 01:19:18;12200;86;24.5;31.2;2.438;2.041;1.438;2.974;0.141;1.441;12201
B31558;2015/02/26 01:19:28;12201;82;30.0;30.9;2.522;2.041;1.441;2.974;0.141;1.419;12202
B31558;2015/02/26 01:19:38;12202;83;31.6;30.9;2.432;2.090;1.441;2.977;0.141;1.432;12203
B31558;2015/02/26 01:19:48;12203;81;32.5;30.5;2.561;2.090;1.474;2.977;0.141;1.474;12204
B31558;2015/02/26 01:19:58;12204;80;23.2;30.5;2.422;2.045;1.474;2.977;0.216;1.432;12205
B31558;2015/02/26 01:20:08;12205;81;28.0;30.7;2.648;2.045;1.435;2.977;0.216;1.454;12206
B31558;2015/02/26 01:20:18;12206;92;23.2;30.7;2.651;2.074;1.435;3.016;0.216;1.461;12207
B31558;2015/02/26 01:20:28;12207;80;25.8;31.0;2.422;2.074;1.461;3.016;0.216;1.454;12208
B31558;2015/02/26 01:20:38;12208;78;23.5;30.3;2.674;2.041;1.461;3.016;0.148;1.419;12209
B31558;2015/02/26 01:20:48;12209;73;23.2;31.0;2.409;2.041;1.516;3.016;0.148;1.422;12210
B31558;2015/02/26 01:20:58;12210;83;26.1;30.7;2.419;2.061;1.516;3.006;0.148;1.429;12211
B31558;2015/02/26 01:21:08;12211;77;26.4;30.9;2.658;2.061;1.509;3.006;0.148;1.480;12212
B31558;2015/02/26 01:21:18;12212;83;30.3;31.4;2.596;2.045;1.509;3.006;0.129;1.474;12213
B31558;2015/02/26 01:21:28;12213;83;32.9;30.5;2.670;2.045;1.461;3.006;0.129;1.467;12214
B31558;2015/02/26 01:21:38;12214;83;30.6;31.2;2.412;2.051;1.461;2.958;0.129;1.445;12215
B31558;2015/02/26 01:21:48;12215;82;22.5;31.2;2.432;2.051;1.438;2.958;0.129;1.487;12216
B31558;2015/02/26 01:21:58;12216;82;26.4;31.4;2.412;2.058;1.438;2.958;0.135;1.470;12217
B31558;2015/02/26 01:22:08;12217;84;31.9;31.0;2.583;2.058;1.500;2.958;0.135;1.438;12218
B31558;2015/02/26 01:22:18;12218;77;24.5;30.5;2.403;2.090;1.500;2.993;0.135;1.477;12219
B31558;2015/02/26 01:22:28;12219;87;30.3;30.9;2.683;2.090;1.516;2.993;0.135;1.477;12220
B31558;2015/02/26 01:22:38;12220;81;27.4;31.2;2.503;2.045;1.516;2.993;0.138;1.458;12221
B31558;2015/02/26 01:22:48;12221;78;29.6;31.0;2.683;2.045;1.454;2.993;0.138;1.451;12222
B31558;2015/02/26 01:22:58;12222;92;25.1;30.7;2.406;2.083;1.454;3.016;0.138;1.441;12223
B31558;2015/02/26 01:23:08;12223;80;25.1;31.0;2.445;2.083;1.448;3.016;0.138;1.441;12224
B31558;2015/02/26 01:23:18;12224;76;25.8;30.9;2.399;2.090;1.448;3.016;0.203;1.435;12225
B31558;2015/02/26 01:23:28;12225;82;28.7;30.2;2.641;2.090;1.483;3.016;0.203;1.445;12226
B31558;2015/02/26 01:23:38;12226;88;26.7;31.2;2.425;2.045;1.483;3.006;0.203;1.445;12227
B31558;2015/02/26 01:23:48;12227;72;30.0;30.9;2.461;2.045;1.451;3.006;0.203;1.496;12228
B31558;2015/02/26 01:23:58;12228;81;28.3;31.9;2.583;2.061;1.451;3.006;0.129;1.467;12229
B31558;2015/02/26 01:24:08;12229;83;23.8;31.2;2.419;2.061;1.438;3.006;0.129;1.422;12230
B31558;2015/02/26 01:24:18;12230;84;32.5;31.0;2.403;2.090;1.438;2.980;0.129;1.467;12231
B31558;2015/02/26 01:24:28;12231;80;22.2;30.9;2.541;2.090;1.445;2.980;0.129;1.464;12232
B31558;2015/02/26 01:24:38;12232;75;25.1;30.9;2.667;2.087;1.445;2.980;0.141;1.470;12233
B31558;2015/02/26 01:24:48;12233;78;31.6;31.4;2.409;2.087;1.445;2.980;0.141;1.441;12234
B31558;2015/02/26 01:24:58;12234;86;21.9;30.7;2.412;2.080;1.445;3.000;0.141;1.458;12235
B31558;2015/02/26 01:25:08;12235;86;29.6;30.9;2.677;2.080;1.441;3.000;0.141;1.435;12236
B31558;2015/02/26 01:25:18;12236;92;30.3;31.2;2.425;2.090;1.441;3.000;0.135;1.432;12237
B31558;2015/02/26 01:25:28;12237;77;33.2;30.9;2.577;2.090;1.451;3.000;0.135;1.461;12238
B31558;2015/02/26 01:25:38;12238;92;28.7;31.4;2.432;2.093;1.451;3.019;0.135;1.445;12239
B31558;2015/02/26 01:25:48;12239;88;21.9;31.2;2.435;2.093;1.493;3.019;0.135;1.467;12240
B31558;2015/02/26 01:25:58;12240;91;29.3;31.0;2.664;2.058;1.493;3.019;0.132;1.461;12241
B31558;2015/02/26 01:26:08;12241;85;25.8;31.4;2.664;2.058;1.435;3.019;0.132;1.448;12242
B31558;2015/02/26 01:26:18;12242;84;28.7;30.9;2.429;2.080;1.435;2.993;0.132;1.474;12243
B31558;2015/02/26 01:26:28;12243;81;26.7;30.2;2.532;2.080;1.438;2.993;0.132;1.448;12244
B31558;2015/02/26 01:26:38;12244;87;31.9;30.9;2.538;2.074;1.438;2.993;0.135;1.448;12245
B31558;2015/02/26 01:26:48;12245;78;29.3;30.5;2.574;2.074;1.480;2.993;0.135;1.425;12246
B31558;2015/02/26 01:26:58;12246;93;23.2;30.2;2.412;2.067;1.480;3.029;0.135;1.435;12247
B31558;2015/02/26 01:27:08;12247;78;28.3;30.7;2.612;2.067;1.509;3.029;0.135;1.490;12248
B31558;2015/02/26 01:27:18;12248;83;24.5;31.2;2.509;2.074;1.509;3.029;0.196;1.425;12249
B31558;2015/02/26 01:27:28;12249;77;29.0;31.2;2.483;2.074;1.506;3.029;0.196;1.438;12250
B31558;2015/02/26 01:27:38;12250;82;31.2;31.2;2.435;2.045;1.506;3.035;0.196;1.445;12251
B31558;2015/02/26 01:27:48;12251;90;30.9;30.7;2.683;2.045;1.519;3.035;0.196;1.461;12252
B31558;2015/02/26 01:27:58;12252;85;25.8;30.5;2.645;2.051;1.519;3.035;0.138;1.435;12253
B31558;2015/02/26 01:28:08;12253;81;30.6;30.9;2.619;2.051;1.441;3.035;0.138;1.435;12254
B31558;2015/02/26 01:28:18;12254;87;24.1;30.7;2.519;2.070;1.441;2.983;0.138;1.409;12255
B31558;2015/02/26 01:28:28;12255;80;32.9;30.9;2.458;2.070;1.496;2.983;0.138;1.422;12256
B31558;2015/02/26 01:28:38;12256;91;25.8;30.7;2.590;2.045;1.496;2.983;0.129;1.412;12257
B31558;2015/02/26 01:28:48;12257;82;29.0;30.7;2.422;2.045;1.441;2.983;0.129;1.432;12258
B31558;2015/02/26 01:28:58;12258;93;28.7;31.7;2.461;2.070;1.441;2.993;0.129;1.464;12259
B31558;2015/02/26 01:29:08;12259;89;28.0;30.7;2.677;2.070;1.438;2.993;0.129;1.435;12260
B31558;2015/02/26 01:29:18;12260;81;27.7;31.2;2.548;2.064;1.438;2.993;0.216;1.445;12261
B31558;2015/02/26 01:29:28;12261;75;32.2;30.0;2.680;2.064;1.496;2.993;0.216;1.429;12262
B31558;2015/02/26 01:29:38;12262;80;25.4;30.7;2.406;2.087;1.496;2.970;0.216;1.477;12263
B31558;2015/02/26 01:29:48;12263;82;23.5;31.2;2.529;2.087;1.509;2.970;0.216;1.451;12264
B31558;2015/02/26 01:29:58;12264;83;23.2;31.0;2.438;2.096;1.509;2.970;0.132;1.467;12265
B31558;2015/02/26 01:30:08;12265;89;23.2;31.0;2.558;2.096;1.487;2.970;0.132;1.470;12266
B31558;2015/02/26 01:30:18;12266;84;25.1;30.2;2.667;2.048;1.487;3.029;0.132;1.480;12267
B31558;2015/02/26 01:30:28;12267;75;33.2;31.0;2.664;2.048;1.477;3.029;0.132;1.467;12268
B31558;2015/02/26 01:30:38;12268;88;30.6;30.7;2.603;2.093;1.477;3.029;0.154;1.467;12269
B31558;2015/02/26 01:30:48;12269;71;25.8;30.7;2.645;2.093;1.445;3.029;0.154;1.441;12270
B31558;2015/02/26 01:30:58;12270;91;28.7;31.2;2.680;2.087;1.445;3.029;0.154;1.458;12271
B31558;2015/02/26 01:31:08;12271;83;32.2;30.7;2.670;2.087;1.448;3.029;0.154;1.419;12272
B31558;2015/02/26 01:31:18;12272;78;28.7;30.9;2.538;2.080;1.448;3.029;0.141;1.467;12273
B31558;2015/02/26 01:31:28;12273;80;26.1;30.7;2.638;2.080;1.454;3.029;0.141;1.461;12274
B31558;2015/02/26 01:31:38;12274;83;27.4;30.7;2.641;2.080;1.454;3.022;0.141;1.470;12275
B31558;2015/02/26 01:31:48;12275;85;29.6;31.0;2.416;2.080;1.454;3.022;0.141;1.429;12276
B31558;2015/02/26 01:31:58;12276;86;30.3;30.9;2.629;2.051;1.454;3.022;0.170;1.474;12277
B31558;2015/02/26 01:32:08;12277;89;27.7;31.0;2.435;2.051;1.516;3.022;0.170;1.448;12278
B31558;2015/02/26 01:32:18;12278;84;24.8;30.9;2.500;2.093;1.516;2.964;0.170;1.454;12279
B31558;2015/02/26 01:32:28;12279;77;27.4;30.5;2.512;2.093;1.496;2.964;0.170;1.480;12280
B31558;2015/02/26 01:32:38;12280;93;31.2;30.9;2.587;2.077;1.496;2.964;0.216;1.467;12281
B31558;2015/02/26 01:32:48;12281;73;23.5;31.2;2.677;2.077;1.503;2.964;0.216;1.412;12282
B31558;2015/02/26 01:32:58;12282;86;28.0;30.5;2.661;2.051;1.503;2.987;0.216;1.419;12283
B31558;2015/02/26 01:33:08;12283;84;22.9;30.9;2.422;2.051;1.496;2.987;0.216;1.435;12284
B31558;2015/02/26 01:33:18;12284;88;26.1;30.7;2.422;2.090;1.496;2.987;0.154;1.448;12285
B31558;2015/02/26 01:33:28;12285;84;25.1;30.9;2.419;2.090;1.448;2.987;0.154;1.474;12286
B31558;2015/02/26 01:33:38;12286;83;30.3;31.4;2.454;2.045;1.448;3.006;0.154;1.448;12287
B31558;2015/02/26 01:33:48;12287;80;21.9;30.9;2.432;2.045;1.474;3.006;0.154;1.454;12288
B31558;2015/02/26 01:33:58;12288;91;30.0;30.5;2.464;2.087;1.474;3.006;0.141;1.435;12289
B31558;2015/02/26 01:34:08;12289;86;29.6;31.2;2.667;2.087;1.441;3.006;0.141;1.441;12290
B31558;2015/02/26 01:34:18;12290;93;25.1;30.9;2.406;2.048;1.441;2.967;0.141;1.425;12291
B31558;2015/02/26 01:34:28;12291;82;22.5;31.4;2.419;2.048;1.506;2.967;0.141;1.470;12292
B31558;2015/02/26 01:34:38;12292;91;26.7;30.5;2.412;2.096;1.506;2.967;0.122;1.470;12293
B31558;2015/02/26 01:34:48;12293;76;26.7;30.7;2.532;2.096;1.445;2.967;0.122;1.451;12294
B31558;2015/02/26 01:34:58;12294;82;27.4;31.2;2.432;2.093;1.445;3.029;0.122;1.477;12295
B31558;2015/02/26 01:35:08;12295;78;25.8;31.2;2.448;2.093;1.464;3.029;0.122;1.448;12296
B31558;2015/02/26 01:35:18;12296;82;32.9;31.0;2.425;2.051;1.464;3.029;0.129;1.454;12297
B31558;2015/02/26 01:35:28;12297;90;27.0;31.2;2.451;2.051;1.458;3.029;0.129;1.432;12298
B31558;2015/02/26 01:35:38;12298;80;33.8;31.2;2.470;2.093;1.458;3.022;0.129;1.480;12299
B31558;2015/02/26 01:35:48;12299;78;31.2;30.3;2.648;2.093;1.441;3.022;0.129;1.454;12300
B31558;2015/02/26 01:35:58;12300;77;29.0;31.9;2.577;2.077;1.441;3.022;0.203;1.454;12301
B31558;2015/02/26 01:36:08;12301;86;31.2;31.4;2.683;2.077;1.445;3.022;0.203;1.422;12302
B31558;2015/02/26 01:36:18;12302;83;27.0;31.4;2.529;2.080;1.445;2.967;0.203;1.474;12303
B31558;2015/02/26 01:36:28;12303;86;26.1;30.5;2.490;2.080;1.441;2.967;0.203;1.467;12304
B31558;2015/02/26 01:36:38;12304;89;32.2;30.9;2.622;2.051;1.441;2.967;0.132;1.461;12305
B31558;2015/02/26 01:36:48;12305;77;29.3;30.7;2.683;2.051;1.445;2.967;0.132;1.467;12306
B31558;2015/02/26 01:36:58;12306;82;30.6;31.0;2.603;2.067;1.445;2.974;0.132;1.451;12307
B31558;2015/02/26 01:37:08;12307;83;31.9;30.3;2.677;2.067;1.451;2.974;0.132;1.422;12308
B31558;2015/02/26 01:37:18;12308;84;31.6;31.0;2.425;2.051;1.451;2.974;0.132;1.467;12309
B31558;2015/02/26 01:37:28;12309;82;28.0;31.4;2.412;2.051;1.441;2.974;0.132;1.393;12310
B31558;2015/02/26 01:37:38;12310;80;31.9;31.4;2.561;2.051;1.441;3.032;0.132;1.403;12311
B31558;2015/02/26 01:37:48;12311;91;22.2;31.4;2.429;2.051;1.506;3.032;0.132;1.416;12312
B31558;2015/02/26 01:37:58;12312;87;30.0;31.0;2.680;2.077;1.506;3.032;0.216;1.393;12313
B31558;2015/02/26 01:38:08;12313;80;27.0;30.2;2.477;2.077;1.467;3.032;0.216;1.399;12314
B31558;2015/02/26 01:38:18;12314;83;24.1;30.5;2.658;2.051;1.467;3.006;0.216;1.409;12315
B31558;2015/02/26 01:38:28;12315;84;32.5;31.2;2.570;2.051;1.445;3.006;0.216;1.435;12316
B31558;2015/02/26 01:38:38;12316;90;25.1;30.5;2.412;2.061;1.445;3.006;0.170;1.409;12317
B31558;2015/02/26 01:38:48;12317;84;24.8;31.0;2.441;2.061;1.464;3.006;0.170;1.390;12318
B31558;2015/02/26 01:38:58;12318;84;27.0;30.7;2.419;2.061;1.464;3.054;0.170;1.393;12319
B31558;2015/02/26 01:39:08;12319;85;26.1;30.5;2.509;2.061;1.454;3.054;0.170;1.399;12320
B31558;2015/02/26 01:39:18;12320;86;32.9;30.5;2.409;2.093;1.454;3.054;0.141;1.409;12321
B31558;2015/02/26 01:39:28;12321;79;26.4;31.0;2.677;2.093;1.522;3.054;0.141;1.441;12322
B31558;2015/02/26 01:39:38;12322;92;26.4;30.5;2.406;2.051;1.522;3.041;0.141;1.438;12323
B31558;2015/02/26 01:39:48;12323;73;23.5;30.7;2.412;2.051;1.448;3.041;0.141;1.425;12324
B31558;2015/02/26 01:39:58;12324;92;33.2;30.7;2.609;2.096;1.448;3.041;0.216;1.412;12325
B31558;2015/02/26 01:40:08;12325;79;27.0;30.9;2.432;2.096;1.480;3.041;0.216;1.438;12326
B31558;2015/02/26 01:40:18;12326;86;27.7;30.7;2.406;2.074;1.480;2.983;0.216;1.451;12327
B31558;2015/02/26 01:40:28;12327;88;22.2;31.0;2.422;2.074;1.445;2.983;0.216;1.438;12328
B31558;2015/02/26 01:40:38;12328;92;27.4;30.9;2.574;2.074;1.445;2.983;0.125;1.454;12329
B31558;2015/02/26 01:40:48;12329;86;27.4;30.0;2.564;2.074;1.519;2.983;0.125;1.467;12330
B31558;2015/02/26 01:40:58;12330;90;31.6;30.9;2.580;2.061;1.519;3.025;0.125;1.454;12331
B31558;2015/02/26 01:41:08;12331;82;28.3;31.0;2.683;2.061;1.519;3.025;0.125;1.422;12332
B31558;2015/02/26 01:41:18;12332;87;32.5;30.9;2.419;2.051;1.519;3.025;0.132;1.451;12333
B31558;2015/02/26 01:41:28;12333;80;22.5;31.2;2.435;2.051;1.487;3.025;0.132;1.435;12334
B31558;2015/02/26 01:41:38;12334;89;28.3;31.5;2.564;2.058;1.487;3.041;0.132;1.425;12335
B31558;2015/02/26 01:41:48;12335;83;25.1;31.7;2.412;2.058;1.441;3.041;0.132;1.458;12336
B31558;2015/02/26 01:41:58;12336;83;23.8;30.3;2.683;2.087;1.441;3.041;0.141;1.464;12337
B31558;2015/02/26 01:42:08;12337;81;25.8;30.9;2.435;2.087;1.522;3.041;0.141;1.483;12338
B31558;2015/02/26 01:42:18;12338;77;29.0;31.0;2.680;2.096;1.522;2.996;0.141;1.432;12339
B31558;2015/02/26 01:42:28;12339;88;22.9;30.5;2.432;2.096;1.519;2.996;0.141;1.474;12340
B31558;2015/02/26 01:42:38;12340;75;28.7;30.9;2.432;2.054;1.519;2.996;0.274;1.467;12341
B31558;2015/02/26 01:42:48;12341;83;25.8;31.0;2.645;2.054;1.519;2.996;0.274;1.441;12342
B31558;2015/02/26 01:42:58;12342;88;30.6;31.0;2.490;2.074;1.519;2.987;0.274;1.483;12343
B31558;2015/02/26 01:43:08;12343;86;34.5;30.2;2.480;2.074;1.445;2.987;0.274;1.474;12344
B31558;2015/02/26 01:43:18;12344;82;32.2;31.0;2.603;2.051;1.445;2.987;0.145;1.438;12345
B31558;2015/02/26 01:43:28;12345;82;22.5;30.9;2.432;2.051;1.500;2.987;0.145;1.441;12346
B31558;2015/02/26 01:43:38;12346;84;28.7;30.7;2.632;2.083;1.500;3.000;0.145;1.477;12347
B31558;2015/02/26 01:43:48;12347;75;29.0;30.0;2.554;2.083;1.464;3.000;0.145;1.441;12348
B31558;2015/02/26 01:43:58;12348;85;26.1;30.2;2.667;2.058;1.464;3.000;0.148;1.477;12349
B31558;2015/02/26 01:44:08;12349;84;24.1;31.0;2.425;2.058;1.503;3.000;0.148;1.467;12350
B31558;2015/02/26 01:44:18;12350;81;22.5;30.5;2.680;2.051;1.503;2.983;0.148;1.464;12351
B31558;2015/02/26 01:44:28;12351;75;28.7;30.0;2.545;2.051;1.445;2.983;0.148;1.477;12352
B31558;2015/02/26 01:44:38;12352;91;22.5;30.7;2.683;2.051;1.445;2.983;0.129;1.493;12353
B31558;2015/02/26 01:44:48;12353;81;24.1;31.2;2.470;2.051;1.448;2.983;0.129;1.500;12354
B31558;2015/02/26 01:44:58;12354;83;29.3;30.7;2.487;2.087;1.448;2.974;0.129;1.487;12355
B31558;2015/02/26 01:45:08;12355;73;32.5;30.3;2.470;2.087;1.454;2.974;0.129;1.480;12356
B31558;2015/02/26 01:45:18;12356;84;31.9;31.0;2.645;2.051;1.454;2.974;0.196;1.477;12357
B31558;2015/02/26 01:45:28;12357;84;31.9;30.0;2.670;2.051;1.458;2.974;0.196;1.451;12358
B31558;2015/02/26 01:45:38;12358;87;26.7;30.7;2.551;2.100;1.458;3.012;0.196;1.490;12359
B31558;2015/02/26 01:45:48;12359;87;23.2;30.9;2.432;2.100;1.445;3.012;0.196;1.445;12360
B31558;2015/02/26 01:45:58;12360;86;27.4;30.3;2.429;2.096;1.445;3.012;0.132;1.464;12361
B31558;2015/02/26 01:46:08;12361;76;31.2;30.9;2.651;2.096;1.503;3.012;0.132;1.425;12362
B31558;2015/02/26 01:46:18;12362;93;23.2;30.3;2.664;2.061;1.503;3.048;0.132;1.454;12363
B31558;2015/02/26 01:46:28;12363;85;25.1;30.9;2.422;2.061;1.445;3.048;0.132;1.461;12364
B31558;2015/02/26 01:46:38;12364;89;26.1;30.5;2.648;2.100;1.445;3.048;0.190;1.441;12365
B31558;2015/02/26 01:46:48;12365;75;31.9;30.3;2.690;2.100;1.458;3.048;0.190;1.483;12366
B31558;2015/02/26 01:46:58;12366;87;32.5;30.7;2.593;2.080;1.458;3.041;0.190;1.461;12367
B31558;2015/02/26 01:47:08;12367;78;23.8;30.7;2.609;2.080;1.454;3.041;0.190;1.464;12368
B31558;2015/02/26 01:47:18;12368;86;24.5;30.5;2.674;2.090;1.454;3.041;0.190;1.483;12369
B31558;2015/02/26 01:47:28;12369;83;23.8;30.7;2.435;2.090;1.454;3.041;0.190;1.461;12370
B31558;2015/02/26 01:47:38;12370;83;26.4;30.7;2.645;2.093;1.454;3.032;0.190;1.470;12371
B31558;2015/02/26 01:47:48;12371;83;26.7;29.8;2.532;2.093;1.516;3.032;0.190;1.474;12372
B31558;2015/02/26 01:47:58;12372;73;25.4;30.7;2.393;2.070;1.516;3.032;0.141;1.490;12373
B31558;2015/02/26 01:48:08;12373;82;33.2;30.9;2.641;2.070;1.451;3.032;0.141;1.458;12374
B31558;2015/02/26 01:48:18;12374;89;26.7;30.5;2.632;2.100;1.451;2.983;0.141;1.464;12375
B31558;2015/02/26 01:48:28;12375;88;25.1;30.7;2.500;2.100;1.448;2.983;0.141;1.448;12376
B31558;2015/02/26 01:48:38;12376;77;30.0;30.2;2.596;2.061;1.448;2.983;0.148;1.435;12377
B31558;2015/02/26 01:48:48;12377;86;29.0;30.9;2.658;2.061;1.470;2.983;0.148;1.477;12378
B31558;2015/02/26 01:48:58;12378;76;28.7;30.9;2.432;2.090;1.470;2.977;0.148;1.493;12379
B31558;2015/02/26 01:49:08;12379;88;29.3;30.9;2.677;2.090;1.458;2.977;0.148;1.500;12380
B31558;2015/02/26 01:49:18;12380;72;30.0;30.2;2.674;2.074;1.458;2.977;0.132;1.470;12381
B31558;2015/02/26 01:49:28;12381;86;22.2;31.2;2.432;2.074;1.454;2.977;0.132;1.480;12382
B31558;2015/02/26 01:49:38;12382;80;28.0;31.0;2.435;2.054;1.454;2.990;0.132;1.454;12383
B31558;2015/02/26 01:49:48;12383;86;22.5;30.9;2.474;2.054;1.467;2.990;0.132;1.474;12384
B31558;2015/02/26 01:49:58;12384;93;25.8;30.3;2.635;2.090;1.467;2.990;0.141;1.451;12385
B31558;2015/02/26 01:50:08;12385;74;33.2;30.5;2.622;2.090;1.454;2.990;0.141;1.438;12386
B31558;2015/02/26 01:50:18;12386;93;26.4;31.0;2.461;2.103;1.454;2.983;0.141;1.435;12387
B31558;2015/02/26 01:50:28;12387;88;28.3;31.0;2.419;2.103;1.445;2.983;0.141;1.422;12388
B31558;2015/02/26 01:50:38;12388;81;30.0;30.2;2.680;2.074;1.445;2.983;0.274;1.454;12389
B31558;2015/02/26 01:50:48;12389;86;26.4;31.0;2.432;2.074;1.461;2.983;0.274;1.454;12390
B31558;2015/02/26 01:50:58;12390;83;26.4;30.9;2.441;2.054;1.461;3.038;0.274;1.467;12391
B31558;2015/02/26 01:51:08;12391;78;23.8;30.7;2.683;2.054;1.522;3.038;0.274;1.429;12392
B31558;2015/02/26 01:51:18;12392;73;28.7;30.9;2.561;2.090;1.522;3.038;0.141;1.435;12393
B31558;2015/02/26 01:51:28;12393;77;33.5;30.5;2.506;2.090;1.454;3.038;0.141;1.432;12394
B31558;2015/02/26 01:51:38;12394;92;23.8;30.3;2.680;2.100;1.454;3.003;0.141;1.477;12395
B31558;2015/02/26 01:51:48;12395;77;32.5;31.2;2.448;2.100;1.525;3.003;0.141;1.448;12396
B31558;2015/02/26 01:51:58;12396;74;26.4;30.3;2.635;2.093;1.525;3.003;0.229;1.477;12397
B31558;2015/02/26 01:52:08;12397;84;31.9;30.5;2.567;2.093;1.503;3.003;0.229;1.445;12398
B31558;2015/02/26 01:52:18;12398;93;26.1;30.7;2.412;2.070;1.503;3.032;0.229;1.477;12399
B31558;2015/02/26 01:52:28;12399;93;28.3;31.0;2.429;2.070;1.458;3.032;0.229;1.429;12400
B31558;2015/02/26 01:52:38;12400;82;22.5;30.3;2.680;2.054;1.458;3.032;0.129;1.458;12401
B31558;2015/02/26 01:52:48;12401;84;29.6;30.7;2.674;2.054;1.451;3.032;0.129;1.432;12402
B31558;2015/02/26 01:52:58;12402;89;21.9;30.9;2.422;2.080;1.451;3.009;0.129;1.422;12403
B31558;2015/02/26 01:53:08;12403;81;27.7;31.0;2.425;2.080;1.493;3.009;0.129;1.435;12404
B31558;2015/02/26 01:53:18;12404;93;23.8;30.9;2.470;2.058;1.493;3.009;0.135;1.432;12405
B31558;2015/02/26 01:53:28;12405;78;21.9;30.9;2.538;2.058;1.461;3.009;0.135;1.480;12406
B31558;2015/02/26 01:53:38;12406;84;26.4;30.9;2.606;2.054;1.461;3.012;0.135;1.432;12407
B31558;2015/02/26 01:53:48;12407;87;26.4;31.0;2.448;2.054;1.454;3.012;0.135;1.464;12408
B31558;2015/02/26 01:53:58;12408;78;27.4;31.5;2.680;2.054;1.454;3.012;0.135;1.425;12409
B31558;2015/02/26 01:54:08;12409;82;23.8;31.0;2.583;2.054;1.522;3.012;0.135;1.425;12410
B31558;2015/02/26 01:54:18;12410;92;30.6;31.2;2.548;2.103;1.522;3.032;0.135;1.422;12411
B31558;2015/02/26 01:54:28;12411;90;27.7;31.2;2.670;2.103;1.525;3.032;0.135;1.467;12412
B31558;2015/02/26 01:54:38;12412;88;29.3;30.9;2.464;2.096;1.525;3.032;0.125;1.458;12413
B31558;2015/02/26 01:54:48;12413;89;28.0;31.0;2.670;2.096;1.448;3.032;0.125;1.435;12414
B31558;2015/02/26 01:54:58;12414;76;25.1;30.7;2.503;2.090;1.448;3.006;0.125;1.464;12415
B31558;2015/02/26 01:55:08;12415;92;28.0;30.7;2.683;2.090;1.522;3.006;0.125;1.412;12416
B31558;2015/02/26 01:55:18;12416;86;26.7;30.5;2.658;2.054;1.522;3.006;0.135;1.409;12417
B31558;2015/02/26 01:55:28;12417;79;32.5;31.0;2.577;2.054;1.451;3.006;0.135;1.458;12418
B31558;2015/02/26 01:55:38;12418;92;31.2;30.7;2.512;2.103;1.451;2.993;0.135;1.448;12419
B31558;2015/02/26 01:55:48;12419;74;33.2;30.7;2.474;2.103;1.448;2.993;0.135;1.464;12420
B31558;2015/02/26 01:55:58;12420;88;25.1;31.2;2.412;2.054;1.448;2.993;0.203;1.477;12421
B31558;2015/02/26 01:56:08;12421;78;28.3;30.9;2.683;2.054;1.516;2.993;0.203;1.425;12422
B31558;2015/02/26 01:56:18;12422;81;31.6;31.0;2.432;2.093;1.516;3.038;0.203;1.470;12423
B31558;2015/02/26 01:56:28;12423;89;25.4;30.5;2.474;2.093;1.448;3.038;0.203;1.448;12424
B31558;2015/02/26 01:56:38;12424;78;29.0;30.5;2.629;2.100;1.448;3.038;0.203;1.448;12425
