B3155D;2015/02/11 13:56:52;0;1;22.2;31.4;1.925;-1.000;-1.000;-1.000;-1.000;2.003;1
B3155D;2015/02/11 14:29:45;1;99;18.7;31.9;2.680;-1.000;-1.000;-1.000;-1.000;1.396;2
B3155D;2015/02/11 14:29:55;2;99;22.9;32.1;2.461;3.148;-1.000;3.299;-1.000;1.145;3
B3155D;2015/02/11 14:30:05;3;84;20.9;32.4;2.380;3.148;0.945;3.299;-1.000;1.022;4
B3155D;2015/02/11 14:30:15;4;93;21.2;31.9;2.274;2.909;0.945;3.299;3.212;0.961;5
B3155D;2015/02/11 14:30:25;5;87;20.9;32.2;2.345;2.909;0.867;3.299;3.212;0.900;6
B3155D;2015/02/11 14:30:35;6;89;24.1;32.6;2.348;2.793;0.867;3.299;3.212;0.819;7
B3155D;2015/02/11 14:30:45;7;80;20.3;31.9;2.267;2.793;0.870;3.299;3.212;0.793;8
B3155D;2015/02/11 14:30:55;8;88;20.0;32.1;2.367;2.725;0.870;3.299;2.383;0.738;9
B3155D;2015/02/11 14:31:05;9;88;20.3;31.9;2.190;2.725;0.819;3.299;2.383;0.722;10
B3155D;2015/02/11 14:31:15;10;88;20.6;31.9;2.177;2.622;0.819;3.299;2.383;0.690;11
B3155D;2015/02/11 14:31:25;11;83;25.4;32.1;2.174;2.622;0.845;3.299;2.383;0.706;12
B3155D;2015/02/11 14:31:35;12;87;22.2;31.9;2.351;2.590;0.845;3.299;2.090;0.670;13
B3155D;2015/02/11 14:31:45;13;84;27.4;31.9;2.345;2.590;0.809;3.299;2.090;0.658;14
B3155D;2015/02/11 14:31:55;14;94;22.5;31.2;2.348;2.500;0.809;3.299;2.090;0.641;15
B3155D;2015/02/11 14:32:05;15;88;24.5;31.5;2.319;2.500;0.787;3.299;2.090;0.638;16
B3155D;2015/02/11 14:32:15;16;85;21.2;31.7;2.325;2.487;0.787;3.299;1.667;0.625;17
B3155D;2015/02/11 14:32:25;17;79;24.8;31.0;2.254;2.487;0.790;3.299;1.667;0.625;18
B3155D;2015/02/11 14:32:35;18;94;21.2;31.5;2.164;2.451;0.790;3.299;1.667;0.635;19
B3155D;2015/02/11 14:32:45;19;72;28.0;31.5;2.348;2.451;0.829;3.299;1.667;0.590;20
B3155D;2015/02/11 14:32:55;20;83;25.1;31.5;2.325;2.403;0.829;3.299;1.570;0.596;21
B3155D;2015/02/11 14:33:05;21;77;22.2;31.7;2.296;2.403;0.774;3.299;1.570;0.590;22
B3155D;2015/02/11 14:33:15;22;88;28.7;31.4;2.206;2.364;0.774;3.299;1.570;0.580;23
B3155D;2015/02/11 14:33:25;23;79;20.3;31.2;2.216;2.364;0.799;3.299;1.570;0.593;24
B3155D;2015/02/11 14:33:35;24;94;23.2;30.5;2.335;2.341;0.799;3.299;1.309;0.577;25
B3155D;2015/02/11 14:33:45;25;83;26.7;30.7;2.293;2.341;0.806;3.299;1.309;0.616;26
B3155D;2015/02/11 14:33:55;26;89;25.4;31.2;2.280;2.290;0.806;3.299;1.309;0.567;27
B3155D;2015/02/11 14:34:05;27;75;28.0;30.7;2.316;2.290;0.819;3.299;1.309;0.596;28
B3155D;2015/02/11 14:34:15;28;90;26.1;31.0;2.170;2.283;0.819;3.299;1.180;0.567;29
B3155D;2015/02/11 14:34:25;29;83;28.7;30.0;2.241;2.283;0.770;3.299;1.180;0.587;30
B3155D;2015/02/11 14:34:35;30;83;28.0;29.8;2.322;2.232;0.770;3.258;1.180;0.564;31
B3155D;2015/02/11 14:34:45;31;84;27.7;30.7;2.145;2.232;0.780;3.258;1.180;0.567;32
B3155D;2015/02/11 14:34:55;32;88;22.5;30.3;2.154;2.209;0.780;3.258;1.109;0.596;33
B3155D;2015/02/11 14:35:05;33;90;23.5;30.7;2.125;2.209;0.793;3.258;1.109;0.596;34
B3155D;2015/02/11 14:35:15;34;89;23.5;29.8;2.325;2.170;0.793;3.038;1.109;0.587;35
B3155D;2015/02/11 14:35:25;35;92;28.7;30.5;2.329;2.170;0.799;3.038;1.109;0.596;36
B3155D;2015/02/11 14:35:35;36;83;29.6;30.7;2.274;2.148;0.799;3.038;1.038;0.574;37
B3155D;2015/02/11 14:35:45;37;84;23.8;30.2;2.161;2.148;0.816;3.038;1.038;0.558;38
B3155D;2015/02/11 14:35:55;38;86;23.2;30.3;2.206;2.158;0.816;2.893;1.038;0.567;39
B3155D;2015/02/11 14:36:05;39;78;29.3;30.0;2.290;2.158;0.783;2.893;1.038;0.590;40
B3155D;2015/02/11 14:36:15;40;93;26.4;30.3;2.216;2.148;0.783;2.893;0.929;0.590;41
B3155D;2015/02/11 14:36:25;41;86;26.4;29.6;2.183;2.148;0.780;2.893;0.929;0.590;42
B3155D;2015/02/11 14:36:35;42;90;27.7;29.6;2.212;2.090;0.780;2.767;0.929;0.574;43
B3155D;2015/02/11 14:36:45;43;79;27.4;29.6;2.280;2.090;0.770;2.767;0.929;0.596;44
B3155D;2015/02/11 14:36:55;44;92;27.0;30.2;2.229;2.087;0.770;2.767;0.945;0.574;45
B3155D;2015/02/11 14:37:05;45;87;25.4;29.3;2.183;2.087;0.767;2.767;0.945;0.567;46
B3155D;2015/02/11 14:37:15;46;87;25.4;29.1;2.312;2.058;0.767;2.641;0.945;0.580;47
B3155D;2015/02/11 14:37:25;47;84;23.2;29.3;2.129;2.058;0.770;2.641;0.945;0.561;48
B3155D;2015/02/11 14:37:35;48;93;28.0;29.8;2.293;2.074;0.770;2.641;0.816;0.570;49
B3155D;2015/02/11 14:37:45;49;86;27.7;28.9;2.261;2.074;0.777;2.641;0.816;0.574;50
B3155D;2015/02/11 14:37:55;50;85;27.4;28.9;2.261;2.061;0.777;2.561;0.816;0.554;51
B3155D;2015/02/11 14:38:05;51;83;23.8;29.1;2.280;2.061;0.803;2.561;0.816;0.574;52
B3155D;2015/02/11 14:38:15;52;90;26.4;29.3;2.167;2.012;0.803;2.561;0.764;0.551;53
B3155D;2015/02/11 14:38:25;53;74;29.0;28.9;2.322;2.012;0.816;2.561;0.764;0.593;54
B3155D;2015/02/11 14:38:35;54;90;23.8;29.3;2.125;2.035;0.816;2.483;0.764;0.558;55
B3155D;2015/02/11 14:38:45;55;75;23.8;28.9;2.303;2.035;0.770;2.483;0.764;0.558;56
B3155D;2015/02/11 14:38:55;56;88;29.6;29.1;2.261;2.012;0.770;2.483;0.719;0.564;57
B3155D;2015/02/11 14:39:05;57;83;24.8;29.5;2.138;2.012;0.767;2.483;0.719;0.558;58
B3155D;2015/02/11 14:39:15;58;84;24.5;28.4;2.277;2.009;0.767;2.448;0.719;0.561;59
B3155D;2015/02/11 14:39:25;59;82;25.1;28.8;2.174;2.009;0.793;2.448;0.719;0.590;60
B3155D;2015/02/11 14:39:35;60;85;28.3;28.8;2.296;1.996;0.793;2.448;0.690;0.561;61
B3155D;2015/02/11 14:39:45;61;77;27.7;28.6;2.283;1.996;0.770;2.448;0.690;0.561;62
B3155D;2015/02/11 14:39:55;62;81;29.6;28.6;2.248;1.980;0.770;2.383;0.690;0.574;63
B3155D;2015/02/11 14:40:05;63;81;30.6;28.3;2.299;1.980;0.780;2.383;0.690;0.561;64
B3155D;2015/02/11 14:40:15;64;87;26.7;28.1;2.145;1.970;0.780;2.383;0.654;0.564;65
B3155D;2015/02/11 14:40:25;65;91;26.4;28.4;2.283;1.970;0.816;2.383;0.654;0.583;66
B3155D;2015/02/11 14:40:35;66;86;30.3;28.1;2.293;1.958;0.816;2.329;0.654;0.551;67
B3155D;2015/02/11 14:40:45;67;75;25.8;28.4;2.319;1.958;0.799;2.329;0.654;0.577;68
B3155D;2015/02/11 14:40:55;68;81;23.8;28.3;2.164;1.912;0.799;2.329;0.680;0.577;69
B3155D;2015/02/11 14:41:05;69;88;25.4;28.4;2.116;1.912;0.816;2.329;0.680;0.593;70
B3155D;2015/02/11 14:41:15;70;88;28.0;27.7;2.309;1.938;0.816;2.254;0.680;0.596;71
B3155D;2015/02/11 14:41:25;71;78;25.4;28.4;2.112;1.938;0.822;2.254;0.680;0.564;72
B3155D;2015/02/11 14:41:35;72;84;29.3;28.3;2.245;1.916;0.822;2.254;0.654;0.551;73
B3155D;2015/02/11 14:41:45;73;81;31.2;28.3;2.261;1.916;0.822;2.254;0.654;0.583;74
B3155D;2015/02/11 14:41:55;74;83;23.2;28.3;2.187;1.880;0.822;2.209;0.654;0.551;75
B3155D;2015/02/11 14:42:05;75;90;29.3;28.4;2.309;1.880;0.796;2.209;0.654;0.554;76
B3155D;2015/02/11 14:42:15;76;83;25.8;27.7;2.132;1.906;0.796;2.209;0.554;0.558;77
B3155D;2015/02/11 14:42:25;77;82;28.0;28.1;2.312;1.906;0.774;2.209;0.554;0.564;78
B3155D;2015/02/11 14:42:35;78;80;26.4;28.1;2.229;1.890;0.774;2.177;0.554;0.587;79
B3155D;2015/02/11 14:42:45;79;86;27.0;28.4;2.316;1.890;0.770;2.177;0.554;0.596;80
B3155D;2015/02/11 14:42:55;80;83;24.8;27.7;2.170;1.877;0.770;2.177;0.596;0.577;81
B3155D;2015/02/11 14:43:05;81;86;29.0;28.1;2.138;1.877;0.774;2.177;0.596;0.567;82
B3155D;2015/02/11 14:43:15;82;79;25.8;28.3;2.151;1.877;0.774;2.180;0.596;0.564;83
B3155D;2015/02/11 14:43:25;83;91;29.0;28.1;2.116;1.877;0.783;2.180;0.596;0.599;84
B3155D;2015/02/11 14:43:35;84;92;31.6;28.3;2.312;1.841;0.783;2.180;0.506;0.577;85
B3155D;2015/02/11 14:43:45;85;84;25.4;28.1;2.164;1.841;0.774;2.180;0.506;0.561;86
B3155D;2015/02/11 14:43:55;86;85;28.0;27.7;2.299;1.822;0.774;2.119;0.506;0.574;87
B3155D;2015/02/11 14:44:05;87;75;24.1;28.3;2.132;1.822;0.816;2.119;0.506;0.580;88
B3155D;2015/02/11 14:44:15;88;84;27.4;27.9;2.174;1.841;0.816;2.119;0.483;0.583;89
B3155D;2015/02/11 14:44:25;89;83;25.1;27.7;2.122;1.841;0.774;2.119;0.483;0.570;90
B3155D;2015/02/11 14:44:35;90;93;32.2;27.9;2.306;1.816;0.774;2.087;0.483;0.570;91
B3155D;2015/02/11 14:44:45;91;87;26.4;27.2;2.187;1.816;0.774;2.087;0.483;0.587;92
B3155D;2015/02/11 14:44:55;92;84;30.6;27.4;2.312;1.806;0.774;2.087;0.458;0.587;93
B3155D;2015/02/11 14:45:05;93;87;25.8;27.9;2.170;1.806;0.787;2.087;0.458;0.603;94
B3155D;2015/02/11 14:45:15;94;88;25.8;27.0;2.287;1.796;0.787;2.087;0.458;0.599;95
B3155D;2015/02/11 14:45:25;95;88;30.6;27.6;2.112;1.796;0.770;2.087;0.458;0.603;96
B3155D;2015/02/11 14:45:35;96;85;31.2;27.7;2.264;1.809;0.770;2.087;0.441;0.587;97
B3155D;2015/02/11 14:45:45;97;80;28.3;27.2;2.296;1.809;0.783;2.087;0.441;0.564;98
B3155D;2015/02/11 14:45:55;98;90;27.4;27.6;2.151;1.800;0.783;2.048;0.441;0.580;99
B3155D;2015/02/11 14:46:05;99;83;31.9;27.6;2.316;1.800;0.774;2.048;0.441;0.567;100
B3155D;2015/02/11 14:46:15;100;88;25.4;27.4;2.109;1.774;0.774;2.048;0.487;0.603;101
B3155D;2015/02/11 14:46:25;101;88;23.8;27.7;2.132;1.774;0.790;2.048;0.487;0.564;102
B3155D;2015/02/11 14:46:35;102;81;26.4;27.6;2.238;1.783;0.790;2.061;0.487;0.580;103
B3155D;2015/02/11 14:46:45;103;84;25.1;27.2;2.132;1.783;0.774;2.061;0.487;0.599;104
B3155D;2015/02/11 14:46:55;104;93;29.3;27.4;2.158;1.774;0.774;2.061;0.416;0.599;105
B3155D;2015/02/11 14:47:05;105;82;33.2;27.6;2.274;1.774;0.770;2.061;0.416;0.587;106
B3155D;2015/02/11 14:47:15;106;91;31.9;27.6;2.251;1.754;0.770;2.006;0.416;0.622;107
B3155D;2015/02/11 14:47:25;107;86;30.9;27.2;2.309;1.754;0.787;2.006;0.416;0.580;108
B3155D;2015/02/11 14:47:35;108;89;25.8;26.5;2.151;1.725;0.787;2.006;0.399;0.574;109
B3155D;2015/02/11 14:47:45;109;83;27.0;26.9;2.199;1.725;0.806;2.006;0.399;0.603;110
B3155D;2015/02/11 14:47:55;110;90;26.7;26.5;2.319;1.735;0.806;1.987;0.399;0.580;111
B3155D;2015/02/11 14:48:05;111;88;29.6;27.4;2.309;1.735;0.770;1.987;0.399;0.609;112
B3155D;2015/02/11 14:48:15;112;83;26.4;26.9;2.109;1.745;0.770;1.987;0.406;0.580;113
B3155D;2015/02/11 14:48:25;113;80;27.0;27.4;2.270;1.745;0.770;1.987;0.406;0.574;114
B3155D;2015/02/11 14:48:35;114;88;30.9;27.2;2.270;1.729;0.770;1.964;0.406;0.580;115
B3155D;2015/02/11 14:48:45;115;88;25.1;27.4;2.112;1.729;0.806;1.964;0.406;0.580;116
B3155D;2015/02/11 14:48:55;116;84;30.3;27.2;2.203;1.712;0.806;1.964;0.438;0.570;117
B3155D;2015/02/11 14:49:05;117;88;25.1;27.4;2.319;1.712;0.770;1.964;0.438;0.583;118
B3155D;2015/02/11 14:49:15;118;87;25.1;26.9;2.167;1.696;0.770;1.954;0.438;0.567;119
B3155D;2015/02/11 14:49:25;119;72;28.7;26.5;2.248;1.696;0.796;1.954;0.438;0.587;120
B3155D;2015/02/11 14:49:35;120;78;33.2;27.7;2.299;1.680;0.796;1.954;0.448;0.599;121
B3155D;2015/02/11 14:49:45;121;85;26.4;27.4;2.164;1.680;0.816;1.954;0.448;0.596;122
B3155D;2015/02/11 14:49:55;122;82;24.5;26.7;2.112;1.677;0.816;1.977;0.448;0.570;123
B3155D;2015/02/11 14:50:05;123;78;25.4;27.4;2.154;1.677;0.767;1.977;0.448;0.603;124
B3155D;2015/02/11 14:50:15;124;80;30.6;27.4;2.167;1.670;0.767;1.977;0.361;0.599;125
B3155D;2015/02/11 14:50:25;125;83;28.7;26.2;2.245;1.670;0.783;1.977;0.361;0.570;126
B3155D;2015/02/11 14:50:35;126;93;25.8;26.9;2.109;1.664;0.783;1.929;0.361;0.577;127
B3155D;2015/02/11 14:50:45;127;82;29.0;26.5;2.241;1.664;0.819;1.929;0.361;0.580;128
B3155D;2015/02/11 14:50:55;128;84;25.8;27.2;2.122;1.677;0.819;1.929;0.409;0.577;129
B3155D;2015/02/11 14:51:05;129;87;29.0;26.5;2.235;1.677;0.770;1.929;0.409;0.616;130
B3155D;2015/02/11 14:51:15;130;88;27.4;26.7;2.277;1.683;0.770;1.961;0.409;0.609;131
B3155D;2015/02/11 14:51:25;131;91;30.6;27.0;2.212;1.683;0.816;1.961;0.409;0.593;132
B3155D;2015/02/11 14:51:35;132;88;26.4;26.9;2.154;1.687;0.816;1.961;0.412;0.599;133
B3155D;2015/02/11 14:51:45;133;72;29.6;26.3;2.267;1.687;0.770;1.961;0.412;0.609;134
B3155D;2015/02/11 14:51:55;134;92;31.2;26.9;2.283;1.651;0.770;1.909;0.412;0.580;135
B3155D;2015/02/11 14:52:05;135;79;24.5;27.4;2.154;1.651;0.770;1.909;0.412;0.593;136
B3155D;2015/02/11 14:52:15;136;87;27.4;27.0;2.222;1.674;0.770;1.909;0.351;0.574;137
B3155D;2015/02/11 14:52:25;137;89;25.1;27.2;2.138;1.674;0.774;1.909;0.351;0.570;138
B3155D;2015/02/11 14:52:35;138;78;31.9;27.4;2.164;1.670;0.774;1.912;0.351;0.603;139
B3155D;2015/02/11 14:52:45;139;83;25.4;27.2;2.125;1.670;0.774;1.912;0.351;0.577;140
B3155D;2015/02/11 14:52:55;140;85;28.0;27.0;2.122;1.641;0.774;1.912;0.412;0.570;141
B3155D;2015/02/11 14:53:05;141;80;24.8;27.4;2.135;1.641;0.819;1.912;0.412;0.609;142
B3155D;2015/02/11 14:53:15;142;92;29.0;26.9;2.216;1.654;0.819;1.916;0.412;0.590;143
B3155D;2015/02/11 14:53:25;143;88;25.1;27.2;2.125;1.654;0.774;1.916;0.412;0.603;144
B3155D;2015/02/11 14:53:35;144;80;29.0;26.7;2.303;1.651;0.774;1.916;0.348;0.580;145
B3155D;2015/02/11 14:53:45;145;73;26.1;26.3;2.167;1.651;0.793;1.916;0.348;0.580;146
B3155D;2015/02/11 14:53:55;146;83;26.4;26.9;2.158;1.629;0.793;1.941;0.348;0.570;147
B3155D;2015/02/11 14:54:05;147;73;27.4;26.9;2.174;1.629;0.787;1.941;0.348;0.574;148
B3155D;2015/02/11 14:54:15;148;79;29.6;27.2;2.296;1.635;0.787;1.941;0.338;0.574;149
B3155D;2015/02/11 14:54:25;149;87;23.8;27.0;2.135;1.635;0.799;1.941;0.338;0.577;150
B3155D;2015/02/11 14:54:35;150;85;30.0;26.7;2.287;1.612;0.799;1.912;0.338;0.599;151
B3155D;2015/02/11 14:54:45;151;87;27.0;27.4;2.309;1.612;0.774;1.912;0.338;0.609;152
B3155D;2015/02/11 14:54:55;152;78;28.3;27.2;2.193;1.609;0.774;1.912;0.332;0.593;153
B3155D;2015/02/11 14:55:05;153;83;27.4;26.7;2.190;1.609;0.796;1.912;0.332;0.580;154
B3155D;2015/02/11 14:55:15;154;91;30.3;27.2;2.303;1.635;0.796;1.890;0.332;0.603;155
B3155D;2015/02/11 14:55:25;155;82;29.6;26.9;2.303;1.635;0.822;1.890;0.332;0.577;156
B3155D;2015/02/11 14:55:35;156;92;28.0;27.2;2.129;1.593;0.822;1.890;0.354;0.587;157
B3155D;2015/02/11 14:55:45;157;87;33.2;26.7;2.135;1.593;0.809;1.890;0.354;0.616;158
B3155D;2015/02/11 14:55:55;158;88;26.7;27.0;2.138;1.609;0.809;1.912;0.354;0.583;159
B3155D;2015/02/11 14:56:05;159;88;31.6;27.0;2.274;1.609;0.780;1.912;0.354;0.609;160
B3155D;2015/02/11 14:56:15;160;85;26.1;27.2;2.148;1.587;0.780;1.912;0.335;0.599;161
B3155D;2015/02/11 14:56:25;161;80;24.1;27.2;2.138;1.587;0.793;1.912;0.335;0.603;162
B3155D;2015/02/11 14:56:35;162;80;29.3;27.2;2.193;1.609;0.793;1.893;0.335;0.593;163
B3155D;2015/02/11 14:56:45;163;86;24.1;27.2;2.206;1.609;0.780;1.893;0.335;0.603;164
B3155D;2015/02/11 14:56:55;164;83;29.6;26.9;2.299;1.587;0.780;1.893;0.370;0.612;165
B3155D;2015/02/11 14:57:05;165;87;25.4;27.4;2.151;1.587;0.822;1.893;0.370;0.574;166
B3155D;2015/02/11 14:57:15;166;79;25.4;27.6;2.203;1.609;0.822;1.890;0.370;0.580;167
B3155D;2015/02/11 14:57:25;167;91;24.1;27.0;2.290;1.609;0.799;1.890;0.370;0.580;168
B3155D;2015/02/11 14:57:35;168;91;31.2;27.6;2.296;1.612;0.799;1.890;0.370;0.616;169
B3155D;2015/02/11 14:57:45;169;88;27.4;27.2;2.129;1.612;0.803;1.890;0.370;0.603;170
B3155D;2015/02/11 14:57:55;170;85;25.4;27.0;2.119;1.574;0.803;1.909;0.370;0.622;171
B3155D;2015/02/11 14:58:05;171;79;27.0;27.7;2.187;1.574;0.787;1.909;0.370;0.580;172
B3155D;2015/02/11 14:58:15;172;89;29.3;27.0;2.245;1.580;0.787;1.909;0.316;0.603;173
B3155D;2015/02/11 14:58:25;173;90;31.2;27.0;2.267;1.580;0.777;1.909;0.316;0.616;174
B3155D;2015/02/11 14:58:35;174;84;25.1;27.6;2.229;1.574;0.777;1.916;0.316;0.577;175
B3155D;2015/02/11 14:58:45;175;84;32.2;27.2;2.290;1.574;0.787;1.916;0.316;0.616;176
B3155D;2015/02/11 14:58:55;176;92;30.0;26.5;2.132;1.574;0.787;1.916;0.312;0.599;177
B3155D;2015/02/11 14:59:05;177;83;24.5;27.6;2.254;1.574;0.806;1.916;0.312;0.609;178
B3155D;2015/02/11 14:59:15;178;85;26.4;27.4;2.119;1.574;0.806;1.880;0.312;0.583;179
B3155D;2015/02/11 14:59:25;179;82;26.1;27.2;2.254;1.574;0.783;1.880;0.312;0.606;180
B3155D;2015/02/11 14:59:35;180;89;28.3;26.7;2.212;1.570;0.783;1.880;0.416;0.622;181
B3155D;2015/02/11 14:59:45;181;87;25.8;27.4;2.299;1.570;0.796;1.880;0.416;0.593;182
B3155D;2015/02/11 14:59:55;182;91;25.1;27.0;2.119;1.590;0.796;1.916;0.416;0.590;183
B3155D;2015/02/11 15:00:05;183;89;28.7;27.4;2.309;1.590;0.780;1.916;0.416;0.587;184
B3155D;2015/02/11 15:00:15;184;88;25.1;27.2;2.132;1.580;0.780;1.916;0.312;0.616;185
B3155D;2015/02/11 15:00:25;185;87;25.8;27.2;2.148;1.580;0.787;1.916;0.312;0.590;186
B3155D;2015/02/11 15:00:35;186;93;27.0;27.0;2.109;1.561;0.787;1.906;0.312;0.587;187
B3155D;2015/02/11 15:00:45;187;83;28.3;27.4;2.103;1.561;0.822;1.906;0.312;0.625;188
B3155D;2015/02/11 15:00:55;188;87;27.7;26.7;2.103;1.580;0.822;1.906;0.322;0.587;189
B3155D;2015/02/11 15:01:05;189;79;30.6;26.9;2.267;1.580;0.787;1.906;0.322;0.587;190
B3155D;2015/02/11 15:01:15;190;86;30.0;27.0;2.158;1.548;0.787;1.900;0.322;0.622;191
B3155D;2015/02/11 15:01:25;191;80;29.0;27.0;2.267;1.548;0.829;1.900;0.322;0.622;192
B3155D;2015/02/11 15:01:35;192;91;28.3;26.7;2.100;1.570;0.829;1.900;0.299;0.593;193
B3155D;2015/02/11 15:01:45;193;78;30.6;27.0;2.164;1.570;0.783;1.900;0.299;0.629;194
B3155D;2015/02/11 15:01:55;194;83;32.5;27.2;2.216;1.554;0.783;1.906;0.299;0.593;195
B3155D;2015/02/11 15:02:05;195;77;24.8;27.2;2.154;1.554;0.787;1.906;0.299;0.622;196
B3155D;2015/02/11 15:02:15;196;87;27.0;27.2;2.116;1.538;0.787;1.906;0.316;0.616;197
B3155D;2015/02/11 15:02:25;197;89;30.6;26.7;2.270;1.538;0.780;1.906;0.316;0.596;198
B3155D;2015/02/11 15:02:35;198;81;28.3;26.9;2.129;1.538;0.780;1.870;0.316;0.593;199
B3155D;2015/02/11 15:02:45;199;84;28.0;26.9;2.309;1.538;0.822;1.870;0.316;0.590;200
B3155D;2015/02/11 15:02:55;200;74;31.9;27.0;2.170;1.564;0.822;1.870;0.364;0.619;201
B3155D;2015/02/11 15:03:05;201;87;28.3;26.9;2.216;1.564;0.793;1.870;0.364;0.612;202
B3155D;2015/02/11 15:03:15;202;88;27.7;27.2;2.287;1.570;0.793;1.903;0.364;0.593;203
B3155D;2015/02/11 15:03:25;203;91;27.7;26.2;2.216;1.570;0.787;1.903;0.364;0.629;204
B3155D;2015/02/11 15:03:35;204;85;26.1;27.4;2.132;1.567;0.787;1.903;0.296;0.629;205
B3155D;2015/02/11 15:03:45;205;90;25.1;26.5;2.154;1.567;0.793;1.903;0.296;0.593;206
B3155D;2015/02/11 15:03:55;206;88;32.5;26.7;2.103;1.558;0.793;1.861;0.296;0.596;207
B3155D;2015/02/11 15:04:05;207;86;28.7;26.2;2.222;1.558;0.806;1.861;0.296;0.596;208
B3155D;2015/02/11 15:04:15;208;87;31.2;27.0;2.161;1.535;0.806;1.861;0.309;0.612;209
B3155D;2015/02/11 15:04:25;209;86;26.1;27.0;2.103;1.535;0.819;1.861;0.309;0.596;210
B3155D;2015/02/11 15:04:35;210;83;31.2;26.7;2.309;1.529;0.819;1.877;0.309;0.625;211
B3155D;2015/02/11 15:04:45;211;83;27.0;26.3;2.212;1.529;0.787;1.877;0.309;0.635;212
B3155D;2015/02/11 15:04:55;212;83;28.7;26.9;2.283;1.541;0.787;1.877;0.338;0.629;213
B3155D;2015/02/11 15:05:05;213;88;32.2;26.9;2.270;1.541;0.835;1.877;0.338;0.612;214
B3155D;2015/02/11 15:05:15;214;87;27.0;26.7;2.306;1.532;0.835;1.874;0.338;0.629;215
B3155D;2015/02/11 15:05:25;215;89;31.6;27.2;2.125;1.532;0.783;1.874;0.338;0.622;216
B3155D;2015/02/11 15:05:35;216;92;29.6;26.9;2.248;1.564;0.783;1.874;0.309;0.616;217
B3155D;2015/02/11 15:05:45;217;83;25.1;27.2;2.129;1.564;0.790;1.874;0.309;0.596;218
B3155D;2015/02/11 15:05:55;218;83;27.4;26.3;2.109;1.532;0.790;1.903;0.309;0.629;219
B3155D;2015/02/11 15:06:05;219;77;30.9;26.7;2.306;1.532;0.835;1.903;0.309;0.629;220
B3155D;2015/02/11 15:06:15;220;91;27.7;26.9;2.287;1.525;0.835;1.903;0.290;0.625;221
B3155D;2015/02/11 15:06:25;221;78;25.4;27.0;2.116;1.525;0.783;1.903;0.290;0.638;222
B3155D;2015/02/11 15:06:35;222;83;28.7;27.0;2.109;1.561;0.783;1.880;0.290;0.606;223
B3155D;2015/02/11 15:06:45;223;82;33.2;26.3;2.235;1.561;0.787;1.880;0.290;0.609;224
B3155D;2015/02/11 15:06:55;224;87;28.3;26.5;2.122;1.541;0.787;1.880;0.287;0.641;225
B3155D;2015/02/11 15:07:05;225;82;25.4;27.0;2.138;1.541;0.806;1.880;0.287;0.606;226
B3155D;2015/02/11 15:07:15;226;88;31.6;26.9;2.309;1.548;0.806;1.861;0.287;0.599;227
B3155D;2015/02/11 15:10:38;227;88;26.1;27.0;2.125;1.548;0.790;1.861;0.287;0.596;228
B3155D;2015/02/11 15:10:48;228;82;30.0;26.9;2.229;1.519;0.790;1.861;0.283;0.619;229
B3155D;2015/02/11 15:10:58;229;92;28.0;26.9;2.161;1.519;0.787;1.861;0.283;0.641;230
B3155D;2015/02/11 15:11:08;230;83;27.0;26.9;2.238;1.545;0.787;1.893;0.283;0.603;231
B3155D;2015/02/11 15:11:18;231;85;31.9;26.9;2.303;1.545;0.790;1.893;0.283;0.603;232
B3155D;2015/02/11 15:11:28;232;88;26.4;26.9;2.116;1.558;0.790;1.893;0.293;0.603;233
B3155D;2015/02/11 15:11:38;233;84;30.0;26.9;2.129;1.558;0.819;1.893;0.293;0.606;234
B3155D;2015/02/11 15:11:48;234;79;31.9;27.0;2.135;1.538;0.819;1.861;0.293;0.599;235
B3155D;2015/02/11 15:11:58;235;81;25.8;27.4;2.232;1.538;0.806;1.861;0.293;0.599;236
B3155D;2015/02/11 15:12:08;236;93;31.6;27.2;2.254;1.529;0.806;1.861;0.351;0.638;237
B3155D;2015/02/11 15:12:18;237;84;30.6;26.3;2.306;1.529;0.806;1.861;0.351;0.606;238
B3155D;2015/02/11 15:12:28;238;83;28.0;27.0;2.164;1.516;0.806;1.877;0.351;0.629;239
B3155D;2015/02/11 15:12:38;239;81;28.7;26.5;2.241;1.516;0.835;1.877;0.351;0.612;240
B3155D;2015/02/11 15:12:48;240;88;33.2;26.5;2.100;1.551;0.835;1.877;0.332;0.599;241
B3155D;2015/02/11 15:12:58;241;80;31.9;26.7;2.174;1.551;0.825;1.877;0.332;0.625;242
B3155D;2015/02/11 15:13:08;242;93;26.1;26.7;2.135;1.545;0.825;1.864;0.332;0.616;243
B3155D;2015/02/11 15:13:18;243;88;25.8;27.0;2.264;1.545;0.835;1.864;0.332;0.609;244
B3155D;2015/02/11 15:13:28;244;93;27.7;26.2;2.103;1.519;0.835;1.864;0.283;0.629;245
B3155D;2015/02/11 15:13:38;245;80;27.0;26.3;2.177;1.519;0.799;1.864;0.283;0.629;246
B3155D;2015/02/11 15:13:48;246;83;26.4;26.9;2.109;1.509;0.799;1.867;0.283;0.616;247
B3155D;2015/02/11 15:13:58;247;92;30.6;26.5;2.287;1.509;0.787;1.867;0.283;0.625;248
B3155D;2015/02/11 15:14:08;248;83;25.8;26.3;2.309;1.538;0.787;1.867;0.290;0.619;249
B3155D;2015/02/11 15:14:18;249;89;28.3;26.7;2.112;1.538;0.790;1.867;0.290;0.606;250
B3155D;2015/02/11 15:14:28;250;88;31.2;27.2;2.251;1.541;0.790;1.893;0.290;0.619;251
B3155D;2015/02/11 15:14:38;251;80;29.6;27.2;2.129;1.541;0.787;1.893;0.290;0.638;252
B3155D;2015/02/11 15:14:48;252;89;28.3;26.7;2.303;1.532;0.787;1.893;0.287;0.635;253
B3155D;2015/02/11 15:14:58;253;75;26.7;26.9;2.177;1.532;0.812;1.893;0.287;0.606;254
B3155D;2015/02/11 15:15:08;254;86;31.9;27.4;2.196;1.535;0.812;1.854;0.287;0.641;255
B3155D;2015/02/11 15:15:18;255;80;27.4;26.5;2.164;1.535;0.787;1.854;0.287;0.629;256
B3155D;2015/02/11 15:15:28;256;91;27.4;26.9;2.287;1.529;0.787;1.854;0.364;0.606;257
B3155D;2015/02/11 15:15:38;257;88;30.6;26.9;2.309;1.529;0.829;1.854;0.364;0.635;258
B3155D;2015/02/11 15:15:48;258;83;27.7;26.9;2.161;1.519;0.829;1.861;0.364;0.616;259
B3155D;2015/02/11 15:15:58;259;89;29.0;26.7;2.303;1.519;0.790;1.861;0.364;0.648;260
B3155D;2015/02/11 15:16:08;260;93;30.0;26.5;2.103;1.512;0.790;1.861;0.283;0.619;261
B3155D;2015/02/11 15:16:18;261;90;30.3;27.2;2.135;1.512;0.829;1.861;0.283;0.629;262
B3155D;2015/02/11 15:16:28;262;91;31.2;27.0;2.161;1.535;0.829;1.890;0.283;0.609;263
B3155D;2015/02/11 15:16:38;263;80;25.4;27.2;2.229;1.535;0.825;1.890;0.283;0.632;264
B3155D;2015/02/11 15:16:48;264;90;26.7;26.7;2.167;1.503;0.825;1.890;0.290;0.638;265
B3155D;2015/02/11 15:16:58;265;76;28.7;26.5;2.203;1.503;0.783;1.890;0.290;0.654;266
B3155D;2015/02/11 15:17:08;266;83;33.2;27.4;2.199;1.509;0.783;1.890;0.290;0.648;267
B3155D;2015/02/11 15:17:18;267;73;32.5;26.0;2.206;1.509;0.799;1.890;0.290;0.612;268
B3155D;2015/02/11 15:17:28;268;82;27.7;26.0;2.212;1.503;0.799;1.890;0.316;0.629;269
B3155D;2015/02/11 15:17:38;269;76;33.2;26.3;2.125;1.503;0.790;1.890;0.316;0.619;270
B3155D;2015/02/11 15:17:48;270;89;26.1;27.0;2.270;1.522;0.790;1.877;0.316;0.619;271
B3155D;2015/02/11 15:17:58;271;92;31.2;26.3;2.287;1.522;0.819;1.877;0.316;0.622;272
B3155D;2015/02/11 15:18:08;272;86;30.0;26.7;2.306;1.503;0.819;1.877;0.274;0.632;273
B3155D;2015/02/11 15:18:18;273;85;30.0;26.9;2.154;1.503;0.799;1.877;0.274;0.622;274
B3155D;2015/02/11 15:18:28;274;86;29.6;26.7;2.193;1.503;0.799;1.851;0.274;0.654;275
B3155D;2015/02/11 15:18:38;275;86;28.7;25.8;2.248;1.503;0.835;1.851;0.274;0.638;276
B3155D;2015/02/11 15:18:48;276;81;27.4;26.7;2.164;1.538;0.835;1.851;0.332;0.625;277
B3155D;2015/02/11 15:18:58;277;88;33.5;26.2;2.258;1.538;0.790;1.851;0.332;0.648;278
B3155D;2015/02/11 15:19:08;278;93;30.3;26.7;2.287;1.538;0.790;1.890;0.332;0.645;279
B3155D;2015/02/11 15:19:18;279;84;28.7;26.3;2.229;1.538;0.819;1.890;0.332;0.622;280
B3155D;2015/02/11 15:19:28;280;87;29.6;26.9;2.299;1.525;0.819;1.890;0.290;0.651;281
B3155D;2015/02/11 15:19:38;281;79;31.2;26.2;2.261;1.525;0.835;1.890;0.290;0.638;282
B3155D;2015/02/11 15:19:48;282;90;26.4;26.7;2.283;1.496;0.835;1.858;0.290;0.638;283
B3155D;2015/02/11 15:19:58;283;91;33.8;25.8;2.241;1.496;0.806;1.858;0.290;0.619;284
B3155D;2015/02/11 15:20:08;284;89;31.2;27.0;2.158;1.525;0.806;1.858;0.332;0.632;285
B3155D;2015/02/11 15:20:18;285;85;27.0;27.0;2.119;1.525;0.787;1.858;0.332;0.648;286
B3155D;2015/02/11 15:20:28;286;85;28.7;26.5;2.187;1.503;0.787;1.848;0.332;0.638;287
B3155D;2015/02/11 15:20:38;287;85;29.3;26.2;2.261;1.503;0.799;1.848;0.332;0.619;288
B3155D;2015/02/11 15:20:48;288;83;27.0;26.5;2.148;1.522;0.799;1.848;0.325;0.619;289
B3155D;2015/02/11 15:20:58;289;84;28.7;26.3;2.148;1.522;0.835;1.848;0.325;0.622;290
B3155D;2015/02/11 15:21:08;290;90;27.7;26.7;2.109;1.529;0.835;1.848;0.325;0.625;291
B3155D;2015/02/11 15:21:18;291;73;27.4;26.5;2.183;1.529;0.835;1.848;0.325;0.632;292
B3155D;2015/02/11 15:21:28;292;89;29.3;26.0;2.122;1.512;0.835;1.848;0.277;0.651;293
B3155D;2015/02/11 15:21:38;293;87;26.7;27.0;2.167;1.512;0.787;1.848;0.277;0.612;294
B3155D;2015/02/11 15:21:48;294;87;29.0;26.7;2.193;1.519;0.787;1.887;0.277;0.622;295
B3155D;2015/02/11 15:21:58;295;83;25.4;26.7;2.135;1.519;0.787;1.887;0.277;0.648;296
B3155D;2015/02/11 15:22:08;296;85;26.7;26.9;2.138;1.490;0.787;1.887;0.277;0.619;297
B3155D;2015/02/11 15:22:18;297;78;25.4;27.0;2.283;1.490;0.783;1.887;0.277;0.619;298
B3155D;2015/02/11 15:22:28;298;88;30.6;27.0;2.148;1.519;0.783;1.883;0.277;0.622;299
B3155D;2015/02/11 15:22:38;299;90;27.7;26.2;2.193;1.519;0.793;1.883;0.277;0.654;300
B3155D;2015/02/11 15:22:48;300;84;27.7;26.7;2.167;1.519;0.793;1.883;0.293;0.632;301
B3155D;2015/02/11 15:22:58;301;89;27.7;26.7;2.122;1.519;0.832;1.883;0.293;0.625;302
B3155D;2015/02/11 15:23:08;302;93;30.6;26.9;2.267;1.503;0.832;1.887;0.293;0.648;303
B3155D;2015/02/11 15:23:18;303;89;31.2;26.7;2.135;1.503;0.803;1.887;0.293;0.625;304
B3155D;2015/02/11 15:23:28;304;88;27.0;26.5;2.135;1.493;0.803;1.887;0.351;0.619;305
B3155D;2015/02/11 15:23:38;305;85;26.1;26.7;2.167;1.493;0.829;1.887;0.351;0.625;306
B3155D;2015/02/11 15:23:48;306;84;32.5;26.7;2.170;1.483;0.829;1.845;0.351;0.641;307
B3155D;2015/02/11 15:23:58;307;83;27.4;26.3;2.293;1.483;0.829;1.845;0.351;0.606;308
B3155D;2015/02/11 15:24:08;308;90;26.7;26.9;2.151;1.509;0.829;1.845;0.277;0.609;309
B3155D;2015/02/11 15:24:18;309;83;32.2;26.7;2.283;1.509;0.825;1.845;0.277;0.625;310
B3155D;2015/02/11 15:24:28;310;84;28.7;26.9;2.177;1.519;0.825;1.845;0.277;0.638;311
B3155D;2015/02/11 15:24:38;311;88;30.6;26.5;2.293;1.519;0.835;1.845;0.277;0.619;312
B3155D;2015/02/11 15:24:48;312;88;25.8;26.7;2.122;1.496;0.835;1.845;0.261;0.619;313
B3155D;2015/02/11 15:24:58;313;84;27.4;27.0;2.316;1.496;0.835;1.845;0.261;0.625;314
B3155D;2015/02/11 15:25:08;314;88;32.5;26.9;2.254;1.493;0.835;1.864;0.261;0.616;315
B3155D;2015/02/11 15:25:18;315;85;33.5;26.2;2.264;1.493;0.787;1.864;0.261;0.619;316
B3155D;2015/02/11 15:25:28;316;84;32.5;26.5;2.212;1.516;0.787;1.864;0.264;0.612;317
B3155D;2015/02/11 15:25:38;317;84;31.9;26.7;2.254;1.516;0.790;1.864;0.264;0.622;318
B3155D;2015/02/11 15:25:48;318;88;33.5;26.9;2.296;1.490;0.790;1.845;0.264;0.612;319
B3155D;2015/02/11 15:25:58;319;89;29.0;26.9;2.158;1.490;0.783;1.845;0.264;0.641;320
B3155D;2015/02/11 15:26:08;320;86;26.4;26.5;2.203;1.480;0.783;1.845;0.267;0.619;321
B3155D;2015/02/11 15:26:18;321;86;27.0;27.4;2.125;1.480;0.832;1.845;0.267;0.632;322
B3155D;2015/02/11 15:26:28;322;87;26.4;26.7;2.319;1.493;0.832;1.858;0.267;0.609;323
B3155D;2015/02/11 15:26:38;323;84;29.0;26.0;2.258;1.493;0.783;1.858;0.267;0.625;324
B3155D;2015/02/11 15:26:48;324;86;28.3;26.7;2.219;1.490;0.783;1.858;0.293;0.616;325
B3155D;2015/02/11 15:26:58;325;80;32.5;26.2;2.261;1.490;0.799;1.858;0.293;0.641;326
B3155D;2015/02/11 15:27:08;326;84;25.1;26.5;2.122;1.516;0.799;1.883;0.293;0.619;327
B3155D;2015/02/11 15:27:18;327;81;29.6;26.3;2.151;1.516;0.787;1.883;0.293;0.648;328
B3155D;2015/02/11 15:27:28;328;88;28.7;26.2;2.316;1.493;0.787;1.883;0.283;0.648;329
B3155D;2015/02/11 15:27:38;329;81;26.7;26.9;2.148;1.493;0.787;1.883;0.283;0.654;330
B3155D;2015/02/11 15:27:48;330;91;27.0;26.3;2.125;1.506;0.787;1.841;0.283;0.625;331
B3155D;2015/02/11 15:27:58;331;88;31.9;26.3;2.290;1.506;0.835;1.841;0.283;0.648;332
B3155D;2015/02/11 15:28:08;332;74;27.4;26.7;2.116;1.496;0.835;1.841;0.264;0.654;333
B3155D;2015/02/11 15:28:18;333;73;31.2;26.2;2.277;1.496;0.799;1.841;0.264;0.651;334
B3155D;2015/02/11 15:28:28;334;88;30.9;26.3;2.270;1.500;0.799;1.880;0.264;0.629;335
B3155D;2015/02/11 15:28:38;335;81;33.5;26.0;2.261;1.500;0.809;1.880;0.264;0.619;336
B3155D;2015/02/11 15:28:48;336;90;28.7;26.7;2.196;1.519;0.809;1.880;0.319;0.632;337
B3155D;2015/02/11 15:28:58;337;88;30.0;26.7;2.329;1.519;0.841;1.880;0.319;0.654;338
B3155D;2015/02/11 15:29:08;338;84;30.6;26.5;2.267;1.487;0.841;1.845;0.319;0.654;339
B3155D;2015/02/11 15:29:18;339;90;28.0;26.3;2.309;1.487;0.822;1.845;0.319;0.638;340
B3155D;2015/02/11 15:29:28;340;80;30.0;26.0;2.158;1.516;0.822;1.845;0.277;0.654;341
B3155D;2015/02/11 15:29:38;341;83;27.7;26.2;2.261;1.516;0.793;1.845;0.277;0.654;342
B3155D;2015/02/11 15:29:48;342;90;29.0;26.3;2.145;1.490;0.793;1.822;0.277;0.622;343
B3155D;2015/02/11 15:29:58;343;93;25.1;26.3;2.264;1.490;0.796;1.822;0.277;0.661;344
B3155D;2015/02/11 15:30:08;344;87;25.8;26.5;2.212;1.480;0.796;1.822;0.293;0.632;345
B3155D;2015/02/11 15:30:18;345;84;26.1;26.9;2.274;1.480;0.841;1.822;0.293;0.648;346
B3155D;2015/02/11 15:30:28;346;86;30.3;27.0;2.145;1.519;0.841;1.780;0.293;0.638;347
B3155D;2015/02/11 15:30:38;347;83;27.7;26.5;2.125;1.519;0.809;1.780;0.293;0.625;348
B3155D;2015/02/11 15:30:48;348;91;27.4;26.5;2.267;1.503;0.809;1.780;0.254;0.648;349
B3155D;2015/02/11 15:30:58;349;83;31.9;26.5;2.309;1.503;0.829;1.780;0.254;0.641;350
B3155D;2015/02/11 15:31:08;350;84;30.3;26.7;2.325;1.483;0.829;1.819;0.254;0.629;351
B3155D;2015/02/11 15:31:18;351;75;33.2;26.2;2.148;1.483;0.796;1.819;0.254;0.635;352
B3155D;2015/02/11 15:31:28;352;87;28.7;26.7;2.254;1.493;0.796;1.819;0.277;0.648;353
B3155D;2015/02/11 15:31:38;353;78;30.6;27.0;2.296;1.493;0.796;1.819;0.277;0.629;354
B3155D;2015/02/11 15:31:48;354;81;27.4;26.7;2.187;1.500;0.796;1.780;0.277;0.609;355
B3155D;2015/02/11 15:31:58;355;89;26.4;27.2;2.193;1.500;0.806;1.780;0.277;0.606;356
B3155D;2015/02/11 15:32:08;356;78;29.3;27.2;2.274;1.516;0.806;1.780;0.306;0.609;357
B3155D;2015/02/11 15:32:18;357;79;27.0;27.4;2.329;1.516;0.809;1.780;0.306;0.635;358
B3155D;2015/02/11 15:32:28;358;91;27.0;26.7;2.283;1.503;0.809;1.796;0.306;0.641;359
B3155D;2015/02/11 15:32:38;359;89;24.8;27.7;2.148;1.503;0.829;1.796;0.306;0.609;360
B3155D;2015/02/11 15:32:48;360;88;25.1;27.2;2.170;1.493;0.829;1.796;0.248;0.625;361
B3155D;2015/02/11 15:32:58;361;77;28.7;27.0;2.183;1.493;0.806;1.796;0.248;0.625;362
B3155D;2015/02/11 15:33:08;362;86;32.9;27.2;2.287;1.480;0.806;1.767;0.248;0.632;363
B3155D;2015/02/11 15:33:18;363;83;30.9;27.6;2.322;1.480;0.841;1.767;0.248;0.606;364
B3155D;2015/02/11 15:33:28;364;93;26.1;27.4;2.161;1.516;0.841;1.767;0.306;0.616;365
B3155D;2015/02/11 15:33:38;365;83;25.4;27.4;2.148;1.516;0.793;1.767;0.306;0.619;366
B3155D;2015/02/11 15:33:48;366;86;30.6;27.9;2.245;1.509;0.793;1.803;0.306;0.635;367
B3155D;2015/02/11 15:33:58;367;86;31.6;27.2;2.148;1.509;0.790;1.803;0.306;0.596;368
B3155D;2015/02/11 15:34:08;368;88;28.0;27.6;2.158;1.477;0.790;1.803;0.299;0.612;369
B3155D;2015/02/11 15:34:18;369;82;27.7;27.4;2.293;1.477;0.793;1.803;0.299;0.622;370
B3155D;2015/02/11 15:34:28;370;86;26.4;27.2;2.164;1.516;0.793;1.767;0.299;0.625;371
B3155D;2015/02/11 15:34:38;371;79;26.1;27.7;2.190;1.516;0.793;1.767;0.299;0.629;372
B3155D;2015/02/11 15:34:48;372;84;24.8;27.6;2.293;1.496;0.793;1.767;0.264;0.625;373
B3155D;2015/02/11 15:34:58;373;78;25.4;27.4;2.329;1.496;0.793;1.767;0.264;0.635;374
B3155D;2015/02/11 15:35:08;374;83;29.0;27.6;2.261;1.487;0.793;1.764;0.264;0.625;375
B3155D;2015/02/11 15:35:18;375;77;29.3;27.9;2.332;1.487;0.835;1.764;0.264;0.612;376
B3155D;2015/02/11 15:35:28;376;85;26.7;27.9;2.277;1.512;0.835;1.764;0.245;0.635;377
B3155D;2015/02/11 15:35:38;377;85;29.6;27.7;2.174;1.512;0.790;1.764;0.245;0.629;378
B3155D;2015/02/11 15:35:48;378;88;26.7;27.9;2.164;1.490;0.790;1.751;0.245;0.616;379
B3155D;2015/02/11 15:35:58;379;89;24.8;27.2;2.316;1.490;0.790;1.751;0.245;0.616;380
B3155D;2015/02/11 15:36:08;380;79;25.4;27.6;2.158;1.506;0.790;1.751;0.251;0.599;381
B3155D;2015/02/11 15:36:18;381;81;25.1;27.6;2.183;1.506;0.793;1.751;0.251;0.629;382
B3155D;2015/02/11 15:36:28;382;86;24.5;27.6;2.245;1.509;0.793;1.748;0.251;0.606;383
B3155D;2015/02/11 15:36:38;383;74;24.8;27.7;2.164;1.509;0.812;1.748;0.251;0.599;384
B3155D;2015/02/11 15:36:48;384;91;24.1;28.3;2.148;1.516;0.812;1.748;0.299;0.599;385
B3155D;2015/02/11 15:36:58;385;89;24.8;28.1;2.170;1.516;0.790;1.748;0.299;0.638;386
B3155D;2015/02/11 15:37:08;386;84;27.0;28.1;2.232;1.493;0.790;1.780;0.299;0.638;387
B3155D;2015/02/11 15:37:18;387;79;26.4;27.6;2.135;1.493;0.790;1.780;0.299;0.645;388
B3155D;2015/02/11 15:37:28;388;85;29.0;28.1;2.322;1.477;0.790;1.780;0.251;0.609;389
B3155D;2015/02/11 15:37:38;389;87;29.3;27.6;2.335;1.477;0.806;1.780;0.251;0.622;390
B3155D;2015/02/11 15:37:48;390;80;25.8;28.1;2.296;1.487;0.806;1.748;0.251;0.593;391
B3155D;2015/02/11 15:37:58;391;79;24.5;28.3;2.290;1.487;0.790;1.748;0.251;0.612;392
B3155D;2015/02/11 15:38:08;392;89;24.8;27.7;2.138;1.487;0.790;1.748;0.248;0.606;393
B3155D;2015/02/11 15:38:18;393;92;23.5;27.9;2.158;1.487;0.790;1.748;0.248;0.612;394
B3155D;2015/02/11 15:38:28;394;78;27.4;27.9;2.293;1.477;0.790;1.787;0.248;0.635;395
B3155D;2015/02/11 15:38:38;395;85;26.7;27.6;2.254;1.477;0.806;1.787;0.248;0.629;396
B3155D;2015/02/11 15:38:48;396;83;26.4;28.3;2.319;1.519;0.806;1.787;0.264;0.596;397
B3155D;2015/02/11 15:38:58;397;84;26.7;27.4;2.151;1.519;0.790;1.787;0.264;0.629;398
B3155D;2015/02/11 15:39:08;398;93;24.8;27.9;2.154;1.516;0.790;1.800;0.264;0.596;399
B3155D;2015/02/11 15:39:18;399;88;27.0;27.6;2.335;1.516;0.796;1.800;0.264;0.625;400
B3155D;2015/02/11 15:39:28;400;85;25.4;27.9;2.287;1.503;0.796;1.800;0.264;0.635;401
B3155D;2015/02/11 15:39:38;401;88;23.5;27.9;2.225;1.503;0.790;1.800;0.264;0.635;402
B3155D;2015/02/11 15:39:48;402;91;24.1;27.9;2.254;1.506;0.790;1.764;0.264;0.625;403
B3155D;2015/02/11 15:39:58;403;86;30.9;28.3;2.293;1.506;0.812;1.764;0.264;0.638;404
B3155D;2015/02/11 15:40:08;404;91;25.8;27.6;2.135;1.477;0.812;1.764;0.299;0.599;405
B3155D;2015/02/11 15:40:18;405;83;29.6;28.1;2.322;1.477;0.835;1.764;0.299;0.599;406
B3155D;2015/02/11 15:40:28;406;90;26.4;27.7;2.329;1.487;0.835;1.796;0.299;0.612;407
B3155D;2015/02/11 15:40:38;407;78;28.3;28.1;2.329;1.487;0.809;1.796;0.299;0.596;408
B3155D;2015/02/11 15:40:48;408;88;30.6;27.9;2.267;1.490;0.809;1.796;0.251;0.596;409
B3155D;2015/02/11 15:40:58;409;78;25.1;27.4;2.154;1.490;0.841;1.796;0.251;0.619;410
B3155D;2015/02/11 15:41:08;410;76;28.0;27.7;2.332;1.500;0.841;1.764;0.251;0.619;411
B3155D;2015/02/11 15:41:18;411;80;27.0;28.3;2.135;1.500;0.809;1.764;0.251;0.612;412
B3155D;2015/02/11 15:41:28;412;83;26.4;27.7;2.290;1.516;0.809;1.764;0.280;0.612;413
B3155D;2015/02/11 15:41:38;413;82;30.9;27.7;2.325;1.516;0.793;1.764;0.280;0.593;414
B3155D;2015/02/11 15:41:48;414;83;25.8;27.9;2.141;1.500;0.793;1.800;0.280;0.635;415
B3155D;2015/02/11 15:41:58;415;85;29.0;27.9;2.296;1.500;0.793;1.800;0.280;0.612;416
B3155D;2015/02/11 15:42:08;416;93;26.4;27.9;2.225;1.516;0.793;1.800;0.245;0.629;417
B3155D;2015/02/11 15:42:18;417;84;25.4;28.1;2.141;1.516;0.841;1.800;0.245;0.612;418
B3155D;2015/02/11 15:42:28;418;79;26.4;27.6;2.212;1.480;0.841;1.758;0.245;0.635;419
B3155D;2015/02/11 15:42:38;419;92;25.8;28.1;2.132;1.480;0.838;1.758;0.245;0.599;420
B3155D;2015/02/11 15:42:48;420;90;30.0;27.9;2.264;1.493;0.838;1.758;0.245;0.609;421
B3155D;2015/02/11 15:42:58;421;84;30.6;27.9;2.290;1.493;0.793;1.758;0.245;0.612;422
B3155D;2015/02/11 15:43:08;422;86;25.8;28.1;2.129;1.519;0.793;1.758;0.245;0.596;423
B3155D;2015/02/11 15:43:18;423;78;24.8;28.4;2.170;1.519;0.809;1.758;0.245;0.622;424
B3155D;2015/02/11 15:43:28;424;89;31.9;28.1;2.296;1.487;0.809;1.758;0.245;0.599;425
B3155D;2015/02/11 15:43:38;425;78;24.8;28.1;2.219;1.487;0.806;1.758;0.245;0.590;426
B3155D;2015/02/11 15:43:48;426;93;23.8;28.3;2.148;1.519;0.806;1.777;0.245;0.606;427
B3155D;2015/02/11 15:43:58;427;78;26.4;27.4;2.277;1.519;0.819;1.777;0.245;0.587;428
B3155D;2015/02/11 15:44:08;428;79;24.5;27.9;2.199;1.516;0.819;1.777;0.245;0.587;429
B3155D;2015/02/11 15:44:18;429;89;31.9;28.1;2.138;1.516;0.829;1.777;0.245;0.593;430
B3155D;2015/02/11 15:44:28;430;90;25.8;27.6;2.170;1.506;0.829;1.780;0.245;0.587;431
B3155D;2015/02/11 15:44:38;431;82;27.7;27.9;2.254;1.506;0.841;1.780;0.245;0.590;432
B3155D;2015/02/11 15:44:48;432;83;23.8;27.9;2.154;1.503;0.841;1.780;0.245;0.593;433
B3155D;2015/02/11 15:44:58;433;86;29.6;27.7;2.287;1.503;0.790;1.780;0.245;0.622;434
B3155D;2015/02/11 15:45:08;434;85;29.3;27.9;2.316;1.522;0.790;1.774;0.245;0.616;435
B3155D;2015/02/11 15:45:18;435;80;32.5;27.7;2.293;1.522;0.790;1.774;0.245;0.629;436
B3155D;2015/02/11 15:45:28;436;92;30.3;28.6;2.290;1.503;0.790;1.774;0.293;0.629;437
B3155D;2015/02/11 15:45:38;437;87;31.9;28.1;2.135;1.503;0.793;1.774;0.293;0.629;438
B3155D;2015/02/11 15:45:48;438;93;25.8;28.3;2.167;1.483;0.793;1.770;0.293;0.606;439
B3155D;2015/02/11 15:45:58;439;73;27.0;27.7;2.225;1.483;0.841;1.770;0.293;0.599;440
B3155D;2015/02/11 15:46:08;440;88;25.4;28.4;2.161;1.483;0.841;1.770;0.245;0.593;441
B3155D;2015/02/11 15:46:18;441;87;23.5;28.1;2.177;1.483;0.841;1.770;0.245;0.612;442
B3155D;2015/02/11 15:46:28;442;89;25.8;28.1;2.129;1.490;0.841;1.816;0.245;0.593;443
B3155D;2015/02/11 15:46:38;443;82;31.2;28.3;2.283;1.490;0.803;1.816;0.245;0.622;444
B3155D;2015/02/11 15:46:48;444;88;24.8;27.7;2.145;1.506;0.803;1.816;0.293;0.616;445
B3155D;2015/02/11 15:46:58;445;85;23.2;28.4;2.158;1.506;0.841;1.816;0.293;0.612;446
B3155D;2015/02/11 15:47:08;446;89;25.8;27.4;2.299;1.509;0.841;1.829;0.293;0.596;447
B3155D;2015/02/11 15:47:18;447;86;23.5;28.6;2.183;1.509;0.835;1.829;0.293;0.593;448
B3155D;2015/02/11 15:47:28;448;81;28.7;28.3;2.264;1.500;0.835;1.829;0.293;0.629;449
B3155D;2015/02/11 15:47:38;449;76;28.7;28.1;2.135;1.500;0.790;1.829;0.293;0.622;450
B3155D;2015/02/11 15:47:48;450;90;29.3;28.3;2.264;1.512;0.790;1.783;0.293;0.596;451
B3155D;2015/02/11 15:47:58;451;79;29.6;28.3;2.261;1.512;0.796;1.783;0.293;0.622;452
B3155D;2015/02/11 15:48:08;452;87;28.7;28.3;2.338;1.525;0.796;1.783;0.238;0.606;453
B3155D;2015/02/11 15:48:18;453;84;27.7;27.9;2.341;1.525;0.841;1.783;0.238;0.599;454
B3155D;2015/02/11 15:48:28;454;88;23.2;28.4;2.154;1.487;0.841;1.793;0.238;0.619;455
B3155D;2015/02/11 15:48:38;455;85;23.2;28.4;2.145;1.487;0.835;1.793;0.238;0.616;456
B3155D;2015/02/11 15:48:48;456;76;28.7;28.6;2.335;1.506;0.835;1.793;0.277;0.609;457
B3155D;2015/02/11 15:48:58;457;88;30.9;27.9;2.145;1.506;0.793;1.793;0.277;0.619;458
B3155D;2015/02/11 15:49:08;458;79;26.7;28.1;2.338;1.503;0.793;1.803;0.277;0.625;459
B3155D;2015/02/11 15:49:18;459;88;25.1;28.4;2.151;1.503;0.809;1.803;0.277;0.629;460
B3155D;2015/02/11 15:49:28;460;79;25.1;28.1;2.129;1.509;0.809;1.803;0.245;0.635;461
B3155D;2015/02/11 15:49:38;461;89;30.3;28.3;2.341;1.509;0.812;1.803;0.245;0.599;462
B3155D;2015/02/11 15:49:48;462;94;23.8;27.9;2.145;1.487;0.812;1.809;0.245;0.606;463
B3155D;2015/02/11 15:49:58;463;86;31.9;28.1;2.319;1.487;0.841;1.809;0.245;0.612;464
B3155D;2015/02/11 15:50:08;464;78;28.0;28.4;2.164;1.496;0.841;1.809;0.245;0.593;465
B3155D;2015/02/11 15:50:18;465;73;30.6;28.6;2.341;1.496;0.799;1.809;0.245;0.641;466
B3155D;2015/02/11 15:50:28;466;85;23.8;28.1;2.203;1.487;0.799;1.835;0.245;0.606;467
B3155D;2015/02/11 15:50:38;467;92;27.0;28.6;2.135;1.487;0.829;1.835;0.245;0.632;468
B3155D;2015/02/11 15:50:48;468;84;29.6;28.1;2.296;1.503;0.829;1.835;0.293;0.606;469
B3155D;2015/02/11 15:50:58;469;88;24.1;28.8;2.306;1.503;0.841;1.835;0.293;0.596;470
B3155D;2015/02/11 15:51:08;470;88;24.5;28.3;2.193;1.522;0.841;1.790;0.293;0.645;471
B3155D;2015/02/11 15:51:18;471;91;25.4;27.7;2.341;1.522;0.806;1.790;0.293;0.612;472
B3155D;2015/02/11 15:51:28;472;93;25.8;27.9;2.129;1.490;0.806;1.790;0.251;0.609;473
B3155D;2015/02/11 15:51:38;473;84;27.7;28.3;2.293;1.490;0.819;1.790;0.251;0.606;474
B3155D;2015/02/11 15:51:48;474;90;26.4;27.7;2.158;1.487;0.819;1.793;0.251;0.612;475
B3155D;2015/02/11 15:51:58;475;83;26.1;27.9;2.267;1.487;0.796;1.793;0.251;0.629;476
B3155D;2015/02/11 15:52:08;476;82;27.0;28.3;2.164;1.490;0.796;1.793;0.241;0.629;477
B3155D;2015/02/11 15:52:18;477;91;27.7;27.9;2.341;1.490;0.803;1.793;0.241;0.593;478
B3155D;2015/02/11 15:52:28;478;93;30.3;28.6;2.338;1.516;0.803;1.806;0.241;0.603;479
B3155D;2015/02/11 15:52:38;479;83;25.4;28.4;2.206;1.516;0.799;1.806;0.241;0.612;480
B3155D;2015/02/11 15:52:48;480;88;24.1;28.4;2.164;1.496;0.799;1.806;0.293;0.596;481
B3155D;2015/02/11 15:52:58;481;93;30.6;28.4;2.209;1.496;0.845;1.806;0.293;0.599;482
B3155D;2015/02/11 15:53:08;482;86;32.2;28.8;2.309;1.509;0.845;1.809;0.293;0.629;483
B3155D;2015/02/11 15:53:18;483;91;30.3;28.6;2.335;1.509;0.799;1.809;0.293;0.629;484
B3155D;2015/02/11 15:53:28;484;87;24.8;28.3;2.145;1.512;0.799;1.809;0.245;0.596;485
B3155D;2015/02/11 15:53:38;485;84;30.9;28.3;2.341;1.512;0.796;1.809;0.245;0.629;486
B3155D;2015/02/11 15:53:48;486;93;25.1;28.4;2.132;1.496;0.796;1.783;0.245;0.635;487
B3155D;2015/02/11 15:53:58;487;82;28.7;27.6;2.335;1.496;0.845;1.783;0.245;0.599;488
B3155D;2015/02/11 15:54:08;488;84;25.8;27.9;2.141;1.509;0.845;1.783;0.235;0.619;489
B3155D;2015/02/11 15:54:18;489;86;26.1;28.3;2.338;1.509;0.835;1.783;0.235;0.606;490
B3155D;2015/02/11 15:54:28;490;86;28.7;28.4;2.148;1.519;0.835;1.832;0.235;0.596;491
B3155D;2015/02/11 15:54:38;491;86;25.8;28.6;2.141;1.519;0.796;1.832;0.235;0.612;492
B3155D;2015/02/11 15:54:48;492;92;26.4;28.1;2.135;1.490;0.796;1.832;0.258;0.612;493
B3155D;2015/02/11 15:54:58;493;91;26.4;28.8;2.187;1.490;0.838;1.832;0.258;0.612;494
B3155D;2015/02/11 15:55:08;494;86;29.3;28.3;2.341;1.503;0.838;1.812;0.258;0.609;495
B3155D;2015/02/11 15:55:18;495;86;24.1;28.8;2.287;1.503;0.796;1.812;0.258;0.616;496
B3155D;2015/02/11 15:55:28;496;85;31.9;28.8;2.312;1.525;0.796;1.812;0.241;0.629;497
B3155D;2015/02/11 15:55:38;497;77;30.0;28.6;2.199;1.525;0.825;1.812;0.241;0.635;498
B3155D;2015/02/11 15:55:48;498;91;28.0;28.4;2.341;1.496;0.825;1.790;0.241;0.619;499
B3155D;2015/02/11 15:55:58;499;78;29.3;28.3;2.341;1.496;0.819;1.790;0.241;0.635;500
B3155D;2015/02/11 15:56:08;500;92;30.3;28.6;2.338;1.509;0.819;1.790;0.241;0.606;501
B3155D;2015/02/11 15:56:18;501;74;26.7;27.9;2.341;1.509;0.819;1.790;0.241;0.599;502
B3155D;2015/02/11 15:56:28;502;90;25.1;27.9;2.187;1.525;0.819;1.825;0.241;0.587;503
B3155D;2015/02/11 15:56:38;503;79;22.9;28.8;2.196;1.525;0.806;1.825;0.241;0.622;504
B3155D;2015/02/11 15:56:48;504;87;29.3;28.3;2.161;1.500;0.806;1.825;0.238;0.612;505
B3155D;2015/02/11 15:56:58;505;89;23.2;28.8;2.164;1.500;0.793;1.825;0.238;0.583;506
B3155D;2015/02/11 15:57:08;506;86;31.6;28.4;2.306;1.516;0.793;1.787;0.238;0.622;507
B3155D;2015/02/11 15:57:18;507;79;25.8;28.8;2.154;1.516;0.796;1.787;0.238;0.622;508
B3155D;2015/02/11 15:57:28;508;93;31.2;28.9;2.319;1.509;0.796;1.787;0.232;0.629;509
B3155D;2015/02/11 15:57:38;509;83;23.5;28.3;2.145;1.509;0.796;1.787;0.232;0.622;510
B3155D;2015/02/11 15:57:48;510;82;30.6;28.8;2.277;1.496;0.796;1.822;0.232;0.583;511
B3155D;2015/02/11 15:57:58;511;91;31.2;28.4;2.209;1.496;0.841;1.822;0.232;0.587;512
B3155D;2015/02/11 15:58:08;512;89;25.8;28.6;2.203;1.525;0.841;1.822;0.238;0.635;513
B3155D;2015/02/11 15:58:18;513;81;30.9;28.3;2.348;1.525;0.796;1.822;0.238;0.622;514
B3155D;2015/02/11 15:58:28;514;84;27.7;27.7;2.303;1.522;0.796;1.816;0.238;0.587;515
B3155D;2015/02/11 15:58:38;515;82;24.8;28.8;2.167;1.522;0.793;1.816;0.238;0.593;516
B3155D;2015/02/11 15:58:48;516;78;27.7;27.9;2.167;1.512;0.793;1.816;0.251;0.583;517
B3155D;2015/02/11 15:58:58;517;88;24.1;28.8;2.187;1.512;0.796;1.816;0.251;0.606;518
B3155D;2015/02/11 15:59:08;518;93;28.3;27.7;2.164;1.529;0.796;1.806;0.251;0.606;519
B3155D;2015/02/11 15:59:18;519;89;24.1;28.9;2.151;1.529;0.806;1.806;0.251;0.616;520
B3155D;2015/02/11 15:59:28;520;88;28.0;27.7;2.135;1.561;0.806;1.806;0.229;0.616;521
B3155D;2015/02/11 15:59:38;521;88;27.0;28.6;2.187;1.561;0.825;1.806;0.229;0.587;522
B3155D;2015/02/11 15:59:48;522;93;32.5;28.6;2.248;1.525;0.825;1.806;0.229;0.619;523
B3155D;2015/02/11 15:59:58;523;88;27.4;28.8;2.138;1.525;0.790;1.806;0.229;0.606;524
B3155D;2015/02/11 16:00:08;524;92;31.2;28.1;2.345;1.567;0.790;1.806;0.251;0.593;525
B3155D;2015/02/11 16:00:18;525;88;32.5;27.9;2.348;1.567;0.841;1.806;0.251;0.606;526
B3155D;2015/02/11 16:00:28;526;81;25.1;28.4;2.161;1.558;0.841;1.848;0.251;0.616;527
B3155D;2015/02/11 16:00:38;527;88;25.8;28.3;2.154;1.558;0.803;1.848;0.251;0.606;528
B3155D;2015/02/11 16:00:48;528;85;26.1;27.7;2.290;1.570;0.803;1.848;0.258;0.606;529
B3155D;2015/02/11 16:00:58;529;87;26.4;28.1;2.141;1.570;0.799;1.848;0.258;0.622;530
B3155D;2015/02/11 16:01:08;530;88;30.6;28.8;2.338;1.554;0.799;1.835;0.258;0.606;531
B3155D;2015/02/11 16:01:18;531;79;29.3;28.3;2.322;1.554;0.841;1.835;0.258;0.599;532
B3155D;2015/02/11 16:01:28;532;86;26.4;28.1;2.219;1.558;0.841;1.835;0.245;0.596;533
B3155D;2015/02/11 16:01:38;533;84;23.8;28.3;2.203;1.558;0.848;1.835;0.245;0.596;534
B3155D;2015/02/11 16:01:48;534;84;28.0;28.3;2.274;1.570;0.848;1.825;0.245;0.593;535
B3155D;2015/02/11 16:01:58;535;85;30.9;28.3;2.348;1.570;0.793;1.825;0.245;0.606;536
B3155D;2015/02/11 16:02:08;536;86;31.2;28.4;2.348;1.603;0.793;1.825;0.261;0.622;537
B3155D;2015/02/11 16:02:18;537;81;27.4;28.1;2.348;1.603;0.812;1.825;0.261;0.590;538
B3155D;2015/02/11 16:02:28;538;76;27.0;28.6;2.245;1.599;0.812;1.845;0.261;0.593;539
B3155D;2015/02/11 16:02:38;539;81;26.4;28.6;2.203;1.599;0.819;1.845;0.261;0.625;540
B3155D;2015/02/11 16:02:48;540;84;25.1;28.4;2.270;1.606;0.819;1.845;0.225;0.629;541
B3155D;2015/02/11 16:02:58;541;91;25.1;28.9;2.151;1.606;0.829;1.845;0.225;0.603;542
B3155D;2015/02/11 16:03:08;542;88;28.0;28.4;2.348;1.574;0.829;1.861;0.225;0.616;543
B3155D;2015/02/11 16:03:18;543;93;26.1;27.9;2.351;1.574;0.799;1.861;0.225;0.599;544
B3155D;2015/02/11 16:03:28;544;81;29.3;28.3;2.312;1.574;0.799;1.861;0.238;0.587;545
B3155D;2015/02/11 16:03:38;545;90;23.5;28.3;2.190;1.574;0.799;1.861;0.238;0.622;546
B3155D;2015/02/11 16:03:48;546;80;26.1;28.3;2.216;1.583;0.799;1.867;0.238;0.622;547
B3155D;2015/02/11 16:03:58;547;88;30.9;28.4;2.312;1.583;0.796;1.867;0.238;0.616;548
B3155D;2015/02/11 16:04:08;548;86;29.3;27.6;2.309;1.616;0.796;1.867;0.312;0.616;549
B3155D;2015/02/11 16:04:18;549;84;25.8;28.4;2.158;1.616;0.841;1.867;0.312;0.583;550
B3155D;2015/02/11 16:04:28;550;80;28.0;28.3;2.170;1.619;0.841;1.858;0.312;0.603;551
B3155D;2015/02/11 16:04:38;551;91;24.5;28.4;2.161;1.619;0.841;1.858;0.312;0.596;552
B3155D;2015/02/11 16:04:48;552;88;27.4;28.3;2.225;1.603;0.841;1.858;0.238;0.629;553
B3155D;2015/02/11 16:04:58;553;84;29.0;28.1;2.345;1.603;0.799;1.858;0.238;0.590;554
B3155D;2015/02/11 16:05:08;554;88;29.3;28.8;2.341;1.622;0.799;1.832;0.238;0.599;555
B3155D;2015/02/11 16:05:18;555;77;25.4;28.6;2.167;1.622;0.799;1.832;0.238;0.606;556
B3155D;2015/02/11 16:05:28;556;84;24.8;28.3;2.293;1.622;0.799;1.832;0.267;0.629;557
B3155D;2015/02/11 16:05:38;557;86;27.0;28.6;2.193;1.622;0.835;1.832;0.267;0.593;558
B3155D;2015/02/11 16:05:48;558;81;26.4;28.3;2.329;1.596;0.835;1.838;0.267;0.606;559
B3155D;2015/02/11 16:05:58;559;91;30.0;28.6;2.170;1.596;0.835;1.838;0.267;0.629;560
B3155D;2015/02/11 16:06:08;560;88;26.4;28.3;2.193;1.590;0.835;1.838;0.229;0.583;561
B3155D;2015/02/11 16:06:18;561;84;25.1;28.1;2.225;1.590;0.803;1.838;0.229;0.599;562
B3155D;2015/02/11 16:06:28;562;88;28.0;28.1;2.161;1.625;0.803;1.880;0.229;0.596;563
B3155D;2015/02/11 16:06:38;563;82;25.1;28.1;2.348;1.625;0.799;1.880;0.229;0.590;564
B3155D;2015/02/11 16:06:48;564;90;26.4;27.9;2.141;1.629;0.799;1.880;0.238;0.629;565
B3155D;2015/02/11 16:06:58;565;78;29.3;28.3;2.348;1.629;0.799;1.880;0.238;0.596;566
B3155D;2015/02/11 16:07:08;566;85;30.6;28.8;2.345;1.625;0.799;1.861;0.238;0.590;567
B3155D;2015/02/11 16:07:18;567;81;31.2;28.3;2.151;1.625;0.848;1.861;0.238;0.583;568
B3155D;2015/02/11 16:07:28;568;83;28.0;28.6;2.287;1.609;0.848;1.861;0.274;0.622;569
B3155D;2015/02/11 16:07:38;569;77;29.0;28.4;2.319;1.609;0.799;1.861;0.274;0.622;570
B3155D;2015/02/11 16:07:48;570;80;25.8;27.9;2.303;1.596;0.799;1.867;0.274;0.616;571
B3155D;2015/02/11 16:07:58;571;82;30.6;27.9;2.329;1.596;0.799;1.867;0.274;0.612;572
B3155D;2015/02/11 16:08:08;572;84;30.9;28.1;2.145;1.635;0.799;1.867;0.274;0.622;573
B3155D;2015/02/11 16:08:18;573;85;28.7;27.6;2.299;1.635;0.845;1.867;0.274;0.603;574
B3155D;2015/02/11 16:08:28;574;79;25.1;28.1;2.141;1.599;0.845;1.851;0.274;0.612;575
B3155D;2015/02/11 16:08:38;575;90;23.8;28.4;2.345;1.599;0.799;1.851;0.274;0.596;576
B3155D;2015/02/11 16:08:48;576;89;29.6;28.1;2.290;1.632;0.799;1.851;0.225;0.606;577
B3155D;2015/02/11 16:08:58;577;90;27.7;27.6;2.264;1.632;0.825;1.851;0.225;0.596;578
B3155D;2015/02/11 16:09:08;578;84;29.3;28.6;2.351;1.635;0.825;1.877;0.225;0.593;579
B3155D;2015/02/11 16:09:18;579;85;32.5;27.6;2.354;1.635;0.841;1.877;0.225;0.583;580
B3155D;2015/02/11 16:09:28;580;86;26.4;28.4;2.254;1.625;0.841;1.877;0.222;0.603;581
B3155D;2015/02/11 16:09:38;581;92;23.8;28.8;2.287;1.625;0.803;1.877;0.222;0.616;582
B3155D;2015/02/11 16:09:48;582;78;25.8;28.3;2.145;1.603;0.803;1.854;0.222;0.593;583
B3155D;2015/02/11 16:09:58;583;83;25.1;28.4;2.167;1.603;0.812;1.854;0.222;0.606;584
B3155D;2015/02/11 16:10:08;584;87;32.5;28.1;2.264;1.629;0.812;1.854;0.232;0.612;585
B3155D;2015/02/11 16:10:18;585;73;25.1;27.7;2.248;1.629;0.841;1.854;0.232;0.593;586
B3155D;2015/02/11 16:10:28;586;86;29.3;28.3;2.287;1.629;0.841;1.861;0.232;0.603;587
B3155D;2015/02/11 16:10:38;587;81;32.5;27.6;2.312;1.629;0.848;1.861;0.232;0.593;588
B3155D;2015/02/11 16:10:48;588;82;24.5;28.3;2.264;1.641;0.848;1.861;0.241;0.609;589
B3155D;2015/02/11 16:10:58;589;88;31.2;28.1;2.329;1.641;0.799;1.861;0.241;0.606;590
B3155D;2015/02/11 16:11:08;590;87;28.0;28.3;2.135;1.629;0.799;1.848;0.241;0.593;591
B3155D;2015/02/11 16:11:18;591;76;23.8;28.4;2.138;1.629;0.803;1.848;0.241;0.622;592
B3155D;2015/02/11 16:11:28;592;88;32.5;28.6;2.264;1.629;0.803;1.848;0.232;0.593;593
B3155D;2015/02/11 16:11:38;593;91;29.6;28.3;2.148;1.629;0.803;1.848;0.232;0.616;594
B3155D;2015/02/11 16:11:48;594;89;25.1;28.1;2.164;1.616;0.803;1.890;0.232;0.587;595
B3155D;2015/02/11 16:11:58;595;85;25.8;28.6;2.158;1.616;0.851;1.890;0.232;0.590;596
B3155D;2015/02/11 16:12:08;596;81;25.4;28.3;2.222;1.632;0.851;1.890;0.238;0.622;597
B3155D;2015/02/11 16:12:18;597;93;29.3;27.6;2.306;1.632;0.851;1.890;0.238;0.612;598
B3155D;2015/02/11 16:12:28;598;85;23.8;28.1;2.154;1.629;0.851;1.848;0.238;0.606;599
B3155D;2015/02/11 16:12:38;599;88;23.8;28.6;2.167;1.629;0.851;1.848;0.238;0.625;600
B3155D;2015/02/11 16:12:48;600;84;28.3;28.3;2.235;1.629;0.851;1.848;0.225;0.612;601
B3155D;2015/02/11 16:12:58;601;79;27.4;28.6;2.154;1.629;0.832;1.848;0.225;0.593;602
B3155D;2015/02/11 16:13:08;602;94;30.6;27.9;2.338;1.622;0.832;1.854;0.225;0.612;603
B3155D;2015/02/11 16:13:18;603;91;24.8;28.6;2.193;1.622;0.822;1.854;0.225;0.596;604
B3155D;2015/02/11 16:13:28;604;84;31.9;28.1;2.345;1.638;0.822;1.854;0.287;0.593;605
B3155D;2015/02/11 16:13:38;605;78;27.4;27.9;2.254;1.638;0.819;1.854;0.287;0.629;606
B3155D;2015/02/11 16:13:48;606;89;29.3;27.9;2.341;1.619;0.819;1.887;0.287;0.619;607
B3155D;2015/02/11 16:13:58;607;87;29.3;28.6;2.303;1.619;0.845;1.887;0.287;0.596;608
B3155D;2015/02/11 16:14:08;608;91;25.8;27.9;2.238;1.619;0.845;1.887;0.225;0.596;609
B3155D;2015/02/11 16:14:18;609;85;27.7;28.6;2.280;1.619;0.819;1.887;0.225;0.593;610
B3155D;2015/02/11 16:14:28;610;88;28.7;28.1;2.341;1.612;0.819;1.874;0.225;0.599;611
B3155D;2015/02/11 16:14:38;611;87;30.3;28.3;2.303;1.612;0.854;1.874;0.225;0.590;612
B3155D;2015/02/11 16:14:48;612;92;27.0;28.3;2.199;1.625;0.854;1.874;0.332;0.625;613
B3155D;2015/02/11 16:14:58;613;79;27.4;27.9;2.351;1.625;0.812;1.874;0.332;0.606;614
B3155D;2015/02/11 16:15:08;614;75;24.5;28.3;2.141;1.635;0.812;1.861;0.332;0.616;615
B3155D;2015/02/11 16:15:18;615;92;30.6;28.4;2.319;1.635;0.854;1.861;0.332;0.616;616
B3155D;2015/02/11 16:15:28;616;84;31.9;28.8;2.309;1.645;0.854;1.861;0.280;0.622;617
B3155D;2015/02/11 16:15:38;617;88;26.4;28.3;2.270;1.645;0.851;1.861;0.280;0.629;618
B3155D;2015/02/11 16:15:48;618;85;26.4;28.6;2.190;1.619;0.851;1.851;0.280;0.629;619
B3155D;2015/02/11 16:15:58;619;78;30.9;27.9;2.309;1.619;0.858;1.851;0.280;0.596;620
B3155D;2015/02/11 16:16:08;620;88;28.3;29.1;2.335;1.648;0.858;1.851;0.287;0.606;621
B3155D;2015/02/11 16:16:18;621;88;30.6;28.6;2.348;1.648;0.806;1.851;0.287;0.616;622
B3155D;2015/02/11 16:16:28;622;86;32.5;28.1;2.332;1.616;0.806;1.858;0.287;0.638;623
B3155D;2015/02/11 16:16:38;623;75;27.7;28.6;2.206;1.616;0.803;1.858;0.287;0.612;624
B3155D;2015/02/11 16:16:48;624;92;24.5;28.3;2.277;1.641;0.803;1.858;0.251;0.606;625
B3155D;2015/02/11 16:16:58;625;85;28.3;28.4;2.341;1.641;0.854;1.858;0.251;0.596;626
B3155D;2015/02/11 16:17:08;626;80;31.6;28.3;2.338;1.635;0.854;1.877;0.251;0.641;627
B3155D;2015/02/11 16:17:18;627;83;24.5;28.8;2.167;1.635;0.854;1.877;0.251;0.635;628
B3155D;2015/02/11 16:17:28;628;93;31.9;28.6;2.299;1.609;0.854;1.877;0.222;0.616;629
B3155D;2015/02/11 16:17:38;629;92;28.3;28.8;2.187;1.609;0.803;1.877;0.222;0.629;630
B3155D;2015/02/11 16:17:48;630;93;28.7;28.6;2.277;1.635;0.803;1.841;0.222;0.603;631
B3155D;2015/02/11 16:17:58;631;81;24.1;28.3;2.325;1.635;0.829;1.841;0.222;0.641;632
B3155D;2015/02/11 16:18:08;632;88;24.8;28.3;2.190;1.635;0.829;1.841;0.280;0.603;633
B3155D;2015/02/11 16:18:18;633;82;26.7;28.3;2.348;1.635;0.835;1.841;0.280;0.616;634
B3155D;2015/02/11 16:18:28;634;82;25.1;28.1;2.148;1.616;0.835;1.877;0.280;0.619;635
B3155D;2015/02/11 16:18:38;635;87;24.8;28.8;2.167;1.616;0.812;1.877;0.280;0.648;636
B3155D;2015/02/11 16:18:48;636;78;27.4;28.1;2.341;1.625;0.812;1.877;0.219;0.603;637
B3155D;2015/02/11 16:18:58;637;87;23.8;28.8;2.248;1.625;0.829;1.877;0.219;0.599;638
B3155D;2015/02/11 16:19:08;638;91;28.0;28.4;2.306;1.629;0.829;1.877;0.219;0.599;639
B3155D;2015/02/11 16:19:18;639;88;23.5;28.8;2.145;1.629;0.806;1.877;0.219;0.619;640
B3155D;2015/02/11 16:19:28;640;86;31.2;28.8;2.306;1.625;0.806;1.877;0.229;0.606;641
B3155D;2015/02/11 16:19:38;641;90;31.2;28.4;2.312;1.625;0.799;1.877;0.229;0.629;642
B3155D;2015/02/11 16:19:48;642;86;30.0;27.7;2.167;1.596;0.799;1.880;0.229;0.629;643
B3155D;2015/02/11 16:19:58;643;82;29.0;28.3;2.148;1.596;0.848;1.880;0.229;0.606;644
B3155D;2015/02/11 16:20:08;644;83;31.2;28.8;2.338;1.622;0.848;1.880;0.245;0.625;645
B3155D;2015/02/11 16:20:18;645;93;27.4;28.3;2.145;1.622;0.848;1.880;0.245;0.612;646
B3155D;2015/02/11 16:20:28;646;80;27.4;28.3;2.161;1.583;0.848;1.858;0.245;0.596;647
B3155D;2015/02/11 16:20:38;647;83;23.5;28.1;2.199;1.583;0.829;1.858;0.245;0.625;648
B3155D;2015/02/11 16:20:48;648;93;26.7;28.1;2.190;1.599;0.829;1.858;0.232;0.612;649
B3155D;2015/02/11 16:20:58;649;86;29.3;28.6;2.348;1.599;0.819;1.858;0.232;0.599;650
B3155D;2015/02/11 16:21:08;650;81;27.0;27.6;2.148;1.599;0.819;1.835;0.232;0.641;651
B3155D;2015/02/11 16:21:18;651;93;28.3;27.9;2.319;1.599;0.832;1.835;0.232;0.612;652
B3155D;2015/02/11 16:21:28;652;95;23.2;28.6;2.158;1.612;0.832;1.835;0.219;0.609;653
B3155D;2015/02/11 16:21:38;653;81;28.0;28.6;2.322;1.612;0.793;1.835;0.219;0.625;654
B3155D;2015/02/11 16:21:48;654;79;24.5;28.3;2.196;1.609;0.793;1.845;0.219;0.654;655
B3155D;2015/02/11 16:21:58;655;89;29.3;28.1;2.254;1.609;0.796;1.845;0.219;0.635;656
B3155D;2015/02/11 16:22:08;656;90;26.4;28.6;2.216;1.577;0.796;1.845;0.274;0.632;657
B3155D;2015/02/11 16:22:18;657;82;26.1;28.8;2.209;1.577;0.835;1.845;0.274;0.616;658
B3155D;2015/02/11 16:22:28;658;88;25.1;28.4;2.138;1.577;0.835;1.812;0.274;0.641;659
B3155D;2015/02/11 16:22:38;659;75;28.7;27.6;2.306;1.577;0.809;1.812;0.274;0.635;660
B3155D;2015/02/11 16:22:48;660;80;26.4;28.6;2.267;1.599;0.809;1.812;0.319;0.612;661
B3155D;2015/02/11 16:22:58;661;72;30.0;28.4;2.332;1.599;0.812;1.812;0.319;0.606;662
B3155D;2015/02/11 16:23:08;662;87;31.9;28.8;2.299;1.590;0.812;1.809;0.319;0.625;663
B3155D;2015/02/11 16:23:18;663;83;29.3;28.4;2.258;1.590;0.793;1.809;0.319;0.603;664
B3155D;2015/02/11 16:23:28;664;80;29.6;28.4;2.341;1.596;0.793;1.809;0.212;0.616;665
B3155D;2015/02/11 16:23:38;665;87;31.2;28.4;2.270;1.596;0.793;1.809;0.212;0.641;666
B3155D;2015/02/11 16:23:48;666;74;24.8;28.1;2.164;1.596;0.793;1.841;0.212;0.622;667
B3155D;2015/02/11 16:23:58;667;72;25.8;28.6;2.154;1.596;0.838;1.841;0.212;0.625;668
B3155D;2015/02/11 16:24:08;668;88;27.7;27.7;2.316;1.558;0.838;1.841;0.222;0.612;669
B3155D;2015/02/11 16:24:18;669;89;26.1;27.7;2.277;1.558;0.841;1.841;0.222;0.616;670
B3155D;2015/02/11 16:24:28;670;93;25.1;28.4;2.187;1.590;0.841;1.806;0.222;0.606;671
B3155D;2015/02/11 16:24:38;671;93;23.8;28.4;2.283;1.590;0.787;1.806;0.222;0.619;672
B3155D;2015/02/11 16:24:48;672;86;26.4;28.3;2.196;1.590;0.787;1.806;0.222;0.635;673
B3155D;2015/02/11 16:24:58;673;86;31.2;28.3;2.148;1.590;0.809;1.806;0.222;0.606;674
B3155D;2015/02/11 16:25:08;674;92;29.3;28.8;2.345;1.570;0.809;1.832;0.222;0.632;675
B3155D;2015/02/11 16:25:18;675;75;28.3;28.4;2.351;1.570;0.829;1.832;0.222;0.606;676
B3155D;2015/02/11 16:25:28;676;84;30.6;27.9;2.164;1.583;0.829;1.832;0.219;0.648;677
B3155D;2015/02/11 16:25:38;677;80;29.6;28.1;2.341;1.583;0.835;1.832;0.219;0.616;678
B3155D;2015/02/11 16:25:48;678;86;27.4;28.6;2.222;1.580;0.835;1.790;0.219;0.641;679
B3155D;2015/02/11 16:25:58;679;80;29.6;28.1;2.341;1.580;0.793;1.790;0.219;0.619;680
B3155D;2015/02/11 16:26:08;680;85;28.3;28.8;2.338;1.570;0.793;1.790;0.267;0.619;681
B3155D;2015/02/11 16:26:18;681;83;26.1;27.7;2.293;1.570;0.835;1.790;0.267;0.609;682
B3155D;2015/02/11 16:26:28;682;88;26.1;27.9;2.170;1.545;0.835;1.841;0.267;0.632;683
B3155D;2015/02/11 16:26:38;683;86;29.6;28.4;2.341;1.545;0.835;1.841;0.267;0.612;684
B3155D;2015/02/11 16:26:48;684;82;26.7;27.7;2.154;1.574;0.835;1.841;0.238;0.603;685
B3155D;2015/02/11 16:26:58;685;77;25.4;28.4;2.161;1.574;0.796;1.841;0.238;0.599;686
B3155D;2015/02/11 16:27:08;686;83;28.0;28.1;2.138;1.541;0.796;1.790;0.238;0.625;687
B3155D;2015/02/11 16:27:18;687;80;28.0;28.4;2.354;1.541;0.793;1.790;0.238;0.619;688
B3155D;2015/02/11 16:27:28;688;83;24.8;28.3;2.299;1.538;0.793;1.790;0.212;0.606;689
B3155D;2015/02/11 16:27:38;689;83;25.1;28.1;2.154;1.538;0.835;1.790;0.212;0.606;690
B3155D;2015/02/11 16:27:48;690;83;26.4;27.4;2.335;1.570;0.835;1.790;0.212;0.616;691
B3155D;2015/02/11 16:27:58;691;83;23.5;28.3;2.148;1.570;0.796;1.790;0.212;0.625;692
B3155D;2015/02/11 16:28:08;692;78;25.1;27.9;2.151;1.564;0.796;1.790;0.261;0.625;693
B3155D;2015/02/11 16:28:18;693;83;27.0;28.3;2.196;1.564;0.835;1.790;0.261;0.606;694
B3155D;2015/02/11 16:28:28;694;88;29.3;28.3;2.148;1.564;0.835;1.780;0.261;0.599;695
B3155D;2015/02/11 16:28:38;695;85;23.8;28.4;2.151;1.564;0.822;1.780;0.261;0.635;696
B3155D;2015/02/11 16:28:48;696;88;26.4;27.9;2.203;1.558;0.822;1.780;0.219;0.606;697
B3155D;2015/02/11 16:28:58;697;83;29.6;28.4;2.332;1.558;0.790;1.780;0.219;0.619;698
B3155D;2015/02/11 16:29:08;698;86;30.9;28.6;2.348;1.551;0.790;1.803;0.219;0.635;699
B3155D;2015/02/11 16:29:18;699;83;23.2;28.8;2.180;1.551;0.835;1.803;0.219;0.599;700
B3155D;2015/02/11 16:29:28;700;87;28.3;28.8;2.345;1.574;0.835;1.803;0.232;0.638;701
B3155D;2015/02/11 16:29:38;701;83;23.5;28.6;2.148;1.574;0.841;1.803;0.232;0.629;702
B3155D;2015/02/11 16:29:48;702;85;23.2;28.6;2.167;1.538;0.841;1.829;0.232;0.629;703
B3155D;2015/02/11 16:29:58;703;88;26.1;27.9;2.274;1.538;0.787;1.829;0.232;0.645;704
B3155D;2015/02/11 16:30:08;704;82;25.8;28.4;2.154;1.548;0.787;1.829;0.212;0.619;705
B3155D;2015/02/11 16:30:18;705;75;27.7;28.6;2.348;1.548;0.793;1.829;0.212;0.635;706
B3155D;2015/02/11 16:30:28;706;80;30.6;28.4;2.199;1.538;0.793;1.790;0.212;0.606;707
B3155D;2015/02/11 16:30:38;707;83;30.6;28.1;2.306;1.538;0.793;1.790;0.212;0.625;708
B3155D;2015/02/11 16:30:48;708;88;25.8;27.7;2.196;1.535;0.793;1.790;0.274;0.606;709
B3155D;2015/02/11 16:30:58;709;90;29.3;27.9;2.348;1.535;0.835;1.790;0.274;0.606;710
B3155D;2015/02/11 16:31:08;710;90;25.8;28.3;2.141;1.535;0.835;1.835;0.274;0.609;711
B3155D;2015/02/11 16:31:18;711;85;28.3;27.6;2.293;1.535;0.790;1.835;0.274;0.641;712
B3155D;2015/02/11 16:31:28;712;90;23.8;28.1;2.170;1.558;0.790;1.835;0.258;0.609;713
B3155D;2015/02/11 16:31:38;713;91;28.3;27.7;2.354;1.558;0.806;1.835;0.258;0.599;714
B3155D;2015/02/11 16:31:48;714;84;26.4;28.1;2.199;1.535;0.806;1.809;0.258;0.629;715
B3155D;2015/02/11 16:31:58;715;93;31.9;28.1;2.354;1.535;0.790;1.809;0.258;0.641;716
B3155D;2015/02/11 16:32:08;716;84;24.5;28.1;2.161;1.574;0.790;1.809;0.225;0.641;717
B3155D;2015/02/11 16:32:18;717;87;29.6;28.3;2.354;1.574;0.790;1.809;0.225;0.609;718
B3155D;2015/02/11 16:32:28;718;86;27.4;28.6;2.254;1.545;0.790;1.806;0.225;0.619;719
B3155D;2015/02/11 16:32:38;719;90;23.2;28.6;2.174;1.545;0.829;1.806;0.225;0.645;720
B3155D;2015/02/11 16:32:48;720;85;24.1;28.1;2.280;1.548;0.829;1.806;0.235;0.612;721
B3155D;2015/02/11 16:32:58;721;84;27.7;28.6;2.338;1.548;0.835;1.806;0.235;0.612;722
B3155D;2015/02/11 16:33:08;722;78;27.4;28.3;2.348;1.551;0.835;1.825;0.235;0.641;723
B3155D;2015/02/11 16:33:18;723;78;25.1;28.1;2.229;1.551;0.835;1.825;0.235;0.603;724
B3155D;2015/02/11 16:33:28;724;87;24.8;28.6;2.174;1.538;0.835;1.825;0.219;0.606;725
B3155D;2015/02/11 16:33:38;725;88;28.3;28.6;2.177;1.538;0.838;1.825;0.219;0.606;726
B3155D;2015/02/11 16:33:48;726;80;27.4;28.3;2.222;1.574;0.838;1.816;0.219;0.619;727
B3155D;2015/02/11 16:33:58;727;75;29.3;28.6;2.319;1.574;0.841;1.816;0.219;0.612;728
B3155D;2015/02/11 16:34:08;728;93;25.8;28.4;2.348;1.545;0.841;1.816;0.254;0.599;729
B3155D;2015/02/11 16:34:18;729;77;25.8;28.1;2.170;1.545;0.806;1.816;0.254;0.619;730
B3155D;2015/02/11 16:34:28;730;88;25.1;28.1;2.180;1.554;0.806;1.848;0.254;0.616;731
B3155D;2015/02/11 16:34:38;731;72;29.6;28.1;2.312;1.554;0.832;1.848;0.254;0.606;732
B3155D;2015/02/11 16:34:48;732;88;23.8;28.3;2.309;1.574;0.832;1.848;0.251;0.599;733
B3155D;2015/02/11 16:34:58;733;78;32.5;27.7;2.358;1.574;0.835;1.848;0.251;0.599;734
B3155D;2015/02/11 16:35:08;734;85;26.4;27.4;2.332;1.577;0.835;1.851;0.251;0.609;735
B3155D;2015/02/11 16:35:18;735;72;27.7;28.3;2.174;1.577;0.829;1.851;0.251;0.593;736
B3155D;2015/02/11 16:35:28;736;86;28.0;28.4;2.251;1.574;0.829;1.851;0.254;0.612;737
B3155D;2015/02/11 16:35:38;737;82;28.3;28.3;2.180;1.574;0.793;1.851;0.254;0.632;738
B3155D;2015/02/11 16:35:48;738;93;28.7;28.4;2.177;1.558;0.793;1.822;0.254;0.596;739
B3155D;2015/02/11 16:35:58;739;88;27.7;27.6;2.283;1.558;0.829;1.822;0.254;0.629;740
B3155D;2015/02/11 16:36:08;740;87;23.8;28.3;2.174;1.577;0.829;1.822;0.238;0.596;741
B3155D;2015/02/11 16:36:18;741;84;29.6;27.9;2.325;1.577;0.790;1.822;0.238;0.616;742
B3155D;2015/02/11 16:36:28;742;83;31.9;28.9;2.351;1.538;0.790;1.845;0.238;0.625;743
B3155D;2015/02/11 16:36:38;743;86;25.8;28.6;2.167;1.538;0.793;1.845;0.238;0.622;744
B3155D;2015/02/11 16:36:48;744;83;30.6;28.3;2.335;1.538;0.793;1.845;0.219;0.593;745
B3155D;2015/02/11 16:36:58;745;84;26.4;28.3;2.225;1.538;0.841;1.845;0.219;0.612;746
B3155D;2015/02/11 16:37:08;746;90;27.7;28.3;2.338;1.574;0.841;1.825;0.219;0.606;747
B3155D;2015/02/11 16:37:18;747;84;25.1;28.4;2.354;1.574;0.793;1.825;0.219;0.616;748
B3155D;2015/02/11 16:37:28;748;81;31.2;28.3;2.348;1.577;0.793;1.825;0.274;0.629;749
B3155D;2015/02/11 16:37:38;749;75;29.3;27.7;2.319;1.577;0.799;1.825;0.274;0.616;750
B3155D;2015/02/11 16:37:48;750;78;31.9;28.8;2.348;1.548;0.799;1.845;0.274;0.635;751
B3155D;2015/02/11 16:37:58;751;87;30.6;28.3;2.158;1.548;0.819;1.845;0.274;0.625;752
B3155D;2015/02/11 16:38:08;752;82;25.8;28.6;2.196;1.561;0.819;1.845;0.248;0.625;753
B3155D;2015/02/11 16:38:18;753;85;24.8;28.8;2.174;1.561;0.841;1.845;0.248;0.606;754
B3155D;2015/02/11 16:38:28;754;85;32.5;28.3;2.325;1.538;0.841;1.822;0.248;0.625;755
B3155D;2015/02/11 16:38:38;755;89;30.0;28.1;2.232;1.538;0.832;1.822;0.248;0.596;756
B3155D;2015/02/11 16:38:48;756;85;28.0;27.9;2.154;1.577;0.832;1.822;0.216;0.641;757
B3155D;2015/02/11 16:38:58;757;78;25.1;28.1;2.219;1.577;0.809;1.822;0.216;0.596;758
B3155D;2015/02/11 16:39:08;758;88;25.8;28.3;2.280;1.548;0.809;1.841;0.216;0.612;759
B3155D;2015/02/11 16:39:18;759;88;24.5;28.1;2.170;1.548;0.790;1.841;0.216;0.606;760
B3155D;2015/02/11 16:39:28;760;94;24.5;28.1;2.167;1.574;0.790;1.841;0.225;0.603;761
B3155D;2015/02/11 16:39:38;761;73;25.1;28.4;2.209;1.574;0.841;1.841;0.225;0.635;762
B3155D;2015/02/11 16:39:48;762;77;27.0;27.7;2.183;1.574;0.841;1.829;0.225;0.606;763
B3155D;2015/02/11 16:39:58;763;74;27.0;28.6;2.209;1.574;0.838;1.829;0.225;0.638;764
B3155D;2015/02/11 16:40:08;764;84;27.4;27.9;2.167;1.564;0.838;1.829;0.219;0.596;765
B3155D;2015/02/11 16:40:18;765;81;26.4;28.6;2.196;1.564;0.812;1.829;0.219;0.606;766
B3155D;2015/02/11 16:40:28;766;84;27.4;28.6;2.212;1.541;0.812;1.861;0.219;0.606;767
B3155D;2015/02/11 16:40:38;767;88;30.3;28.6;2.348;1.541;0.790;1.861;0.219;0.629;768
B3155D;2015/02/11 16:40:48;768;84;28.7;28.4;2.235;1.570;0.790;1.861;0.261;0.641;769
B3155D;2015/02/11 16:40:58;769;82;27.7;28.3;2.238;1.570;0.799;1.861;0.261;0.596;770
B3155D;2015/02/11 16:41:08;770;83;28.0;28.6;2.251;1.548;0.799;1.861;0.261;0.616;771
B3155D;2015/02/11 16:41:18;771;79;26.4;28.4;2.361;1.548;0.790;1.861;0.261;0.625;772
B3155D;2015/02/11 16:41:28;772;88;30.9;28.4;2.245;1.561;0.790;1.861;0.274;0.606;773
B3155D;2015/02/11 16:41:38;773;87;25.1;28.8;2.209;1.561;0.790;1.861;0.274;0.648;774
B3155D;2015/02/11 16:41:48;774;89;31.6;28.4;2.187;1.541;0.790;1.835;0.274;0.645;775
B3155D;2015/02/11 16:41:58;775;80;32.5;27.6;2.354;1.541;0.806;1.835;0.274;0.629;776
B3155D;2015/02/11 16:42:08;776;93;30.0;28.1;2.154;1.577;0.806;1.835;0.248;0.606;777
B3155D;2015/02/11 16:42:18;777;87;27.7;28.1;2.251;1.577;0.812;1.835;0.248;0.609;778
B3155D;2015/02/11 16:42:28;778;93;25.8;27.9;2.187;1.574;0.812;1.829;0.248;0.603;779
B3155D;2015/02/11 16:42:38;779;84;25.4;28.3;2.174;1.574;0.841;1.829;0.248;0.609;780
B3155D;2015/02/11 16:42:48;780;88;30.6;27.9;2.170;1.551;0.841;1.829;0.274;0.635;781
B3155D;2015/02/11 16:42:58;781;87;29.0;28.4;2.351;1.551;0.793;1.829;0.274;0.612;782
B3155D;2015/02/11 16:43:08;782;75;27.0;27.4;2.332;1.545;0.793;1.829;0.274;0.606;783
B3155D;2015/02/11 16:43:18;783;84;25.8;28.6;2.170;1.545;0.793;1.829;0.274;0.625;784
B3155D;2015/02/11 16:43:28;784;88;26.4;28.6;2.219;1.545;0.793;1.829;0.219;0.606;785
B3155D;2015/02/11 16:43:38;785;92;31.9;28.3;2.351;1.545;0.796;1.829;0.219;0.629;786
B3155D;2015/02/11 16:43:48;786;77;25.8;27.9;2.187;1.545;0.796;1.854;0.219;0.635;787
B3155D;2015/02/11 16:43:58;787;80;24.8;28.4;2.161;1.545;0.799;1.854;0.219;0.609;788
B3155D;2015/02/11 16:44:08;788;90;23.8;28.4;2.351;1.577;0.799;1.854;0.219;0.629;789
B3155D;2015/02/11 16:44:18;789;80;23.5;28.3;2.238;1.577;0.841;1.854;0.219;0.612;790
B3155D;2015/02/11 16:44:28;790;78;26.4;28.4;2.245;1.548;0.841;1.832;0.219;0.625;791
B3155D;2015/02/11 16:44:38;791;93;24.5;28.3;2.203;1.548;0.796;1.832;0.219;0.641;792
B3155D;2015/02/11 16:44:48;792;92;25.8;27.9;2.154;1.570;0.796;1.832;0.209;0.606;793
B3155D;2015/02/11 16:44:58;793;87;29.6;28.1;2.348;1.570;0.841;1.832;0.209;0.625;794
B3155D;2015/02/11 16:45:08;794;88;23.8;28.1;2.225;1.548;0.841;1.870;0.209;0.648;795
B3155D;2015/02/11 16:45:18;795;92;27.7;27.7;2.361;1.548;0.819;1.870;0.209;0.606;796
B3155D;2015/02/11 16:45:28;796;84;28.7;27.9;2.322;1.574;0.819;1.870;0.225;0.622;797
B3155D;2015/02/11 16:45:38;797;78;23.8;28.4;2.232;1.574;0.812;1.870;0.225;0.609;798
B3155D;2015/02/11 16:45:48;798;95;27.7;27.6;2.319;1.577;0.812;1.858;0.225;0.635;799
B3155D;2015/02/11 16:45:58;799;84;24.8;28.3;2.203;1.577;0.841;1.858;0.225;0.619;800
B3155D;2015/02/11 16:46:08;800;90;32.5;28.6;2.222;1.580;0.841;1.858;0.212;0.629;801
B3155D;2015/02/11 16:46:18;801;88;29.0;28.1;2.361;1.580;0.790;1.858;0.212;0.635;802
B3155D;2015/02/11 16:46:28;802;83;30.6;28.3;2.264;1.583;0.790;1.861;0.212;0.606;803
B3155D;2015/02/11 16:46:38;803;83;23.5;28.6;2.187;1.583;0.790;1.861;0.212;0.641;804
B3155D;2015/02/11 16:46:48;804;80;28.7;28.3;2.258;1.545;0.790;1.861;0.212;0.606;805
B3155D;2015/02/11 16:46:58;805;81;27.4;27.9;2.361;1.545;0.793;1.861;0.212;0.641;806
B3155D;2015/02/11 16:47:08;806;92;29.0;28.8;2.338;1.564;0.793;1.832;0.212;0.606;807
B3155D;2015/02/11 16:47:18;807;89;29.3;27.7;2.167;1.564;0.809;1.832;0.212;0.625;808
B3155D;2015/02/11 16:47:28;808;94;24.1;28.3;2.287;1.570;0.809;1.832;0.280;0.622;809
B3155D;2015/02/11 16:47:38;809;78;32.9;27.9;2.361;1.570;0.796;1.832;0.280;0.603;810
B3155D;2015/02/11 16:47:48;810;76;29.0;28.1;2.351;1.548;0.796;1.864;0.280;0.619;811
B3155D;2015/02/11 16:47:58;811;83;28.7;27.9;2.293;1.548;0.799;1.864;0.280;0.625;812
B3155D;2015/02/11 16:48:08;812;84;26.1;28.4;2.354;1.583;0.799;1.864;0.219;0.616;813
B3155D;2015/02/11 16:48:18;813;93;24.8;28.6;2.174;1.583;0.835;1.864;0.219;0.629;814
B3155D;2015/02/11 16:48:28;814;83;29.0;27.7;2.170;1.583;0.835;1.838;0.219;0.612;815
B3155D;2015/02/11 16:48:38;815;77;24.1;28.1;2.322;1.583;0.825;1.838;0.219;0.622;816
B3155D;2015/02/11 16:48:48;816;88;27.4;27.9;2.316;1.587;0.825;1.838;0.212;0.622;817
B3155D;2015/02/11 16:48:58;817;92;28.3;27.9;2.312;1.587;0.793;1.838;0.212;0.629;818
B3155D;2015/02/11 16:49:08;818;78;31.2;28.1;2.306;1.577;0.793;1.841;0.212;0.609;819
B3155D;2015/02/11 16:49:18;819;75;25.1;28.8;2.248;1.577;0.841;1.841;0.212;0.619;820
B3155D;2015/02/11 16:49:28;820;88;27.4;27.6;2.345;1.567;0.841;1.841;0.219;0.629;821
B3155D;2015/02/11 16:49:38;821;82;31.9;28.6;2.164;1.567;0.793;1.841;0.219;0.629;822
B3155D;2015/02/11 16:49:48;822;82;29.3;27.7;2.358;1.570;0.793;1.845;0.219;0.606;823
B3155D;2015/02/11 16:49:58;823;85;30.9;28.3;2.354;1.570;0.819;1.845;0.219;0.641;824
B3155D;2015/02/11 16:50:08;824;88;28.7;28.8;2.348;1.583;0.819;1.845;0.261;0.648;825
B3155D;2015/02/11 16:50:18;825;82;31.6;28.1;2.361;1.583;0.799;1.845;0.261;0.629;826
B3155D;2015/02/11 16:50:28;826;84;29.6;28.1;2.303;1.558;0.799;1.848;0.261;0.648;827
B3155D;2015/02/11 16:50:38;827;84;26.4;28.4;2.154;1.558;0.806;1.848;0.261;0.635;828
B3155D;2015/02/11 16:50:48;828;82;29.6;28.4;2.345;1.574;0.806;1.848;0.219;0.603;829
B3155D;2015/02/11 16:50:58;829;74;27.7;28.6;2.341;1.574;0.799;1.848;0.219;0.625;830
B3155D;2015/02/11 16:51:08;830;83;31.2;28.8;2.335;1.564;0.799;1.883;0.219;0.616;831
B3155D;2015/02/11 16:51:18;831;84;31.2;28.3;2.170;1.564;0.806;1.883;0.219;0.629;832
B3155D;2015/02/11 16:51:28;832;83;26.7;28.1;2.338;1.558;0.806;1.883;0.209;0.609;833
B3155D;2015/02/11 16:51:38;833;89;25.8;28.8;2.164;1.558;0.806;1.883;0.209;0.609;834
B3155D;2015/02/11 16:51:48;834;87;24.8;28.1;2.183;1.551;0.806;1.887;0.209;0.612;835
B3155D;2015/02/11 16:51:58;835;83;28.0;28.4;2.196;1.551;0.793;1.887;0.209;0.629;836
B3155D;2015/02/11 16:52:08;836;88;24.5;28.1;2.158;1.580;0.793;1.887;0.212;0.641;837
B3155D;2015/02/11 16:52:18;837;78;27.0;28.3;2.248;1.580;0.812;1.887;0.212;0.622;838
B3155D;2015/02/11 16:52:28;838;88;25.8;28.3;2.212;1.558;0.812;1.861;0.212;0.612;839
B3155D;2015/02/11 16:52:38;839;88;32.5;27.7;2.299;1.558;0.803;1.861;0.212;0.648;840
B3155D;2015/02/11 16:52:48;840;86;27.0;28.3;2.248;1.574;0.803;1.861;0.216;0.609;841
B3155D;2015/02/11 16:52:58;841;88;27.4;28.1;2.154;1.574;0.845;1.861;0.216;0.638;842
B3155D;2015/02/11 16:53:08;842;83;29.6;28.3;2.290;1.577;0.845;1.890;0.216;0.619;843
B3155D;2015/02/11 16:53:18;843;72;26.4;28.3;2.161;1.577;0.793;1.890;0.216;0.645;844
B3155D;2015/02/11 16:53:28;844;87;25.4;28.6;2.180;1.551;0.793;1.890;0.245;0.638;845
B3155D;2015/02/11 16:53:38;845;88;28.3;27.7;2.261;1.551;0.835;1.890;0.245;0.625;846
B3155D;2015/02/11 16:53:48;846;88;30.3;28.1;2.264;1.590;0.835;1.900;0.245;0.638;847
B3155D;2015/02/11 16:53:58;847;80;27.7;28.1;2.177;1.590;0.832;1.900;0.245;0.612;848
B3155D;2015/02/11 16:54:08;848;93;29.3;28.6;2.312;1.551;0.832;1.900;0.212;0.629;849
B3155D;2015/02/11 16:54:18;849;84;28.3;27.9;2.316;1.551;0.793;1.900;0.212;0.648;850
B3155D;2015/02/11 16:54:28;850;87;30.6;28.1;2.354;1.574;0.793;1.896;0.212;0.619;851
B3155D;2015/02/11 16:54:38;851;89;24.1;28.4;2.203;1.574;0.799;1.896;0.212;0.648;852
B3155D;2015/02/11 16:54:48;852;84;29.3;28.8;2.161;1.551;0.799;1.896;0.229;0.619;853
B3155D;2015/02/11 16:54:58;853;92;26.1;27.7;2.219;1.551;0.799;1.896;0.229;0.599;854
B3155D;2015/02/11 16:55:08;854;78;24.5;28.1;2.174;1.551;0.799;1.870;0.229;0.632;855
B3155D;2015/02/11 16:55:18;855;78;28.3;28.3;2.354;1.551;0.841;1.870;0.229;0.616;856
B3155D;2015/02/11 16:55:28;856;92;25.8;28.3;2.161;1.561;0.841;1.870;0.212;0.635;857
B3155D;2015/02/11 16:55:38;857;80;31.9;28.3;2.158;1.561;0.796;1.870;0.212;0.641;858
B3155D;2015/02/11 16:55:48;858;93;26.7;28.6;2.348;1.577;0.796;1.861;0.212;0.603;859
B3155D;2015/02/11 16:55:58;859;88;23.2;28.4;2.216;1.577;0.848;1.861;0.212;0.629;860
B3155D;2015/02/11 16:56:08;860;75;29.0;27.7;2.361;1.551;0.848;1.861;0.209;0.609;861
B3155D;2015/02/11 16:56:18;861;80;26.4;27.9;2.261;1.551;0.812;1.861;0.209;0.616;862
B3155D;2015/02/11 16:56:28;862;91;24.5;28.1;2.299;1.561;0.812;1.906;0.209;0.603;863
B3155D;2015/02/11 16:56:38;863;85;29.6;28.4;2.270;1.561;0.806;1.906;0.209;0.632;864
B3155D;2015/02/11 16:56:48;864;80;27.7;28.6;2.229;1.583;0.806;1.906;0.209;0.599;865
B3155D;2015/02/11 16:56:58;865;89;30.6;28.1;2.290;1.583;0.803;1.906;0.209;0.599;866
B3155D;2015/02/11 16:57:08;866;93;26.4;28.4;2.161;1.580;0.803;1.870;0.209;0.599;867
B3155D;2015/02/11 16:57:18;867;88;27.7;28.3;2.154;1.580;0.841;1.870;0.209;0.612;868
B3155D;2015/02/11 16:57:28;868;84;25.8;27.7;2.187;1.590;0.841;1.870;0.219;0.619;869
B3155D;2015/02/11 16:57:38;869;78;29.6;28.1;2.361;1.590;0.812;1.870;0.219;0.612;870
B3155D;2015/02/11 16:57:48;870;93;23.8;28.1;2.361;1.587;0.812;1.870;0.219;0.603;871
B3155D;2015/02/11 16:57:58;871;85;25.8;28.9;2.212;1.587;0.848;1.870;0.219;0.616;872
B3155D;2015/02/11 16:58:08;872;86;23.5;28.3;2.180;1.577;0.848;1.870;0.209;0.635;873
B3155D;2015/02/11 16:58:18;873;83;27.0;28.4;2.161;1.577;0.829;1.870;0.209;0.609;874
B3155D;2015/02/11 16:58:28;874;91;28.7;28.3;2.361;1.554;0.829;1.870;0.209;0.635;875
B3155D;2015/02/11 16:58:38;875;82;29.0;28.6;2.187;1.554;0.793;1.870;0.209;0.635;876
B3155D;2015/02/11 16:58:48;876;93;23.8;27.7;2.180;1.554;0.793;1.870;0.212;0.625;877
B3155D;2015/02/11 16:58:58;877;86;27.7;28.8;2.199;1.554;0.796;1.870;0.212;0.632;878
B3155D;2015/02/11 16:59:08;878;88;30.0;27.9;2.309;1.567;0.796;1.864;0.212;0.603;879
B3155D;2015/02/11 16:59:18;879;89;28.3;28.3;2.154;1.567;0.819;1.864;0.212;0.641;880
B3155D;2015/02/11 16:59:28;880;84;24.5;28.3;2.287;1.554;0.819;1.864;0.274;0.632;881
B3155D;2015/02/11 16:59:38;881;89;31.2;28.4;2.245;1.554;0.796;1.864;0.274;0.629;882
B3155D;2015/02/11 16:59:48;882;85;24.1;28.6;2.190;1.587;0.796;1.864;0.274;0.619;883
B3155D;2015/02/11 16:59:58;883;77;24.5;28.4;2.354;1.587;0.816;1.864;0.274;0.619;884
B3155D;2015/02/11 17:00:08;884;84;27.0;28.8;2.329;1.570;0.816;1.864;0.267;0.625;885
B3155D;2015/02/11 17:00:18;885;83;28.7;27.7;2.293;1.570;0.799;1.864;0.267;0.629;886
B3155D;2015/02/11 17:00:28;886;83;26.4;28.6;2.251;1.574;0.799;1.851;0.267;0.603;887
B3155D;2015/02/11 17:00:38;887;91;26.7;28.3;2.338;1.574;0.799;1.851;0.267;0.625;888
B3155D;2015/02/11 17:00:48;888;86;28.7;28.4;2.190;1.554;0.799;1.851;0.209;0.629;889
B3155D;2015/02/11 17:00:58;889;86;31.2;27.7;2.319;1.554;0.799;1.851;0.209;0.606;890
B3155D;2015/02/11 17:01:08;890;86;23.2;28.1;2.164;1.554;0.799;1.854;0.209;0.609;891
B3155D;2015/02/11 17:01:18;891;91;28.3;28.8;2.354;1.554;0.848;1.854;0.209;0.625;892
B3155D;2015/02/11 17:01:28;892;87;31.9;28.6;2.319;1.561;0.848;1.854;0.225;0.638;893
B3155D;2015/02/11 17:01:38;893;79;31.2;28.3;2.312;1.561;0.832;1.854;0.225;0.625;894
B3155D;2015/02/11 17:01:48;894;83;28.7;28.6;2.351;1.590;0.832;1.880;0.225;0.625;895
B3155D;2015/02/11 17:01:58;895;87;23.5;28.3;2.183;1.590;0.835;1.880;0.225;0.612;896
B3155D;2015/02/11 17:02:08;896;89;27.7;28.4;2.170;1.590;0.835;1.880;0.216;0.603;897
B3155D;2015/02/11 17:02:18;897;87;24.5;28.8;2.183;1.590;0.819;1.880;0.216;0.625;898
B3155D;2015/02/11 17:02:28;898;86;28.0;28.6;2.154;1.561;0.819;1.861;0.216;0.622;899
B3155D;2015/02/11 17:02:38;899;91;29.3;28.4;2.225;1.561;0.841;1.861;0.216;0.609;900
B3155D;2015/02/11 17:02:48;900;88;30.6;28.8;2.358;1.577;0.841;1.861;0.216;0.641;901
B3155D;2015/02/11 17:02:58;901;90;30.0;28.6;2.167;1.577;0.799;1.861;0.216;0.603;902
B3155D;2015/02/11 17:03:08;902;93;29.6;28.6;2.361;1.577;0.799;1.887;0.216;0.616;903
B3155D;2015/02/11 17:03:18;903;80;29.3;28.4;2.225;1.577;0.812;1.887;0.216;0.603;904
B3155D;2015/02/11 17:03:28;904;92;23.8;28.6;2.164;1.554;0.812;1.887;0.206;0.616;905
B3155D;2015/02/11 17:03:38;905;85;30.9;28.6;2.354;1.554;0.799;1.887;0.206;0.619;906
B3155D;2015/02/11 17:03:48;906;90;26.4;28.4;2.212;1.554;0.799;1.896;0.206;0.635;907
B3155D;2015/02/11 17:03:58;907;80;24.1;28.8;2.261;1.554;0.799;1.896;0.206;0.635;908
B3155D;2015/02/11 17:04:08;908;88;23.2;28.4;2.367;1.593;0.799;1.896;0.219;0.606;909
B3155D;2015/02/11 17:04:18;909;85;24.8;28.8;2.193;1.593;0.796;1.896;0.219;0.622;910
B3155D;2015/02/11 17:04:28;910;83;25.4;28.8;2.212;1.561;0.796;1.890;0.219;0.629;911
B3155D;2015/02/11 17:04:38;911;83;27.0;27.9;2.299;1.561;0.848;1.890;0.219;0.619;912
B3155D;2015/02/11 17:04:48;912;89;23.8;28.4;2.361;1.554;0.848;1.890;0.206;0.648;913
B3155D;2015/02/11 17:04:58;913;93;27.7;28.1;2.322;1.554;0.806;1.890;0.206;0.606;914
B3155D;2015/02/11 17:05:08;914;83;29.0;28.6;2.251;1.567;0.806;1.877;0.206;0.603;915
B3155D;2015/02/11 17:05:18;915;91;25.8;28.8;2.167;1.567;0.799;1.877;0.206;0.625;916
B3155D;2015/02/11 17:05:28;916;85;31.9;28.1;2.351;1.593;0.799;1.877;0.248;0.596;917
B3155D;2015/02/11 17:05:38;917;78;29.6;28.3;2.354;1.593;0.803;1.877;0.248;0.603;918
B3155D;2015/02/11 17:05:48;918;85;31.2;28.4;2.212;1.587;0.803;1.896;0.248;0.599;919
B3155D;2015/02/11 17:05:58;919;88;26.7;28.3;2.261;1.587;0.848;1.896;0.248;0.612;920
B3155D;2015/02/11 17:06:08;920;83;25.1;28.6;2.158;1.574;0.848;1.896;0.280;0.596;921
B3155D;2015/02/11 17:06:18;921;84;29.6;28.6;2.361;1.574;0.803;1.896;0.280;0.622;922
B3155D;2015/02/11 17:06:28;922;92;25.8;28.3;2.180;1.587;0.803;1.867;0.280;0.629;923
B3155D;2015/02/11 17:06:38;923;84;27.4;28.3;2.367;1.587;0.812;1.867;0.280;0.596;924
B3155D;2015/02/11 17:06:48;924;78;32.5;28.3;2.270;1.551;0.812;1.867;0.306;0.619;925
B3155D;2015/02/11 17:06:58;925;93;25.8;28.9;2.367;1.551;0.819;1.867;0.306;0.606;926
B3155D;2015/02/11 17:07:08;926;81;23.8;28.3;2.361;1.551;0.819;1.887;0.306;0.619;927
B3155D;2015/02/11 17:07:18;927;80;25.8;28.8;2.219;1.551;0.803;1.887;0.306;0.629;928
B3155D;2015/02/11 17:07:28;928;88;24.8;28.9;2.177;1.580;0.803;1.887;0.274;0.612;929
B3155D;2015/02/11 17:07:38;929;89;32.5;28.1;2.274;1.580;0.841;1.887;0.274;0.606;930
B3155D;2015/02/11 17:07:48;930;83;26.1;27.9;2.180;1.548;0.841;1.854;0.274;0.641;931
B3155D;2015/02/11 17:07:58;931;85;27.4;28.6;2.241;1.548;0.816;1.854;0.274;0.609;932
B3155D;2015/02/11 17:08:08;932;92;26.1;28.3;2.354;1.551;0.816;1.854;0.212;0.641;933
B3155D;2015/02/11 17:08:18;933;91;25.4;27.9;2.261;1.551;0.825;1.854;0.212;0.625;934
B3155D;2015/02/11 17:08:28;934;86;26.1;28.6;2.206;1.567;0.825;1.848;0.212;0.619;935
B3155D;2015/02/11 17:08:38;935;89;23.5;28.4;2.158;1.567;0.822;1.848;0.212;0.609;936
B3155D;2015/02/11 17:08:48;936;92;26.4;28.9;2.219;1.580;0.822;1.848;0.212;0.638;937
B3155D;2015/02/11 17:08:58;937;88;26.1;28.4;2.158;1.580;0.841;1.848;0.212;0.609;938
B3155D;2015/02/11 17:09:08;938;92;31.2;28.6;2.312;1.561;0.841;1.877;0.212;0.603;939
B3155D;2015/02/11 17:09:18;939;83;29.3;28.6;2.354;1.561;0.845;1.877;0.212;0.619;940
B3155D;2015/02/11 17:09:28;940;93;28.7;28.4;2.299;1.541;0.845;1.877;0.261;0.625;941
B3155D;2015/02/11 17:09:38;941;83;26.7;28.3;2.287;1.541;0.845;1.877;0.261;0.609;942
B3155D;2015/02/11 17:09:48;942;87;24.8;28.4;2.161;1.577;0.845;1.877;0.261;0.635;943
B3155D;2015/02/11 17:09:58;943;83;29.6;28.4;2.219;1.577;0.851;1.877;0.261;0.612;944
B3155D;2015/02/11 17:10:08;944;87;27.4;28.3;2.177;1.580;0.851;1.877;0.209;0.629;945
B3155D;2015/02/11 17:10:18;945;82;23.8;29.1;2.203;1.580;0.890;1.877;0.209;0.619;946
B3155D;2015/02/11 17:10:28;946;90;26.1;28.9;2.258;1.580;0.890;1.903;0.209;0.619;947
B3155D;2015/02/11 17:10:38;947;83;31.2;28.6;2.348;1.580;0.893;1.903;0.209;0.606;948
B3155D;2015/02/11 17:10:48;948;77;25.8;28.4;2.354;1.629;0.893;1.903;0.216;0.654;949
B3155D;2015/02/11 17:10:58;949;91;29.0;28.6;2.348;1.629;0.932;1.903;0.216;0.635;950
B3155D;2015/02/11 17:11:08;950;86;31.2;28.6;2.354;1.638;0.932;1.867;0.216;0.606;951
B3155D;2015/02/11 17:11:18;951;83;25.4;27.9;2.351;1.638;0.896;1.867;0.216;0.625;952
B3155D;2015/02/11 17:11:28;952;82;29.6;28.4;2.193;1.622;0.896;1.867;0.216;0.609;953
B3155D;2015/02/11 17:11:38;953;83;30.9;28.6;2.264;1.622;0.890;1.867;0.216;0.609;954
B3155D;2015/02/11 17:11:48;954;77;31.2;28.6;2.358;1.651;0.890;1.854;0.216;0.609;955
B3155D;2015/02/11 17:11:58;955;93;30.0;28.9;2.329;1.651;0.883;1.854;0.216;0.641;956
B3155D;2015/02/11 17:12:08;956;93;31.6;28.9;2.206;1.629;0.883;1.854;0.241;0.638;957
B3155D;2015/02/11 17:12:18;957;84;28.7;28.4;2.180;1.629;0.925;1.854;0.241;0.625;958
B3155D;2015/02/11 17:12:28;958;85;26.4;28.4;2.345;1.625;0.925;1.845;0.241;0.606;959
B3155D;2015/02/11 17:12:38;959;87;31.9;28.3;2.354;1.625;0.883;1.845;0.241;0.638;960
B3155D;2015/02/11 17:12:48;960;80;27.4;28.6;2.338;1.622;0.883;1.845;0.238;0.632;961
B3155D;2015/02/11 17:12:58;961;93;29.6;28.3;2.238;1.622;0.903;1.845;0.238;0.606;962
B3155D;2015/02/11 17:13:08;962;83;29.3;29.1;2.174;1.629;0.903;1.880;0.238;0.609;963
B3155D;2015/02/11 17:13:18;963;85;29.3;27.9;2.316;1.629;0.890;1.880;0.238;0.612;964
B3155D;2015/02/11 17:13:28;964;84;28.7;28.6;2.261;1.606;0.890;1.880;0.258;0.625;965
B3155D;2015/02/11 17:13:38;965;77;31.2;28.8;2.367;1.606;0.864;1.880;0.258;0.629;966
B3155D;2015/02/11 17:13:48;966;92;29.3;29.1;2.354;1.629;0.864;1.854;0.258;0.629;967
B3155D;2015/02/11 17:13:58;967;82;29.3;28.3;2.264;1.629;0.906;1.854;0.258;0.635;968
B3155D;2015/02/11 17:14:08;968;91;30.0;28.4;2.354;1.625;0.906;1.854;0.232;0.632;969
B3155D;2015/02/11 17:14:18;969;86;27.7;28.8;2.316;1.625;0.864;1.854;0.232;0.612;970
B3155D;2015/02/11 17:14:28;970;93;30.9;28.8;2.351;1.593;0.864;1.848;0.232;0.616;971
B3155D;2015/02/11 17:14:38;971;83;25.1;28.8;2.338;1.593;0.861;1.848;0.232;0.638;972
B3155D;2015/02/11 17:14:48;972;86;23.8;28.8;2.274;1.609;0.861;1.848;0.209;0.606;973
B3155D;2015/02/11 17:14:58;973;79;29.0;28.6;2.180;1.609;0.900;1.848;0.209;0.629;974
B3155D;2015/02/11 17:15:08;974;78;25.8;28.3;2.251;1.609;0.900;1.854;0.209;0.612;975
B3155D;2015/02/11 17:15:18;975;83;26.4;28.8;2.212;1.609;0.883;1.854;0.209;0.625;976
B3155D;2015/02/11 17:15:28;976;76;23.2;28.9;2.361;1.616;0.883;1.854;0.212;0.632;977
B3155D;2015/02/11 17:15:38;977;88;24.5;27.9;2.332;1.616;0.887;1.854;0.212;0.619;978
B3155D;2015/02/11 17:15:48;978;83;27.7;27.7;2.177;1.599;0.887;1.874;0.212;0.603;979
