B31558;2015/02/27 00:00:08;20365;87;32.9;29.1;2.567;1.596;0.974;2.329;0.022;1.445;20366
B31558;2015/02/27 00:00:18;20366;83;32.5;29.1;2.561;1.629;0.974;2.370;0.022;1.448;20367
B31558;2015/02/27 00:00:28;20367;74;27.4;29.1;2.554;1.629;0.948;2.370;0.022;1.448;20368
B31558;2015/02/27 00:00:38;20368;83;26.7;28.8;2.680;1.587;0.948;2.370;0.022;1.441;20369
B31558;2015/02/27 00:00:48;20369;83;25.4;29.3;2.654;1.587;0.945;2.370;0.022;1.429;20370
B31558;2015/02/27 00:00:58;20370;78;32.2;29.8;2.564;1.632;0.945;2.361;0.022;1.406;20371
B31558;2015/02/27 00:01:08;20371;80;35.1;28.9;2.470;1.632;0.967;2.361;0.022;1.458;20372
B31558;2015/02/27 00:01:18;20372;89;24.5;29.6;2.445;1.590;0.967;2.361;0.022;1.419;20373
B31558;2015/02/27 00:01:28;20373;92;24.8;29.5;2.606;1.590;1.012;2.361;0.022;1.419;20374
B31558;2015/02/27 00:01:38;20374;91;25.8;29.1;2.454;1.606;1.012;2.361;0.022;1.458;20375
B31558;2015/02/27 00:01:48;20375;75;29.3;28.9;2.638;1.606;0.983;2.361;0.022;1.458;20376
B31558;2015/02/27 00:01:58;20376;82;29.0;29.3;2.496;1.625;0.983;2.361;0.000;1.435;20377
B31558;2015/02/27 00:02:08;20377;83;29.0;28.4;2.474;1.625;0.948;2.361;0.000;1.419;20378
B31558;2015/02/27 00:02:18;20378;93;30.6;29.3;2.687;1.609;0.948;2.361;0.000;1.477;20379
B31558;2015/02/27 00:02:28;20379;75;27.7;28.6;2.609;1.609;0.974;2.361;0.000;1.425;20380
B31558;2015/02/27 00:02:38;20380;83;30.6;29.8;2.445;1.593;0.974;2.361;0.016;1.403;20381
B31558;2015/02/27 00:02:48;20381;78;22.5;29.5;2.461;1.593;0.941;2.361;0.016;1.451;20382
B31558;2015/02/27 00:02:58;20382;79;30.6;30.2;2.629;1.587;0.941;2.377;0.016;1.406;20383
B31558;2015/02/27 00:03:08;20383;88;29.6;29.6;2.425;1.587;0.961;2.377;0.016;1.425;20384
B31558;2015/02/27 00:03:18;20384;83;27.4;29.3;2.635;1.587;0.961;2.377;0.003;1.419;20385
B31558;2015/02/27 00:03:28;20385;83;24.8;29.8;2.429;1.587;0.941;2.377;0.003;1.409;20386
B31558;2015/02/27 00:03:38;20386;89;33.8;29.8;2.445;1.616;0.941;2.361;0.003;1.445;20387
B31558;2015/02/27 00:03:48;20387;78;22.9;29.6;2.474;1.616;0.941;2.361;0.003;1.390;20388
B31558;2015/02/27 00:03:58;20388;81;27.7;29.5;2.687;1.593;0.941;2.361;0.003;1.406;20389
B31558;2015/02/27 00:04:08;20389;79;23.2;30.0;2.606;1.593;0.983;2.361;0.003;1.435;20390
B31558;2015/02/27 00:04:18;20390;84;30.3;29.5;2.641;1.583;0.983;2.338;0.003;1.390;20391
B31558;2015/02/27 00:04:28;20391;91;31.6;29.3;2.664;1.583;0.983;2.338;0.003;1.367;20392
B31558;2015/02/27 00:04:38;20392;88;27.4;29.5;2.674;1.590;0.983;2.338;0.074;1.374;20393
B31558;2015/02/27 00:04:48;20393;80;22.9;29.8;2.467;1.590;1.003;2.338;0.074;1.387;20394
B31558;2015/02/27 00:04:58;20394;87;28.7;30.0;2.596;1.583;1.003;2.338;0.074;1.396;20395
B31558;2015/02/27 00:05:08;20395;89;23.2;29.1;2.493;1.583;0.945;2.338;0.074;1.403;20396
B31558;2015/02/27 00:05:18;20396;83;29.3;30.0;2.470;1.583;0.945;2.338;0.006;1.406;20397
B31558;2015/02/27 00:05:28;20397;84;32.9;29.6;2.664;1.583;0.951;2.338;0.006;1.399;20398
B31558;2015/02/27 00:05:38;20398;83;29.6;29.6;2.496;1.609;0.951;2.380;0.006;1.441;20399
B31558;2015/02/27 00:05:48;20399;78;22.9;29.5;2.448;1.609;0.948;2.380;0.006;1.409;20400
B31558;2015/02/27 00:05:58;20400;74;31.9;29.6;2.545;1.609;0.948;2.380;0.000;1.416;20401
B31558;2015/02/27 00:06:08;20401;88;28.3;29.5;2.477;1.609;1.006;2.380;0.000;1.377;20402
B31558;2015/02/27 00:06:18;20402;93;26.7;28.8;2.429;1.632;1.006;2.351;0.000;1.370;20403
B31558;2015/02/27 00:06:28;20403;85;33.2;28.9;2.496;1.632;0.948;2.351;0.000;1.416;20404
B31558;2015/02/27 00:06:38;20404;85;32.5;29.5;2.448;1.596;0.948;2.351;0.000;1.387;20405
B31558;2015/02/27 00:06:48;20405;82;24.1;28.9;2.532;1.596;0.945;2.351;0.000;1.399;20406
B31558;2015/02/27 00:06:58;20406;83;33.2;29.3;2.503;1.583;0.945;2.348;0.000;1.416;20407
B31558;2015/02/27 00:07:08;20407;92;27.7;28.8;2.609;1.583;0.945;2.348;0.000;1.409;20408
B31558;2015/02/27 00:07:18;20408;87;31.2;29.3;2.622;1.603;0.945;2.348;0.000;1.399;20409
B31558;2015/02/27 00:07:28;20409;90;27.0;29.5;2.425;1.603;0.941;2.348;0.000;1.432;20410
B31558;2015/02/27 00:07:38;20410;82;30.0;28.8;2.641;1.606;0.941;2.370;0.000;1.435;20411
B31558;2015/02/27 00:07:48;20411;92;26.1;28.9;2.461;1.606;0.970;2.370;0.000;1.429;20412
B31558;2015/02/27 00:07:58;20412;83;34.5;29.3;2.458;1.629;0.970;2.370;0.000;1.419;20413
B31558;2015/02/27 00:08:08;20413;82;25.8;29.1;2.451;1.629;0.983;2.370;0.000;1.435;20414
B31558;2015/02/27 00:08:18;20414;78;29.3;29.3;2.641;1.606;0.983;2.319;0.000;1.461;20415
B31558;2015/02/27 00:08:28;20415;82;24.8;29.1;2.596;1.606;0.964;2.319;0.000;1.422;20416
B31558;2015/02/27 00:08:38;20416;73;23.2;29.1;2.419;1.625;0.964;2.319;0.012;1.435;20417
B31558;2015/02/27 00:08:48;20417;92;30.9;29.5;2.448;1.625;0.941;2.319;0.012;1.470;20418
B31558;2015/02/27 00:08:58;20418;93;28.7;29.1;2.674;1.593;0.941;2.361;0.012;1.448;20419
B31558;2015/02/27 00:09:08;20419;82;30.0;29.5;2.435;1.593;0.961;2.361;0.012;1.432;20420
B31558;2015/02/27 00:09:18;20420;77;27.4;28.6;2.687;1.580;0.961;2.361;0.012;1.448;20421
B31558;2015/02/27 00:09:28;20421;84;30.6;29.6;2.661;1.580;0.941;2.361;0.012;1.470;20422
B31558;2015/02/27 00:09:38;20422;73;29.0;29.6;2.635;1.577;0.941;2.322;0.012;1.425;20423
B31558;2015/02/27 00:09:48;20423;83;26.4;29.5;2.445;1.577;0.996;2.322;0.012;1.438;20424
B31558;2015/02/27 00:09:58;20424;90;23.2;29.6;2.419;1.577;0.996;2.322;0.016;1.448;20425
B31558;2015/02/27 00:10:08;20425;83;31.9;29.3;2.670;1.577;0.964;2.322;0.016;1.461;20426
B31558;2015/02/27 00:10:18;20426;83;28.7;29.5;2.622;1.577;0.964;2.335;0.016;1.474;20427
B31558;2015/02/27 00:10:28;20427;77;22.9;29.8;2.448;1.577;1.006;2.335;0.016;1.448;20428
B31558;2015/02/27 00:10:38;20428;86;23.2;29.3;2.419;1.629;1.006;2.335;0.019;1.409;20429
B31558;2015/02/27 00:10:48;20429;82;27.4;29.1;2.683;1.629;0.970;2.335;0.019;1.406;20430
B31558;2015/02/27 00:10:58;20430;88;25.8;29.3;2.693;1.596;0.970;2.354;0.019;1.438;20431
B31558;2015/02/27 00:11:08;20431;84;23.8;29.5;2.445;1.596;0.954;2.354;0.019;1.435;20432
B31558;2015/02/27 00:11:18;20432;88;23.2;29.3;2.467;1.593;0.954;2.354;0.009;1.438;20433
B31558;2015/02/27 00:11:28;20433;78;27.7;29.3;2.461;1.593;0.961;2.354;0.009;1.445;20434
B31558;2015/02/27 00:11:38;20434;82;23.8;29.6;2.448;1.599;0.961;2.341;0.009;1.422;20435
B31558;2015/02/27 00:11:48;20435;83;24.8;29.5;2.532;1.599;0.941;2.341;0.009;1.406;20436
B31558;2015/02/27 00:11:58;20436;92;31.6;30.0;2.564;1.625;0.941;2.341;0.016;1.435;20437
B31558;2015/02/27 00:12:08;20437;82;27.0;29.1;2.570;1.625;0.974;2.341;0.016;1.390;20438
B31558;2015/02/27 00:12:18;20438;83;30.3;30.0;2.687;1.590;0.974;2.348;0.016;1.448;20439
B31558;2015/02/27 00:12:28;20439;88;27.4;29.1;2.570;1.590;0.964;2.348;0.016;1.396;20440
B31558;2015/02/27 00:12:38;20440;71;28.3;30.0;2.509;1.599;0.964;2.348;0.016;1.409;20441
B31558;2015/02/27 00:12:48;20441;78;24.8;29.8;2.474;1.599;0.951;2.348;0.016;1.422;20442
B31558;2015/02/27 00:12:58;20442;81;30.3;30.0;2.480;1.577;0.951;2.374;0.016;1.432;20443
B31558;2015/02/27 00:13:08;20443;78;32.9;29.6;2.674;1.577;0.977;2.374;0.016;1.390;20444
B31558;2015/02/27 00:13:18;20444;88;27.0;29.3;2.448;1.593;0.977;2.374;0.035;1.425;20445
B31558;2015/02/27 00:13:28;20445;83;31.2;29.6;2.696;1.593;0.961;2.374;0.035;1.422;20446
B31558;2015/02/27 00:13:38;20446;85;30.6;29.5;2.664;1.612;0.961;2.390;0.035;1.445;20447
B31558;2015/02/27 00:13:48;20447;83;30.9;29.3;2.661;1.612;0.990;2.390;0.035;1.425;20448
B31558;2015/02/27 00:13:58;20448;93;32.5;29.5;2.480;1.577;0.990;2.390;0.000;1.409;20449
B31558;2015/02/27 00:14:08;20449;88;25.8;29.8;2.445;1.577;1.003;2.390;0.000;1.441;20450
B31558;2015/02/27 00:14:18;20450;88;23.8;29.5;2.606;1.606;1.003;2.380;0.000;1.422;20451
B31558;2015/02/27 00:14:28;20451;85;28.0;29.5;2.703;1.606;0.951;2.380;0.000;1.406;20452
B31558;2015/02/27 00:14:38;20452;74;28.0;29.5;2.609;1.603;0.951;2.380;0.019;1.425;20453
B31558;2015/02/27 00:14:48;20453;81;23.5;29.8;2.522;1.603;0.990;2.380;0.019;1.432;20454
B31558;2015/02/27 00:14:58;20454;78;29.3;29.6;2.622;1.616;0.990;2.354;0.019;1.429;20455
B31558;2015/02/27 00:15:08;20455;76;27.7;29.6;2.438;1.616;0.948;2.354;0.019;1.429;20456
B31558;2015/02/27 00:15:18;20456;93;22.5;29.6;2.461;1.622;0.948;2.354;0.067;1.438;20457
B31558;2015/02/27 00:15:28;20457;91;23.2;29.5;2.448;1.622;0.980;2.354;0.067;1.403;20458
B31558;2015/02/27 00:15:38;20458;88;24.8;29.6;2.480;1.574;0.980;2.322;0.067;1.429;20459
B31558;2015/02/27 00:15:48;20459;88;23.5;29.5;2.487;1.574;0.935;2.322;0.067;1.387;20460
B31558;2015/02/27 00:15:58;20460;74;29.3;29.8;2.632;1.593;0.935;2.322;0.087;1.432;20461
B31558;2015/02/27 00:16:08;20461;75;33.5;28.9;2.483;1.593;0.938;2.322;0.087;1.448;20462
B31558;2015/02/27 00:16:18;20462;74;21.9;29.8;2.419;1.599;0.938;2.354;0.087;1.441;20463
B31558;2015/02/27 00:16:28;20463;87;22.9;30.0;2.487;1.599;0.977;2.354;0.087;1.416;20464
B31558;2015/02/27 00:16:38;20464;72;24.8;29.6;2.425;1.590;0.977;2.354;0.006;1.429;20465
B31558;2015/02/27 00:16:48;20465;81;33.8;29.3;2.696;1.590;0.941;2.354;0.006;1.451;20466
B31558;2015/02/27 00:16:58;20466;85;31.6;30.0;2.554;1.587;0.941;2.329;0.006;1.403;20467
B31558;2015/02/27 00:17:08;20467;89;22.5;29.5;2.454;1.587;0.932;2.329;0.006;1.412;20468
B31558;2015/02/27 00:17:18;20468;88;29.3;30.0;2.622;1.606;0.932;2.329;0.016;1.403;20469
B31558;2015/02/27 00:17:28;20469;72;26.4;29.8;2.441;1.606;0.961;2.329;0.016;1.383;20470
B31558;2015/02/27 00:17:38;20470;89;30.3;29.6;2.548;1.616;0.961;2.370;0.016;1.429;20471
B31558;2015/02/27 00:17:48;20471;80;30.6;30.0;2.699;1.616;0.941;2.370;0.016;1.393;20472
B31558;2015/02/27 00:17:58;20472;77;23.2;30.2;2.432;1.574;0.941;2.370;0.048;1.425;20473
B31558;2015/02/27 00:18:08;20473;80;27.4;29.1;2.577;1.574;0.954;2.370;0.048;1.435;20474
B31558;2015/02/27 00:18:18;20474;82;22.5;29.6;2.422;1.574;0.954;2.361;0.048;1.406;20475
B31558;2015/02/27 00:18:28;20475;77;23.2;29.5;2.461;1.574;0.948;2.361;0.048;1.412;20476
B31558;2015/02/27 00:18:38;20476;78;28.7;29.6;2.477;1.596;0.948;2.361;0.019;1.425;20477
B31558;2015/02/27 00:18:48;20477;80;31.6;29.6;2.461;1.596;1.009;2.361;0.019;1.370;20478
B31558;2015/02/27 00:18:58;20478;79;23.2;29.6;2.438;1.587;1.009;2.383;0.019;1.387;20479
B31558;2015/02/27 00:19:08;20479;93;26.4;29.3;2.622;1.587;0.961;2.383;0.019;1.409;20480
B31558;2015/02/27 00:19:18;20480;87;27.0;28.9;2.619;1.616;0.961;2.383;0.099;1.377;20481
B31558;2015/02/27 00:19:28;20481;80;27.7;28.4;2.590;1.616;0.987;2.383;0.099;1.425;20482
B31558;2015/02/27 00:19:38;20482;81;25.8;28.6;2.696;1.606;0.987;2.338;0.099;1.435;20483
B31558;2015/02/27 00:19:48;20483;78;29.6;29.3;2.438;1.606;0.938;2.338;0.099;1.412;20484
B31558;2015/02/27 00:19:58;20484;87;31.6;29.3;2.632;1.577;0.938;2.338;0.012;1.416;20485
B31558;2015/02/27 00:20:08;20485;88;26.1;28.9;2.454;1.577;0.932;2.338;0.012;1.435;20486
B31558;2015/02/27 00:20:18;20486;91;31.2;29.5;2.699;1.603;0.932;2.332;0.012;1.451;20487
B31558;2015/02/27 00:20:28;20487;84;29.6;29.6;2.651;1.603;0.935;2.332;0.012;1.451;20488
B31558;2015/02/27 00:20:38;20488;84;31.6;28.9;2.419;1.570;0.935;2.332;0.012;1.429;20489
B31558;2015/02/27 00:20:48;20489;87;30.3;29.3;2.425;1.570;0.941;2.332;0.012;1.441;20490
B31558;2015/02/27 00:20:58;20490;83;23.2;29.3;2.470;1.570;0.941;2.345;0.012;1.403;20491
B31558;2015/02/27 00:21:08;20491;88;30.9;29.3;2.703;1.570;0.938;2.345;0.012;1.425;20492
B31558;2015/02/27 00:21:18;20492;94;25.8;28.6;2.696;1.577;0.938;2.345;0.000;1.441;20493
B31558;2015/02/27 00:21:28;20493;81;24.5;29.5;2.454;1.577;0.951;2.345;0.000;1.422;20494
B31558;2015/02/27 00:21:38;20494;84;28.3;29.8;2.635;1.570;0.951;2.322;0.000;1.429;20495
B31558;2015/02/27 00:21:48;20495;88;28.0;29.3;2.448;1.570;0.945;2.322;0.000;1.454;20496
B31558;2015/02/27 00:21:58;20496;79;29.3;29.5;2.438;1.570;0.945;2.322;0.074;1.406;20497
B31558;2015/02/27 00:22:08;20497;83;31.2;29.1;2.432;1.570;0.951;2.322;0.074;1.396;20498
B31558;2015/02/27 00:22:18;20498;85;26.1;29.1;2.603;1.577;0.951;2.329;0.074;1.396;20499
B31558;2015/02/27 00:22:28;20499;84;30.0;29.5;2.467;1.577;0.948;2.329;0.074;1.435;20500
B31558;2015/02/27 00:22:38;20500;84;29.0;29.3;2.496;1.577;0.948;2.329;0.016;1.406;20501
B31558;2015/02/27 00:22:48;20501;80;31.9;29.3;2.696;1.577;0.948;2.329;0.016;1.399;20502
B31558;2015/02/27 00:22:58;20502;83;30.0;28.6;2.699;1.570;0.948;2.329;0.016;1.454;20503
B31558;2015/02/27 00:23:08;20503;82;22.5;29.3;2.493;1.570;0.948;2.329;0.016;1.406;20504
B31558;2015/02/27 00:23:18;20504;80;23.8;29.6;2.461;1.616;0.948;2.329;0.016;1.441;20505
B31558;2015/02/27 00:23:28;20505;87;31.9;28.9;2.641;1.616;0.967;2.329;0.016;1.429;20506
B31558;2015/02/27 00:23:38;20506;84;25.4;28.8;2.696;1.580;0.967;2.335;0.016;1.441;20507
B31558;2015/02/27 00:23:48;20507;87;26.1;28.9;2.448;1.580;0.996;2.335;0.016;1.412;20508
B31558;2015/02/27 00:23:58;20508;83;25.1;29.6;2.445;1.612;0.996;2.335;0.009;1.438;20509
B31558;2015/02/27 00:24:08;20509;92;25.8;29.5;2.445;1.612;0.948;2.335;0.009;1.429;20510
B31558;2015/02/27 00:24:18;20510;93;32.5;29.6;2.425;1.599;0.948;2.361;0.009;1.454;20511
B31558;2015/02/27 00:24:28;20511;76;25.8;29.1;2.438;1.599;0.932;2.361;0.009;1.467;20512
B31558;2015/02/27 00:24:38;20512;90;23.2;29.5;2.432;1.609;0.932;2.361;0.006;1.432;20513
B31558;2015/02/27 00:24:48;20513;83;25.8;29.3;2.435;1.609;0.951;2.361;0.006;1.406;20514
B31558;2015/02/27 00:24:58;20514;87;24.5;28.8;2.683;1.606;0.951;2.367;0.006;1.445;20515
B31558;2015/02/27 00:25:08;20515;80;29.3;29.1;2.432;1.606;0.990;2.367;0.006;1.438;20516
B31558;2015/02/27 00:25:18;20516;78;23.5;29.1;2.674;1.577;0.990;2.367;0.019;1.441;20517
B31558;2015/02/27 00:25:28;20517;83;29.6;29.3;2.458;1.577;1.000;2.367;0.019;1.451;20518
B31558;2015/02/27 00:25:38;20518;83;27.7;29.5;2.622;1.587;1.000;2.329;0.019;1.448;20519
B31558;2015/02/27 00:25:48;20519;90;32.5;28.9;2.461;1.587;0.935;2.329;0.019;1.438;20520
B31558;2015/02/27 00:25:58;20520;93;25.1;29.1;2.503;1.599;0.935;2.329;0.003;1.467;20521
B31558;2015/02/27 00:26:08;20521;90;30.6;29.6;2.429;1.599;0.938;2.329;0.003;1.412;20522
B31558;2015/02/27 00:26:18;20522;80;25.8;29.5;2.432;1.609;0.938;2.319;0.003;1.412;20523
B31558;2015/02/27 00:26:28;20523;82;33.2;29.3;2.696;1.609;0.996;2.319;0.003;1.403;20524
B31558;2015/02/27 00:26:38;20524;90;31.9;29.3;2.577;1.596;0.996;2.319;0.000;1.396;20525
B31558;2015/02/27 00:26:48;20525;84;33.2;29.3;2.448;1.596;0.948;2.319;0.000;1.438;20526
B31558;2015/02/27 00:26:58;20526;85;27.0;29.1;2.480;1.599;0.948;2.338;0.000;1.403;20527
B31558;2015/02/27 00:27:08;20527;80;23.8;29.1;2.545;1.599;0.932;2.338;0.000;1.396;20528
B31558;2015/02/27 00:27:18;20528;84;25.1;28.9;2.622;1.570;0.932;2.338;0.016;1.416;20529
B31558;2015/02/27 00:27:28;20529;90;33.8;29.1;2.558;1.570;0.996;2.338;0.016;1.390;20530
B31558;2015/02/27 00:27:38;20530;79;23.8;30.2;2.641;1.599;0.996;2.335;0.016;1.390;20531
B31558;2015/02/27 00:27:48;20531;87;24.8;29.1;2.538;1.599;0.938;2.335;0.016;1.393;20532
B31558;2015/02/27 00:27:58;20532;87;26.4;29.5;2.441;1.612;0.938;2.335;0.000;1.390;20533
B31558;2015/02/27 00:28:08;20533;86;28.0;29.5;2.703;1.612;0.935;2.335;0.000;1.390;20534
B31558;2015/02/27 00:28:18;20534;83;23.8;28.4;2.670;1.603;0.935;2.367;0.000;1.406;20535
B31558;2015/02/27 00:28:28;20535;78;29.3;28.9;2.529;1.603;0.996;2.367;0.000;1.406;20536
B31558;2015/02/27 00:28:38;20536;88;28.0;29.1;2.529;1.612;0.996;2.367;0.006;1.435;20537
B31558;2015/02/27 00:28:48;20537;85;23.2;29.5;2.583;1.612;0.932;2.367;0.006;1.374;20538
B31558;2015/02/27 00:28:58;20538;93;25.8;28.8;2.696;1.596;0.932;2.364;0.006;1.419;20539
B31558;2015/02/27 00:29:08;20539;83;33.2;29.1;2.674;1.596;0.990;2.364;0.006;1.390;20540
B31558;2015/02/27 00:29:18;20540;82;32.5;29.3;2.464;1.564;0.990;2.364;0.000;1.432;20541
B31558;2015/02/27 00:29:28;20541;83;26.7;28.4;2.551;1.564;0.935;2.364;0.000;1.448;20542
B31558;2015/02/27 00:29:38;20542;74;23.2;28.9;2.674;1.599;0.935;2.316;0.000;1.416;20543
B31558;2015/02/27 00:29:48;20543;82;26.7;29.3;2.422;1.599;0.980;2.316;0.000;1.390;20544
B31558;2015/02/27 00:29:58;20544;85;23.2;29.5;2.561;1.574;0.980;2.316;0.029;1.396;20545
B31558;2015/02/27 00:30:08;20545;82;31.2;29.6;2.635;1.574;0.945;2.316;0.029;1.416;20546
B31558;2015/02/27 00:30:18;20546;88;23.5;28.6;2.696;1.564;0.945;2.351;0.029;1.396;20547
B31558;2015/02/27 00:30:28;20547;83;25.8;29.5;2.435;1.564;0.951;2.351;0.029;1.403;20548
B31558;2015/02/27 00:30:38;20548;78;30.0;28.8;2.687;1.583;0.951;2.351;0.051;1.412;20549
B31558;2015/02/27 00:30:48;20549;83;29.3;29.3;2.448;1.583;0.996;2.351;0.051;1.429;20550
B31558;2015/02/27 00:30:58;20550;84;29.6;29.1;2.674;1.583;0.996;2.351;0.051;1.425;20551
B31558;2015/02/27 00:31:08;20551;83;23.8;29.5;2.451;1.583;0.941;2.351;0.051;1.406;20552
B31558;2015/02/27 00:31:18;20552;78;22.5;29.3;2.432;1.570;0.941;2.351;0.000;1.390;20553
B31558;2015/02/27 00:31:28;20553;89;32.2;29.1;2.635;1.570;0.932;2.351;0.000;1.432;20554
B31558;2015/02/27 00:31:38;20554;85;29.3;29.5;2.690;1.583;0.932;2.358;0.000;1.435;20555
B31558;2015/02/27 00:31:48;20555;89;27.0;28.8;2.629;1.583;0.941;2.358;0.000;1.399;20556
B31558;2015/02/27 00:31:58;20556;92;30.0;28.9;2.606;1.574;0.941;2.358;0.012;1.412;20557
B31558;2015/02/27 00:32:08;20557;91;27.7;28.4;2.590;1.574;0.961;2.358;0.012;1.419;20558
B31558;2015/02/27 00:32:18;20558;83;23.2;29.5;2.470;1.564;0.961;2.367;0.012;1.429;20559
B31558;2015/02/27 00:32:28;20559;89;29.3;29.5;2.703;1.564;0.951;2.367;0.012;1.383;20560
B31558;2015/02/27 00:32:38;20560;73;26.4;28.6;2.674;1.606;0.951;2.367;0.016;1.377;20561
B31558;2015/02/27 00:32:48;20561;73;26.7;28.9;2.545;1.606;0.932;2.367;0.016;1.396;20562
B31558;2015/02/27 00:32:58;20562;79;25.4;29.5;2.596;1.564;0.932;2.351;0.016;1.403;20563
B31558;2015/02/27 00:33:08;20563;80;23.2;29.5;2.467;1.564;0.941;2.351;0.016;1.441;20564
B31558;2015/02/27 00:33:18;20564;91;26.4;28.4;2.609;1.606;0.941;2.351;0.000;1.435;20565
B31558;2015/02/27 00:33:28;20565;83;27.0;29.3;2.532;1.606;0.990;2.351;0.000;1.425;20566
B31558;2015/02/27 00:33:38;20566;83;30.0;28.8;2.670;1.580;0.990;2.329;0.000;1.438;20567
B31558;2015/02/27 00:33:48;20567;83;32.5;28.9;2.487;1.580;0.961;2.329;0.000;1.399;20568
B31558;2015/02/27 00:33:58;20568;84;23.5;28.4;2.590;1.603;0.961;2.329;0.029;1.390;20569
B31558;2015/02/27 00:34:08;20569;83;29.3;29.1;2.703;1.603;0.941;2.329;0.029;1.429;20570
B31558;2015/02/27 00:34:18;20570;87;33.8;29.1;2.438;1.587;0.941;2.361;0.029;1.422;20571
B31558;2015/02/27 00:34:28;20571;82;24.8;28.8;2.483;1.587;0.932;2.361;0.029;1.399;20572
B31558;2015/02/27 00:34:38;20572;72;30.6;29.1;2.632;1.567;0.932;2.361;0.000;1.412;20573
B31558;2015/02/27 00:34:48;20573;73;26.4;28.3;2.519;1.567;0.932;2.361;0.000;1.441;20574
B31558;2015/02/27 00:34:58;20574;83;33.5;29.1;2.474;1.583;0.932;2.332;0.000;1.435;20575
B31558;2015/02/27 00:35:08;20575;82;25.4;28.8;2.670;1.583;0.941;2.332;0.000;1.383;20576
B31558;2015/02/27 00:35:18;20576;83;27.4;28.3;2.690;1.564;0.941;2.332;0.022;1.396;20577
B31558;2015/02/27 00:35:28;20577;78;23.8;28.4;2.451;1.564;0.990;2.332;0.022;1.432;20578
B31558;2015/02/27 00:35:38;20578;88;32.5;29.1;2.477;1.561;0.990;2.322;0.022;1.412;20579
B31558;2015/02/27 00:35:48;20579;79;30.0;28.9;2.696;1.561;0.961;2.322;0.022;1.393;20580
B31558;2015/02/27 00:35:58;20580;85;31.2;29.3;2.461;1.616;0.961;2.322;0.000;1.399;20581
B31558;2015/02/27 00:36:08;20581;88;30.3;28.9;2.683;1.616;0.932;2.322;0.000;1.425;20582
B31558;2015/02/27 00:36:18;20582;83;25.4;29.1;2.445;1.583;0.932;2.361;0.000;1.390;20583
B31558;2015/02/27 00:36:28;20583;81;23.8;28.6;2.667;1.583;0.996;2.361;0.000;1.361;20584
B31558;2015/02/27 00:36:38;20584;71;23.2;28.6;2.425;1.599;0.996;2.361;0.016;1.416;20585
B31558;2015/02/27 00:36:48;20585;78;30.3;29.3;2.458;1.599;0.941;2.361;0.016;1.422;20586
B31558;2015/02/27 00:36:58;20586;93;27.0;28.9;2.422;1.564;0.941;2.345;0.016;1.396;20587
B31558;2015/02/27 00:37:08;20587;87;30.0;29.3;2.451;1.564;0.941;2.345;0.016;1.432;20588
B31558;2015/02/27 00:37:18;20588;93;29.6;28.4;2.693;1.570;0.941;2.345;0.016;1.396;20589
B31558;2015/02/27 00:37:28;20589;81;25.8;28.6;2.529;1.570;0.941;2.345;0.016;1.432;20590
B31558;2015/02/27 00:37:38;20590;83;28.7;28.8;2.480;1.590;0.941;2.364;0.016;1.419;20591
B31558;2015/02/27 00:37:48;20591;88;33.2;28.3;2.596;1.590;0.941;2.364;0.016;1.416;20592
B31558;2015/02/27 00:37:58;20592;85;32.5;28.9;2.419;1.583;0.941;2.364;0.012;1.422;20593
B31558;2015/02/27 00:38:08;20593;82;26.4;28.6;2.493;1.583;0.938;2.364;0.012;1.406;20594
B31558;2015/02/27 00:38:18;20594;87;26.7;28.1;2.699;1.593;0.938;2.374;0.012;1.396;20595
B31558;2015/02/27 00:38:28;20595;83;24.8;28.8;2.619;1.593;0.996;2.374;0.012;1.412;20596
B31558;2015/02/27 00:38:38;20596;73;26.4;28.3;2.441;1.593;0.996;2.374;0.016;1.458;20597
B31558;2015/02/27 00:38:48;20597;78;27.0;28.8;2.435;1.593;0.938;2.374;0.016;1.416;20598
B31558;2015/02/27 00:38:58;20598;87;28.0;28.8;2.438;1.564;0.938;2.380;0.016;1.441;20599
B31558;2015/02/27 00:39:08;20599;82;23.8;28.6;2.493;1.564;0.990;2.380;0.016;1.435;20600
B31558;2015/02/27 00:39:18;20600;89;28.7;28.6;2.583;1.590;0.990;2.380;0.087;1.448;20601
B31558;2015/02/27 00:39:28;20601;80;32.9;28.4;2.487;1.590;0.951;2.380;0.087;1.396;20602
B31558;2015/02/27 00:39:38;20602;91;23.8;28.6;2.574;1.596;0.951;2.348;0.087;1.438;20603
B31558;2015/02/27 00:39:48;20603;86;30.9;27.9;2.696;1.596;0.964;2.348;0.087;1.406;20604
B31558;2015/02/27 00:39:58;20604;93;26.1;28.6;2.441;1.577;0.964;2.348;0.148;1.403;20605
B31558;2015/02/27 00:40:08;20605;81;26.4;28.6;2.445;1.577;0.983;2.348;0.148;1.419;20606
B31558;2015/02/27 00:40:18;20606;92;33.5;28.6;2.454;1.564;0.983;2.338;0.148;1.419;20607
B31558;2015/02/27 00:40:28;20607;91;31.6;28.1;2.651;1.564;0.996;2.338;0.148;1.448;20608
B31558;2015/02/27 00:40:38;20608;83;29.6;28.3;2.522;1.570;0.996;2.338;0.067;1.422;20609
B31558;2015/02/27 00:40:48;20609;87;29.3;28.6;2.564;1.570;0.932;2.338;0.067;1.435;20610
B31558;2015/02/27 00:40:58;20610;83;33.2;28.9;2.696;1.609;0.932;2.332;0.067;1.458;20611
B31558;2015/02/27 00:41:08;20611;79;34.5;28.1;2.590;1.609;0.958;2.332;0.067;1.467;20612
B31558;2015/02/27 00:41:18;20612;83;26.4;28.6;2.577;1.574;0.958;2.332;0.003;1.406;20613
B31558;2015/02/27 00:41:28;20613;83;23.2;28.4;2.458;1.574;0.941;2.332;0.003;1.396;20614
B31558;2015/02/27 00:41:38;20614;89;32.9;28.4;2.696;1.596;0.941;2.345;0.003;1.387;20615
B31558;2015/02/27 00:41:48;20615;82;23.2;28.8;2.470;1.596;0.938;2.345;0.003;1.438;20616
B31558;2015/02/27 00:41:58;20616;83;24.8;28.6;2.419;1.590;0.938;2.345;0.080;1.425;20617
B31558;2015/02/27 00:42:08;20617;82;24.5;28.8;2.480;1.590;0.970;2.345;0.080;1.419;20618
B31558;2015/02/27 00:42:18;20618;89;22.5;28.4;2.658;1.599;0.970;2.358;0.080;1.396;20619
B31558;2015/02/27 00:42:28;20619;90;23.8;28.8;2.441;1.599;0.948;2.358;0.080;1.406;20620
B31558;2015/02/27 00:42:38;20620;83;25.8;28.4;2.699;1.590;0.948;2.358;0.125;1.448;20621
B31558;2015/02/27 00:42:48;20621;88;23.2;29.1;2.483;1.590;1.006;2.358;0.125;1.406;20622
B31558;2015/02/27 00:42:58;20622;81;33.8;28.4;2.699;1.596;1.006;2.338;0.125;1.422;20623
B31558;2015/02/27 00:43:08;20623;80;26.7;28.4;2.474;1.596;0.941;2.338;0.125;1.416;20624
B31558;2015/02/27 00:43:18;20624;78;33.2;28.6;2.467;1.590;0.941;2.338;0.000;1.454;20625
B31558;2015/02/27 00:43:28;20625;91;30.6;28.9;2.622;1.590;0.993;2.338;0.000;1.445;20626
B31558;2015/02/27 00:43:38;20626;93;30.6;29.1;2.625;1.564;0.993;2.393;0.000;1.409;20627
B31558;2015/02/27 00:43:48;20627;80;30.6;28.4;2.600;1.564;0.958;2.393;0.000;1.390;20628
B31558;2015/02/27 00:43:58;20628;84;30.6;28.3;2.422;1.564;0.958;2.393;0.019;1.438;20629
B31558;2015/02/27 00:44:08;20629;78;26.4;28.8;2.448;1.564;0.932;2.393;0.019;1.412;20630
B31558;2015/02/27 00:44:18;20630;84;30.9;28.1;2.661;1.564;0.932;2.341;0.019;1.406;20631
B31558;2015/02/27 00:44:28;20631;74;28.3;28.1;2.629;1.564;0.938;2.341;0.019;1.435;20632
B31558;2015/02/27 00:44:38;20632;89;24.1;28.3;2.612;1.609;0.938;2.341;0.061;1.445;20633
B31558;2015/02/27 00:44:48;20633;80;32.5;28.6;2.493;1.609;0.935;2.341;0.061;1.448;20634
B31558;2015/02/27 00:44:58;20634;83;24.5;28.8;2.645;1.587;0.935;2.322;0.061;1.441;20635
B31558;2015/02/27 00:45:08;20635;82;23.8;28.8;2.570;1.587;0.961;2.322;0.061;1.425;20636
B31558;2015/02/27 00:45:18;20636;82;25.1;28.9;2.696;1.567;0.961;2.322;0.067;1.461;20637
B31558;2015/02/27 00:45:28;20637;84;29.3;28.6;2.641;1.567;0.941;2.322;0.067;1.429;20638
B31558;2015/02/27 00:45:38;20638;84;29.3;28.4;2.512;1.606;0.941;2.332;0.067;1.419;20639
B31558;2015/02/27 00:45:48;20639;77;31.2;28.6;2.703;1.606;0.941;2.332;0.067;1.448;20640
B31558;2015/02/27 00:45:58;20640;87;30.0;28.1;2.667;1.599;0.941;2.332;0.022;1.422;20641
B31558;2015/02/27 00:46:08;20641;84;30.0;28.8;2.454;1.599;0.961;2.332;0.022;1.461;20642
B31558;2015/02/27 00:46:18;20642;80;27.4;28.3;2.674;1.564;0.961;2.332;0.022;1.464;20643
B31558;2015/02/27 00:46:28;20643;82;30.3;28.6;2.683;1.564;0.941;2.332;0.022;1.422;20644
B31558;2015/02/27 00:46:38;20644;87;28.7;28.6;2.661;1.570;0.941;2.332;0.009;1.419;20645
B31558;2015/02/27 00:46:48;20645;78;33.8;28.3;2.545;1.570;0.948;2.332;0.009;1.429;20646
B31558;2015/02/27 00:46:58;20646;89;30.6;28.6;2.699;1.596;0.948;2.338;0.009;1.451;20647
B31558;2015/02/27 00:47:08;20647;78;23.2;28.6;2.464;1.596;0.983;2.338;0.009;1.406;20648
B31558;2015/02/27 00:47:18;20648;78;25.8;27.7;2.699;1.599;0.983;2.338;0.009;1.441;20649
B31558;2015/02/27 00:47:28;20649;72;29.6;28.3;2.670;1.599;1.000;2.338;0.009;1.409;20650
B31558;2015/02/27 00:47:38;20650;84;27.4;27.7;2.696;1.577;1.000;2.329;0.009;1.425;20651
B31558;2015/02/27 00:47:48;20651;90;33.5;28.1;2.641;1.577;0.945;2.329;0.009;1.438;20652
B31558;2015/02/27 00:47:58;20652;83;27.4;28.9;2.435;1.603;0.945;2.329;0.022;1.435;20653
B31558;2015/02/27 00:48:08;20653;83;24.5;28.4;2.425;1.603;0.993;2.329;0.022;1.432;20654
B31558;2015/02/27 00:48:18;20654;83;26.4;28.6;2.461;1.599;0.993;2.325;0.022;1.451;20655
B31558;2015/02/27 00:48:28;20655;84;23.5;28.8;2.445;1.599;0.935;2.325;0.022;1.412;20656
B31558;2015/02/27 00:48:38;20656;85;22.9;28.9;2.693;1.574;0.935;2.325;0.006;1.425;20657
B31558;2015/02/27 00:48:48;20657;83;23.8;28.6;2.703;1.574;0.951;2.325;0.006;1.419;20658
B31558;2015/02/27 00:48:58;20658;84;22.5;28.8;2.416;1.590;0.951;2.370;0.006;1.416;20659
B31558;2015/02/27 00:49:08;20659;85;25.1;28.4;2.461;1.590;0.951;2.370;0.006;1.448;20660
B31558;2015/02/27 00:49:18;20660;81;22.5;28.4;2.432;1.567;0.951;2.370;0.012;1.425;20661
B31558;2015/02/27 00:49:28;20661;80;31.9;28.9;2.532;1.567;0.941;2.370;0.012;1.454;20662
B31558;2015/02/27 00:49:38;20662;83;23.2;28.9;2.696;1.606;0.941;2.322;0.012;1.454;20663
B31558;2015/02/27 00:49:48;20663;87;27.4;29.3;2.432;1.606;0.948;2.322;0.012;1.393;20664
B31558;2015/02/27 00:49:58;20664;74;26.1;29.3;2.461;1.570;0.948;2.322;0.019;1.425;20665
B31558;2015/02/27 00:50:08;20665;83;25.1;28.3;2.683;1.570;0.951;2.322;0.019;1.383;20666
B31558;2015/02/27 00:50:18;20666;79;26.7;28.4;2.687;1.564;0.951;2.370;0.019;1.383;20667
B31558;2015/02/27 00:50:28;20667;79;28.3;29.3;2.435;1.564;1.006;2.370;0.019;1.435;20668
B31558;2015/02/27 00:50:38;20668;84;31.9;29.1;2.548;1.564;1.006;2.370;0.022;1.448;20669
B31558;2015/02/27 00:50:48;20669;84;28.3;28.6;2.596;1.564;1.003;2.370;0.022;1.445;20670
B31558;2015/02/27 00:50:58;20670;81;32.5;28.9;2.438;1.567;1.003;2.361;0.022;1.412;20671
B31558;2015/02/27 00:51:08;20671;78;33.8;28.3;2.577;1.567;0.941;2.361;0.022;1.403;20672
B31558;2015/02/27 00:51:18;20672;92;27.4;28.3;2.432;1.609;0.941;2.361;0.016;1.396;20673
B31558;2015/02/27 00:51:28;20673;91;23.8;29.6;2.480;1.609;1.003;2.361;0.016;1.383;20674
B31558;2015/02/27 00:51:38;20674;79;26.4;29.3;2.570;1.564;1.003;2.387;0.016;1.425;20675
B31558;2015/02/27 00:51:48;20675;78;33.2;28.9;2.596;1.564;0.961;2.387;0.016;1.441;20676
B31558;2015/02/27 00:51:58;20676;91;26.4;28.9;2.454;1.599;0.961;2.387;0.048;1.416;20677
B31558;2015/02/27 00:52:08;20677;78;30.9;29.3;2.703;1.599;0.938;2.387;0.048;1.429;20678
B31558;2015/02/27 00:52:18;20678;77;23.8;28.9;2.677;1.603;0.938;2.335;0.048;1.387;20679
B31558;2015/02/27 00:52:28;20679;83;28.7;29.1;2.690;1.603;0.951;2.335;0.048;1.416;20680
B31558;2015/02/27 00:52:38;20680;86;27.0;28.6;2.699;1.596;0.951;2.335;0.035;1.416;20681
B31558;2015/02/27 00:52:48;20681;78;27.0;28.8;2.696;1.596;1.003;2.335;0.035;1.438;20682
B31558;2015/02/27 00:52:58;20682;78;23.2;28.8;2.538;1.564;1.003;2.332;0.035;1.445;20683
B31558;2015/02/27 00:53:08;20683;92;25.1;28.9;2.703;1.564;0.951;2.332;0.035;1.403;20684
B31558;2015/02/27 00:53:18;20684;83;31.2;28.8;2.487;1.587;0.951;2.332;0.051;1.429;20685
B31558;2015/02/27 00:53:28;20685;92;25.1;28.6;2.658;1.587;1.003;2.332;0.051;1.406;20686
B31558;2015/02/27 00:53:38;20686;93;28.7;29.1;2.674;1.564;1.003;2.354;0.051;1.409;20687
B31558;2015/02/27 00:53:48;20687;83;31.9;28.6;2.632;1.564;1.000;2.354;0.051;1.387;20688
B31558;2015/02/27 00:53:58;20688;90;22.5;28.9;2.667;1.564;1.000;2.354;0.019;1.438;20689
B31558;2015/02/27 00:54:08;20689;86;23.8;29.5;2.474;1.564;0.961;2.354;0.019;1.441;20690
B31558;2015/02/27 00:54:18;20690;85;31.9;28.4;2.522;1.564;0.961;2.367;0.019;1.396;20691
B31558;2015/02/27 00:54:28;20691;88;25.4;28.6;2.593;1.564;1.000;2.367;0.019;1.435;20692
B31558;2015/02/27 00:54:38;20692;87;33.2;29.5;2.667;1.564;1.000;2.367;0.012;1.403;20693
B31558;2015/02/27 00:54:48;20693;90;27.7;29.3;2.664;1.564;0.941;2.367;0.012;1.419;20694
B31558;2015/02/27 00:54:58;20694;81;31.9;28.9;2.506;1.596;0.941;2.299;0.012;1.432;20695
B31558;2015/02/27 00:55:08;20695;83;25.1;28.8;2.577;1.596;0.980;2.299;0.012;1.432;20696
B31558;2015/02/27 00:55:18;20696;91;25.1;29.1;2.577;1.590;0.980;2.299;0.006;1.399;20697
B31558;2015/02/27 00:55:28;20697;84;30.6;28.8;2.429;1.590;0.941;2.299;0.006;1.390;20698
B31558;2015/02/27 00:55:38;20698;78;26.7;28.6;2.667;1.603;0.941;2.319;0.006;1.425;20699
B31558;2015/02/27 00:55:48;20699;91;32.2;29.5;2.703;1.603;0.974;2.319;0.006;1.403;20700
B31558;2015/02/27 00:55:58;20700;82;25.4;29.1;2.512;1.587;0.974;2.319;0.000;1.448;20701
B31558;2015/02/27 00:56:08;20701;85;32.5;28.4;2.477;1.587;1.003;2.319;0.000;1.422;20702
B31558;2015/02/27 00:56:18;20702;82;25.8;29.3;2.606;1.596;1.003;2.335;0.000;1.438;20703
B31558;2015/02/27 00:56:28;20703;83;22.9;28.9;2.448;1.596;0.938;2.335;0.000;1.399;20704
B31558;2015/02/27 00:56:38;20704;90;25.8;29.1;2.448;1.596;0.938;2.335;0.003;1.429;20705
B31558;2015/02/27 00:56:48;20705;87;22.5;29.1;2.609;1.596;0.941;2.335;0.003;1.425;20706
B31558;2015/02/27 00:56:58;20706;88;33.2;28.9;2.645;1.599;0.941;2.338;0.003;1.406;20707
B31558;2015/02/27 00:57:08;20707;84;28.3;28.1;2.703;1.599;0.948;2.338;0.003;1.387;20708
B31558;2015/02/27 00:57:18;20708;74;22.5;28.4;2.661;1.574;0.948;2.338;0.061;1.396;20709
B31558;2015/02/27 00:57:28;20709;75;22.9;29.1;2.487;1.574;0.945;2.338;0.061;1.377;20710
B31558;2015/02/27 00:57:38;20710;83;25.8;28.9;2.680;1.574;0.945;2.348;0.061;1.432;20711
B31558;2015/02/27 00:57:48;20711;85;24.5;28.3;2.570;1.574;0.941;2.348;0.061;1.416;20712
B31558;2015/02/27 00:57:58;20712;88;33.2;28.8;2.603;1.590;0.941;2.348;0.041;1.416;20713
B31558;2015/02/27 00:58:08;20713;80;34.1;28.3;2.622;1.590;0.945;2.348;0.041;1.441;20714
B31558;2015/02/27 00:58:18;20714;93;28.7;28.9;2.438;1.599;0.945;2.358;0.041;1.393;20715
B31558;2015/02/27 00:58:28;20715;79;22.9;28.6;2.651;1.599;0.941;2.358;0.041;1.403;20716
B31558;2015/02/27 00:58:38;20716;75;23.8;29.1;2.441;1.567;0.941;2.358;0.009;1.422;20717
B31558;2015/02/27 00:58:48;20717;79;27.7;29.1;2.487;1.567;0.961;2.358;0.009;1.454;20718
B31558;2015/02/27 00:58:58;20718;82;25.1;28.8;2.590;1.590;0.961;2.325;0.009;1.429;20719
B31558;2015/02/27 00:59:08;20719;84;26.4;28.6;2.441;1.590;0.974;2.325;0.009;1.406;20720
B31558;2015/02/27 00:59:18;20720;83;24.5;28.3;2.670;1.606;0.974;2.325;0.051;1.409;20721
B31558;2015/02/27 00:59:28;20721;73;34.5;28.4;2.454;1.606;0.938;2.325;0.051;1.438;20722
B31558;2015/02/27 00:59:38;20722;88;28.7;28.6;2.458;1.596;0.938;2.348;0.051;1.406;20723
B31558;2015/02/27 00:59:48;20723;76;31.9;28.6;2.438;1.596;0.990;2.348;0.051;1.429;20724
B31558;2015/02/27 00:59:58;20724;93;26.7;28.1;2.699;1.577;0.990;2.348;0.138;1.432;20725
B31558;2015/02/27 01:00:08;20725;81;23.8;28.9;2.648;1.577;0.938;2.348;0.138;1.399;20726
B31558;2015/02/27 01:00:18;20726;93;23.8;28.6;2.693;1.593;0.938;2.312;0.138;1.425;20727
B31558;2015/02/27 01:00:28;20727;78;30.0;28.8;2.448;1.593;1.006;2.312;0.138;1.393;20728
B31558;2015/02/27 01:00:38;20728;86;23.8;28.8;2.425;1.567;1.006;2.312;0.009;1.438;20729
B31558;2015/02/27 01:00:48;20729;83;23.8;29.1;2.596;1.567;0.983;2.312;0.009;1.419;20730
B31558;2015/02/27 01:00:58;20730;76;27.4;28.4;2.590;1.570;0.983;2.322;0.009;1.416;20731
B31558;2015/02/27 01:01:08;20731;82;32.5;28.4;2.629;1.570;0.941;2.322;0.009;1.412;20732
B31558;2015/02/27 01:01:18;20732;85;25.8;28.3;2.445;1.580;0.941;2.322;0.016;1.451;20733
B31558;2015/02/27 01:01:28;20733;83;26.4;28.8;2.441;1.580;1.003;2.322;0.016;1.416;20734
B31558;2015/02/27 01:01:38;20734;88;31.9;29.5;2.699;1.596;1.003;2.367;0.016;1.445;20735
B31558;2015/02/27 01:01:48;20735;83;32.5;28.3;2.687;1.596;0.964;2.367;0.016;1.451;20736
B31558;2015/02/27 01:01:58;20736;82;29.6;29.5;2.696;1.577;0.964;2.367;0.006;1.416;20737
B31558;2015/02/27 01:02:08;20737;87;26.4;28.3;2.609;1.577;0.996;2.367;0.006;1.412;20738
B31558;2015/02/27 01:02:18;20738;84;23.8;28.9;2.654;1.599;0.996;2.387;0.006;1.403;20739
B31558;2015/02/27 01:02:28;20739;91;22.5;29.3;2.487;1.599;0.980;2.387;0.006;1.403;20740
B31558;2015/02/27 01:02:38;20740;92;24.5;28.8;2.432;1.580;0.980;2.387;0.022;1.416;20741
B31558;2015/02/27 01:02:48;20741;81;28.0;28.8;2.454;1.580;0.938;2.387;0.022;1.399;20742
B31558;2015/02/27 01:02:58;20742;88;25.8;29.3;2.441;1.567;0.938;2.364;0.022;1.409;20743
B31558;2015/02/27 01:03:08;20743;86;29.0;28.6;2.477;1.567;0.954;2.364;0.022;1.429;20744
B31558;2015/02/27 01:03:18;20744;86;26.7;28.3;2.696;1.567;0.954;2.364;0.019;1.403;20745
B31558;2015/02/27 01:03:28;20745;74;24.5;28.8;2.641;1.567;1.009;2.364;0.019;1.409;20746
B31558;2015/02/27 01:03:38;20746;90;28.0;28.4;2.612;1.574;1.009;2.374;0.019;1.409;20747
B31558;2015/02/27 01:03:48;20747;88;25.8;28.9;2.438;1.574;0.941;2.374;0.019;1.448;20748
B31558;2015/02/27 01:03:58;20748;90;24.1;29.3;2.500;1.583;0.941;2.374;0.016;1.422;20749
B31558;2015/02/27 01:04:08;20749;83;26.7;28.6;2.616;1.583;0.951;2.374;0.016;1.416;20750
B31558;2015/02/27 01:04:18;20750;87;29.6;29.3;2.535;1.570;0.951;2.329;0.016;1.429;20751
B31558;2015/02/27 01:04:28;20751;78;29.3;29.3;2.703;1.570;1.006;2.329;0.016;1.406;20752
B31558;2015/02/27 01:04:38;20752;78;26.7;28.8;2.680;1.577;1.006;2.329;0.019;1.432;20753
B31558;2015/02/27 01:04:48;20753;81;29.6;28.8;2.461;1.577;1.003;2.329;0.019;1.461;20754
B31558;2015/02/27 01:04:58;20754;78;32.2;29.3;2.535;1.612;1.003;2.299;0.019;1.412;20755
B31558;2015/02/27 01:05:08;20755;79;25.1;28.4;2.461;1.612;0.941;2.299;0.019;1.403;20756
B31558;2015/02/27 01:05:18;20756;83;30.6;29.3;2.687;1.590;0.941;2.299;0.022;1.451;20757
B31558;2015/02/27 01:05:28;20757;78;27.0;28.9;2.641;1.590;0.941;2.299;0.022;1.403;20758
B31558;2015/02/27 01:05:38;20758;83;26.4;28.8;2.696;1.599;0.941;2.316;0.022;1.451;20759
B31558;2015/02/27 01:05:48;20759;91;23.2;29.5;2.461;1.599;1.003;2.316;0.022;1.441;20760
B31558;2015/02/27 01:05:58;20760;76;31.9;29.5;2.658;1.596;1.003;2.316;0.029;1.419;20761
B31558;2015/02/27 01:06:08;20761;89;24.1;29.1;2.541;1.596;0.977;2.316;0.029;1.458;20762
B31558;2015/02/27 01:06:18;20762;83;30.6;28.8;2.432;1.574;0.977;2.351;0.029;1.461;20763
B31558;2015/02/27 01:06:28;20763;84;30.0;29.3;2.448;1.574;0.974;2.351;0.029;1.451;20764
B31558;2015/02/27 01:06:38;20764;83;26.4;28.9;2.674;1.570;0.974;2.351;0.006;1.406;20765
B31558;2015/02/27 01:06:48;20765;85;21.9;29.1;2.603;1.570;0.974;2.351;0.006;1.406;20766
B31558;2015/02/27 01:06:58;20766;86;26.4;28.8;2.696;1.612;0.974;2.358;0.006;1.383;20767
B31558;2015/02/27 01:07:08;20767;82;24.8;29.1;2.448;1.612;0.948;2.358;0.006;1.403;20768
B31558;2015/02/27 01:07:18;20768;90;22.5;29.3;2.425;1.603;0.948;2.358;0.016;1.429;20769
B31558;2015/02/27 01:07:28;20769;75;27.0;28.8;2.629;1.603;0.951;2.358;0.016;1.393;20770
B31558;2015/02/27 01:07:38;20770;81;28.7;28.9;2.667;1.570;0.951;2.341;0.016;1.383;20771
B31558;2015/02/27 01:07:48;20771;75;32.2;29.1;2.677;1.570;0.951;2.341;0.016;1.383;20772
B31558;2015/02/27 01:07:58;20772;78;23.2;29.5;2.438;1.577;0.951;2.341;0.000;1.393;20773
B31558;2015/02/27 01:08:08;20773;79;31.9;29.1;2.432;1.577;0.948;2.341;0.000;1.403;20774
B31558;2015/02/27 01:08:18;20774;85;23.2;28.8;2.461;1.583;0.948;2.387;0.000;1.393;20775
B31558;2015/02/27 01:08:28;20775;81;26.1;28.6;2.674;1.583;0.945;2.387;0.000;1.409;20776
B31558;2015/02/27 01:08:38;20776;88;29.6;29.3;2.603;1.612;0.945;2.387;0.016;1.380;20777
B31558;2015/02/27 01:08:48;20777;89;27.4;28.9;2.487;1.612;0.945;2.387;0.016;1.383;20778
B31558;2015/02/27 01:08:58;20778;80;33.8;29.3;2.448;1.570;0.945;2.380;0.016;1.399;20779
B31558;2015/02/27 01:09:08;20779;83;32.9;28.8;2.690;1.570;0.961;2.380;0.016;1.409;20780
B31558;2015/02/27 01:09:18;20780;92;23.2;28.8;2.419;1.599;0.961;2.380;0.000;1.422;20781
B31558;2015/02/27 01:09:28;20781;86;33.5;28.4;2.583;1.599;0.961;2.380;0.000;1.377;20782
B31558;2015/02/27 01:09:38;20782;87;24.8;28.9;2.687;1.619;0.961;2.354;0.000;1.354;20783
B31558;2015/02/27 01:09:48;20783;77;29.6;28.9;2.690;1.619;0.961;2.354;0.000;1.409;20784
B31558;2015/02/27 01:09:58;20784;81;27.4;29.3;2.454;1.612;0.961;2.354;0.012;1.387;20785
B31558;2015/02/27 01:10:08;20785;88;22.9;29.1;2.454;1.612;0.945;2.354;0.012;1.354;20786
B31558;2015/02/27 01:10:18;20786;84;33.2;29.3;2.619;1.606;0.945;2.358;0.012;1.358;20787
B31558;2015/02/27 01:10:28;20787;78;23.8;29.3;2.664;1.606;0.987;2.358;0.012;1.403;20788
B31558;2015/02/27 01:10:38;20788;85;26.4;28.8;2.699;1.590;0.987;2.358;0.032;1.367;20789
B31558;2015/02/27 01:10:48;20789;84;24.8;28.3;2.696;1.590;0.941;2.358;0.032;1.364;20790
B31558;2015/02/27 01:10:58;20790;85;23.2;28.9;2.661;1.580;0.941;2.329;0.032;1.370;20791
B31558;2015/02/27 01:11:08;20791;72;23.8;29.3;2.561;1.580;0.958;2.329;0.032;1.403;20792
B31558;2015/02/27 01:11:18;20792;88;25.8;28.4;2.612;1.606;0.958;2.329;0.006;1.383;20793
B31558;2015/02/27 01:11:28;20793;87;31.2;28.9;2.545;1.606;0.945;2.329;0.006;1.399;20794
B31558;2015/02/27 01:11:38;20794;91;22.5;28.9;2.667;1.570;0.945;2.345;0.006;1.399;20795
B31558;2015/02/27 01:11:48;20795;79;28.7;28.9;2.661;1.570;1.000;2.345;0.006;1.377;20796
B31558;2015/02/27 01:11:58;20796;87;22.5;28.9;2.661;1.577;1.000;2.345;0.122;1.387;20797
B31558;2015/02/27 01:12:08;20797;86;32.5;28.9;2.454;1.577;1.006;2.345;0.122;1.399;20798
B31558;2015/02/27 01:12:18;20798;89;31.2;29.3;2.477;1.587;1.006;2.348;0.122;1.429;20799
B31558;2015/02/27 01:12:28;20799;76;27.4;28.9;2.461;1.587;1.009;2.348;0.122;1.432;20800
B31558;2015/02/27 01:12:38;20800;88;30.0;29.1;2.474;1.583;1.009;2.348;0.006;1.399;20801
B31558;2015/02/27 01:12:48;20801;78;23.8;29.1;2.487;1.583;0.987;2.348;0.006;1.412;20802
B31558;2015/02/27 01:12:58;20802;93;23.8;28.9;2.664;1.570;0.987;2.329;0.006;1.416;20803
B31558;2015/02/27 01:13:08;20803;77;23.8;29.1;2.451;1.570;0.987;2.329;0.006;1.396;20804
B31558;2015/02/27 01:13:18;20804;76;26.1;29.1;2.696;1.616;0.987;2.329;0.054;1.383;20805
B31558;2015/02/27 01:13:28;20805;83;22.5;29.5;2.487;1.616;0.948;2.329;0.054;1.406;20806
B31558;2015/02/27 01:13:38;20806;79;24.8;29.1;2.561;1.590;0.948;2.332;0.054;1.403;20807
B31558;2015/02/27 01:13:48;20807;82;31.2;29.3;2.703;1.590;0.945;2.332;0.054;1.416;20808
B31558;2015/02/27 01:13:58;20808;90;27.4;29.3;2.448;1.599;0.945;2.332;0.067;1.416;20809
B31558;2015/02/27 01:14:08;20809;84;31.9;28.9;2.583;1.599;1.006;2.332;0.067;1.393;20810
B31558;2015/02/27 01:14:18;20810;84;28.3;28.9;2.683;1.580;1.006;2.325;0.067;1.425;20811
B31558;2015/02/27 01:14:28;20811;81;30.3;28.6;2.664;1.580;0.990;2.325;0.067;1.387;20812
B31558;2015/02/27 01:14:38;20812;84;26.4;28.6;2.703;1.603;0.990;2.325;0.016;1.425;20813
B31558;2015/02/27 01:14:48;20813;86;33.2;28.8;2.554;1.603;1.003;2.325;0.016;1.377;20814
B31558;2015/02/27 01:14:58;20814;90;27.4;29.5;2.487;1.606;1.003;2.361;0.016;1.377;20815
B31558;2015/02/27 01:15:08;20815;90;29.6;28.9;2.693;1.606;0.961;2.361;0.016;1.380;20816
B31558;2015/02/27 01:15:18;20816;89;23.2;28.9;2.687;1.619;0.961;2.361;0.122;1.396;20817
B31558;2015/02/27 01:15:28;20817;83;22.5;29.1;2.458;1.619;1.003;2.361;0.122;1.380;20818
B31558;2015/02/27 01:15:38;20818;84;28.0;29.1;2.699;1.619;1.003;2.364;0.122;1.409;20819
B31558;2015/02/27 01:15:48;20819;87;32.5;28.1;2.583;1.619;0.958;2.364;0.122;1.393;20820
B31558;2015/02/27 01:15:58;20820;78;30.6;28.9;2.474;1.577;0.958;2.364;0.000;1.435;20821
B31558;2015/02/27 01:16:08;20821;73;29.0;28.8;2.670;1.577;0.961;2.364;0.000;1.409;20822
B31558;2015/02/27 01:16:18;20822;77;26.7;28.9;2.464;1.570;0.961;2.335;0.000;1.393;20823
B31558;2015/02/27 01:16:28;20823;88;24.5;28.4;2.583;1.570;0.945;2.335;0.000;1.432;20824
B31558;2015/02/27 01:16:38;20824;88;27.7;28.9;2.458;1.616;0.945;2.335;0.009;1.396;20825
B31558;2015/02/27 01:16:48;20825;78;28.7;28.6;2.619;1.616;0.967;2.335;0.009;1.387;20826
B31558;2015/02/27 01:16:58;20826;78;25.4;28.4;2.622;1.587;0.967;2.329;0.009;1.429;20827
B31558;2015/02/27 01:17:08;20827;89;25.4;28.6;2.532;1.587;0.970;2.329;0.009;1.445;20828
B31558;2015/02/27 01:17:18;20828;80;24.8;28.9;2.419;1.616;0.970;2.329;0.006;1.416;20829
B31558;2015/02/27 01:17:28;20829;73;29.0;29.8;2.477;1.616;1.000;2.329;0.006;1.380;20830
B31558;2015/02/27 01:17:38;20830;85;23.8;28.4;2.648;1.577;1.000;2.319;0.006;1.406;20831
B31558;2015/02/27 01:17:48;20831;88;22.5;28.8;2.490;1.577;0.941;2.319;0.006;1.393;20832
B31558;2015/02/27 01:17:58;20832;86;31.9;28.9;2.516;1.612;0.941;2.319;0.029;1.383;20833
B31558;2015/02/27 01:18:08;20833;86;30.6;29.3;2.696;1.612;0.964;2.319;0.029;1.387;20834
B31558;2015/02/27 01:18:18;20834;87;23.8;28.8;2.677;1.570;0.964;2.390;0.029;1.406;20835
B31558;2015/02/27 01:18:28;20835;89;22.9;28.9;2.448;1.570;0.945;2.390;0.029;1.412;20836
B31558;2015/02/27 01:18:38;20836;87;31.2;28.9;2.454;1.599;0.945;2.390;0.016;1.364;20837
B31558;2015/02/27 01:18:48;20837;88;27.7;29.3;2.438;1.599;0.961;2.390;0.016;1.422;20838
B31558;2015/02/27 01:18:58;20838;85;27.4;28.9;2.464;1.587;0.961;2.367;0.016;1.383;20839
B31558;2015/02/27 01:19:08;20839;83;25.4;28.8;2.538;1.587;0.967;2.367;0.016;1.409;20840
B31558;2015/02/27 01:19:18;20840;93;32.9;28.8;2.480;1.587;0.967;2.367;0.012;1.370;20841
B31558;2015/02/27 01:19:28;20841;76;31.9;29.1;2.438;1.587;0.948;2.367;0.012;1.422;20842
B31558;2015/02/27 01:19:38;20842;88;26.4;28.6;2.693;1.570;0.948;2.399;0.012;1.425;20843
B31558;2015/02/27 01:19:48;20843;81;31.6;28.8;2.458;1.570;0.996;2.399;0.012;1.422;20844
B31558;2015/02/27 01:19:58;20844;83;23.8;28.4;2.670;1.596;0.996;2.399;0.022;1.374;20845
B31558;2015/02/27 01:20:08;20845;89;22.5;29.3;2.461;1.596;1.003;2.399;0.022;1.416;20846
B31558;2015/02/27 01:20:18;20846;83;27.4;29.3;2.467;1.583;1.003;2.396;0.022;1.425;20847
B31558;2015/02/27 01:20:28;20847;86;24.8;29.3;2.545;1.583;0.948;2.396;0.022;1.387;20848
B31558;2015/02/27 01:20:38;20848;79;27.4;28.8;2.425;1.596;0.948;2.396;0.012;1.419;20849
B31558;2015/02/27 01:20:48;20849;81;29.0;29.3;2.432;1.596;0.954;2.396;0.012;1.374;20850
B31558;2015/02/27 01:20:58;20850;75;25.8;28.4;2.703;1.609;0.954;2.380;0.012;1.412;20851
B31558;2015/02/27 01:21:08;20851;80;27.7;28.1;2.590;1.609;1.009;2.380;0.012;1.419;20852
B31558;2015/02/27 01:21:18;20852;90;28.7;29.3;2.603;1.570;1.009;2.380;0.000;1.377;20853
B31558;2015/02/27 01:21:28;20853;89;27.7;28.3;2.583;1.570;0.983;2.380;0.000;1.390;20854
B31558;2015/02/27 01:21:38;20854;85;23.8;29.3;2.635;1.603;0.983;2.387;0.000;1.361;20855
B31558;2015/02/27 01:21:48;20855;83;32.2;28.6;2.687;1.603;0.948;2.387;0.000;1.367;20856
B31558;2015/02/27 01:21:58;20856;85;22.5;28.9;2.425;1.577;0.948;2.387;0.019;1.354;20857
B31558;2015/02/27 01:22:08;20857;89;25.8;28.4;2.441;1.577;0.945;2.387;0.019;1.361;20858
B31558;2015/02/27 01:22:18;20858;81;24.1;28.8;2.548;1.616;0.945;2.348;0.019;1.387;20859
B31558;2015/02/27 01:22:28;20859;90;33.2;28.8;2.703;1.616;0.945;2.348;0.019;1.393;20860
B31558;2015/02/27 01:22:38;20860;93;28.0;28.4;2.648;1.593;0.945;2.348;0.000;1.419;20861
B31558;2015/02/27 01:22:48;20861;87;30.9;28.6;2.690;1.593;0.987;2.348;0.000;1.387;20862
B31558;2015/02/27 01:22:58;20862;75;26.7;28.9;2.448;1.567;0.987;2.319;0.000;1.416;20863
B31558;2015/02/27 01:23:08;20863;84;29.3;28.4;2.503;1.567;0.948;2.319;0.000;1.432;20864
B31558;2015/02/27 01:23:18;20864;85;24.5;28.3;2.448;1.567;0.948;2.319;0.006;1.438;20865
B31558;2015/02/27 01:23:28;20865;73;31.2;29.1;2.703;1.567;0.974;2.319;0.006;1.448;20866
B31558;2015/02/27 01:23:38;20866;87;34.5;28.9;2.661;1.570;0.974;2.364;0.006;1.432;20867
B31558;2015/02/27 01:23:48;20867;86;31.9;28.6;2.648;1.570;0.941;2.364;0.006;1.396;20868
B31558;2015/02/27 01:23:58;20868;91;23.2;28.6;2.516;1.609;0.941;2.364;0.019;1.409;20869
B31558;2015/02/27 01:24:08;20869;82;22.9;28.8;2.570;1.609;1.009;2.364;0.019;1.432;20870
B31558;2015/02/27 01:24:18;20870;90;25.1;28.9;2.687;1.570;1.009;2.387;0.019;1.445;20871
B31558;2015/02/27 01:24:28;20871;74;32.5;28.3;2.577;1.570;0.948;2.387;0.019;1.396;20872
B31558;2015/02/27 01:24:38;20872;83;24.5;28.6;2.445;1.570;0.948;2.387;0.087;1.403;20873
B31558;2015/02/27 01:24:48;20873;88;31.9;28.3;2.603;1.570;0.967;2.387;0.087;1.422;20874
B31558;2015/02/27 01:24:58;20874;78;32.2;28.9;2.432;1.609;0.967;2.325;0.087;1.409;20875
B31558;2015/02/27 01:25:08;20875;79;23.8;28.9;2.448;1.609;0.954;2.325;0.087;1.432;20876
B31558;2015/02/27 01:25:18;20876;88;27.4;28.9;2.422;1.567;0.954;2.325;0.012;1.416;20877
B31558;2015/02/27 01:25:28;20877;78;22.5;29.1;2.448;1.567;1.012;2.325;0.012;1.399;20878
B31558;2015/02/27 01:25:38;20878;86;23.8;28.6;2.454;1.587;1.012;2.332;0.012;1.422;20879
B31558;2015/02/27 01:25:48;20879;84;23.5;28.8;2.432;1.587;1.012;2.332;0.012;1.409;20880
B31558;2015/02/27 01:25:58;20880;95;25.8;28.3;2.451;1.577;1.012;2.332;0.006;1.393;20881
B31558;2015/02/27 01:26:08;20881;88;24.5;28.4;2.448;1.577;0.954;2.332;0.006;1.403;20882
B31558;2015/02/27 01:26:18;20882;91;22.5;28.3;2.451;1.616;0.954;2.380;0.006;1.445;20883
B31558;2015/02/27 01:26:28;20883;71;26.4;28.8;2.448;1.616;1.006;2.380;0.006;1.432;20884
B31558;2015/02/27 01:26:38;20884;89;23.2;28.4;2.425;1.580;1.006;2.380;0.006;1.429;20885
B31558;2015/02/27 01:26:48;20885;92;31.9;28.6;2.445;1.580;1.012;2.380;0.006;1.419;20886
B31558;2015/02/27 01:26:58;20886;85;26.4;28.4;2.622;1.603;1.012;2.361;0.006;1.451;20887
B31558;2015/02/27 01:27:08;20887;82;23.8;28.4;2.454;1.603;0.961;2.361;0.006;1.461;20888
B31558;2015/02/27 01:27:18;20888;81;27.0;28.4;2.448;1.577;0.961;2.361;0.012;1.429;20889
B31558;2015/02/27 01:27:28;20889;84;27.0;28.3;2.590;1.577;0.964;2.361;0.012;1.451;20890
B31558;2015/02/27 01:27:38;20890;90;25.1;28.6;2.577;1.606;0.964;2.364;0.012;1.412;20891
B31558;2015/02/27 01:27:48;20891;88;22.5;28.8;2.451;1.606;1.016;2.364;0.012;1.425;20892
B31558;2015/02/27 01:27:58;20892;81;26.1;28.6;2.474;1.599;1.016;2.364;0.000;1.451;20893
B31558;2015/02/27 01:28:08;20893;80;28.7;28.4;2.458;1.599;1.009;2.364;0.000;1.454;20894
B31558;2015/02/27 01:28:18;20894;90;25.4;28.1;2.674;1.583;1.009;2.393;0.000;1.422;20895
B31558;2015/02/27 01:28:28;20895;77;22.5;28.6;2.451;1.583;1.012;2.393;0.000;1.416;20896
B31558;2015/02/27 01:28:38;20896;93;26.4;28.6;2.699;1.596;1.012;2.393;0.016;1.461;20897
B31558;2015/02/27 01:28:48;20897;80;33.2;28.3;2.577;1.596;0.951;2.393;0.016;1.416;20898
B31558;2015/02/27 01:28:58;20898;93;30.0;28.3;2.703;1.619;0.951;2.345;0.016;1.419;20899
B31558;2015/02/27 01:29:08;20899;80;31.2;28.4;2.583;1.619;1.016;2.345;0.016;1.419;20900
B31558;2015/02/27 01:29:18;20900;93;30.6;28.6;2.661;1.587;1.016;2.345;0.009;1.409;20901
B31558;2015/02/27 01:29:28;20901;87;22.9;28.8;2.454;1.587;0.983;2.345;0.009;1.432;20902
B31558;2015/02/27 01:29:38;20902;92;33.2;28.9;2.609;1.574;0.983;2.325;0.009;1.425;20903
B31558;2015/02/27 01:29:48;20903;82;24.5;29.1;2.493;1.574;0.948;2.325;0.009;1.416;20904
B31558;2015/02/27 01:29:58;20904;83;23.2;28.6;2.448;1.570;0.948;2.325;0.012;1.425;20905
B31558;2015/02/27 01:30:08;20905;78;23.2;29.1;2.483;1.570;0.945;2.325;0.012;1.429;20906
B31558;2015/02/27 01:30:18;20906;81;32.2;29.1;2.596;1.593;0.945;2.361;0.012;1.432;20907
B31558;2015/02/27 01:30:28;20907;82;32.2;28.6;2.703;1.593;0.945;2.361;0.012;1.409;20908
B31558;2015/02/27 01:30:38;20908;83;24.8;28.4;2.703;1.593;0.945;2.361;0.077;1.454;20909
B31558;2015/02/27 01:30:48;20909;83;29.0;28.6;2.470;1.593;1.009;2.361;0.077;1.448;20910
B31558;2015/02/27 01:30:58;20910;88;30.6;28.4;2.493;1.587;1.009;2.374;0.077;1.438;20911
B31558;2015/02/27 01:31:08;20911;83;33.2;28.9;2.674;1.587;0.941;2.374;0.077;1.403;20912
B31558;2015/02/27 01:31:18;20912;87;28.0;28.9;2.432;1.590;0.941;2.374;0.019;1.438;20913
B31558;2015/02/27 01:31:28;20913;83;27.7;28.8;2.438;1.590;0.948;2.374;0.019;1.412;20914
B31558;2015/02/27 01:31:38;20914;83;31.9;29.1;2.670;1.577;0.948;2.380;0.019;1.432;20915
B31558;2015/02/27 01:31:48;20915;85;29.0;28.9;2.435;1.577;0.987;2.380;0.019;1.406;20916
B31558;2015/02/27 01:31:58;20916;92;30.0;28.4;2.432;1.570;0.987;2.380;0.006;1.438;20917
B31558;2015/02/27 01:32:08;20917;78;30.9;28.9;2.696;1.570;1.016;2.380;0.006;1.396;20918
B31558;2015/02/27 01:32:18;20918;93;29.3;28.6;2.477;1.583;1.016;2.367;0.006;1.393;20919
B31558;2015/02/27 01:32:28;20919;85;34.5;28.1;2.590;1.583;1.006;2.367;0.006;1.419;20920
B31558;2015/02/27 01:32:38;20920;83;25.8;27.9;2.703;1.606;1.006;2.367;0.022;1.438;20921
B31558;2015/02/27 01:32:48;20921;93;29.0;28.3;2.619;1.606;0.945;2.367;0.022;1.432;20922
B31558;2015/02/27 01:32:58;20922;78;30.0;28.3;2.693;1.570;0.945;2.393;0.022;1.441;20923
B31558;2015/02/27 01:33:08;20923;86;26.1;27.9;2.570;1.570;1.003;2.393;0.022;1.403;20924
B31558;2015/02/27 01:33:18;20924;85;30.6;28.4;2.512;1.570;1.003;2.393;0.019;1.445;20925
B31558;2015/02/27 01:33:28;20925;83;28.0;28.9;2.577;1.570;0.945;2.393;0.019;1.396;20926
B31558;2015/02/27 01:33:38;20926;83;30.3;28.3;2.680;1.570;0.945;2.377;0.019;1.393;20927
B31558;2015/02/27 01:33:48;20927;89;29.6;28.9;2.690;1.570;1.000;2.377;0.019;1.393;20928
B31558;2015/02/27 01:33:58;20928;87;32.5;28.6;2.470;1.570;1.000;2.377;0.000;1.403;20929
B31558;2015/02/27 01:34:08;20929;80;22.5;29.1;2.570;1.570;0.954;2.377;0.000;1.393;20930
B31558;2015/02/27 01:34:18;20930;87;27.7;28.4;2.590;1.619;0.954;2.361;0.000;1.403;20931
B31558;2015/02/27 01:34:28;20931;78;23.8;28.9;2.651;1.619;0.951;2.361;0.000;1.435;20932
B31558;2015/02/27 01:34:38;20932;90;28.7;28.8;2.493;1.577;0.951;2.361;0.000;1.403;20933
B31558;2015/02/27 01:34:48;20933;80;30.9;28.6;2.696;1.577;1.003;2.361;0.000;1.406;20934
B31558;2015/02/27 01:34:58;20934;84;27.7;28.4;2.583;1.616;1.003;2.319;0.000;1.441;20935
B31558;2015/02/27 01:35:08;20935;74;27.7;28.6;2.425;1.616;0.964;2.319;0.000;1.403;20936
B31558;2015/02/27 01:35:18;20936;93;31.9;28.6;2.500;1.603;0.964;2.319;0.051;1.438;20937
B31558;2015/02/27 01:35:28;20937;82;25.8;29.1;2.529;1.603;0.967;2.319;0.051;1.474;20938
B31558;2015/02/27 01:35:38;20938;84;30.0;28.8;2.425;1.577;0.967;2.345;0.051;1.441;20939
B31558;2015/02/27 01:35:48;20939;83;33.5;28.3;2.570;1.577;0.961;2.345;0.051;1.406;20940
B31558;2015/02/27 01:35:58;20940;78;27.4;27.9;2.696;1.577;0.961;2.345;0.006;1.448;20941
B31558;2015/02/27 01:36:08;20941;84;26.1;28.1;2.564;1.577;0.954;2.345;0.006;1.435;20942
B31558;2015/02/27 01:36:18;20942;83;23.8;28.4;2.425;1.580;0.954;2.383;0.006;1.432;20943
B31558;2015/02/27 01:36:28;20943;82;32.5;27.9;2.641;1.580;0.951;2.383;0.006;1.425;20944
B31558;2015/02/27 01:36:38;20944;84;24.1;27.9;2.670;1.587;0.951;2.383;0.016;1.422;20945
B31558;2015/02/27 01:36:48;20945;88;32.5;28.4;2.445;1.587;0.961;2.383;0.016;1.419;20946
B31558;2015/02/27 01:36:58;20946;86;23.5;28.3;2.696;1.570;0.961;2.380;0.016;1.419;20947
B31558;2015/02/27 01:37:08;20947;91;30.9;28.6;2.483;1.570;0.996;2.380;0.016;1.429;20948
B31558;2015/02/27 01:37:18;20948;85;27.7;28.3;2.680;1.612;0.996;2.380;0.012;1.429;20949
B31558;2015/02/27 01:37:28;20949;83;27.0;27.6;2.622;1.612;0.974;2.380;0.012;1.432;20950
B31558;2015/02/27 01:37:38;20950;84;28.0;28.4;2.509;1.603;0.974;2.374;0.012;1.441;20951
B31558;2015/02/27 01:37:48;20951;77;30.3;28.3;2.535;1.603;0.948;2.374;0.012;1.390;20952
B31558;2015/02/27 01:37:58;20952;84;27.0;28.4;2.490;1.574;0.948;2.374;0.016;1.419;20953
B31558;2015/02/27 01:38:08;20953;79;27.7;27.7;2.570;1.574;0.961;2.374;0.016;1.396;20954
B31558;2015/02/27 01:38:18;20954;88;28.7;28.3;2.464;1.580;0.961;2.351;0.016;1.409;20955
B31558;2015/02/27 01:38:28;20955;91;30.6;28.1;2.683;1.580;1.000;2.351;0.016;1.383;20956
B31558;2015/02/27 01:38:38;20956;83;24.5;27.9;2.425;1.583;1.000;2.351;0.061;1.409;20957
B31558;2015/02/27 01:38:48;20957;78;24.1;27.7;2.483;1.583;0.948;2.351;0.061;1.445;20958
B31558;2015/02/27 01:38:58;20958;82;25.1;28.1;2.438;1.603;0.948;2.367;0.061;1.425;20959
B31558;2015/02/27 01:39:08;20959;82;28.3;27.9;2.474;1.603;0.961;2.367;0.061;1.445;20960
B31558;2015/02/27 01:39:18;20960;83;31.9;28.6;2.677;1.587;0.961;2.367;0.000;1.435;20961
B31558;2015/02/27 01:39:28;20961;84;24.1;27.7;2.538;1.587;1.003;2.367;0.000;1.406;20962
B31558;2015/02/27 01:39:38;20962;84;31.2;28.6;2.596;1.577;1.003;2.338;0.000;1.409;20963
B31558;2015/02/27 01:39:48;20963;86;27.7;27.7;2.683;1.577;0.945;2.338;0.000;1.383;20964
B31558;2015/02/27 01:39:58;20964;89;28.0;28.6;2.574;1.587;0.945;2.338;0.016;1.393;20965
B31558;2015/02/27 01:40:08;20965;78;25.1;28.4;2.696;1.587;0.980;2.338;0.016;1.454;20966
B31558;2015/02/27 01:40:18;20966;76;24.5;27.9;2.448;1.574;0.980;2.387;0.016;1.425;20967
B31558;2015/02/27 01:40:28;20967;82;27.7;28.3;2.487;1.574;1.003;2.387;0.016;1.438;20968
B31558;2015/02/27 01:40:38;20968;88;31.6;28.4;2.448;1.596;1.003;2.387;0.012;1.412;20969
B31558;2015/02/27 01:40:48;20969;85;31.9;28.4;2.551;1.596;0.990;2.387;0.012;1.396;20970
B31558;2015/02/27 01:40:58;20970;84;33.8;28.3;2.454;1.596;0.990;2.399;0.012;1.403;20971
B31558;2015/02/27 01:41:08;20971;84;33.5;27.7;2.545;1.596;0.945;2.399;0.012;1.419;20972
B31558;2015/02/27 01:41:18;20972;73;23.8;28.6;2.425;1.567;0.945;2.399;0.019;1.406;20973
B31558;2015/02/27 01:41:28;20973;83;31.9;27.7;2.616;1.567;1.009;2.399;0.019;1.383;20974
B31558;2015/02/27 01:41:38;20974;86;28.3;28.3;2.654;1.567;1.009;2.396;0.019;1.383;20975
B31558;2015/02/27 01:41:48;20975;90;23.5;28.6;2.438;1.567;0.945;2.396;0.019;1.409;20976
B31558;2015/02/27 01:41:58;20976;89;32.5;28.8;2.500;1.580;0.945;2.396;0.158;1.403;20977
B31558;2015/02/27 01:42:08;20977;77;30.3;28.8;2.432;1.580;0.945;2.396;0.158;1.396;20978
B31558;2015/02/27 01:42:18;20978;87;23.8;28.6;2.487;1.606;0.945;2.390;0.158;1.367;20979
B31558;2015/02/27 01:42:28;20979;75;25.8;28.8;2.438;1.606;0.974;2.390;0.158;1.367;20980
B31558;2015/02/27 01:42:38;20980;80;30.6;28.9;2.448;1.603;0.974;2.390;0.000;1.406;20981
B31558;2015/02/27 01:42:48;20981;81;22.9;28.8;2.583;1.603;0.945;2.390;0.000;1.393;20982
B31558;2015/02/27 01:42:58;20982;84;31.6;28.8;2.467;1.590;0.945;2.383;0.000;1.377;20983
B31558;2015/02/27 01:43:08;20983;86;32.2;28.3;2.616;1.590;0.961;2.383;0.000;1.412;20984
B31558;2015/02/27 01:43:18;20984;86;26.7;28.9;2.461;1.574;0.961;2.383;0.006;1.383;20985
B31558;2015/02/27 01:43:28;20985;90;31.9;28.8;2.454;1.574;1.006;2.383;0.006;1.364;20986
B31558;2015/02/27 01:43:38;20986;83;21.9;28.4;2.687;1.583;1.006;2.390;0.006;1.348;20987
B31558;2015/02/27 01:43:48;20987;87;30.9;28.6;2.454;1.583;0.948;2.390;0.006;1.361;20988
B31558;2015/02/27 01:43:58;20988;92;25.1;28.6;2.474;1.564;0.948;2.390;0.061;1.367;20989
B31558;2015/02/27 01:44:08;20989;78;24.5;28.3;2.529;1.564;0.974;2.390;0.061;1.380;20990
B31558;2015/02/27 01:44:18;20990;83;33.2;28.6;2.448;1.583;0.974;2.358;0.061;1.377;20991
B31558;2015/02/27 01:44:28;20991;87;33.2;28.6;2.690;1.583;0.951;2.358;0.061;1.338;20992
B31558;2015/02/27 01:44:38;20992;87;27.4;28.9;2.425;1.616;0.951;2.358;0.006;1.370;20993
B31558;2015/02/27 01:44:48;20993;88;22.9;29.1;2.461;1.616;1.003;2.358;0.006;1.403;20994
B31558;2015/02/27 01:44:58;20994;86;32.5;28.8;2.451;1.619;1.003;2.409;0.006;1.377;20995
B31558;2015/02/27 01:45:08;20995;87;22.2;29.1;2.606;1.619;0.983;2.409;0.006;1.354;20996
B31558;2015/02/27 01:45:18;20996;88;30.6;28.8;2.564;1.574;0.983;2.409;0.164;1.377;20997
B31558;2015/02/27 01:45:28;20997;75;26.7;28.4;2.493;1.574;1.009;2.409;0.164;1.409;20998
B31558;2015/02/27 01:45:38;20998;93;23.2;28.9;2.699;1.616;1.009;2.380;0.164;1.361;20999
B31558;2015/02/27 01:45:48;20999;77;22.9;29.1;2.477;1.616;0.977;2.380;0.164;1.406;21000
B31558;2015/02/27 01:45:58;21000;81;25.4;28.1;2.703;1.599;0.977;2.380;0.067;1.425;21001
B31558;2015/02/27 01:46:08;21001;73;24.1;28.9;2.664;1.599;0.967;2.380;0.067;1.403;21002
B31558;2015/02/27 01:46:18;21002;81;22.5;28.9;2.699;1.574;0.967;2.396;0.067;1.429;21003
B31558;2015/02/27 01:46:28;21003;81;28.7;28.1;2.616;1.574;0.977;2.396;0.067;1.396;21004
B31558;2015/02/27 01:46:38;21004;91;22.5;28.6;2.625;1.590;0.977;2.396;0.003;1.393;21005
B31558;2015/02/27 01:46:48;21005;88;22.9;28.4;2.438;1.590;0.954;2.396;0.003;1.422;21006
B31558;2015/02/27 01:46:58;21006;91;26.1;28.6;2.554;1.577;0.954;2.380;0.003;1.458;21007
B31558;2015/02/27 01:47:08;21007;91;23.2;28.8;2.622;1.577;0.970;2.380;0.003;1.454;21008
B31558;2015/02/27 01:47:18;21008;84;30.0;28.3;2.674;1.570;0.970;2.380;0.138;1.416;21009
B31558;2015/02/27 01:47:28;21009;83;23.5;28.8;2.503;1.570;1.016;2.380;0.138;1.435;21010
B31558;2015/02/27 01:47:38;21010;92;31.6;28.8;2.512;1.570;1.016;2.393;0.138;1.467;21011
B31558;2015/02/27 01:47:48;21011;83;24.1;28.4;2.703;1.570;0.958;2.393;0.138;1.467;21012
B31558;2015/02/27 01:47:58;21012;83;27.4;28.4;2.564;1.570;0.958;2.393;0.003;1.435;21013
B31558;2015/02/27 01:48:08;21013;83;23.5;28.4;2.561;1.570;0.970;2.393;0.003;1.445;21014
B31558;2015/02/27 01:48:18;21014;81;28.7;28.6;2.606;1.570;0.970;2.393;0.003;1.441;21015
B31558;2015/02/27 01:48:28;21015;88;23.8;28.4;2.432;1.570;1.016;2.393;0.003;1.412;21016
B31558;2015/02/27 01:48:38;21016;85;26.4;28.6;2.451;1.619;1.016;2.393;0.000;1.451;21017
B31558;2015/02/27 01:48:48;21017;81;33.2;28.4;2.509;1.619;0.954;2.393;0.000;1.422;21018
B31558;2015/02/27 01:48:58;21018;83;24.5;28.4;2.438;1.567;0.954;2.380;0.000;1.429;21019
B31558;2015/02/27 01:49:08;21019;83;32.9;27.9;2.703;1.567;0.980;2.380;0.000;1.467;21020
B31558;2015/02/27 01:49:18;21020;85;32.9;28.4;2.699;1.622;0.980;2.380;0.000;1.432;21021
B31558;2015/02/27 01:49:28;21021;84;22.9;28.4;2.670;1.622;1.000;2.380;0.000;1.458;21022
B31558;2015/02/27 01:49:38;21022;93;23.8;28.4;2.687;1.583;1.000;2.361;0.000;1.451;21023
B31558;2015/02/27 01:49:48;21023;85;28.0;28.6;2.709;1.583;0.948;2.361;0.000;1.419;21024
B31558;2015/02/27 01:49:58;21024;91;26.7;28.6;2.564;1.612;0.948;2.361;0.006;1.448;21025
B31558;2015/02/27 01:50:08;21025;81;31.6;28.6;2.535;1.612;0.980;2.361;0.006;1.454;21026
B31558;2015/02/27 01:50:18;21026;83;22.5;28.3;2.461;1.577;0.980;2.335;0.006;1.432;21027
B31558;2015/02/27 01:50:28;21027;80;27.4;27.6;2.629;1.577;0.948;2.335;0.006;1.445;21028
B31558;2015/02/27 01:50:38;21028;75;22.9;28.4;2.425;1.587;0.948;2.335;0.006;1.412;21029
B31558;2015/02/27 01:50:48;21029;80;31.9;28.1;2.648;1.587;0.945;2.335;0.006;1.454;21030
B31558;2015/02/27 01:50:58;21030;83;29.6;28.3;2.551;1.574;0.945;2.332;0.006;1.419;21031
B31558;2015/02/27 01:51:08;21031;83;32.5;28.8;2.651;1.574;0.948;2.332;0.006;1.403;21032
B31558;2015/02/27 01:51:18;21032;83;25.1;28.4;2.687;1.590;0.948;2.332;0.025;1.396;21033
B31558;2015/02/27 01:51:28;21033;90;26.4;28.8;2.448;1.590;1.012;2.332;0.025;1.406;21034
B31558;2015/02/27 01:51:38;21034;85;23.8;28.3;2.677;1.583;1.012;2.351;0.025;1.435;21035
B31558;2015/02/27 01:51:48;21035;72;28.3;28.4;2.696;1.583;0.951;2.351;0.025;1.406;21036
B31558;2015/02/27 01:51:58;21036;92;22.5;28.8;2.470;1.583;0.951;2.351;0.012;1.435;21037
B31558;2015/02/27 01:52:08;21037;89;30.3;28.9;2.435;1.583;0.974;2.351;0.012;1.422;21038
B31558;2015/02/27 01:52:18;21038;87;27.7;28.4;2.541;1.587;0.974;2.396;0.012;1.380;21039
B31558;2015/02/27 01:52:28;21039;83;30.0;28.4;2.445;1.587;1.009;2.396;0.012;1.390;21040
B31558;2015/02/27 01:52:38;21040;85;24.5;28.3;2.451;1.606;1.009;2.396;0.000;1.429;21041
B31558;2015/02/27 01:52:48;21041;87;25.1;28.8;2.503;1.606;0.974;2.396;0.000;1.416;21042
B31558;2015/02/27 01:52:58;21042;86;26.1;28.4;2.622;1.612;0.974;2.396;0.000;1.422;21043
B31558;2015/02/27 01:53:08;21043;85;28.3;28.6;2.600;1.612;0.948;2.396;0.000;1.406;21044
B31558;2015/02/27 01:53:18;21044;88;27.0;28.3;2.422;1.596;0.948;2.396;0.009;1.396;21045
B31558;2015/02/27 01:53:28;21045;82;30.3;28.6;2.438;1.596;1.009;2.396;0.009;1.438;21046
B31558;2015/02/27 01:53:38;21046;93;25.8;28.3;2.448;1.574;1.009;2.383;0.009;1.425;21047
B31558;2015/02/27 01:53:48;21047;87;25.4;28.3;2.690;1.574;1.003;2.383;0.009;1.412;21048
B31558;2015/02/27 01:53:58;21048;78;31.9;28.9;2.464;1.570;1.003;2.383;0.019;1.387;21049
B31558;2015/02/27 01:54:08;21049;79;24.5;28.4;2.567;1.570;0.961;2.383;0.019;1.396;21050
B31558;2015/02/27 01:54:18;21050;93;23.2;28.9;2.699;1.603;0.961;2.361;0.019;1.390;21051
B31558;2015/02/27 01:54:28;21051;85;27.4;28.3;2.587;1.603;0.951;2.361;0.019;1.390;21052
B31558;2015/02/27 01:54:38;21052;90;22.5;28.3;2.438;1.616;0.951;2.361;0.000;1.419;21053
B31558;2015/02/27 01:54:48;21053;86;26.1;28.6;2.529;1.616;0.951;2.361;0.000;1.399;21054
B31558;2015/02/27 01:54:58;21054;84;26.7;28.4;2.703;1.590;0.951;2.367;0.000;1.396;21055
B31558;2015/02/27 01:55:08;21055;82;30.0;28.6;2.432;1.590;1.000;2.367;0.000;1.422;21056
B31558;2015/02/27 01:55:18;21056;78;23.8;28.1;2.432;1.574;1.000;2.367;0.019;1.390;21057
B31558;2015/02/27 01:55:28;21057;88;33.8;28.3;2.570;1.574;0.961;2.367;0.019;1.383;21058
B31558;2015/02/27 01:55:38;21058;89;26.7;28.3;2.699;1.612;0.961;2.380;0.019;1.409;21059
B31558;2015/02/27 01:55:48;21059;80;28.7;28.9;2.680;1.612;1.003;2.380;0.019;1.387;21060
B31558;2015/02/27 01:55:58;21060;77;26.1;28.8;2.622;1.603;1.003;2.380;0.016;1.416;21061
B31558;2015/02/27 01:56:08;21061;92;23.5;28.8;2.432;1.603;0.954;2.380;0.016;1.374;21062
B31558;2015/02/27 01:56:18;21062;76;28.3;28.9;2.548;1.570;0.954;2.396;0.016;1.416;21063
B31558;2015/02/27 01:56:28;21063;82;27.4;28.6;2.483;1.570;1.003;2.396;0.016;1.403;21064
