B516DA;2015/02/28 00:00:03;1864;89;33.5;20.6;2.693;1.651;1.070;2.625;0.038;1.222;1865
B516DA;2015/02/28 00:00:13;1865;83;30.9;21.3;2.767;1.651;1.099;2.625;0.038;1.212;1866
B516DA;2015/02/28 00:00:23;1866;85;30.9;21.3;2.751;1.629;1.099;2.593;0.038;1.222;1867
B516DA;2015/02/28 00:00:33;1867;83;31.9;21.3;2.787;1.629;1.070;2.593;0.038;1.225;1868
B516DA;2015/02/28 00:00:43;1868;82;27.7;21.3;2.577;1.670;1.070;2.593;0.054;1.229;1869
B516DA;2015/02/28 00:00:53;1869;92;33.5;21.5;2.570;1.670;1.077;2.593;0.054;1.222;1870
B516DA;2015/02/28 00:01:03;1870;76;27.0;21.3;2.577;1.651;1.077;2.641;0.054;1.219;1871
B516DA;2015/02/28 00:01:13;1871;85;27.7;21.1;2.590;1.651;1.074;2.641;0.054;1.241;1872
B516DA;2015/02/28 00:01:23;1872;90;30.0;21.7;2.767;1.632;1.074;2.641;0.054;1.222;1873
B516DA;2015/02/28 00:01:33;1873;78;27.4;21.7;2.590;1.632;1.077;2.641;0.054;1.245;1874
B516DA;2015/02/28 00:01:43;1874;88;29.3;21.0;2.687;1.632;1.077;2.632;0.054;1.232;1875
B516DA;2015/02/28 00:01:53;1875;77;28.7;21.3;2.619;1.632;1.070;2.632;0.054;1.232;1876
B516DA;2015/02/28 00:02:03;1876;91;26.4;21.7;2.587;1.670;1.070;2.632;0.099;1.222;1877
B516DA;2015/02/28 00:02:13;1877;84;30.9;21.7;2.709;1.670;1.132;2.632;0.099;1.222;1878
B516DA;2015/02/28 00:02:23;1878;91;31.2;21.3;2.774;1.654;1.132;2.658;0.099;1.222;1879
B516DA;2015/02/28 00:02:33;1879;88;26.7;21.3;2.587;1.654;1.106;2.658;0.099;1.235;1880
B516DA;2015/02/28 00:02:43;1880;88;32.5;20.6;2.674;1.664;1.106;2.658;0.054;1.225;1881
B516DA;2015/02/28 00:02:53;1881;87;29.3;21.3;2.667;1.664;1.080;2.658;0.054;1.254;1882
B516DA;2015/02/28 00:03:03;1882;92;29.6;20.6;2.687;1.651;1.080;2.609;0.054;1.254;1883
B516DA;2015/02/28 00:03:13;1883;82;31.9;21.1;2.580;1.651;1.070;2.609;0.054;1.209;1884
B516DA;2015/02/28 00:03:23;1884;78;28.3;21.5;2.632;1.654;1.070;2.609;0.051;1.232;1885
B516DA;2015/02/28 00:03:33;1885;84;32.9;21.5;2.580;1.654;1.112;2.609;0.051;1.235;1886
B516DA;2015/02/28 00:03:43;1886;89;28.7;20.8;2.780;1.654;1.112;2.645;0.051;1.212;1887
B516DA;2015/02/28 00:03:53;1887;83;28.7;20.8;2.567;1.654;1.112;2.645;0.051;1.245;1888
B516DA;2015/02/28 00:04:03;1888;84;30.9;21.3;2.780;1.635;1.112;2.645;0.099;1.248;1889
B516DA;2015/02/28 00:04:13;1889;77;27.4;21.1;2.674;1.635;1.119;2.645;0.099;1.254;1890
B516DA;2015/02/28 00:04:23;1890;84;32.2;21.5;2.774;1.635;1.119;2.593;0.099;1.225;1891
B516DA;2015/02/28 00:04:33;1891;87;32.2;20.8;2.787;1.635;1.074;2.593;0.099;1.222;1892
B516DA;2015/02/28 00:04:43;1892;84;30.3;21.3;2.612;1.664;1.074;2.593;0.064;1.222;1893
B516DA;2015/02/28 00:04:53;1893;92;27.7;21.0;2.596;1.664;1.122;2.593;0.064;1.232;1894
B516DA;2015/02/28 00:05:03;1894;76;27.0;20.8;2.616;1.664;1.122;2.593;0.064;1.245;1895
B516DA;2015/02/28 00:05:13;1895;81;34.1;21.8;2.687;1.664;1.135;2.593;0.064;1.235;1896
B516DA;2015/02/28 00:05:23;1896;88;30.3;20.8;2.722;1.661;1.135;2.593;0.045;1.212;1897
B516DA;2015/02/28 00:05:33;1897;86;29.3;21.5;2.741;1.661;1.125;2.593;0.045;1.248;1898
B516DA;2015/02/28 00:05:43;1898;86;33.5;20.6;2.709;1.635;1.125;2.596;0.045;1.219;1899
B516DA;2015/02/28 00:05:53;1899;84;30.6;21.5;2.574;1.635;1.090;2.596;0.045;1.235;1900
B516DA;2015/02/28 00:06:03;1900;83;27.4;21.3;2.574;1.635;1.090;2.596;0.099;1.206;1901
B516DA;2015/02/28 00:06:13;1901;87;29.3;21.5;2.741;1.635;1.070;2.596;0.099;1.209;1902
B516DA;2015/02/28 00:06:23;1902;87;32.5;21.1;2.683;1.645;1.070;2.600;0.099;1.209;1903
B516DA;2015/02/28 00:06:33;1903;84;32.5;21.3;2.722;1.645;1.129;2.600;0.099;1.251;1904
B516DA;2015/02/28 00:06:43;1904;84;33.2;21.1;2.774;1.635;1.129;2.600;0.054;1.219;1905
B516DA;2015/02/28 00:06:53;1905;86;28.3;21.3;2.603;1.635;1.070;2.600;0.054;1.209;1906
B516DA;2015/02/28 00:07:03;1906;92;28.0;21.1;2.619;1.661;1.070;2.632;0.054;1.245;1907
B516DA;2015/02/28 00:07:13;1907;78;28.0;21.3;2.735;1.661;1.116;2.632;0.054;1.219;1908
B516DA;2015/02/28 00:07:23;1908;79;30.6;21.1;2.738;1.654;1.116;2.632;0.045;1.225;1909
B516DA;2015/02/28 00:07:33;1909;81;31.6;22.4;2.583;1.654;1.087;2.632;0.045;1.232;1910
B516DA;2015/02/28 00:07:43;1910;84;28.7;21.0;2.580;1.645;1.087;2.593;0.045;1.251;1911
B516DA;2015/02/28 00:07:53;1911;83;29.6;21.3;2.567;1.645;1.077;2.593;0.045;1.229;1912
B516DA;2015/02/28 00:08:03;1912;83;31.9;21.0;2.564;1.680;1.077;2.593;0.067;1.229;1913
B516DA;2015/02/28 00:08:13;1913;83;31.2;21.1;2.787;1.680;1.093;2.593;0.067;1.216;1914
B516DA;2015/02/28 00:08:23;1914;85;28.0;21.1;2.732;1.664;1.093;2.600;0.067;1.245;1915
B516DA;2015/02/28 00:08:33;1915;77;28.7;21.3;2.748;1.664;1.093;2.600;0.067;1.238;1916
B516DA;2015/02/28 00:08:43;1916;83;27.0;21.3;2.564;1.661;1.093;2.600;0.112;1.251;1917
B516DA;2015/02/28 00:08:53;1917;85;29.3;21.0;2.761;1.661;1.099;2.600;0.112;1.225;1918
B516DA;2015/02/28 00:09:03;1918;90;26.4;21.8;2.577;1.677;1.099;2.583;0.112;1.248;1919
B516DA;2015/02/28 00:09:13;1919;84;28.7;21.5;2.735;1.677;1.077;2.583;0.112;1.229;1920
B516DA;2015/02/28 00:09:23;1920;84;33.5;20.4;2.687;1.638;1.077;2.583;0.054;1.212;1921
B516DA;2015/02/28 00:09:33;1921;88;28.0;21.3;2.722;1.638;1.096;2.583;0.054;1.251;1922
B516DA;2015/02/28 00:09:43;1922;83;30.6;21.3;2.687;1.667;1.096;2.667;0.054;1.206;1923
B516DA;2015/02/28 00:09:53;1923;83;29.3;21.5;2.761;1.667;1.077;2.667;0.054;1.209;1924
B516DA;2015/02/28 00:10:03;1924;86;26.4;21.3;2.564;1.674;1.077;2.667;0.070;1.216;1925
B516DA;2015/02/28 00:10:13;1925;77;30.0;20.6;2.583;1.674;1.090;2.667;0.070;1.261;1926
B516DA;2015/02/28 00:10:23;1926;82;27.4;20.8;2.603;1.648;1.090;2.612;0.070;1.248;1927
B516DA;2015/02/28 00:10:33;1927;88;34.1;21.7;2.635;1.648;1.080;2.612;0.070;1.232;1928
B516DA;2015/02/28 00:10:43;1928;90;28.7;20.6;2.674;1.680;1.080;2.612;0.045;1.229;1929
B516DA;2015/02/28 00:10:53;1929;91;29.3;21.5;2.780;1.680;1.090;2.612;0.045;1.206;1930
B516DA;2015/02/28 00:11:03;1930;90;29.6;20.6;2.706;1.641;1.090;2.587;0.045;1.222;1931
B516DA;2015/02/28 00:11:13;1931;81;26.7;21.0;2.603;1.641;1.132;2.587;0.045;1.238;1932
B516DA;2015/02/28 00:11:23;1932;83;32.5;20.8;2.674;1.654;1.132;2.587;0.051;1.212;1933
B516DA;2015/02/28 00:11:33;1933;87;29.0;21.7;2.735;1.654;1.112;2.587;0.051;1.203;1934
B516DA;2015/02/28 00:11:43;1934;93;33.2;21.1;2.774;1.641;1.112;2.587;0.051;1.216;1935
B516DA;2015/02/28 00:11:53;1935;81;30.0;21.3;2.767;1.641;1.119;2.587;0.051;1.212;1936
B516DA;2015/02/28 00:12:03;1936;84;26.7;21.5;2.590;1.641;1.119;2.587;0.119;1.229;1937
B516DA;2015/02/28 00:12:13;1937;84;28.7;21.5;2.741;1.641;1.080;2.587;0.119;1.206;1938
B516DA;2015/02/28 00:12:23;1938;93;28.7;20.8;2.651;1.661;1.080;2.625;0.119;1.206;1939
B516DA;2015/02/28 00:12:33;1939;84;31.6;21.1;2.577;1.661;1.080;2.625;0.119;1.235;1940
B516DA;2015/02/28 00:12:43;1940;75;30.3;21.0;2.574;1.687;1.080;2.625;0.061;1.225;1941
B516DA;2015/02/28 00:12:53;1941;87;32.2;21.3;2.729;1.687;1.083;2.625;0.061;1.216;1942
B516DA;2015/02/28 00:13:03;1942;86;30.6;21.1;2.780;1.641;1.083;2.609;0.061;1.232;1943
B516DA;2015/02/28 00:13:13;1943;91;31.6;21.1;2.787;1.641;1.093;2.609;0.061;1.248;1944
B516DA;2015/02/28 00:13:23;1944;78;30.6;21.3;2.683;1.680;1.093;2.609;0.116;1.248;1945
B516DA;2015/02/28 00:13:33;1945;85;28.3;21.0;2.590;1.680;1.090;2.609;0.116;1.229;1946
B516DA;2015/02/28 00:13:43;1946;82;30.9;20.8;2.729;1.658;1.090;2.635;0.116;1.206;1947
B516DA;2015/02/28 00:13:53;1947;86;33.8;21.3;2.635;1.658;1.112;2.635;0.116;1.225;1948
B516DA;2015/02/28 00:14:03;1948;83;28.7;20.6;2.687;1.641;1.112;2.635;0.051;1.209;1949
B516DA;2015/02/28 00:14:13;1949;78;26.4;21.3;2.580;1.641;1.077;2.635;0.051;1.225;1950
B516DA;2015/02/28 00:14:23;1950;85;27.4;20.6;2.606;1.687;1.077;2.606;0.051;1.206;1951
B516DA;2015/02/28 00:14:33;1951;83;30.3;20.6;2.667;1.687;1.112;2.606;0.051;1.248;1952
B516DA;2015/02/28 00:14:43;1952;87;31.2;21.0;2.761;1.645;1.112;2.606;0.045;1.222;1953
B516DA;2015/02/28 00:14:53;1953;83;27.4;21.1;2.787;1.645;1.135;2.606;0.045;1.241;1954
B516DA;2015/02/28 00:15:03;1954;83;32.5;21.0;2.706;1.687;1.135;2.664;0.045;1.203;1955
B516DA;2015/02/28 00:15:13;1955;86;28.7;21.5;2.729;1.687;1.125;2.664;0.045;1.219;1956
B516DA;2015/02/28 00:15:23;1956;83;26.7;21.1;2.696;1.661;1.125;2.664;0.135;1.206;1957
B516DA;2015/02/28 00:15:33;1957;81;31.2;20.6;2.583;1.661;1.132;2.664;0.135;1.199;1958
B516DA;2015/02/28 00:15:43;1958;93;28.7;20.4;2.580;1.667;1.132;2.654;0.135;1.238;1959
B516DA;2015/02/28 00:15:53;1959;91;26.4;21.0;2.609;1.667;1.083;2.654;0.135;1.203;1960
B516DA;2015/02/28 00:16:03;1960;81;32.9;21.1;2.738;1.687;1.083;2.654;0.112;1.183;1961
B516DA;2015/02/28 00:16:13;1961;87;31.9;21.5;2.641;1.687;1.125;2.654;0.112;1.190;1962
B516DA;2015/02/28 00:16:23;1962;84;27.4;21.1;2.629;1.667;1.125;2.577;0.112;1.225;1963
B516DA;2015/02/28 00:16:33;1963;90;29.6;21.5;2.767;1.667;1.132;2.577;0.112;1.193;1964
B516DA;2015/02/28 00:16:43;1964;89;27.4;21.8;2.622;1.690;1.132;2.577;0.067;1.187;1965
B516DA;2015/02/28 00:16:53;1965;85;30.3;21.0;2.767;1.690;1.135;2.577;0.067;1.187;1966
B516DA;2015/02/28 00:17:03;1966;89;28.7;20.6;2.693;1.648;1.135;2.641;0.067;1.183;1967
B516DA;2015/02/28 00:17:13;1967;83;30.0;21.3;2.770;1.648;1.145;2.641;0.067;1.225;1968
B516DA;2015/02/28 00:17:23;1968;88;27.7;21.0;2.635;1.674;1.145;2.641;0.064;1.222;1969
B516DA;2015/02/28 00:17:33;1969;84;28.0;21.3;2.787;1.674;1.119;2.641;0.064;1.206;1970
B516DA;2015/02/28 00:17:43;1970;92;27.0;21.5;2.619;1.670;1.119;2.638;0.064;1.196;1971
B516DA;2015/02/28 00:17:53;1971;84;26.4;21.7;2.583;1.670;1.141;2.638;0.064;1.216;1972
B516DA;2015/02/28 00:18:03;1972;85;26.7;21.3;2.603;1.690;1.141;2.638;0.058;1.193;1973
B516DA;2015/02/28 00:18:13;1973;88;29.0;21.7;2.590;1.690;1.116;2.638;0.058;1.180;1974
B516DA;2015/02/28 00:18:23;1974;79;27.7;20.8;2.661;1.683;1.116;2.641;0.058;1.190;1975
B516DA;2015/02/28 00:18:33;1975;78;32.9;21.5;2.570;1.683;1.135;2.641;0.058;1.183;1976
B516DA;2015/02/28 00:18:43;1976;83;28.7;21.1;2.683;1.683;1.135;2.641;0.054;1.229;1977
B516DA;2015/02/28 00:18:53;1977;89;29.3;21.7;2.648;1.683;1.145;2.641;0.054;1.225;1978
B516DA;2015/02/28 00:19:03;1978;80;31.9;21.1;2.751;1.690;1.145;2.641;0.054;1.203;1979
B516DA;2015/02/28 00:19:13;1979;90;26.7;21.7;2.648;1.690;1.083;2.641;0.054;1.193;1980
B516DA;2015/02/28 00:19:23;1980;80;26.4;21.5;2.580;1.674;1.083;2.641;0.109;1.206;1981
B516DA;2015/02/28 00:19:33;1981;84;30.6;20.6;2.587;1.674;1.106;2.641;0.109;1.209;1982
B516DA;2015/02/28 00:19:43;1982;92;31.6;21.1;2.774;1.648;1.106;2.654;0.109;1.222;1983
B516DA;2015/02/28 00:19:53;1983;88;26.7;21.0;2.606;1.648;1.135;2.654;0.109;1.209;1984
B516DA;2015/02/28 00:20:03;1984;90;31.9;21.0;2.754;1.674;1.135;2.654;0.058;1.219;1985
B516DA;2015/02/28 00:20:13;1985;89;28.3;21.3;2.603;1.674;1.087;2.654;0.058;1.229;1986
B516DA;2015/02/28 00:20:23;1986;85;30.3;21.3;2.761;1.667;1.087;2.648;0.058;1.238;1987
B516DA;2015/02/28 00:20:33;1987;88;26.7;21.1;2.635;1.667;1.083;2.648;0.058;1.206;1988
B516DA;2015/02/28 00:20:43;1988;83;29.0;21.3;2.580;1.693;1.083;2.648;0.067;1.203;1989
B516DA;2015/02/28 00:20:53;1989;86;27.4;21.1;2.787;1.693;1.132;2.648;0.067;1.235;1990
B516DA;2015/02/28 00:21:03;1990;85;30.6;21.3;2.622;1.648;1.132;2.641;0.067;1.212;1991
B516DA;2015/02/28 00:21:13;1991;78;27.4;20.8;2.596;1.648;1.096;2.641;0.067;1.216;1992
B516DA;2015/02/28 00:21:23;1992;85;31.2;21.1;2.774;1.648;1.096;2.641;0.067;1.216;1993
B516DA;2015/02/28 00:21:33;1993;84;26.4;21.0;2.622;1.648;1.080;2.641;0.067;1.216;1994
B516DA;2015/02/28 00:21:43;1994;93;26.4;21.1;2.661;1.680;1.080;2.654;0.067;1.222;1995
B516DA;2015/02/28 00:21:53;1995;77;30.3;20.8;2.580;1.680;1.109;2.654;0.067;1.235;1996
B516DA;2015/02/28 00:22:03;1996;85;30.0;21.3;2.722;1.664;1.109;2.654;0.045;1.225;1997
B516DA;2015/02/28 00:22:13;1997;84;30.6;21.3;2.741;1.664;1.145;2.654;0.045;1.212;1998
B516DA;2015/02/28 00:22:23;1998;93;31.6;21.3;2.767;1.651;1.145;2.609;0.045;1.209;1999
B516DA;2015/02/28 00:22:33;1999;85;30.6;21.3;2.690;1.651;1.125;2.609;0.045;1.235;2000
B516DA;2015/02/28 00:22:43;2000;92;31.2;21.5;2.603;1.680;1.125;2.609;0.045;1.199;2001
B516DA;2015/02/28 00:22:53;2001;73;26.7;21.1;2.732;1.680;1.083;2.609;0.045;1.199;2002
B516DA;2015/02/28 00:23:03;2002;89;26.1;21.5;2.580;1.683;1.083;2.609;0.045;1.199;2003
B516DA;2015/02/28 00:23:13;2003;78;27.0;21.7;2.590;1.683;1.090;2.609;0.045;1.196;2004
B516DA;2015/02/28 00:23:23;2004;89;30.3;21.5;2.632;1.654;1.090;2.609;0.077;1.232;2005
B516DA;2015/02/28 00:23:33;2005;88;28.7;20.6;2.664;1.654;1.087;2.609;0.077;1.225;2006
B516DA;2015/02/28 00:23:43;2006;88;33.2;21.1;2.774;1.651;1.087;2.638;0.077;1.187;2007
B516DA;2015/02/28 00:23:53;2007;89;31.6;21.7;2.790;1.651;1.087;2.638;0.077;1.212;2008
B516DA;2015/02/28 00:24:03;2008;86;30.3;21.3;2.577;1.677;1.087;2.638;0.106;1.232;2009
B516DA;2015/02/28 00:24:13;2009;78;33.5;21.8;2.735;1.677;1.093;2.638;0.106;1.225;2010
B516DA;2015/02/28 00:24:23;2010;86;27.4;21.3;2.787;1.683;1.093;2.638;0.106;1.219;2011
B516DA;2015/02/28 00:24:33;2011;85;27.0;21.5;2.680;1.683;1.087;2.638;0.106;1.209;2012
B516DA;2015/02/28 00:24:43;2012;91;28.7;20.8;2.696;1.696;1.087;2.638;0.045;1.203;2013
B516DA;2015/02/28 00:24:53;2013;82;32.9;21.3;2.709;1.696;1.129;2.638;0.045;1.241;2014
B516DA;2015/02/28 00:25:03;2014;78;30.3;21.3;2.574;1.680;1.129;2.648;0.045;1.222;2015
B516DA;2015/02/28 00:25:13;2015;90;30.0;21.7;2.683;1.680;1.087;2.648;0.045;1.209;2016
B516DA;2015/02/28 00:25:23;2016;78;29.0;21.1;2.780;1.651;1.087;2.648;0.080;1.229;2017
B516DA;2015/02/28 00:25:33;2017;85;32.5;21.5;2.770;1.651;1.090;2.648;0.080;1.196;2018
B516DA;2015/02/28 00:25:43;2018;79;27.4;21.0;2.570;1.661;1.090;2.683;0.080;1.196;2019
B516DA;2015/02/28 00:25:53;2019;82;26.1;21.7;2.580;1.661;1.083;2.683;0.080;1.235;2020
B516DA;2015/02/28 00:26:03;2020;87;26.4;21.8;2.687;1.661;1.083;2.683;0.125;1.199;2021
B516DA;2015/02/28 00:26:13;2021;83;26.1;21.3;2.580;1.661;1.103;2.683;0.125;1.235;2022
B516DA;2015/02/28 00:26:23;2022;88;33.5;20.6;2.699;1.661;1.103;2.641;0.125;1.212;2023
B516DA;2015/02/28 00:26:33;2023;75;29.3;21.8;2.761;1.661;1.083;2.641;0.125;1.219;2024
B516DA;2015/02/28 00:26:43;2024;93;28.7;20.6;2.680;1.654;1.083;2.641;0.061;1.248;2025
B516DA;2015/02/28 00:26:53;2025;87;30.0;21.3;2.587;1.654;1.087;2.641;0.061;1.258;2026
B516DA;2015/02/28 00:27:03;2026;83;27.4;21.8;2.687;1.664;1.087;2.683;0.061;1.238;2027
B516DA;2015/02/28 00:27:13;2027;92;26.7;21.5;2.716;1.664;1.087;2.683;0.061;1.203;2028
B516DA;2015/02/28 00:27:23;2028;89;31.2;21.3;2.748;1.670;1.087;2.683;0.080;1.216;2029
B516DA;2015/02/28 00:27:33;2029;83;30.3;21.0;2.583;1.670;1.093;2.683;0.080;1.245;2030
B516DA;2015/02/28 00:27:43;2030;93;27.4;21.1;2.600;1.654;1.093;2.651;0.080;1.222;2031
B516DA;2015/02/28 00:27:53;2031;79;32.2;21.8;2.787;1.654;1.093;2.651;0.080;1.199;2032
B516DA;2015/02/28 00:28:03;2032;86;30.3;21.3;2.619;1.661;1.093;2.651;0.054;1.232;2033
B516DA;2015/02/28 00:28:13;2033;87;28.7;21.1;2.729;1.661;1.087;2.651;0.054;1.258;2034
B516DA;2015/02/28 00:28:23;2034;85;31.6;21.3;2.725;1.661;1.087;2.696;0.054;1.235;2035
B516DA;2015/02/28 00:28:33;2035;86;26.4;21.0;2.609;1.661;1.090;2.696;0.054;1.251;2036
B516DA;2015/02/28 00:28:43;2036;82;31.6;21.0;2.783;1.654;1.090;2.696;0.045;1.258;2037
B516DA;2015/02/28 00:28:53;2037;86;27.4;21.3;2.587;1.654;1.106;2.696;0.045;1.219;2038
B516DA;2015/02/28 00:29:03;2038;88;30.6;20.8;2.732;1.696;1.106;2.699;0.045;1.248;2039
B516DA;2015/02/28 00:29:13;2039;75;27.0;21.1;2.596;1.696;1.087;2.699;0.045;1.232;2040
B516DA;2015/02/28 00:29:23;2040;93;28.3;20.4;2.648;1.690;1.087;2.699;0.051;1.225;2041
B516DA;2015/02/28 00:29:33;2041;89;26.4;21.1;2.748;1.690;1.090;2.699;0.051;1.216;2042
B516DA;2015/02/28 00:29:43;2042;78;30.9;21.5;2.570;1.670;1.090;2.706;0.051;1.254;2043
B516DA;2015/02/28 00:29:53;2043;85;32.2;20.8;2.738;1.670;1.096;2.706;0.051;1.229;2044
B516DA;2015/02/28 00:30:03;2044;84;31.2;21.7;2.774;1.654;1.096;2.706;0.074;1.203;2045
B516DA;2015/02/28 00:30:13;2045;83;30.9;21.3;2.696;1.654;1.112;2.706;0.074;1.235;2046
B516DA;2015/02/28 00:30:23;2046;89;30.6;21.0;2.774;1.658;1.112;2.645;0.074;1.251;2047
B516DA;2015/02/28 00:30:33;2047;86;28.3;21.5;2.748;1.658;1.090;2.645;0.074;1.232;2048
B516DA;2015/02/28 00:30:43;2048;86;28.3;20.8;2.683;1.687;1.090;2.645;0.054;1.206;2049
B516DA;2015/02/28 00:30:53;2049;83;28.0;21.1;2.787;1.687;1.106;2.645;0.054;1.232;2050
B516DA;2015/02/28 00:31:03;2050;83;31.9;21.3;2.764;1.658;1.106;2.619;0.054;1.212;2051
B516DA;2015/02/28 00:31:13;2051;90;28.7;21.5;2.722;1.658;1.151;2.619;0.054;1.225;2052
B516DA;2015/02/28 00:31:23;2052;89;26.7;21.5;2.596;1.670;1.151;2.619;0.067;1.235;2053
B516DA;2015/02/28 00:31:33;2053;86;26.1;21.3;2.574;1.670;1.090;2.619;0.067;1.209;2054
B516DA;2015/02/28 00:31:43;2054;85;26.4;21.1;2.596;1.683;1.090;2.622;0.067;1.219;2055
B516DA;2015/02/28 00:31:53;2055;80;30.9;20.8;2.583;1.683;1.087;2.622;0.067;1.190;2056
B516DA;2015/02/28 00:32:03;2056;86;28.0;21.0;2.761;1.658;1.087;2.622;0.048;1.225;2057
B516DA;2015/02/28 00:32:13;2057;83;33.5;21.3;2.683;1.658;1.090;2.622;0.048;1.199;2058
B516DA;2015/02/28 00:32:23;2058;78;31.9;21.0;2.774;1.658;1.090;2.625;0.048;1.199;2059
B516DA;2015/02/28 00:32:33;2059;90;26.4;21.0;2.609;1.658;1.090;2.625;0.048;1.245;2060
B516DA;2015/02/28 00:32:43;2060;81;29.6;21.3;2.754;1.703;1.090;2.625;0.061;1.212;2061
B516DA;2015/02/28 00:32:53;2061;82;29.3;21.1;2.583;1.703;1.096;2.625;0.061;1.248;2062
B516DA;2015/02/28 00:33:03;2062;84;30.9;21.7;2.761;1.670;1.096;2.641;0.061;1.209;2063
B516DA;2015/02/28 00:33:13;2063;83;30.9;20.8;2.577;1.670;1.090;2.641;0.061;1.222;2064
B516DA;2015/02/28 00:33:23;2064;91;31.9;21.7;2.780;1.677;1.090;2.641;0.064;1.229;2065
B516DA;2015/02/28 00:33:33;2065;81;28.3;21.5;2.741;1.677;1.132;2.641;0.064;1.196;2066
B516DA;2015/02/28 00:33:43;2066;88;29.6;20.8;2.693;1.661;1.132;2.680;0.064;1.241;2067
B516DA;2015/02/28 00:33:53;2067;85;30.9;20.6;2.577;1.661;1.112;2.680;0.064;1.232;2068
B516DA;2015/02/28 00:34:03;2068;87;26.7;21.5;2.590;1.683;1.112;2.680;0.080;1.190;2069
B516DA;2015/02/28 00:34:13;2069;91;26.7;21.3;2.587;1.683;1.112;2.680;0.080;1.232;2070
B516DA;2015/02/28 00:34:23;2070;93;29.6;20.8;2.699;1.699;1.112;2.693;0.080;1.199;2071
B516DA;2015/02/28 00:34:33;2071;83;30.6;21.5;2.790;1.699;1.119;2.693;0.080;1.199;2072
B516DA;2015/02/28 00:34:43;2072;89;30.9;21.3;2.651;1.677;1.119;2.693;0.045;1.229;2073
B516DA;2015/02/28 00:34:53;2073;84;27.0;21.1;2.674;1.677;1.093;2.693;0.045;1.203;2074
B516DA;2015/02/28 00:35:03;2074;87;28.0;21.0;2.745;1.661;1.093;2.641;0.045;1.222;2075
B516DA;2015/02/28 00:35:13;2075;84;30.3;21.3;2.703;1.661;1.145;2.641;0.045;1.235;2076
B516DA;2015/02/28 00:35:23;2076;83;27.0;20.8;2.600;1.699;1.145;2.641;0.058;1.235;2077
B516DA;2015/02/28 00:35:33;2077;79;32.5;21.5;2.583;1.699;1.151;2.641;0.058;1.245;2078
B516DA;2015/02/28 00:35:43;2078;90;30.0;21.7;2.767;1.670;1.151;2.638;0.058;1.206;2079
B516DA;2015/02/28 00:35:53;2079;84;28.0;21.3;2.722;1.670;1.096;2.638;0.058;1.206;2080
B516DA;2015/02/28 00:36:03;2080;86;33.5;21.1;2.780;1.699;1.096;2.638;0.064;1.199;2081
B516DA;2015/02/28 00:36:13;2081;91;33.2;21.3;2.777;1.699;1.093;2.638;0.064;1.241;2082
B516DA;2015/02/28 00:36:23;2082;87;30.3;21.7;2.567;1.661;1.093;2.680;0.064;1.248;2083
B516DA;2015/02/28 00:36:33;2083;88;32.2;21.1;2.609;1.661;1.090;2.680;0.064;1.248;2084
B516DA;2015/02/28 00:36:43;2084;77;32.9;21.5;2.767;1.670;1.090;2.680;0.054;1.212;2085
B516DA;2015/02/28 00:36:53;2085;82;30.9;22.4;2.570;1.670;1.112;2.680;0.054;1.229;2086
B516DA;2015/02/28 00:37:03;2086;81;27.7;21.1;2.629;1.706;1.112;2.670;0.054;1.206;2087
B516DA;2015/02/28 00:37:13;2087;88;29.3;21.3;2.670;1.706;1.141;2.670;0.054;1.241;2088
B516DA;2015/02/28 00:37:23;2088;88;28.7;20.6;2.774;1.690;1.141;2.670;0.045;1.254;2089
B516DA;2015/02/28 00:37:33;2089;91;31.6;21.0;2.593;1.690;1.096;2.670;0.045;1.258;2090
B516DA;2015/02/28 00:37:43;2090;85;29.6;21.3;2.567;1.664;1.096;2.719;0.045;1.219;2091
B516DA;2015/02/28 00:37:53;2091;80;29.3;21.5;2.583;1.664;1.145;2.719;0.045;1.248;2092
B516DA;2015/02/28 00:38:03;2092;83;29.0;21.7;2.577;1.677;1.145;2.719;0.132;1.209;2093
B516DA;2015/02/28 00:38:13;2093;78;27.0;21.1;2.674;1.677;1.093;2.719;0.132;1.216;2094
B516DA;2015/02/28 00:38:23;2094;82;30.0;20.8;2.577;1.687;1.093;2.670;0.132;1.219;2095
B516DA;2015/02/28 00:38:33;2095;85;30.6;21.5;2.774;1.687;1.151;2.670;0.132;1.212;2096
B516DA;2015/02/28 00:38:43;2096;82;29.0;21.8;2.583;1.674;1.151;2.670;0.064;1.229;2097
B516DA;2015/02/28 00:38:53;2097;79;28.7;21.1;2.593;1.674;1.099;2.670;0.064;1.216;2098
B516DA;2015/02/28 00:39:03;2098;83;31.6;21.3;2.712;1.674;1.099;2.696;0.064;1.216;2099
B516DA;2015/02/28 00:39:13;2099;82;30.6;21.8;2.774;1.674;1.119;2.696;0.064;1.222;2100
B516DA;2015/02/28 00:39:23;2100;78;27.7;20.8;2.670;1.683;1.119;2.696;0.122;1.248;2101
B516DA;2015/02/28 00:39:33;2101;90;28.0;21.3;2.712;1.683;1.096;2.696;0.122;1.219;2102
B516DA;2015/02/28 00:39:43;2102;88;30.9;21.5;2.567;1.664;1.096;2.674;0.122;1.232;2103
B516DA;2015/02/28 00:39:53;2103;83;32.2;20.8;2.787;1.664;1.096;2.674;0.122;1.248;2104
B516DA;2015/02/28 00:40:03;2104;88;27.7;21.1;2.761;1.674;1.096;2.674;0.045;1.248;2105
B516DA;2015/02/28 00:40:13;2105;92;30.9;21.5;2.790;1.674;1.096;2.674;0.045;1.232;2106
B516DA;2015/02/28 00:40:23;2106;88;30.6;20.8;2.722;1.706;1.096;2.706;0.045;1.216;2107
B516DA;2015/02/28 00:40:33;2107;84;30.3;21.0;2.577;1.706;1.161;2.706;0.045;1.264;2108
B516DA;2015/02/28 00:40:43;2108;86;26.4;21.8;2.641;1.690;1.161;2.706;0.058;1.261;2109
B516DA;2015/02/28 00:40:53;2109;79;26.7;21.3;2.590;1.690;1.096;2.706;0.058;1.225;2110
B516DA;2015/02/28 00:41:03;2110;77;30.0;21.7;2.787;1.699;1.096;2.680;0.058;1.235;2111
B516DA;2015/02/28 00:41:13;2111;84;31.2;21.0;2.619;1.699;1.096;2.680;0.058;1.229;2112
B516DA;2015/02/28 00:41:23;2112;86;26.1;21.5;2.587;1.706;1.096;2.680;0.064;1.245;2113
B516DA;2015/02/28 00:41:33;2113;91;32.2;20.6;2.580;1.706;1.158;2.680;0.064;1.251;2114
B516DA;2015/02/28 00:41:43;2114;93;29.6;21.3;2.574;1.683;1.158;2.680;0.064;1.258;2115
B516DA;2015/02/28 00:41:53;2115;85;30.0;21.7;2.661;1.683;1.096;2.680;0.064;1.251;2116
B516DA;2015/02/28 00:42:03;2116;83;30.9;21.3;2.674;1.687;1.096;2.680;0.064;1.225;2117
B516DA;2015/02/28 00:42:13;2117;91;30.9;21.5;2.583;1.687;1.154;2.680;0.064;1.270;2118
B516DA;2015/02/28 00:42:23;2118;76;28.7;20.8;2.674;1.690;1.154;2.674;0.064;1.248;2119
B516DA;2015/02/28 00:42:33;2119;90;28.0;21.8;2.770;1.690;1.112;2.674;0.064;1.209;2120
B516DA;2015/02/28 00:42:43;2120;81;31.2;21.7;2.699;1.670;1.112;2.674;0.058;1.254;2121
B516DA;2015/02/28 00:42:53;2121;86;26.4;21.1;2.609;1.670;1.112;2.674;0.058;1.248;2122
B516DA;2015/02/28 00:43:03;2122;85;31.9;21.7;2.725;1.706;1.112;2.658;0.058;1.232;2123
B516DA;2015/02/28 00:43:13;2123;75;28.7;21.3;2.574;1.706;1.096;2.658;0.058;1.206;2124
B516DA;2015/02/28 00:43:23;2124;92;27.0;21.8;2.600;1.674;1.096;2.658;0.058;1.216;2125
B516DA;2015/02/28 00:43:33;2125;78;26.4;21.1;2.616;1.674;1.148;2.658;0.058;1.245;2126
B516DA;2015/02/28 00:43:43;2126;83;31.9;21.7;2.712;1.664;1.148;2.683;0.058;1.241;2127
B516DA;2015/02/28 00:43:53;2127;85;30.0;21.7;2.774;1.664;1.135;2.683;0.058;1.238;2128
B516DA;2015/02/28 00:44:03;2128;86;30.6;21.5;2.574;1.667;1.135;2.683;0.058;1.238;2129
B516DA;2015/02/28 00:44:13;2129;79;32.9;21.8;2.793;1.667;1.138;2.683;0.058;1.235;2130
B516DA;2015/02/28 00:44:23;2130;88;30.3;21.5;2.580;1.667;1.138;2.706;0.058;1.232;2131
B516DA;2015/02/28 00:44:33;2131;79;32.9;21.5;2.780;1.667;1.096;2.706;0.058;1.245;2132
B516DA;2015/02/28 00:44:43;2132;87;28.0;21.1;2.748;1.667;1.096;2.706;0.058;1.225;2133
B516DA;2015/02/28 00:44:53;2133;81;29.3;21.1;2.735;1.667;1.161;2.706;0.058;1.209;2134
B516DA;2015/02/28 00:45:03;2134;75;26.7;20.8;2.570;1.699;1.161;2.648;0.058;1.216;2135
B516DA;2015/02/28 00:45:13;2135;85;31.6;21.0;2.587;1.699;1.103;2.648;0.058;1.212;2136
B516DA;2015/02/28 00:45:23;2136;83;30.0;21.1;2.583;1.677;1.103;2.648;0.058;1.245;2137
B516DA;2015/02/28 00:45:33;2137;89;26.7;21.3;2.587;1.677;1.125;2.648;0.058;1.216;2138
B516DA;2015/02/28 00:45:43;2138;85;29.6;21.0;2.699;1.709;1.125;2.629;0.058;1.248;2139
B516DA;2015/02/28 00:45:53;2139;91;26.4;21.3;2.587;1.709;1.161;2.629;0.058;1.196;2140
B516DA;2015/02/28 00:46:03;2140;89;31.2;21.1;2.774;1.696;1.161;2.629;0.090;1.225;2141
B516DA;2015/02/28 00:46:13;2141;81;29.3;21.5;2.748;1.696;1.151;2.629;0.090;1.225;2142
B516DA;2015/02/28 00:46:23;2142;81;30.6;21.1;2.748;1.703;1.151;2.641;0.090;1.206;2143
B516DA;2015/02/28 00:46:33;2143;87;28.0;21.3;2.603;1.703;1.103;2.641;0.090;1.219;2144
B516DA;2015/02/28 00:46:43;2144;83;29.0;21.0;2.641;1.680;1.103;2.641;0.087;1.219;2145
B516DA;2015/02/28 00:46:53;2145;88;30.0;21.3;2.774;1.680;1.103;2.641;0.087;1.203;2146
B516DA;2015/02/28 00:47:03;2146;84;27.7;21.0;2.641;1.670;1.103;2.651;0.087;1.245;2147
B516DA;2015/02/28 00:47:13;2147;83;30.0;21.0;2.574;1.670;1.161;2.651;0.087;1.248;2148
B516DA;2015/02/28 00:47:23;2148;88;27.0;21.8;2.725;1.674;1.161;2.651;0.125;1.235;2149
B516DA;2015/02/28 00:47:33;2149;90;30.0;21.7;2.590;1.674;1.099;2.651;0.125;1.203;2150
B516DA;2015/02/28 00:47:43;2150;82;30.6;21.1;2.738;1.674;1.099;2.677;0.125;1.199;2151
B516DA;2015/02/28 00:47:53;2151;85;30.9;20.6;2.645;1.674;1.151;2.677;0.125;1.225;2152
B516DA;2015/02/28 00:48:03;2152;84;32.5;21.1;2.567;1.670;1.151;2.677;0.064;1.235;2153
B516DA;2015/02/28 00:48:13;2153;82;27.7;21.0;2.574;1.670;1.099;2.677;0.064;1.225;2154
B516DA;2015/02/28 00:48:23;2154;81;30.3;21.5;2.600;1.674;1.099;2.696;0.064;1.196;2155
B516DA;2015/02/28 00:48:33;2155;90;27.7;21.3;2.683;1.674;1.158;2.696;0.064;1.232;2156
B516DA;2015/02/28 00:48:43;2156;83;31.6;21.5;2.567;1.674;1.158;2.696;0.058;1.199;2157
B516DA;2015/02/28 00:48:53;2157;80;26.1;21.1;2.619;1.674;1.103;2.696;0.058;1.235;2158
B516DA;2015/02/28 00:49:03;2158;80;32.5;20.8;2.661;1.716;1.103;2.706;0.058;1.235;2159
B516DA;2015/02/28 00:49:13;2159;90;31.6;21.0;2.790;1.716;1.122;2.706;0.058;1.203;2160
B516DA;2015/02/28 00:49:23;2160;91;29.0;21.8;2.793;1.696;1.122;2.706;0.154;1.190;2161
B516DA;2015/02/28 00:49:33;2161;81;30.3;21.1;2.654;1.696;1.138;2.706;0.154;1.199;2162
B516DA;2015/02/28 00:49:43;2162;87;30.9;21.7;2.732;1.696;1.138;2.645;0.154;1.193;2163
B516DA;2015/02/28 00:49:53;2163;90;31.9;21.0;2.574;1.696;1.099;2.645;0.154;1.229;2164
B516DA;2015/02/28 00:50:03;2164;85;26.4;21.5;2.687;1.680;1.099;2.645;0.058;1.199;2165
B516DA;2015/02/28 00:50:13;2165;85;27.7;21.3;2.696;1.680;1.112;2.645;0.058;1.235;2166
B516DA;2015/02/28 00:50:23;2166;91;27.0;21.3;2.793;1.716;1.112;2.664;0.058;1.235;2167
B516DA;2015/02/28 00:50:33;2167;88;33.2;21.5;2.783;1.716;1.099;2.664;0.058;1.219;2168
B516DA;2015/02/28 00:50:43;2168;85;30.6;21.3;2.680;1.719;1.099;2.664;0.058;1.199;2169
B516DA;2015/02/28 00:50:53;2169;88;28.0;21.3;2.696;1.719;1.103;2.664;0.058;1.212;2170
B516DA;2015/02/28 00:51:03;2170;84;31.2;21.0;2.748;1.677;1.103;2.641;0.058;1.232;2171
B516DA;2015/02/28 00:51:13;2171;92;32.9;21.3;2.783;1.677;1.119;2.641;0.058;1.196;2172
B516DA;2015/02/28 00:51:23;2172;90;30.6;21.3;2.616;1.716;1.119;2.641;0.058;1.193;2173
B516DA;2015/02/28 00:51:33;2173;92;30.9;21.5;2.577;1.716;1.116;2.641;0.058;1.206;2174
B516DA;2015/02/28 00:51:43;2174;81;33.8;20.6;2.670;1.709;1.116;2.670;0.058;1.206;2175
B516DA;2015/02/28 00:51:53;2175;82;27.7;21.5;2.709;1.709;1.103;2.670;0.058;1.212;2176
B516DA;2015/02/28 00:52:03;2176;78;30.0;21.8;2.590;1.703;1.103;2.670;0.099;1.199;2177
B516DA;2015/02/28 00:52:13;2177;82;26.1;21.0;2.606;1.703;1.132;2.670;0.099;1.209;2178
B516DA;2015/02/28 00:52:23;2178;79;27.7;21.0;2.648;1.690;1.132;2.670;0.099;1.177;2179
B516DA;2015/02/28 00:52:33;2179;90;26.7;21.1;2.654;1.690;1.103;2.670;0.099;1.190;2180
B516DA;2015/02/28 00:52:43;2180;83;33.5;20.8;2.699;1.683;1.103;2.670;0.064;1.212;2181
B516DA;2015/02/28 00:52:53;2181;84;26.4;21.1;2.622;1.683;1.164;2.670;0.064;1.193;2182
B516DA;2015/02/28 00:53:03;2182;84;27.7;21.1;2.635;1.696;1.164;2.683;0.064;1.229;2183
B516DA;2015/02/28 00:53:13;2183;86;31.9;21.3;2.716;1.696;1.122;2.683;0.064;1.190;2184
B516DA;2015/02/28 00:53:23;2184;91;28.7;20.6;2.674;1.719;1.122;2.683;0.064;1.183;2185
B516DA;2015/02/28 00:53:33;2185;89;31.6;21.5;2.790;1.719;1.106;2.683;0.064;1.196;2186
B516DA;2015/02/28 00:53:43;2186;83;33.5;21.1;2.735;1.683;1.106;2.654;0.064;1.193;2187
B516DA;2015/02/28 00:53:53;2187;76;30.9;21.7;2.729;1.683;1.151;2.654;0.064;1.190;2188
B516DA;2015/02/28 00:54:03;2188;93;30.6;21.0;2.735;1.712;1.151;2.654;0.061;1.187;2189
B516DA;2015/02/28 00:54:13;2189;87;32.9;21.7;2.670;1.712;1.106;2.654;0.061;1.196;2190
B516DA;2015/02/28 00:54:23;2190;83;29.0;21.1;2.616;1.712;1.106;2.667;0.061;1.199;2191
B516DA;2015/02/28 00:54:33;2191;82;28.0;21.7;2.722;1.712;1.167;2.667;0.061;1.232;2192
B516DA;2015/02/28 00:54:43;2192;92;28.7;21.3;2.787;1.719;1.167;2.667;0.061;1.187;2193
B516DA;2015/02/28 00:54:53;2193;88;28.0;21.5;2.587;1.719;1.161;2.667;0.061;1.229;2194
B516DA;2015/02/28 00:55:03;2194;91;33.2;21.1;2.774;1.687;1.161;2.658;0.061;1.209;2195
B516DA;2015/02/28 00:55:13;2195;83;28.0;21.1;2.780;1.687;1.103;2.658;0.061;1.238;2196
B516DA;2015/02/28 00:55:23;2196;73;27.4;22.2;2.629;1.706;1.103;2.658;0.058;1.225;2197
B516DA;2015/02/28 00:55:33;2197;80;32.5;21.3;2.616;1.706;1.138;2.658;0.058;1.209;2198
B516DA;2015/02/28 00:55:43;2198;88;28.7;21.0;2.670;1.687;1.138;2.696;0.058;1.206;2199
B516DA;2015/02/28 00:55:53;2199;87;28.0;21.5;2.580;1.687;1.135;2.696;0.058;1.209;2200
B516DA;2015/02/28 00:56:03;2200;86;32.9;21.3;2.667;1.683;1.135;2.696;0.048;1.222;2201
B516DA;2015/02/28 00:56:13;2201;80;31.6;20.8;2.577;1.683;1.106;2.696;0.048;1.216;2202
B516DA;2015/02/28 00:56:23;2202;86;33.8;21.0;2.699;1.677;1.106;2.719;0.048;1.206;2203
B516DA;2015/02/28 00:56:33;2203;88;30.6;21.3;2.670;1.677;1.167;2.719;0.048;1.238;2204
B516DA;2015/02/28 00:56:43;2204;81;30.9;21.1;2.787;1.709;1.167;2.719;0.064;1.206;2205
B516DA;2015/02/28 00:56:53;2205;90;26.4;21.1;2.648;1.709;1.106;2.719;0.064;1.209;2206
B516DA;2015/02/28 00:57:03;2206;90;28.7;20.6;2.787;1.716;1.106;2.667;0.064;1.229;2207
B516DA;2015/02/28 00:57:13;2207;79;32.2;20.6;2.587;1.716;1.109;2.667;0.064;1.193;2208
B516DA;2015/02/28 00:57:23;2208;86;26.4;21.3;2.774;1.687;1.109;2.667;0.061;1.222;2209
B516DA;2015/02/28 00:57:33;2209;77;32.9;21.7;2.735;1.687;1.103;2.667;0.061;1.187;2210
B516DA;2015/02/28 00:57:43;2210;89;32.2;21.7;2.699;1.719;1.103;2.696;0.061;1.248;2211
B516DA;2015/02/28 00:57:53;2211;89;30.6;21.0;2.583;1.719;1.161;2.696;0.061;1.193;2212
B516DA;2015/02/28 00:58:03;2212;88;26.7;21.3;2.583;1.680;1.161;2.696;0.080;1.203;2213
B516DA;2015/02/28 00:58:13;2213;85;26.4;21.1;2.600;1.680;1.145;2.696;0.080;1.241;2214
B516DA;2015/02/28 00:58:23;2214;88;33.2;21.3;2.674;1.680;1.145;2.722;0.080;1.206;2215
B516DA;2015/02/28 00:58:33;2215;90;26.1;21.1;2.609;1.680;1.109;2.722;0.080;1.209;2216
B516DA;2015/02/28 00:58:43;2216;84;28.7;20.6;2.712;1.716;1.109;2.722;0.058;1.190;2217
B516DA;2015/02/28 00:58:53;2217;83;29.0;21.1;2.590;1.716;1.109;2.722;0.058;1.190;2218
B516DA;2015/02/28 00:59:03;2218;80;30.0;21.7;2.712;1.712;1.109;2.729;0.058;1.196;2219
B516DA;2015/02/28 00:59:13;2219;85;26.4;21.1;2.622;1.712;1.122;2.729;0.058;1.209;2220
B516DA;2015/02/28 00:59:23;2220;90;28.0;21.5;2.787;1.690;1.122;2.729;0.067;1.206;2221
B516DA;2015/02/28 00:59:33;2221;87;26.1;21.3;2.619;1.690;1.148;2.729;0.067;1.187;2222
B516DA;2015/02/28 00:59:43;2222;92;27.0;21.1;2.712;1.683;1.148;2.674;0.067;1.216;2223
B516DA;2015/02/28 00:59:53;2223;80;27.7;21.0;2.577;1.683;1.125;2.674;0.067;1.206;2224
B516DA;2015/02/28 01:00:03;2224;84;30.9;21.3;2.774;1.683;1.125;2.674;0.061;1.222;2225
B516DA;2015/02/28 01:00:13;2225;84;33.5;21.5;2.790;1.683;1.135;2.674;0.061;1.254;2226
B516DA;2015/02/28 01:00:23;2226;88;31.6;21.3;2.741;1.725;1.135;2.690;0.061;1.229;2227
B516DA;2015/02/28 01:00:33;2227;87;26.1;21.0;2.606;1.725;1.109;2.690;0.061;1.232;2228
B516DA;2015/02/28 01:00:43;2228;79;32.5;21.7;2.674;1.722;1.109;2.690;0.064;1.209;2229
B516DA;2015/02/28 01:00:53;2229;84;31.6;21.0;2.574;1.722;1.125;2.690;0.064;1.199;2230
B516DA;2015/02/28 01:01:03;2230;86;26.7;21.8;2.587;1.690;1.125;2.738;0.064;1.203;2231
B516DA;2015/02/28 01:01:13;2231;84;27.0;21.1;2.683;1.690;1.148;2.738;0.064;1.199;2232
B516DA;2015/02/28 01:01:23;2232;78;29.0;20.8;2.712;1.703;1.148;2.738;0.051;1.212;2233
B516DA;2015/02/28 01:01:33;2233;85;28.0;21.7;2.774;1.703;1.109;2.738;0.051;1.222;2234
B516DA;2015/02/28 01:01:43;2234;88;28.7;21.3;2.787;1.716;1.109;2.722;0.051;1.245;2235
B516DA;2015/02/28 01:01:53;2235;84;27.4;21.1;2.696;1.716;1.164;2.722;0.051;1.241;2236
B516DA;2015/02/28 01:02:03;2236;84;33.8;21.0;2.706;1.683;1.164;2.722;0.058;1.209;2237
B516DA;2015/02/28 01:02:13;2237;93;29.6;21.8;2.761;1.683;1.145;2.722;0.058;1.209;2238
B516DA;2015/02/28 01:02:23;2238;84;30.6;21.3;2.754;1.719;1.145;2.729;0.058;1.245;2239
B516DA;2015/02/28 01:02:33;2239;91;30.6;21.7;2.787;1.719;1.132;2.729;0.058;1.216;2240
B516DA;2015/02/28 01:02:43;2240;90;30.0;21.5;2.780;1.725;1.132;2.729;0.132;1.225;2241
B516DA;2015/02/28 01:02:53;2241;84;28.3;20.6;2.590;1.725;1.151;2.729;0.132;1.206;2242
B516DA;2015/02/28 01:03:03;2242;90;26.7;21.8;2.590;1.729;1.151;2.693;0.132;1.248;2243
B516DA;2015/02/28 01:03:13;2243;88;31.6;21.1;2.577;1.729;1.170;2.693;0.132;1.206;2244
B516DA;2015/02/28 01:03:23;2244;81;27.0;21.1;2.603;1.683;1.170;2.693;0.087;1.219;2245
B516DA;2015/02/28 01:03:33;2245;92;29.6;21.5;2.580;1.683;1.145;2.693;0.087;1.225;2246
B516DA;2015/02/28 01:03:43;2246;84;27.0;21.8;2.590;1.716;1.145;2.722;0.087;1.238;2247
B516DA;2015/02/28 01:03:53;2247;84;30.6;21.7;2.687;1.716;1.112;2.722;0.087;1.248;2248
B516DA;2015/02/28 01:04:03;2248;81;27.0;21.8;2.567;1.706;1.112;2.722;0.061;1.245;2249
B516DA;2015/02/28 01:04:13;2249;89;30.0;21.3;2.580;1.706;1.148;2.722;0.061;1.219;2250
B516DA;2015/02/28 01:04:23;2250;92;31.2;21.0;2.745;1.722;1.148;2.748;0.061;1.222;2251
B516DA;2015/02/28 01:04:33;2251;83;26.4;21.7;2.661;1.722;1.109;2.748;0.061;1.222;2252
B516DA;2015/02/28 01:04:43;2252;82;28.7;21.1;2.674;1.716;1.109;2.748;0.061;1.216;2253
B516DA;2015/02/28 01:04:53;2253;75;31.6;22.2;2.741;1.716;1.109;2.748;0.061;1.206;2254
B516DA;2015/02/28 01:05:03;2254;83;26.4;21.8;2.583;1.725;1.109;2.687;0.061;1.261;2255
B516DA;2015/02/28 01:05:13;2255;83;33.5;21.7;2.722;1.725;1.109;2.687;0.061;1.203;2256
B516DA;2015/02/28 01:05:23;2256;89;26.7;20.6;2.609;1.729;1.109;2.687;0.058;1.241;2257
B516DA;2015/02/28 01:05:33;2257;87;29.3;21.7;2.748;1.729;1.161;2.687;0.058;1.251;2258
B516DA;2015/02/28 01:05:43;2258;86;27.4;21.5;2.712;1.706;1.161;2.683;0.058;1.209;2259
B516DA;2015/02/28 01:05:53;2259;92;28.7;21.0;2.596;1.706;1.158;2.683;0.058;1.203;2260
B516DA;2015/02/28 01:06:03;2260;88;26.4;22.0;2.687;1.706;1.158;2.683;0.058;1.206;2261
B516DA;2015/02/28 01:06:13;2261;83;28.3;21.3;2.606;1.706;1.167;2.683;0.058;1.203;2262
B516DA;2015/02/28 01:06:23;2262;93;28.7;21.8;2.787;1.699;1.167;2.677;0.058;1.196;2263
B516DA;2015/02/28 01:06:33;2263;92;30.0;21.8;2.774;1.699;1.109;2.677;0.058;1.203;2264
B516DA;2015/02/28 01:06:43;2264;77;30.0;21.7;2.793;1.712;1.109;2.677;0.064;1.219;2265
B516DA;2015/02/28 01:06:53;2265;83;29.6;21.3;2.674;1.712;1.167;2.677;0.064;1.232;2266
B516DA;2015/02/28 01:07:03;2266;88;28.0;21.5;2.770;1.719;1.167;2.680;0.064;1.212;2267
B516DA;2015/02/28 01:07:13;2267;75;26.4;21.5;2.648;1.719;1.112;2.680;0.064;1.193;2268
B516DA;2015/02/28 01:07:23;2268;93;33.5;21.1;2.774;1.703;1.112;2.680;0.087;1.232;2269
B516DA;2015/02/28 01:07:33;2269;88;30.9;21.5;2.793;1.703;1.116;2.680;0.087;1.203;2270
B516DA;2015/02/28 01:07:43;2270;87;26.4;21.5;2.590;1.703;1.116;2.735;0.087;1.238;2271
B516DA;2015/02/28 01:07:53;2271;86;29.6;21.3;2.580;1.703;1.151;2.735;0.087;1.206;2272
B516DA;2015/02/28 01:08:03;2272;87;30.6;21.5;2.774;1.729;1.151;2.735;0.054;1.229;2273
B516DA;2015/02/28 01:08:13;2273;87;30.6;21.3;2.699;1.729;1.112;2.735;0.054;1.245;2274
B516DA;2015/02/28 01:08:23;2274;89;31.9;21.1;2.748;1.725;1.112;2.716;0.054;1.225;2275
B516DA;2015/02/28 01:08:33;2275;83;31.9;21.5;2.790;1.725;1.109;2.716;0.054;1.235;2276
B516DA;2015/02/28 01:08:43;2276;88;30.6;21.3;2.616;1.690;1.109;2.716;0.093;1.209;2277
B516DA;2015/02/28 01:08:53;2277;79;26.4;21.7;2.609;1.690;1.112;2.716;0.093;1.238;2278
B516DA;2015/02/28 01:09:03;2278;87;31.6;21.3;2.583;1.722;1.112;2.732;0.093;1.212;2279
B516DA;2015/02/28 01:09:13;2279;87;28.0;21.3;2.603;1.722;1.132;2.732;0.093;1.209;2280
B516DA;2015/02/28 01:09:23;2280;85;26.7;21.8;2.600;1.696;1.132;2.732;0.067;1.254;2281
B516DA;2015/02/28 01:09:33;2281;88;30.6;21.5;2.580;1.696;1.135;2.732;0.067;1.216;2282
B516DA;2015/02/28 01:09:43;2282;85;29.0;21.0;2.687;1.729;1.135;2.722;0.067;1.206;2283
B516DA;2015/02/28 01:09:53;2283;83;26.4;21.1;2.622;1.729;1.116;2.722;0.067;1.225;2284
B516DA;2015/02/28 01:10:03;2284;88;32.9;21.1;2.761;1.709;1.116;2.722;0.048;1.209;2285
B516DA;2015/02/28 01:10:13;2285;91;34.1;21.5;2.748;1.709;1.170;2.722;0.048;1.212;2286
B516DA;2015/02/28 01:10:23;2286;84;30.9;21.7;2.587;1.690;1.170;2.719;0.048;1.254;2287
B516DA;2015/02/28 01:10:33;2287;87;31.2;21.3;2.729;1.690;1.151;2.719;0.048;1.238;2288
B516DA;2015/02/28 01:10:43;2288;92;28.7;21.0;2.687;1.732;1.151;2.719;0.064;1.232;2289
B516DA;2015/02/28 01:10:53;2289;87;33.5;21.3;2.696;1.732;1.125;2.719;0.064;1.203;2290
B516DA;2015/02/28 01:11:03;2290;86;30.6;21.5;2.774;1.690;1.125;2.690;0.064;1.199;2291
B516DA;2015/02/28 01:11:13;2291;83;29.3;21.5;2.741;1.690;1.116;2.690;0.064;1.203;2292
B516DA;2015/02/28 01:11:23;2292;88;31.9;21.3;2.780;1.712;1.116;2.690;0.067;1.238;2293
B516DA;2015/02/28 01:11:33;2293;77;33.8;21.5;2.780;1.712;1.116;2.690;0.067;1.206;2294
B516DA;2015/02/28 01:11:43;2294;83;29.0;21.1;2.780;1.725;1.116;2.735;0.067;1.229;2295
B516DA;2015/02/28 01:11:53;2295;84;27.4;21.7;2.596;1.725;1.164;2.735;0.067;1.212;2296
B516DA;2015/02/28 01:12:03;2296;90;31.2;21.5;2.754;1.709;1.164;2.735;0.074;1.216;2297
B516DA;2015/02/28 01:12:13;2297;85;33.8;21.7;2.735;1.709;1.177;2.735;0.074;1.229;2298
B516DA;2015/02/28 01:12:23;2298;83;30.3;21.7;2.670;1.732;1.177;2.706;0.074;1.258;2299
B516DA;2015/02/28 01:12:33;2299;79;27.4;21.5;2.680;1.732;1.177;2.706;0.074;1.216;2300
B516DA;2015/02/28 01:12:43;2300;82;26.7;21.8;2.587;1.719;1.177;2.706;0.070;1.206;2301
B516DA;2015/02/28 01:12:53;2301;88;27.4;21.7;2.590;1.719;1.116;2.706;0.070;1.199;2302
B516DA;2015/02/28 01:13:03;2302;90;28.7;21.0;2.687;1.735;1.116;2.767;0.070;1.241;2303
B516DA;2015/02/28 01:13:13;2303;88;32.2;21.3;2.793;1.735;1.112;2.767;0.070;1.212;2304
B516DA;2015/02/28 01:13:23;2304;92;32.5;21.1;2.696;1.729;1.112;2.767;0.083;1.254;2305
B516DA;2015/02/28 01:13:33;2305;85;30.6;21.5;2.574;1.729;1.151;2.767;0.083;1.254;2306
B516DA;2015/02/28 01:13:43;2306;75;27.0;21.5;2.596;1.712;1.151;2.748;0.083;1.258;2307
B516DA;2015/02/28 01:13:53;2307;93;30.0;21.7;2.641;1.712;1.177;2.748;0.083;1.283;2308
B516DA;2015/02/28 01:14:03;2308;77;28.7;21.0;2.590;1.693;1.177;2.748;0.067;1.251;2309
B516DA;2015/02/28 01:14:13;2309;80;33.5;21.1;2.683;1.693;1.135;2.748;0.067;1.258;2310
B516DA;2015/02/28 01:14:23;2310;80;31.2;21.1;2.580;1.729;1.135;2.799;0.067;1.267;2311
B516DA;2015/02/28 01:14:33;2311;91;29.3;21.1;2.677;1.729;1.122;2.799;0.067;1.261;2312
B516DA;2015/02/28 01:14:43;2312;88;27.7;21.5;2.583;1.693;1.122;2.799;0.058;1.238;2313
B516DA;2015/02/28 01:14:53;2313;76;26.1;21.0;2.622;1.693;1.119;2.799;0.058;1.229;2314
B516DA;2015/02/28 01:15:03;2314;84;27.7;21.5;2.583;1.725;1.119;2.780;0.058;1.270;2315
B516DA;2015/02/28 01:15:13;2315;74;31.6;21.5;2.774;1.725;1.132;2.780;0.058;1.222;2316
B516DA;2015/02/28 01:15:23;2316;91;30.3;21.7;2.767;1.712;1.132;2.780;0.067;1.274;2317
B516DA;2015/02/28 01:15:33;2317;74;32.2;21.0;2.580;1.712;1.119;2.780;0.067;1.254;2318
B516DA;2015/02/28 01:15:43;2318;86;31.2;21.7;2.767;1.690;1.119;2.758;0.067;1.222;2319
B516DA;2015/02/28 01:15:53;2319;87;29.3;21.5;2.696;1.690;1.112;2.758;0.067;1.219;2320
B516DA;2015/02/28 01:16:03;2320;85;31.9;21.3;2.648;1.699;1.112;2.758;0.106;1.229;2321
B516DA;2015/02/28 01:16:13;2321;81;27.0;21.3;2.583;1.699;1.122;2.758;0.106;1.235;2322
B516DA;2015/02/28 01:16:23;2322;85;27.4;21.3;2.580;1.693;1.122;2.709;0.106;1.222;2323
B516DA;2015/02/28 01:16:33;2323;78;27.7;21.3;2.696;1.693;1.119;2.709;0.106;1.245;2324
B516DA;2015/02/28 01:16:43;2324;81;33.2;21.1;2.567;1.722;1.119;2.709;0.067;1.261;2325
B516DA;2015/02/28 01:16:53;2325;90;30.6;21.5;2.793;1.722;1.116;2.709;0.067;1.219;2326
B516DA;2015/02/28 01:17:03;2326;92;31.2;21.5;2.574;1.696;1.116;2.767;0.067;1.209;2327
B516DA;2015/02/28 01:17:13;2327;87;33.2;21.3;2.632;1.696;1.112;2.767;0.067;1.206;2328
B516DA;2015/02/28 01:17:23;2328;90;27.0;21.8;2.596;1.729;1.112;2.767;0.067;1.222;2329
B516DA;2015/02/28 01:17:33;2329;81;30.9;21.1;2.583;1.729;1.116;2.767;0.067;1.229;2330
B516DA;2015/02/28 01:17:43;2330;89;28.7;21.1;2.667;1.712;1.116;2.712;0.067;1.209;2331
B516DA;2015/02/28 01:17:53;2331;88;31.6;21.7;2.716;1.712;1.119;2.712;0.067;1.248;2332
B516DA;2015/02/28 01:18:03;2332;79;28.7;20.8;2.661;1.722;1.119;2.712;0.064;1.241;2333
B516DA;2015/02/28 01:18:13;2333;78;28.0;21.5;2.583;1.722;1.132;2.712;0.064;1.222;2334
B516DA;2015/02/28 01:18:23;2334;94;28.7;21.3;2.583;1.699;1.132;2.703;0.064;1.212;2335
B516DA;2015/02/28 01:18:33;2335;78;29.6;21.5;2.774;1.699;1.119;2.703;0.064;1.229;2336
B516DA;2015/02/28 01:18:43;2336;90;27.7;20.8;2.577;1.732;1.119;2.703;0.067;1.229;2337
B516DA;2015/02/28 01:18:53;2337;82;31.2;21.3;2.583;1.732;1.177;2.703;0.067;1.225;2338
B516DA;2015/02/28 01:19:03;2338;92;26.7;21.3;2.567;1.716;1.177;2.719;0.067;1.229;2339
B516DA;2015/02/28 01:19:13;2339;88;26.7;21.7;2.641;1.716;1.138;2.719;0.067;1.232;2340
B516DA;2015/02/28 01:19:23;2340;73;27.7;22.2;2.577;1.696;1.138;2.719;0.135;1.229;2341
B516DA;2015/02/28 01:19:33;2341;86;30.9;21.5;2.661;1.696;1.119;2.719;0.135;1.209;2342
B516DA;2015/02/28 01:19:43;2342;80;26.7;20.6;2.603;1.716;1.119;2.735;0.135;1.251;2343
B516DA;2015/02/28 01:19:53;2343;83;30.6;21.1;2.787;1.716;1.141;2.735;0.135;1.232;2344
B516DA;2015/02/28 01:20:03;2344;77;27.0;21.7;2.574;1.719;1.141;2.735;0.064;1.212;2345
B516DA;2015/02/28 01:20:13;2345;78;26.7;21.0;2.603;1.719;1.122;2.735;0.064;1.264;2346
B516DA;2015/02/28 01:20:23;2346;83;27.4;21.5;2.712;1.722;1.122;2.748;0.064;1.245;2347
B516DA;2015/02/28 01:20:33;2347;75;29.0;21.0;2.593;1.722;1.119;2.748;0.064;1.232;2348
B516DA;2015/02/28 01:20:43;2348;92;28.7;21.0;2.687;1.735;1.119;2.748;0.074;1.241;2349
B516DA;2015/02/28 01:20:53;2349;89;32.9;21.7;2.619;1.735;1.177;2.748;0.074;1.235;2350
B516DA;2015/02/28 01:21:03;2350;79;26.4;21.8;2.587;1.719;1.177;2.706;0.074;1.241;2351
B516DA;2015/02/28 01:21:13;2351;88;26.4;21.0;2.654;1.719;1.125;2.706;0.074;1.225;2352
B516DA;2015/02/28 01:21:23;2352;86;30.3;21.3;2.583;1.719;1.125;2.706;0.070;1.245;2353
B516DA;2015/02/28 01:21:33;2353;87;28.7;21.5;2.709;1.719;1.122;2.706;0.070;1.235;2354
B516DA;2015/02/28 01:21:43;2354;80;27.4;21.7;2.574;1.735;1.122;2.790;0.070;1.241;2355
B516DA;2015/02/28 01:21:53;2355;88;26.7;21.3;2.629;1.735;1.119;2.790;0.070;1.219;2356
B516DA;2015/02/28 01:22:03;2356;92;30.6;20.8;2.709;1.709;1.119;2.790;0.116;1.232;2357
B516DA;2015/02/28 01:22:13;2357;92;29.3;21.3;2.648;1.709;1.122;2.790;0.116;1.232;2358
B516DA;2015/02/28 01:22:23;2358;84;29.6;20.8;2.780;1.696;1.122;2.735;0.116;1.225;2359
B516DA;2015/02/28 01:22:33;2359;87;26.7;21.3;2.587;1.696;1.141;2.735;0.116;1.212;2360
B516DA;2015/02/28 01:22:43;2360;87;33.2;21.3;2.764;1.729;1.141;2.735;0.106;1.225;2361
B516DA;2015/02/28 01:22:53;2361;87;32.5;21.3;2.796;1.729;1.116;2.735;0.106;1.216;2362
B516DA;2015/02/28 01:23:03;2362;91;33.2;21.7;2.674;1.725;1.116;2.716;0.106;1.254;2363
B516DA;2015/02/28 01:23:13;2363;83;32.5;21.5;2.754;1.725;1.145;2.716;0.106;1.212;2364
B516DA;2015/02/28 01:23:23;2364;88;30.9;21.3;2.780;1.738;1.145;2.716;0.074;1.235;2365
B516DA;2015/02/28 01:23:33;2365;85;30.9;20.8;2.590;1.738;1.148;2.716;0.074;1.251;2366
B516DA;2015/02/28 01:23:43;2366;87;30.9;21.7;2.719;1.725;1.148;2.745;0.074;1.212;2367
B516DA;2015/02/28 01:23:53;2367;85;29.3;21.8;2.741;1.725;1.170;2.745;0.074;1.212;2368
B516DA;2015/02/28 01:24:03;2368;91;28.0;21.1;2.774;1.732;1.170;2.745;0.093;1.190;2369
B516DA;2015/02/28 01:24:13;2369;85;30.9;21.3;2.761;1.732;1.148;2.745;0.093;1.196;2370
B516DA;2015/02/28 01:24:23;2370;88;31.9;21.3;2.648;1.741;1.148;2.712;0.093;1.209;2371
B516DA;2015/02/28 01:24:33;2371;86;28.0;21.7;2.741;1.741;1.177;2.712;0.093;1.203;2372
B516DA;2015/02/28 01:24:43;2372;93;26.7;21.3;2.570;1.699;1.177;2.712;0.061;1.225;2373
B516DA;2015/02/28 01:24:53;2373;83;30.6;21.3;2.690;1.699;1.177;2.712;0.061;1.199;2374
B516DA;2015/02/28 01:25:03;2374;93;28.0;20.8;2.629;1.709;1.177;2.758;0.061;1.209;2375
B516DA;2015/02/28 01:25:13;2375;85;33.8;21.3;2.712;1.709;1.177;2.758;0.061;1.219;2376
B516DA;2015/02/28 01:25:23;2376;91;31.9;21.7;2.774;1.719;1.177;2.758;0.064;1.222;2377
B516DA;2015/02/28 01:25:33;2377;83;31.2;21.0;2.667;1.719;1.145;2.758;0.064;1.190;2378
B516DA;2015/02/28 01:25:43;2378;93;30.9;21.5;2.570;1.732;1.145;2.716;0.064;1.212;2379
B516DA;2015/02/28 01:25:53;2379;93;31.6;20.6;2.587;1.732;1.164;2.716;0.064;1.238;2380
B516DA;2015/02/28 01:26:03;2380;85;30.6;21.5;2.732;1.719;1.164;2.716;0.064;1.206;2381
B516DA;2015/02/28 01:26:13;2381;74;26.4;21.3;2.587;1.719;1.174;2.716;0.064;1.229;2382
B516DA;2015/02/28 01:26:23;2382;88;28.7;21.0;2.693;1.741;1.174;2.693;0.064;1.232;2383
B516DA;2015/02/28 01:26:33;2383;83;32.2;20.8;2.574;1.741;1.129;2.693;0.064;1.190;2384
B516DA;2015/02/28 01:26:43;2384;88;30.9;21.1;2.787;1.716;1.129;2.693;0.119;1.183;2385
B516DA;2015/02/28 01:26:53;2385;80;30.6;21.5;2.754;1.716;1.116;2.693;0.119;1.187;2386
B516DA;2015/02/28 01:27:03;2386;86;30.0;21.7;2.787;1.741;1.116;2.664;0.119;1.203;2387
B516DA;2015/02/28 01:27:13;2387;82;27.7;21.3;2.600;1.741;1.177;2.664;0.119;1.187;2388
B516DA;2015/02/28 01:27:23;2388;91;32.5;20.8;2.674;1.732;1.177;2.664;0.064;1.196;2389
B516DA;2015/02/28 01:27:33;2389;83;32.9;21.7;2.748;1.732;1.132;2.664;0.064;1.238;2390
B516DA;2015/02/28 01:27:43;2390;84;26.7;21.1;2.603;1.741;1.132;2.722;0.064;1.235;2391
B516DA;2015/02/28 01:27:53;2391;93;31.6;21.8;2.767;1.741;1.138;2.722;0.064;1.183;2392
B516DA;2015/02/28 01:28:03;2392;88;27.7;21.8;2.583;1.706;1.138;2.722;0.074;1.232;2393
B516DA;2015/02/28 01:28:13;2393;91;28.3;21.5;2.732;1.706;1.135;2.722;0.074;1.199;2394
B516DA;2015/02/28 01:28:23;2394;82;30.9;21.7;2.732;1.722;1.135;2.754;0.074;1.199;2395
B516DA;2015/02/28 01:28:33;2395;81;28.3;21.3;2.577;1.722;1.122;2.754;0.074;1.209;2396
B516DA;2015/02/28 01:28:43;2396;87;26.4;21.8;2.574;1.703;1.122;2.754;0.064;1.229;2397
B516DA;2015/02/28 01:28:53;2397;83;30.6;21.8;2.787;1.703;1.183;2.754;0.064;1.232;2398
B516DA;2015/02/28 01:29:03;2398;77;27.4;21.8;2.606;1.722;1.183;2.738;0.064;1.196;2399
B516DA;2015/02/28 01:29:13;2399;88;31.6;21.5;2.793;1.722;1.141;2.738;0.064;1.222;2400
B516DA;2015/02/28 01:29:23;2400;85;32.9;21.3;2.654;1.699;1.141;2.738;0.064;1.180;2401
B516DA;2015/02/28 01:29:33;2401;82;27.4;21.3;2.593;1.699;1.122;2.738;0.064;1.225;2402
B516DA;2015/02/28 01:29:43;2402;82;29.6;21.0;2.712;1.732;1.122;2.732;0.064;1.193;2403
B516DA;2015/02/28 01:29:53;2403;93;32.2;21.1;2.606;1.732;1.122;2.732;0.064;1.209;2404
B516DA;2015/02/28 01:30:03;2404;86;29.0;21.5;2.583;1.732;1.122;2.732;0.070;1.235;2405
B516DA;2015/02/28 01:30:13;2405;72;26.4;21.1;2.654;1.732;1.135;2.732;0.070;1.222;2406
B516DA;2015/02/28 01:30:23;2406;84;26.4;21.8;2.587;1.719;1.135;2.732;0.070;1.235;2407
B516DA;2015/02/28 01:30:33;2407;81;27.7;21.0;2.606;1.719;1.122;2.732;0.070;1.229;2408
B516DA;2015/02/28 01:30:43;2408;78;31.6;21.3;2.732;1.738;1.122;2.732;0.070;1.193;2409
B516DA;2015/02/28 01:30:53;2409;72;34.1;21.7;2.635;1.738;1.183;2.732;0.070;1.190;2410
B516DA;2015/02/28 01:31:03;2410;93;30.9;21.3;2.680;1.712;1.183;2.754;0.070;1.199;2411
B516DA;2015/02/28 01:31:13;2411;90;26.4;21.0;2.590;1.712;1.135;2.754;0.070;1.199;2412
B516DA;2015/02/28 01:31:23;2412;93;26.7;21.5;2.706;1.745;1.135;2.754;0.064;1.190;2413
B516DA;2015/02/28 01:31:33;2413;85;27.0;21.0;2.600;1.745;1.122;2.754;0.064;1.206;2414
B516DA;2015/02/28 01:31:43;2414;83;31.9;21.1;2.587;1.706;1.122;2.738;0.064;1.219;2415
B516DA;2015/02/28 01:31:53;2415;75;28.0;21.8;2.774;1.706;1.125;2.738;0.064;1.196;2416
B516DA;2015/02/28 01:32:03;2416;78;30.6;21.3;2.580;1.732;1.125;2.738;0.058;1.193;2417
B516DA;2015/02/28 01:32:13;2417;83;30.6;21.1;2.793;1.732;1.129;2.738;0.058;1.219;2418
B516DA;2015/02/28 01:32:23;2418;91;29.3;20.8;2.687;1.735;1.129;2.696;0.058;1.212;2419
B516DA;2015/02/28 01:32:33;2419;81;27.0;21.7;2.667;1.735;1.177;2.696;0.058;1.235;2420
B516DA;2015/02/28 01:32:43;2420;74;32.9;21.0;2.761;1.748;1.177;2.696;0.058;1.216;2421
B516DA;2015/02/28 01:32:53;2421;83;28.7;21.5;2.764;1.748;1.122;2.696;0.058;1.219;2422
B516DA;2015/02/28 01:33:03;2422;92;29.6;21.1;2.787;1.712;1.122;2.741;0.058;1.190;2423
B516DA;2015/02/28 01:33:13;2423;74;26.4;21.3;2.577;1.712;1.187;2.741;0.058;1.193;2424
B516DA;2015/02/28 01:33:23;2424;85;26.4;21.5;2.600;1.729;1.187;2.741;0.074;1.225;2425
B516DA;2015/02/28 01:33:33;2425;82;30.9;21.5;2.793;1.729;1.129;2.741;0.074;1.190;2426
B516DA;2015/02/28 01:33:43;2426;87;32.2;21.5;2.761;1.729;1.129;2.729;0.074;1.199;2427
B516DA;2015/02/28 01:33:53;2427;88;32.9;21.7;2.622;1.729;1.125;2.729;0.074;1.206;2428
B516DA;2015/02/28 01:34:03;2428;83;27.7;21.1;2.767;1.748;1.125;2.729;0.067;1.219;2429
B516DA;2015/02/28 01:34:13;2429;75;32.2;20.6;2.580;1.748;1.161;2.729;0.067;1.232;2430
B516DA;2015/02/28 01:34:23;2430;91;28.7;21.0;2.654;1.735;1.161;2.741;0.067;1.222;2431
B516DA;2015/02/28 01:34:33;2431;81;30.3;21.5;2.780;1.735;1.122;2.741;0.067;1.222;2432
B516DA;2015/02/28 01:34:43;2432;76;30.0;21.3;2.754;1.719;1.122;2.741;0.074;1.235;2433
B516DA;2015/02/28 01:34:53;2433;85;31.6;21.3;2.790;1.719;1.125;2.741;0.074;1.222;2434
B516DA;2015/02/28 01:35:03;2434;82;28.7;21.1;2.667;1.748;1.125;2.754;0.074;1.225;2435
B516DA;2015/02/28 01:35:13;2435;80;26.4;21.0;2.616;1.748;1.135;2.754;0.074;1.232;2436
B516DA;2015/02/28 01:35:23;2436;83;27.0;21.5;2.587;1.706;1.135;2.754;0.087;1.199;2437
B516DA;2015/02/28 01:35:33;2437;85;30.3;20.8;2.590;1.706;1.183;2.754;0.087;1.196;2438
B516DA;2015/02/28 01:35:43;2438;86;33.8;20.8;2.683;1.706;1.183;2.780;0.087;1.251;2439
B516DA;2015/02/28 01:35:53;2439;88;33.5;21.3;2.670;1.706;1.164;2.780;0.087;1.203;2440
B516DA;2015/02/28 01:36:03;2440;84;30.6;21.1;2.738;1.712;1.164;2.780;0.070;1.219;2441
B516DA;2015/02/28 01:36:13;2441;78;28.3;21.5;2.735;1.712;1.148;2.780;0.070;1.199;2442
B516DA;2015/02/28 01:36:23;2442;87;30.6;21.1;2.774;1.729;1.148;2.764;0.070;1.232;2443
B516DA;2015/02/28 01:36:33;2443;92;27.4;21.5;2.790;1.729;1.125;2.764;0.070;1.212;2444
B516DA;2015/02/28 01:36:43;2444;85;27.0;21.3;2.774;1.719;1.125;2.764;0.064;1.177;2445
B516DA;2015/02/28 01:36:53;2445;84;26.1;21.0;2.725;1.719;1.158;2.764;0.064;1.216;2446
B516DA;2015/02/28 01:37:03;2446;85;27.0;21.1;2.600;1.735;1.158;2.767;0.064;1.216;2447
B516DA;2015/02/28 01:37:13;2447;88;31.9;21.3;2.793;1.735;1.138;2.767;0.064;1.212;2448
B516DA;2015/02/28 01:37:23;2448;93;30.0;21.1;2.603;1.706;1.138;2.767;0.064;1.203;2449
B516DA;2015/02/28 01:37:33;2449;88;30.9;21.8;2.590;1.706;1.187;2.767;0.064;1.251;2450
B516DA;2015/02/28 01:37:43;2450;85;31.6;21.7;2.767;1.709;1.187;2.738;0.064;1.235;2451
B516DA;2015/02/28 01:37:53;2451;80;30.6;21.8;2.787;1.709;1.154;2.738;0.064;1.238;2452
B516DA;2015/02/28 01:38:03;2452;77;32.2;21.8;2.793;1.738;1.154;2.738;0.058;1.206;2453
B516DA;2015/02/28 01:38:13;2453;83;31.2;21.5;2.793;1.738;1.129;2.738;0.058;1.199;2454
B516DA;2015/02/28 01:38:23;2454;92;34.5;20.8;2.600;1.709;1.129;2.732;0.058;1.248;2455
B516DA;2015/02/28 01:38:33;2455;84;26.4;21.7;2.667;1.709;1.164;2.732;0.058;1.203;2456
B516DA;2015/02/28 01:38:43;2456;88;31.6;21.3;2.712;1.735;1.164;2.732;0.074;1.251;2457
B516DA;2015/02/28 01:38:53;2457;80;31.2;21.1;2.583;1.735;1.164;2.732;0.074;1.232;2458
B516DA;2015/02/28 01:39:03;2458;85;34.1;20.8;2.603;1.706;1.164;2.741;0.074;1.209;2459
B516DA;2015/02/28 01:39:13;2459;77;28.7;21.5;2.729;1.706;1.177;2.741;0.074;1.199;2460
B516DA;2015/02/28 01:39:23;2460;85;27.0;22.2;2.600;1.729;1.177;2.741;0.106;1.222;2461
B516DA;2015/02/28 01:39:33;2461;82;33.5;21.3;2.687;1.729;1.129;2.741;0.106;1.232;2462
B516DA;2015/02/28 01:39:43;2462;84;33.8;20.8;2.687;1.748;1.129;2.770;0.106;1.219;2463
B516DA;2015/02/28 01:39:53;2463;88;29.6;21.3;2.577;1.748;1.138;2.770;0.106;1.222;2464
B516DA;2015/02/28 01:40:03;2464;87;30.3;21.3;2.703;1.716;1.138;2.770;0.070;1.241;2465
B516DA;2015/02/28 01:40:13;2465;84;28.7;21.5;2.761;1.716;1.129;2.770;0.070;1.206;2466
B516DA;2015/02/28 01:40:23;2466;83;31.9;21.7;2.680;1.712;1.129;2.729;0.070;1.206;2467
B516DA;2015/02/28 01:40:33;2467;86;28.3;21.3;2.622;1.712;1.177;2.729;0.070;1.219;2468
B516DA;2015/02/28 01:40:43;2468;81;30.6;21.5;2.570;1.745;1.177;2.729;0.093;1.264;2469
B516DA;2015/02/28 01:40:53;2469;82;30.3;21.3;2.793;1.745;1.138;2.729;0.093;1.251;2470
B516DA;2015/02/28 01:41:03;2470;79;30.6;21.7;2.712;1.745;1.138;2.758;0.093;1.209;2471
B516DA;2015/02/28 01:41:13;2471;80;28.0;21.8;2.793;1.745;1.129;2.758;0.093;1.212;2472
B516DA;2015/02/28 01:41:23;2472;87;27.0;21.7;2.580;1.748;1.129;2.758;0.080;1.222;2473
B516DA;2015/02/28 01:41:33;2473;91;30.6;22.2;2.729;1.748;1.148;2.758;0.080;1.209;2474
B516DA;2015/02/28 01:41:43;2474;93;28.7;21.0;2.674;1.748;1.148;2.741;0.080;1.206;2475
B516DA;2015/02/28 01:41:53;2475;88;26.4;21.5;2.609;1.748;1.135;2.741;0.080;1.241;2476
B516DA;2015/02/28 01:42:03;2476;93;29.3;21.3;2.793;1.729;1.135;2.741;0.138;1.209;2477
B516DA;2015/02/28 01:42:13;2477;86;30.9;20.6;2.587;1.729;1.125;2.741;0.138;1.241;2478
B516DA;2015/02/28 01:42:23;2478;88;26.7;21.8;2.580;1.712;1.125;2.741;0.138;1.212;2479
B516DA;2015/02/28 01:42:33;2479;83;28.7;21.8;2.735;1.712;1.141;2.741;0.138;1.219;2480
B516DA;2015/02/28 01:42:43;2480;85;31.2;21.7;2.787;1.716;1.141;2.741;0.080;1.245;2481
B516DA;2015/02/28 01:42:53;2481;80;31.6;21.5;2.787;1.716;1.190;2.741;0.080;1.245;2482
B516DA;2015/02/28 01:43:03;2482;89;30.9;21.7;2.725;1.729;1.190;2.780;0.080;1.225;2483
B516DA;2015/02/28 01:43:13;2483;85;30.9;21.0;2.587;1.729;1.187;2.780;0.080;1.229;2484
B516DA;2015/02/28 01:43:23;2484;91;27.7;21.5;2.587;1.754;1.187;2.780;0.070;1.209;2485
B516DA;2015/02/28 01:43:33;2485;78;26.1;21.5;2.616;1.754;1.190;2.780;0.070;1.222;2486
B516DA;2015/02/28 01:43:43;2486;84;31.2;21.1;2.745;1.738;1.190;2.725;0.070;1.206;2487
B516DA;2015/02/28 01:43:53;2487;84;26.1;21.0;2.577;1.738;1.190;2.725;0.070;1.199;2488
B516DA;2015/02/28 01:44:03;2488;84;28.7;20.8;2.699;1.735;1.190;2.725;0.154;1.235;2489
B516DA;2015/02/28 01:44:13;2489;80;30.3;21.3;2.787;1.735;1.158;2.725;0.154;1.241;2490
B516DA;2015/02/28 01:44:23;2490;89;30.9;21.7;2.793;1.719;1.158;2.761;0.154;1.203;2491
B516DA;2015/02/28 01:44:33;2491;78;26.4;21.1;2.780;1.719;1.125;2.761;0.154;1.235;2492
B516DA;2015/02/28 01:44:43;2492;87;30.0;21.7;2.735;1.751;1.125;2.761;0.080;1.241;2493
B516DA;2015/02/28 01:44:53;2493;90;27.4;21.8;2.687;1.751;1.148;2.761;0.080;1.206;2494
B516DA;2015/02/28 01:45:03;2494;93;30.9;21.1;2.654;1.729;1.148;2.722;0.080;1.190;2495
B516DA;2015/02/28 01:45:13;2495;78;28.0;21.7;2.722;1.729;1.138;2.722;0.080;1.209;2496
B516DA;2015/02/28 01:45:23;2496;88;27.7;21.5;2.587;1.712;1.138;2.722;0.077;1.190;2497
B516DA;2015/02/28 01:45:33;2497;89;30.6;21.5;2.774;1.712;1.170;2.722;0.077;1.203;2498
B516DA;2015/02/28 01:45:43;2498;81;31.2;21.5;2.774;1.712;1.170;2.729;0.077;1.222;2499
B516DA;2015/02/28 01:45:53;2499;83;31.6;21.0;2.587;1.712;1.132;2.729;0.077;1.203;2500
B516DA;2015/02/28 01:46:03;2500;83;27.7;21.1;2.748;1.745;1.132;2.729;0.077;1.199;2501
B516DA;2015/02/28 01:46:13;2501;84;29.3;21.8;2.774;1.745;1.164;2.729;0.077;1.193;2502
B516DA;2015/02/28 01:46:23;2502;92;27.4;20.8;2.606;1.754;1.164;2.748;0.077;1.206;2503
B516DA;2015/02/28 01:46:33;2503;85;26.4;21.3;2.590;1.754;1.190;2.748;0.077;1.199;2504
B516DA;2015/02/28 01:46:43;2504;83;26.4;21.8;2.587;1.754;1.190;2.748;0.067;1.232;2505
B516DA;2015/02/28 01:46:53;2505;88;32.2;21.7;2.712;1.754;1.132;2.748;0.067;1.196;2506
B516DA;2015/02/28 01:47:03;2506;90;29.0;21.0;2.767;1.754;1.132;2.738;0.067;1.206;2507
B516DA;2015/02/28 01:47:13;2507;76;28.0;21.3;2.793;1.754;1.132;2.738;0.067;1.196;2508
B516DA;2015/02/28 01:47:23;2508;87;29.0;21.7;2.787;1.732;1.132;2.738;0.125;1.199;2509
B516DA;2015/02/28 01:47:33;2509;88;31.9;21.3;2.774;1.732;1.187;2.738;0.125;1.193;2510
B516DA;2015/02/28 01:47:43;2510;93;32.5;20.8;2.638;1.758;1.187;2.777;0.125;1.216;2511
B516DA;2015/02/28 01:47:53;2511;83;29.0;21.7;2.674;1.758;1.148;2.777;0.125;1.209;2512
B516DA;2015/02/28 01:48:03;2512;76;26.7;21.8;2.570;1.712;1.148;2.777;0.138;1.219;2513
B516DA;2015/02/28 01:48:13;2513;93;29.3;21.3;2.774;1.712;1.193;2.777;0.138;1.190;2514
B516DA;2015/02/28 01:48:23;2514;91;30.3;21.3;2.609;1.741;1.193;2.738;0.138;1.196;2515
B516DA;2015/02/28 01:48:33;2515;87;27.0;21.3;2.596;1.741;1.129;2.738;0.138;1.209;2516
B516DA;2015/02/28 01:48:43;2516;84;30.9;21.7;2.748;1.751;1.129;2.738;0.058;1.212;2517
B516DA;2015/02/28 01:48:53;2517;92;31.9;20.6;2.590;1.751;1.177;2.738;0.058;1.248;2518
B516DA;2015/02/28 01:49:03;2518;84;27.7;21.8;2.609;1.751;1.177;2.783;0.058;1.235;2519
B516DA;2015/02/28 01:49:13;2519;72;27.7;21.1;2.683;1.751;1.145;2.783;0.058;1.232;2520
B516DA;2015/02/28 01:49:23;2520;83;26.4;21.8;2.606;1.712;1.145;2.783;0.196;1.232;2521
B516DA;2015/02/28 01:49:33;2521;83;33.5;21.5;2.690;1.712;1.187;2.783;0.196;1.216;2522
B516DA;2015/02/28 01:49:43;2522;88;30.3;21.3;2.774;1.719;1.187;2.783;0.196;1.248;2523
B516DA;2015/02/28 01:49:53;2523;80;31.6;21.7;2.793;1.719;1.132;2.783;0.196;1.196;2524
B516DA;2015/02/28 01:50:03;2524;87;26.4;21.0;2.580;1.735;1.132;2.783;0.087;1.209;2525
B516DA;2015/02/28 01:50:13;2525;78;29.6;21.5;2.587;1.735;1.158;2.783;0.087;1.241;2526
B516DA;2015/02/28 01:50:23;2526;85;26.4;21.8;2.583;1.732;1.158;2.761;0.087;1.206;2527
B516DA;2015/02/28 01:50:33;2527;84;30.0;21.5;2.574;1.732;1.193;2.761;0.087;1.219;2528
B516DA;2015/02/28 01:50:43;2528;84;31.6;21.7;2.661;1.712;1.193;2.761;0.112;1.251;2529
B516DA;2015/02/28 01:50:53;2529;88;30.9;21.1;2.590;1.712;1.141;2.761;0.112;1.229;2530
B516DA;2015/02/28 01:51:03;2530;81;30.6;21.5;2.600;1.712;1.141;2.774;0.112;1.216;2531
B516DA;2015/02/28 01:51:13;2531;83;30.9;21.3;2.793;1.712;1.183;2.774;0.112;1.225;2532
B516DA;2015/02/28 01:51:23;2532;78;31.9;21.7;2.687;1.712;1.183;2.774;0.145;1.235;2533
B516DA;2015/02/28 01:51:33;2533;82;30.9;21.3;2.780;1.712;1.187;2.774;0.145;1.238;2534
B516DA;2015/02/28 01:51:43;2534;93;30.6;21.0;2.719;1.712;1.187;2.790;0.145;1.241;2535
B516DA;2015/02/28 01:51:53;2535;84;27.4;21.3;2.606;1.712;1.193;2.790;0.145;1.225;2536
B516DA;2015/02/28 01:52:03;2536;83;26.7;21.5;2.587;1.738;1.193;2.790;0.099;1.248;2537
B516DA;2015/02/28 01:52:13;2537;91;31.6;21.3;2.764;1.738;1.190;2.790;0.099;1.277;2538
B516DA;2015/02/28 01:52:23;2538;80;29.6;20.6;2.699;1.729;1.190;2.793;0.099;1.258;2539
B516DA;2015/02/28 01:52:33;2539;83;32.9;21.8;2.587;1.729;1.141;2.793;0.099;1.248;2540
B516DA;2015/02/28 01:52:43;2540;82;29.0;21.1;2.574;1.751;1.141;2.793;0.070;1.232;2541
B516DA;2015/02/28 01:52:53;2541;82;31.9;21.1;2.587;1.751;1.183;2.793;0.070;1.206;2542
B516DA;2015/02/28 01:53:03;2542;89;30.6;21.1;2.725;1.716;1.183;2.767;0.070;1.222;2543
B516DA;2015/02/28 01:53:13;2543;76;30.3;20.6;2.590;1.716;1.129;2.767;0.070;1.209;2544
B516DA;2015/02/28 01:53:23;2544;80;26.4;21.5;2.687;1.754;1.129;2.767;0.077;1.225;2545
B516DA;2015/02/28 01:53:33;2545;79;26.7;21.7;2.600;1.754;1.151;2.767;0.077;1.241;2546
B516DA;2015/02/28 01:53:43;2546;86;29.6;21.3;2.767;1.754;1.151;2.751;0.077;1.209;2547
B516DA;2015/02/28 01:53:53;2547;84;29.3;21.5;2.583;1.754;1.158;2.751;0.077;1.216;2548
B516DA;2015/02/28 01:54:03;2548;93;30.3;21.0;2.587;1.738;1.158;2.751;0.077;1.241;2549
B516DA;2015/02/28 01:54:13;2549;89;28.3;21.0;2.693;1.738;1.145;2.751;0.077;1.199;2550
B516DA;2015/02/28 01:54:23;2550;88;28.3;21.3;2.793;1.716;1.145;2.780;0.077;1.241;2551
B516DA;2015/02/28 01:54:33;2551;93;27.7;21.1;2.606;1.716;1.132;2.780;0.077;1.206;2552
B516DA;2015/02/28 01:54:43;2552;87;28.7;21.0;2.699;1.738;1.132;2.780;0.070;1.209;2553
B516DA;2015/02/28 01:54:53;2553;77;30.6;21.7;2.690;1.738;1.145;2.780;0.070;1.222;2554
B516DA;2015/02/28 01:55:03;2554;84;26.4;21.5;2.587;1.745;1.145;2.777;0.070;1.209;2555
B516DA;2015/02/28 01:55:13;2555;87;26.4;21.1;2.619;1.745;1.174;2.777;0.070;1.203;2556
B516DA;2015/02/28 01:55:23;2556;91;28.7;20.8;2.648;1.719;1.174;2.777;0.080;1.206;2557
B516DA;2015/02/28 01:55:33;2557;85;28.0;21.5;2.783;1.719;1.177;2.777;0.080;1.229;2558
B516DA;2015/02/28 01:55:43;2558;85;26.4;21.8;2.590;1.745;1.177;2.751;0.080;1.190;2559
B516DA;2015/02/28 01:55:53;2559;90;29.3;21.7;2.774;1.745;1.135;2.751;0.080;1.212;2560
B516DA;2015/02/28 01:56:03;2560;88;27.7;21.7;2.799;1.761;1.135;2.751;0.070;1.199;2561
B516DA;2015/02/28 01:56:13;2561;85;30.9;21.5;2.796;1.761;1.135;2.751;0.070;1.232;2562
B516DA;2015/02/28 01:56:23;2562;83;26.1;21.5;2.587;1.735;1.135;2.712;0.070;1.229;2563
B516DA;2015/02/28 01:56:33;2563;87;29.6;21.5;2.758;1.735;1.183;2.712;0.070;1.199;2564
B516DA;2015/02/28 01:56:43;2564;83;28.0;21.1;2.574;1.725;1.183;2.712;0.077;1.193;2565
B516DA;2015/02/28 01:56:53;2565;86;32.9;21.8;2.609;1.725;1.151;2.712;0.077;1.199;2566
B516DA;2015/02/28 01:57:03;2566;85;26.4;21.5;2.587;1.741;1.151;2.741;0.077;1.206;2567
B516DA;2015/02/28 01:57:13;2567;79;29.3;21.1;2.754;1.741;1.167;2.741;0.077;1.180;2568
B516DA;2015/02/28 01:57:23;2568;87;29.0;21.7;2.687;1.738;1.167;2.741;0.093;1.229;2569
B516DA;2015/02/28 01:57:33;2569;85;29.3;21.3;2.680;1.738;1.145;2.741;0.093;1.206;2570
B516DA;2015/02/28 01:57:43;2570;77;27.7;20.8;2.635;1.738;1.145;2.764;0.093;1.190;2571
B516DA;2015/02/28 01:57:53;2571;79;28.7;21.5;2.722;1.738;1.158;2.764;0.093;1.222;2572
B516DA;2015/02/28 01:58:03;2572;88;30.6;21.1;2.735;1.754;1.158;2.764;0.093;1.180;2573
B516DA;2015/02/28 01:58:13;2573;80;32.2;20.8;2.577;1.754;1.154;2.764;0.093;1.183;2574
B516DA;2015/02/28 01:58:23;2574;85;26.4;21.5;2.587;1.735;1.154;2.770;0.093;1.222;2575
B516DA;2015/02/28 01:58:33;2575;84;26.7;21.1;2.648;1.735;1.183;2.770;0.093;1.232;2576
B516DA;2015/02/28 01:58:43;2576;87;27.7;21.5;2.648;1.751;1.183;2.770;0.164;1.216;2577
B516DA;2015/02/28 01:58:53;2577;86;28.0;21.1;2.780;1.751;1.164;2.770;0.164;1.190;2578
B516DA;2015/02/28 01:59:03;2578;86;28.7;20.8;2.661;1.725;1.164;2.725;0.164;1.177;2579
B516DA;2015/02/28 01:59:13;2579;89;26.1;21.7;2.590;1.725;1.145;2.725;0.164;1.180;2580
B516DA;2015/02/28 01:59:23;2580;91;31.9;21.5;2.622;1.754;1.145;2.725;0.119;1.187;2581
B516DA;2015/02/28 01:59:33;2581;83;26.4;21.5;2.616;1.754;1.148;2.725;0.119;1.180;2582
B516DA;2015/02/28 01:59:43;2582;92;28.7;20.8;2.661;1.719;1.148;2.751;0.119;1.190;2583
B516DA;2015/02/28 01:59:53;2583;78;30.0;21.5;2.670;1.719;1.151;2.751;0.119;1.219;2584
B516DA;2015/02/28 02:00:03;2584;89;27.4;21.3;2.658;1.745;1.151;2.751;0.077;1.190;2585
