B516DA;2015/02/26 00:00:06;12898;92;28.0;25.1;2.670;1.912;1.283;0.000;0.132;1.364;12899
B516DA;2015/02/26 00:00:16;12899;88;32.9;25.5;2.754;1.912;1.283;0.000;0.132;1.348;12900
B516DA;2015/02/26 00:00:26;12900;86;29.0;25.5;2.699;1.919;1.283;0.000;0.129;1.341;12901
B516DA;2015/02/26 00:00:36;12901;83;30.9;25.5;2.748;1.919;1.316;0.000;0.129;1.377;12902
B516DA;2015/02/26 00:00:46;12902;92;30.9;25.8;2.545;1.954;1.316;0.000;0.129;1.338;12903
B516DA;2015/02/26 00:00:56;12903;87;27.0;25.8;2.564;1.954;1.254;0.000;0.129;1.329;12904
B516DA;2015/02/26 00:01:06;12904;77;28.0;25.3;2.577;1.938;1.254;0.000;0.164;1.361;12905
B516DA;2015/02/26 00:01:16;12905;86;27.4;25.5;2.551;1.938;1.322;0.000;0.164;1.338;12906
B516DA;2015/02/26 00:01:26;12906;86;27.4;25.7;2.587;1.958;1.322;0.000;0.164;1.370;12907
B516DA;2015/02/26 00:01:36;12907;83;28.7;25.7;2.616;1.958;1.274;0.000;0.164;1.316;12908
B516DA;2015/02/26 00:01:46;12908;82;29.6;25.5;2.616;1.925;1.274;0.000;0.125;1.351;12909
B516DA;2015/02/26 00:01:56;12909;84;33.5;25.5;2.754;1.925;1.264;0.000;0.125;1.345;12910
B516DA;2015/02/26 00:02:06;12910;77;31.9;25.1;2.674;1.932;1.264;0.000;0.125;1.380;12911
B516DA;2015/02/26 00:02:16;12911;77;31.9;25.3;2.538;1.932;1.300;0.000;0.125;1.335;12912
B516DA;2015/02/26 00:02:26;12912;81;29.3;25.0;2.641;1.954;1.300;0.000;0.122;1.338;12913
B516DA;2015/02/26 00:02:36;12913;91;32.5;25.7;2.629;1.954;1.290;0.000;0.122;1.319;12914
B516DA;2015/02/26 00:02:46;12914;93;30.6;25.3;2.748;1.935;1.290;0.000;0.122;1.354;12915
B516DA;2015/02/26 00:02:56;12915;90;34.8;26.0;2.748;1.935;1.290;0.000;0.122;1.383;12916
B516DA;2015/02/26 00:03:06;12916;80;32.2;25.3;2.687;1.916;1.290;0.000;0.122;1.393;12917
B516DA;2015/02/26 00:03:16;12917;84;31.6;26.0;2.754;1.916;1.319;0.000;0.122;1.351;12918
B516DA;2015/02/26 00:03:26;12918;88;29.0;25.7;2.570;1.958;1.319;0.006;0.122;1.351;12919
B516DA;2015/02/26 00:03:36;12919;83;27.4;25.5;2.677;1.958;1.270;0.006;0.122;1.351;12920
B516DA;2015/02/26 00:03:46;12920;82;34.5;25.7;2.616;1.929;1.270;0.006;0.132;1.370;12921
B516DA;2015/02/26 00:03:56;12921;84;32.2;25.7;2.738;1.929;1.264;0.006;0.132;1.361;12922
B516DA;2015/02/26 00:04:06;12922;92;32.9;25.7;2.748;1.929;1.264;0.000;0.132;1.387;12923
B516DA;2015/02/26 00:04:16;12923;76;32.2;25.1;2.535;1.929;1.303;0.000;0.132;1.358;12924
B516DA;2015/02/26 00:04:26;12924;88;28.0;25.3;2.641;1.916;1.303;0.000;0.129;1.354;12925
B516DA;2015/02/26 00:04:36;12925;77;32.2;25.3;2.754;1.916;1.261;0.000;0.129;1.329;12926
B516DA;2015/02/26 00:04:46;12926;88;29.3;26.0;2.561;1.945;1.261;0.000;0.129;1.345;12927
B516DA;2015/02/26 00:04:56;12927;84;30.0;25.7;2.548;1.945;1.270;0.000;0.129;1.374;12928
B516DA;2015/02/26 00:05:06;12928;76;28.3;25.5;2.541;1.929;1.270;0.000;0.190;1.345;12929
B516DA;2015/02/26 00:05:16;12929;90;29.3;25.5;2.635;1.929;1.319;0.000;0.190;1.345;12930
B516DA;2015/02/26 00:05:26;12930;89;31.2;25.0;2.732;1.916;1.319;0.000;0.190;1.380;12931
B516DA;2015/02/26 00:05:36;12931;85;30.6;25.7;2.696;1.916;1.319;0.000;0.190;1.338;12932
B516DA;2015/02/26 00:05:46;12932;78;30.9;25.3;2.658;1.932;1.319;0.000;0.196;1.329;12933
B516DA;2015/02/26 00:05:56;12933;84;30.0;25.5;2.661;1.932;1.261;0.000;0.196;1.351;12934
B516DA;2015/02/26 00:06:06;12934;90;31.9;25.1;2.732;1.961;1.261;0.000;0.196;1.370;12935
B516DA;2015/02/26 00:06:16;12935;76;29.6;25.5;2.616;1.961;1.261;0.000;0.196;1.316;12936
B516DA;2015/02/26 00:06:26;12936;87;31.9;25.0;2.661;1.919;1.261;0.000;0.132;1.329;12937
B516DA;2015/02/26 00:06:36;12937;83;33.5;25.1;2.645;1.919;1.261;0.000;0.132;1.316;12938
B516DA;2015/02/26 00:06:46;12938;91;33.5;24.8;2.667;1.961;1.261;0.000;0.132;1.351;12939
B516DA;2015/02/26 00:06:56;12939;77;30.6;25.7;2.699;1.961;1.309;0.000;0.132;1.335;12940
B516DA;2015/02/26 00:07:06;12940;84;29.0;25.3;2.687;1.938;1.309;0.000;0.122;1.390;12941
B516DA;2015/02/26 00:07:16;12941;84;27.7;25.5;2.577;1.938;1.280;0.000;0.122;1.351;12942
B516DA;2015/02/26 00:07:26;12942;88;30.6;24.8;2.558;1.929;1.280;0.009;0.122;1.348;12943
B516DA;2015/02/26 00:07:36;12943;91;32.9;25.7;2.683;1.929;1.258;0.009;0.122;1.341;12944
B516DA;2015/02/26 00:07:46;12944;85;29.6;25.3;2.693;1.958;1.258;0.009;0.138;1.377;12945
B516DA;2015/02/26 00:07:56;12945;86;28.0;25.7;2.754;1.958;1.261;0.009;0.138;1.348;12946
B516DA;2015/02/26 00:08:06;12946;91;34.5;25.1;2.574;1.919;1.261;0.000;0.138;1.383;12947
B516DA;2015/02/26 00:08:16;12947;85;27.0;25.5;2.645;1.919;1.319;0.000;0.138;1.370;12948
B516DA;2015/02/26 00:08:26;12948;91;27.7;25.3;2.529;1.938;1.319;0.000;0.170;1.361;12949
B516DA;2015/02/26 00:08:36;12949;85;32.5;25.7;2.641;1.938;1.283;0.000;0.170;1.341;12950
B516DA;2015/02/26 00:08:46;12950;78;32.2;25.5;2.732;1.929;1.283;0.000;0.170;1.361;12951
B516DA;2015/02/26 00:08:56;12951;85;31.2;25.3;2.690;1.929;1.300;0.000;0.170;1.325;12952
B516DA;2015/02/26 00:09:06;12952;83;31.6;25.3;2.551;1.945;1.300;0.000;0.122;1.345;12953
B516DA;2015/02/26 00:09:16;12953;84;29.3;25.7;2.645;1.945;1.270;0.000;0.122;1.370;12954
B516DA;2015/02/26 00:09:26;12954;83;33.8;25.1;2.590;1.958;1.270;0.000;0.122;1.345;12955
B516DA;2015/02/26 00:09:36;12955;85;31.9;25.7;2.732;1.958;1.300;0.000;0.122;1.364;12956
B516DA;2015/02/26 00:09:46;12956;80;30.9;25.5;2.541;1.951;1.300;0.000;0.154;1.335;12957
B516DA;2015/02/26 00:09:56;12957;83;29.0;25.1;2.606;1.951;1.264;0.000;0.154;1.335;12958
B516DA;2015/02/26 00:10:06;12958;73;29.3;24.8;2.541;1.958;1.264;0.000;0.154;1.338;12959
B516DA;2015/02/26 00:10:16;12959;78;32.5;25.7;2.748;1.958;1.267;0.000;0.154;1.341;12960
B516DA;2015/02/26 00:10:26;12960;88;27.0;25.8;2.574;1.954;1.267;0.000;0.125;1.390;12961
B516DA;2015/02/26 00:10:36;12961;89;28.7;25.3;2.645;1.954;1.325;0.000;0.125;1.348;12962
B516DA;2015/02/26 00:10:46;12962;84;27.4;25.3;2.603;1.919;1.325;0.000;0.125;1.312;12963
B516DA;2015/02/26 00:10:56;12963;90;28.7;25.8;2.716;1.919;1.264;0.000;0.125;1.354;12964
B516DA;2015/02/26 00:11:06;12964;84;29.0;25.8;2.674;1.961;1.264;0.000;0.135;1.325;12965
B516DA;2015/02/26 00:11:16;12965;80;33.5;25.7;2.732;1.961;1.322;0.000;0.135;1.319;12966
B516DA;2015/02/26 00:11:26;12966;83;28.7;24.8;2.558;1.958;1.322;0.000;0.135;1.338;12967
B516DA;2015/02/26 00:11:36;12967;88;31.9;25.0;2.716;1.958;1.261;0.000;0.135;1.380;12968
B516DA;2015/02/26 00:11:46;12968;93;32.2;25.5;2.754;1.951;1.261;0.000;0.135;1.325;12969
B516DA;2015/02/26 00:11:56;12969;85;28.7;25.8;2.616;1.951;1.261;0.000;0.135;1.335;12970
B516DA;2015/02/26 00:12:06;12970;86;28.3;25.3;2.535;1.948;1.261;0.000;0.135;1.332;12971
B516DA;2015/02/26 00:12:16;12971;75;34.8;25.3;2.703;1.948;1.274;0.000;0.135;1.338;12972
B516DA;2015/02/26 00:12:26;12972;80;28.7;25.8;2.564;1.961;1.274;0.000;0.216;1.377;12973
B516DA;2015/02/26 00:12:36;12973;89;31.6;25.1;2.548;1.961;1.264;0.000;0.216;1.370;12974
B516DA;2015/02/26 00:12:46;12974;91;30.6;24.8;2.551;1.945;1.264;0.000;0.216;1.345;12975
B516DA;2015/02/26 00:12:56;12975;75;30.0;25.3;2.703;1.945;1.261;0.000;0.216;1.358;12976
B516DA;2015/02/26 00:13:06;12976;88;30.6;25.0;2.748;1.945;1.261;0.000;0.158;1.374;12977
B516DA;2015/02/26 00:13:16;12977;86;29.3;25.3;2.661;1.945;1.306;0.000;0.158;1.374;12978
B516DA;2015/02/26 00:13:26;12978;80;31.9;25.8;2.545;1.919;1.306;0.000;0.158;1.364;12979
B516DA;2015/02/26 00:13:36;12979;87;27.4;25.1;2.648;1.919;1.267;0.000;0.158;1.364;12980
B516DA;2015/02/26 00:13:46;12980;84;28.3;25.3;2.570;1.961;1.267;0.000;0.135;1.380;12981
B516DA;2015/02/26 00:13:56;12981;78;30.9;26.0;2.758;1.961;1.290;0.000;0.135;1.358;12982
B516DA;2015/02/26 00:14:06;12982;88;29.0;25.0;2.712;1.929;1.290;0.000;0.135;1.351;12983
B516DA;2015/02/26 00:14:16;12983;91;31.9;26.0;2.722;1.929;1.264;0.000;0.135;1.374;12984
B516DA;2015/02/26 00:14:26;12984;84;27.4;26.0;2.545;1.929;1.264;0.000;0.135;1.364;12985
B516DA;2015/02/26 00:14:36;12985;84;27.0;25.1;2.558;1.929;1.316;0.000;0.135;1.361;12986
B516DA;2015/02/26 00:14:46;12986;93;30.0;25.5;2.732;1.948;1.316;0.000;0.135;1.377;12987
B516DA;2015/02/26 00:14:56;12987;87;33.8;25.5;2.754;1.948;1.264;0.000;0.135;1.374;12988
B516DA;2015/02/26 00:15:06;12988;76;27.4;25.8;2.554;1.929;1.264;0.000;0.164;1.377;12989
B516DA;2015/02/26 00:15:16;12989;88;32.2;25.8;2.748;1.929;1.280;0.000;0.164;1.348;12990
B516DA;2015/02/26 00:15:26;12990;85;32.2;25.5;2.687;1.954;1.280;0.000;0.164;1.380;12991
B516DA;2015/02/26 00:15:36;12991;88;28.7;25.3;2.622;1.954;1.264;0.000;0.164;1.393;12992
B516DA;2015/02/26 00:15:46;12992;92;27.4;25.5;2.583;1.922;1.264;0.000;0.158;1.399;12993
B516DA;2015/02/26 00:15:56;12993;84;30.6;26.0;2.758;1.922;1.267;0.000;0.158;1.335;12994
B516DA;2015/02/26 00:16:06;12994;81;27.0;25.7;2.545;1.922;1.267;0.006;0.158;1.338;12995
B516DA;2015/02/26 00:16:16;12995;83;27.0;25.3;2.570;1.922;1.296;0.006;0.158;1.351;12996
B516DA;2015/02/26 00:16:26;12996;87;28.7;25.7;2.564;1.961;1.296;0.006;0.129;1.374;12997
B516DA;2015/02/26 00:16:36;12997;84;28.7;25.3;2.629;1.961;1.322;0.006;0.129;1.364;12998
B516DA;2015/02/26 00:16:46;12998;90;29.6;25.1;2.622;1.964;1.322;0.000;0.129;1.374;12999
B516DA;2015/02/26 00:16:56;12999;88;31.6;25.0;2.551;1.964;1.264;0.000;0.129;1.396;13000
B516DA;2015/02/26 00:17:06;13000;91;31.9;25.5;2.716;1.935;1.264;0.000;0.145;1.348;13001
B516DA;2015/02/26 00:17:16;13001;85;30.3;25.1;2.570;1.935;1.264;0.000;0.145;1.380;13002
B516DA;2015/02/26 00:17:26;13002;88;32.5;25.1;2.622;1.961;1.264;0.009;0.145;1.403;13003
B516DA;2015/02/26 00:17:36;13003;85;34.8;25.8;2.758;1.961;1.267;0.009;0.145;1.361;13004
B516DA;2015/02/26 00:17:46;13004;91;32.5;25.7;2.741;1.958;1.267;0.009;0.141;1.370;13005
B516DA;2015/02/26 00:17:56;13005;77;34.8;26.0;2.722;1.958;1.267;0.009;0.141;1.380;13006
B516DA;2015/02/26 00:18:06;13006;86;31.6;25.7;2.541;1.922;1.267;0.003;0.141;1.383;13007
B516DA;2015/02/26 00:18:16;13007;90;31.6;25.0;2.545;1.922;1.270;0.003;0.141;1.338;13008
B516DA;2015/02/26 00:18:26;13008;85;30.3;25.1;2.635;1.964;1.270;0.003;0.135;1.351;13009
B516DA;2015/02/26 00:18:36;13009;87;33.2;25.3;2.729;1.964;1.329;0.003;0.135;1.396;13010
B516DA;2015/02/26 00:18:46;13010;74;32.5;25.1;2.632;1.964;1.329;0.041;0.135;1.380;13011
B516DA;2015/02/26 00:18:56;13011;84;29.3;25.3;2.551;1.964;1.316;0.041;0.135;1.354;13012
B516DA;2015/02/26 00:19:06;13012;83;32.2;25.8;2.748;1.925;1.316;0.041;0.132;1.399;13013
B516DA;2015/02/26 00:19:16;13013;83;29.3;25.5;2.641;1.925;1.329;0.041;0.132;1.351;13014
B516DA;2015/02/26 00:19:26;13014;83;30.3;24.6;2.622;1.964;1.329;0.000;0.132;1.358;13015
B516DA;2015/02/26 00:19:36;13015;83;28.7;25.3;2.648;1.964;1.270;0.000;0.132;1.348;13016
B516DA;2015/02/26 00:19:46;13016;86;29.0;25.3;2.567;1.958;1.270;0.000;0.122;1.348;13017
B516DA;2015/02/26 00:19:56;13017;75;30.6;25.7;2.674;1.958;1.329;0.000;0.122;1.370;13018
B516DA;2015/02/26 00:20:06;13018;87;29.3;24.4;2.541;1.941;1.329;0.000;0.122;1.387;13019
B516DA;2015/02/26 00:20:16;13019;84;33.2;25.3;2.748;1.941;1.316;0.000;0.122;1.393;13020
B516DA;2015/02/26 00:20:26;13020;89;29.0;25.1;2.741;1.948;1.316;0.000;0.180;1.412;13021
B516DA;2015/02/26 00:20:36;13021;90;32.9;25.1;2.658;1.948;1.267;0.000;0.180;1.370;13022
B516DA;2015/02/26 00:20:46;13022;79;32.5;24.6;2.574;1.951;1.267;0.000;0.180;1.354;13023
B516DA;2015/02/26 00:20:56;13023;75;28.7;25.7;2.651;1.951;1.267;0.000;0.180;1.354;13024
B516DA;2015/02/26 00:21:06;13024;86;31.9;25.3;2.532;1.945;1.267;0.000;0.141;1.393;13025
B516DA;2015/02/26 00:21:16;13025;84;31.9;25.0;2.545;1.945;1.287;0.000;0.141;1.377;13026
B516DA;2015/02/26 00:21:26;13026;92;30.6;25.1;2.645;1.932;1.287;0.009;0.141;1.358;13027
B516DA;2015/02/26 00:21:36;13027;76;28.3;25.8;2.735;1.932;1.287;0.009;0.141;1.348;13028
B516DA;2015/02/26 00:21:46;13028;92;31.9;25.3;2.748;1.964;1.287;0.009;0.170;1.396;13029
B516DA;2015/02/26 00:21:56;13029;89;30.0;25.8;2.570;1.964;1.267;0.009;0.170;1.351;13030
B516DA;2015/02/26 00:22:06;13030;79;26.7;25.7;2.561;1.945;1.267;0.000;0.170;1.361;13031
B516DA;2015/02/26 00:22:16;13031;87;34.1;25.8;2.735;1.945;1.270;0.000;0.170;1.358;13032
B516DA;2015/02/26 00:22:26;13032;92;33.2;25.5;2.709;1.967;1.270;0.000;0.135;1.361;13033
B516DA;2015/02/26 00:22:36;13033;84;30.0;25.7;2.754;1.967;1.287;0.000;0.135;1.348;13034
B516DA;2015/02/26 00:22:46;13034;85;30.9;25.5;2.738;1.954;1.287;0.000;0.135;1.387;13035
B516DA;2015/02/26 00:22:56;13035;90;31.9;25.3;2.758;1.954;1.270;0.000;0.135;1.338;13036
B516DA;2015/02/26 00:23:06;13036;80;30.0;26.2;2.554;1.967;1.270;0.000;0.129;1.341;13037
B516DA;2015/02/26 00:23:16;13037;85;28.7;25.8;2.722;1.967;1.270;0.000;0.129;1.354;13038
B516DA;2015/02/26 00:23:26;13038;85;29.0;25.7;2.674;1.967;1.270;0.000;0.129;1.370;13039
B516DA;2015/02/26 00:23:36;13039;92;31.6;26.2;2.729;1.967;1.335;0.000;0.129;1.377;13040
B516DA;2015/02/26 00:23:46;13040;89;29.3;25.7;2.574;1.954;1.335;0.000;0.154;1.335;13041
B516DA;2015/02/26 00:23:56;13041;74;27.7;25.3;2.551;1.954;1.325;0.000;0.154;1.348;13042
B516DA;2015/02/26 00:24:06;13042;88;30.9;25.5;2.748;1.967;1.325;0.000;0.154;1.377;13043
B516DA;2015/02/26 00:24:16;13043;90;31.6;25.7;2.729;1.967;1.274;0.000;0.154;1.348;13044
B516DA;2015/02/26 00:24:26;13044;88;30.0;25.7;2.538;1.935;1.274;0.000;0.141;1.348;13045
B516DA;2015/02/26 00:24:36;13045;82;31.9;25.7;2.741;1.935;1.270;0.000;0.141;1.335;13046
B516DA;2015/02/26 00:24:46;13046;85;33.2;25.5;2.674;1.935;1.270;0.000;0.141;1.387;13047
B516DA;2015/02/26 00:24:56;13047;92;34.1;25.3;2.748;1.935;1.325;0.000;0.141;1.364;13048
B516DA;2015/02/26 00:25:06;13048;86;27.7;26.0;2.548;1.948;1.325;0.000;0.216;1.364;13049
B516DA;2015/02/26 00:25:16;13049;90;32.2;25.1;2.545;1.948;1.319;0.000;0.216;1.387;13050
B516DA;2015/02/26 00:25:26;13050;87;30.3;25.3;2.541;1.932;1.319;0.000;0.216;1.338;13051
B516DA;2015/02/26 00:25:36;13051;86;27.4;25.1;2.570;1.932;1.270;0.000;0.216;1.338;13052
B516DA;2015/02/26 00:25:46;13052;78;27.7;26.0;2.635;1.967;1.270;0.000;0.129;1.358;13053
B516DA;2015/02/26 00:25:56;13053;73;29.0;25.5;2.635;1.967;1.319;0.000;0.129;1.354;13054
B516DA;2015/02/26 00:26:06;13054;84;32.9;24.8;2.590;1.935;1.319;0.000;0.129;1.377;13055
B516DA;2015/02/26 00:26:16;13055;78;28.7;25.3;2.709;1.935;1.267;0.000;0.129;1.361;13056
B516DA;2015/02/26 00:26:26;13056;84;31.6;25.8;2.748;1.958;1.267;0.000;0.170;1.332;13057
B516DA;2015/02/26 00:26:36;13057;87;27.4;25.3;2.641;1.958;1.329;0.000;0.170;1.335;13058
B516DA;2015/02/26 00:26:46;13058;83;28.7;25.8;2.667;1.938;1.329;0.000;0.170;1.377;13059
B516DA;2015/02/26 00:26:56;13059;91;27.7;25.1;2.561;1.938;1.338;0.000;0.170;1.335;13060
B516DA;2015/02/26 00:27:06;13060;87;30.0;25.1;2.729;1.958;1.338;0.000;0.132;1.383;13061
B516DA;2015/02/26 00:27:16;13061;81;27.4;25.1;2.645;1.958;1.277;0.000;0.132;1.341;13062
B516DA;2015/02/26 00:27:26;13062;88;32.5;24.6;2.564;1.929;1.277;0.000;0.132;1.361;13063
B516DA;2015/02/26 00:27:36;13063;88;27.0;25.1;2.564;1.929;1.270;0.000;0.132;1.370;13064
B516DA;2015/02/26 00:27:46;13064;87;29.0;25.1;2.693;1.961;1.270;0.000;0.190;1.383;13065
B516DA;2015/02/26 00:27:56;13065;78;32.2;25.3;2.538;1.961;1.332;0.000;0.190;1.367;13066
B516DA;2015/02/26 00:28:06;13066;92;28.0;25.3;2.748;1.948;1.332;0.000;0.190;1.319;13067
B516DA;2015/02/26 00:28:16;13067;80;27.0;25.5;2.645;1.948;1.274;0.000;0.190;1.338;13068
B516DA;2015/02/26 00:28:26;13068;87;29.3;25.1;2.606;1.964;1.274;0.000;0.122;1.354;13069
B516DA;2015/02/26 00:28:36;13069;86;29.3;25.7;2.635;1.964;1.303;0.000;0.122;1.348;13070
B516DA;2015/02/26 00:28:46;13070;93;27.0;26.0;2.574;1.929;1.303;0.006;0.122;1.348;13071
B516DA;2015/02/26 00:28:56;13071;80;28.3;25.5;2.603;1.929;1.290;0.006;0.122;1.367;13072
B516DA;2015/02/26 00:29:06;13072;86;27.0;26.3;2.545;1.964;1.290;0.006;0.138;1.364;13073
B516DA;2015/02/26 00:29:16;13073;86;32.2;25.5;2.554;1.964;1.329;0.006;0.138;1.348;13074
B516DA;2015/02/26 00:29:26;13074;78;30.0;26.2;2.716;1.951;1.329;0.000;0.138;1.354;13075
B516DA;2015/02/26 00:29:36;13075;73;27.0;25.8;2.564;1.951;1.312;0.000;0.138;1.345;13076
B516DA;2015/02/26 00:29:46;13076;91;29.0;25.8;2.674;1.970;1.312;0.000;0.138;1.329;13077
B516DA;2015/02/26 00:29:56;13077;80;30.0;25.5;2.545;1.970;1.270;0.000;0.138;1.370;13078
B516DA;2015/02/26 00:30:06;13078;90;27.4;25.8;2.551;1.941;1.270;0.000;0.138;1.364;13079
B516DA;2015/02/26 00:30:16;13079;87;30.0;26.2;2.758;1.941;1.274;0.000;0.138;1.377;13080
B516DA;2015/02/26 00:30:26;13080;88;33.8;25.5;2.632;1.945;1.274;0.000;0.141;1.348;13081
B516DA;2015/02/26 00:30:36;13081;81;32.5;26.0;2.722;1.945;1.335;0.000;0.141;1.338;13082
B516DA;2015/02/26 00:30:46;13082;75;29.3;25.5;2.600;1.951;1.335;0.000;0.141;1.370;13083
B516DA;2015/02/26 00:30:56;13083;87;27.0;25.7;2.564;1.951;1.332;0.000;0.141;1.358;13084
B516DA;2015/02/26 00:31:06;13084;88;27.7;26.0;2.558;1.935;1.332;0.000;0.199;1.364;13085
B516DA;2015/02/26 00:31:16;13085;80;28.7;26.0;2.654;1.935;1.287;0.000;0.199;1.341;13086
B516DA;2015/02/26 00:31:26;13086;93;28.7;26.0;2.674;1.967;1.287;0.000;0.199;1.364;13087
B516DA;2015/02/26 00:31:36;13087;84;28.3;26.0;2.648;1.967;1.303;0.000;0.199;1.338;13088
B516DA;2015/02/26 00:31:46;13088;87;33.8;25.5;2.667;1.935;1.303;0.000;0.141;1.332;13089
B516DA;2015/02/26 00:31:56;13089;83;28.0;26.0;2.741;1.935;1.287;0.000;0.141;1.345;13090
B516DA;2015/02/26 00:32:06;13090;92;31.2;25.7;2.674;1.929;1.287;0.000;0.141;1.338;13091
B516DA;2015/02/26 00:32:16;13091;85;32.5;26.2;2.622;1.929;1.329;0.000;0.141;1.329;13092
B516DA;2015/02/26 00:32:26;13092;84;29.6;25.7;2.554;1.929;1.329;0.000;0.122;1.374;13093
B516DA;2015/02/26 00:32:36;13093;81;30.0;26.2;2.551;1.929;1.283;0.000;0.122;1.361;13094
B516DA;2015/02/26 00:32:46;13094;84;31.9;26.2;2.741;1.945;1.283;0.000;0.122;1.335;13095
B516DA;2015/02/26 00:32:56;13095;80;31.6;25.1;2.590;1.945;1.277;0.000;0.122;1.367;13096
B516DA;2015/02/26 00:33:06;13096;86;33.8;25.1;2.722;1.932;1.277;0.000;0.141;1.364;13097
B516DA;2015/02/26 00:33:16;13097;85;28.0;25.8;2.622;1.932;1.309;0.000;0.141;1.354;13098
B516DA;2015/02/26 00:33:26;13098;94;32.5;25.0;2.674;1.941;1.309;0.000;0.141;1.374;13099
B516DA;2015/02/26 00:33:36;13099;90;26.7;25.8;2.570;1.941;1.277;0.000;0.141;1.338;13100
B516DA;2015/02/26 00:33:46;13100;83;33.2;26.2;2.722;1.932;1.277;0.000;0.129;1.354;13101
B516DA;2015/02/26 00:33:56;13101;82;31.2;25.0;2.558;1.932;1.277;0.000;0.129;1.361;13102
B516DA;2015/02/26 00:34:06;13102;84;31.9;25.8;2.754;1.932;1.277;0.000;0.129;1.364;13103
B516DA;2015/02/26 00:34:16;13103;77;30.6;26.0;2.722;1.932;1.309;0.000;0.129;1.335;13104
B516DA;2015/02/26 00:34:26;13104;80;29.6;25.1;2.622;1.970;1.309;0.000;0.132;1.354;13105
B516DA;2015/02/26 00:34:36;13105;78;28.7;26.0;2.635;1.970;1.338;0.000;0.132;1.322;13106
B516DA;2015/02/26 00:34:46;13106;78;31.9;26.2;2.687;1.954;1.338;0.000;0.132;1.351;13107
B516DA;2015/02/26 00:34:56;13107;79;31.6;26.0;2.741;1.954;1.270;0.000;0.132;1.338;13108
B516DA;2015/02/26 00:35:06;13108;83;27.0;26.5;2.548;1.967;1.270;0.000;0.196;1.341;13109
B516DA;2015/02/26 00:35:16;13109;85;31.9;25.5;2.545;1.967;1.325;0.000;0.196;1.335;13110
B516DA;2015/02/26 00:35:26;13110;82;29.6;26.0;2.558;1.932;1.325;0.000;0.196;1.367;13111
B516DA;2015/02/26 00:35:36;13111;78;27.0;25.5;2.661;1.932;1.277;0.000;0.196;1.306;13112
B516DA;2015/02/26 00:35:46;13112;88;28.7;26.0;2.596;1.938;1.277;0.000;0.122;1.319;13113
B516DA;2015/02/26 00:35:56;13113;82;31.9;26.2;2.709;1.938;1.287;0.000;0.122;1.364;13114
B516DA;2015/02/26 00:36:06;13114;86;26.7;26.0;2.577;1.958;1.287;0.000;0.122;1.361;13115
B516DA;2015/02/26 00:36:16;13115;83;27.0;25.8;2.570;1.958;1.277;0.000;0.122;1.341;13116
B516DA;2015/02/26 00:36:26;13116;84;32.2;26.2;2.709;1.954;1.277;0.000;0.187;1.364;13117
B516DA;2015/02/26 00:36:36;13117;85;32.2;25.8;2.535;1.954;1.325;0.000;0.187;1.341;13118
B516DA;2015/02/26 00:36:46;13118;86;31.6;26.2;2.758;1.964;1.325;0.000;0.187;1.341;13119
B516DA;2015/02/26 00:36:56;13119;84;30.9;26.0;2.548;1.964;1.277;0.000;0.187;1.351;13120
B516DA;2015/02/26 00:37:06;13120;86;30.3;25.3;2.635;1.932;1.277;0.000;0.129;1.348;13121
B516DA;2015/02/26 00:37:16;13121;76;27.4;26.0;2.570;1.932;1.280;0.000;0.129;1.387;13122
B516DA;2015/02/26 00:37:26;13122;88;27.0;26.0;2.541;1.967;1.280;0.003;0.129;1.351;13123
B516DA;2015/02/26 00:37:36;13123;85;27.4;25.8;2.577;1.967;1.312;0.003;0.129;1.370;13124
B516DA;2015/02/26 00:37:46;13124;74;29.3;25.7;2.716;1.951;1.312;0.003;0.158;1.354;13125
B516DA;2015/02/26 00:37:56;13125;88;30.9;25.5;2.548;1.951;1.287;0.003;0.158;1.380;13126
B516DA;2015/02/26 00:38:06;13126;85;31.9;25.8;2.716;1.945;1.287;0.006;0.158;1.361;13127
B516DA;2015/02/26 00:38:16;13127;88;32.5;25.7;2.693;1.945;1.290;0.006;0.158;1.354;13128
B516DA;2015/02/26 00:38:26;13128;83;27.4;25.8;2.538;1.961;1.290;0.006;0.203;1.383;13129
B516DA;2015/02/26 00:38:36;13129;91;27.4;25.8;2.561;1.961;1.280;0.006;0.203;1.351;13130
B516DA;2015/02/26 00:38:46;13130;94;31.9;25.7;2.667;1.932;1.280;0.000;0.203;1.364;13131
B516DA;2015/02/26 00:38:56;13131;84;29.6;25.0;2.551;1.932;1.329;0.000;0.203;1.367;13132
B516DA;2015/02/26 00:39:06;13132;87;32.9;25.5;2.709;1.941;1.329;0.000;0.129;1.358;13133
B516DA;2015/02/26 00:39:16;13133;83;34.1;25.3;2.651;1.941;1.277;0.000;0.129;1.358;13134
B516DA;2015/02/26 00:39:26;13134;88;30.6;24.8;2.548;1.941;1.277;0.000;0.129;1.335;13135
B516DA;2015/02/26 00:39:36;13135;87;31.6;25.7;2.754;1.941;1.319;0.000;0.129;1.348;13136
B516DA;2015/02/26 00:39:46;13136;88;30.9;25.5;2.554;1.948;1.319;0.000;0.141;1.361;13137
B516DA;2015/02/26 00:39:56;13137;83;32.2;25.7;2.551;1.948;1.341;0.000;0.141;1.354;13138
B516DA;2015/02/26 00:40:06;13138;86;34.5;25.0;2.632;1.974;1.341;0.000;0.141;1.332;13139
B516DA;2015/02/26 00:40:16;13139;91;32.5;25.8;2.548;1.974;1.290;0.000;0.141;1.348;13140
B516DA;2015/02/26 00:40:26;13140;93;31.2;25.5;2.722;1.945;1.290;0.000;0.203;1.361;13141
B516DA;2015/02/26 00:40:36;13141;87;30.3;25.0;2.567;1.945;1.277;0.000;0.203;1.374;13142
B516DA;2015/02/26 00:40:46;13142;81;29.6;25.5;2.641;1.945;1.277;0.000;0.203;1.354;13143
B516DA;2015/02/26 00:40:56;13143;83;30.9;25.8;2.732;1.945;1.296;0.000;0.203;1.361;13144
B516DA;2015/02/26 00:41:06;13144;81;27.0;26.0;2.548;1.970;1.296;0.000;0.132;1.367;13145
B516DA;2015/02/26 00:41:16;13145;84;30.9;26.3;2.722;1.970;1.345;0.000;0.132;1.367;13146
B516DA;2015/02/26 00:41:26;13146;80;29.0;25.7;2.719;1.935;1.345;0.038;0.132;1.338;13147
B516DA;2015/02/26 00:41:36;13147;85;33.5;25.7;2.722;1.935;1.312;0.038;0.132;1.322;13148
B516DA;2015/02/26 00:41:46;13148;88;31.6;25.7;2.667;1.967;1.312;0.038;0.154;1.374;13149
B516DA;2015/02/26 00:41:56;13149;88;33.2;25.5;2.558;1.967;1.277;0.038;0.154;1.338;13150
B516DA;2015/02/26 00:42:06;13150;86;33.2;25.5;2.687;1.935;1.277;0.000;0.154;1.361;13151
B516DA;2015/02/26 00:42:16;13151;83;27.4;25.5;2.564;1.935;1.338;0.000;0.154;1.335;13152
B516DA;2015/02/26 00:42:26;13152;89;34.5;25.5;2.732;1.935;1.338;0.000;0.196;1.332;13153
B516DA;2015/02/26 00:42:36;13153;89;28.7;25.8;2.590;1.935;1.306;0.000;0.196;1.354;13154
B516DA;2015/02/26 00:42:46;13154;86;29.6;25.1;2.564;1.945;1.306;0.000;0.196;1.348;13155
B516DA;2015/02/26 00:42:56;13155;89;31.2;25.5;2.729;1.945;1.277;0.000;0.196;1.345;13156
B516DA;2015/02/26 00:43:06;13156;84;27.4;25.5;2.554;1.964;1.277;0.000;0.132;1.364;13157
B516DA;2015/02/26 00:43:16;13157;83;31.9;25.8;2.735;1.964;1.283;0.000;0.132;1.345;13158
B516DA;2015/02/26 00:43:26;13158;83;28.7;25.0;2.558;1.935;1.283;0.000;0.132;1.351;13159
B516DA;2015/02/26 00:43:36;13159;77;30.0;25.7;2.570;1.935;1.300;0.000;0.132;1.364;13160
B516DA;2015/02/26 00:43:46;13160;93;30.9;25.8;2.748;1.938;1.300;0.000;0.125;1.348;13161
B516DA;2015/02/26 00:43:56;13161;81;30.0;25.7;2.577;1.938;1.341;0.000;0.125;1.345;13162
B516DA;2015/02/26 00:44:06;13162;80;34.5;25.0;2.635;1.938;1.341;0.000;0.125;1.377;13163
B516DA;2015/02/26 00:44:16;13163;91;34.1;25.7;2.709;1.938;1.280;0.000;0.125;1.335;13164
B516DA;2015/02/26 00:44:26;13164;77;29.0;25.3;2.687;1.941;1.280;0.000;0.164;1.367;13165
B516DA;2015/02/26 00:44:36;13165;79;29.6;26.0;2.674;1.941;1.296;0.000;0.164;1.335;13166
B516DA;2015/02/26 00:44:46;13166;93;29.6;25.5;2.699;1.935;1.296;0.000;0.164;1.361;13167
B516DA;2015/02/26 00:44:56;13167;80;28.3;25.3;2.735;1.935;1.306;0.000;0.164;1.364;13168
B516DA;2015/02/26 00:45:06;13168;83;32.9;25.5;2.609;1.945;1.306;0.000;0.125;1.361;13169
B516DA;2015/02/26 00:45:16;13169;85;27.0;25.3;2.661;1.945;1.341;0.000;0.125;1.383;13170
B516DA;2015/02/26 00:45:26;13170;83;31.6;25.5;2.738;1.964;1.341;0.000;0.125;1.341;13171
B516DA;2015/02/26 00:45:36;13171;90;32.2;25.5;2.558;1.964;1.329;0.000;0.125;1.370;13172
B516DA;2015/02/26 00:45:46;13172;80;31.2;25.3;2.687;1.964;1.329;0.000;0.164;1.354;13173
B516DA;2015/02/26 00:45:56;13173;75;31.6;26.0;2.538;1.964;1.283;0.000;0.164;1.387;13174
B516DA;2015/02/26 00:46:06;13174;84;28.7;26.0;2.535;1.935;1.283;0.006;0.164;1.354;13175
B516DA;2015/02/26 00:46:16;13175;80;27.7;26.0;2.577;1.935;1.300;0.006;0.164;1.354;13176
B516DA;2015/02/26 00:46:26;13176;86;31.9;25.0;2.674;1.935;1.300;0.006;0.129;1.374;13177
B516DA;2015/02/26 00:46:36;13177;80;31.9;26.0;2.551;1.935;1.280;0.006;0.129;1.341;13178
B516DA;2015/02/26 00:46:46;13178;92;30.9;25.3;2.741;1.974;1.280;0.000;0.129;1.345;13179
B516DA;2015/02/26 00:46:56;13179;73;33.5;25.3;2.538;1.974;1.345;0.000;0.129;1.380;13180
B516DA;2015/02/26 00:47:06;13180;76;30.3;25.8;2.548;1.958;1.345;0.000;0.151;1.351;13181
B516DA;2015/02/26 00:47:16;13181;80;27.7;25.8;2.577;1.958;1.290;0.000;0.151;1.358;13182
B516DA;2015/02/26 00:47:26;13182;93;31.6;25.5;2.748;1.964;1.290;0.000;0.151;1.396;13183
B516DA;2015/02/26 00:47:36;13183;87;31.9;25.7;2.758;1.964;1.306;0.000;0.151;1.329;13184
B516DA;2015/02/26 00:47:46;13184;84;27.4;25.5;2.648;1.948;1.306;0.000;0.129;1.325;13185
B516DA;2015/02/26 00:47:56;13185;93;28.0;25.7;2.716;1.948;1.283;0.000;0.129;1.322;13186
B516DA;2015/02/26 00:48:06;13186;81;28.7;25.5;2.583;1.961;1.283;0.000;0.129;1.348;13187
B516DA;2015/02/26 00:48:16;13187;84;30.3;25.0;2.541;1.961;1.312;0.000;0.129;1.329;13188
B516DA;2015/02/26 00:48:26;13188;93;30.9;26.3;2.538;1.948;1.312;0.000;0.141;1.335;13189
B516DA;2015/02/26 00:48:36;13189;89;32.9;25.7;2.641;1.948;1.319;0.000;0.141;1.338;13190
B516DA;2015/02/26 00:48:46;13190;84;31.6;25.8;2.741;1.980;1.319;0.000;0.141;1.351;13191
B516DA;2015/02/26 00:48:56;13191;85;27.7;25.7;2.583;1.980;1.338;0.000;0.141;1.335;13192
B516DA;2015/02/26 00:49:06;13192;87;34.1;25.1;2.661;1.954;1.338;0.000;0.132;1.329;13193
B516DA;2015/02/26 00:49:16;13193;84;28.7;25.5;2.648;1.954;1.338;0.000;0.132;1.335;13194
B516DA;2015/02/26 00:49:26;13194;87;33.8;25.5;2.606;1.970;1.338;0.000;0.132;1.364;13195
B516DA;2015/02/26 00:49:36;13195;83;32.2;25.5;2.535;1.970;1.348;0.000;0.132;1.329;13196
B516DA;2015/02/26 00:49:46;13196;90;31.6;25.8;2.748;1.938;1.348;0.000;0.141;1.351;13197
B516DA;2015/02/26 00:49:56;13197;85;31.6;25.0;2.538;1.938;1.290;0.000;0.141;1.325;13198
B516DA;2015/02/26 00:50:06;13198;85;28.7;25.7;2.670;1.980;1.290;0.000;0.141;1.354;13199
B516DA;2015/02/26 00:50:16;13199;83;28.3;25.3;2.632;1.980;1.280;0.000;0.141;1.345;13200
B516DA;2015/02/26 00:50:26;13200;80;31.6;25.8;2.725;1.938;1.280;0.000;0.141;1.341;13201
B516DA;2015/02/26 00:50:36;13201;84;30.9;25.7;2.709;1.938;1.325;0.000;0.141;1.358;13202
B516DA;2015/02/26 00:50:46;13202;80;29.0;25.5;2.558;1.958;1.325;0.000;0.141;1.361;13203
B516DA;2015/02/26 00:50:56;13203;88;31.2;26.0;2.729;1.958;1.283;0.000;0.141;1.316;13204
B516DA;2015/02/26 00:51:06;13204;86;27.7;26.3;2.551;1.980;1.283;0.000;0.122;1.332;13205
B516DA;2015/02/26 00:51:16;13205;92;28.7;26.0;2.648;1.980;1.293;0.000;0.122;1.348;13206
B516DA;2015/02/26 00:51:26;13206;83;31.2;25.1;2.622;1.974;1.293;0.000;0.122;1.341;13207
B516DA;2015/02/26 00:51:36;13207;79;31.9;25.7;2.696;1.974;1.283;0.000;0.122;1.341;13208
B516DA;2015/02/26 00:51:46;13208;85;27.7;25.7;2.648;1.938;1.283;0.000;0.203;1.364;13209
B516DA;2015/02/26 00:51:56;13209;88;32.2;25.5;2.548;1.938;1.322;0.000;0.203;1.361;13210
B516DA;2015/02/26 00:52:06;13210;91;27.4;25.7;2.548;1.954;1.322;0.000;0.203;1.367;13211
B516DA;2015/02/26 00:52:16;13211;92;27.4;25.1;2.632;1.954;1.283;0.000;0.203;1.361;13212
B516DA;2015/02/26 00:52:26;13212;77;32.9;25.0;2.687;1.945;1.283;0.000;0.129;1.335;13213
B516DA;2015/02/26 00:52:36;13213;92;28.7;25.8;2.709;1.945;1.348;0.000;0.129;1.358;13214
B516DA;2015/02/26 00:52:46;13214;87;32.9;25.3;2.667;1.941;1.348;0.000;0.129;1.367;13215
B516DA;2015/02/26 00:52:56;13215;90;28.0;25.1;2.716;1.941;1.283;0.000;0.129;1.345;13216
B516DA;2015/02/26 00:53:06;13216;85;32.9;25.5;2.683;1.958;1.283;0.000;0.132;1.364;13217
B516DA;2015/02/26 00:53:16;13217;88;32.2;25.1;2.548;1.958;1.283;0.000;0.132;1.354;13218
B516DA;2015/02/26 00:53:26;13218;93;32.5;25.5;2.748;1.951;1.283;0.000;0.132;1.354;13219
B516DA;2015/02/26 00:53:36;13219;89;30.9;25.7;2.716;1.951;1.290;0.000;0.132;1.338;13220
B516DA;2015/02/26 00:53:46;13220;90;27.4;25.0;2.554;1.980;1.290;0.000;0.129;1.358;13221
B516DA;2015/02/26 00:53:56;13221;87;31.2;25.8;2.716;1.980;1.348;0.000;0.129;1.367;13222
B516DA;2015/02/26 00:54:06;13222;81;31.9;25.3;2.735;1.980;1.348;0.000;0.129;1.393;13223
B516DA;2015/02/26 00:54:16;13223;86;29.3;25.5;2.680;1.980;1.283;0.000;0.129;1.341;13224
B516DA;2015/02/26 00:54:26;13224;85;30.9;25.1;2.648;1.941;1.283;0.000;0.138;1.387;13225
B516DA;2015/02/26 00:54:36;13225;77;32.5;25.8;2.635;1.941;1.290;0.000;0.138;1.390;13226
B516DA;2015/02/26 00:54:46;13226;85;27.4;26.0;2.616;1.958;1.290;0.000;0.138;1.358;13227
B516DA;2015/02/26 00:54:56;13227;86;31.6;25.5;2.548;1.958;1.351;0.000;0.138;1.374;13228
B516DA;2015/02/26 00:55:06;13228;80;30.3;25.7;2.712;1.951;1.351;0.000;0.158;1.377;13229
B516DA;2015/02/26 00:55:16;13229;87;33.2;25.7;2.641;1.951;1.348;0.000;0.158;1.383;13230
B516DA;2015/02/26 00:55:26;13230;89;32.5;25.3;2.564;1.941;1.348;0.000;0.158;1.396;13231
B516DA;2015/02/26 00:55:36;13231;88;28.3;24.8;2.551;1.941;1.335;0.000;0.158;1.351;13232
B516DA;2015/02/26 00:55:46;13232;91;33.5;25.0;2.693;1.964;1.335;0.000;0.129;1.374;13233
B516DA;2015/02/26 00:55:56;13233;82;32.2;25.5;2.551;1.964;1.283;0.000;0.129;1.374;13234
B516DA;2015/02/26 00:56:06;13234;88;27.7;25.7;2.545;1.980;1.283;0.000;0.129;1.354;13235
B516DA;2015/02/26 00:56:16;13235;90;27.0;25.5;2.545;1.980;1.309;0.000;0.129;1.364;13236
B516DA;2015/02/26 00:56:26;13236;89;32.5;25.3;2.683;1.983;1.309;0.000;0.135;1.354;13237
B516DA;2015/02/26 00:56:36;13237;79;30.0;25.1;2.670;1.983;1.287;0.000;0.135;1.367;13238
B516DA;2015/02/26 00:56:46;13238;86;29.0;25.0;2.570;1.941;1.287;0.000;0.135;1.358;13239
B516DA;2015/02/26 00:56:56;13239;85;28.0;25.5;2.703;1.941;1.335;0.000;0.135;1.393;13240
B516DA;2015/02/26 00:57:06;13240;90;33.5;25.1;2.577;1.941;1.335;0.000;0.141;1.396;13241
B516DA;2015/02/26 00:57:16;13241;81;29.3;25.8;2.741;1.941;1.341;0.000;0.141;1.335;13242
B516DA;2015/02/26 00:57:26;13242;86;27.4;25.7;2.616;1.974;1.341;0.000;0.141;1.354;13243
B516DA;2015/02/26 00:57:36;13243;86;28.7;25.5;2.619;1.974;1.300;0.000;0.141;1.348;13244
B516DA;2015/02/26 00:57:46;13244;77;34.5;25.5;2.603;1.980;1.300;0.000;0.258;1.374;13245
B516DA;2015/02/26 00:57:56;13245;81;31.6;25.3;2.535;1.980;1.345;0.000;0.258;1.332;13246
B516DA;2015/02/26 00:58:06;13246;85;27.7;25.5;2.545;1.954;1.345;0.000;0.258;1.370;13247
B516DA;2015/02/26 00:58:16;13247;92;27.7;25.3;2.616;1.954;1.290;0.000;0.258;1.351;13248
B516DA;2015/02/26 00:58:26;13248;91;28.0;25.0;2.729;1.967;1.290;0.000;0.154;1.374;13249
B516DA;2015/02/26 00:58:36;13249;81;34.1;25.7;2.658;1.967;1.316;0.000;0.154;1.377;13250
B516DA;2015/02/26 00:58:46;13250;92;28.0;25.3;2.616;1.941;1.316;0.000;0.154;1.335;13251
B516DA;2015/02/26 00:58:56;13251;88;30.6;25.7;2.754;1.941;1.287;0.000;0.154;1.351;13252
B516DA;2015/02/26 00:59:06;13252;88;28.3;25.7;2.548;1.951;1.287;0.000;0.135;1.351;13253
B516DA;2015/02/26 00:59:16;13253;75;31.2;25.7;2.690;1.951;1.319;0.000;0.135;1.383;13254
B516DA;2015/02/26 00:59:26;13254;87;30.0;25.0;2.674;1.983;1.319;0.000;0.135;1.367;13255
B516DA;2015/02/26 00:59:36;13255;80;27.7;24.8;2.558;1.983;1.287;0.000;0.135;1.341;13256
B516DA;2015/02/26 00:59:46;13256;76;33.2;24.8;2.612;1.983;1.287;0.000;0.125;1.358;13257
B516DA;2015/02/26 00:59:56;13257;84;27.7;25.5;2.616;1.983;1.300;0.000;0.125;1.364;13258
B516DA;2015/02/26 01:00:06;13258;77;28.3;25.0;2.558;1.941;1.300;0.000;0.125;1.364;13259
B516DA;2015/02/26 01:00:16;13259;84;32.5;25.5;2.741;1.941;1.338;0.000;0.125;1.361;13260
B516DA;2015/02/26 01:00:26;13260;92;31.2;25.1;2.541;1.970;1.338;0.000;0.158;1.393;13261
B516DA;2015/02/26 01:00:36;13261;87;31.9;25.7;2.748;1.970;1.283;0.000;0.158;1.403;13262
B516DA;2015/02/26 01:00:46;13262;93;27.4;25.7;2.545;1.983;1.283;0.006;0.158;1.377;13263
B516DA;2015/02/26 01:00:56;13263;83;28.7;25.7;2.632;1.983;1.348;0.006;0.158;1.380;13264
B516DA;2015/02/26 01:01:06;13264;84;27.7;26.0;2.545;1.951;1.348;0.006;0.122;1.361;13265
B516DA;2015/02/26 01:01:16;13265;83;28.0;25.7;2.732;1.951;1.351;0.006;0.122;1.370;13266
B516DA;2015/02/26 01:01:26;13266;86;34.5;25.0;2.687;1.964;1.351;0.000;0.122;1.358;13267
B516DA;2015/02/26 01:01:36;13267;82;29.0;25.3;2.596;1.964;1.351;0.000;0.122;1.377;13268
B516DA;2015/02/26 01:01:46;13268;92;28.7;24.6;2.574;1.990;1.351;0.000;0.135;1.361;13269
B516DA;2015/02/26 01:01:56;13269;81;34.1;25.3;2.674;1.990;1.287;0.000;0.135;1.348;13270
B516DA;2015/02/26 01:02:06;13270;91;31.6;25.1;2.545;1.945;1.287;0.003;0.135;1.358;13271
B516DA;2015/02/26 01:02:16;13271;90;28.3;25.1;2.609;1.945;1.319;0.003;0.135;1.338;13272
B516DA;2015/02/26 01:02:26;13272;88;33.2;25.0;2.732;1.977;1.319;0.003;0.132;1.377;13273
B516DA;2015/02/26 01:02:36;13273;83;32.9;25.7;2.635;1.977;1.287;0.003;0.132;1.358;13274
B516DA;2015/02/26 01:02:46;13274;78;33.5;25.5;2.603;1.967;1.287;0.000;0.132;1.377;13275
B516DA;2015/02/26 01:02:56;13275;90;28.7;25.3;2.722;1.967;1.290;0.000;0.132;1.341;13276
B516DA;2015/02/26 01:03:06;13276;83;30.6;24.8;2.551;1.961;1.290;0.000;0.129;1.370;13277
B516DA;2015/02/26 01:03:16;13277;80;29.3;25.7;2.670;1.961;1.290;0.000;0.129;1.358;13278
B516DA;2015/02/26 01:03:26;13278;77;31.6;25.8;2.748;1.948;1.290;0.000;0.129;1.354;13279
B516DA;2015/02/26 01:03:36;13279;90;30.6;26.2;2.754;1.948;1.287;0.000;0.129;1.374;13280
B516DA;2015/02/26 01:03:46;13280;90;30.0;25.8;2.741;1.987;1.287;0.000;0.141;1.358;13281
B516DA;2015/02/26 01:03:56;13281;83;30.0;25.8;2.548;1.987;1.306;0.000;0.141;1.358;13282
B516DA;2015/02/26 01:04:06;13282;87;31.2;25.8;2.693;1.958;1.306;0.000;0.141;1.341;13283
B516DA;2015/02/26 01:04:16;13283;84;33.5;26.0;2.661;1.958;1.300;0.000;0.141;1.329;13284
B516DA;2015/02/26 01:04:26;13284;93;31.2;25.5;2.661;1.987;1.300;0.000;0.180;1.345;13285
B516DA;2015/02/26 01:04:36;13285;83;32.5;25.7;2.683;1.987;1.319;0.000;0.180;1.370;13286
B516DA;2015/02/26 01:04:46;13286;85;30.0;25.8;2.729;1.987;1.319;0.000;0.180;1.383;13287
B516DA;2015/02/26 01:04:56;13287;72;27.4;25.8;2.658;1.987;1.335;0.000;0.180;1.383;13288
B516DA;2015/02/26 01:05:06;13288;88;32.5;25.1;2.741;1.964;1.335;0.000;0.180;1.351;13289
B516DA;2015/02/26 01:05:16;13289;83;34.8;25.7;2.758;1.964;1.290;0.000;0.180;1.351;13290
B516DA;2015/02/26 01:05:26;13290;92;35.1;25.0;2.722;1.945;1.290;0.000;0.180;1.341;13291
B516DA;2015/02/26 01:05:36;13291;88;29.0;25.8;2.741;1.945;1.316;0.000;0.180;1.325;13292
B516DA;2015/02/26 01:05:46;13292;85;28.7;25.0;2.670;1.954;1.316;0.000;0.132;1.364;13293
B516DA;2015/02/26 01:05:56;13293;83;31.9;26.0;2.716;1.954;1.316;0.000;0.132;1.377;13294
B516DA;2015/02/26 01:06:06;13294;85;29.6;25.1;2.606;1.945;1.316;0.000;0.132;1.348;13295
B516DA;2015/02/26 01:06:16;13295;78;28.0;25.3;2.716;1.945;1.287;0.000;0.132;1.383;13296
B516DA;2015/02/26 01:06:26;13296;82;29.6;25.1;2.616;1.977;1.287;0.000;0.199;1.380;13297
B516DA;2015/02/26 01:06:36;13297;93;27.0;25.3;2.606;1.977;1.309;0.000;0.199;1.380;13298
B516DA;2015/02/26 01:06:46;13298;84;31.2;25.5;2.716;1.987;1.309;0.000;0.199;1.361;13299
B516DA;2015/02/26 01:06:56;13299;89;32.9;25.5;2.619;1.987;1.290;0.000;0.199;1.370;13300
B516DA;2015/02/26 01:07:06;13300;92;27.7;25.5;2.561;1.958;1.290;0.000;0.141;1.380;13301
B516DA;2015/02/26 01:07:16;13301;76;30.6;25.3;2.548;1.958;1.338;0.000;0.141;1.361;13302
B516DA;2015/02/26 01:07:26;13302;92;31.2;25.0;2.622;1.948;1.338;0.000;0.141;1.354;13303
B516DA;2015/02/26 01:07:36;13303;84;31.2;26.0;2.548;1.948;1.296;0.000;0.141;1.351;13304
B516DA;2015/02/26 01:07:46;13304;83;29.0;25.5;2.754;1.948;1.296;0.000;0.164;1.351;13305
B516DA;2015/02/26 01:07:56;13305;83;28.0;26.0;2.670;1.948;1.309;0.000;0.164;1.361;13306
B516DA;2015/02/26 01:08:06;13306;83;32.5;25.7;2.661;1.974;1.309;0.009;0.164;1.399;13307
B516DA;2015/02/26 01:08:16;13307;82;27.0;25.3;2.641;1.974;1.290;0.009;0.164;1.367;13308
B516DA;2015/02/26 01:08:26;13308;93;28.7;25.0;2.696;1.964;1.290;0.009;0.132;1.364;13309
B516DA;2015/02/26 01:08:36;13309;86;30.9;25.1;2.548;1.964;1.319;0.009;0.132;1.361;13310
B516DA;2015/02/26 01:08:46;13310;76;27.4;25.3;2.600;1.977;1.319;0.000;0.132;1.358;13311
B516DA;2015/02/26 01:08:56;13311;79;27.4;25.1;2.558;1.977;1.345;0.000;0.132;1.335;13312
B516DA;2015/02/26 01:09:06;13312;91;32.5;24.8;2.554;1.948;1.345;0.000;0.125;1.370;13313
B516DA;2015/02/26 01:09:16;13313;78;28.0;25.7;2.696;1.948;1.293;0.000;0.125;1.329;13314
B516DA;2015/02/26 01:09:26;13314;83;32.5;24.6;2.725;1.948;1.293;0.000;0.125;1.341;13315
B516DA;2015/02/26 01:09:36;13315;84;28.7;25.5;2.603;1.948;1.312;0.000;0.125;1.345;13316
B516DA;2015/02/26 01:09:46;13316;89;34.1;25.0;2.648;1.958;1.312;0.000;0.135;1.322;13317
B516DA;2015/02/26 01:09:56;13317;83;31.6;25.0;2.722;1.958;1.300;0.000;0.135;1.335;13318
B516DA;2015/02/26 01:10:06;13318;93;28.7;25.5;2.641;1.990;1.300;0.016;0.135;1.354;13319
B516DA;2015/02/26 01:10:16;13319;85;27.4;25.1;2.577;1.990;1.348;0.016;0.135;1.322;13320
B516DA;2015/02/26 01:10:26;13320;92;27.4;25.3;2.596;1.958;1.348;0.016;0.145;1.319;13321
B516DA;2015/02/26 01:10:36;13321;80;32.9;25.7;2.709;1.958;1.306;0.016;0.145;1.309;13322
B516DA;2015/02/26 01:10:46;13322;89;35.4;24.8;2.548;1.954;1.306;0.000;0.145;1.332;13323
B516DA;2015/02/26 01:10:56;13323;90;30.0;25.1;2.609;1.954;1.290;0.000;0.145;1.325;13324
B516DA;2015/02/26 01:11:06;13324;86;31.9;25.1;2.748;1.948;1.290;0.000;0.167;1.377;13325
B516DA;2015/02/26 01:11:16;13325;89;32.2;24.4;2.541;1.948;1.354;0.000;0.167;1.345;13326
B516DA;2015/02/26 01:11:26;13326;88;30.3;24.8;2.545;1.958;1.354;0.000;0.167;1.338;13327
B516DA;2015/02/26 01:11:36;13327;85;33.5;25.3;2.658;1.958;1.293;0.000;0.167;1.348;13328
B516DA;2015/02/26 01:11:46;13328;83;30.3;24.8;2.545;1.948;1.293;0.000;0.164;1.329;13329
B516DA;2015/02/26 01:11:56;13329;79;31.6;25.3;2.574;1.948;1.338;0.000;0.164;1.351;13330
B516DA;2015/02/26 01:12:06;13330;92;30.0;25.1;2.558;1.961;1.338;0.003;0.164;1.364;13331
B516DA;2015/02/26 01:12:16;13331;86;30.3;25.1;2.548;1.961;1.290;0.003;0.164;1.329;13332
B516DA;2015/02/26 01:12:26;13332;88;30.0;25.0;2.658;1.974;1.290;0.003;0.187;1.367;13333
B516DA;2015/02/26 01:12:36;13333;86;30.0;25.7;2.541;1.974;1.303;0.003;0.187;1.367;13334
B516DA;2015/02/26 01:12:46;13334;84;30.9;25.5;2.670;1.948;1.303;0.041;0.187;1.335;13335
B516DA;2015/02/26 01:12:56;13335;84;27.0;25.3;2.683;1.948;1.338;0.041;0.187;1.354;13336
B516DA;2015/02/26 01:13:06;13336;90;30.3;25.7;2.551;1.990;1.338;0.041;0.141;1.329;13337
B516DA;2015/02/26 01:13:16;13337;88;27.7;25.3;2.577;1.990;1.312;0.041;0.141;1.335;13338
B516DA;2015/02/26 01:13:26;13338;92;33.8;25.0;2.629;1.990;1.312;0.000;0.141;1.325;13339
B516DA;2015/02/26 01:13:36;13339;79;27.0;25.7;2.677;1.990;1.303;0.000;0.141;1.316;13340
B516DA;2015/02/26 01:13:46;13340;86;32.2;25.3;2.748;1.980;1.303;0.000;0.141;1.354;13341
B516DA;2015/02/26 01:13:56;13341;82;33.8;25.7;2.635;1.980;1.293;0.000;0.141;1.312;13342
B516DA;2015/02/26 01:14:06;13342;81;28.7;25.7;2.570;1.958;1.293;0.000;0.141;1.374;13343
B516DA;2015/02/26 01:14:16;13343;78;27.0;25.0;2.551;1.958;1.303;0.000;0.141;1.316;13344
B516DA;2015/02/26 01:14:26;13344;83;27.0;26.0;2.548;1.990;1.303;0.000;0.138;1.348;13345
B516DA;2015/02/26 01:14:36;13345;86;29.6;25.7;2.754;1.990;1.306;0.000;0.138;1.358;13346
B516DA;2015/02/26 01:14:46;13346;85;27.7;25.7;2.661;1.987;1.306;0.000;0.138;1.335;13347
B516DA;2015/02/26 01:14:56;13347;79;31.2;25.1;2.545;1.987;1.293;0.000;0.138;1.335;13348
B516DA;2015/02/26 01:15:06;13348;93;27.0;25.7;2.541;1.958;1.293;0.000;0.219;1.329;13349
B516DA;2015/02/26 01:15:16;13349;78;33.5;26.0;2.648;1.958;1.296;0.000;0.219;1.361;13350
B516DA;2015/02/26 01:15:26;13350;81;30.6;25.0;2.654;1.977;1.296;0.000;0.219;1.361;13351
B516DA;2015/02/26 01:15:36;13351;85;30.0;25.5;2.603;1.977;1.293;0.000;0.219;1.370;13352
B516DA;2015/02/26 01:15:46;13352;84;27.0;25.7;2.609;1.990;1.293;0.000;0.154;1.329;13353
B516DA;2015/02/26 01:15:56;13353;82;31.6;25.5;2.561;1.990;1.300;0.000;0.154;1.348;13354
B516DA;2015/02/26 01:16:06;13354;83;28.0;25.5;2.558;1.970;1.300;0.000;0.154;1.351;13355
B516DA;2015/02/26 01:16:16;13355;85;27.7;25.8;2.703;1.970;1.345;0.000;0.154;1.332;13356
B516DA;2015/02/26 01:16:26;13356;77;32.5;25.0;2.709;1.951;1.345;0.000;0.183;1.361;13357
B516DA;2015/02/26 01:16:36;13357;88;32.2;25.7;2.554;1.951;1.358;0.000;0.183;1.341;13358
B516DA;2015/02/26 01:16:46;13358;92;30.6;25.1;2.641;1.990;1.358;0.000;0.183;1.364;13359
B516DA;2015/02/26 01:16:56;13359;84;30.9;25.5;2.538;1.990;1.319;0.000;0.183;1.358;13360
B516DA;2015/02/26 01:17:06;13360;85;28.7;25.1;2.580;1.961;1.319;0.000;0.141;1.325;13361
B516DA;2015/02/26 01:17:16;13361;78;31.2;25.7;2.716;1.961;1.332;0.000;0.141;1.354;13362
B516DA;2015/02/26 01:17:26;13362;86;28.0;25.5;2.564;1.967;1.332;0.000;0.141;1.338;13363
B516DA;2015/02/26 01:17:36;13363;87;28.7;25.8;2.735;1.967;1.293;0.000;0.141;1.319;13364
B516DA;2015/02/26 01:17:46;13364;76;29.6;25.1;2.687;1.951;1.293;0.000;0.183;1.325;13365
B516DA;2015/02/26 01:17:56;13365;83;29.3;25.5;2.754;1.951;1.293;0.000;0.183;1.325;13366
B516DA;2015/02/26 01:18:06;13366;84;30.3;25.8;2.600;1.983;1.293;0.000;0.183;1.377;13367
B516DA;2015/02/26 01:18:16;13367;93;32.9;25.8;2.658;1.983;1.290;0.000;0.183;1.367;13368
B516DA;2015/02/26 01:18:26;13368;86;27.7;26.0;2.545;1.983;1.290;0.000;0.170;1.345;13369
B516DA;2015/02/26 01:18:36;13369;87;31.6;25.0;2.548;1.983;1.300;0.000;0.170;1.358;13370
B516DA;2015/02/26 01:18:46;13370;83;32.5;25.1;2.570;1.987;1.300;0.000;0.170;1.335;13371
B516DA;2015/02/26 01:18:56;13371;83;32.9;25.3;2.716;1.987;1.325;0.000;0.170;1.341;13372
B516DA;2015/02/26 01:19:06;13372;89;27.0;25.7;2.548;1.990;1.325;0.000;0.135;1.348;13373
B516DA;2015/02/26 01:19:16;13373;86;27.7;25.1;2.554;1.990;1.325;0.000;0.135;1.338;13374
B516DA;2015/02/26 01:19:26;13374;92;28.7;25.5;2.570;1.987;1.325;0.000;0.135;1.335;13375
B516DA;2015/02/26 01:19:36;13375;90;31.6;25.1;2.538;1.987;1.351;0.000;0.135;1.383;13376
B516DA;2015/02/26 01:19:46;13376;74;30.0;25.3;2.732;1.993;1.351;0.000;0.164;1.367;13377
B516DA;2015/02/26 01:19:56;13377;88;28.3;25.1;2.551;1.993;1.296;0.000;0.164;1.374;13378
B516DA;2015/02/26 01:20:06;13378;88;35.4;24.6;2.735;1.970;1.296;0.006;0.164;1.367;13379
B516DA;2015/02/26 01:20:16;13379;86;27.4;25.5;2.567;1.970;1.306;0.006;0.164;1.361;13380
B516DA;2015/02/26 01:20:26;13380;82;30.3;25.0;2.735;1.993;1.306;0.006;0.190;1.345;13381
B516DA;2015/02/26 01:20:36;13381;83;30.6;24.4;2.541;1.993;1.345;0.006;0.190;1.364;13382
B516DA;2015/02/26 01:20:46;13382;88;31.2;25.3;2.674;1.948;1.345;0.000;0.190;1.329;13383
B516DA;2015/02/26 01:20:56;13383;82;30.9;24.8;2.758;1.948;1.312;0.000;0.190;1.351;13384
B516DA;2015/02/26 01:21:06;13384;88;31.9;25.8;2.529;1.983;1.312;0.000;0.122;1.329;13385
B516DA;2015/02/26 01:21:16;13385;83;33.2;26.0;2.758;1.983;1.312;0.000;0.122;1.351;13386
B516DA;2015/02/26 01:21:26;13386;89;34.1;25.8;2.674;1.993;1.312;0.000;0.122;1.335;13387
B516DA;2015/02/26 01:21:36;13387;83;27.0;25.5;2.570;1.993;1.293;0.000;0.122;1.370;13388
B516DA;2015/02/26 01:21:46;13388;92;27.7;26.0;2.654;1.977;1.293;0.000;0.135;1.341;13389
B516DA;2015/02/26 01:21:56;13389;81;32.5;26.0;2.690;1.977;1.316;0.000;0.135;1.354;13390
B516DA;2015/02/26 01:22:06;13390;91;27.4;25.7;2.538;1.993;1.316;0.006;0.135;1.341;13391
B516DA;2015/02/26 01:22:16;13391;87;29.3;25.8;2.629;1.993;1.309;0.006;0.135;1.358;13392
B516DA;2015/02/26 01:22:26;13392;83;27.7;25.7;2.541;1.977;1.309;0.006;0.203;1.370;13393
B516DA;2015/02/26 01:22:36;13393;85;30.6;25.3;2.754;1.977;1.358;0.006;0.203;1.351;13394
B516DA;2015/02/26 01:22:46;13394;78;32.2;25.5;2.741;1.954;1.358;0.000;0.203;1.370;13395
B516DA;2015/02/26 01:22:56;13395;88;27.0;25.5;2.645;1.954;1.316;0.000;0.203;1.358;13396
B516DA;2015/02/26 01:23:06;13396;83;32.5;25.3;2.748;1.967;1.316;0.000;0.141;1.319;13397
B516DA;2015/02/26 01:23:16;13397;82;31.9;25.5;2.716;1.967;1.293;0.000;0.141;1.335;13398
B516DA;2015/02/26 01:23:26;13398;89;33.8;25.3;2.612;1.990;1.293;0.000;0.141;1.358;13399
B516DA;2015/02/26 01:23:36;13399;83;33.5;25.8;2.658;1.990;1.358;0.000;0.141;1.348;13400
B516DA;2015/02/26 01:23:46;13400;81;30.3;25.8;2.722;1.996;1.358;0.000;0.145;1.358;13401
B516DA;2015/02/26 01:23:56;13401;78;31.2;25.7;2.735;1.996;1.296;0.000;0.145;1.367;13402
B516DA;2015/02/26 01:24:06;13402;80;33.5;25.3;2.661;2.000;1.296;0.000;0.145;1.338;13403
B516DA;2015/02/26 01:24:16;13403;85;34.1;26.0;2.541;2.000;1.303;0.000;0.145;1.338;13404
B516DA;2015/02/26 01:24:26;13404;88;33.2;25.5;2.754;1.961;1.303;0.000;0.122;1.322;13405
B516DA;2015/02/26 01:24:36;13405;92;30.0;25.5;2.693;1.961;1.361;0.000;0.122;1.329;13406
B516DA;2015/02/26 01:24:46;13406;79;31.9;25.7;2.658;1.961;1.361;0.000;0.122;1.329;13407
B516DA;2015/02/26 01:24:56;13407;82;29.6;25.7;2.754;1.961;1.300;0.000;0.122;1.383;13408
B516DA;2015/02/26 01:25:06;13408;88;28.7;26.0;2.558;1.983;1.300;0.000;0.129;1.377;13409
B516DA;2015/02/26 01:25:16;13409;79;29.6;25.7;2.754;1.983;1.309;0.000;0.129;1.319;13410
B516DA;2015/02/26 01:25:26;13410;86;30.0;26.2;2.558;1.990;1.309;0.006;0.129;1.341;13411
B516DA;2015/02/26 01:25:36;13411;83;31.2;25.5;2.564;1.990;1.364;0.006;0.129;1.338;13412
B516DA;2015/02/26 01:25:46;13412;85;27.4;25.7;2.596;1.983;1.364;0.006;0.254;1.335;13413
B516DA;2015/02/26 01:25:56;13413;92;29.3;25.7;2.661;1.983;1.296;0.006;0.254;1.335;13414
B516DA;2015/02/26 01:26:06;13414;86;28.3;25.3;2.548;1.958;1.296;0.000;0.254;1.329;13415
B516DA;2015/02/26 01:26:16;13415;88;30.9;25.0;2.548;1.958;1.293;0.000;0.254;1.367;13416
B516DA;2015/02/26 01:26:26;13416;83;30.6;25.0;2.732;1.964;1.293;0.000;0.129;1.348;13417
B516DA;2015/02/26 01:26:36;13417;89;32.9;25.7;2.690;1.964;1.296;0.000;0.129;1.338;13418
B516DA;2015/02/26 01:26:46;13418;85;32.9;25.3;2.735;1.954;1.296;0.000;0.129;1.345;13419
B516DA;2015/02/26 01:26:56;13419;90;32.5;25.3;2.754;1.954;1.300;0.000;0.129;1.351;13420
B516DA;2015/02/26 01:27:06;13420;87;33.8;24.6;2.570;1.987;1.300;0.000;0.135;1.335;13421
B516DA;2015/02/26 01:27:16;13421;75;27.4;25.1;2.570;1.987;1.312;0.000;0.135;1.348;13422
B516DA;2015/02/26 01:27:26;13422;87;33.2;25.1;2.683;1.990;1.312;0.000;0.135;1.332;13423
B516DA;2015/02/26 01:27:36;13423;82;29.6;25.3;2.751;1.990;1.348;0.000;0.135;1.335;13424
B516DA;2015/02/26 01:27:46;13424;75;28.3;25.5;2.548;1.954;1.348;0.000;0.129;1.345;13425
B516DA;2015/02/26 01:27:56;13425;84;33.5;25.3;2.741;1.954;1.322;0.000;0.129;1.329;13426
B516DA;2015/02/26 01:28:06;13426;86;33.5;25.0;2.741;1.977;1.322;0.000;0.129;1.348;13427
B516DA;2015/02/26 01:28:16;13427;81;30.6;25.0;2.754;1.977;1.309;0.000;0.129;1.329;13428
B516DA;2015/02/26 01:28:26;13428;84;34.8;24.6;2.741;1.980;1.309;0.000;0.129;1.380;13429
B516DA;2015/02/26 01:28:36;13429;86;29.3;25.3;2.741;1.980;1.312;0.000;0.129;1.351;13430
B516DA;2015/02/26 01:28:46;13430;93;30.9;25.1;2.735;1.977;1.312;0.000;0.129;1.370;13431
B516DA;2015/02/26 01:28:56;13431;88;31.2;25.0;2.732;1.977;1.296;0.000;0.129;1.377;13432
B516DA;2015/02/26 01:29:06;13432;88;32.5;24.8;2.535;1.954;1.296;0.000;0.122;1.361;13433
B516DA;2015/02/26 01:29:16;13433;84;34.1;25.1;2.732;1.954;1.364;0.000;0.122;1.387;13434
B516DA;2015/02/26 01:29:26;13434;84;32.2;25.0;2.545;1.970;1.364;0.000;0.122;1.354;13435
B516DA;2015/02/26 01:29:36;13435;79;30.3;25.3;2.754;1.970;1.312;0.000;0.122;1.335;13436
B516DA;2015/02/26 01:29:46;13436;84;31.6;25.3;2.551;1.993;1.312;0.000;0.141;1.332;13437
B516DA;2015/02/26 01:29:56;13437;83;27.4;25.3;2.558;1.993;1.351;0.000;0.141;1.364;13438
B516DA;2015/02/26 01:30:06;13438;84;32.5;26.3;2.564;1.993;1.351;0.000;0.141;1.374;13439
B516DA;2015/02/26 01:30:16;13439;86;34.8;25.1;2.735;1.993;1.300;0.000;0.141;1.374;13440
B516DA;2015/02/26 01:30:26;13440;87;28.7;25.1;2.683;1.954;1.300;0.000;0.177;1.374;13441
B516DA;2015/02/26 01:30:36;13441;82;29.3;25.1;2.729;1.954;1.361;0.000;0.177;1.338;13442
B516DA;2015/02/26 01:30:46;13442;84;30.9;25.8;2.551;1.974;1.361;0.000;0.177;1.354;13443
B516DA;2015/02/26 01:30:56;13443;84;27.4;25.5;2.674;1.974;1.300;0.000;0.177;1.396;13444
B516DA;2015/02/26 01:31:06;13444;90;27.7;25.7;2.548;1.990;1.300;0.000;0.180;1.341;13445
B516DA;2015/02/26 01:31:16;13445;81;31.9;25.3;2.754;1.990;1.293;0.000;0.180;1.387;13446
B516DA;2015/02/26 01:31:26;13446;78;35.4;24.8;2.545;1.964;1.293;0.000;0.180;1.361;13447
B516DA;2015/02/26 01:31:36;13447;88;29.3;25.7;2.751;1.964;1.319;0.000;0.180;1.364;13448
B516DA;2015/02/26 01:31:46;13448;76;30.6;25.0;2.641;1.987;1.319;0.000;0.122;1.361;13449
B516DA;2015/02/26 01:31:56;13449;83;33.5;25.7;2.748;1.987;1.341;0.000;0.122;1.335;13450
B516DA;2015/02/26 01:32:06;13450;91;27.4;25.8;2.541;1.993;1.341;0.012;0.122;1.332;13451
B516DA;2015/02/26 01:32:16;13451;74;29.6;25.1;2.616;1.993;1.341;0.012;0.122;1.374;13452
B516DA;2015/02/26 01:32:26;13452;74;28.0;25.0;2.648;1.964;1.341;0.012;0.125;1.374;13453
B516DA;2015/02/26 01:32:36;13453;86;31.9;25.3;2.690;1.964;1.300;0.012;0.125;1.345;13454
B516DA;2015/02/26 01:32:46;13454;93;30.9;25.5;2.741;1.980;1.300;0.000;0.125;1.364;13455
B516DA;2015/02/26 01:32:56;13455;83;35.4;25.8;2.693;1.980;1.296;0.000;0.125;1.377;13456
B516DA;2015/02/26 01:33:06;13456;92;31.2;25.5;2.674;1.993;1.296;0.000;0.138;1.364;13457
B516DA;2015/02/26 01:33:16;13457;82;29.3;25.3;2.629;1.993;1.303;0.000;0.138;1.348;13458
B516DA;2015/02/26 01:33:26;13458;83;29.6;25.1;2.706;2.000;1.303;0.000;0.138;1.358;13459
B516DA;2015/02/26 01:33:36;13459;88;29.6;25.7;2.687;2.000;1.300;0.000;0.138;1.396;13460
B516DA;2015/02/26 01:33:46;13460;84;27.7;25.7;2.548;2.000;1.300;0.000;0.122;1.345;13461
B516DA;2015/02/26 01:33:56;13461;85;30.9;25.7;2.690;2.000;1.296;0.000;0.122;1.393;13462
B516DA;2015/02/26 01:34:06;13462;80;30.9;25.8;2.548;1.977;1.296;0.000;0.122;1.377;13463
B516DA;2015/02/26 01:34:16;13463;87;30.0;26.0;2.758;1.977;1.303;0.000;0.122;1.348;13464
B516DA;2015/02/26 01:34:26;13464;80;34.5;25.5;2.719;1.967;1.303;0.000;0.122;1.393;13465
B516DA;2015/02/26 01:34:36;13465;85;31.2;25.7;2.716;1.967;1.319;0.000;0.122;1.393;13466
B516DA;2015/02/26 01:34:46;13466;84;28.7;25.5;2.680;1.958;1.319;0.000;0.122;1.370;13467
B516DA;2015/02/26 01:34:56;13467;87;32.9;25.8;2.748;1.958;1.300;0.000;0.122;1.348;13468
B516DA;2015/02/26 01:35:06;13468;77;30.6;25.3;2.641;1.970;1.300;0.000;0.138;1.345;13469
B516DA;2015/02/26 01:35:16;13469;86;30.3;25.0;2.551;1.970;1.300;0.000;0.138;1.354;13470
B516DA;2015/02/26 01:35:26;13470;83;32.9;25.8;2.687;1.990;1.300;0.003;0.138;1.351;13471
B516DA;2015/02/26 01:35:36;13471;76;29.3;25.5;2.670;1.990;1.312;0.003;0.138;1.361;13472
B516DA;2015/02/26 01:35:46;13472;85;31.2;25.3;2.703;2.000;1.312;0.003;0.122;1.396;13473
B516DA;2015/02/26 01:35:56;13473;83;27.0;25.8;2.664;2.000;1.332;0.003;0.122;1.361;13474
B516DA;2015/02/26 01:36:06;13474;88;30.9;25.5;2.541;1.987;1.332;0.000;0.122;1.390;13475
B516DA;2015/02/26 01:36:16;13475;80;30.9;25.7;2.545;1.987;1.303;0.000;0.122;1.383;13476
B516DA;2015/02/26 01:36:26;13476;84;27.0;26.3;2.541;1.958;1.303;0.000;0.141;1.354;13477
B516DA;2015/02/26 01:36:36;13477;86;28.7;25.8;2.729;1.958;1.312;0.000;0.141;1.390;13478
B516DA;2015/02/26 01:36:46;13478;76;29.6;25.5;2.609;1.958;1.312;0.038;0.141;1.351;13479
B516DA;2015/02/26 01:36:56;13479;87;34.1;25.7;2.758;1.958;1.303;0.038;0.141;1.354;13480
B516DA;2015/02/26 01:37:06;13480;90;30.3;25.8;2.548;1.964;1.303;0.038;0.203;1.361;13481
B516DA;2015/02/26 01:37:16;13481;77;27.4;26.0;2.616;1.964;1.303;0.038;0.203;1.345;13482
B516DA;2015/02/26 01:37:26;13482;78;27.4;26.3;2.548;1.987;1.303;0.000;0.203;1.374;13483
B516DA;2015/02/26 01:37:36;13483;78;29.3;26.2;2.664;1.987;1.316;0.000;0.203;1.338;13484
B516DA;2015/02/26 01:37:46;13484;92;30.6;26.3;2.535;1.993;1.316;0.000;0.183;1.367;13485
B516DA;2015/02/26 01:37:56;13485;84;31.2;26.0;2.716;1.993;1.367;0.000;0.183;1.364;13486
B516DA;2015/02/26 01:38:06;13486;87;33.2;25.3;2.641;1.958;1.367;0.000;0.183;1.370;13487
B516DA;2015/02/26 01:38:16;13487;84;29.6;26.2;2.551;1.958;1.361;0.000;0.183;1.329;13488
B516DA;2015/02/26 01:38:26;13488;88;27.7;26.0;2.687;1.958;1.361;0.000;0.132;1.370;13489
B516DA;2015/02/26 01:38:36;13489;84;28.7;26.0;2.670;1.958;1.300;0.000;0.132;1.358;13490
B516DA;2015/02/26 01:38:46;13490;93;28.7;25.8;2.580;1.983;1.300;0.000;0.132;1.358;13491
B516DA;2015/02/26 01:38:56;13491;88;31.6;26.3;2.651;1.983;1.303;0.000;0.132;1.348;13492
B516DA;2015/02/26 01:39:06;13492;93;33.5;25.3;2.741;1.990;1.303;0.000;0.141;1.358;13493
B516DA;2015/02/26 01:39:16;13493;78;28.0;26.0;2.551;1.990;1.303;0.000;0.141;1.325;13494
B516DA;2015/02/26 01:39:26;13494;85;31.2;26.2;2.661;1.961;1.303;0.000;0.141;1.322;13495
B516DA;2015/02/26 01:39:36;13495;85;26.4;25.8;2.561;1.961;1.345;0.000;0.141;1.351;13496
B516DA;2015/02/26 01:39:46;13496;86;27.7;26.0;2.554;1.970;1.345;0.000;0.135;1.364;13497
B516DA;2015/02/26 01:39:56;13497;91;27.0;26.0;2.670;1.970;1.306;0.000;0.135;1.370;13498
B516DA;2015/02/26 01:40:06;13498;92;30.6;26.2;2.754;2.000;1.306;0.000;0.135;1.354;13499
B516DA;2015/02/26 01:40:16;13499;85;27.7;26.2;2.551;2.000;1.309;0.000;0.135;1.374;13500
B516DA;2015/02/26 01:40:26;13500;84;28.7;25.5;2.703;2.000;1.309;0.000;0.141;1.348;13501
B516DA;2015/02/26 01:40:36;13501;87;32.2;26.0;2.538;2.000;1.303;0.000;0.141;1.329;13502
B516DA;2015/02/26 01:40:46;13502;81;29.0;26.7;2.564;1.977;1.303;0.000;0.141;1.358;13503
B516DA;2015/02/26 01:40:56;13503;92;29.3;26.3;2.658;1.977;1.332;0.000;0.141;1.351;13504
B516DA;2015/02/26 01:41:06;13504;91;28.0;25.5;2.658;1.974;1.332;0.000;0.170;1.341;13505
B516DA;2015/02/26 01:41:16;13505;90;32.2;26.3;2.754;1.974;1.325;0.000;0.170;1.348;13506
B516DA;2015/02/26 01:41:26;13506;93;28.3;26.2;2.554;1.996;1.325;0.000;0.170;1.399;13507
B516DA;2015/02/26 01:41:36;13507;78;27.4;25.5;2.564;1.996;1.358;0.000;0.170;1.345;13508
B516DA;2015/02/26 01:41:46;13508;88;30.3;25.7;2.558;1.970;1.358;0.000;0.132;1.341;13509
B516DA;2015/02/26 01:41:56;13509;87;31.2;25.7;2.735;1.970;1.316;0.000;0.132;1.341;13510
B516DA;2015/02/26 01:42:06;13510;84;34.8;25.8;2.661;1.970;1.316;0.000;0.132;1.351;13511
B516DA;2015/02/26 01:42:16;13511;92;26.7;25.5;2.551;1.970;1.341;0.000;0.132;1.354;13512
B516DA;2015/02/26 01:42:26;13512;83;33.5;25.7;2.748;2.000;1.341;0.000;0.141;1.380;13513
B516DA;2015/02/26 01:42:36;13513;80;27.0;25.3;2.551;2.000;1.312;0.000;0.141;1.329;13514
B516DA;2015/02/26 01:42:46;13514;90;30.6;25.3;2.635;2.000;1.312;0.003;0.141;1.348;13515
B516DA;2015/02/26 01:42:56;13515;88;29.6;26.0;2.670;2.000;1.309;0.003;0.141;1.338;13516
B516DA;2015/02/26 01:43:06;13516;85;28.3;26.0;2.558;1.987;1.309;0.003;0.199;1.341;13517
B516DA;2015/02/26 01:43:16;13517;85;27.7;25.3;2.641;1.987;1.319;0.003;0.199;1.316;13518
B516DA;2015/02/26 01:43:26;13518;85;33.2;25.7;2.754;1.961;1.319;0.009;0.199;1.345;13519
B516DA;2015/02/26 01:43:36;13519;79;27.7;25.8;2.596;1.961;1.329;0.009;0.199;1.354;13520
B516DA;2015/02/26 01:43:46;13520;83;29.3;25.3;2.693;1.961;1.329;0.009;0.158;1.364;13521
B516DA;2015/02/26 01:43:56;13521;86;31.9;25.8;2.729;1.961;1.316;0.009;0.158;1.351;13522
B516DA;2015/02/26 01:44:06;13522;92;28.7;25.7;2.561;1.990;1.316;0.000;0.158;1.380;13523
B516DA;2015/02/26 01:44:16;13523;77;30.9;25.5;2.590;1.990;1.319;0.000;0.158;1.364;13524
B516DA;2015/02/26 01:44:26;13524;90;30.9;25.7;2.545;1.964;1.319;0.000;0.145;1.377;13525
B516DA;2015/02/26 01:44:36;13525;85;31.6;26.0;2.758;1.964;1.367;0.000;0.145;1.335;13526
B516DA;2015/02/26 01:44:46;13526;88;28.7;26.3;2.561;1.970;1.367;0.000;0.145;1.354;13527
B516DA;2015/02/26 01:44:56;13527;86;31.9;26.2;2.545;1.970;1.306;0.000;0.145;1.348;13528
B516DA;2015/02/26 01:45:06;13528;83;27.0;26.0;2.593;1.977;1.306;0.000;0.170;1.354;13529
B516DA;2015/02/26 01:45:16;13529;88;27.4;25.7;2.616;1.977;1.303;0.000;0.170;1.361;13530
B516DA;2015/02/26 01:45:26;13530;81;29.0;25.8;2.590;2.000;1.303;0.006;0.170;1.387;13531
B516DA;2015/02/26 01:45:36;13531;90;30.6;25.5;2.567;2.000;1.325;0.006;0.170;1.374;13532
B516DA;2015/02/26 01:45:46;13532;93;32.2;25.8;2.735;1.964;1.325;0.006;0.138;1.335;13533
B516DA;2015/02/26 01:45:56;13533;72;34.5;26.2;2.651;1.964;1.303;0.006;0.138;1.345;13534
B516DA;2015/02/26 01:46:06;13534;83;33.8;25.8;2.658;2.006;1.303;0.000;0.138;1.341;13535
B516DA;2015/02/26 01:46:16;13535;82;27.0;25.8;2.564;2.006;1.303;0.000;0.138;1.387;13536
B516DA;2015/02/26 01:46:26;13536;86;27.4;26.2;2.551;2.006;1.303;0.000;0.170;1.377;13537
B516DA;2015/02/26 01:46:36;13537;83;29.6;26.3;2.674;2.006;1.303;0.000;0.170;1.338;13538
B516DA;2015/02/26 01:46:46;13538;89;28.7;25.8;2.699;1.983;1.303;0.003;0.170;1.338;13539
B516DA;2015/02/26 01:46:56;13539;78;28.7;26.3;2.658;1.983;1.309;0.003;0.170;1.354;13540
B516DA;2015/02/26 01:47:06;13540;76;27.7;26.3;2.558;1.977;1.309;0.003;0.135;1.354;13541
B516DA;2015/02/26 01:47:16;13541;85;26.1;26.2;2.551;1.977;1.303;0.003;0.135;1.367;13542
B516DA;2015/02/26 01:47:26;13542;86;27.0;26.2;2.545;1.980;1.303;0.006;0.135;1.364;13543
B516DA;2015/02/26 01:47:36;13543;85;26.7;26.3;2.567;1.980;1.329;0.006;0.135;1.335;13544
B516DA;2015/02/26 01:47:46;13544;81;32.5;26.2;2.674;1.987;1.329;0.006;0.135;1.338;13545
B516DA;2015/02/26 01:47:56;13545;85;27.4;25.8;2.570;1.987;1.332;0.006;0.135;1.380;13546
B516DA;2015/02/26 01:48:06;13546;77;30.9;25.5;2.661;1.977;1.332;0.000;0.135;1.377;13547
B516DA;2015/02/26 01:48:16;13547;79;27.0;25.8;2.641;1.977;1.303;0.000;0.135;1.348;13548
B516DA;2015/02/26 01:48:26;13548;92;30.9;26.3;2.741;1.961;1.303;0.000;0.129;1.370;13549
B516DA;2015/02/26 01:48:36;13549;93;31.9;26.3;2.741;1.961;1.329;0.000;0.129;1.351;13550
B516DA;2015/02/26 01:48:46;13550;86;26.7;25.7;2.609;2.000;1.329;0.000;0.129;1.370;13551
B516DA;2015/02/26 01:48:56;13551;75;31.6;25.7;2.548;2.000;1.303;0.000;0.129;1.325;13552
B516DA;2015/02/26 01:49:06;13552;82;29.0;25.5;2.574;2.006;1.303;0.000;0.135;1.341;13553
B516DA;2015/02/26 01:49:16;13553;83;27.0;25.5;2.658;2.006;1.309;0.000;0.135;1.316;13554
B516DA;2015/02/26 01:49:26;13554;83;30.6;25.5;2.635;2.006;1.309;0.006;0.135;1.364;13555
B516DA;2015/02/26 01:49:36;13555;85;28.7;25.8;2.722;2.006;1.303;0.006;0.135;1.325;13556
B516DA;2015/02/26 01:49:46;13556;81;27.7;26.3;2.748;2.003;1.303;0.006;0.141;1.341;13557
B516DA;2015/02/26 01:49:56;13557;89;28.7;25.8;2.751;2.003;1.329;0.006;0.141;1.377;13558
B516DA;2015/02/26 01:50:06;13558;85;28.7;25.7;2.693;1.996;1.329;0.000;0.141;1.351;13559
B516DA;2015/02/26 01:50:16;13559;81;34.1;26.0;2.690;1.996;1.306;0.000;0.141;1.348;13560
B516DA;2015/02/26 01:50:26;13560;81;34.5;25.1;2.590;2.006;1.306;0.000;0.145;1.364;13561
B516DA;2015/02/26 01:50:36;13561;90;31.9;25.7;2.541;2.006;1.303;0.000;0.145;1.377;13562
B516DA;2015/02/26 01:50:46;13562;83;32.9;24.8;2.554;1.983;1.303;0.000;0.145;1.383;13563
B516DA;2015/02/26 01:50:56;13563;83;30.6;25.3;2.690;1.983;1.332;0.000;0.145;1.351;13564
B516DA;2015/02/26 01:51:06;13564;81;28.7;25.5;2.564;2.000;1.332;0.000;0.125;1.332;13565
B516DA;2015/02/26 01:51:16;13565;86;33.5;25.7;2.658;2.000;1.303;0.000;0.125;1.341;13566
B516DA;2015/02/26 01:51:26;13566;89;30.0;25.7;2.699;1.990;1.303;0.000;0.125;1.361;13567
B516DA;2015/02/26 01:51:36;13567;88;27.7;25.3;2.583;1.990;1.306;0.000;0.125;1.338;13568
B516DA;2015/02/26 01:51:46;13568;83;29.3;25.5;2.699;2.006;1.306;0.000;0.125;1.396;13569
B516DA;2015/02/26 01:51:56;13569;83;30.9;24.8;2.754;2.006;1.309;0.000;0.125;1.374;13570
B516DA;2015/02/26 01:52:06;13570;86;32.9;25.1;2.696;1.974;1.309;0.000;0.125;1.354;13571
B516DA;2015/02/26 01:52:16;13571;80;33.5;25.8;2.690;1.974;1.303;0.000;0.125;1.377;13572
B516DA;2015/02/26 01:52:26;13572;80;30.9;25.8;2.748;1.996;1.303;0.000;0.141;1.367;13573
B516DA;2015/02/26 01:52:36;13573;83;31.6;25.8;2.754;1.996;1.351;0.000;0.141;1.380;13574
B516DA;2015/02/26 01:52:46;13574;82;26.7;26.0;2.535;2.006;1.351;0.000;0.141;1.387;13575
B516DA;2015/02/26 01:52:56;13575;78;32.9;25.7;2.722;2.006;1.367;0.000;0.141;1.354;13576
B516DA;2015/02/26 01:53:06;13576;86;32.2;25.5;2.545;2.003;1.367;0.000;0.138;1.351;13577
B516DA;2015/02/26 01:53:16;13577;87;30.9;26.0;2.545;2.003;1.306;0.000;0.138;1.370;13578
B516DA;2015/02/26 01:53:26;13578;92;31.2;26.0;2.538;1.990;1.306;0.000;0.138;1.345;13579
B516DA;2015/02/26 01:53:36;13579;87;33.8;26.0;2.722;1.990;1.312;0.000;0.138;1.345;13580
B516DA;2015/02/26 01:53:46;13580;83;27.7;25.8;2.561;1.970;1.312;0.000;0.190;1.377;13581
B516DA;2015/02/26 01:53:56;13581;74;30.3;25.7;2.551;1.970;1.306;0.000;0.190;1.358;13582
B516DA;2015/02/26 01:54:06;13582;86;31.6;26.5;2.567;1.974;1.306;0.000;0.190;1.335;13583
B516DA;2015/02/26 01:54:16;13583;82;29.3;25.7;2.554;1.974;1.319;0.000;0.190;1.370;13584
B516DA;2015/02/26 01:54:26;13584;83;32.2;26.0;2.548;2.003;1.319;0.000;0.135;1.390;13585
B516DA;2015/02/26 01:54:36;13585;87;31.6;26.3;2.654;2.003;1.374;0.000;0.135;1.377;13586
B516DA;2015/02/26 01:54:46;13586;78;31.9;25.7;2.748;2.006;1.374;0.000;0.135;1.319;13587
B516DA;2015/02/26 01:54:56;13587;74;27.4;26.5;2.570;2.006;1.303;0.000;0.135;1.358;13588
B516DA;2015/02/26 01:55:06;13588;81;30.0;26.0;2.535;1.964;1.303;0.000;0.193;1.345;13589
B516DA;2015/02/26 01:55:16;13589;84;31.6;26.0;2.725;1.964;1.306;0.000;0.193;1.338;13590
B516DA;2015/02/26 01:55:26;13590;85;27.0;26.0;2.545;1.980;1.306;0.000;0.193;1.335;13591
B516DA;2015/02/26 01:55:36;13591;83;33.5;25.7;2.535;1.980;1.319;0.000;0.193;1.358;13592
B516DA;2015/02/26 01:55:46;13592;75;26.4;26.3;2.551;1.996;1.319;0.000;0.154;1.377;13593
