B516DA;2015/02/27 00:00:07;21538;90;29.6;26.7;2.732;1.500;0.809;0.000;0.019;1.238;21539
B516DA;2015/02/27 00:00:17;21539;90;27.0;26.2;2.696;1.500;0.841;0.000;0.019;1.212;21540
B516DA;2015/02/27 00:00:27;21540;88;33.2;25.8;2.661;1.496;0.841;0.000;0.045;1.216;21541
B516DA;2015/02/27 00:00:37;21541;84;30.9;26.9;2.564;1.496;0.845;0.000;0.045;1.229;21542
B516DA;2015/02/27 00:00:47;21542;83;27.4;26.2;2.609;1.506;0.845;0.000;0.045;1.235;21543
B516DA;2015/02/27 00:00:57;21543;84;30.3;26.5;2.558;1.506;0.812;0.000;0.045;1.212;21544
B516DA;2015/02/27 00:01:07;21544;85;32.5;26.3;2.648;1.535;0.812;0.000;0.019;1.248;21545
B516DA;2015/02/27 00:01:17;21545;80;30.3;26.9;2.548;1.535;0.854;0.000;0.019;1.212;21546
B516DA;2015/02/27 00:01:27;21546;73;31.6;26.7;2.774;1.519;0.854;0.009;0.019;1.235;21547
B516DA;2015/02/27 00:01:37;21547;92;28.0;26.5;2.564;1.519;0.861;0.009;0.019;1.264;21548
B516DA;2015/02/27 00:01:47;21548;86;30.3;26.9;2.548;1.500;0.861;0.009;0.019;1.245;21549
B516DA;2015/02/27 00:01:57;21549;79;27.4;26.5;2.577;1.500;0.812;0.009;0.019;1.232;21550
B516DA;2015/02/27 00:02:07;21550;82;29.6;25.8;2.696;1.506;0.812;0.000;0.019;1.225;21551
B516DA;2015/02/27 00:02:17;21551;92;27.7;26.2;2.683;1.506;0.864;0.000;0.019;1.225;21552
B516DA;2015/02/27 00:02:27;21552;85;28.7;26.3;2.564;1.519;0.864;0.000;0.080;1.238;21553
B516DA;2015/02/27 00:02:37;21553;78;25.1;26.3;2.590;1.519;0.806;0.000;0.080;1.232;21554
B516DA;2015/02/27 00:02:47;21554;88;27.4;26.2;2.648;1.496;0.806;0.003;0.080;1.206;21555
B516DA;2015/02/27 00:02:57;21555;82;27.0;26.0;2.570;1.496;0.806;0.003;0.080;1.209;21556
B516DA;2015/02/27 00:03:07;21556;75;33.8;26.0;2.706;1.509;0.806;0.003;0.029;1.241;21557
B516DA;2015/02/27 00:03:17;21557;88;30.9;26.5;2.774;1.509;0.803;0.003;0.029;1.229;21558
B516DA;2015/02/27 00:03:27;21558;93;26.1;27.0;2.577;1.509;0.803;0.006;0.029;1.225;21559
B516DA;2015/02/27 00:03:37;21559;82;30.9;26.2;2.754;1.509;0.806;0.006;0.029;1.241;21560
B516DA;2015/02/27 00:03:47;21560;87;29.3;26.5;2.551;1.500;0.806;0.006;0.051;1.206;21561
B516DA;2015/02/27 00:03:57;21561;83;28.7;26.3;2.754;1.500;0.809;0.006;0.051;1.229;21562
B516DA;2015/02/27 00:04:07;21562;79;28.3;26.9;2.551;1.509;0.809;0.000;0.051;1.212;21563
B516DA;2015/02/27 00:04:17;21563;78;26.4;26.7;2.658;1.509;0.812;0.000;0.051;1.199;21564
B516DA;2015/02/27 00:04:27;21564;81;29.3;25.8;2.687;1.522;0.812;0.000;0.138;1.206;21565
B516DA;2015/02/27 00:04:37;21565;90;28.3;26.3;2.577;1.522;0.867;0.000;0.138;1.235;21566
B516DA;2015/02/27 00:04:47;21566;85;25.8;26.7;2.564;1.503;0.867;0.000;0.138;1.261;21567
B516DA;2015/02/27 00:04:57;21567;82;26.7;26.5;2.767;1.503;0.861;0.000;0.138;1.264;21568
B516DA;2015/02/27 00:05:07;21568;86;26.1;26.7;2.577;1.519;0.861;0.000;0.025;1.241;21569
B516DA;2015/02/27 00:05:17;21569;92;26.7;26.5;2.677;1.519;0.812;0.000;0.025;1.219;21570
B516DA;2015/02/27 00:05:27;21570;91;29.3;26.7;2.558;1.538;0.812;0.000;0.025;1.222;21571
B516DA;2015/02/27 00:05:37;21571;88;28.7;26.5;2.551;1.538;0.835;0.000;0.025;1.216;21572
B516DA;2015/02/27 00:05:47;21572;84;28.0;26.3;2.735;1.503;0.835;0.000;0.025;1.222;21573
B516DA;2015/02/27 00:05:57;21573;84;32.9;26.3;2.770;1.503;0.812;0.000;0.025;1.251;21574
B516DA;2015/02/27 00:06:07;21574;93;28.0;26.2;2.751;1.512;0.812;0.000;0.025;1.212;21575
B516DA;2015/02/27 00:06:17;21575;91;30.9;25.7;2.558;1.512;0.806;0.000;0.025;1.212;21576
B516DA;2015/02/27 00:06:27;21576;93;29.6;26.2;2.699;1.535;0.806;0.000;0.016;1.238;21577
B516DA;2015/02/27 00:06:37;21577;82;28.7;26.3;2.658;1.535;0.819;0.000;0.016;1.229;21578
B516DA;2015/02/27 00:06:47;21578;80;33.5;26.2;2.629;1.525;0.819;0.019;0.016;1.229;21579
B516DA;2015/02/27 00:06:57;21579;83;30.3;25.8;2.596;1.525;0.812;0.019;0.016;1.245;21580
B516DA;2015/02/27 00:07:07;21580;91;26.4;27.0;2.580;1.490;0.812;0.019;0.019;1.222;21581
B516DA;2015/02/27 00:07:17;21581;88;30.9;26.3;2.770;1.490;0.812;0.019;0.019;1.229;21582
B516DA;2015/02/27 00:07:27;21582;82;27.7;25.7;2.748;1.519;0.812;0.003;0.019;1.212;21583
B516DA;2015/02/27 00:07:37;21583;81;26.4;26.5;2.683;1.519;0.825;0.003;0.019;1.216;21584
B516DA;2015/02/27 00:07:47;21584;90;32.5;26.0;2.683;1.525;0.825;0.003;0.016;1.209;21585
B516DA;2015/02/27 00:07:57;21585;84;30.3;26.2;2.754;1.525;0.806;0.003;0.016;1.190;21586
B516DA;2015/02/27 00:08:07;21586;80;25.4;26.3;2.564;1.525;0.806;0.000;0.016;1.225;21587
B516DA;2015/02/27 00:08:17;21587;85;29.3;26.5;2.558;1.525;0.825;0.000;0.016;1.196;21588
B516DA;2015/02/27 00:08:27;21588;92;26.7;26.3;2.741;1.490;0.825;0.000;0.019;1.190;21589
B516DA;2015/02/27 00:08:37;21589;88;26.1;26.3;2.583;1.490;0.803;0.000;0.019;1.183;21590
B516DA;2015/02/27 00:08:47;21590;90;26.7;26.0;2.609;1.535;0.803;0.012;0.019;1.216;21591
B516DA;2015/02/27 00:08:57;21591;87;27.0;26.3;2.729;1.535;0.829;0.012;0.019;1.216;21592
B516DA;2015/02/27 00:09:07;21592;83;28.3;26.7;2.754;1.490;0.829;0.012;0.016;1.174;21593
B516DA;2015/02/27 00:09:17;21593;91;27.7;26.3;2.577;1.490;0.806;0.012;0.016;1.206;21594
B516DA;2015/02/27 00:09:27;21594;86;29.3;26.5;2.558;1.487;0.806;0.000;0.016;1.190;21595
B516DA;2015/02/27 00:09:37;21595;89;30.6;26.7;2.770;1.487;0.812;0.000;0.016;1.174;21596
B516DA;2015/02/27 00:09:47;21596;91;28.0;26.5;2.558;1.519;0.812;0.000;0.025;1.209;21597
B516DA;2015/02/27 00:09:57;21597;87;28.3;26.7;2.735;1.519;0.867;0.000;0.025;1.196;21598
B516DA;2015/02/27 00:10:07;21598;90;29.3;26.9;2.561;1.496;0.867;0.000;0.025;1.187;21599
B516DA;2015/02/27 00:10:17;21599;90;32.2;26.2;2.551;1.496;0.835;0.000;0.025;1.190;21600
B516DA;2015/02/27 00:10:27;21600;82;30.6;26.3;2.735;1.529;0.835;0.000;0.025;1.212;21601
B516DA;2015/02/27 00:10:37;21601;89;27.0;26.2;2.690;1.529;0.854;0.000;0.025;1.190;21602
B516DA;2015/02/27 00:10:47;21602;89;31.6;26.0;2.580;1.509;0.854;0.000;0.025;1.245;21603
B516DA;2015/02/27 00:10:57;21603;78;30.0;26.5;2.641;1.509;0.832;0.000;0.025;1.212;21604
B516DA;2015/02/27 00:11:07;21604;79;26.1;26.7;2.577;1.500;0.832;0.000;0.019;1.212;21605
B516DA;2015/02/27 00:11:17;21605;84;28.7;26.3;2.758;1.500;0.848;0.000;0.019;1.232;21606
B516DA;2015/02/27 00:11:27;21606;89;26.1;26.9;2.693;1.516;0.848;0.000;0.019;1.232;21607
B516DA;2015/02/27 00:11:37;21607;83;30.3;26.3;2.764;1.516;0.829;0.000;0.019;1.212;21608
B516DA;2015/02/27 00:11:47;21608;82;29.6;26.7;2.761;1.519;0.829;0.000;0.012;1.196;21609
B516DA;2015/02/27 00:11:57;21609;85;32.5;26.3;2.754;1.519;0.806;0.000;0.012;1.196;21610
B516DA;2015/02/27 00:12:07;21610;81;28.7;25.8;2.767;1.516;0.806;0.000;0.012;1.151;21611
B516DA;2015/02/27 00:12:17;21611;83;25.4;26.5;2.645;1.516;0.835;0.000;0.012;1.148;21612
B516DA;2015/02/27 00:12:27;21612;86;26.1;26.2;2.622;1.503;0.835;0.000;0.019;1.196;21613
B516DA;2015/02/27 00:12:37;21613;73;29.0;26.5;2.670;1.503;0.806;0.000;0.019;1.161;21614
B516DA;2015/02/27 00:12:47;21614;84;30.6;26.2;2.741;1.532;0.806;0.000;0.019;1.177;21615
B516DA;2015/02/27 00:12:57;21615;78;29.6;26.2;2.770;1.532;0.822;0.000;0.019;1.164;21616
B516DA;2015/02/27 00:13:07;21616;84;29.3;26.2;2.545;1.516;0.822;0.000;0.019;1.167;21617
B516DA;2015/02/27 00:13:17;21617;74;27.7;26.2;2.574;1.516;0.799;0.000;0.019;1.161;21618
B516DA;2015/02/27 00:13:27;21618;84;30.3;26.9;2.583;1.522;0.799;0.000;0.019;1.183;21619
B516DA;2015/02/27 00:13:37;21619;77;30.9;26.7;2.735;1.522;0.796;0.000;0.019;1.180;21620
B516DA;2015/02/27 00:13:47;21620;88;32.5;26.2;2.761;1.487;0.796;0.000;0.041;1.203;21621
B516DA;2015/02/27 00:13:57;21621;84;30.0;26.2;2.596;1.487;0.816;0.000;0.041;1.190;21622
B516DA;2015/02/27 00:14:07;21622;83;26.4;25.8;2.603;1.503;0.816;0.000;0.041;1.225;21623
B516DA;2015/02/27 00:14:17;21623;87;26.4;26.7;2.670;1.503;0.799;0.000;0.041;1.196;21624
B516DA;2015/02/27 00:14:27;21624;83;30.3;26.5;2.548;1.480;0.799;0.000;0.038;1.196;21625
B516DA;2015/02/27 00:14:37;21625;87;27.7;26.5;2.577;1.480;0.799;0.000;0.038;1.199;21626
B516DA;2015/02/27 00:14:47;21626;89;27.4;26.0;2.641;1.525;0.799;0.000;0.038;1.216;21627
B516DA;2015/02/27 00:14:57;21627;85;29.3;26.2;2.583;1.525;0.812;0.000;0.038;1.212;21628
B516DA;2015/02/27 00:15:07;21628;91;32.5;26.2;2.693;1.500;0.812;0.000;0.035;1.241;21629
B516DA;2015/02/27 00:15:17;21629;80;26.4;26.2;2.690;1.500;0.854;0.000;0.035;1.206;21630
B516DA;2015/02/27 00:15:27;21630;81;28.7;25.7;2.667;1.480;0.854;0.000;0.035;1.193;21631
B516DA;2015/02/27 00:15:37;21631;85;27.4;26.5;2.590;1.480;0.799;0.000;0.035;1.196;21632
B516DA;2015/02/27 00:15:47;21632;91;29.3;26.2;2.587;1.512;0.799;0.000;0.000;1.216;21633
B516DA;2015/02/27 00:15:57;21633;81;26.4;25.8;2.577;1.512;0.841;0.000;0.000;1.161;21634
B516DA;2015/02/27 00:16:07;21634;77;26.4;25.7;2.587;1.522;0.841;0.000;0.000;1.167;21635
B516DA;2015/02/27 00:16:17;21635;90;26.7;26.2;2.703;1.522;0.799;0.000;0.000;1.183;21636
B516DA;2015/02/27 00:16:27;21636;76;26.1;26.7;2.551;1.477;0.799;0.000;0.009;1.187;21637
B516DA;2015/02/27 00:16:37;21637;76;32.9;26.7;2.558;1.477;0.835;0.000;0.009;1.161;21638
B516DA;2015/02/27 00:16:47;21638;91;30.0;25.8;2.706;1.477;0.835;0.000;0.009;1.158;21639
B516DA;2015/02/27 00:16:57;21639;86;27.4;26.3;2.729;1.477;0.851;0.000;0.009;1.180;21640
B516DA;2015/02/27 00:17:07;21640;88;26.7;26.3;2.558;1.480;0.851;0.000;0.054;1.161;21641
B516DA;2015/02/27 00:17:17;21641;90;28.0;26.7;2.751;1.480;0.816;0.000;0.054;1.196;21642
B516DA;2015/02/27 00:17:27;21642;85;25.4;26.3;2.577;1.487;0.816;0.012;0.054;1.206;21643
B516DA;2015/02/27 00:17:37;21643;92;33.5;26.3;2.754;1.487;0.812;0.012;0.054;1.170;21644
B516DA;2015/02/27 00:17:47;21644;78;30.3;26.2;2.551;1.480;0.812;0.012;0.022;1.180;21645
B516DA;2015/02/27 00:17:57;21645;81;26.4;26.2;2.580;1.480;0.806;0.012;0.022;1.170;21646
B516DA;2015/02/27 00:18:07;21646;88;30.3;26.2;2.722;1.490;0.806;0.000;0.022;1.209;21647
B516DA;2015/02/27 00:18:17;21647;85;26.4;26.3;2.583;1.490;0.819;0.000;0.022;1.203;21648
B516DA;2015/02/27 00:18:27;21648;81;30.9;26.2;2.761;1.483;0.819;0.000;0.006;1.164;21649
B516DA;2015/02/27 00:18:37;21649;73;25.4;25.8;2.716;1.483;0.825;0.000;0.006;1.183;21650
B516DA;2015/02/27 00:18:47;21650;80;28.0;26.2;2.667;1.487;0.825;0.006;0.006;1.174;21651
B516DA;2015/02/27 00:18:57;21651;88;28.3;26.0;2.577;1.487;0.848;0.006;0.006;1.190;21652
B516DA;2015/02/27 00:19:07;21652;92;28.3;26.3;2.558;1.519;0.848;0.006;0.016;1.199;21653
B516DA;2015/02/27 00:19:17;21653;88;29.3;26.5;2.761;1.519;0.854;0.006;0.016;1.174;21654
B516DA;2015/02/27 00:19:27;21654;88;27.0;26.9;2.564;1.503;0.854;0.000;0.016;1.183;21655
B516DA;2015/02/27 00:19:37;21655;90;29.6;26.3;2.690;1.503;0.806;0.000;0.016;1.190;21656
B516DA;2015/02/27 00:19:47;21656;90;25.8;26.7;2.590;1.512;0.806;0.000;0.012;1.209;21657
B516DA;2015/02/27 00:19:57;21657;88;26.7;26.2;2.761;1.512;0.832;0.000;0.012;1.164;21658
B516DA;2015/02/27 00:20:07;21658;89;28.7;26.5;2.580;1.496;0.832;0.000;0.012;1.216;21659
B516DA;2015/02/27 00:20:17;21659;88;30.3;26.7;2.564;1.496;0.803;0.000;0.012;1.209;21660
B516DA;2015/02/27 00:20:27;21660;85;29.6;26.5;2.554;1.483;0.803;0.000;0.019;1.174;21661
B516DA;2015/02/27 00:20:37;21661;92;30.9;25.7;2.622;1.483;0.806;0.000;0.019;1.190;21662
B516DA;2015/02/27 00:20:47;21662;84;31.9;26.0;2.754;1.490;0.806;0.000;0.019;1.174;21663
B516DA;2015/02/27 00:20:57;21663;85;30.0;26.2;2.664;1.490;0.861;0.000;0.019;1.206;21664
B516DA;2015/02/27 00:21:07;21664;89;25.8;26.7;2.577;1.506;0.861;0.000;0.025;1.193;21665
B516DA;2015/02/27 00:21:17;21665;78;29.6;26.0;2.767;1.506;0.848;0.000;0.025;1.167;21666
B516DA;2015/02/27 00:21:27;21666;90;30.0;26.5;2.548;1.519;0.848;0.000;0.025;1.203;21667
B516DA;2015/02/27 00:21:37;21667;83;30.0;25.8;2.564;1.519;0.861;0.000;0.025;1.158;21668
B516DA;2015/02/27 00:21:47;21668;87;26.4;26.9;2.580;1.522;0.861;0.000;0.019;1.170;21669
B516DA;2015/02/27 00:21:57;21669;85;28.7;26.5;2.764;1.522;0.803;0.000;0.019;1.177;21670
B516DA;2015/02/27 00:22:07;21670;89;32.5;25.5;2.693;1.477;0.803;0.000;0.019;1.167;21671
B516DA;2015/02/27 00:22:17;21671;87;27.0;26.2;2.735;1.477;0.829;0.000;0.019;1.177;21672
B516DA;2015/02/27 00:22:27;21672;91;30.3;26.0;2.548;1.506;0.829;0.000;0.061;1.167;21673
B516DA;2015/02/27 00:22:37;21673;86;26.7;26.5;2.680;1.506;0.838;0.000;0.061;1.196;21674
B516DA;2015/02/27 00:22:47;21674;88;29.0;26.3;2.577;1.483;0.838;0.000;0.061;1.164;21675
B516DA;2015/02/27 00:22:57;21675;81;26.1;26.2;2.583;1.483;0.806;0.000;0.061;1.158;21676
B516DA;2015/02/27 00:23:07;21676;93;25.8;26.3;2.577;1.496;0.806;0.000;0.035;1.187;21677
B516DA;2015/02/27 00:23:17;21677;85;32.9;26.3;2.641;1.496;0.822;0.000;0.035;1.174;21678
B516DA;2015/02/27 00:23:27;21678;83;28.0;26.0;2.754;1.516;0.822;0.000;0.035;1.167;21679
B516DA;2015/02/27 00:23:37;21679;87;26.1;26.2;2.754;1.516;0.819;0.000;0.035;1.212;21680
B516DA;2015/02/27 00:23:47;21680;90;26.4;25.7;2.596;1.477;0.819;0.000;0.009;1.154;21681
B516DA;2015/02/27 00:23:57;21681;89;28.0;25.8;2.648;1.477;0.819;0.000;0.009;1.193;21682
B516DA;2015/02/27 00:24:07;21682;79;28.3;26.2;2.551;1.500;0.819;0.000;0.009;1.203;21683
B516DA;2015/02/27 00:24:17;21683;88;29.3;26.3;2.767;1.500;0.806;0.000;0.009;1.177;21684
B516DA;2015/02/27 00:24:27;21684;90;25.4;26.3;2.561;1.483;0.806;0.000;0.006;1.187;21685
B516DA;2015/02/27 00:24:37;21685;83;28.0;26.2;2.706;1.483;0.858;0.000;0.006;1.196;21686
B516DA;2015/02/27 00:24:47;21686;90;30.3;26.5;2.574;1.487;0.858;0.012;0.006;1.212;21687
B516DA;2015/02/27 00:24:57;21687;83;27.4;26.0;2.774;1.487;0.858;0.012;0.006;1.190;21688
B516DA;2015/02/27 00:25:07;21688;88;31.9;26.2;2.764;1.474;0.858;0.012;0.029;1.190;21689
B516DA;2015/02/27 00:25:17;21689;88;29.3;26.0;2.767;1.474;0.838;0.012;0.029;1.167;21690
B516DA;2015/02/27 00:25:27;21690;79;31.9;26.3;2.548;1.522;0.838;0.025;0.029;1.167;21691
B516DA;2015/02/27 00:25:37;21691;80;32.9;26.5;2.770;1.522;0.822;0.025;0.029;1.170;21692
B516DA;2015/02/27 00:25:47;21692;84;30.3;26.0;2.551;1.487;0.822;0.025;0.006;1.161;21693
B516DA;2015/02/27 00:25:57;21693;84;32.2;25.5;2.564;1.487;0.858;0.025;0.006;1.196;21694
B516DA;2015/02/27 00:26:07;21694;84;28.0;26.0;2.616;1.512;0.858;0.000;0.006;1.167;21695
B516DA;2015/02/27 00:26:17;21695;84;30.0;25.7;2.635;1.512;0.819;0.000;0.006;1.177;21696
B516DA;2015/02/27 00:26:27;21696;81;29.6;26.0;2.574;1.483;0.819;0.000;0.006;1.158;21697
B516DA;2015/02/27 00:26:37;21697;85;29.6;25.5;2.564;1.483;0.803;0.000;0.006;1.158;21698
B516DA;2015/02/27 00:26:47;21698;83;28.0;26.0;2.754;1.477;0.803;0.000;0.006;1.161;21699
B516DA;2015/02/27 00:26:57;21699;85;30.0;26.2;2.748;1.477;0.841;0.000;0.006;1.196;21700
B516DA;2015/02/27 00:27:07;21700;86;25.8;26.0;2.567;1.477;0.841;0.000;0.077;1.174;21701
B516DA;2015/02/27 00:27:17;21701;83;32.5;26.0;2.564;1.477;0.858;0.000;0.077;1.199;21702
B516DA;2015/02/27 00:27:27;21702;93;31.2;25.8;2.748;1.493;0.858;0.000;0.077;1.183;21703
B516DA;2015/02/27 00:27:37;21703;89;26.7;26.0;2.767;1.493;0.819;0.000;0.077;1.183;21704
B516DA;2015/02/27 00:27:47;21704;85;31.9;26.2;2.761;1.503;0.819;0.000;0.012;1.209;21705
B516DA;2015/02/27 00:27:57;21705;78;30.3;25.3;2.561;1.503;0.854;0.000;0.012;1.170;21706
B516DA;2015/02/27 00:28:07;21706;92;31.2;25.7;2.754;1.496;0.854;0.000;0.012;1.187;21707
B516DA;2015/02/27 00:28:17;21707;73;30.3;25.5;2.561;1.496;0.861;0.000;0.012;1.203;21708
B516DA;2015/02/27 00:28:27;21708;88;28.3;26.2;2.558;1.506;0.861;0.000;0.022;1.196;21709
B516DA;2015/02/27 00:28:37;21709;74;26.7;26.0;2.703;1.506;0.829;0.000;0.022;1.196;21710
B516DA;2015/02/27 00:28:47;21710;90;31.6;26.0;2.567;1.500;0.829;0.000;0.022;1.174;21711
B516DA;2015/02/27 00:28:57;21711;84;29.3;26.2;2.583;1.500;0.825;0.000;0.022;1.212;21712
B516DA;2015/02/27 00:29:07;21712;88;25.4;26.7;2.583;1.506;0.825;0.000;0.016;1.161;21713
B516DA;2015/02/27 00:29:17;21713;74;28.3;26.2;2.577;1.506;0.854;0.000;0.016;1.196;21714
B516DA;2015/02/27 00:29:27;21714;84;26.1;26.2;2.564;1.496;0.854;0.000;0.016;1.180;21715
B516DA;2015/02/27 00:29:37;21715;77;29.6;25.5;2.564;1.496;0.816;0.000;0.016;1.203;21716
B516DA;2015/02/27 00:29:47;21716;74;28.0;26.2;2.674;1.483;0.816;0.000;0.022;1.183;21717
B516DA;2015/02/27 00:29:57;21717;91;30.9;25.5;2.564;1.483;0.861;0.000;0.022;1.187;21718
B516DA;2015/02/27 00:30:07;21718;91;27.0;25.5;2.680;1.483;0.861;0.000;0.022;1.180;21719
B516DA;2015/02/27 00:30:17;21719;92;31.9;26.0;2.558;1.483;0.822;0.000;0.022;1.190;21720
B516DA;2015/02/27 00:30:27;21720;73;30.6;26.2;2.754;1.477;0.822;0.000;0.016;1.174;21721
B516DA;2015/02/27 00:30:37;21721;78;31.2;26.0;2.767;1.477;0.809;0.000;0.016;1.183;21722
B516DA;2015/02/27 00:30:47;21722;81;29.0;26.7;2.583;1.493;0.809;0.000;0.016;1.193;21723
B516DA;2015/02/27 00:30:57;21723;85;28.3;25.8;2.661;1.493;0.832;0.000;0.016;1.187;21724
B516DA;2015/02/27 00:31:07;21724;92;26.4;25.8;2.590;1.496;0.832;0.000;0.000;1.174;21725
B516DA;2015/02/27 00:31:17;21725;85;30.3;26.2;2.577;1.496;0.829;0.000;0.000;1.170;21726
B516DA;2015/02/27 00:31:27;21726;85;25.4;26.5;2.654;1.500;0.829;0.000;0.000;1.180;21727
B516DA;2015/02/27 00:31:37;21727;78;29.3;26.3;2.761;1.500;0.841;0.000;0.000;1.138;21728
B516DA;2015/02/27 00:31:47;21728;79;26.1;26.0;2.596;1.519;0.841;0.000;0.012;1.148;21729
B516DA;2015/02/27 00:31:57;21729;86;27.0;26.0;2.716;1.519;0.835;0.000;0.012;1.174;21730
B516DA;2015/02/27 00:32:07;21730;83;25.1;26.0;2.561;1.503;0.835;0.003;0.012;1.164;21731
B516DA;2015/02/27 00:32:17;21731;84;27.7;26.2;2.583;1.503;0.806;0.003;0.012;1.158;21732
B516DA;2015/02/27 00:32:27;21732;86;30.3;25.8;2.774;1.493;0.806;0.003;0.006;1.161;21733
B516DA;2015/02/27 00:32:37;21733;88;26.4;26.3;2.677;1.493;0.861;0.003;0.006;1.164;21734
B516DA;2015/02/27 00:32:47;21734;92;32.9;26.2;2.722;1.509;0.861;0.000;0.006;1.196;21735
B516DA;2015/02/27 00:32:57;21735;85;30.9;26.3;2.751;1.509;0.841;0.000;0.006;1.203;21736
B516DA;2015/02/27 00:33:07;21736;92;31.6;26.0;2.583;1.477;0.841;0.000;0.054;1.174;21737
B516DA;2015/02/27 00:33:17;21737;87;29.6;26.3;2.574;1.477;0.829;0.000;0.054;1.180;21738
B516DA;2015/02/27 00:33:27;21738;83;25.8;26.3;2.561;1.506;0.829;0.038;0.054;1.180;21739
B516DA;2015/02/27 00:33:37;21739;89;25.4;25.8;2.729;1.506;0.829;0.038;0.054;1.158;21740
B516DA;2015/02/27 00:33:47;21740;92;29.0;26.2;2.767;1.477;0.829;0.038;0.106;1.174;21741
B516DA;2015/02/27 00:33:57;21741;84;27.0;26.0;2.703;1.477;0.822;0.038;0.106;1.177;21742
B516DA;2015/02/27 00:34:07;21742;81;25.8;26.2;2.729;1.503;0.822;0.000;0.106;1.235;21743
B516DA;2015/02/27 00:34:17;21743;89;32.5;26.5;2.735;1.503;0.803;0.000;0.106;1.177;21744
B516DA;2015/02/27 00:34:27;21744;90;31.6;25.8;2.564;1.500;0.803;0.000;0.000;1.196;21745
B516DA;2015/02/27 00:34:37;21745;84;27.0;25.8;2.777;1.500;0.806;0.000;0.000;1.193;21746
B516DA;2015/02/27 00:34:47;21746;93;27.0;25.7;2.748;1.503;0.806;0.000;0.000;1.180;21747
B516DA;2015/02/27 00:34:57;21747;84;28.7;26.2;2.577;1.503;0.861;0.000;0.000;1.187;21748
B516DA;2015/02/27 00:35:07;21748;89;27.0;25.8;2.641;1.477;0.861;0.000;0.006;1.183;21749
B516DA;2015/02/27 00:35:17;21749;79;25.4;26.0;2.735;1.477;0.806;0.000;0.006;1.216;21750
B516DA;2015/02/27 00:35:27;21750;89;31.2;26.2;2.754;1.496;0.806;0.000;0.006;1.212;21751
B516DA;2015/02/27 00:35:37;21751;90;26.4;26.3;2.770;1.496;0.835;0.000;0.006;1.190;21752
B516DA;2015/02/27 00:35:47;21752;87;30.0;26.0;2.603;1.483;0.835;0.000;0.022;1.212;21753
B516DA;2015/02/27 00:35:57;21753;85;27.7;25.7;2.741;1.483;0.806;0.000;0.022;1.170;21754
B516DA;2015/02/27 00:36:07;21754;81;29.3;26.2;2.706;1.474;0.806;0.000;0.022;1.193;21755
B516DA;2015/02/27 00:36:17;21755;84;30.0;25.8;2.574;1.474;0.829;0.000;0.022;1.196;21756
B516DA;2015/02/27 00:36:27;21756;88;25.4;26.3;2.570;1.490;0.829;0.000;0.077;1.145;21757
B516DA;2015/02/27 00:36:37;21757;78;32.5;26.3;2.758;1.490;0.806;0.000;0.077;1.158;21758
B516DA;2015/02/27 00:36:47;21758;87;31.9;26.2;2.767;1.483;0.806;0.000;0.077;1.174;21759
B516DA;2015/02/27 00:36:57;21759;83;31.6;25.5;2.564;1.483;0.806;0.000;0.077;1.158;21760
B516DA;2015/02/27 00:37:07;21760;91;32.2;26.2;2.683;1.506;0.806;0.000;0.048;1.174;21761
B516DA;2015/02/27 00:37:17;21761;87;25.8;25.8;2.725;1.506;0.809;0.000;0.048;1.190;21762
B516DA;2015/02/27 00:37:27;21762;81;26.1;25.8;2.600;1.477;0.809;0.000;0.048;1.154;21763
B516DA;2015/02/27 00:37:37;21763;89;26.4;26.2;2.693;1.477;0.806;0.000;0.048;1.190;21764
B516DA;2015/02/27 00:37:47;21764;86;31.6;26.3;2.558;1.477;0.806;0.000;0.054;1.154;21765
B516DA;2015/02/27 00:37:57;21765;90;29.6;26.3;2.561;1.477;0.809;0.000;0.054;1.167;21766
B516DA;2015/02/27 00:38:07;21766;83;27.7;26.5;2.603;1.487;0.809;0.000;0.054;1.151;21767
B516DA;2015/02/27 00:38:17;21767;84;27.0;26.3;2.687;1.487;0.812;0.000;0.054;1.161;21768
B516DA;2015/02/27 00:38:27;21768;93;27.4;26.0;2.561;1.490;0.812;0.000;0.016;1.164;21769
B516DA;2015/02/27 00:38:37;21769;80;32.2;25.8;2.561;1.490;0.861;0.000;0.016;1.145;21770
B516DA;2015/02/27 00:38:47;21770;88;25.4;26.0;2.648;1.483;0.861;0.009;0.016;1.154;21771
B516DA;2015/02/27 00:38:57;21771;85;25.4;26.2;2.622;1.483;0.812;0.009;0.016;1.170;21772
B516DA;2015/02/27 00:39:07;21772;91;30.6;25.7;2.735;1.506;0.812;0.009;0.012;1.141;21773
B516DA;2015/02/27 00:39:17;21773;84;28.0;26.5;2.758;1.506;0.806;0.009;0.012;1.158;21774
B516DA;2015/02/27 00:39:27;21774;88;30.0;26.3;2.551;1.477;0.806;0.000;0.012;1.151;21775
B516DA;2015/02/27 00:39:37;21775;89;25.1;26.0;2.596;1.477;0.858;0.000;0.012;1.177;21776
B516DA;2015/02/27 00:39:47;21776;78;30.3;26.2;2.574;1.480;0.858;0.000;0.006;1.164;21777
B516DA;2015/02/27 00:39:57;21777;83;31.9;26.0;2.754;1.480;0.812;0.000;0.006;1.161;21778
B516DA;2015/02/27 00:40:07;21778;73;27.0;25.7;2.654;1.503;0.812;0.000;0.006;1.180;21779
B516DA;2015/02/27 00:40:17;21779;86;26.4;25.7;2.770;1.503;0.822;0.000;0.006;1.167;21780
B516DA;2015/02/27 00:40:27;21780;83;26.1;26.7;2.596;1.477;0.822;0.000;0.006;1.187;21781
B516DA;2015/02/27 00:40:37;21781;90;27.0;26.2;2.583;1.477;0.835;0.000;0.006;1.199;21782
B516DA;2015/02/27 00:40:47;21782;88;25.4;26.3;2.564;1.500;0.835;0.000;0.006;1.196;21783
B516DA;2015/02/27 00:40:57;21783;83;28.0;26.0;2.683;1.500;0.854;0.000;0.006;1.183;21784
B516DA;2015/02/27 00:41:07;21784;87;29.3;26.2;2.706;1.474;0.854;0.000;0.000;1.154;21785
B516DA;2015/02/27 00:41:17;21785;87;28.7;25.8;2.577;1.474;0.806;0.000;0.000;1.164;21786
B516DA;2015/02/27 00:41:27;21786;93;30.3;26.0;2.587;1.500;0.806;0.000;0.000;1.164;21787
B516DA;2015/02/27 00:41:37;21787;88;31.9;26.2;2.574;1.500;0.819;0.000;0.000;1.138;21788
B516DA;2015/02/27 00:41:47;21788;78;30.9;25.8;2.754;1.503;0.819;0.000;0.119;1.190;21789
B516DA;2015/02/27 00:41:57;21789;79;28.0;26.3;2.741;1.503;0.806;0.000;0.119;1.161;21790
B516DA;2015/02/27 00:42:07;21790;87;30.9;25.8;2.577;1.480;0.806;0.006;0.119;1.193;21791
B516DA;2015/02/27 00:42:17;21791;87;29.6;25.8;2.767;1.480;0.809;0.006;0.119;1.167;21792
B516DA;2015/02/27 00:42:27;21792;84;27.0;26.0;2.596;1.506;0.809;0.006;0.022;1.183;21793
B516DA;2015/02/27 00:42:37;21793;83;30.9;25.8;2.583;1.506;0.825;0.006;0.022;1.203;21794
B516DA;2015/02/27 00:42:47;21794;80;30.6;25.5;2.551;1.470;0.825;0.000;0.022;1.199;21795
B516DA;2015/02/27 00:42:57;21795;83;26.1;26.0;2.593;1.470;0.825;0.000;0.022;1.196;21796
B516DA;2015/02/27 00:43:07;21796;87;28.7;25.1;2.683;1.490;0.825;0.000;0.093;1.158;21797
B516DA;2015/02/27 00:43:17;21797;74;29.6;24.8;2.748;1.490;0.806;0.000;0.093;1.190;21798
B516DA;2015/02/27 00:43:27;21798;92;31.6;25.8;2.754;1.490;0.806;0.000;0.093;1.154;21799
B516DA;2015/02/27 00:43:37;21799;83;28.3;25.5;2.748;1.490;0.803;0.000;0.093;1.154;21800
B516DA;2015/02/27 00:43:47;21800;88;31.6;26.2;2.758;1.493;0.803;0.000;0.016;1.170;21801
B516DA;2015/02/27 00:43:57;21801;86;30.0;25.5;2.564;1.493;0.806;0.000;0.016;1.158;21802
B516DA;2015/02/27 00:44:07;21802;83;27.4;25.1;2.751;1.493;0.806;0.000;0.016;1.183;21803
B516DA;2015/02/27 00:44:17;21803;89;26.1;25.5;2.590;1.493;0.851;0.000;0.016;1.145;21804
B516DA;2015/02/27 00:44:27;21804;93;28.7;25.7;2.551;1.480;0.851;0.000;0.019;1.170;21805
B516DA;2015/02/27 00:44:37;21805;83;28.7;26.0;2.748;1.480;0.861;0.000;0.019;1.199;21806
B516DA;2015/02/27 00:44:47;21806;87;27.7;26.2;2.564;1.500;0.861;0.000;0.019;1.180;21807
B516DA;2015/02/27 00:44:57;21807;91;27.7;25.7;2.735;1.500;0.812;0.000;0.019;1.187;21808
B516DA;2015/02/27 00:45:07;21808;89;28.0;25.7;2.716;1.487;0.812;0.000;0.019;1.167;21809
B516DA;2015/02/27 00:45:17;21809;85;29.3;26.0;2.774;1.487;0.812;0.000;0.019;1.183;21810
B516DA;2015/02/27 00:45:27;21810;81;33.2;26.2;2.774;1.480;0.812;0.000;0.019;1.187;21811
B516DA;2015/02/27 00:45:37;21811;82;30.9;26.2;2.558;1.480;0.809;0.000;0.019;1.170;21812
B516DA;2015/02/27 00:45:47;21812;89;30.3;25.5;2.774;1.522;0.809;0.000;0.067;1.164;21813
B516DA;2015/02/27 00:45:57;21813;74;29.3;26.2;2.554;1.522;0.812;0.000;0.067;1.206;21814
B516DA;2015/02/27 00:46:07;21814;88;28.3;26.2;2.558;1.487;0.812;0.000;0.067;1.206;21815
B516DA;2015/02/27 00:46:17;21815;81;26.4;25.8;2.677;1.487;0.819;0.000;0.067;1.183;21816
B516DA;2015/02/27 00:46:27;21816;84;31.9;26.2;2.712;1.500;0.819;0.000;0.019;1.216;21817
B516DA;2015/02/27 00:46:37;21817;89;27.7;25.7;2.767;1.500;0.829;0.000;0.019;1.180;21818
B516DA;2015/02/27 00:46:47;21818;77;30.6;26.0;2.748;1.525;0.829;0.000;0.019;1.212;21819
B516DA;2015/02/27 00:46:57;21819;89;28.3;26.0;2.764;1.525;0.812;0.000;0.019;1.187;21820
B516DA;2015/02/27 00:47:07;21820;93;25.4;25.8;2.574;1.487;0.812;0.000;0.022;1.206;21821
B516DA;2015/02/27 00:47:17;21821;86;32.9;26.0;2.554;1.487;0.841;0.000;0.022;1.225;21822
B516DA;2015/02/27 00:47:27;21822;86;27.4;25.8;2.564;1.490;0.841;0.000;0.022;1.212;21823
B516DA;2015/02/27 00:47:37;21823;80;28.7;26.3;2.758;1.490;0.819;0.000;0.022;1.177;21824
B516DA;2015/02/27 00:47:47;21824;84;31.2;26.0;2.767;1.522;0.819;0.000;0.019;1.206;21825
B516DA;2015/02/27 00:47:57;21825;83;29.0;25.5;2.580;1.522;0.874;0.000;0.019;1.216;21826
B516DA;2015/02/27 00:48:07;21826;87;28.0;26.2;2.754;1.487;0.874;0.000;0.019;1.209;21827
B516DA;2015/02/27 00:48:17;21827;90;29.6;26.0;2.777;1.487;0.835;0.000;0.019;1.199;21828
B516DA;2015/02/27 00:48:27;21828;74;31.2;26.2;2.548;1.496;0.835;0.000;0.032;1.248;21829
B516DA;2015/02/27 00:48:37;21829;78;29.6;26.0;2.774;1.496;0.812;0.000;0.032;1.199;21830
B516DA;2015/02/27 00:48:47;21830;90;32.5;25.1;2.693;1.519;0.812;0.000;0.032;1.235;21831
B516DA;2015/02/27 00:48:57;21831;89;29.6;26.2;2.761;1.519;0.867;0.000;0.032;1.190;21832
B516DA;2015/02/27 00:49:07;21832;83;26.1;25.7;2.612;1.483;0.867;0.000;0.006;1.219;21833
B516DA;2015/02/27 00:49:17;21833;91;26.1;25.7;2.748;1.483;0.812;0.000;0.006;1.203;21834
B516DA;2015/02/27 00:49:27;21834;81;26.1;26.2;2.587;1.522;0.812;0.000;0.006;1.212;21835
B516DA;2015/02/27 00:49:37;21835;83;32.9;26.2;2.696;1.522;0.867;0.000;0.006;1.203;21836
B516DA;2015/02/27 00:49:47;21836;87;30.6;26.0;2.564;1.480;0.867;0.000;0.022;1.177;21837
B516DA;2015/02/27 00:49:57;21837;86;27.0;25.8;2.583;1.480;0.812;0.000;0.022;1.219;21838
B516DA;2015/02/27 00:50:07;21838;88;30.6;25.8;2.703;1.500;0.812;0.000;0.022;1.177;21839
B516DA;2015/02/27 00:50:17;21839;82;25.4;26.2;2.609;1.500;0.812;0.000;0.022;1.174;21840
B516DA;2015/02/27 00:50:27;21840;88;25.4;26.5;2.580;1.483;0.812;0.000;0.009;1.174;21841
B516DA;2015/02/27 00:50:37;21841;78;29.3;25.1;2.661;1.483;0.835;0.000;0.009;1.209;21842
B516DA;2015/02/27 00:50:47;21842;75;25.1;26.3;2.564;1.519;0.835;0.000;0.009;1.193;21843
B516DA;2015/02/27 00:50:57;21843;83;28.3;25.8;2.583;1.519;0.867;0.000;0.009;1.164;21844
B516DA;2015/02/27 00:51:07;21844;83;30.9;25.8;2.554;1.519;0.867;0.000;0.019;1.180;21845
B516DA;2015/02/27 00:51:17;21845;85;28.0;26.3;2.754;1.519;0.829;0.000;0.019;1.203;21846
B516DA;2015/02/27 00:51:27;21846;87;33.5;26.2;2.603;1.496;0.829;0.000;0.019;1.212;21847
B516DA;2015/02/27 00:51:37;21847;76;26.1;25.8;2.658;1.496;0.864;0.000;0.019;1.193;21848
B516DA;2015/02/27 00:51:47;21848;93;32.5;25.0;2.680;1.519;0.864;0.000;0.119;1.190;21849
B516DA;2015/02/27 00:51:57;21849;79;27.0;25.8;2.687;1.519;0.832;0.000;0.119;1.212;21850
B516DA;2015/02/27 00:52:07;21850;83;27.0;25.5;2.667;1.516;0.832;0.003;0.119;1.190;21851
B516DA;2015/02/27 00:52:17;21851;83;33.2;25.5;2.551;1.516;0.870;0.003;0.119;1.193;21852
B516DA;2015/02/27 00:52:27;21852;88;30.3;26.0;2.580;1.496;0.870;0.003;0.016;1.245;21853
B516DA;2015/02/27 00:52:37;21853;80;32.5;26.2;2.654;1.496;0.832;0.003;0.016;1.232;21854
B516DA;2015/02/27 00:52:47;21854;83;31.6;26.2;2.761;1.529;0.832;0.000;0.016;1.219;21855
B516DA;2015/02/27 00:52:57;21855;85;26.1;25.8;2.774;1.529;0.838;0.000;0.016;1.190;21856
B516DA;2015/02/27 00:53:07;21856;79;29.3;25.3;2.712;1.487;0.838;0.000;0.135;1.235;21857
B516DA;2015/02/27 00:53:17;21857;87;26.1;26.2;2.635;1.487;0.835;0.000;0.135;1.225;21858
B516DA;2015/02/27 00:53:27;21858;89;32.5;26.0;2.754;1.500;0.835;0.000;0.135;1.209;21859
B516DA;2015/02/27 00:53:37;21859;83;32.2;26.0;2.564;1.500;0.812;0.000;0.135;1.190;21860
B516DA;2015/02/27 00:53:47;21860;79;30.6;25.8;2.767;1.487;0.812;0.000;0.022;1.203;21861
B516DA;2015/02/27 00:53:57;21861;83;29.3;26.0;2.767;1.487;0.864;0.000;0.022;1.229;21862
B516DA;2015/02/27 00:54:07;21862;80;30.3;26.0;2.590;1.516;0.864;0.000;0.022;1.219;21863
B516DA;2015/02/27 00:54:17;21863;84;32.9;25.8;2.774;1.516;0.829;0.000;0.022;1.203;21864
B516DA;2015/02/27 00:54:27;21864;90;30.0;25.5;2.564;1.509;0.829;0.000;0.035;1.203;21865
B516DA;2015/02/27 00:54:37;21865;93;29.6;26.3;2.777;1.509;0.829;0.000;0.035;1.193;21866
B516DA;2015/02/27 00:54:47;21866;87;29.6;25.7;2.712;1.480;0.829;0.029;0.035;1.199;21867
B516DA;2015/02/27 00:54:57;21867;90;26.1;26.2;2.648;1.480;0.812;0.029;0.035;1.193;21868
B516DA;2015/02/27 00:55:07;21868;86;30.9;25.8;2.558;1.496;0.812;0.029;0.022;1.209;21869
B516DA;2015/02/27 00:55:17;21869;76;25.8;25.8;2.732;1.496;0.816;0.029;0.022;1.209;21870
B516DA;2015/02/27 00:55:27;21870;84;29.6;25.7;2.709;1.477;0.816;0.000;0.022;1.216;21871
B516DA;2015/02/27 00:55:37;21871;85;27.0;26.0;2.690;1.477;0.812;0.000;0.022;1.187;21872
B516DA;2015/02/27 00:55:47;21872;83;26.1;25.7;2.625;1.493;0.812;0.000;0.006;1.225;21873
B516DA;2015/02/27 00:55:57;21873;82;26.7;26.0;2.664;1.493;0.812;0.000;0.006;1.222;21874
B516DA;2015/02/27 00:56:07;21874;89;27.7;26.0;2.567;1.480;0.812;0.000;0.006;1.216;21875
B516DA;2015/02/27 00:56:17;21875;83;29.6;25.1;2.564;1.480;0.832;0.000;0.006;1.232;21876
B516DA;2015/02/27 00:56:27;21876;88;26.4;25.7;2.641;1.480;0.832;0.000;0.119;1.209;21877
B516DA;2015/02/27 00:56:37;21877;80;30.0;26.0;2.703;1.480;0.841;0.000;0.119;1.241;21878
B516DA;2015/02/27 00:56:47;21878;93;31.9;25.8;2.754;1.493;0.841;0.006;0.119;1.206;21879
B516DA;2015/02/27 00:56:57;21879;83;26.1;26.0;2.767;1.493;0.819;0.006;0.119;1.190;21880
B516DA;2015/02/27 00:57:07;21880;90;26.4;25.5;2.596;1.512;0.819;0.006;0.083;1.212;21881
B516DA;2015/02/27 00:57:17;21881;88;30.3;26.2;2.564;1.512;0.819;0.006;0.083;1.177;21882
B516DA;2015/02/27 00:57:27;21882;84;26.7;26.3;2.561;1.487;0.819;0.000;0.083;1.203;21883
B516DA;2015/02/27 00:57:37;21883;86;31.6;25.1;2.564;1.487;0.874;0.000;0.083;1.199;21884
B516DA;2015/02/27 00:57:47;21884;85;25.4;25.3;2.587;1.500;0.874;0.000;0.019;1.212;21885
B516DA;2015/02/27 00:57:57;21885;85;32.2;25.0;2.564;1.500;0.819;0.000;0.019;1.222;21886
B516DA;2015/02/27 00:58:07;21886;85;30.3;25.7;2.574;1.490;0.819;0.000;0.019;1.222;21887
B516DA;2015/02/27 00:58:17;21887;88;26.4;25.3;2.696;1.490;0.816;0.000;0.019;1.235;21888
B516DA;2015/02/27 00:58:27;21888;86;26.1;25.8;2.603;1.509;0.816;0.000;0.061;1.219;21889
B516DA;2015/02/27 00:58:37;21889;75;27.4;25.8;2.687;1.509;0.816;0.000;0.061;1.232;21890
B516DA;2015/02/27 00:58:47;21890;82;26.1;25.7;2.583;1.483;0.816;0.041;0.061;1.187;21891
B516DA;2015/02/27 00:58:57;21891;88;30.6;26.0;2.774;1.483;0.848;0.041;0.061;1.225;21892
B516DA;2015/02/27 00:59:07;21892;80;28.3;25.5;2.758;1.503;0.848;0.041;0.016;1.187;21893
B516DA;2015/02/27 00:59:17;21893;78;32.2;26.0;2.758;1.503;0.854;0.041;0.016;1.187;21894
B516DA;2015/02/27 00:59:27;21894;83;26.4;26.3;2.564;1.503;0.854;0.000;0.016;1.212;21895
B516DA;2015/02/27 00:59:37;21895;85;29.6;25.7;2.774;1.503;0.816;0.000;0.016;1.187;21896
B516DA;2015/02/27 00:59:47;21896;93;31.2;25.5;2.761;1.487;0.816;0.000;0.145;1.177;21897
B516DA;2015/02/27 00:59:57;21897;89;30.6;26.2;2.774;1.487;0.841;0.000;0.145;1.222;21898
B516DA;2015/02/27 01:00:07;21898;93;31.9;26.0;2.551;1.529;0.841;0.038;0.145;1.199;21899
B516DA;2015/02/27 01:00:17;21899;91;26.4;25.8;2.774;1.529;0.874;0.038;0.145;1.180;21900
B516DA;2015/02/27 01:00:27;21900;78;30.9;25.7;2.564;1.483;0.874;0.038;0.022;1.212;21901
B516DA;2015/02/27 01:00:37;21901;78;29.6;25.5;2.574;1.483;0.870;0.038;0.022;1.190;21902
B516DA;2015/02/27 01:00:47;21902;80;28.7;25.1;2.661;1.503;0.870;0.000;0.022;1.219;21903
B516DA;2015/02/27 01:00:57;21903;88;30.0;25.8;2.774;1.503;0.819;0.000;0.022;1.193;21904
B516DA;2015/02/27 01:01:07;21904;80;29.3;25.1;2.729;1.483;0.819;0.000;0.041;1.187;21905
B516DA;2015/02/27 01:01:17;21905;75;26.4;25.7;2.670;1.483;0.825;0.000;0.041;1.196;21906
B516DA;2015/02/27 01:01:27;21906;84;32.5;25.0;2.761;1.493;0.825;0.000;0.041;1.190;21907
B516DA;2015/02/27 01:01:37;21907;85;26.1;25.3;2.648;1.493;0.854;0.000;0.041;1.183;21908
B516DA;2015/02/27 01:01:47;21908;78;26.4;25.7;2.590;1.496;0.854;0.000;0.025;1.190;21909
B516DA;2015/02/27 01:01:57;21909;87;31.9;26.0;2.570;1.496;0.816;0.000;0.025;1.219;21910
B516DA;2015/02/27 01:02:07;21910;77;30.0;26.2;2.748;1.525;0.816;0.000;0.025;1.206;21911
B516DA;2015/02/27 01:02:17;21911;85;26.7;25.7;2.696;1.525;0.816;0.000;0.025;1.180;21912
B516DA;2015/02/27 01:02:27;21912;83;30.3;26.2;2.561;1.529;0.816;0.000;0.009;1.216;21913
B516DA;2015/02/27 01:02:37;21913;82;25.8;25.5;2.635;1.529;0.864;0.000;0.009;1.177;21914
B516DA;2015/02/27 01:02:47;21914;77;29.0;25.5;2.699;1.512;0.864;0.000;0.009;1.229;21915
B516DA;2015/02/27 01:02:57;21915;80;30.3;26.0;2.761;1.512;0.812;0.000;0.009;1.212;21916
B516DA;2015/02/27 01:03:07;21916;88;31.2;25.7;2.761;1.493;0.812;0.000;0.009;1.187;21917
B516DA;2015/02/27 01:03:17;21917;82;29.3;26.0;2.558;1.493;0.816;0.000;0.009;1.187;21918
B516DA;2015/02/27 01:03:27;21918;90;26.4;25.3;2.712;1.506;0.816;0.000;0.009;1.193;21919
B516DA;2015/02/27 01:03:37;21919;82;29.3;25.0;2.564;1.506;0.832;0.000;0.009;1.209;21920
B516DA;2015/02/27 01:03:47;21920;85;32.2;25.8;2.754;1.483;0.832;0.000;0.016;1.229;21921
B516DA;2015/02/27 01:03:57;21921;88;25.4;25.3;2.593;1.483;0.819;0.000;0.016;1.177;21922
B516DA;2015/02/27 01:04:07;21922;82;29.0;26.0;2.564;1.509;0.819;0.000;0.016;1.196;21923
B516DA;2015/02/27 01:04:17;21923;88;28.0;26.0;2.754;1.509;0.861;0.000;0.016;1.183;21924
B516DA;2015/02/27 01:04:27;21924;89;25.4;25.7;2.564;1.506;0.861;0.000;0.054;1.180;21925
B516DA;2015/02/27 01:04:37;21925;90;31.6;25.3;2.558;1.506;0.864;0.000;0.054;1.187;21926
B516DA;2015/02/27 01:04:47;21926;83;25.8;26.3;2.574;1.522;0.864;0.000;0.054;1.193;21927
B516DA;2015/02/27 01:04:57;21927;81;28.0;25.5;2.574;1.522;0.835;0.000;0.054;1.154;21928
B516DA;2015/02/27 01:05:07;21928;90;30.0;25.8;2.558;1.519;0.835;0.000;0.016;1.164;21929
B516DA;2015/02/27 01:05:17;21929;90;30.9;25.3;2.583;1.519;0.812;0.000;0.016;1.190;21930
B516DA;2015/02/27 01:05:27;21930;90;32.5;25.3;2.706;1.506;0.812;0.000;0.016;1.203;21931
B516DA;2015/02/27 01:05:37;21931;89;27.0;25.7;2.690;1.506;0.819;0.000;0.016;1.190;21932
B516DA;2015/02/27 01:05:47;21932;93;29.0;26.0;2.625;1.490;0.819;0.000;0.006;1.177;21933
B516DA;2015/02/27 01:05:57;21933;89;29.6;25.7;2.754;1.490;0.822;0.000;0.006;1.187;21934
B516DA;2015/02/27 01:06:07;21934;77;30.0;25.8;2.683;1.512;0.822;0.006;0.006;1.180;21935
B516DA;2015/02/27 01:06:17;21935;85;30.6;25.8;2.661;1.512;0.867;0.006;0.006;1.164;21936
B516DA;2015/02/27 01:06:27;21936;86;25.4;25.8;2.574;1.532;0.867;0.006;0.070;1.180;21937
B516DA;2015/02/27 01:06:37;21937;88;28.7;25.7;2.564;1.532;0.829;0.006;0.070;1.141;21938
B516DA;2015/02/27 01:06:47;21938;81;26.7;26.3;2.564;1.493;0.829;0.000;0.070;1.164;21939
B516DA;2015/02/27 01:06:57;21939;83;27.4;26.0;2.722;1.493;0.816;0.000;0.070;1.141;21940
B516DA;2015/02/27 01:07:07;21940;85;32.2;26.2;2.551;1.483;0.816;0.000;0.016;1.151;21941
B516DA;2015/02/27 01:07:17;21941;83;30.9;26.0;2.570;1.483;0.832;0.000;0.016;1.148;21942
B516DA;2015/02/27 01:07:27;21942;83;30.3;25.8;2.570;1.487;0.832;0.000;0.016;1.164;21943
B516DA;2015/02/27 01:07:37;21943;85;26.1;26.0;2.680;1.487;0.812;0.000;0.016;1.174;21944
B516DA;2015/02/27 01:07:47;21944;91;27.4;25.5;2.638;1.483;0.812;0.000;0.058;1.190;21945
B516DA;2015/02/27 01:07:57;21945;83;26.4;25.8;2.583;1.483;0.848;0.000;0.058;1.154;21946
B516DA;2015/02/27 01:08:07;21946;83;30.3;26.2;2.758;1.483;0.848;0.000;0.058;1.206;21947
B516DA;2015/02/27 01:08:17;21947;85;30.9;26.3;2.683;1.483;0.861;0.000;0.058;1.196;21948
B516DA;2015/02/27 01:08:27;21948;79;29.3;25.3;2.699;1.487;0.861;0.000;0.019;1.164;21949
B516DA;2015/02/27 01:08:37;21949;83;32.5;26.2;2.777;1.487;0.819;0.000;0.019;1.199;21950
B516DA;2015/02/27 01:08:47;21950;86;32.5;25.3;2.667;1.496;0.819;0.000;0.019;1.177;21951
B516DA;2015/02/27 01:08:57;21951;90;32.2;25.7;2.558;1.496;0.809;0.000;0.019;1.151;21952
B516DA;2015/02/27 01:09:07;21952;85;29.3;25.3;2.712;1.477;0.809;0.000;0.132;1.148;21953
B516DA;2015/02/27 01:09:17;21953;76;31.6;25.7;2.574;1.477;0.819;0.000;0.132;1.183;21954
B516DA;2015/02/27 01:09:27;21954;73;27.0;25.5;2.648;1.506;0.819;0.000;0.132;1.183;21955
B516DA;2015/02/27 01:09:37;21955;92;30.9;26.0;2.774;1.506;0.806;0.000;0.132;1.135;21956
B516DA;2015/02/27 01:09:47;21956;88;28.3;26.0;2.629;1.483;0.806;0.000;0.012;1.154;21957
B516DA;2015/02/27 01:09:57;21957;87;26.4;26.0;2.677;1.483;0.809;0.000;0.012;1.164;21958
B516DA;2015/02/27 01:10:07;21958;88;30.6;26.2;2.741;1.477;0.809;0.000;0.012;1.183;21959
B516DA;2015/02/27 01:10:17;21959;90;26.1;26.0;2.670;1.477;0.858;0.000;0.012;1.158;21960
B516DA;2015/02/27 01:10:27;21960;88;27.7;25.7;2.667;1.493;0.858;0.000;0.099;1.132;21961
B516DA;2015/02/27 01:10:37;21961;87;32.5;26.0;2.774;1.493;0.841;0.000;0.099;1.170;21962
B516DA;2015/02/27 01:10:47;21962;88;28.7;25.7;2.693;1.496;0.841;0.041;0.099;1.183;21963
B516DA;2015/02/27 01:10:57;21963;89;27.0;26.0;2.716;1.496;0.812;0.041;0.099;1.190;21964
B516DA;2015/02/27 01:11:07;21964;81;30.3;26.3;2.754;1.506;0.812;0.041;0.016;1.174;21965
B516DA;2015/02/27 01:11:17;21965;85;29.3;26.0;2.767;1.506;0.819;0.041;0.016;1.196;21966
B516DA;2015/02/27 01:11:27;21966;82;25.8;26.0;2.577;1.496;0.819;0.000;0.016;1.180;21967
B516DA;2015/02/27 01:11:37;21967;79;29.6;25.8;2.774;1.496;0.838;0.000;0.016;1.177;21968
B516DA;2015/02/27 01:11:47;21968;83;32.5;25.5;2.767;1.477;0.838;0.000;0.012;1.209;21969
B516DA;2015/02/27 01:11:57;21969;84;30.9;25.7;2.774;1.477;0.819;0.000;0.012;1.170;21970
B516DA;2015/02/27 01:12:07;21970;84;30.3;26.2;2.551;1.500;0.819;0.000;0.012;1.161;21971
B516DA;2015/02/27 01:12:17;21971;76;26.1;26.3;2.583;1.500;0.854;0.000;0.012;1.187;21972
B516DA;2015/02/27 01:12:27;21972;87;30.0;26.0;2.612;1.516;0.854;0.000;0.041;1.167;21973
B516DA;2015/02/27 01:12:37;21973;81;26.1;25.8;2.748;1.516;0.819;0.000;0.041;1.212;21974
B516DA;2015/02/27 01:12:47;21974;86;29.3;25.7;2.712;1.500;0.819;0.000;0.041;1.170;21975
B516DA;2015/02/27 01:12:57;21975;76;29.3;25.5;2.574;1.500;0.812;0.000;0.041;1.190;21976
B516DA;2015/02/27 01:13:07;21976;77;30.6;25.8;2.551;1.480;0.812;0.000;0.022;1.196;21977
B516DA;2015/02/27 01:13:17;21977;73;28.0;25.7;2.561;1.480;0.861;0.000;0.022;1.174;21978
B516DA;2015/02/27 01:13:27;21978;92;26.1;26.3;2.590;1.506;0.861;0.000;0.022;1.167;21979
B516DA;2015/02/27 01:13:37;21979;89;25.1;25.7;2.629;1.506;0.819;0.000;0.022;1.190;21980
B516DA;2015/02/27 01:13:47;21980;83;30.9;25.8;2.754;1.509;0.819;0.000;0.048;1.190;21981
B516DA;2015/02/27 01:13:57;21981;77;32.2;25.5;2.583;1.509;0.832;0.000;0.048;1.180;21982
B516DA;2015/02/27 01:14:07;21982;90;32.2;25.8;2.567;1.512;0.832;0.000;0.048;1.190;21983
B516DA;2015/02/27 01:14:17;21983;92;32.2;25.3;2.574;1.512;0.877;0.000;0.048;1.216;21984
B516DA;2015/02/27 01:14:27;21984;93;30.9;25.8;2.761;1.506;0.877;0.000;0.083;1.206;21985
B516DA;2015/02/27 01:14:37;21985;81;28.0;26.0;2.774;1.506;0.819;0.000;0.083;1.206;21986
B516DA;2015/02/27 01:14:47;21986;84;27.7;25.5;2.645;1.519;0.819;0.000;0.083;1.193;21987
B516DA;2015/02/27 01:14:57;21987;78;25.8;25.8;2.664;1.519;0.819;0.000;0.083;1.235;21988
B516DA;2015/02/27 01:15:07;21988;88;28.3;26.2;2.561;1.529;0.819;0.000;0.012;1.196;21989
B516DA;2015/02/27 01:15:17;21989;84;29.3;26.0;2.754;1.529;0.819;0.000;0.012;1.177;21990
B516DA;2015/02/27 01:15:27;21990;88;32.5;25.8;2.722;1.493;0.819;0.000;0.012;1.232;21991
B516DA;2015/02/27 01:15:37;21991;74;27.0;26.0;2.748;1.493;0.832;0.000;0.012;1.167;21992
B516DA;2015/02/27 01:15:47;21992;80;26.1;25.7;2.609;1.529;0.832;0.000;0.016;1.190;21993
B516DA;2015/02/27 01:15:57;21993;82;30.9;26.2;2.777;1.529;0.816;0.000;0.016;1.206;21994
B516DA;2015/02/27 01:16:07;21994;73;25.8;26.0;2.564;1.483;0.816;0.000;0.016;1.190;21995
B516DA;2015/02/27 01:16:17;21995;85;28.7;26.0;2.754;1.483;0.816;0.000;0.016;1.177;21996
B516DA;2015/02/27 01:16:27;21996;78;29.3;25.5;2.699;1.483;0.816;0.000;0.016;1.203;21997
B516DA;2015/02/27 01:16:37;21997;88;29.3;26.0;2.774;1.483;0.819;0.000;0.016;1.180;21998
B516DA;2015/02/27 01:16:47;21998;91;25.8;25.8;2.564;1.509;0.819;0.000;0.016;1.174;21999
B516DA;2015/02/27 01:16:57;21999;88;25.8;25.5;2.732;1.509;0.816;0.000;0.016;1.193;22000
B516DA;2015/02/27 01:17:07;22000;92;26.7;25.7;2.761;1.493;0.816;0.000;0.012;1.177;22001
B516DA;2015/02/27 01:17:17;22001;86;27.0;26.0;2.774;1.493;0.819;0.000;0.012;1.193;22002
B516DA;2015/02/27 01:17:27;22002;85;29.3;25.8;2.716;1.522;0.819;0.000;0.012;1.174;22003
B516DA;2015/02/27 01:17:37;22003;82;25.1;25.8;2.635;1.522;0.841;0.000;0.012;1.161;22004
B516DA;2015/02/27 01:17:47;22004;80;25.4;26.0;2.577;1.483;0.841;0.000;0.009;1.180;22005
B516DA;2015/02/27 01:17:57;22005;89;26.7;25.7;2.690;1.483;0.861;0.000;0.009;1.183;22006
B516DA;2015/02/27 01:18:07;22006;84;26.4;25.5;2.709;1.490;0.861;0.000;0.009;1.158;22007
B516DA;2015/02/27 01:18:17;22007;90;31.6;25.3;2.558;1.490;0.877;0.000;0.009;1.190;22008
B516DA;2015/02/27 01:18:27;22008;93;26.1;26.3;2.587;1.519;0.877;0.000;0.012;1.212;22009
B516DA;2015/02/27 01:18:37;22009;90;26.1;25.8;2.641;1.519;0.870;0.000;0.012;1.209;22010
B516DA;2015/02/27 01:18:47;22010;87;28.7;25.0;2.687;1.522;0.870;0.006;0.012;1.183;22011
B516DA;2015/02/27 01:18:57;22011;88;31.6;25.7;2.564;1.522;0.819;0.006;0.012;1.174;22012
B516DA;2015/02/27 01:19:07;22012;87;30.9;26.0;2.732;1.509;0.819;0.006;0.012;1.180;22013
B516DA;2015/02/27 01:19:17;22013;88;32.9;25.7;2.774;1.509;0.835;0.006;0.012;1.177;22014
B516DA;2015/02/27 01:19:27;22014;92;26.1;25.8;2.696;1.529;0.835;0.000;0.012;1.196;22015
B516DA;2015/02/27 01:19:37;22015;89;31.2;26.2;2.554;1.529;0.825;0.000;0.012;1.203;22016
B516DA;2015/02/27 01:19:47;22016;88;25.4;26.2;2.580;1.529;0.825;0.000;0.019;1.174;22017
B516DA;2015/02/27 01:19:57;22017;88;32.2;25.5;2.577;1.529;0.809;0.000;0.019;1.190;22018
B516DA;2015/02/27 01:20:07;22018;85;31.2;26.0;2.761;1.509;0.809;0.000;0.019;1.199;22019
B516DA;2015/02/27 01:20:17;22019;87;30.9;26.5;2.574;1.509;0.861;0.000;0.019;1.190;22020
B516DA;2015/02/27 01:20:27;22020;89;30.3;25.8;2.558;1.509;0.861;0.000;0.067;1.154;22021
B516DA;2015/02/27 01:20:37;22021;80;28.3;25.3;2.658;1.509;0.816;0.000;0.067;1.154;22022
B516DA;2015/02/27 01:20:47;22022;93;30.6;25.5;2.551;1.503;0.816;0.000;0.067;1.161;22023
B516DA;2015/02/27 01:20:57;22023;83;30.0;25.7;2.596;1.503;0.819;0.000;0.067;1.187;22024
B516DA;2015/02/27 01:21:07;22024;89;27.7;25.5;2.767;1.509;0.819;0.000;0.077;1.167;22025
B516DA;2015/02/27 01:21:17;22025;85;29.3;25.7;2.774;1.509;0.822;0.000;0.077;1.170;22026
B516DA;2015/02/27 01:21:27;22026;90;25.4;26.3;2.583;1.500;0.822;0.000;0.077;1.206;22027
B516DA;2015/02/27 01:21:37;22027;89;30.9;25.0;2.577;1.500;0.867;0.000;0.077;1.174;22028
B516DA;2015/02/27 01:21:47;22028;85;29.6;26.0;2.558;1.512;0.867;0.000;0.019;1.209;22029
B516DA;2015/02/27 01:21:57;22029;79;29.3;25.5;2.658;1.512;0.832;0.000;0.019;1.164;22030
B516DA;2015/02/27 01:22:07;22030;84;26.4;25.8;2.564;1.493;0.832;0.000;0.019;1.212;22031
B516DA;2015/02/27 01:22:17;22031;81;29.0;25.7;2.677;1.493;0.812;0.000;0.019;1.161;22032
B516DA;2015/02/27 01:22:27;22032;76;29.0;25.7;2.587;1.519;0.812;0.000;0.054;1.161;22033
B516DA;2015/02/27 01:22:37;22033;87;29.6;26.0;2.670;1.519;0.867;0.000;0.054;1.177;22034
B516DA;2015/02/27 01:22:47;22034;84;28.3;26.2;2.551;1.522;0.867;0.000;0.054;1.206;22035
B516DA;2015/02/27 01:22:57;22035;77;25.8;25.3;2.596;1.522;0.867;0.000;0.054;1.174;22036
B516DA;2015/02/27 01:23:07;22036;83;26.7;25.5;2.654;1.519;0.867;0.000;0.061;1.203;22037
B516DA;2015/02/27 01:23:17;22037;81;25.1;25.5;2.690;1.519;0.816;0.000;0.061;1.190;22038
B516DA;2015/02/27 01:23:27;22038;83;25.8;25.7;2.590;1.525;0.816;0.006;0.061;1.183;22039
B516DA;2015/02/27 01:23:37;22039;87;25.4;25.8;2.729;1.525;0.822;0.006;0.061;1.212;22040
B516DA;2015/02/27 01:23:47;22040;89;30.3;25.7;2.735;1.506;0.822;0.006;0.019;1.193;22041
B516DA;2015/02/27 01:23:57;22041;85;29.6;26.2;2.780;1.506;0.867;0.006;0.019;1.170;22042
B516DA;2015/02/27 01:24:07;22042;85;25.8;26.0;2.574;1.500;0.867;0.000;0.019;1.222;22043
B516DA;2015/02/27 01:24:17;22043;88;31.6;25.3;2.567;1.500;0.874;0.000;0.019;1.193;22044
B516DA;2015/02/27 01:24:27;22044;80;27.7;25.8;2.629;1.493;0.874;0.000;0.054;1.219;22045
B516DA;2015/02/27 01:24:37;22045;83;30.6;25.0;2.629;1.493;0.816;0.000;0.054;1.154;22046
B516DA;2015/02/27 01:24:47;22046;77;26.7;25.3;2.674;1.500;0.816;0.000;0.054;1.174;22047
B516DA;2015/02/27 01:24:57;22047;78;25.4;25.8;2.670;1.500;0.816;0.000;0.054;1.148;22048
B516DA;2015/02/27 01:25:07;22048;90;29.6;26.2;2.754;1.483;0.816;0.000;0.000;1.161;22049
B516DA;2015/02/27 01:25:17;22049;84;28.0;25.5;2.577;1.483;0.812;0.000;0.000;1.177;22050
B516DA;2015/02/27 01:25:27;22050;92;30.0;26.0;2.551;1.496;0.812;0.000;0.000;1.132;22051
B516DA;2015/02/27 01:25:37;22051;84;27.0;25.7;2.712;1.496;0.816;0.000;0.000;1.151;22052
B516DA;2015/02/27 01:25:47;22052;86;32.5;25.5;2.767;1.480;0.816;0.000;0.022;1.125;22053
B516DA;2015/02/27 01:25:57;22053;80;26.1;26.0;2.664;1.480;0.816;0.000;0.022;1.167;22054
B516DA;2015/02/27 01:26:07;22054;90;29.0;25.7;2.699;1.500;0.816;0.000;0.022;1.158;22055
B516DA;2015/02/27 01:26:17;22055;78;25.4;25.8;2.648;1.500;0.874;0.000;0.022;1.180;22056
B516DA;2015/02/27 01:26:27;22056;90;30.3;26.0;2.564;1.516;0.874;0.000;0.054;1.187;22057
B516DA;2015/02/27 01:26:37;22057;83;28.0;25.5;2.577;1.516;0.822;0.000;0.054;1.158;22058
B516DA;2015/02/27 01:26:47;22058;83;30.6;26.0;2.748;1.512;0.822;0.000;0.054;1.199;22059
B516DA;2015/02/27 01:26:57;22059;90;26.1;26.2;2.577;1.512;0.829;0.000;0.054;1.203;22060
B516DA;2015/02/27 01:27:07;22060;82;26.7;25.1;2.609;1.480;0.829;0.000;0.019;1.203;22061
B516DA;2015/02/27 01:27:17;22061;91;30.0;26.2;2.622;1.480;0.822;0.000;0.019;1.167;22062
B516DA;2015/02/27 01:27:27;22062;92;30.3;25.7;2.551;1.509;0.822;0.000;0.019;1.203;22063
B516DA;2015/02/27 01:27:37;22063;80;26.1;25.7;2.767;1.509;0.874;0.000;0.019;1.174;22064
B516DA;2015/02/27 01:27:47;22064;85;30.0;25.5;2.761;1.487;0.874;0.000;0.019;1.196;22065
B516DA;2015/02/27 01:27:57;22065;81;32.2;25.5;2.561;1.487;0.845;0.000;0.019;1.174;22066
B516DA;2015/02/27 01:28:07;22066;87;32.9;25.3;2.738;1.483;0.845;0.000;0.019;1.177;22067
B516DA;2015/02/27 01:28:17;22067;78;30.3;26.0;2.754;1.483;0.867;0.000;0.019;1.193;22068
B516DA;2015/02/27 01:28:27;22068;87;30.3;25.5;2.551;1.522;0.867;0.000;0.019;1.183;22069
B516DA;2015/02/27 01:28:37;22069;88;30.9;25.7;2.777;1.522;0.861;0.000;0.019;1.190;22070
B516DA;2015/02/27 01:28:47;22070;74;29.3;25.8;2.719;1.496;0.861;0.000;0.019;1.209;22071
B516DA;2015/02/27 01:28:57;22071;85;30.3;25.3;2.561;1.496;0.845;0.000;0.019;1.229;22072
B516DA;2015/02/27 01:29:07;22072;79;26.1;26.5;2.616;1.522;0.845;0.000;0.099;1.206;22073
B516DA;2015/02/27 01:29:17;22073;83;27.0;25.7;2.683;1.522;0.848;0.000;0.099;1.174;22074
B516DA;2015/02/27 01:29:27;22074;86;26.4;26.3;2.609;1.525;0.848;0.000;0.099;1.183;22075
B516DA;2015/02/27 01:29:37;22075;92;26.1;25.8;2.658;1.525;0.867;0.000;0.099;1.216;22076
B516DA;2015/02/27 01:29:47;22076;85;28.3;26.2;2.558;1.496;0.867;0.000;0.012;1.193;22077
B516DA;2015/02/27 01:29:57;22077;87;28.0;25.7;2.567;1.496;0.867;0.000;0.012;1.190;22078
B516DA;2015/02/27 01:30:07;22078;92;29.6;25.3;2.722;1.522;0.867;0.000;0.012;1.161;22079
B516DA;2015/02/27 01:30:17;22079;91;32.2;26.2;2.738;1.522;0.819;0.000;0.012;1.154;22080
B516DA;2015/02/27 01:30:27;22080;92;25.1;26.3;2.564;1.529;0.819;0.000;0.087;1.196;22081
B516DA;2015/02/27 01:30:37;22081;78;31.6;25.3;2.561;1.529;0.819;0.000;0.087;1.158;22082
B516DA;2015/02/27 01:30:47;22082;77;29.6;25.7;2.751;1.519;0.819;0.000;0.087;1.167;22083
B516DA;2015/02/27 01:30:57;22083;81;31.6;25.5;2.567;1.519;0.816;0.000;0.087;1.183;22084
B516DA;2015/02/27 01:31:07;22084;76;27.4;25.0;2.683;1.512;0.816;0.000;0.009;1.187;22085
B516DA;2015/02/27 01:31:17;22085;87;32.5;26.0;2.645;1.512;0.858;0.000;0.009;1.167;22086
B516DA;2015/02/27 01:31:27;22086;87;30.9;25.8;2.561;1.493;0.858;0.000;0.009;1.199;22087
B516DA;2015/02/27 01:31:37;22087;81;27.0;25.8;2.774;1.493;0.819;0.000;0.009;1.170;22088
B516DA;2015/02/27 01:31:47;22088;87;29.3;25.7;2.754;1.490;0.819;0.000;0.138;1.132;22089
B516DA;2015/02/27 01:31:57;22089;75;28.0;26.0;2.577;1.490;0.822;0.000;0.138;1.135;22090
B516DA;2015/02/27 01:32:07;22090;86;30.9;26.2;2.645;1.503;0.822;0.000;0.138;1.154;22091
B516DA;2015/02/27 01:32:17;22091;83;26.1;26.0;2.754;1.503;0.867;0.000;0.138;1.141;22092
B516DA;2015/02/27 01:32:27;22092;77;27.4;25.3;2.693;1.512;0.867;0.000;0.051;1.164;22093
B516DA;2015/02/27 01:32:37;22093;84;31.6;25.3;2.577;1.512;0.841;0.000;0.051;1.180;22094
B516DA;2015/02/27 01:32:47;22094;82;27.4;25.7;2.641;1.483;0.841;0.000;0.051;1.167;22095
B516DA;2015/02/27 01:32:57;22095;85;28.0;25.8;2.570;1.483;0.816;0.000;0.051;1.151;22096
B516DA;2015/02/27 01:33:07;22096;86;25.8;25.8;2.596;1.496;0.816;0.000;0.003;1.145;22097
B516DA;2015/02/27 01:33:17;22097;87;30.0;25.8;2.741;1.496;0.835;0.000;0.003;1.141;22098
B516DA;2015/02/27 01:33:27;22098;83;25.4;26.0;2.577;1.503;0.835;0.045;0.003;1.132;22099
B516DA;2015/02/27 01:33:37;22099;81;26.4;26.0;2.722;1.503;0.867;0.045;0.003;1.174;22100
B516DA;2015/02/27 01:33:47;22100;83;28.0;26.2;2.774;1.512;0.867;0.045;0.077;1.135;22101
B516DA;2015/02/27 01:33:57;22101;77;25.1;25.8;2.729;1.512;0.819;0.045;0.077;1.164;22102
B516DA;2015/02/27 01:34:07;22102;84;32.2;26.0;2.758;1.516;0.819;0.000;0.077;1.135;22103
B516DA;2015/02/27 01:34:17;22103;89;32.2;25.5;2.580;1.516;0.829;0.000;0.077;1.154;22104
B516DA;2015/02/27 01:34:27;22104;91;28.0;25.8;2.567;1.493;0.829;0.000;0.012;1.122;22105
B516DA;2015/02/27 01:34:37;22105;81;30.3;25.3;2.622;1.493;0.816;0.000;0.012;1.148;22106
B516DA;2015/02/27 01:34:47;22106;89;31.9;25.8;2.767;1.503;0.816;0.000;0.012;1.167;22107
B516DA;2015/02/27 01:34:57;22107;85;33.2;25.5;2.596;1.503;0.822;0.000;0.012;1.135;22108
B516DA;2015/02/27 01:35:07;22108;87;26.4;26.7;2.596;1.500;0.822;0.000;0.000;1.112;22109
B516DA;2015/02/27 01:35:17;22109;85;32.5;26.3;2.735;1.500;0.816;0.000;0.000;1.141;22110
B516DA;2015/02/27 01:35:27;22110;86;27.4;25.7;2.687;1.496;0.816;0.000;0.000;1.116;22111
B516DA;2015/02/27 01:35:37;22111;87;25.1;25.8;2.754;1.496;0.829;0.000;0.000;1.129;22112
B516DA;2015/02/27 01:35:47;22112;90;30.9;26.3;2.558;1.509;0.829;0.000;0.145;1.164;22113
B516DA;2015/02/27 01:35:57;22113;88;30.9;25.7;2.564;1.509;0.812;0.000;0.145;1.122;22114
B516DA;2015/02/27 01:36:07;22114;85;28.7;25.3;2.767;1.483;0.812;0.000;0.145;1.132;22115
B516DA;2015/02/27 01:36:17;22115;76;27.0;26.2;2.777;1.483;0.822;0.000;0.145;1.161;22116
B516DA;2015/02/27 01:36:27;22116;90;27.0;25.7;2.641;1.483;0.822;0.000;0.067;1.135;22117
B516DA;2015/02/27 01:36:37;22117;84;26.4;26.2;2.690;1.483;0.841;0.000;0.067;1.132;22118
B516DA;2015/02/27 01:36:47;22118;91;30.0;26.0;2.561;1.490;0.841;0.000;0.067;1.167;22119
B516DA;2015/02/27 01:36:57;22119;85;26.1;26.0;2.767;1.490;0.822;0.000;0.067;1.170;22120
B516DA;2015/02/27 01:37:07;22120;84;30.0;26.0;2.551;1.522;0.822;0.000;0.019;1.154;22121
B516DA;2015/02/27 01:37:17;22121;87;25.1;25.8;2.629;1.522;0.845;0.000;0.019;1.167;22122
B516DA;2015/02/27 01:37:27;22122;80;26.1;25.5;2.616;1.496;0.845;0.000;0.019;1.170;22123
B516DA;2015/02/27 01:37:37;22123;79;30.6;25.5;2.583;1.496;0.861;0.000;0.019;1.161;22124
B516DA;2015/02/27 01:37:47;22124;78;27.0;25.5;2.641;1.512;0.861;0.000;0.012;1.148;22125
B516DA;2015/02/27 01:37:57;22125;85;29.6;25.5;2.570;1.512;0.829;0.000;0.012;1.151;22126
B516DA;2015/02/27 01:38:07;22126;83;25.4;26.9;2.609;1.477;0.829;0.000;0.012;1.148;22127
B516DA;2015/02/27 01:38:17;22127;82;31.6;26.3;2.554;1.477;0.812;0.000;0.012;1.170;22128
B516DA;2015/02/27 01:38:27;22128;88;32.9;25.8;2.699;1.477;0.812;0.000;0.000;1.154;22129
B516DA;2015/02/27 01:38:37;22129;79;28.3;26.2;2.583;1.477;0.816;0.000;0.000;1.129;22130
B516DA;2015/02/27 01:38:47;22130;82;31.2;26.3;2.680;1.474;0.816;0.000;0.000;1.145;22131
B516DA;2015/02/27 01:38:57;22131;83;30.9;26.0;2.767;1.474;0.812;0.000;0.000;1.129;22132
B516DA;2015/02/27 01:39:07;22132;83;26.1;26.0;2.564;1.496;0.812;0.000;0.112;1.161;22133
B516DA;2015/02/27 01:39:17;22133;83;29.3;26.2;2.774;1.496;0.819;0.000;0.112;1.154;22134
B516DA;2015/02/27 01:39:27;22134;93;31.6;25.8;2.761;1.483;0.819;0.025;0.112;1.135;22135
B516DA;2015/02/27 01:39:37;22135;89;30.9;25.3;2.583;1.483;0.848;0.025;0.112;1.122;22136
B516DA;2015/02/27 01:39:47;22136;91;29.3;25.5;2.722;1.496;0.848;0.025;0.019;1.161;22137
B516DA;2015/02/27 01:39:57;22137;92;25.1;26.2;2.641;1.496;0.812;0.025;0.019;1.154;22138
B516DA;2015/02/27 01:40:07;22138;85;27.7;25.7;2.693;1.496;0.812;0.000;0.019;1.148;22139
B516DA;2015/02/27 01:40:17;22139;91;31.2;26.2;2.780;1.496;0.864;0.000;0.019;1.148;22140
B516DA;2015/02/27 01:40:27;22140;80;29.6;26.2;2.558;1.519;0.864;0.000;0.022;1.138;22141
B516DA;2015/02/27 01:40:37;22141;90;30.9;25.3;2.567;1.519;0.838;0.000;0.022;1.174;22142
B516DA;2015/02/27 01:40:47;22142;79;27.7;26.0;2.564;1.516;0.838;0.000;0.022;1.154;22143
B516DA;2015/02/27 01:40:57;22143;90;29.6;26.2;2.683;1.516;0.841;0.000;0.022;1.193;22144
B516DA;2015/02/27 01:41:07;22144;83;30.6;26.2;2.774;1.509;0.841;0.000;0.006;1.161;22145
B516DA;2015/02/27 01:41:17;22145;81;29.3;25.8;2.561;1.509;0.832;0.000;0.006;1.183;22146
B516DA;2015/02/27 01:41:27;22146;91;30.9;25.8;2.551;1.525;0.832;0.000;0.006;1.167;22147
B516DA;2015/02/27 01:41:37;22147;83;27.4;25.7;2.716;1.525;0.864;0.000;0.006;1.170;22148
B516DA;2015/02/27 01:41:47;22148;83;30.0;26.0;2.651;1.519;0.864;0.000;0.054;1.196;22149
B516DA;2015/02/27 01:41:57;22149;84;25.1;25.5;2.593;1.519;0.816;0.000;0.054;1.196;22150
B516DA;2015/02/27 01:42:07;22150;92;25.4;26.3;2.567;1.516;0.816;0.006;0.054;1.199;22151
B516DA;2015/02/27 01:42:17;22151;84;29.6;25.3;2.564;1.516;0.832;0.006;0.054;1.190;22152
B516DA;2015/02/27 01:42:27;22152;86;27.0;25.5;2.661;1.490;0.832;0.006;0.012;1.190;22153
B516DA;2015/02/27 01:42:37;22153;88;30.6;26.2;2.570;1.490;0.819;0.006;0.012;1.187;22154
B516DA;2015/02/27 01:42:47;22154;80;28.3;26.3;2.564;1.506;0.819;0.000;0.012;1.190;22155
B516DA;2015/02/27 01:42:57;22155;80;28.3;25.8;2.761;1.506;0.819;0.000;0.012;1.187;22156
B516DA;2015/02/27 01:43:07;22156;88;29.6;25.8;2.712;1.506;0.819;0.000;0.019;1.190;22157
B516DA;2015/02/27 01:43:17;22157;81;25.1;25.8;2.696;1.506;0.819;0.000;0.019;1.167;22158
B516DA;2015/02/27 01:43:27;22158;91;28.0;26.0;2.774;1.522;0.819;0.012;0.019;1.193;22159
B516DA;2015/02/27 01:43:37;22159;82;29.6;26.0;2.777;1.522;0.816;0.012;0.019;1.209;22160
B516DA;2015/02/27 01:43:47;22160;85;28.7;25.3;2.709;1.512;0.816;0.012;0.074;1.225;22161
B516DA;2015/02/27 01:43:57;22161;87;29.6;25.3;2.570;1.512;0.822;0.012;0.074;1.199;22162
B516DA;2015/02/27 01:44:07;22162;83;25.8;25.3;2.609;1.483;0.822;0.000;0.074;1.187;22163
B516DA;2015/02/27 01:44:17;22163;85;30.0;25.7;2.574;1.483;0.848;0.000;0.074;1.219;22164
B516DA;2015/02/27 01:44:27;22164;85;30.6;26.2;2.754;1.487;0.848;0.000;0.025;1.235;22165
B516DA;2015/02/27 01:44:37;22165;87;27.0;25.7;2.729;1.487;0.874;0.000;0.025;1.177;22166
B516DA;2015/02/27 01:44:47;22166;80;27.0;25.7;2.635;1.503;0.874;0.000;0.025;1.206;22167
B516DA;2015/02/27 01:44:57;22167;85;27.4;26.3;2.596;1.503;0.822;0.000;0.025;1.206;22168
B516DA;2015/02/27 01:45:07;22168;92;27.0;25.5;2.648;1.509;0.822;0.000;0.009;1.219;22169
B516DA;2015/02/27 01:45:17;22169;87;25.1;25.5;2.716;1.509;0.822;0.000;0.009;1.206;22170
B516DA;2015/02/27 01:45:27;22170;84;27.7;26.3;2.564;1.483;0.822;0.000;0.009;1.177;22171
B516DA;2015/02/27 01:45:37;22171;88;32.2;25.0;2.570;1.483;0.819;0.000;0.009;1.180;22172
B516DA;2015/02/27 01:45:47;22172;86;31.2;25.7;2.748;1.480;0.819;0.000;0.019;1.187;22173
B516DA;2015/02/27 01:45:57;22173;85;30.6;25.8;2.780;1.480;0.816;0.000;0.019;1.229;22174
B516DA;2015/02/27 01:46:07;22174;87;31.6;26.0;2.741;1.483;0.816;0.000;0.019;1.196;22175
B516DA;2015/02/27 01:46:17;22175;82;26.7;26.0;2.687;1.483;0.822;0.000;0.019;1.209;22176
B516DA;2015/02/27 01:46:27;22176;86;26.4;25.3;2.748;1.506;0.822;0.000;0.019;1.212;22177
B516DA;2015/02/27 01:46:37;22177;78;29.3;26.0;2.774;1.506;0.867;0.000;0.019;1.222;22178
B516DA;2015/02/27 01:46:47;22178;84;27.7;25.7;2.751;1.525;0.867;0.000;0.019;1.222;22179
B516DA;2015/02/27 01:46:57;22179;85;28.0;26.2;2.758;1.525;0.848;0.000;0.019;1.225;22180
B516DA;2015/02/27 01:47:07;22180;77;30.3;25.5;2.761;1.525;0.848;0.000;0.093;1.222;22181
B516DA;2015/02/27 01:47:17;22181;82;30.3;25.7;2.577;1.525;0.819;0.000;0.093;1.219;22182
B516DA;2015/02/27 01:47:27;22182;90;29.6;25.5;2.725;1.509;0.819;0.000;0.093;1.229;22183
B516DA;2015/02/27 01:47:37;22183;84;30.9;25.5;2.648;1.509;0.854;0.000;0.093;1.222;22184
B516DA;2015/02/27 01:47:47;22184;74;33.2;25.8;2.567;1.496;0.854;0.000;0.077;1.219;22185
B516DA;2015/02/27 01:47:57;22185;89;28.3;26.0;2.754;1.496;0.816;0.000;0.077;1.199;22186
B516DA;2015/02/27 01:48:07;22186;87;31.9;25.7;2.554;1.509;0.816;0.016;0.077;1.199;22187
B516DA;2015/02/27 01:48:17;22187;87;30.3;25.3;2.570;1.509;0.822;0.016;0.077;1.183;22188
B516DA;2015/02/27 01:48:27;22188;81;27.4;25.5;2.767;1.512;0.822;0.016;0.019;1.209;22189
B516DA;2015/02/27 01:48:37;22189;77;26.7;26.0;2.693;1.512;0.816;0.016;0.019;1.187;22190
B516DA;2015/02/27 01:48:47;22190;83;31.6;25.5;2.551;1.483;0.816;0.000;0.019;1.199;22191
B516DA;2015/02/27 01:48:57;22191;82;27.0;25.7;2.690;1.483;0.822;0.000;0.019;1.187;22192
B516DA;2015/02/27 01:49:07;22192;91;26.1;26.3;2.587;1.516;0.822;0.000;0.041;1.225;22193
B516DA;2015/02/27 01:49:17;22193;86;29.6;25.7;2.780;1.516;0.819;0.000;0.041;1.193;22194
B516DA;2015/02/27 01:49:27;22194;92;27.0;25.1;2.741;1.500;0.819;0.000;0.041;1.225;22195
B516DA;2015/02/27 01:49:37;22195;84;31.2;25.5;2.780;1.500;0.880;0.000;0.041;1.180;22196
B516DA;2015/02/27 01:49:47;22196;90;25.8;26.0;2.574;1.487;0.880;0.000;0.019;1.190;22197
B516DA;2015/02/27 01:49:57;22197;85;30.0;24.8;2.570;1.487;0.819;0.000;0.019;1.229;22198
B516DA;2015/02/27 01:50:07;22198;88;29.0;26.2;2.606;1.532;0.819;0.000;0.019;1.241;22199
B516DA;2015/02/27 01:50:17;22199;77;27.7;26.0;2.729;1.532;0.819;0.000;0.019;1.232;22200
B516DA;2015/02/27 01:50:27;22200;93;30.3;25.5;2.564;1.506;0.819;0.000;0.019;1.199;22201
B516DA;2015/02/27 01:50:37;22201;85;30.6;25.0;2.574;1.506;0.812;0.000;0.019;1.209;22202
B516DA;2015/02/27 01:50:47;22202;89;26.4;25.8;2.590;1.490;0.812;0.000;0.019;1.209;22203
B516DA;2015/02/27 01:50:57;22203;78;29.6;25.5;2.758;1.490;0.841;0.000;0.019;1.199;22204
B516DA;2015/02/27 01:51:07;22204;84;28.7;25.0;2.687;1.483;0.841;0.000;0.051;1.206;22205
B516DA;2015/02/27 01:51:17;22205;89;25.8;25.5;2.596;1.483;0.819;0.000;0.051;1.222;22206
B516DA;2015/02/27 01:51:27;22206;78;30.0;25.7;2.558;1.525;0.819;0.000;0.051;1.180;22207
B516DA;2015/02/27 01:51:37;22207;83;25.1;25.3;2.596;1.525;0.819;0.000;0.051;1.183;22208
B516DA;2015/02/27 01:51:47;22208;84;29.3;25.3;2.725;1.480;0.819;0.000;0.151;1.180;22209
B516DA;2015/02/27 01:51:57;22209;87;30.3;25.1;2.564;1.480;0.816;0.000;0.151;1.190;22210
B516DA;2015/02/27 01:52:07;22210;91;26.1;25.8;2.570;1.487;0.816;0.006;0.151;1.206;22211
B516DA;2015/02/27 01:52:17;22211;80;29.0;25.5;2.767;1.487;0.819;0.006;0.151;1.199;22212
B516DA;2015/02/27 01:52:27;22212;87;29.0;25.5;2.554;1.500;0.819;0.006;0.058;1.206;22213
B516DA;2015/02/27 01:52:37;22213;83;30.3;25.8;2.780;1.500;0.835;0.006;0.058;1.222;22214
B516DA;2015/02/27 01:52:47;22214;88;29.3;25.5;2.725;1.522;0.835;0.000;0.058;1.209;22215
B516DA;2015/02/27 01:52:57;22215;87;26.7;25.7;2.703;1.522;0.874;0.000;0.058;1.190;22216
B516DA;2015/02/27 01:53:07;22216;79;29.3;25.5;2.725;1.496;0.874;0.000;0.054;1.161;22217
B516DA;2015/02/27 01:53:17;22217;88;31.2;25.1;2.583;1.496;0.825;0.000;0.054;1.190;22218
B516DA;2015/02/27 01:53:27;22218;83;26.7;25.3;2.629;1.500;0.825;0.000;0.054;1.190;22219
B516DA;2015/02/27 01:53:37;22219;81;25.1;25.1;2.696;1.500;0.874;0.000;0.054;1.225;22220
B516DA;2015/02/27 01:53:47;22220;88;30.6;25.8;2.767;1.522;0.874;0.000;0.029;1.209;22221
B516DA;2015/02/27 01:53:57;22221;82;31.6;25.7;2.574;1.522;0.874;0.000;0.029;1.164;22222
B516DA;2015/02/27 01:54:07;22222;83;31.9;25.5;2.564;1.522;0.874;0.000;0.029;1.199;22223
B516DA;2015/02/27 01:54:17;22223;85;25.1;25.8;2.632;1.522;0.819;0.000;0.029;1.180;22224
B516DA;2015/02/27 01:54:27;22224;83;27.7;25.7;2.564;1.490;0.819;0.000;0.077;1.167;22225
B516DA;2015/02/27 01:54:37;22225;84;28.7;26.0;2.767;1.490;0.819;0.000;0.077;1.187;22226
B516DA;2015/02/27 01:54:47;22226;78;27.4;25.3;2.767;1.509;0.819;0.000;0.077;1.216;22227
B516DA;2015/02/27 01:54:57;22227;72;29.6;25.5;2.583;1.509;0.819;0.000;0.077;1.206;22228
B516DA;2015/02/27 01:55:07;22228;77;26.1;26.5;2.600;1.490;0.819;0.000;0.000;1.164;22229
B516DA;2015/02/27 01:55:17;22229;86;30.0;25.0;2.596;1.490;0.819;0.000;0.000;1.180;22230
B516DA;2015/02/27 01:55:27;22230;85;31.9;25.7;2.774;1.483;0.819;0.000;0.000;1.180;22231
B516DA;2015/02/27 01:55:37;22231;86;27.4;25.7;2.709;1.483;0.832;0.000;0.000;1.193;22232
