UNO_515122C0;2015/02/11 13:50:47;0;sampleID;MQ2;DHT22 Temp(C);DHT22 HR;MQ9;HCHO;Lowpulse;ratio;Concentration
UNO_515122C0;2015/02/11 13:51:19;1;1;0.12;23.20;32.60;0.11;1.35;171811;0.56;290.96
UNO_515122C0;2015/02/11 13:51:50;2;2;0.13;23.20;32.20;0.10;1.30;799143;2.58;1333.67
UNO_515122C0;2015/02/11 13:52:21;3;3;0.13;23.20;32.60;0.10;1.89;389016;1.28;663.41
UNO_515122C0;2015/02/11 13:52:52;4;4;0.13;23.30;32.70;0.11;1.30;88415;0.29;153.51
UNO_515122C0;2015/02/11 13:53:22;5;5;0.13;23.40;31.60;0.11;1.75;532635;1.77;913.07
UNO_515122C0;2015/02/11 13:53:54;6;6;0.13;23.40;32.30;0.11;1.33;904383;2.90;1505.53
UNO_515122C0;2015/02/11 13:54:25;7;7;0.12;23.50;32.30;0.11;1.84;499782;1.66;857.20
UNO_515122C0;2015/02/11 13:54:56;8;8;0.13;23.50;32.30;0.11;1.93;588533;1.93;1000.43
UNO_515122C0;2015/02/11 13:55:26;9;9;0.13;23.50;32.40;0.11;1.68;648665;2.16;1114.64
UNO_515122C0;2015/02/11 13:55:57;10;10;0.12;23.50;31.90;0.11;1.39;280423;0.92;474.69
UNO_515122C0;2015/02/11 13:56:29;11;11;0.12;23.40;32.30;0.10;1.82;494080;1.61;832.32
UNO_515122C0;2015/02/11 13:57:00;12;12;0.12;23.40;31.50;0.11;1.32;286146;0.92;478.71
UNO_515122C0;2015/02/11 13:57:31;13;13;0.13;23.40;31.90;0.11;1.33;484367;1.57;811.32
UNO_515122C0;2015/02/11 13:58:03;14;14;0.12;23.50;32.00;0.11;1.32;1134679;3.70;1929.29
UNO_515122C0;2015/02/11 13:58:33;15;15;0.12;23.50;31.30;0.11;2.07;668458;2.21;1142.56
UNO_515122C0;2015/02/11 13:59:04;16;16;0.12;23.50;31.30;0.11;1.41;1241068;4.13;2162.40
UNO_515122C0;2015/02/11 13:59:35;17;17;0.12;23.50;31.90;0.11;2.06;166440;0.54;281.07
UNO_515122C0;2015/02/11 14:00:07;18;18;0.12;23.50;31.70;0.12;1.36;854148;2.78;1442.94
UNO_515122C0;2015/02/11 14:00:38;19;19;0.12;23.50;31.00;0.11;1.31;285999;0.94;484.45
UNO_515122C0;2015/02/11 14:01:08;20;20;0.12;23.60;30.80;0.12;2.05;579636;1.92;991.63
UNO_515122C0;2015/02/11 14:01:39;21;21;0.12;23.60;30.70;0.11;1.43;677048;2.23;1154.32
UNO_515122C0;2015/02/11 14:02:10;22;22;0.12;23.60;30.70;0.11;1.37;197422;0.65;337.81
UNO_515122C0;2015/02/11 14:02:42;23;23;0.12;23.60;30.60;0.12;1.29;32185;0.10;54.56
UNO_515122C0;2015/02/11 14:03:13;24;24;0.12;23.70;30.60;0.11;2.01;312128;1.02;530.44
UNO_515122C0;2015/02/11 14:03:43;25;25;0.12;23.70;30.70;0.12;1.96;482894;1.60;826.90
UNO_515122C0;2015/02/11 14:04:15;26;26;0.12;23.70;30.60;0.11;1.80;539218;1.74;901.91
UNO_515122C0;2015/02/11 14:04:47;27;27;0.13;23.70;30.70;0.11;1.52;467206;1.50;777.05
UNO_515122C0;2015/02/11 14:05:17;28;28;0.12;23.70;30.90;0.11;1.77;391817;1.29;666.18
UNO_515122C0;2015/02/11 14:05:49;29;29;0.12;23.70;31.00;0.11;1.56;1392990;4.56;2395.21
UNO_515122C0;2015/02/11 14:06:20;30;30;0.12;23.80;30.80;0.11;1.38;237711;0.78;403.39
UNO_515122C0;2015/02/11 14:06:51;31;31;0.12;23.80;31.10;0.11;1.74;554594;1.81;934.69
UNO_515122C0;2015/02/11 14:07:22;32;32;0.12;23.80;30.70;0.11;1.45;364121;1.21;626.16
UNO_515122C0;2015/02/11 14:07:53;33;33;0.12;23.80;30.60;0.10;1.65;217420;0.70;362.68
UNO_515122C0;2015/02/11 14:08:24;34;34;0.12;23.90;30.70;0.11;1.36;535157;1.74;900.39
UNO_515122C0;2015/02/11 14:08:55;35;35;0.12;23.80;30.50;0.12;1.94;372709;1.23;637.14
UNO_515122C0;2015/02/11 14:09:27;36;36;0.12;23.80;30.40;0.10;2.03;373790;1.21;625.41
UNO_515122C0;2015/02/11 14:09:57;37;37;0.12;23.80;30.30;0.10;1.54;406543;1.35;699.50
UNO_515122C0;2015/02/11 14:10:28;38;38;0.12;23.90;30.40;0.10;1.55;209756;0.69;357.00
UNO_515122C0;2015/02/11 14:10:59;39;39;0.12;23.90;30.30;0.10;1.40;226402;0.75;390.01
UNO_515122C0;2015/02/11 14:11:30;40;40;0.12;23.80;30.30;0.10;1.90;154354;0.51;267.20
UNO_515122C0;2015/02/11 14:12:01;41;41;0.12;23.90;30.20;0.10;1.31;469764;1.52;787.67
UNO_515122C0;2015/02/11 14:12:32;42;42;0.12;23.90;30.30;0.10;1.81;1479866;4.86;2566.84
UNO_515122C0;2015/02/11 14:13:02;43;43;0.12;23.90;30.40;0.11;1.94;883209;2.94;1523.66
UNO_515122C0;2015/02/11 14:13:33;44;44;0.12;23.90;30.20;0.11;1.31;265010;0.87;450.32
UNO_515122C0;2015/02/11 14:14:04;45;45;0.12;23.90;30.30;0.10;2.03;187882;0.62;320.48
UNO_515122C0;2015/02/11 14:14:36;46;46;0.12;23.90;30.10;0.10;2.00;156299;0.51;264.38
UNO_515122C0;2015/02/11 14:15:07;47;47;0.12;23.90;30.10;0.12;1.34;255989;0.84;434.88
UNO_515122C0;2015/02/11 14:15:38;48;48;0.12;23.90;30.20;0.12;1.70;356284;1.17;606.25
UNO_515122C0;2015/02/11 14:16:09;49;49;0.12;23.90;30.10;0.11;1.42;107273;0.35;184.15
UNO_515122C0;2015/02/11 14:16:40;50;50;0.12;23.90;30.30;0.12;1.31;259483;0.85;440.74
UNO_515122C0;2015/02/11 14:17:11;51;51;0.12;23.80;30.10;0.11;2.03;433832;1.42;736.66
UNO_515122C0;2015/02/11 14:17:41;52;52;0.12;23.80;30.10;0.11;1.72;375300;1.24;642.71
UNO_515122C0;2015/02/11 14:18:12;53;53;0.12;23.70;30.10;0.10;1.99;261555;0.86;444.06
UNO_515122C0;2015/02/11 14:18:44;54;54;0.12;23.70;30.10;0.10;2.03;184150;0.60;310.99
UNO_515122C0;2015/02/11 14:19:15;55;55;0.12;23.70;30.20;0.12;1.31;162469;0.52;271.53
UNO_515122C0;2015/02/11 14:19:46;56;56;0.12;23.70;30.20;0.11;1.31;180979;0.59;307.55
UNO_515122C0;2015/02/11 14:20:17;57;57;0.12;23.70;30.10;0.11;1.87;439078;1.46;755.59
UNO_515122C0;2015/02/11 14:20:48;58;58;0.13;23.70;30.10;0.11;1.99;153812;0.51;264.87
UNO_515122C0;2015/02/11 14:21:19;59;59;0.12;23.60;31.50;0.11;1.91;965485;3.14;1629.95
UNO_515122C0;2015/02/11 14:21:50;60;60;0.12;23.70;30.50;0.10;1.97;851586;2.76;1429.93
UNO_515122C0;2015/02/11 14:22:21;61;61;0.12;23.70;30.70;0.12;1.30;691120;2.30;1188.42
UNO_515122C0;2015/02/11 14:22:52;62;62;0.11;23.70;30.50;0.11;1.84;277883;0.91;472.45
UNO_515122C0;2015/02/11 14:23:24;63;63;0.12;23.80;30.20;0.10;1.86;512698;1.65;854.85
UNO_515122C0;2015/02/11 14:23:55;64;64;0.12;23.80;30.40;0.10;1.77;779826;2.53;1309.16
UNO_515122C0;2015/02/11 14:24:26;65;65;0.11;23.90;31.00;0.10;1.66;197040;0.64;334.69
UNO_515122C0;2015/02/11 14:24:58;66;66;0.11;23.90;29.80;0.10;1.35;159122;0.51;267.05
UNO_515122C0;2015/02/11 14:25:29;67;67;0.11;23.80;29.70;0.10;2.10;57674;0.19;96.96
UNO_515122C0;2015/02/11 14:26:00;68;68;0.11;23.70;29.80;0.11;1.32;30768;0.10;53.83
UNO_515122C0;2015/02/11 14:26:31;69;69;0.11;23.70;29.50;0.10;1.29;0;0.00;0.62
UNO_515122C0;2015/02/11 14:27:02;70;70;0.11;23.80;29.90;0.11;1.39;145737;0.48;250.25
UNO_515122C0;2015/02/11 14:27:33;71;71;0.11;23.80;29.80;0.10;2.12;80434;0.27;138.67
UNO_515122C0;2015/02/11 14:28:05;72;72;0.11;23.80;29.50;0.10;2.02;0;0.00;0.62
UNO_515122C0;2015/02/11 14:28:36;73;73;0.11;23.90;29.50;0.10;2.02;110584;0.36;186.50
UNO_515122C0;2015/02/11 14:29:07;74;74;0.11;23.90;29.40;0.10;2.10;3598;0.01;6.78
UNO_515122C0;2015/02/11 14:29:38;75;75;0.11;23.90;29.30;0.12;2.05;106679;0.35;184.13
UNO_515122C0;2015/02/11 14:30:09;76;76;0.11;23.90;29.30;0.10;1.63;85310;0.28;144.59
UNO_515122C0;2015/02/11 14:30:40;77;77;0.11;23.90;29.20;0.11;1.33;85757;0.28;146.39
UNO_515122C0;2015/02/11 14:31:11;78;78;0.11;23.90;29.20;0.11;1.73;0;0.00;0.62
UNO_515122C0;2015/02/11 14:31:43;79;79;0.11;23.90;29.20;0.10;1.39;24198;0.08;41.12
UNO_515122C0;2015/02/11 14:32:14;80;80;0.11;23.90;29.20;0.11;1.92;111378;0.37;192.88
UNO_515122C0;2015/02/11 14:32:45;81;81;0.11;23.90;29.20;0.10;2.10;0;0.00;0.62
UNO_515122C0;2015/02/11 14:33:16;82;82;0.11;23.90;29.10;0.10;1.65;15569;0.05;27.47
UNO_515122C0;2015/02/11 14:33:47;83;83;0.11;24.00;29.10;0.10;2.09;854252;2.78;1437.95
UNO_515122C0;2015/02/11 14:34:18;84;84;0.12;24.00;29.00;0.10;1.31;287092;0.96;495.29
UNO_515122C0;2015/02/11 14:34:49;85;85;0.13;24.00;29.80;0.10;1.30;1140400;3.66;1909.40
UNO_515122C0;2015/02/11 14:35:20;86;86;0.12;24.00;30.40;0.11;2.05;1834610;6.03;3240.49
UNO_515122C0;2015/02/11 14:35:52;87;87;0.12;24.00;29.60;0.10;1.92;5647;0.02;10.16
UNO_515122C0;2015/02/11 14:36:23;88;88;0.11;24.30;30.20;0.10;2.20;410358;1.33;689.96
UNO_515122C0;2015/02/11 14:36:54;89;89;0.11;24.60;29.50;0.11;2.42;79879;0.26;136.54
UNO_515122C0;2015/02/11 14:37:25;90;90;0.11;24.90;29.20;0.10;1.59;122255;0.40;208.83
UNO_515122C0;2015/02/11 14:37:56;91;91;0.12;25.00;28.60;0.12;1.66;383273;1.25;649.25
UNO_515122C0;2015/02/11 14:38:28;92;92;0.11;25.00;28.70;0.11;1.53;240370;0.77;400.10
UNO_515122C0;2015/02/11 14:38:59;93;93;0.11;24.90;28.30;0.12;1.65;145645;0.47;245.19
UNO_515122C0;2015/02/11 14:39:30;94;94;0.11;24.80;27.90;0.10;1.80;207553;0.68;354.08
UNO_515122C0;2015/02/11 14:40:01;95;95;0.11;24.80;27.90;0.10;2.03;1441493;4.75;2500.78
UNO_515122C0;2015/02/11 14:40:32;96;96;0.11;24.70;27.80;0.10;2.35;589738;1.93;996.00
UNO_515122C0;2015/02/11 14:41:04;97;97;0.11;24.60;28.10;0.10;1.48;170096;0.55;285.57
UNO_515122C0;2015/02/11 14:41:34;98;98;0.11;24.70;28.40;0.10;1.72;258280;0.85;443.06
UNO_515122C0;2015/02/11 14:42:06;99;99;0.11;24.60;27.80;0.10;2.20;151271;0.49;253.59
UNO_515122C0;2015/02/11 14:42:37;100;100;0.11;24.60;27.80;0.11;1.46;287956;0.94;487.25
UNO_515122C0;2015/02/11 14:43:08;101;101;0.11;24.60;27.90;0.10;2.26;250595;0.82;426.16
UNO_515122C0;2015/02/11 14:43:39;102;102;0.11;24.60;27.90;0.10;1.49;152656;0.50;258.17
UNO_515122C0;2015/02/11 14:44:11;103;103;0.11;24.60;28.20;0.10;2.22;104423;0.34;175.19
UNO_515122C0;2015/02/11 14:44:43;104;104;0.11;24.70;28.10;0.10;2.33;89183;0.29;149.10
UNO_515122C0;2015/02/11 14:45:14;105;105;0.11;24.70;28.00;0.11;2.32;44014;0.14;74.73
UNO_515122C0;2015/02/11 14:45:45;106;106;0.11;24.80;28.10;0.10;2.27;1660093;5.42;2882.13
UNO_515122C0;2015/02/11 14:46:16;107;107;0.11;24.80;28.10;0.11;1.44;38895;0.13;66.54
UNO_515122C0;2015/02/11 14:46:47;108;108;0.11;24.80;28.30;0.11;2.20;274802;0.90;467.94
UNO_515122C0;2015/02/11 14:47:18;109;109;0.11;24.80;27.90;0.10;2.32;302789;1.00;515.34
UNO_515122C0;2015/02/11 14:47:50;110;110;0.11;24.80;28.30;0.11;1.42;163423;0.53;273.88
UNO_515122C0;2015/02/11 14:48:21;111;111;0.11;24.70;27.90;0.10;2.18;432427;1.40;725.73
UNO_515122C0;2015/02/11 14:48:52;112;112;0.11;24.70;28.00;0.11;2.09;6906;0.02;12.40
UNO_515122C0;2015/02/11 14:49:23;113;113;0.11;24.70;28.30;0.10;2.25;496717;1.63;843.90
UNO_515122C0;2015/02/11 14:49:54;114;114;0.12;24.80;28.10;0.11;2.06;245599;0.81;420.21
UNO_515122C0;2015/02/11 14:50:25;115;115;0.12;24.80;29.60;0.10;1.69;565737;1.87;965.24
UNO_515122C0;2015/02/11 14:50:57;116;116;0.12;24.80;28.50;0.11;2.29;949909;3.05;1580.91
UNO_515122C0;2015/02/11 14:51:28;117;117;0.11;24.80;28.10;0.11;1.36;493124;1.63;841.06
UNO_515122C0;2015/02/11 14:51:59;118;118;0.11;24.70;27.90;0.12;1.81;303387;0.99;514.47
UNO_515122C0;2015/02/11 14:52:30;119;119;0.11;24.70;28.30;0.11;1.84;0;0.00;0.62
UNO_515122C0;2015/02/11 14:53:02;120;120;0.12;24.70;28.10;0.12;2.16;0;0.00;0.62
UNO_515122C0;2015/02/11 14:53:33;121;121;0.11;24.70;28.30;0.10;2.23;165998;0.55;283.75
UNO_515122C0;2015/02/11 14:54:04;122;122;0.11;24.70;28.10;0.11;1.35;321535;1.06;547.93
UNO_515122C0;2015/02/11 14:54:35;123;123;0.11;24.70;28.00;0.11;1.96;236644;0.77;397.75
UNO_515122C0;2015/02/11 14:55:06;124;124;0.11;24.70;28.10;0.10;1.98;304490;0.99;512.87
UNO_515122C0;2015/02/11 14:55:38;125;125;0.11;24.70;28.30;0.09;2.23;322572;1.05;544.80
UNO_515122C0;2015/02/11 14:56:09;126;126;0.11;24.60;27.90;0.10;1.45;0;0.00;0.62
UNO_515122C0;2015/02/11 14:56:40;127;127;0.11;24.60;27.80;0.10;1.55;403552;1.34;692.55
UNO_515122C0;2015/02/11 14:57:11;128;128;0.12;24.60;28.10;0.10;1.43;173575;0.57;296.22
UNO_515122C0;2015/02/11 14:57:41;129;129;0.11;24.80;28.50;0.10;2.31;10685;0.04;19.11
UNO_515122C0;2015/02/11 14:58:12;130;130;0.11;24.90;28.50;0.11;2.31;23910;0.08;41.29
UNO_515122C0;2015/02/11 14:58:43;131;131;0.12;25.20;28.30;0.12;1.49;82477;0.27;141.84
UNO_515122C0;2015/02/11 14:59:14;132;132;0.11;25.30;28.10;0.11;1.81;62916;0.21;107.38
UNO_515122C0;2015/02/11 14:59:46;133;133;0.11;25.30;27.40;0.11;1.60;0;0.00;0.62
UNO_515122C0;2015/02/11 15:00:17;134;134;0.11;25.30;27.40;0.11;1.45;14550;0.05;25.27
UNO_515122C0;2015/02/11 15:00:48;135;135;0.11;25.20;27.30;0.11;2.35;37046;0.12;63.68
UNO_515122C0;2015/02/11 15:01:20;136;136;0.11;25.20;27.40;0.10;1.66;140071;0.46;236.91
UNO_515122C0;2015/02/11 15:01:51;137;137;0.11;25.10;27.40;0.10;2.31;0;0.00;0.62
UNO_515122C0;2015/02/11 15:02:22;138;138;0.11;25.10;27.60;0.10;1.57;63989;0.21;109.02
UNO_515122C0;2015/02/11 15:02:54;139;139;0.11;25.10;27.60;0.10;1.45;5854;0.02;10.55
UNO_515122C0;2015/02/11 15:03:25;140;140;0.12;25.00;27.60;0.10;1.51;62000;0.20;104.71
UNO_515122C0;2015/02/11 15:03:56;141;141;0.12;25.10;27.80;0.10;1.41;143045;0.47;244.34
UNO_515122C0;2015/02/11 15:04:27;142;142;0.12;25.00;27.60;0.10;1.40;186951;0.62;319.43
UNO_515122C0;2015/02/11 15:04:59;143;143;0.11;25.00;27.80;0.10;2.27;0;0.00;0.62
UNO_515122C0;2015/02/11 15:05:30;144;144;0.11;25.00;27.90;0.10;1.84;8338;0.03;14.86
UNO_515122C0;2015/02/11 15:06:01;145;145;0.11;25.00;27.60;0.10;1.40;0;0.00;0.62
UNO_515122C0;2015/02/11 15:06:32;146;146;0.11;25.00;27.70;0.10;1.45;162323;0.53;275.21
UNO_515122C0;2015/02/11 15:07:04;147;147;0.11;25.00;27.60;0.11;1.51;14324;0.05;24.55
UNO_515122C0;2015/02/11 15:07:36;148;148;0.11;24.90;27.60;0.11;2.30;151072;0.49;252.12
UNO_515122C0;2015/02/11 15:08:07;149;149;0.12;24.90;27.80;0.10;2.06;7914;0.03;14.05
UNO_515122C0;2015/02/11 15:08:38;150;150;0.11;24.90;28.00;0.11;1.38;177130;0.58;300.36
UNO_515122C0;2015/02/11 15:09:10;151;151;0.11;24.90;28.00;0.10;2.28;559607;1.80;929.39
UNO_515122C0;2015/02/11 15:09:41;152;152;0.11;25.00;28.40;0.11;1.80;834287;2.74;1418.08
UNO_515122C0;2015/02/11 15:10:12;153;153;0.11;25.00;28.00;0.10;1.47;528299;1.73;894.03
UNO_515122C0;2015/02/11 15:10:43;154;154;0.11;25.00;28.10;0.12;2.00;154390;0.51;263.67
UNO_515122C0;2015/02/11 15:21:32;155;155;0.12;25.00;28.10;0.10;1.38;295235;0.98;507.72
UNO_515122C0;2015/02/11 15:22:03;156;156;0.12;25.00;28.30;0.12;2.25;733728;2.44;1261.04
UNO_515122C0;2015/02/11 15:22:34;157;157;0.12;25.00;28.00;0.10;2.30;15269;0.05;26.75
UNO_515122C0;2015/02/11 15:23:05;158;158;0.12;25.00;27.80;0.12;2.17;338012;1.10;571.25
UNO_515122C0;2015/02/11 15:23:36;159;159;0.12;24.90;27.80;0.11;1.65;59022;0.20;102.26
UNO_515122C0;2015/02/11 15:24:07;160;160;0.11;24.90;27.80;0.10;1.70;293995;0.95;489.97
UNO_515122C0;2015/02/11 15:24:38;161;161;0.12;24.80;27.80;0.11;2.12;25739;0.09;44.82
UNO_515122C0;2015/02/11 15:25:10;162;162;0.11;24.80;28.20;0.11;2.23;9888;0.03;17.13
UNO_515122C0;2015/02/11 15:25:41;163;163;0.11;24.80;28.00;0.11;2.20;163012;0.53;274.38
UNO_515122C0;2015/02/11 15:26:12;164;164;0.12;24.80;28.30;0.10;1.37;218635;0.72;372.65
UNO_515122C0;2015/02/11 15:26:44;165;165;0.12;24.70;28.30;0.11;1.37;0;0.00;0.62
UNO_515122C0;2015/02/11 15:27:15;166;166;0.11;24.70;28.30;0.12;1.56;1177632;3.78;1972.66
UNO_515122C0;2015/02/11 15:27:47;167;167;0.12;24.70;28.10;0.12;2.14;279036;0.91;470.00
UNO_515122C0;2015/02/11 15:28:18;168;168;0.12;24.80;28.30;0.11;2.19;375616;1.23;638.49
UNO_515122C0;2015/02/11 15:28:49;169;169;0.12;25.00;28.20;0.10;1.97;818786;2.67;1384.01
UNO_515122C0;2015/02/11 15:29:19;170;170;0.12;25.10;27.80;0.10;1.97;528523;1.75;904.26
UNO_515122C0;2015/02/11 15:29:51;171;171;0.12;25.10;27.70;0.11;2.02;0;0.00;0.62
UNO_515122C0;2015/02/11 15:30:23;172;172;0.12;25.10;27.60;0.11;1.56;0;0.00;0.62
UNO_515122C0;2015/02/11 15:30:54;173;173;0.12;25.10;27.50;0.11;1.32;0;0.00;0.62
UNO_515122C0;2015/02/11 15:31:25;174;174;0.12;25.00;27.40;0.12;1.28;28511;0.09;49.53
UNO_515122C0;2015/02/11 15:31:57;175;175;0.12;25.00;27.50;0.11;1.97;0;0.00;0.62
UNO_515122C0;2015/02/11 15:32:28;176;176;0.12;25.00;27.50;0.11;1.88;17725;0.06;30.28
UNO_515122C0;2015/02/11 15:33:00;177;177;0.12;25.00;27.60;0.11;1.30;0;0.00;0.62
UNO_515122C0;2015/02/11 15:33:31;178;178;0.12;25.00;27.60;0.10;1.54;0;0.00;0.62
UNO_515122C0;2015/02/11 15:34:03;179;179;0.12;25.00;27.60;0.11;1.26;0;0.00;0.62
UNO_515122C0;2015/02/11 15:34:35;180;180;0.12;24.90;27.60;0.10;1.85;4236;0.01;7.74
UNO_515122C0;2015/02/11 15:35:06;181;181;0.12;24.90;27.60;0.11;1.56;0;0.00;0.62
UNO_515122C0;2015/02/11 15:35:37;182;182;0.12;24.80;27.50;0.10;1.91;160281;0.52;270.32
UNO_515122C0;2015/02/11 15:36:09;183;183;0.12;24.80;27.60;0.10;1.23;0;0.00;0.62
UNO_515122C0;2015/02/11 15:36:41;184;184;0.12;24.80;27.60;0.11;1.93;0;0.00;0.62
UNO_515122C0;2015/02/11 15:37:12;185;185;0.12;24.80;27.60;0.11;1.18;0;0.00;0.62
UNO_515122C0;2015/02/11 15:37:44;186;186;0.12;24.90;27.70;0.10;1.89;0;0.00;0.62
UNO_515122C0;2015/02/11 15:38:16;187;187;0.12;24.80;27.60;0.11;1.17;30818;0.10;51.99
UNO_515122C0;2015/02/11 15:38:47;188;188;0.12;24.80;27.70;0.10;1.17;0;0.00;0.62
UNO_515122C0;2015/02/11 15:39:19;189;189;0.12;24.80;27.70;0.11;1.91;0;0.00;0.62
UNO_515122C0;2015/02/11 15:39:50;190;190;0.12;24.80;27.70;0.10;1.23;0;0.00;0.62
UNO_515122C0;2015/02/11 15:40:22;191;191;0.12;24.80;27.70;0.12;1.93;49956;0.16;83.89
UNO_515122C0;2015/02/11 15:40:54;192;192;0.12;24.80;27.70;0.11;1.72;0;0.00;0.62
UNO_515122C0;2015/02/11 15:41:24;193;193;0.12;24.80;27.80;0.11;1.20;86528;0.29;149.45
UNO_515122C0;2015/02/11 15:41:56;194;194;0.12;24.70;27.80;0.10;1.18;0;0.00;0.62
UNO_515122C0;2015/02/11 15:42:28;195;195;0.12;24.70;27.90;0.12;1.17;0;0.00;0.62
UNO_515122C0;2015/02/11 15:42:58;196;196;0.12;24.70;27.90;0.10;1.53;28899;0.10;50.67
UNO_515122C0;2015/02/11 15:43:30;197;197;0.12;24.70;27.90;0.12;1.24;0;0.00;0.62
UNO_515122C0;2015/02/11 15:44:01;198;198;0.12;24.70;27.90;0.10;1.62;0;0.00;0.62
UNO_515122C0;2015/02/11 15:44:33;199;199;0.12;24.70;27.90;0.12;1.25;0;0.00;0.62
UNO_515122C0;2015/02/11 15:45:04;200;200;0.12;24.70;27.90;0.10;1.17;0;0.00;0.62
UNO_515122C0;2015/02/11 15:45:36;201;201;0.12;24.70;27.90;0.12;1.34;0;0.00;0.62
UNO_515122C0;2015/02/11 15:46:08;202;202;0.12;24.70;28.00;0.10;1.55;0;0.00;0.62
UNO_515122C0;2015/02/11 15:46:39;203;203;0.12;24.60;27.90;0.11;1.33;0;0.00;0.62
UNO_515122C0;2015/02/11 15:47:11;204;204;0.12;24.60;28.00;0.11;1.17;0;0.00;0.62
UNO_515122C0;2015/02/11 15:47:41;205;205;0.12;24.60;28.00;0.11;1.27;51370;0.17;89.48
UNO_515122C0;2015/02/11 15:48:13;206;206;0.12;24.60;28.10;0.11;1.93;0;0.00;0.62
UNO_515122C0;2015/02/11 15:48:45;207;207;0.12;24.60;28.10;0.12;1.93;0;0.00;0.62
UNO_515122C0;2015/02/11 15:49:16;208;208;0.12;24.50;28.20;0.11;1.91;0;0.00;0.62
UNO_515122C0;2015/02/11 15:49:48;209;209;0.12;24.50;28.20;0.11;1.80;0;0.00;0.62
UNO_515122C0;2015/02/11 15:50:19;210;210;0.12;24.50;28.20;0.12;1.17;58243;0.19;99.87
UNO_515122C0;2015/02/11 15:50:50;211;211;0.12;24.50;28.20;0.11;1.92;0;0.00;0.62
UNO_515122C0;2015/02/11 15:51:22;212;212;0.12;24.50;28.20;0.12;1.87;4966;0.02;9.05
UNO_515122C0;2015/02/11 15:51:53;213;213;0.12;24.40;28.10;0.11;1.93;0;0.00;0.62
UNO_515122C0;2015/02/11 15:52:25;214;214;0.12;24.40;28.20;0.12;1.23;0;0.00;0.62
UNO_515122C0;2015/02/11 15:52:56;215;215;0.12;24.40;28.30;0.11;1.52;0;0.00;0.62
UNO_515122C0;2015/02/11 15:53:28;216;216;0.12;24.30;28.30;0.11;1.70;0;0.00;0.62
UNO_515122C0;2015/02/11 15:54:00;217;217;0.12;24.30;28.40;0.11;1.19;0;0.00;0.62
UNO_515122C0;2015/02/11 15:54:31;218;218;0.12;24.30;28.40;0.11;1.75;0;0.00;0.62
UNO_515122C0;2015/02/11 15:55:03;219;219;0.12;24.30;28.40;0.11;1.81;0;0.00;0.62
UNO_515122C0;2015/02/11 15:55:34;220;220;0.12;24.30;28.40;0.11;1.56;0;0.00;0.62
UNO_515122C0;2015/02/11 15:56:05;221;221;0.12;24.20;28.40;0.12;1.90;13783;0.05;24.47
UNO_515122C0;2015/02/11 15:56:37;222;222;0.12;24.20;28.40;0.12;1.18;0;0.00;0.62
UNO_515122C0;2015/02/11 15:57:08;223;223;0.12;24.20;28.40;0.11;1.65;0;0.00;0.62
UNO_515122C0;2015/02/11 15:57:40;224;224;0.12;24.20;28.50;0.11;1.82;0;0.00;0.62
UNO_515122C0;2015/02/11 15:58:11;225;225;0.12;24.20;28.50;0.11;1.28;0;0.00;0.62
UNO_515122C0;2015/02/11 15:58:42;226;226;0.12;24.20;28.50;0.11;1.90;23711;0.08;41.46
UNO_515122C0;2015/02/11 15:59:14;227;227;0.12;24.20;28.50;0.12;1.83;0;0.00;0.62
UNO_515122C0;2015/02/11 15:59:45;228;228;0.13;24.20;28.50;0.12;1.92;0;0.00;0.62
UNO_515122C0;2015/02/11 16:00:17;229;229;0.13;24.20;28.50;0.12;1.80;178905;0.58;302.30
UNO_515122C0;2015/02/11 16:00:48;230;230;0.13;24.20;28.50;0.12;1.92;0;0.00;0.62
UNO_515122C0;2015/02/11 16:01:20;231;231;0.13;24.20;28.50;0.13;1.64;92884;0.30;155.32
UNO_515122C0;2015/02/11 16:01:51;232;232;0.13;24.20;28.50;0.13;1.16;0;0.00;0.62
UNO_515122C0;2015/02/11 16:02:23;233;233;0.13;24.20;28.60;0.12;1.31;0;0.00;0.62
UNO_515122C0;2015/02/11 16:02:54;234;234;0.14;24.20;28.50;0.12;1.16;30608;0.10;52.74
UNO_515122C0;2015/02/11 16:03:26;235;235;0.14;24.30;28.60;0.14;1.86;0;0.00;0.62
UNO_515122C0;2015/02/11 16:03:57;236;236;0.14;24.20;28.50;0.13;1.93;0;0.00;0.62
UNO_515122C0;2015/02/11 16:04:29;237;237;0.14;24.30;28.60;0.13;1.17;0;0.00;0.62
UNO_515122C0;2015/02/11 16:04:59;238;238;0.14;24.30;28.60;0.13;1.92;36056;0.12;62.92
UNO_515122C0;2015/02/11 16:05:31;239;239;0.14;24.30;28.60;0.13;1.21;0;0.00;0.62
UNO_515122C0;2015/02/11 16:06:03;240;240;0.14;24.30;28.60;0.13;1.93;0;0.00;0.62
UNO_515122C0;2015/02/11 16:06:34;241;241;0.14;24.30;28.60;0.14;1.91;70863;0.23;120.20
UNO_515122C0;2015/02/11 16:07:05;242;242;0.14;24.30;28.60;0.14;1.76;59953;0.20;102.29
UNO_515122C0;2015/02/11 16:07:37;243;243;0.14;24.30;28.50;0.14;1.68;0;0.00;0.62
UNO_515122C0;2015/02/11 16:08:08;244;244;0.14;24.30;28.50;0.14;1.92;0;0.00;0.62
UNO_515122C0;2015/02/11 16:08:39;245;245;0.14;24.30;28.50;0.14;1.93;33601;0.11;57.94
UNO_515122C0;2015/02/11 16:09:11;246;246;0.14;24.30;28.50;0.14;1.17;0;0.00;0.62
UNO_515122C0;2015/02/11 16:09:42;247;247;0.14;24.30;28.40;0.14;1.18;0;0.00;0.62
UNO_515122C0;2015/02/11 16:10:14;248;248;0.14;24.40;28.40;0.13;1.81;0;0.00;0.62
UNO_515122C0;2015/02/11 16:10:46;249;249;0.14;24.40;28.40;0.14;1.92;0;0.00;0.62
UNO_515122C0;2015/02/11 16:11:17;250;250;0.14;24.40;28.40;0.13;1.17;0;0.00;0.62
UNO_515122C0;2015/02/11 16:11:48;251;251;0.14;24.40;28.40;0.14;1.90;31092;0.10;54.23
UNO_515122C0;2015/02/11 16:12:20;252;252;0.14;24.40;28.40;0.14;1.89;0;0.00;0.62
UNO_515122C0;2015/02/11 16:12:51;253;253;0.14;24.40;28.40;0.14;1.17;0;0.00;0.62
UNO_515122C0;2015/02/11 16:13:23;254;254;0.14;24.40;28.40;0.14;1.93;0;0.00;0.62
UNO_515122C0;2015/02/11 16:13:54;255;255;0.14;24.40;28.40;0.14;1.18;0;0.00;0.62
UNO_515122C0;2015/02/11 16:14:25;256;256;0.14;24.40;28.50;0.14;1.69;197277;0.64;334.52
UNO_515122C0;2015/02/11 16:14:57;257;257;0.14;24.40;28.50;0.14;1.64;0;0.00;0.62
UNO_515122C0;2015/02/11 16:15:29;258;258;0.14;24.40;28.60;0.14;1.92;0;0.00;0.62
UNO_515122C0;2015/02/11 16:16:00;259;259;0.14;24.40;28.60;0.14;1.87;0;0.00;0.62
UNO_515122C0;2015/02/11 16:16:32;260;260;0.14;24.40;28.70;0.14;1.19;0;0.00;0.62
UNO_515122C0;2015/02/11 16:17:03;261;261;0.14;24.30;28.70;0.14;1.93;0;0.00;0.62
UNO_515122C0;2015/02/11 16:17:35;262;262;0.14;24.30;28.70;0.14;1.92;0;0.00;0.62
UNO_515122C0;2015/02/11 16:18:07;263;263;0.14;24.20;28.70;0.14;1.75;0;0.00;0.62
UNO_515122C0;2015/02/11 16:18:38;264;264;0.14;24.20;28.80;0.14;1.17;4262;0.01;7.82
UNO_515122C0;2015/02/11 16:19:09;265;265;0.14;24.20;28.90;0.14;1.25;27263;0.09;46.92
UNO_515122C0;2015/02/11 16:19:41;266;266;0.14;24.20;28.80;0.14;1.74;111898;0.36;187.88
UNO_515122C0;2015/02/11 16:20:12;267;267;0.14;24.10;29.00;0.13;1.92;0;0.00;0.62
UNO_515122C0;2015/02/11 16:20:44;268;268;0.14;24.10;29.00;0.13;1.23;0;0.00;0.62
UNO_515122C0;2015/02/11 16:21:15;269;269;0.14;24.10;28.90;0.12;1.90;0;0.00;0.62
UNO_515122C0;2015/02/11 16:21:47;270;270;0.14;24.10;28.90;0.12;1.21;0;0.00;0.62
UNO_515122C0;2015/02/11 16:22:19;271;271;0.13;24.10;28.80;0.14;1.16;0;0.00;0.62
UNO_515122C0;2015/02/11 16:22:50;272;272;0.14;24.10;28.80;0.14;1.28;0;0.00;0.62
UNO_515122C0;2015/02/11 16:23:22;273;273;0.14;24.00;28.80;0.13;1.15;0;0.00;0.62
UNO_515122C0;2015/02/11 16:23:53;274;274;0.13;24.10;28.90;0.13;1.31;0;0.00;0.62
UNO_515122C0;2015/02/11 16:24:25;275;275;0.13;24.00;28.80;0.13;1.25;0;0.00;0.62
UNO_515122C0;2015/02/11 16:24:57;276;276;0.13;24.00;28.90;0.13;1.44;0;0.00;0.62
UNO_515122C0;2015/02/11 16:25:28;277;277;0.13;24.00;28.90;0.11;1.91;0;0.00;0.62
UNO_515122C0;2015/02/11 16:26:00;278;278;0.13;24.00;28.90;0.12;1.79;160312;0.52;270.00
UNO_515122C0;2015/02/11 16:26:30;279;279;0.13;24.00;28.90;0.12;1.44;40441;0.13;70.22
UNO_515122C0;2015/02/11 16:27:02;280;280;0.13;23.90;28.90;0.12;1.77;0;0.00;0.62
UNO_515122C0;2015/02/11 16:27:34;281;281;0.13;23.90;29.00;0.13;1.94;0;0.00;0.62
UNO_515122C0;2015/02/11 16:28:05;282;282;0.13;23.90;29.00;0.12;1.59;109957;0.36;185.27
UNO_515122C0;2015/02/11 16:28:37;283;283;0.13;23.90;29.00;0.12;1.93;42171;0.14;71.18
UNO_515122C0;2015/02/11 16:29:08;284;284;0.13;23.90;29.10;0.12;1.17;0;0.00;0.62
UNO_515122C0;2015/02/11 16:29:40;285;285;0.13;23.90;29.10;0.12;1.92;0;0.00;0.62
UNO_515122C0;2015/02/11 16:30:11;286;286;0.13;23.90;29.10;0.13;1.43;0;0.00;0.62
UNO_515122C0;2015/02/11 16:30:43;287;287;0.13;23.90;29.10;0.13;1.17;0;0.00;0.62
UNO_515122C0;2015/02/11 16:31:14;288;288;0.13;23.90;29.10;0.12;1.17;108509;0.35;182.33
UNO_515122C0;2015/02/11 16:31:46;289;289;0.13;23.90;29.10;0.13;1.30;0;0.00;0.62
UNO_515122C0;2015/02/11 16:32:18;290;290;0.13;23.90;29.10;0.12;1.92;0;0.00;0.62
UNO_515122C0;2015/02/11 16:32:49;291;291;0.13;23.90;29.10;0.13;1.29;169828;0.55;287.74
UNO_515122C0;2015/02/11 16:33:19;292;292;0.13;23.90;29.10;0.13;1.17;30023;0.10;52.40
UNO_515122C0;2015/02/11 16:33:51;293;293;0.13;24.00;29.10;0.13;1.80;0;0.00;0.62
UNO_515122C0;2015/02/11 16:34:23;294;294;0.13;24.00;29.10;0.12;1.23;122941;0.40;206.10
UNO_515122C0;2015/02/11 16:34:54;295;295;0.13;24.00;29.10;0.12;1.82;0;0.00;0.62
UNO_515122C0;2015/02/11 16:35:26;296;296;0.13;24.00;29.00;0.13;1.16;0;0.00;0.62
UNO_515122C0;2015/02/11 16:35:57;297;297;0.13;24.00;29.00;0.12;1.89;0;0.00;0.62
UNO_515122C0;2015/02/11 16:36:29;298;298;0.13;24.00;29.00;0.12;1.47;0;0.00;0.62
UNO_515122C0;2015/02/11 16:37:01;299;299;0.13;24.10;29.00;0.12;1.91;0;0.00;0.62
UNO_515122C0;2015/02/11 16:37:31;300;300;0.13;24.10;29.00;0.13;1.77;23678;0.08;41.59
UNO_515122C0;2015/02/11 16:38:02;301;301;0.13;24.10;29.00;0.12;1.92;66174;0.22;113.61
UNO_515122C0;2015/02/11 16:38:34;302;302;0.13;24.10;28.90;0.13;1.16;0;0.00;0.62
UNO_515122C0;2015/02/11 16:39:05;303;303;0.13;24.10;29.00;0.13;1.20;0;0.00;0.62
UNO_515122C0;2015/02/11 16:39:37;304;304;0.13;24.10;29.00;0.12;1.63;0;0.00;0.62
UNO_515122C0;2015/02/11 16:40:09;305;305;0.13;24.10;28.90;0.12;1.78;0;0.00;0.62
UNO_515122C0;2015/02/11 16:40:40;306;306;0.13;24.10;28.90;0.13;1.24;0;0.00;0.62
UNO_515122C0;2015/02/11 16:41:11;307;307;0.13;24.10;28.90;0.13;1.16;42582;0.14;72.61
UNO_515122C0;2015/02/11 16:41:43;308;308;0.13;24.10;28.90;0.13;1.24;0;0.00;0.62
UNO_515122C0;2015/02/11 16:42:15;309;309;0.13;24.10;28.90;0.12;1.17;0;0.00;0.62
UNO_515122C0;2015/02/11 16:42:46;310;310;0.13;24.10;28.90;0.12;1.15;0;0.00;0.62
UNO_515122C0;2015/02/11 16:43:18;311;311;0.13;24.10;28.90;0.12;1.83;201095;0.65;338.89
UNO_515122C0;2015/02/11 16:43:49;312;312;0.13;24.10;28.90;0.13;1.27;0;0.00;0.62
UNO_515122C0;2015/02/11 16:44:21;313;313;0.13;24.20;28.90;0.12;1.45;0;0.00;0.62
UNO_515122C0;2015/02/11 16:44:52;314;314;0.13;24.20;28.80;0.12;1.16;0;0.00;0.62
UNO_515122C0;2015/02/11 16:45:24;315;315;0.13;24.20;28.80;0.12;1.56;0;0.00;0.62
UNO_515122C0;2015/02/11 16:45:55;316;316;0.13;24.20;28.80;0.12;1.76;0;0.00;0.62
UNO_515122C0;2015/02/11 16:46:27;317;317;0.13;24.20;28.80;0.13;1.71;0;0.00;0.62
UNO_515122C0;2015/02/11 16:46:59;318;318;0.13;24.20;28.70;0.12;1.17;0;0.00;0.62
UNO_515122C0;2015/02/11 16:47:30;319;319;0.13;24.20;28.80;0.13;1.80;0;0.00;0.62
UNO_515122C0;2015/02/11 16:48:02;320;320;0.13;24.20;28.80;0.13;1.33;0;0.00;0.62
UNO_515122C0;2015/02/11 16:48:33;321;321;0.13;24.20;28.80;0.13;1.75;0;0.00;0.62
UNO_515122C0;2015/02/11 16:49:05;322;322;0.13;24.20;28.80;0.13;1.24;0;0.00;0.62
UNO_515122C0;2015/02/11 16:49:37;323;323;0.13;24.20;28.90;0.12;1.27;0;0.00;0.62
UNO_515122C0;2015/02/11 16:50:08;324;324;0.13;24.20;28.90;0.13;1.26;0;0.00;0.62
UNO_515122C0;2015/02/11 16:50:40;325;325;0.13;24.20;28.90;0.12;1.37;0;0.00;0.62
UNO_515122C0;2015/02/11 16:51:11;326;326;0.13;24.20;28.90;0.13;1.91;0;0.00;0.62
UNO_515122C0;2015/02/11 16:51:43;327;327;0.13;24.20;28.90;0.13;1.30;0;0.00;0.62
UNO_515122C0;2015/02/11 16:52:14;328;328;0.13;24.20;28.90;0.13;1.55;44326;0.15;77.36
UNO_515122C0;2015/02/11 16:52:45;329;329;0.13;24.10;28.90;0.12;1.92;0;0.00;0.62
UNO_515122C0;2015/02/11 16:53:17;330;330;0.13;24.10;29.00;0.12;1.16;0;0.00;0.62
UNO_515122C0;2015/02/11 16:53:48;331;331;0.13;24.20;28.90;0.12;1.90;0;0.00;0.62
UNO_515122C0;2015/02/11 16:54:20;332;332;0.13;24.20;28.90;0.12;1.46;0;0.00;0.62
UNO_515122C0;2015/02/11 16:54:51;333;333;0.13;24.20;28.90;0.12;1.16;79043;0.26;134.43
UNO_515122C0;2015/02/11 16:55:23;334;334;0.13;24.10;28.90;0.13;1.73;0;0.00;0.62
UNO_515122C0;2015/02/11 16:55:54;335;335;0.13;24.10;28.90;0.12;1.89;0;0.00;0.62
UNO_515122C0;2015/02/11 16:56:26;336;336;0.13;24.10;29.00;0.13;1.92;0;0.00;0.62
UNO_515122C0;2015/02/11 16:56:58;337;337;0.13;24.10;29.00;0.12;1.88;0;0.00;0.62
UNO_515122C0;2015/02/11 16:57:29;338;338;0.13;24.10;29.00;0.12;1.17;0;0.00;0.62
UNO_515122C0;2015/02/11 16:58:01;339;339;0.13;24.10;29.00;0.14;1.28;0;0.00;0.62
UNO_515122C0;2015/02/11 16:58:32;340;340;0.13;24.00;29.00;0.13;1.92;0;0.00;0.62
UNO_515122C0;2015/02/11 16:59:04;341;341;0.13;24.00;29.10;0.12;1.69;0;0.00;0.62
UNO_515122C0;2015/02/11 16:59:36;342;342;0.13;24.00;29.10;0.13;1.66;0;0.00;0.62
UNO_515122C0;2015/02/11 17:00:07;343;343;0.13;24.00;29.10;0.13;1.23;73806;0.24;126.29
UNO_515122C0;2015/02/11 17:00:38;344;344;0.13;24.00;29.20;0.13;1.22;0;0.00;0.62
UNO_515122C0;2015/02/11 17:01:09;345;345;0.13;24.00;29.20;0.13;1.86;25040;0.08;43.93
UNO_515122C0;2015/02/11 17:01:40;346;346;0.13;23.90;29.20;0.13;1.92;0;0.00;0.62
UNO_515122C0;2015/02/11 17:02:12;347;347;0.13;23.90;29.30;0.12;1.46;0;0.00;0.62
UNO_515122C0;2015/02/11 17:02:44;348;348;0.13;23.90;29.30;0.12;1.17;0;0.00;0.62
UNO_515122C0;2015/02/11 17:03:15;349;349;0.13;23.90;29.30;0.12;1.91;0;0.00;0.62
UNO_515122C0;2015/02/11 17:03:47;350;350;0.13;23.90;29.40;0.13;1.21;0;0.00;0.62
UNO_515122C0;2015/02/11 17:04:18;351;351;0.13;23.80;29.30;0.12;1.88;0;0.00;0.62
UNO_515122C0;2015/02/11 17:04:50;352;352;0.13;23.80;29.40;0.13;1.44;98571;0.32;165.96
UNO_515122C0;2015/02/11 17:05:21;353;353;0.13;23.80;29.40;0.13;1.76;73081;0.24;126.49
UNO_515122C0;2015/02/11 17:05:51;354;354;0.13;23.80;29.40;0.13;1.30;12686;0.04;22.52
UNO_515122C0;2015/02/11 17:06:22;355;355;0.13;23.80;29.50;0.13;1.27;125512;0.41;213.59
UNO_515122C0;2015/02/11 17:06:54;356;356;0.13;23.80;29.70;0.13;1.93;42984;0.14;72.55
UNO_515122C0;2015/02/11 17:07:25;357;357;0.13;23.80;29.70;0.11;1.86;0;0.00;0.62
UNO_515122C0;2015/02/11 17:07:57;358;358;0.13;23.80;29.60;0.12;1.93;0;0.00;0.62
UNO_515122C0;2015/02/11 17:08:29;359;359;0.13;23.80;29.60;0.13;1.17;0;0.00;0.62
UNO_515122C0;2015/02/11 17:09:00;360;360;0.13;23.80;29.60;0.12;1.89;34517;0.11;59.73
UNO_515122C0;2015/02/11 17:09:31;361;361;0.13;23.80;29.70;0.14;1.44;0;0.00;0.62
UNO_515122C0;2015/02/11 17:10:02;362;362;0.13;23.80;29.70;0.12;1.21;27255;0.09;46.82
UNO_515122C0;2015/02/11 17:10:34;363;363;0.14;23.80;29.90;0.12;1.89;0;0.00;0.62
UNO_515122C0;2015/02/11 17:11:05;364;364;0.14;23.80;29.80;0.12;1.52;0;0.00;0.62
UNO_515122C0;2015/02/11 17:11:37;365;365;0.14;23.90;29.80;0.12;1.16;0;0.00;0.62
UNO_515122C0;2015/02/11 17:12:09;366;366;0.14;23.80;29.60;0.12;1.93;0;0.00;0.62
UNO_515122C0;2015/02/11 17:12:40;367;367;0.14;23.80;29.50;0.12;1.16;0;0.00;0.62
UNO_515122C0;2015/02/11 17:13:12;368;368;0.14;23.80;29.70;0.12;1.27;0;0.00;0.62
UNO_515122C0;2015/02/11 17:13:43;369;369;0.13;23.80;29.50;0.14;1.16;0;0.00;0.62
UNO_515122C0;2015/02/11 17:14:15;370;370;0.13;23.80;29.60;0.12;1.70;0;0.00;0.62
UNO_515122C0;2015/02/11 17:14:47;371;371;0.13;23.80;29.60;0.13;1.87;0;0.00;0.62
UNO_515122C0;2015/02/11 17:15:18;372;372;0.13;23.80;29.80;0.12;1.88;0;0.00;0.62
UNO_515122C0;2015/02/11 17:15:50;373;373;0.13;23.70;29.80;0.12;1.88;0;0.00;0.62
UNO_515122C0;2015/02/11 17:16:21;374;374;0.13;23.80;29.70;0.12;1.90;63125;0.20;107.03
UNO_515122C0;2015/02/11 17:16:53;375;375;0.13;23.70;29.80;0.12;1.94;0;0.00;0.62
UNO_515122C0;2015/02/11 17:54:51;0;sampleID;MQ2;DHT22 Temp(C);DHT22 HR;MQ9;HCHO;Lowpulse;ratio;Concentration
UNO_515122C0;2015/02/11 17:55:21;1;1;0.11;20.60;27.50;0.29;1.81;1319562;4.37;2290.26
UNO_515122C0;2015/02/11 17:55:52;2;2;0.10;20.50;27.50;0.23;1.74;1125718;3.74;1947.50
UNO_515122C0;2015/02/11 17:56:22;3;3;0.09;20.70;27.80;0.24;1.10;1478596;4.93;2601.43
UNO_515122C0;2015/02/11 17:56:53;4;4;0.09;20.80;27.40;0.19;1.07;2184997;7.27;4004.39
UNO_515122C0;2015/02/11 17:57:24;5;5;0.08;20.90;27.10;0.21;1.81;2357607;7.76;4323.97
UNO_515122C0;2015/02/11 17:57:55;6;6;0.08;21.00;27.10;0.18;2.12;1415552;4.59;2413.97
UNO_515122C0;2015/02/11 17:58:27;7;7;0.08;21.10;26.90;0.15;1.70;2653208;8.52;4834.72
UNO_515122C0;2015/02/11 17:58:58;8;8;0.08;21.20;26.20;0.15;1.94;1255637;4.09;2139.27
UNO_515122C0;2015/02/11 17:59:29;9;9;0.08;21.20;26.00;0.14;2.06;2266692;7.46;4128.14
UNO_515122C0;2015/02/11 18:00:00;10;10;0.08;21.30;25.90;0.14;1.93;1676497;5.54;2949.89
UNO_515122C0;2015/02/11 18:00:31;11;11;0.08;21.30;26.00;0.16;1.36;734039;2.43;1255.03
UNO_515122C0;2015/02/11 18:01:02;12;12;0.07;21.40;25.90;0.13;1.99;560017;1.84;949.90
UNO_515122C0;2015/02/11 18:01:33;13;13;0.07;21.50;25.80;0.12;1.62;312812;1.01;523.76
UNO_515122C0;2015/02/11 18:02:04;14;14;0.07;21.50;25.80;0.15;1.30;1992635;6.52;3535.00
UNO_515122C0;2015/02/11 18:02:36;15;15;0.07;21.50;25.40;0.13;1.90;456683;1.46;757.24
UNO_515122C0;2015/02/11 18:03:07;16;16;0.07;21.60;25.70;0.12;1.90;260065;0.85;442.13
UNO_515122C0;2015/02/11 18:03:38;17;17;0.07;21.60;25.40;0.11;0.97;2393661;7.93;4432.20
UNO_515122C0;2015/02/11 18:04:09;18;18;0.07;21.70;25.40;0.11;0.88;1630430;5.36;2845.76
UNO_515122C0;2015/02/11 18:04:40;19;19;0.07;21.70;25.20;0.12;1.07;1450450;4.79;2524.93
UNO_515122C0;2015/02/11 18:05:10;20;20;0.07;21.80;25.30;0.11;1.60;1644244;5.43;2888.88
UNO_515122C0;2015/02/11 18:05:42;21;21;0.07;21.80;25.40;0.12;2.28;1518592;4.93;2605.57
UNO_515122C0;2015/02/11 18:06:13;22;22;0.07;21.90;25.20;0.13;2.00;152035;0.50;260.84
UNO_515122C0;2015/02/11 18:06:44;23;23;0.07;21.80;24.80;0.10;0.95;2262925;7.30;4021.58
UNO_515122C0;2015/02/11 18:07:15;24;24;0.07;21.90;24.90;0.12;2.19;4175384;13.54;9070.55
UNO_515122C0;2015/02/11 18:07:47;25;25;0.07;21.90;24.80;0.10;1.90;1454265;4.70;2474.70
UNO_515122C0;2015/02/11 18:08:18;26;26;0.07;22.00;24.90;0.11;1.01;2413260;8.02;4497.17
UNO_515122C0;2015/02/11 18:08:49;27;27;0.07;22.00;24.70;0.10;1.19;2485638;8.05;4511.13
UNO_515122C0;2015/02/11 18:09:20;28;28;0.07;22.00;24.50;0.10;0.98;2385546;7.89;4405.25
UNO_515122C0;2015/02/11 18:09:51;29;29;0.07;22.00;24.70;0.10;2.12;845669;2.79;1447.60
UNO_515122C0;2015/02/11 18:10:21;30;30;0.07;22.00;24.70;0.10;1.64;1547713;5.11;2702.69
UNO_515122C0;2015/02/11 18:10:52;31;31;0.07;22.10;25.00;0.10;1.66;2000659;6.61;3589.90
UNO_515122C0;2015/02/11 18:11:23;32;32;0.07;22.10;24.70;0.10;0.95;2892379;9.53;5562.06
UNO_515122C0;2015/02/11 18:11:55;33;33;0.08;22.10;25.30;0.10;1.00;1814375;5.82;3115.25
UNO_515122C0;2015/02/11 18:12:26;34;34;0.08;22.10;25.10;0.09;1.99;324375;1.07;554.43
UNO_515122C0;2015/02/11 18:12:57;35;35;0.08;22.10;25.40;0.10;1.99;1496651;4.88;2575.03
UNO_515122C0;2015/02/11 18:14:21;0;sampleID;MQ2;DHT22 Temp(C);DHT22 HR;MQ9;HCHO;Lowpulse;ratio;Concentration
UNO_515122C0;2015/02/11 18:14:53;1;1;0.08;22.30;26.10;0.09;1.42;1171513;3.76;1959.68
UNO_515122C0;2015/02/11 18:15:25;2;2;0.08;22.30;26.10;0.10;2.10;250066;0.81;417.81
UNO_515122C0;2015/02/11 18:15:55;3;3;0.08;22.30;26.30;0.09;1.45;594129;1.97;1017.06
UNO_515122C0;2015/02/11 18:16:26;4;4;0.08;22.40;26.20;0.09;1.84;877711;2.87;1487.29
UNO_515122C0;2015/02/11 18:16:57;5;5;0.08;22.30;26.20;0.10;1.98;1143422;3.80;1982.45
UNO_515122C0;2015/02/11 18:17:29;6;6;0.08;22.40;26.20;0.09;1.59;2352936;7.59;4208.12
UNO_515122C0;2015/02/11 18:18:00;7;7;0.08;22.50;26.10;0.09;1.30;2235681;7.34;4049.52
UNO_515122C0;2015/02/11 18:18:31;8;8;0.08;22.50;26.70;0.09;1.87;534769;1.73;896.15
UNO_515122C0;2015/02/11 18:19:02;9;9;0.08;22.50;26.80;0.09;1.06;2427273;8.04;4505.14
UNO_515122C0;2015/02/11 18:19:33;10;10;0.08;22.60;26.50;0.09;1.07;1014557;3.28;1704.41
UNO_515122C0;2015/02/11 18:20:05;11;11;0.08;22.60;26.80;0.09;2.23;1030959;3.35;1743.06
UNO_515122C0;2015/02/11 18:20:36;12;12;0.08;22.60;26.90;0.09;1.03;1093928;3.58;1863.03
UNO_515122C0;2015/02/11 18:21:07;13;13;0.08;22.60;26.30;0.09;1.80;1025433;3.36;1747.05
UNO_515122C0;2015/02/11 18:21:37;14;14;0.08;22.60;26.20;0.09;1.88;1897667;6.29;3394.39
UNO_515122C0;2015/02/11 18:22:08;15;15;0.08;22.60;26.10;0.09;1.49;3008790;9.94;5875.93
UNO_515122C0;2015/02/11 18:22:39;16;16;0.08;22.60;26.40;0.09;1.18;4364745;14.51;10105.10
UNO_515122C0;2015/02/11 18:23:10;17;17;0.08;22.70;26.20;0.09;2.11;1974409;6.37;3443.20
UNO_515122C0;2015/02/11 18:23:42;18;18;0.08;22.60;25.00;0.10;0.93;1588343;5.16;2731.28
UNO_515122C0;2015/02/11 18:24:13;19;19;0.08;22.60;25.00;0.09;0.97;694721;2.23;1154.84
UNO_515122C0;2015/02/11 18:24:44;20;20;0.08;22.60;24.90;0.09;1.32;852268;2.84;1470.55
UNO_515122C0;2015/02/11 18:25:15;21;21;0.08;22.60;25.30;0.08;1.57;1487412;4.86;2562.93
UNO_515122C0;2015/02/11 18:25:46;22;22;0.08;22.60;25.20;0.08;2.17;1033888;3.34;1738.35
UNO_515122C0;2015/02/11 18:26:17;23;23;0.08;22.50;25.20;0.08;0.92;682787;2.27;1173.82
UNO_515122C0;2015/02/11 18:26:48;24;24;0.08;22.50;25.30;0.08;2.13;566760;1.85;955.82
UNO_515122C0;2015/02/11 18:27:19;25;25;0.08;22.50;25.40;0.09;1.05;404017;1.34;693.74
UNO_515122C0;2015/02/11 18:27:50;26;26;0.08;22.50;25.80;0.09;1.39;50404;0.16;85.78
UNO_515122C0;2015/02/11 18:28:21;27;27;0.08;22.50;25.80;0.08;1.94;653248;2.13;1100.46
UNO_515122C0;2015/02/11 18:28:52;28;28;0.08;22.50;25.60;0.08;1.69;337818;1.11;576.34
UNO_515122C0;2015/02/11 18:29:24;29;29;0.08;22.50;25.60;0.08;0.96;87023;0.28;145.81
UNO_515122C0;2015/02/11 18:29:55;30;30;0.08;22.50;25.60;0.09;1.40;56445;0.18;95.60
UNO_515122C0;2015/02/11 18:30:26;31;31;0.08;22.50;25.60;0.08;1.88;147078;0.48;251.67
UNO_515122C0;2015/02/11 18:30:57;32;32;0.08;22.50;25.60;0.08;0.94;26077;0.09;45.17
UNO_515122C0;2015/02/11 18:31:28;33;33;0.08;22.50;25.60;0.08;1.07;183411;0.61;316.44
UNO_515122C0;2015/02/11 18:31:59;34;34;0.08;22.50;25.60;0.08;1.90;316863;1.02;530.22
UNO_515122C0;2015/02/11 18:32:30;35;35;0.08;22.40;25.50;0.08;1.20;133580;0.44;230.63
UNO_515122C0;2015/02/11 18:33:01;36;36;0.08;22.40;25.60;0.08;1.08;271032;0.88;454.37
UNO_515122C0;2015/02/11 18:33:32;37;37;0.07;22.30;25.60;0.08;1.62;81610;0.27;140.00
UNO_515122C0;2015/02/11 18:34:04;38;38;0.08;22.30;25.60;0.08;2.07;98004;0.32;164.27
UNO_515122C0;2015/02/11 18:34:35;39;39;0.07;22.30;25.60;0.08;1.27;766999;2.53;1311.33
UNO_515122C0;2015/02/11 18:35:06;40;40;0.07;22.30;25.60;0.08;0.90;702185;2.26;1171.08
UNO_515122C0;2015/02/11 18:35:37;41;41;0.07;22.30;25.70;0.08;1.08;773792;2.56;1326.09
UNO_515122C0;2015/02/11 18:36:09;42;42;0.08;22.30;25.80;0.08;1.14;977192;3.15;1636.48
UNO_515122C0;2015/02/11 18:36:39;43;43;0.07;22.30;25.70;0.08;1.02;717896;2.39;1238.29
UNO_515122C0;2015/02/11 18:37:11;44;44;0.08;22.30;25.70;0.08;1.79;228911;0.73;381.10
UNO_515122C0;2015/02/11 18:37:41;45;45;0.07;22.30;25.70;0.08;2.09;553434;1.84;952.07
UNO_515122C0;2015/02/11 18:38:12;46;46;0.08;22.30;25.70;0.08;1.58;26090;0.09;45.32
UNO_515122C0;2015/02/11 18:38:44;47;47;0.07;22.30;25.70;0.07;2.12;361045;1.16;599.97
UNO_515122C0;2015/02/11 18:39:15;48;48;0.07;22.30;25.70;0.08;1.77;120340;0.40;208.15
UNO_515122C0;2015/02/11 18:39:45;49;49;0.07;22.30;25.70;0.08;0.96;740325;2.46;1272.37
UNO_515122C0;2015/02/11 18:40:17;50;50;0.08;22.30;25.70;0.08;1.24;1424795;4.63;2435.36
UNO_515122C0;2015/02/11 18:40:48;51;51;0.08;22.30;25.70;0.09;1.74;615674;2.02;1044.44
UNO_515122C0;2015/02/11 18:41:19;52;52;0.08;22.30;25.70;0.08;2.08;1015097;3.28;1705.62
UNO_515122C0;2015/02/11 18:41:50;53;53;0.08;22.30;25.70;0.08;0.90;1331610;4.34;2278.27
UNO_515122C0;2015/02/11 18:42:21;54;54;0.07;22.30;25.60;0.08;1.01;1012013;3.30;1716.72
UNO_515122C0;2015/02/11 18:42:53;55;55;0.07;22.20;25.60;0.08;1.49;859293;2.76;1429.76
UNO_515122C0;2015/02/11 18:43:24;56;56;0.08;22.20;25.60;0.08;1.87;1323154;4.36;2284.12
UNO_515122C0;2015/02/11 18:43:55;57;57;0.07;22.30;25.80;0.07;1.04;519086;1.72;889.98
UNO_515122C0;2015/02/11 18:44:26;58;58;0.07;22.20;25.80;0.07;2.09;1311371;4.27;2235.57
UNO_515122C0;2015/02/11 18:44:57;59;59;0.08;22.20;25.60;0.07;2.04;604912;1.98;1022.69
UNO_515122C0;2015/02/11 18:45:28;60;60;0.07;22.10;25.60;0.07;2.06;427317;1.39;719.97
UNO_515122C0;2015/02/11 18:45:59;61;61;0.07;22.10;25.60;0.07;2.05;1145627;3.77;1964.62
UNO_515122C0;2015/02/11 18:46:30;62;62;0.07;22.10;25.60;0.07;0.89;166813;0.55;285.14
UNO_515122C0;2015/02/11 18:47:02;63;63;0.08;22.10;25.60;0.07;1.21;652900;2.11;1091.59
UNO_515122C0;2015/02/11 18:47:33;64;64;0.07;22.10;25.60;0.07;1.67;377765;1.24;639.12
UNO_515122C0;2015/02/11 18:48:04;65;65;0.07;22.20;25.70;0.07;1.25;239265;0.78;403.91
UNO_515122C0;2015/02/11 18:48:35;66;66;0.07;22.20;25.70;0.07;2.02;800999;2.65;1371.51
UNO_515122C0;2015/02/11 18:49:06;67;67;0.07;22.20;25.60;0.07;0.89;1186493;3.87;2019.91
UNO_515122C0;2015/02/11 18:49:37;68;68;0.07;22.10;25.50;0.07;1.21;215633;0.71;367.21
UNO_515122C0;2015/02/11 18:50:08;69;69;0.07;22.10;25.50;0.07;1.99;762723;2.52;1302.57
UNO_515122C0;2015/02/11 18:50:39;70;70;0.07;22.10;25.50;0.09;1.12;735045;2.38;1230.41
UNO_515122C0;2015/02/11 18:51:10;71;71;0.07;22.10;25.50;0.08;2.13;1202073;3.99;2086.32
UNO_515122C0;2015/02/11 18:51:41;72;72;0.07;22.10;25.50;0.08;0.90;791712;2.59;1340.33
UNO_515122C0;2015/02/11 18:52:12;73;73;0.07;22.10;25.40;0.07;0.88;436636;1.43;739.21
UNO_515122C0;2015/02/11 18:52:43;74;74;0.07;22.10;25.40;0.07;2.16;971967;3.22;1674.63
UNO_515122C0;2015/02/11 18:53:14;75;75;0.07;22.10;25.50;0.08;0.94;1216178;3.97;2074.46
UNO_515122C0;2015/02/11 18:53:45;76;76;0.07;22.20;25.40;0.09;0.89;602865;1.96;1015.77
UNO_515122C0;2015/02/11 18:54:17;77;77;0.07;22.20;25.40;0.07;1.91;650586;2.12;1094.85
UNO_515122C0;2015/02/11 18:54:48;78;78;0.07;22.20;25.40;0.07;1.13;826154;2.71;1401.92
UNO_515122C0;2015/02/11 18:55:18;79;79;0.07;22.20;25.40;0.07;1.38;298992;0.99;514.63
UNO_515122C0;2015/02/11 18:55:50;80;80;0.07;22.30;25.40;0.07;1.84;256050;0.82;426.79
UNO_515122C0;2015/02/11 18:56:22;81;81;0.07;22.30;25.40;0.07;1.93;654616;2.10;1087.31
UNO_515122C0;2015/02/11 18:56:52;82;82;0.07;22.30;25.30;0.08;1.08;1260000;4.20;2196.79
UNO_515122C0;2015/02/11 18:57:23;83;83;0.08;22.20;25.20;0.09;2.00;372337;1.24;641.49
UNO_515122C0;2015/02/11 18:57:54;84;84;0.07;22.20;25.30;0.09;0.90;806404;2.65;1374.15
UNO_515122C0;2015/02/11 18:58:25;85;85;0.08;22.30;25.50;0.09;1.35;584867;1.88;970.50
UNO_515122C0;2015/02/11 18:58:57;86;86;0.07;22.30;25.30;0.08;1.88;1497931;4.86;2565.36
UNO_515122C0;2015/02/11 18:59:27;87;87;0.07;22.20;25.30;0.08;2.15;941730;3.12;1621.55
UNO_515122C0;2015/02/11 18:59:58;88;88;0.07;22.30;25.40;0.08;2.16;1512788;5.02;2652.65
UNO_515122C0;2015/02/11 19:00:29;89;89;0.07;22.20;25.30;0.08;1.31;1282460;4.27;2236.92
UNO_515122C0;2015/02/11 19:00:59;90;90;0.07;22.20;25.30;0.08;0.92;985921;3.25;1685.64
UNO_515122C0;2015/02/11 19:01:31;91;91;0.08;22.20;25.40;0.07;0.89;363166;1.19;616.52
UNO_515122C0;2015/02/11 19:02:01;92;92;0.08;22.20;25.40;0.07;1.63;313137;1.03;535.81
UNO_515122C0;2015/02/11 19:02:33;93;93;0.07;22.30;25.40;0.07;1.00;438164;1.41;729.57
UNO_515122C0;2015/02/11 19:03:04;94;94;0.07;22.20;25.30;0.08;0.88;751464;2.44;1264.33
UNO_515122C0;2015/02/11 19:03:36;95;95;0.08;22.30;25.40;0.08;1.36;609441;1.96;1012.13
UNO_515122C0;2015/02/11 19:04:07;96;96;0.07;22.20;25.30;0.09;2.09;448677;1.45;749.48
UNO_515122C0;2015/02/11 19:04:38;97;97;0.08;22.20;25.30;0.08;1.77;424249;1.39;720.20
UNO_515122C0;2015/02/11 19:05:09;98;98;0.08;22.20;25.30;0.08;2.15;298084;0.98;509.03
UNO_515122C0;2015/02/11 19:05:40;99;99;0.07;22.20;25.40;0.08;1.07;621990;2.06;1066.33
UNO_515122C0;2015/02/11 19:06:12;100;100;0.07;22.20;25.30;0.08;0.90;523906;1.68;869.38
UNO_515122C0;2015/02/11 19:06:43;101;101;0.08;22.20;25.30;0.08;1.94;872166;2.85;1475.52
UNO_515122C0;2015/02/11 19:07:14;102;102;0.07;22.30;25.40;0.07;0.90;94581;0.31;159.91
UNO_515122C0;2015/02/11 19:07:45;103;103;0.08;22.30;25.40;0.09;1.92;414960;1.37;709.79
UNO_515122C0;2015/02/11 19:08:16;104;104;0.08;22.30;25.30;0.09;2.13;1270812;4.17;2180.25
UNO_515122C0;2015/02/11 19:08:47;105;105;0.07;22.30;25.10;0.08;1.00;858939;2.86;1481.31
UNO_515122C0;2015/02/11 19:09:18;106;106;0.07;22.30;25.10;0.07;0.89;578371;1.90;983.53
UNO_515122C0;2015/02/11 19:09:48;107;107;0.08;22.30;25.00;0.08;1.30;700677;2.30;1191.76
UNO_515122C0;2015/02/11 19:10:19;108;108;0.07;22.30;25.10;0.08;1.08;568730;1.89;976.58
UNO_515122C0;2015/02/11 19:10:50;109;109;0.08;22.30;25.00;0.08;1.98;800930;2.60;1347.59
UNO_515122C0;2015/02/11 19:11:21;110;110;0.08;22.30;25.10;0.09;1.75;765306;2.54;1316.35
UNO_515122C0;2015/02/11 19:11:52;111;111;0.08;22.30;25.10;0.08;1.33;632796;2.05;1060.23
UNO_515122C0;2015/02/11 19:12:24;112;112;0.08;22.30;25.20;0.07;0.89;559469;1.80;930.14
UNO_515122C0;2015/02/11 19:12:55;113;113;0.08;22.20;25.20;0.07;2.10;643940;2.10;1087.39
UNO_515122C0;2015/02/11 19:13:27;114;114;0.07;22.20;25.20;0.08;1.48;645223;2.07;1071.64
UNO_515122C0;2015/02/11 19:13:58;115;115;0.08;22.10;25.20;0.08;1.94;871577;2.90;1502.24
UNO_515122C0;2015/02/11 19:14:28;116;116;0.07;22.20;25.10;0.07;0.92;468489;1.56;807.46
UNO_515122C0;2015/02/11 19:14:59;117;117;0.08;22.10;25.20;0.08;1.94;425905;1.41;729.40
UNO_515122C0;2015/02/11 19:15:30;118;118;0.08;22.10;25.20;0.08;1.76;683426;2.23;1155.90
UNO_515122C0;2015/02/11 19:16:01;119;119;0.07;22.20;25.20;0.07;0.87;660089;2.19;1131.28
UNO_515122C0;2015/02/11 19:16:32;120;120;0.08;22.20;25.20;0.08;1.98;533714;1.75;902.81
UNO_515122C0;2015/02/11 19:17:03;121;121;0.08;22.20;25.30;0.07;0.87;559412;1.84;948.90
UNO_515122C0;2015/02/11 19:17:34;122;122;0.08;22.20;25.20;0.07;1.95;618489;2.00;1033.36
UNO_515122C0;2015/02/11 19:18:05;123;123;0.08;22.20;25.20;0.08;2.12;634168;2.08;1073.48
UNO_515122C0;2015/02/11 19:18:36;124;124;0.08;22.20;25.20;0.08;1.69;273221;0.91;468.93
UNO_515122C0;2015/02/11 19:19:07;125;125;0.07;22.20;25.20;0.07;0.92;236350;0.77;400.88
UNO_515122C0;2015/02/11 19:19:38;126;126;0.07;22.10;25.10;0.08;0.87;534797;1.77;914.17
UNO_515122C0;2015/02/11 19:20:09;127;127;0.08;22.20;25.20;0.07;2.12;670695;2.21;1144.54
UNO_515122C0;2015/02/11 19:20:40;128;128;0.08;22.10;25.20;0.08;1.05;145886;0.47;245.01
UNO_515122C0;2015/02/11 19:21:12;129;129;0.08;22.20;25.30;0.07;2.13;381523;1.24;642.78
UNO_515122C0;2015/02/11 19:21:42;130;130;0.07;22.20;25.20;0.07;1.09;362292;1.20;623.19
UNO_515122C0;2015/02/11 19:22:13;131;131;0.07;22.20;25.30;0.08;1.09;1214387;3.95;2065.77
UNO_515122C0;2015/02/11 19:22:44;132;132;0.08;22.10;25.20;0.08;0.98;695786;2.29;1187.08
UNO_515122C0;2015/02/11 19:23:16;133;133;0.07;22.10;25.30;0.08;0.90;377711;1.23;636.01
UNO_515122C0;2015/02/11 19:23:46;134;134;0.07;22.20;25.30;0.08;1.78;300996;1.00;516.05
UNO_515122C0;2015/02/11 19:24:18;135;135;0.07;22.10;25.10;0.07;0.95;143786;0.47;241.96
UNO_515122C0;2015/02/11 19:24:49;136;136;0.08;22.10;25.20;0.08;2.14;417155;1.38;712.62
UNO_515122C0;2015/02/11 19:25:20;137;137;0.08;22.10;25.20;0.08;2.15;509476;1.64;850.12
UNO_515122C0;2015/02/11 19:25:51;138;138;0.08;22.10;25.10;0.07;0.89;745944;2.47;1277.23
UNO_515122C0;2015/02/11 19:26:21;139;139;0.08;22.10;25.30;0.07;1.64;511012;1.70;880.61
UNO_515122C0;2015/02/11 19:26:52;140;140;0.08;22.10;25.30;0.08;1.90;805428;2.68;1390.12
UNO_515122C0;2015/02/11 19:27:23;141;141;0.08;22.10;25.30;0.07;1.84;439537;1.42;735.08
UNO_515122C0;2015/02/11 19:27:55;142;142;0.07;22.10;25.30;0.07;1.11;508782;1.64;847.35
UNO_515122C0;2015/02/11 19:28:26;143;143;0.07;22.10;25.20;0.07;2.11;737915;2.41;1245.26
UNO_515122C0;2015/02/11 19:28:57;144;144;0.08;22.10;25.20;0.08;1.69;108669;0.35;184.29
UNO_515122C0;2015/02/11 19:29:29;145;145;0.08;22.10;25.30;0.08;1.71;647906;2.08;1074.17
UNO_515122C0;2015/02/11 19:30:00;146;146;0.08;22.10;25.30;0.08;2.03;244914;0.81;419.60
UNO_515122C0;2015/02/11 19:30:31;147;147;0.07;22.10;25.20;0.08;1.14;156829;0.52;268.13
UNO_515122C0;2015/02/11 19:31:02;148;148;0.08;22.10;25.30;0.08;1.98;228241;0.76;392.22
UNO_515122C0;2015/02/11 19:31:32;149;149;0.08;22.20;25.30;0.08;2.06;133818;0.44;230.59
UNO_515122C0;2015/02/11 19:32:04;150;150;0.08;22.20;25.40;0.08;2.12;261977;0.84;435.79
UNO_515122C0;2015/02/11 19:32:35;151;151;0.08;22.30;25.50;0.08;1.98;322573;1.07;552.07
UNO_515122C0;2015/02/11 19:33:06;152;152;0.08;22.30;25.50;0.08;1.24;215523;0.70;365.44
UNO_515122C0;2015/02/11 19:33:37;153;153;0.08;22.30;25.40;0.08;0.92;101531;0.33;172.78
UNO_515122C0;2015/02/11 19:34:09;154;154;0.08;22.30;25.40;0.07;0.90;183856;0.59;308.53
UNO_515122C0;2015/02/11 19:34:39;155;155;0.08;22.40;25.30;0.08;0.91;227055;0.76;391.85
UNO_515122C0;2015/02/11 19:35:10;156;156;0.08;22.40;25.30;0.08;2.01;237583;0.79;407.30
UNO_515122C0;2015/02/11 19:35:42;157;157;0.08;22.50;25.30;0.08;1.90;187046;0.60;311.93
UNO_515122C0;2015/02/11 19:36:13;158;158;0.08;22.50;25.20;0.08;1.70;102124;0.33;174.39
UNO_515122C0;2015/02/11 19:36:44;159;159;0.08;22.50;25.20;0.08;0.91;128879;0.42;218.70
UNO_515122C0;2015/02/11 19:37:15;160;160;0.08;22.60;25.10;0.07;1.34;172241;0.56;289.87
UNO_515122C0;2015/02/11 19:37:46;161;161;0.08;22.60;25.10;0.07;2.15;264037;0.88;454.28
UNO_515122C0;2015/02/11 19:38:17;162;162;0.08;22.60;25.00;0.08;1.19;379702;1.23;638.42
UNO_515122C0;2015/02/11 19:38:49;163;163;0.08;22.60;24.90;0.07;0.90;272358;0.87;453.11
UNO_515122C0;2015/02/11 19:39:20;164;164;0.08;22.60;24.90;0.07;1.20;57082;0.19;96.79
UNO_515122C0;2015/02/11 19:39:51;165;165;0.08;22.70;24.90;0.08;1.29;223897;0.73;380.46
UNO_515122C0;2015/02/11 19:40:22;166;166;0.08;22.70;24.90;0.08;2.17;325293;1.07;555.73
UNO_515122C0;2015/02/11 19:40:54;167;167;0.08;22.80;24.80;0.08;0.93;255859;0.83;428.82
UNO_515122C0;2015/02/11 19:41:25;168;168;0.08;22.80;24.80;0.09;1.96;226957;0.73;378.15
UNO_515122C0;2015/02/11 19:41:56;169;169;0.08;22.80;24.70;0.08;1.41;137642;0.46;236.66
UNO_515122C0;2015/02/11 19:42:28;170;170;0.08;22.80;24.70;0.08;1.67;242655;0.78;404.97
UNO_515122C0;2015/02/11 19:42:58;171;171;0.08;22.90;24.70;0.08;0.94;101979;0.34;175.78
UNO_515122C0;2015/02/11 19:43:29;172;172;0.08;22.90;24.70;0.08;0.98;211722;0.70;360.91
UNO_515122C0;2015/02/11 19:44:01;173;173;0.08;22.90;24.70;0.08;0.89;238270;0.77;400.44
UNO_515122C0;2015/02/11 19:44:32;174;174;0.08;22.90;24.60;0.08;1.03;183038;0.59;305.22
UNO_515122C0;2015/02/11 19:45:04;175;175;0.08;22.90;24.50;0.08;2.02;213722;0.69;356.14
UNO_515122C0;2015/02/11 19:45:35;176;176;0.08;23.00;24.60;0.08;2.16;67264;0.22;116.50
UNO_515122C0;2015/02/11 19:46:06;177;177;0.08;23.00;24.50;0.08;2.09;260714;0.84;433.91
UNO_515122C0;2015/02/11 19:46:37;178;178;0.08;22.90;24.50;0.08;1.03;206749;0.68;354.67
UNO_515122C0;2015/02/11 19:47:09;179;179;0.08;23.00;24.40;0.07;0.90;308867;0.99;513.56
UNO_515122C0;2015/02/11 19:47:40;180;180;0.08;23.00;24.40;0.08;0.90;41276;0.14;71.09
UNO_515122C0;2015/02/11 19:48:10;181;181;0.08;23.00;24.30;0.07;2.17;427214;1.42;735.62
UNO_515122C0;2015/02/11 19:48:41;182;182;0.08;23.10;24.40;0.08;1.38;156755;0.51;267.12
UNO_515122C0;2015/02/11 19:49:13;183;183;0.08;23.00;24.30;0.07;2.00;140762;0.46;237.41
UNO_515122C0;2015/02/11 19:49:44;184;184;0.08;23.10;24.30;0.08;0.92;326377;1.06;550.24
UNO_515122C0;2015/02/11 19:50:15;185;185;0.08;23.10;24.30;0.07;1.52;130978;0.43;225.28
UNO_515122C0;2015/02/11 19:50:46;186;186;0.08;23.10;24.30;0.09;2.17;132059;0.43;221.08
UNO_515122C0;2015/02/11 19:51:17;187;187;0.08;23.10;24.30;0.08;2.16;184597;0.61;318.88
UNO_515122C0;2015/02/11 19:51:48;188;188;0.08;23.10;24.20;0.09;0.96;180644;0.60;309.90
UNO_515122C0;2015/02/11 19:52:19;189;189;0.08;23.10;24.20;0.08;0.97;344248;1.14;590.80
UNO_515122C0;2015/02/11 19:52:50;190;190;0.08;23.10;24.20;0.08;1.36;292538;0.95;490.73
UNO_515122C0;2015/02/11 19:53:22;191;191;0.08;23.20;24.20;0.08;1.79;394722;1.27;656.42
UNO_515122C0;2015/02/11 19:53:53;192;192;0.08;23.20;24.10;0.08;0.97;303909;1.00;515.89
UNO_515122C0;2015/02/11 19:54:24;193;193;0.08;23.20;24.10;0.08;1.26;417406;1.36;703.69
UNO_515122C0;2015/02/11 19:54:55;194;194;0.08;23.20;24.10;0.08;1.31;147616;0.48;250.54
UNO_515122C0;2015/02/11 19:55:26;195;195;0.08;23.20;24.00;0.07;1.15;311174;1.01;521.30
UNO_515122C0;2015/02/11 19:55:57;196;196;0.08;23.30;24.10;0.07;1.52;381095;1.26;650.14
UNO_515122C0;2015/02/11 19:56:29;197;197;0.08;23.30;24.10;0.08;1.14;284751;0.92;476.17
UNO_515122C0;2015/02/11 19:57:00;198;198;0.08;23.30;24.10;0.08;1.64;16509;0.05;28.74
UNO_515122C0;2015/02/11 19:57:31;199;199;0.08;23.30;24.10;0.08;1.17;223551;0.74;385.47
UNO_515122C0;2015/02/11 19:58:02;200;200;0.08;23.30;24.10;0.07;2.03;17912;0.06;31.15
UNO_515122C0;2015/02/11 19:58:32;201;201;0.08;23.30;24.10;0.08;2.18;66709;0.22;115.65
UNO_515122C0;2015/02/11 19:59:03;202;202;0.08;23.30;24.10;0.08;2.00;298838;0.99;511.71
UNO_515122C0;2015/02/11 19:59:34;203;203;0.08;23.30;24.10;0.08;1.20;139968;0.46;238.09
UNO_515122C0;2015/02/11 20:00:05;204;204;0.08;23.30;24.00;0.08;2.17;373225;1.22;629.79
UNO_515122C0;2015/02/11 20:00:36;205;205;0.08;23.20;24.00;0.08;1.43;158481;0.52;272.18
UNO_515122C0;2015/02/11 20:01:08;206;206;0.08;23.20;24.00;0.08;1.05;134511;0.43;225.87
UNO_515122C0;2015/02/11 20:01:38;207;207;0.08;23.20;24.10;0.09;2.10;250879;0.83;432.04
UNO_515122C0;2015/02/11 20:02:09;208;208;0.08;23.20;24.10;0.07;2.14;64464;0.21;111.99
UNO_515122C0;2015/02/11 20:02:40;209;209;0.08;23.20;24.00;0.09;2.15;225138;0.73;379.59
UNO_515122C0;2015/02/11 20:03:11;210;210;0.08;23.20;23.70;0.08;0.92;150987;0.49;254.48
UNO_515122C0;2015/02/11 20:03:43;211;211;0.08;23.20;23.70;0.08;0.91;307768;1.00;516.93
UNO_515122C0;2015/02/11 20:04:14;212;212;0.08;23.20;23.80;0.08;1.09;0;0.00;0.62
UNO_515122C0;2015/02/11 20:04:45;213;213;0.08;23.20;23.90;0.08;1.87;289176;0.96;495.42
UNO_515122C0;2015/02/11 20:05:17;214;214;0.08;23.20;24.10;0.08;2.18;146227;0.47;244.10
UNO_515122C0;2015/02/11 20:05:48;215;215;0.08;23.20;24.10;0.09;2.17;189922;0.63;325.20
UNO_515122C0;2015/02/11 20:06:18;216;216;0.08;23.20;23.80;0.08;1.19;64064;0.21;111.19
UNO_515122C0;2015/02/11 20:06:50;217;217;0.08;23.20;23.80;0.08;0.95;291387;0.93;484.16
UNO_515122C0;2015/02/11 20:07:21;218;218;0.08;23.20;23.70;0.08;1.56;68792;0.23;118.56
UNO_515122C0;2015/02/11 20:07:52;219;219;0.08;23.10;23.30;0.09;1.05;240567;0.79;407.16
UNO_515122C0;2015/02/11 20:08:23;220;220;0.08;23.00;23.30;0.08;1.64;363016;1.20;620.95
UNO_515122C0;2015/02/11 20:08:55;221;221;0.08;22.90;23.50;0.07;0.97;130907;0.42;218.66
UNO_515122C0;2015/02/11 20:09:25;222;222;0.07;22.70;23.50;0.07;2.04;101202;0.34;174.77
UNO_515122C0;2015/02/11 20:09:56;223;223;0.07;22.60;23.60;0.08;2.09;195166;0.65;335.50
UNO_515122C0;2015/02/11 20:10:28;224;224;0.07;22.40;23.70;0.08;0.81;265849;0.85;443.08
UNO_515122C0;2015/02/11 20:10:59;225;225;0.07;22.30;23.90;0.07;0.92;127437;0.42;217.19
UNO_515122C0;2015/02/11 20:11:29;226;226;0.07;22.20;24.00;0.08;1.88;399119;1.33;686.92
UNO_515122C0;2015/02/11 20:12:00;227;227;0.07;22.10;24.20;0.08;0.95;198741;0.65;339.33
UNO_515122C0;2015/02/11 20:12:31;228;228;0.07;22.00;24.20;0.07;0.84;24863;0.08;42.59
UNO_515122C0;2015/02/11 20:13:03;229;229;0.07;21.90;24.50;0.07;1.78;86734;0.28;146.62
UNO_515122C0;2015/02/11 20:13:34;230;230;0.07;21.70;24.60;0.07;1.49;93156;0.30;157.45
UNO_515122C0;2015/02/11 20:14:06;231;231;0.07;21.70;24.70;0.08;2.07;298425;0.97;500.30
UNO_515122C0;2015/02/11 20:14:37;232;232;0.07;21.60;24.70;0.07;0.79;377410;1.23;638.30
UNO_515122C0;2015/02/11 20:15:08;233;233;0.07;21.50;24.90;0.08;2.01;703332;2.31;1192.83
UNO_515122C0;2015/02/11 20:15:38;234;234;0.07;21.40;25.00;0.07;1.47;337157;1.12;581.54
UNO_515122C0;2015/02/11 20:16:10;235;235;0.07;21.20;25.10;0.07;1.76;371784;1.21;624.97
UNO_515122C0;2015/02/11 20:16:40;236;236;0.07;21.20;25.30;0.08;0.87;115145;0.38;199.44
UNO_515122C0;2015/02/11 20:17:11;237;237;0.07;21.10;25.50;0.07;0.76;111389;0.37;190.49
UNO_515122C0;2015/02/11 20:17:43;238;238;0.07;21.10;25.60;0.07;0.86;124955;0.40;209.47
UNO_515122C0;2015/02/11 20:18:13;239;239;0.07;21.00;25.70;0.07;0.87;83182;0.28;144.21
UNO_515122C0;2015/02/11 20:18:44;240;240;0.07;20.90;25.90;0.07;1.87;40102;0.13;69.86
UNO_515122C0;2015/02/11 20:19:16;241;241;0.07;20.90;26.10;0.07;0.77;175957;0.57;293.75
UNO_515122C0;2015/02/11 20:19:46;242;242;0.07;20.80;26.00;0.07;1.99;57992;0.19;100.89
UNO_515122C0;2015/02/11 20:20:18;243;243;0.07;20.80;26.00;0.07;0.77;113282;0.37;190.06
UNO_515122C0;2015/02/11 20:20:50;244;244;0.07;20.80;26.10;0.07;1.54;146790;0.47;244.62
UNO_515122C0;2015/02/11 20:21:20;245;245;0.07;20.70;26.30;0.07;0.87;25326;0.08;44.21
UNO_515122C0;2015/02/11 20:21:51;246;246;0.07;20.60;26.20;0.07;0.80;185044;0.62;319.28
UNO_515122C0;2015/02/11 20:22:22;247;247;0.07;20.60;26.30;0.07;1.08;211013;0.68;352.21
UNO_515122C0;2015/02/11 20:22:54;248;248;0.07;20.60;26.40;0.07;1.61;466113;1.50;778.01
UNO_515122C0;2015/02/11 20:23:26;249;249;0.07;20.60;26.50;0.06;0.98;176153;0.56;293.32
UNO_515122C0;2015/02/11 20:23:57;250;250;0.07;20.50;26.60;0.06;0.80;110505;0.36;188.12
UNO_515122C0;2015/02/11 20:24:28;251;251;0.07;20.50;26.60;0.06;1.50;133054;0.44;229.13
UNO_515122C0;2015/02/11 20:24:58;252;252;0.07;20.50;26.70;0.06;0.82;53631;0.18;92.75
UNO_515122C0;2015/02/11 20:25:30;253;253;0.07;20.50;26.80;0.08;2.02;122544;0.39;204.69
UNO_515122C0;2015/02/11 20:26:01;254;254;0.07;20.50;26.80;0.07;2.03;126804;0.42;218.16
UNO_515122C0;2015/02/11 20:26:31;255;255;0.07;20.50;26.90;0.07;2.00;390327;1.30;672.48
UNO_515122C0;2015/02/11 20:27:03;256;256;0.07;20.50;26.90;0.07;2.02;91295;0.30;155.34
UNO_515122C0;2015/02/11 20:27:33;257;257;0.07;20.40;26.90;0.07;1.09;41917;0.14;72.28
UNO_515122C0;2015/02/11 20:28:04;258;258;0.07;20.30;27.00;0.07;1.59;54160;0.18;94.29
UNO_515122C0;2015/02/11 20:28:35;259;259;0.07;20.30;27.00;0.07;1.59;32783;0.11;57.30
UNO_515122C0;2015/02/11 20:29:06;260;260;0.07;20.40;27.00;0.07;1.87;104592;0.34;175.05
UNO_515122C0;2015/02/11 20:29:38;261;261;0.07;20.30;27.10;0.07;2.05;32300;0.10;54.49
UNO_515122C0;2015/02/11 20:30:10;262;262;0.07;20.40;27.10;0.07;2.04;74865;0.24;125.22
UNO_515122C0;2015/02/11 20:30:41;263;263;0.07;20.30;27.10;0.07;1.72;51480;0.17;88.61
UNO_515122C0;2015/02/11 20:31:12;264;264;0.07;20.30;27.10;0.07;1.83;75703;0.25;128.24
UNO_515122C0;2015/02/11 20:31:43;265;265;0.07;20.20;27.10;0.07;1.59;48653;0.16;83.88
UNO_515122C0;2015/02/11 20:32:14;266;266;0.07;20.20;27.20;0.07;1.56;63544;0.21;109.19
UNO_515122C0;2015/02/11 20:32:45;267;267;0.07;20.10;27.30;0.07;0.89;171787;0.56;288.45
UNO_515122C0;2015/02/11 20:33:17;268;268;0.07;20.10;27.40;0.07;1.07;197431;0.63;328.49
UNO_515122C0;2015/02/11 20:33:47;269;269;0.07;20.10;27.40;0.07;0.87;139682;0.47;241.84
UNO_515122C0;2015/02/11 20:34:18;270;270;0.07;20.20;27.40;0.07;1.20;203205;0.68;350.39
UNO_515122C0;2015/02/11 20:34:50;271;271;0.07;20.30;27.40;0.07;1.51;217825;0.70;364.10
UNO_515122C0;2015/02/11 20:35:21;272;272;0.07;20.40;27.40;0.06;2.07;71072;0.23;122.45
UNO_515122C0;2015/02/11 20:35:51;273;273;0.07;20.50;27.40;0.06;1.63;102460;0.34;177.04
UNO_515122C0;2015/02/11 20:36:23;274;274;0.08;20.60;27.30;0.08;0.94;57327;0.18;96.40
UNO_515122C0;2015/02/11 20:36:54;275;275;0.07;20.80;27.20;0.07;1.24;40523;0.13;70.23
UNO_515122C0;2015/02/11 20:37:25;276;276;0.07;20.80;27.00;0.08;2.12;151888;0.49;256.42
UNO_515122C0;2015/02/11 20:37:56;277;277;0.08;20.90;26.90;0.07;1.09;119956;0.39;204.31
UNO_515122C0;2015/02/11 20:38:28;278;278;0.07;21.00;26.80;0.07;2.11;99124;0.32;166.03
UNO_515122C0;2015/02/11 20:38:58;279;279;0.08;21.10;26.80;0.08;0.94;130922;0.43;225.23
UNO_515122C0;2015/02/11 20:39:30;280;280;0.08;21.20;26.70;0.08;0.95;291502;0.95;493.13
UNO_515122C0;2015/02/11 20:40:00;281;281;0.08;21.30;26.80;0.08;1.07;538127;1.78;919.32
UNO_515122C0;2015/02/11 20:40:31;282;282;0.08;21.40;26.60;0.07;0.89;146990;0.49;254.13
UNO_515122C0;2015/02/11 20:41:02;283;283;0.08;21.50;26.60;0.08;2.01;486989;1.62;836.67
UNO_515122C0;2015/02/11 20:41:33;284;284;0.07;21.60;26.40;0.08;1.02;463618;1.51;780.44
UNO_515122C0;2015/02/11 20:42:04;285;285;0.08;21.70;26.40;0.08;0.89;170580;0.55;287.79
UNO_515122C0;2015/02/11 20:42:36;286;286;0.08;21.80;26.30;0.08;0.90;551243;1.77;917.35
UNO_515122C0;2015/02/11 20:43:07;287;287;0.08;21.80;26.20;0.08;2.09;335247;1.10;571.47
UNO_515122C0;2015/02/11 20:43:37;288;288;0.08;21.80;25.90;0.07;2.17;59866;0.20;103.13
UNO_515122C0;2015/02/11 20:44:09;289;289;0.08;21.80;25.90;0.07;1.64;92820;0.30;156.63
UNO_515122C0;2015/02/11 20:44:40;290;290;0.08;21.90;25.90;0.08;1.86;177580;0.57;297.50
UNO_515122C0;2015/02/11 20:45:12;291;291;0.08;21.90;25.90;0.07;1.96;451847;1.48;763.87
UNO_515122C0;2015/02/11 20:45:42;292;292;0.08;21.90;26.00;0.08;2.15;391438;1.29;666.41
UNO_515122C0;2015/02/11 20:46:13;293;293;0.08;21.90;26.00;0.07;1.19;97272;0.32;167.61
UNO_515122C0;2015/02/11 20:46:44;294;294;0.08;21.90;26.00;0.08;1.16;198196;0.65;337.69
UNO_515122C0;2015/02/11 20:47:16;295;295;0.08;21.90;26.00;0.07;0.92;349826;1.14;587.66
UNO_515122C0;2015/02/11 20:47:47;296;296;0.08;21.90;26.10;0.07;0.95;238834;0.78;405.39
UNO_515122C0;2015/02/11 20:48:17;297;297;0.08;21.90;26.00;0.07;1.14;278482;0.93;480.35
UNO_515122C0;2015/02/11 20:48:48;298;298;0.08;21.90;26.10;0.08;0.88;187272;0.62;320.28
UNO_515122C0;2015/02/11 20:49:19;299;299;0.08;21.90;26.00;0.08;1.78;158085;0.52;271.57
UNO_515122C0;2015/02/11 20:49:50;300;300;0.08;21.90;26.00;0.07;1.01;166944;0.55;284.39
UNO_515122C0;2015/02/11 20:50:21;301;301;0.08;21.90;25.90;0.08;1.59;337480;1.10;570.71
UNO_515122C0;2015/02/11 20:50:52;302;302;0.08;21.90;25.90;0.07;2.14;101154;0.33;172.31
UNO_515122C0;2015/02/11 20:51:24;303;303;0.08;21.90;25.90;0.08;1.35;304670;0.99;511.72
UNO_515122C0;2015/02/11 20:51:55;304;304;0.08;21.90;25.90;0.07;2.03;166483;0.55;284.01
UNO_515122C0;2015/02/11 20:52:25;305;305;0.08;21.90;26.00;0.08;1.36;206452;0.69;355.99
UNO_515122C0;2015/02/11 20:52:56;306;306;0.08;21.90;26.00;0.07;1.60;257789;0.84;435.35
UNO_515122C0;2015/02/11 20:53:28;307;307;0.08;21.90;26.00;0.08;1.05;243222;0.79;411.14
UNO_515122C0;2015/02/11 20:53:59;308;308;0.08;21.90;26.00;0.07;1.26;296508;0.97;502.84
UNO_515122C0;2015/02/11 20:54:29;309;309;0.08;21.90;26.00;0.07;0.87;124061;0.41;213.51
UNO_515122C0;2015/02/11 20:55:00;310;310;0.08;21.90;26.00;0.07;1.93;146647;0.49;252.68
UNO_515122C0;2015/02/11 20:55:32;311;311;0.08;22.00;26.00;0.07;0.87;326926;1.06;548.79
UNO_515122C0;2015/02/11 20:56:03;312;312;0.08;21.90;25.90;0.08;1.90;67845;0.22;115.01
UNO_515122C0;2015/02/11 20:56:34;313;313;0.08;22.00;26.00;0.07;1.25;92685;0.31;159.96
UNO_515122C0;2015/02/11 20:57:05;314;314;0.08;22.00;26.00;0.07;1.56;142272;0.46;241.30
UNO_515122C0;2015/02/11 20:57:36;315;315;0.08;21.90;26.00;0.08;1.66;106553;0.35;180.77
UNO_515122C0;2015/02/11 20:58:07;316;316;0.08;22.00;26.00;0.08;1.02;250775;0.82;423.48
UNO_515122C0;2015/02/11 20:58:38;317;317;0.08;22.00;26.00;0.08;0.86;69271;0.23;117.73
UNO_515122C0;2015/02/11 20:59:10;318;318;0.08;22.00;26.00;0.08;1.33;295213;0.95;492.53
UNO_515122C0;2015/02/11 20:59:41;319;319;0.08;22.00;25.90;0.08;0.88;145195;0.48;249.84
UNO_515122C0;2015/02/11 21:00:12;320;320;0.08;22.00;25.90;0.08;1.15;247435;0.80;413.16
UNO_515122C0;2015/02/11 21:00:44;321;321;0.08;22.00;25.80;0.08;2.10;309171;0.99;513.93
UNO_515122C0;2015/02/11 21:01:16;322;322;0.08;22.10;25.90;0.07;2.06;59051;0.19;99.73
UNO_515122C0;2015/02/11 21:01:46;323;323;0.08;22.00;25.90;0.07;2.00;279246;0.92;476.33
UNO_515122C0;2015/02/11 21:02:17;324;324;0.08;22.00;26.00;0.08;1.28;227677;0.75;387.86
UNO_515122C0;2015/02/11 21:02:49;325;325;0.08;22.00;26.00;0.07;1.77;298006;0.97;499.91
UNO_515122C0;2015/02/11 21:03:20;326;326;0.08;22.00;25.90;0.07;0.91;149455;0.50;257.58
UNO_515122C0;2015/02/11 21:03:51;327;327;0.08;22.00;25.90;0.07;2.07;199091;0.64;332.19
UNO_515122C0;2015/02/11 21:04:22;328;328;0.08;21.90;25.90;0.07;0.87;151607;0.49;256.27
UNO_515122C0;2015/02/11 21:04:54;329;329;0.08;21.90;25.90;0.08;1.89;433698;1.39;719.66
UNO_515122C0;2015/02/11 21:05:25;330;330;0.08;21.90;25.90;0.07;2.15;307243;1.01;520.88
UNO_515122C0;2015/02/11 21:05:56;331;331;0.08;21.90;26.00;0.07;1.58;512182;1.70;880.07
UNO_515122C0;2015/02/11 21:06:27;332;332;0.08;22.00;26.00;0.08;1.86;816903;2.66;1379.53
UNO_515122C0;2015/02/11 21:06:58;333;333;0.08;22.00;26.00;0.07;0.87;233951;0.77;400.47
UNO_515122C0;2015/02/11 21:07:29;334;334;0.08;22.00;26.00;0.07;1.14;124504;0.41;213.49
UNO_515122C0;2015/02/11 21:08:00;335;335;0.08;21.90;26.00;0.07;1.13;84652;0.28;145.73
UNO_515122C0;2015/02/11 21:08:31;336;336;0.08;22.00;26.00;0.07;2.12;104177;0.34;174.99
UNO_515122C0;2015/02/11 21:09:02;337;337;0.08;21.90;26.00;0.08;1.79;269787;0.90;465.95
UNO_515122C0;2015/02/11 21:09:32;338;338;0.08;21.90;26.10;0.08;1.38;88953;0.29;153.53
UNO_515122C0;2015/02/11 21:10:04;339;339;0.08;21.90;26.00;0.08;0.87;392089;1.27;655.62
UNO_515122C0;2015/02/11 21:10:35;340;340;0.08;22.00;26.00;0.08;2.01;238591;0.78;403.95
UNO_515122C0;2015/02/11 21:11:07;341;341;0.09;22.00;26.00;0.09;1.12;429064;1.39;716.90
UNO_515122C0;2015/02/11 21:11:38;342;342;0.09;22.00;26.00;0.08;0.84;373544;1.21;625.04
UNO_515122C0;2015/02/11 21:12:09;343;343;0.08;22.00;25.90;0.08;2.04;470437;1.55;802.40
UNO_515122C0;2015/02/11 21:12:39;344;344;0.08;22.00;26.00;0.07;1.83;205455;0.68;354.89
UNO_515122C0;2015/02/11 21:13:10;345;345;0.08;21.90;26.00;0.07;2.15;259801;0.86;447.66
UNO_515122C0;2015/02/11 21:13:41;346;346;0.08;21.90;26.10;0.07;1.98;308733;1.00;517.56
UNO_515122C0;2015/02/11 21:14:12;347;347;0.08;21.90;26.10;0.08;1.78;107245;0.36;185.74
UNO_515122C0;2015/02/11 21:14:43;348;348;0.08;21.80;26.10;0.09;0.85;186471;0.62;320.36
UNO_515122C0;2015/02/11 21:15:14;349;349;0.08;21.70;26.20;0.07;1.03;74196;0.25;128.02
UNO_515122C0;2015/02/11 21:15:45;350;350;0.08;21.80;26.20;0.07;1.85;145363;0.47;243.23
UNO_515122C0;2015/02/11 21:16:16;351;351;0.08;21.80;26.20;0.08;0.91;27475;0.09;47.84
UNO_515122C0;2015/02/11 21:16:48;352;352;0.08;21.80;26.30;0.07;1.30;337635;1.08;561.42
UNO_515122C0;2015/02/11 21:17:19;353;353;0.08;21.80;26.20;0.07;2.06;179596;0.58;300.57
UNO_515122C0;2015/02/11 21:17:50;354;354;0.08;21.90;26.30;0.08;1.35;393106;1.30;670.87
UNO_515122C0;2015/02/11 21:18:21;355;355;0.08;21.90;26.30;0.07;2.12;214882;0.71;367.96
UNO_515122C0;2015/02/11 21:18:52;356;356;0.08;21.80;26.30;0.07;1.93;304929;0.98;509.40
UNO_515122C0;2015/02/11 21:19:24;357;357;0.08;21.90;26.40;0.07;0.87;247321;0.80;412.26
UNO_515122C0;2015/02/11 21:19:55;358;358;0.08;21.90;26.30;0.07;2.14;222579;0.74;384.58
UNO_515122C0;2015/02/11 21:20:25;359;359;0.08;21.90;26.30;0.07;1.64;277300;0.92;475.46
UNO_515122C0;2015/02/11 21:20:57;360;360;0.08;21.90;26.30;0.08;2.06;367648;1.19;613.85
UNO_515122C0;2015/02/11 21:21:28;361;361;0.08;21.90;26.30;0.07;1.94;404950;1.33;685.78
UNO_515122C0;2015/02/11 21:21:59;362;362;0.08;21.90;26.30;0.07;1.75;268899;0.88;457.60
UNO_515122C0;2015/02/11 21:22:30;363;363;0.08;21.90;26.20;0.07;1.71;434463;1.41;727.11
UNO_515122C0;2015/02/11 21:23:01;364;364;0.08;21.90;26.20;0.08;1.50;276123;0.92;475.53
UNO_515122C0;2015/02/11 21:23:32;365;365;0.08;21.90;26.30;0.07;0.96;401536;1.33;686.90
UNO_515122C0;2015/02/11 21:24:03;366;366;0.08;21.90;26.30;0.07;1.00;262067;0.86;445.59
UNO_515122C0;2015/02/11 21:24:34;367;367;0.08;21.90;26.30;0.07;0.90;110401;0.36;189.90
UNO_515122C0;2015/02/11 21:25:05;368;368;0.08;21.90;26.30;0.07;1.53;177178;0.57;296.48
UNO_515122C0;2015/02/11 21:25:36;369;369;0.08;21.90;26.40;0.09;2.08;147278;0.49;252.75
UNO_515122C0;2015/02/11 21:26:07;370;370;0.08;21.90;26.30;0.08;2.13;99365;0.33;172.04
UNO_515122C0;2015/02/11 21:26:37;371;371;0.08;21.90;26.20;0.08;1.03;165753;0.55;286.24
UNO_515122C0;2015/02/11 21:27:08;372;372;0.08;21.90;26.20;0.07;1.00;308687;1.00;520.28
UNO_515122C0;2015/02/11 21:27:40;373;373;0.08;22.00;26.10;0.07;0.86;179179;0.59;304.09
UNO_515122C0;2015/02/11 21:28:11;374;374;0.08;22.00;26.10;0.07;1.26;295505;0.96;497.45
UNO_515122C0;2015/02/11 21:28:42;375;375;0.08;22.00;26.10;0.08;1.67;373237;1.23;638.67
UNO_515122C0;2015/02/11 21:29:13;376;376;0.08;22.00;26.10;0.07;1.45;135653;0.44;228.85
UNO_515122C0;2015/02/11 21:29:44;377;377;0.08;22.10;26.30;0.07;1.52;302623;0.99;514.15
UNO_515122C0;2015/02/11 21:30:15;378;378;0.08;22.10;26.30;0.08;2.06;202313;0.66;341.10
UNO_515122C0;2015/02/11 21:30:46;379;379;0.08;22.10;26.20;0.08;1.38;253904;0.83;431.82
UNO_515122C0;2015/02/11 21:31:17;380;380;0.08;22.10;26.10;0.07;0.85;89629;0.30;154.47
UNO_515122C0;2015/02/11 21:31:49;381;381;0.08;22.20;26.10;0.07;1.72;128081;0.41;214.20
UNO_515122C0;2015/02/11 21:32:20;382;382;0.08;22.20;26.10;0.07;1.38;146188;0.48;251.13
UNO_515122C0;2015/02/11 21:32:51;383;383;0.08;22.20;26.20;0.07;2.12;356596;1.16;601.01
UNO_515122C0;2015/02/11 21:33:21;384;384;0.08;22.20;26.10;0.08;1.75;235485;0.78;405.99
UNO_515122C0;2015/02/11 21:33:52;385;385;0.08;22.20;26.10;0.07;2.15;21129;0.07;36.78
UNO_515122C0;2015/02/11 21:34:24;386;386;0.08;22.20;26.00;0.07;0.93;63174;0.20;106.09
UNO_515122C0;2015/02/11 21:34:55;387;387;0.08;22.20;25.90;0.07;2.11;201863;0.67;348.06
UNO_515122C0;2015/02/11 21:35:25;388;388;0.08;22.20;25.90;0.08;0.85;429074;1.42;736.51
UNO_515122C0;2015/02/11 21:35:57;389;389;0.08;22.30;26.00;0.07;1.27;287879;0.94;485.66
UNO_515122C0;2015/02/11 21:36:28;390;390;0.08;22.30;26.00;0.08;2.00;747743;2.42;1252.99
UNO_515122C0;2015/02/11 21:36:59;391;391;0.08;22.30;26.10;0.07;0.87;159161;0.53;274.74
UNO_515122C0;2015/02/11 21:37:30;392;392;0.08;22.30;26.00;0.08;1.72;832057;2.70;1396.18
UNO_515122C0;2015/02/11 21:38:01;393;393;0.08;22.30;25.90;0.08;2.10;158739;0.51;266.60
UNO_515122C0;2015/02/11 21:38:33;394;394;0.08;22.30;25.90;0.07;1.84;120086;0.39;204.11
UNO_515122C0;2015/02/11 21:39:04;395;395;0.08;22.30;25.90;0.07;1.60;364110;1.19;617.65
UNO_515122C0;2015/02/11 21:39:35;396;396;0.08;22.40;25.90;0.08;2.10;266318;0.86;446.34
UNO_515122C0;2015/02/11 21:40:06;397;397;0.08;22.40;25.90;0.09;1.60;342941;1.14;591.73
UNO_515122C0;2015/02/11 21:40:37;398;398;0.08;22.40;25.90;0.08;0.94;1024030;3.34;1736.16
UNO_515122C0;2015/02/11 21:41:08;399;399;0.08;22.40;25.90;0.08;0.90;1155355;3.82;1990.43
UNO_515122C0;2015/02/11 21:41:39;400;400;0.08;22.40;25.90;0.07;2.04;146230;0.47;243.76
UNO_515122C0;2015/02/11 21:42:11;401;401;0.08;22.40;25.90;0.08;0.89;254434;0.83;430.90
UNO_515122C0;2015/02/11 21:42:41;402;402;0.08;22.40;25.80;0.08;0.92;150682;0.50;259.37
UNO_515122C0;2015/02/11 21:43:12;403;403;0.08;22.30;25.80;0.07;2.11;46165;0.15;79.04
UNO_515122C0;2015/02/11 21:43:44;404;404;0.08;22.30;25.90;0.09;0.86;408796;1.31;678.61
UNO_515122C0;2015/02/11 21:44:15;405;405;0.08;22.40;25.90;0.07;1.95;257380;0.84;434.28
UNO_515122C0;2015/02/11 21:44:46;406;406;0.08;22.30;25.90;0.07;1.40;358754;1.17;607.87
UNO_515122C0;2015/02/11 21:45:17;407;407;0.08;22.30;25.90;0.07;1.21;212486;0.70;361.64
UNO_515122C0;2015/02/11 21:45:49;408;408;0.08;22.30;25.70;0.07;2.10;348636;1.14;587.66
UNO_515122C0;2015/02/11 21:46:20;409;409;0.08;22.30;25.70;0.08;1.28;291569;0.96;496.93
UNO_515122C0;2015/02/11 21:46:51;410;410;0.08;22.30;25.70;0.07;0.95;231102;0.76;392.72
UNO_515122C0;2015/02/11 21:47:22;411;411;0.08;22.30;25.70;0.07;2.09;344875;1.13;585.56
UNO_515122C0;2015/02/11 21:47:52;412;412;0.08;22.30;25.70;0.08;1.14;184872;0.61;318.23
UNO_515122C0;2015/02/11 21:48:23;413;413;0.08;22.30;25.70;0.08;1.75;398378;1.32;685.38
UNO_515122C0;2015/02/11 21:48:54;414;414;0.08;22.30;25.70;0.08;2.14;164465;0.55;284.33
UNO_515122C0;2015/02/11 21:49:25;415;415;0.08;22.30;25.70;0.08;0.94;258518;0.83;429.79
UNO_515122C0;2015/02/11 21:49:56;416;416;0.08;22.30;25.70;0.07;2.11;89064;0.29;153.69
UNO_515122C0;2015/02/11 21:50:28;417;417;0.08;22.30;25.70;0.07;2.15;258076;0.83;429.74
UNO_515122C0;2015/02/11 21:50:59;418;418;0.08;22.30;25.60;0.07;1.88;2273459;7.42;4100.05
UNO_515122C0;2015/02/11 21:51:30;419;419;0.08;22.30;25.60;0.07;0.85;217899;0.71;365.78
UNO_515122C0;2015/02/11 21:52:01;420;420;0.08;22.20;25.50;0.07;1.87;560500;1.84;949.54
UNO_515122C0;2015/02/11 21:52:32;421;421;0.08;22.30;25.60;0.07;2.13;943589;3.08;1600.92
UNO_515122C0;2015/02/11 21:53:04;422;422;0.08;22.30;25.70;0.07;2.09;406558;1.31;678.25
UNO_515122C0;2015/02/11 21:53:36;423;423;0.08;22.20;25.60;0.07;0.95;1762840;5.68;3035.97
UNO_515122C0;2015/02/11 21:54:06;424;424;0.08;22.20;25.70;0.08;1.26;685412;2.26;1170.54
UNO_515122C0;2015/02/11 21:54:38;425;425;0.08;22.20;25.70;0.07;0.87;264992;0.85;441.81
UNO_515122C0;2015/02/11 21:55:09;426;426;0.08;22.20;25.70;0.08;1.94;1085237;3.62;1883.91
UNO_515122C0;2015/02/11 21:55:40;427;427;0.08;22.20;25.70;0.07;2.01;669026;2.17;1120.68
UNO_515122C0;2015/02/11 21:56:11;428;428;0.08;22.20;25.70;0.08;0.90;1176398;3.88;2025.37
UNO_515122C0;2015/02/11 21:56:42;429;429;0.08;22.20;25.70;0.07;2.07;1381038;4.55;2393.52
UNO_515122C0;2015/02/11 21:57:13;430;430;0.08;22.10;25.80;0.07;0.87;424474;1.39;719.57
UNO_515122C0;2015/02/11 21:57:44;431;431;0.08;22.10;25.80;0.09;0.98;943369;3.06;1586.50
UNO_515122C0;2015/02/11 21:58:15;432;432;0.08;22.10;25.80;0.08;1.98;637240;2.08;1073.84
UNO_515122C0;2015/02/11 21:58:46;433;433;0.08;22.10;25.80;0.08;0.99;450590;1.50;776.13
UNO_515122C0;2015/02/11 21:59:17;434;434;0.08;22.10;25.70;0.08;2.00;417232;1.36;701.89
UNO_515122C0;2015/02/11 21:59:48;435;435;0.08;22.10;25.70;0.07;1.24;1488021;4.95;2614.56
UNO_515122C0;2015/02/11 22:00:19;436;436;0.08;22.10;25.70;0.07;2.13;1365609;4.50;2363.57
UNO_515122C0;2015/02/11 22:00:50;437;437;0.08;22.00;25.60;0.07;1.48;293097;0.95;493.57
UNO_515122C0;2015/02/11 22:01:22;438;438;0.08;22.10;25.70;0.07;2.12;959652;3.09;1603.31
UNO_515122C0;2015/02/11 22:01:52;439;439;0.08;22.10;25.70;0.07;1.51;1673373;5.52;2939.59
UNO_515122C0;2015/02/11 22:02:24;440;440;0.08;22.10;25.80;0.08;1.56;571561;1.84;950.86
UNO_515122C0;2015/02/11 22:02:55;441;441;0.08;22.10;25.80;0.07;1.79;275502;0.89;463.56
UNO_515122C0;2015/02/11 22:03:26;442;442;0.08;22.10;25.80;0.07;0.89;1961566;6.42;3472.19
UNO_515122C0;2015/02/11 22:03:58;443;443;0.08;22.00;25.70;0.07;0.85;419466;1.35;698.64
UNO_515122C0;2015/02/11 22:04:29;444;444;0.08;22.00;25.70;0.07;0.89;211493;0.70;363.65
UNO_515122C0;2015/02/11 22:05:00;445;445;0.08;22.00;25.80;0.07;2.13;1052539;3.45;1796.57
UNO_515122C0;2015/02/11 22:05:32;446;446;0.08;22.00;25.80;0.08;0.89;609228;1.95;1010.15
UNO_515122C0;2015/02/11 22:06:02;447;447;0.08;22.00;25.80;0.08;2.07;2481598;8.26;4657.89
UNO_515122C0;2015/02/11 22:06:34;448;448;0.08;22.00;25.80;0.07;1.47;1359844;4.40;2307.94
UNO_515122C0;2015/02/11 22:07:04;449;449;0.08;22.00;25.80;0.08;1.41;1186170;3.90;2038.48
UNO_515122C0;2015/02/11 22:07:35;450;450;0.08;22.00;26.10;0.07;0.85;878397;2.93;1517.80
UNO_515122C0;2015/02/11 22:08:06;451;451;0.08;22.10;26.10;0.07;1.65;600152;1.94;1005.51
UNO_515122C0;2015/02/11 22:08:38;452;452;0.08;22.10;26.10;0.07;2.11;1073381;3.46;1798.80
UNO_515122C0;2015/02/11 22:09:09;453;453;0.08;22.10;26.10;0.07;1.06;546146;1.80;931.47
UNO_515122C0;2015/02/11 22:09:40;454;454;0.08;22.00;25.90;0.07;0.90;599096;1.98;1023.13
UNO_515122C0;2015/02/11 22:10:11;455;455;0.08;22.00;25.90;0.07;2.03;193911;0.63;328.06
UNO_515122C0;2015/02/11 22:10:42;456;456;0.08;22.00;25.80;0.08;2.11;1113397;3.68;1919.69
UNO_515122C0;2015/02/11 22:11:13;457;457;0.08;22.00;25.70;0.07;2.12;596244;1.94;1003.61
UNO_515122C0;2015/02/11 22:11:44;458;458;0.08;22.00;25.60;0.07;2.10;776307;2.53;1311.22
UNO_515122C0;2015/02/11 22:12:15;459;459;0.08;22.00;25.70;0.07;1.26;238778;0.79;410.29
UNO_515122C0;2015/02/11 22:12:46;460;460;0.08;22.00;25.70;0.07;0.84;135205;0.45;231.43
UNO_515122C0;2015/02/11 22:13:17;461;461;0.08;22.00;25.70;0.09;0.84;277064;0.90;464.55
UNO_515122C0;2015/02/11 22:13:49;462;462;0.08;22.00;25.80;0.08;2.00;1071941;3.44;1787.65
UNO_515122C0;2015/02/11 22:14:20;463;463;0.08;22.00;25.80;0.07;0.84;419473;1.37;707.90
UNO_515122C0;2015/02/11 22:14:51;464;464;0.08;21.90;25.80;0.07;0.84;221944;0.72;374.30
UNO_515122C0;2015/02/11 22:15:23;465;465;0.08;21.90;25.90;0.07;0.86;249710;0.80;417.33
UNO_515122C0;2015/02/11 22:15:54;466;466;0.08;21.90;25.90;0.07;1.21;368637;1.21;627.50
UNO_515122C0;2015/02/11 22:16:25;467;467;0.08;21.90;25.90;0.08;1.54;233835;0.76;392.33
UNO_515122C0;2015/02/11 22:16:56;468;468;0.08;21.90;25.90;0.07;1.54;495724;1.65;851.01
UNO_515122C0;2015/02/11 22:17:28;469;469;0.08;21.90;25.80;0.08;2.15;702661;2.25;1166.36
UNO_515122C0;2015/02/11 22:17:59;470;470;0.08;21.90;25.80;0.07;1.00;351092;1.15;596.08
UNO_515122C0;2015/02/11 22:18:30;471;471;0.08;21.90;25.90;0.07;1.81;986467;3.20;1659.45
UNO_515122C0;2015/02/11 22:19:02;472;472;0.08;21.90;25.90;0.07;1.24;875687;2.82;1460.12
UNO_515122C0;2015/02/11 22:19:33;473;473;0.08;21.90;26.00;0.08;0.86;686842;2.21;1145.64
UNO_515122C0;2015/02/11 22:20:05;474;474;0.08;21.90;26.00;0.07;1.75;1748032;5.68;3034.73
UNO_515122C0;2015/02/11 22:20:35;475;475;0.08;21.90;26.00;0.07;1.50;404868;1.35;697.52
UNO_515122C0;2015/02/11 22:21:06;476;476;0.08;21.90;25.90;0.07;0.96;110139;0.36;185.88
UNO_515122C0;2015/02/11 22:21:37;477;477;0.08;21.90;25.90;0.07;0.92;605197;2.00;1035.28
UNO_515122C0;2015/02/11 22:22:09;478;478;0.08;21.90;25.90;0.07;2.05;225894;0.73;376.71
UNO_515122C0;2015/02/11 22:22:39;479;479;0.08;21.90;26.00;0.07;1.51;685599;2.28;1181.68
UNO_515122C0;2015/02/11 22:23:11;480;480;0.08;21.90;26.00;0.08;1.31;294314;0.94;489.15
UNO_515122C0;2015/02/11 22:23:43;481;481;0.08;21.90;26.10;0.07;1.85;529500;1.70;878.73
UNO_515122C0;2015/02/11 22:24:14;482;482;0.08;21.90;26.30;0.07;0.87;269302;0.88;454.00
UNO_515122C0;2015/02/11 22:24:45;483;483;0.08;21.80;26.20;0.07;2.04;539340;1.76;910.83
UNO_515122C0;2015/02/11 22:25:17;484;484;0.08;21.80;26.20;0.07;1.84;647250;2.09;1079.39
UNO_515122C0;2015/02/11 22:25:48;485;485;0.08;21.80;26.20;0.07;1.57;291125;0.95;491.40
UNO_515122C0;2015/02/11 22:26:19;486;486;0.08;21.80;26.20;0.07;1.74;461183;1.52;783.94
UNO_515122C0;2015/02/11 22:26:50;487;487;0.08;21.80;26.40;0.07;2.13;459534;1.52;785.60
UNO_515122C0;2015/02/11 22:27:21;488;488;0.08;21.80;26.40;0.08;1.74;446075;1.46;752.61
UNO_515122C0;2015/02/11 22:27:52;489;489;0.08;21.80;26.30;0.08;2.05;200188;0.66;340.00
UNO_515122C0;2015/02/11 22:28:23;490;490;0.08;21.70;26.30;0.09;1.08;424057;1.40;724.07
UNO_515122C0;2015/02/11 22:28:54;491;491;0.08;21.70;26.30;0.07;1.68;458266;1.49;770.85
UNO_515122C0;2015/02/11 22:29:26;492;492;0.08;21.70;26.40;0.08;1.11;491661;1.58;819.38
UNO_515122C0;2015/02/11 22:29:57;493;493;0.08;21.80;26.40;0.09;1.85;287509;0.93;482.56
UNO_515122C0;2015/02/11 22:30:28;494;494;0.08;21.80;26.30;0.07;0.90;1265853;4.13;2163.48
UNO_515122C0;2015/02/11 22:31:00;495;495;0.08;21.80;26.30;0.07;1.33;2079050;6.70;3644.16
UNO_515122C0;2015/02/11 22:31:31;496;496;0.08;21.80;26.20;0.07;1.42;1849580;6.05;3249.07
UNO_515122C0;2015/02/11 22:32:02;497;497;0.08;21.70;26.30;0.08;2.08;1518582;5.05;2669.95
UNO_515122C0;2015/02/11 22:32:32;498;498;0.08;21.70;26.30;0.08;1.39;1709560;5.68;3034.29
UNO_515122C0;2015/02/11 22:33:03;499;499;0.08;21.80;26.30;0.07;1.30;987505;3.26;1692.27
UNO_515122C0;2015/02/11 22:33:34;500;500;0.08;21.70;26.40;0.07;0.89;1659152;5.43;2886.79
UNO_515122C0;2015/02/11 22:34:05;501;501;0.08;21.70;26.50;0.07;0.84;2081152;6.93;3786.09
UNO_515122C0;2015/02/11 22:34:36;502;502;0.08;21.70;26.40;0.07;1.95;953852;3.14;1628.29
UNO_515122C0;2015/02/11 22:35:07;503;503;0.08;21.70;26.40;0.07;1.17;1774895;5.82;3117.34
UNO_515122C0;2015/02/11 22:35:38;504;504;0.08;21.80;26.50;0.07;1.09;574891;1.87;969.13
UNO_515122C0;2015/02/11 22:36:09;505;505;0.08;21.70;26.40;0.07;2.04;835074;2.75;1423.40
UNO_515122C0;2015/02/11 22:36:40;506;506;0.08;21.70;26.40;0.07;2.11;128578;0.42;216.40
UNO_515122C0;2015/02/11 22:37:11;507;507;0.08;21.70;26.40;0.07;2.12;196896;0.65;336.30
UNO_515122C0;2015/02/11 22:37:43;508;508;0.08;21.70;26.40;0.07;1.32;426130;1.37;708.13
UNO_515122C0;2015/02/11 22:38:14;509;509;0.08;21.80;26.30;0.07;2.07;530151;1.76;907.64
UNO_515122C0;2015/02/11 22:38:45;510;510;0.08;21.70;26.30;0.07;1.66;656662;2.11;1091.64
UNO_515122C0;2015/02/11 22:39:16;511;511;0.08;21.70;26.30;0.07;1.32;89253;0.30;153.91
UNO_515122C0;2015/02/11 22:39:48;512;512;0.08;21.70;26.30;0.07;2.12;827812;2.66;1379.46
UNO_515122C0;2015/02/11 22:40:18;513;513;0.08;21.70;26.30;0.07;2.02;709938;2.35;1216.89
UNO_515122C0;2015/02/11 22:40:49;514;514;0.08;21.60;26.30;0.07;1.26;208531;0.69;356.12
UNO_515122C0;2015/02/11 22:41:20;515;515;0.08;21.70;26.40;0.07;1.00;614543;2.01;1038.97
UNO_515122C0;2015/02/11 22:41:51;516;516;0.08;21.60;26.40;0.07;0.99;1621029;5.38;2859.69
UNO_515122C0;2015/02/11 22:42:22;517;517;0.08;21.60;26.40;0.07;1.94;436761;1.45;751.21
UNO_515122C0;2015/02/11 22:42:53;518;518;0.08;21.60;26.40;0.09;0.89;220881;0.71;368.75
UNO_515122C0;2015/02/11 22:43:24;519;519;0.08;21.70;26.50;0.07;1.74;795729;2.63;1362.99
UNO_515122C0;2015/02/11 22:43:55;520;520;0.08;21.70;26.50;0.07;2.06;269348;0.88;456.90
UNO_515122C0;2015/02/11 22:44:26;521;521;0.08;21.60;26.40;0.09;0.85;1138173;3.71;1932.16
UNO_515122C0;2015/02/11 22:44:58;522;522;0.08;21.60;26.50;0.07;1.68;825530;2.66;1379.39
UNO_515122C0;2015/02/11 22:45:29;523;523;0.08;21.60;26.40;0.07;1.93;459713;1.51;778.74
UNO_515122C0;2015/02/11 22:46:01;524;524;0.08;21.60;26.40;0.07;1.64;115709;0.37;193.10
UNO_515122C0;2015/02/11 22:46:32;525;525;0.08;21.60;26.40;0.07;1.64;239600;0.77;398.46
UNO_515122C0;2015/02/11 22:47:04;526;526;0.08;21.70;26.50;0.07;1.83;112409;0.36;188.13
UNO_515122C0;2015/02/11 22:47:35;527;527;0.08;21.60;26.50;0.08;1.99;767113;2.50;1291.79
UNO_515122C0;2015/02/11 22:48:06;528;528;0.08;21.60;26.50;0.07;0.97;150702;0.49;256.14
UNO_515122C0;2015/02/11 22:48:37;529;529;0.08;21.60;26.50;0.07;1.26;471496;1.56;807.84
UNO_515122C0;2015/02/11 22:49:08;530;530;0.08;21.50;26.60;0.07;1.13;953645;3.13;1623.96
UNO_515122C0;2015/02/11 22:49:39;531;531;0.08;21.60;26.60;0.08;2.01;1215683;3.97;2074.15
UNO_515122C0;2015/02/11 22:50:11;532;532;0.08;21.60;26.60;0.07;2.10;574087;1.85;956.69
UNO_515122C0;2015/02/11 22:50:42;533;533;0.08;21.60;26.60;0.07;0.85;200046;0.66;344.28
UNO_515122C0;2015/02/11 22:51:13;534;534;0.08;21.60;26.60;0.07;2.14;238745;0.77;399.40
UNO_515122C0;2015/02/11 22:51:44;535;535;0.08;21.60;26.60;0.07;2.13;215608;0.71;367.51
UNO_515122C0;2015/02/11 22:52:15;536;536;0.08;21.60;26.60;0.07;2.11;398667;1.32;682.97
UNO_515122C0;2015/02/11 22:52:46;537;537;0.08;21.60;26.60;0.07;2.11;312725;1.01;520.65
UNO_515122C0;2015/02/11 22:53:17;538;538;0.08;21.60;26.70;0.07;0.89;759156;2.50;1296.05
UNO_515122C0;2015/02/11 22:53:49;539;539;0.08;21.60;26.70;0.07;1.01;172562;0.56;289.22
UNO_515122C0;2015/02/11 22:54:20;540;540;0.08;21.50;26.80;0.07;1.96;317107;1.03;531.96
UNO_515122C0;2015/02/11 22:54:51;541;541;0.08;21.50;26.90;0.07;1.33;277354;0.91;471.62
UNO_515122C0;2015/02/11 22:55:23;542;542;0.08;21.40;26.70;0.07;0.87;27085;0.09;46.38
UNO_515122C0;2015/02/11 22:55:54;543;543;0.08;21.50;26.80;0.07;0.84;217252;0.71;369.57
UNO_515122C0;2015/02/11 22:56:25;544;544;0.08;21.40;26.70;0.07;2.08;0;0.00;0.62
UNO_515122C0;2015/02/11 22:56:57;545;545;0.08;21.40;26.60;0.08;2.14;61861;0.20;103.62
UNO_515122C0;2015/02/11 22:57:27;546;546;0.08;21.40;26.60;0.07;1.30;188106;0.63;325.21
UNO_515122C0;2015/02/11 22:57:58;547;547;0.08;21.40;26.60;0.09;1.67;320807;1.06;549.60
UNO_515122C0;2015/02/11 22:58:29;548;548;0.08;21.40;26.70;0.08;1.83;369121;1.23;634.98
UNO_515122C0;2015/02/11 22:59:00;549;549;0.08;21.40;26.80;0.07;1.51;177020;0.58;300.25
UNO_515122C0;2015/02/11 22:59:31;550;550;0.08;21.40;26.70;0.07;2.10;183224;0.61;316.89
UNO_515122C0;2015/02/11 23:00:02;551;551;0.08;21.40;26.70;0.07;1.98;234894;0.77;398.33
UNO_515122C0;2015/02/11 23:00:32;552;552;0.08;21.40;26.80;0.07;1.06;126477;0.42;217.69
UNO_515122C0;2015/02/11 23:01:04;553;553;0.08;21.40;26.80;0.07;1.25;361523;1.16;602.17
UNO_515122C0;2015/02/11 23:01:35;554;554;0.08;21.40;26.80;0.07;1.95;146706;0.49;253.35
UNO_515122C0;2015/02/11 23:02:05;555;555;0.08;21.40;26.80;0.07;2.08;66476;0.22;114.46
UNO_515122C0;2015/02/11 23:02:37;556;556;0.08;21.40;26.80;0.07;0.91;37985;0.12;64.73
UNO_515122C0;2015/02/11 23:03:08;557;557;0.08;21.30;26.80;0.07;1.39;182700;0.60;313.20
UNO_515122C0;2015/02/11 23:03:38;558;558;0.08;21.30;26.90;0.08;1.90;89090;0.29;153.52
UNO_515122C0;2015/02/11 23:04:09;559;559;0.08;21.30;26.80;0.07;0.90;811230;2.66;1375.78
UNO_515122C0;2015/02/11 23:04:41;560;560;0.08;21.40;26.80;0.07;2.07;100503;0.33;171.50
UNO_515122C0;2015/02/11 23:05:11;561;561;0.08;21.40;26.80;0.07;2.14;144646;0.48;249.38
UNO_515122C0;2015/02/11 23:05:42;562;562;0.08;21.40;26.80;0.07;1.75;504753;1.65;854.22
UNO_515122C0;2015/02/11 23:06:14;563;563;0.08;21.40;26.80;0.07;2.08;809770;2.63;1364.13
UNO_515122C0;2015/02/11 23:06:44;564;564;0.08;21.40;26.80;0.07;0.84;1451101;4.83;2549.63
UNO_515122C0;2015/02/11 23:07:15;565;565;0.08;21.40;26.80;0.08;1.37;237986;0.79;409.60
UNO_515122C0;2015/02/11 23:07:46;566;566;0.08;21.30;26.90;0.07;1.53;164034;0.53;273.84
UNO_515122C0;2015/02/11 23:08:17;567;567;0.08;21.40;27.00;0.07;0.87;18877;0.06;33.13
UNO_515122C0;2015/02/11 23:08:49;568;568;0.08;21.30;27.00;0.07;0.99;73676;0.24;124.13
UNO_515122C0;2015/02/11 23:09:19;569;569;0.08;21.30;27.10;0.07;2.06;186173;0.62;321.00
UNO_515122C0;2015/02/11 23:09:50;570;570;0.08;21.30;27.10;0.07;1.44;315337;1.05;543.51
UNO_515122C0;2015/02/11 23:10:21;571;571;0.08;21.30;27.10;0.07;1.90;28776;0.09;49.97
UNO_515122C0;2015/02/11 23:10:52;572;572;0.08;21.20;27.10;0.07;1.62;79173;0.25;132.75
UNO_515122C0;2015/02/11 23:11:24;573;573;0.08;21.20;27.20;0.07;2.06;284248;0.91;472.95
UNO_515122C0;2015/02/11 23:11:55;574;574;0.08;21.10;27.30;0.07;1.20;598424;1.98;1026.39
UNO_515122C0;2015/02/11 23:12:26;575;575;0.08;21.10;27.40;0.07;1.27;67937;0.22;113.86
UNO_515122C0;2015/02/11 23:12:57;576;576;0.08;21.00;27.30;0.08;1.95;390135;1.29;668.38
UNO_515122C0;2015/02/11 23:13:28;577;577;0.08;21.00;27.50;0.08;1.36;298465;0.99;513.58
UNO_515122C0;2015/02/11 23:13:59;578;578;0.08;21.00;27.50;0.08;1.62;768468;2.47;1280.57
UNO_515122C0;2015/02/11 23:14:31;579;579;0.08;20.90;27.50;0.08;1.16;719524;2.34;1208.41
UNO_515122C0;2015/02/11 23:15:02;580;580;0.08;20.90;27.60;0.08;0.78;514299;1.69;872.36
UNO_515122C0;2015/02/11 23:15:33;581;581;0.08;20.90;27.60;0.07;0.82;316677;1.04;539.49
UNO_515122C0;2015/02/11 23:16:04;582;582;0.08;20.70;27.80;0.06;2.06;370733;1.20;619.74
UNO_515122C0;2015/02/11 23:16:35;583;583;0.08;20.60;27.80;0.07;2.07;460256;1.53;789.25
UNO_515122C0;2015/02/11 23:17:06;584;584;0.08;20.60;27.90;0.07;1.48;317450;1.05;543.57
UNO_515122C0;2015/02/11 23:17:37;585;585;0.08;20.60;27.90;0.06;0.82;488601;1.57;810.35
UNO_515122C0;2015/02/11 23:18:08;586;586;0.08;20.60;27.90;0.06;0.81;913386;3.03;1572.87
UNO_515122C0;2015/02/11 23:18:40;587;587;0.08;20.60;27.90;0.07;0.87;1129220;3.62;1886.71
UNO_515122C0;2015/02/11 23:19:11;588;588;0.08;20.60;27.90;0.08;0.95;1469771;4.84;2551.71
UNO_515122C0;2015/02/11 23:19:42;589;589;0.08;20.60;28.00;0.08;1.09;879183;2.82;1463.98
UNO_515122C0;2015/02/11 23:20:13;590;590;0.08;20.50;28.00;0.08;1.40;187392;0.62;320.97
UNO_515122C0;2015/02/11 23:20:44;591;591;0.08;20.50;28.10;0.08;0.85;908205;2.96;1533.00
UNO_515122C0;2015/02/11 23:21:16;592;592;0.08;20.60;28.10;0.07;0.85;212096;0.69;355.77
UNO_515122C0;2015/02/11 23:21:48;593;593;0.08;20.60;28.10;0.08;0.84;341298;1.09;566.69
UNO_515122C0;2015/02/11 23:22:19;594;594;0.08;20.70;28.10;0.06;0.93;329478;1.06;549.86
UNO_515122C0;2015/02/11 23:22:50;595;595;0.08;20.80;28.00;0.07;1.87;64181;0.21;109.38
UNO_515122C0;2015/02/11 23:23:22;596;596;0.08;20.80;27.90;0.06;0.93;210854;0.68;354.09
UNO_515122C0;2015/02/11 23:23:52;597;597;0.08;20.90;27.90;0.07;1.22;325540;1.08;560.44
UNO_515122C0;2015/02/11 23:24:23;598;598;0.08;20.90;27.90;0.08;1.07;79215;0.26;137.47
UNO_515122C0;2015/02/11 23:24:54;599;599;0.08;20.90;27.80;0.08;1.18;44937;0.15;77.50
UNO_515122C0;2015/02/11 23:25:26;600;600;0.08;21.00;27.80;0.07;0.89;108892;0.35;182.14
UNO_515122C0;2015/02/11 23:25:57;601;601;0.08;21.10;27.80;0.08;1.83;0;0.00;0.62
UNO_515122C0;2015/02/11 23:26:29;602;602;0.08;21.10;27.80;0.07;2.09;34332;0.11;57.87
UNO_515122C0;2015/02/11 23:27:00;603;603;0.08;21.20;27.70;0.07;1.20;34801;0.11;59.76
UNO_515122C0;2015/02/11 23:27:31;604;604;0.08;21.20;27.70;0.07;1.77;57644;0.19;98.42
UNO_515122C0;2015/02/11 23:28:02;605;605;0.08;21.20;27.70;0.07;1.50;22674;0.07;39.45
UNO_515122C0;2015/02/11 23:28:33;606;606;0.08;21.30;27.70;0.07;1.88;129117;0.42;216.68
UNO_515122C0;2015/02/11 23:29:04;607;607;0.08;21.30;27.50;0.07;2.06;49010;0.16;84.47
UNO_515122C0;2015/02/11 23:29:36;608;608;0.08;21.30;27.60;0.07;0.85;92768;0.30;157.75
UNO_515122C0;2015/02/11 23:30:07;609;609;0.08;21.40;27.60;0.07;0.89;77230;0.25;131.84
UNO_515122C0;2015/02/11 23:30:38;610;610;0.08;21.40;27.60;0.09;1.13;0;0.00;0.62
UNO_515122C0;2015/02/11 23:31:09;611;611;0.08;21.40;27.60;0.07;1.33;84852;0.28;147.36
UNO_515122C0;2015/02/11 23:31:40;612;612;0.08;21.40;27.50;0.09;0.87;125334;0.40;209.40
UNO_515122C0;2015/02/11 23:32:11;613;613;0.08;21.50;27.60;0.08;2.15;42874;0.14;74.15
UNO_515122C0;2015/02/11 23:32:43;614;614;0.08;21.50;27.60;0.08;2.08;47308;0.15;79.84
UNO_515122C0;2015/02/11 23:33:14;615;615;0.08;21.50;27.50;0.07;0.87;89691;0.29;150.73
UNO_515122C0;2015/02/11 23:33:45;616;616;0.08;21.50;27.50;0.09;1.88;10030;0.03;17.83
UNO_515122C0;2015/02/11 23:34:16;617;617;0.08;21.50;27.50;0.08;1.53;52455;0.17;90.72
UNO_515122C0;2015/02/11 23:34:48;618;618;0.08;21.50;27.50;0.07;1.64;98730;0.32;165.39
UNO_515122C0;2015/02/11 23:35:19;619;619;0.08;21.50;27.40;0.09;1.66;0;0.00;0.62
UNO_515122C0;2015/02/11 23:35:50;620;620;0.08;21.50;27.40;0.09;0.86;57210;0.19;98.15
UNO_515122C0;2015/02/11 23:36:21;621;621;0.08;21.50;27.40;0.08;2.13;86506;0.29;148.58
UNO_515122C0;2015/02/11 23:36:53;622;622;0.08;21.50;27.40;0.08;0.95;0;0.00;0.62
UNO_515122C0;2015/02/11 23:37:24;623;623;0.08;21.60;27.40;0.07;1.39;0;0.00;0.62
UNO_515122C0;2015/02/11 23:37:55;624;624;0.08;21.60;27.40;0.09;2.04;49998;0.16;85.65
UNO_515122C0;2015/02/11 23:38:26;625;625;0.08;21.60;27.40;0.08;1.14;72054;0.24;123.08
UNO_515122C0;2015/02/11 23:38:57;626;626;0.08;21.60;27.40;0.08;0.95;46174;0.15;80.05
UNO_515122C0;2015/02/11 23:39:29;627;627;0.08;21.60;27.50;0.08;1.36;51196;0.16;86.21
UNO_515122C0;2015/02/11 23:40:00;628;628;0.08;21.60;27.50;0.08;1.96;33215;0.11;57.57
UNO_515122C0;2015/02/11 23:40:30;629;629;0.08;21.60;27.50;0.09;1.20;21666;0.07;37.97
UNO_515122C0;2015/02/11 23:41:02;630;630;0.08;21.50;27.50;0.08;2.14;190372;0.62;320.67
UNO_515122C0;2015/02/11 23:41:32;631;631;0.09;21.50;27.50;0.08;2.07;429013;1.42;733.83
UNO_515122C0;2015/02/11 23:42:03;632;632;0.08;21.60;27.40;0.08;1.18;43490;0.14;75.45
UNO_515122C0;2015/02/11 23:42:35;633;633;0.08;21.60;27.40;0.09;1.89;0;0.00;0.62
UNO_515122C0;2015/02/11 23:43:06;634;634;0.08;21.50;27.30;0.09;1.00;100474;0.32;168.00
UNO_515122C0;2015/02/11 23:43:37;635;635;0.08;21.50;27.30;0.08;0.94;200319;0.66;341.92
UNO_515122C0;2015/02/11 23:44:09;636;636;0.08;21.50;27.30;0.08;2.14;8566;0.03;15.04
UNO_515122C0;2015/02/11 23:44:39;637;637;0.08;21.50;27.30;0.08;2.12;7013;0.02;12.76
UNO_515122C0;2015/02/11 23:45:10;638;638;0.08;21.50;27.30;0.07;1.04;73581;0.24;127.44
UNO_515122C0;2015/02/11 23:45:42;639;639;0.08;21.50;27.40;0.07;2.12;0;0.00;0.62
UNO_515122C0;2015/02/11 23:46:13;640;640;0.08;21.50;27.30;0.07;2.11;0;0.00;0.62
UNO_515122C0;2015/02/11 23:46:45;641;641;0.08;21.50;27.30;0.08;1.24;0;0.00;0.62
UNO_515122C0;2015/02/11 23:47:16;642;642;0.08;21.50;27.30;0.08;1.05;44220;0.14;75.60
UNO_515122C0;2015/02/11 23:47:47;643;643;0.08;21.60;27.30;0.08;1.36;3141;0.01;6.03
UNO_515122C0;2015/02/11 23:48:18;644;644;0.08;21.60;27.30;0.08;0.95;0;0.00;0.62
UNO_515122C0;2015/02/11 23:48:50;645;645;0.08;21.60;27.30;0.08;1.66;0;0.00;0.62
UNO_515122C0;2015/02/11 23:49:22;646;646;0.08;21.60;27.20;0.09;0.94;0;0.00;0.62
UNO_515122C0;2015/02/11 23:49:53;647;647;0.08;21.60;27.20;0.08;1.39;0;0.00;0.62
UNO_515122C0;2015/02/11 23:50:24;648;648;0.08;21.70;27.30;0.08;2.13;40407;0.13;69.63
UNO_515122C0;2015/02/11 23:50:56;649;649;0.09;21.70;27.30;0.08;2.17;0;0.00;0.62
UNO_515122C0;2015/02/11 23:51:26;650;650;0.08;21.70;27.30;0.08;1.90;67233;0.22;115.98
UNO_515122C0;2015/02/11 23:51:58;651;651;0.08;21.70;27.20;0.08;1.48;0;0.00;0.62
UNO_515122C0;2015/02/11 23:52:29;652;652;0.08;21.70;27.20;0.08;0.88;61118;0.20;105.58
UNO_515122C0;2015/02/11 23:53:00;653;653;0.08;21.70;27.20;0.08;1.95;0;0.00;0.62
UNO_515122C0;2015/02/11 23:53:32;654;654;0.09;21.70;27.20;0.08;2.14;45861;0.15;78.52
UNO_515122C0;2015/02/11 23:54:03;655;655;0.09;21.70;27.10;0.08;1.23;0;0.00;0.62
UNO_515122C0;2015/02/11 23:54:35;656;656;0.09;21.80;27.10;0.08;0.87;0;0.00;0.62
UNO_515122C0;2015/02/11 23:55:06;657;657;0.08;21.80;27.20;0.09;1.06;9449;0.03;16.86
UNO_515122C0;2015/02/11 23:55:37;658;658;0.09;21.80;27.20;0.08;1.77;0;0.00;0.62
UNO_515122C0;2015/02/11 23:56:09;659;659;0.09;21.80;27.20;0.08;1.46;34440;0.11;58.05
UNO_515122C0;2015/02/11 23:56:40;660;660;0.08;21.80;27.20;0.08;2.04;102193;0.34;175.73
UNO_515122C0;2015/02/11 23:57:11;661;661;0.09;21.80;27.20;0.08;2.08;49743;0.16;83.67
UNO_515122C0;2015/02/11 23:57:43;662;662;0.09;21.80;27.20;0.08;0.87;20248;0.07;34.55
UNO_515122C0;2015/02/11 23:58:14;663;663;0.09;21.80;27.20;0.08;1.02;0;0.00;0.62
UNO_515122C0;2015/02/11 23:58:45;664;664;0.09;21.80;27.20;0.09;1.65;24245;0.08;42.26
UNO_515122C0;2015/02/11 23:59:16;665;665;0.09;21.80;27.10;0.09;1.71;33280;0.11;58.24
UNO_515122C0;2015/02/11 23:59:47;666;666;0.09;21.80;27.10;0.09;1.05;0;0.00;0.62
