UNO_515122C0;2015/02/16 00:00:23;190;190;0.14;20.20;30.70;0.10;0.83;1054768;3.51;1828.91
UNO_515122C0;2015/02/16 00:00:54;191;191;0.14;20.30;30.70;0.14;0.77;1249033;4.03;2107.66
UNO_515122C0;2015/02/16 00:01:25;192;192;0.14;20.30;30.60;0.15;1.52;184209;0.60;311.26
UNO_515122C0;2015/02/16 00:01:57;193;193;0.14;20.30;30.70;0.09;2.30;1181536;3.81;1987.46
UNO_515122C0;2015/02/16 00:02:28;194;194;0.14;20.30;30.70;0.11;0.78;1317542;4.31;2257.63
UNO_515122C0;2015/02/16 00:02:59;195;195;0.14;20.40;30.60;0.10;2.20;26795;0.09;46.49
UNO_515122C0;2015/02/16 00:03:30;196;196;0.14;20.40;30.60;0.11;1.96;615601;2.05;1060.63
UNO_515122C0;2015/02/16 00:04:00;197;197;0.14;20.40;30.60;0.16;1.31;486716;1.60;828.83
UNO_515122C0;2015/02/16 00:04:32;198;198;0.14;20.40;30.60;0.10;2.03;0;0.00;0.62
UNO_515122C0;2015/02/16 00:05:03;199;199;0.14;20.40;30.70;0.11;2.08;470056;1.53;791.64
UNO_515122C0;2015/02/16 00:05:34;200;200;0.14;20.40;30.70;0.11;1.63;368396;1.22;632.73
UNO_515122C0;2015/02/16 00:06:05;201;201;0.14;20.40;30.70;0.11;2.17;106159;0.35;181.25
UNO_515122C0;2015/02/16 00:06:37;202;202;0.14;20.40;30.50;0.11;0.78;0;0.00;0.62
UNO_515122C0;2015/02/16 00:07:08;203;203;0.14;20.40;30.50;0.11;0.65;0;0.00;0.62
UNO_515122C0;2015/02/16 00:07:40;204;204;0.14;20.40;30.50;0.11;0.65;0;0.00;0.62
UNO_515122C0;2015/02/16 00:08:11;205;205;0.14;20.40;30.50;0.11;1.63;122235;0.40;210.17
UNO_515122C0;2015/02/16 00:08:42;206;206;0.14;20.50;30.60;0.11;2.31;556936;1.81;936.87
UNO_515122C0;2015/02/16 00:09:13;207;207;0.14;20.50;30.60;0.12;0.95;169507;0.55;286.56
UNO_515122C0;2015/02/16 00:09:44;208;208;0.14;20.50;30.70;0.11;0.72;478291;1.58;814.56
UNO_515122C0;2015/02/16 00:10:15;209;209;0.14;20.50;30.70;0.12;1.50;37335;0.12;64.30
UNO_515122C0;2015/02/16 00:10:46;210;210;0.15;20.50;30.70;0.12;1.55;570857;1.89;978.83
UNO_515122C0;2015/02/16 00:11:17;211;211;0.15;20.50;30.90;0.12;0.65;541719;1.74;898.94
UNO_515122C0;2015/02/16 00:11:49;212;212;0.15;20.50;31.00;0.17;1.78;488946;1.57;813.03
UNO_515122C0;2015/02/16 00:12:20;213;213;0.14;20.50;30.80;0.11;2.22;903216;3.00;1555.82
UNO_515122C0;2015/02/16 00:12:51;214;214;0.14;20.50;31.00;0.17;0.69;1161746;3.74;1951.80
UNO_515122C0;2015/02/16 00:13:22;215;215;0.15;20.50;30.90;0.13;1.20;161974;0.54;279.21
UNO_515122C0;2015/02/16 00:13:53;216;216;0.14;20.60;30.90;0.11;2.24;654457;2.16;1115.77
UNO_515122C0;2015/02/16 00:14:23;217;217;0.14;20.50;30.80;0.16;2.30;893860;2.97;1538.98
UNO_515122C0;2015/02/16 00:14:54;218;218;0.14;20.60;30.60;0.11;1.53;1068256;3.51;1826.92
UNO_515122C0;2015/02/16 00:15:26;219;219;0.14;20.60;30.50;0.10;1.79;396625;1.28;661.03
UNO_515122C0;2015/02/16 00:15:57;220;220;0.14;20.60;30.50;0.11;1.01;212433;0.70;362.60
UNO_515122C0;2015/02/16 00:16:28;221;221;0.14;20.60;30.40;0.11;1.09;0;0.00;0.62
UNO_515122C0;2015/02/16 00:16:59;222;222;0.14;20.60;30.40;0.11;2.24;32110;0.11;55.87
UNO_515122C0;2015/02/16 00:17:31;223;223;0.14;20.60;30.30;0.11;0.83;0;0.00;0.62
UNO_515122C0;2015/02/16 00:18:02;224;224;0.14;20.60;30.30;0.11;2.26;0;0.00;0.62
UNO_515122C0;2015/02/16 00:18:34;225;225;0.14;20.60;30.30;0.11;0.94;0;0.00;0.62
UNO_515122C0;2015/02/16 00:19:06;226;226;0.14;20.60;30.20;0.11;1.21;0;0.00;0.62
UNO_515122C0;2015/02/16 00:19:37;227;227;0.14;20.60;30.20;0.11;1.20;318086;1.04;540.08
UNO_515122C0;2015/02/16 00:20:07;228;228;0.14;20.60;30.20;0.11;1.65;195487;0.65;337.62
UNO_515122C0;2015/02/16 00:20:38;229;229;0.14;20.60;30.20;0.11;2.31;1185084;3.88;2027.29
UNO_515122C0;2015/02/16 00:21:10;230;230;0.14;20.60;30.20;0.12;2.32;303184;0.98;505.40
UNO_515122C0;2015/02/16 00:21:41;231;231;0.14;20.60;30.20;0.16;2.27;559801;1.82;940.16
UNO_515122C0;2015/02/16 00:22:12;232;232;0.14;20.60;30.20;0.10;2.28;135696;0.44;229.97
UNO_515122C0;2015/02/16 00:22:44;233;233;0.14;20.50;30.20;0.11;2.21;216626;0.70;364.76
UNO_515122C0;2015/02/16 00:23:15;234;234;0.13;20.60;30.40;0.13;1.19;517738;1.71;885.44
UNO_515122C0;2015/02/16 00:23:46;235;235;0.13;20.60;30.30;0.12;2.07;139063;0.45;234.06
UNO_515122C0;2015/02/16 00:24:18;236;236;0.13;20.60;30.20;0.10;2.30;0;0.00;0.62
UNO_515122C0;2015/02/16 18:13:24;0;sampleID;MQ2;DHT22 Temp(C);DHT22 HR;MQ9;HCHO;Lowpulse;ratio;Concentration
UNO_515122C0;2015/02/16 18:13:55;1;1;0.14;20.60;30.30;0.15;2.12;263178;0.86;446.82
UNO_515122C0;2015/02/16 18:14:26;2;2;0.14;20.60;30.20;0.11;1.97;136802;0.45;233.56
UNO_515122C0;2015/02/16 18:14:58;3;3;0.14;20.60;30.10;0.11;2.32;0;0.00;0.62
UNO_515122C0;2015/02/16 18:15:29;4;4;0.13;20.60;30.10;0.11;1.68;287141;0.94;489.13
UNO_515122C0;2015/02/16 18:16:00;5;5;0.13;20.60;30.10;0.11;2.03;20997;0.07;35.68
UNO_515122C0;2015/02/16 18:16:31;6;6;0.14;20.60;30.10;0.11;2.30;123878;0.41;212.49
UNO_515122C0;2015/02/16 18:17:02;7;7;0.14;20.60;30.10;0.11;2.22;450459;1.48;762.97
UNO_515122C0;2015/02/16 18:17:34;8;8;0.14;20.60;30.10;0.10;2.09;26621;0.09;45.39
UNO_515122C0;2015/02/16 18:18:05;9;9;0.14;20.60;30.20;0.11;1.87;217567;0.70;365.71
UNO_515122C0;2015/02/16 18:18:36;10;10;0.14;20.50;30.10;0.15;0.92;352120;1.14;592.46
UNO_515122C0;2015/02/16 18:19:07;11;11;0.14;20.60;30.10;0.11;1.90;230190;0.76;391.81
UNO_515122C0;2015/02/16 18:19:39;12;12;0.14;20.60;30.10;0.11;1.94;0;0.00;0.62
UNO_515122C0;2015/02/16 18:20:11;13;13;0.14;20.50;30.10;0.11;0.67;0;0.00;0.62
UNO_515122C0;2015/02/16 18:20:41;14;14;0.15;20.60;30.10;0.11;0.77;205541;0.68;353.61
UNO_515122C0;2015/02/16 18:21:12;15;15;0.15;20.60;30.10;0.11;0.70;147923;0.49;254.40
UNO_515122C0;2015/02/16 18:21:44;16;16;0.14;20.60;30.10;0.11;0.71;0;0.00;0.62
UNO_515122C0;2015/02/16 18:22:15;17;17;0.14;20.60;30.10;0.11;0.94;226708;0.74;381.65
UNO_515122C0;2015/02/16 18:22:46;18;18;0.14;20.60;30.00;0.11;2.20;121003;0.40;205.66
UNO_515122C0;2015/02/16 18:23:17;19;19;0.14;20.60;30.00;0.14;0.78;195792;0.64;330.39
UNO_515122C0;2015/02/16 18:23:49;20;20;0.14;20.60;30.00;0.11;0.77;0;0.00;0.62
UNO_515122C0;2015/02/16 18:24:21;21;21;0.14;20.60;30.00;0.11;0.93;0;0.00;0.62
UNO_515122C0;2015/02/16 18:24:52;22;22;0.14;20.60;30.00;0.11;0.80;131390;0.43;223.52
UNO_515122C0;2015/02/16 18:25:23;23;23;0.14;20.60;30.00;0.14;1.25;130378;0.43;221.23
UNO_515122C0;2015/02/16 18:25:53;24;24;0.15;20.60;30.00;0.16;2.21;356109;1.19;614.06
UNO_515122C0;2015/02/16 18:26:24;25;25;0.15;20.60;29.90;0.10;2.30;22715;0.07;39.33
UNO_515122C0;2015/02/16 18:26:56;26;26;0.15;20.60;29.90;0.11;0.70;0;0.00;0.62
UNO_515122C0;2015/02/16 18:27:28;27;27;0.15;20.60;29.90;0.11;2.34;0;0.00;0.62
UNO_515122C0;2015/02/16 18:27:59;28;28;0.15;20.60;29.90;0.11;0.68;0;0.00;0.62
UNO_515122C0;2015/02/16 18:28:30;29;29;0.15;20.60;29.90;0.11;1.65;102729;0.34;178.28
UNO_515122C0;2015/02/16 18:29:01;30;30;0.15;20.60;29.90;0.11;0.65;0;0.00;0.62
UNO_515122C0;2015/02/16 18:29:33;31;31;0.15;20.50;29.80;0.12;1.38;0;0.00;0.62
UNO_515122C0;2015/02/16 18:30:05;32;32;0.15;20.60;29.90;0.11;2.35;0;0.00;0.62
UNO_515122C0;2015/02/16 18:30:36;33;33;0.15;20.60;29.90;0.11;2.26;0;0.00;0.62
UNO_515122C0;2015/02/16 18:31:08;34;34;0.15;20.50;29.90;0.12;2.28;0;0.00;0.62
UNO_515122C0;2015/02/16 18:31:39;35;35;0.16;20.60;29.80;0.12;0.74;0;0.00;0.62
UNO_515122C0;2015/02/16 18:32:11;36;36;0.16;20.60;29.80;0.12;2.29;0;0.00;0.62
UNO_515122C0;2015/02/16 18:32:43;37;37;0.16;20.60;29.80;0.12;2.36;0;0.00;0.62
UNO_515122C0;2015/02/16 18:33:14;38;38;0.16;20.60;29.80;0.12;1.65;0;0.00;0.62
UNO_515122C0;2015/02/16 18:33:46;39;39;0.15;20.60;29.80;0.12;0.89;195353;0.63;325.72
UNO_515122C0;2015/02/16 18:34:17;40;40;0.15;20.60;29.80;0.12;1.08;0;0.00;0.62
UNO_515122C0;2015/02/16 18:34:49;41;41;0.15;20.60;29.70;0.12;2.30;0;0.00;0.62
UNO_515122C0;2015/02/16 18:35:20;42;42;0.15;20.60;29.70;0.12;0.68;19317;0.06;33.06
UNO_515122C0;2015/02/16 18:35:52;43;43;0.15;20.60;29.70;0.12;0.66;0;0.00;0.62
UNO_515122C0;2015/02/16 18:36:24;44;44;0.15;20.60;29.70;0.12;0.94;0;0.00;0.62
UNO_515122C0;2015/02/16 18:36:55;45;45;0.15;20.60;29.70;0.12;1.67;0;0.00;0.62
UNO_515122C0;2015/02/16 18:37:27;46;46;0.15;20.70;29.80;0.12;0.67;0;0.00;0.62
UNO_515122C0;2015/02/16 18:37:58;47;47;0.16;20.60;29.70;0.12;2.17;0;0.00;0.62
UNO_515122C0;2015/02/16 18:38:30;48;48;0.16;20.60;29.70;0.12;0.99;0;0.00;0.62
UNO_515122C0;2015/02/16 18:39:02;49;49;0.16;20.70;29.80;0.12;2.07;0;0.00;0.62
UNO_515122C0;2015/02/16 18:39:33;50;50;0.16;20.70;29.70;0.12;0.85;0;0.00;0.62
UNO_515122C0;2015/02/16 18:40:05;51;51;0.16;20.60;29.60;0.12;1.92;0;0.00;0.62
UNO_515122C0;2015/02/16 18:40:36;52;52;0.16;20.70;29.70;0.12;0.75;0;0.00;0.62
UNO_515122C0;2015/02/16 18:41:07;53;53;0.16;20.70;29.70;0.12;1.97;116810;0.39;202.12
UNO_515122C0;2015/02/16 18:41:39;54;54;0.16;20.70;29.70;0.12;0.77;710476;2.29;1184.09
UNO_515122C0;2015/02/16 18:42:10;55;55;0.16;20.70;29.70;0.12;2.34;531883;1.75;903.31
UNO_515122C0;2015/02/16 18:42:41;56;56;0.16;20.60;29.50;0.12;0.99;102918;0.33;172.97
UNO_515122C0;2015/02/16 18:43:13;57;57;0.16;20.70;29.60;0.12;1.14;0;0.00;0.62
UNO_515122C0;2015/02/16 18:43:44;58;58;0.16;20.70;29.60;0.12;0.65;113692;0.37;192.60
UNO_515122C0;2015/02/16 18:44:16;59;59;0.16;20.60;29.50;0.13;2.32;0;0.00;0.62
UNO_515122C0;2015/02/16 18:44:47;60;60;0.16;20.60;29.50;0.12;0.77;34148;0.11;58.61
UNO_515122C0;2015/02/16 18:45:18;61;61;0.16;20.60;29.50;0.12;1.96;115837;0.38;195.57
UNO_515122C0;2015/02/16 18:45:50;62;62;0.16;20.60;29.50;0.12;2.22;0;0.00;0.62
UNO_515122C0;2015/02/16 18:46:20;63;63;0.16;20.60;29.50;0.12;2.12;450817;1.49;771.59
UNO_515122C0;2015/02/16 18:46:52;64;64;0.16;20.60;29.50;0.12;0.67;353171;1.14;589.12
UNO_515122C0;2015/02/16 18:47:23;65;65;0.16;20.60;29.50;0.12;0.83;244809;0.81;422.04
UNO_515122C0;2015/02/16 18:47:54;66;66;0.16;20.60;29.50;0.12;1.20;208291;0.68;352.17
UNO_515122C0;2015/02/16 18:48:25;67;67;0.16;20.60;29.50;0.12;0.67;106054;0.35;180.06
UNO_515122C0;2015/02/16 18:48:56;68;68;0.16;20.60;29.50;0.12;2.27;92435;0.31;159.10
UNO_515122C0;2015/02/16 18:49:27;69;69;0.16;20.60;29.50;0.12;2.25;0;0.00;0.62
UNO_515122C0;2015/02/16 18:49:59;70;70;0.16;20.60;29.50;0.12;1.16;0;0.00;0.62
UNO_515122C0;2015/02/16 18:50:31;71;71;0.16;20.60;29.50;0.12;0.66;0;0.00;0.62
UNO_515122C0;2015/02/16 18:51:02;72;72;0.16;20.60;29.50;0.12;0.90;0;0.00;0.62
UNO_515122C0;2015/02/16 18:51:34;73;73;0.16;20.60;29.50;0.12;0.68;0;0.00;0.62
UNO_515122C0;2015/02/16 18:52:05;74;74;0.16;20.60;29.50;0.12;0.68;0;0.00;0.62
UNO_515122C0;2015/02/16 18:52:37;75;75;0.16;20.60;29.40;0.12;2.01;0;0.00;0.62
UNO_515122C0;2015/02/16 18:53:09;76;76;0.16;20.60;29.50;0.12;2.33;0;0.00;0.62
UNO_515122C0;2015/02/16 18:53:40;77;77;0.16;20.60;29.50;0.12;1.21;0;0.00;0.62
UNO_515122C0;2015/02/16 18:54:12;78;78;0.16;20.60;29.50;0.12;1.85;0;0.00;0.62
UNO_515122C0;2015/02/16 18:54:43;79;79;0.17;20.60;29.40;0.12;1.14;0;0.00;0.62
UNO_515122C0;2015/02/16 18:55:15;80;80;0.17;20.60;29.40;0.13;1.92;287265;0.92;477.47
UNO_515122C0;2015/02/16 18:55:47;81;81;0.17;20.60;29.40;0.12;2.34;0;0.00;0.62
UNO_515122C0;2015/02/16 18:56:18;82;82;0.17;20.60;29.40;0.12;1.61;0;0.00;0.62
UNO_515122C0;2015/02/16 18:56:50;83;83;0.17;20.70;29.50;0.13;2.31;0;0.00;0.62
UNO_515122C0;2015/02/16 18:57:21;84;84;0.17;20.70;29.40;0.13;2.04;0;0.00;0.62
UNO_515122C0;2015/02/16 18:57:53;85;85;0.17;20.60;29.30;0.13;2.34;0;0.00;0.62
UNO_515122C0;2015/02/16 18:58:25;86;86;0.17;20.70;29.40;0.12;2.32;0;0.00;0.62
UNO_515122C0;2015/02/16 18:58:56;87;87;0.16;20.70;29.40;0.12;1.60;106071;0.35;179.80
UNO_515122C0;2015/02/16 18:59:28;88;88;0.16;20.70;29.40;0.12;2.17;0;0.00;0.62
UNO_515122C0;2015/02/16 18:59:58;89;89;0.16;20.70;29.40;0.12;2.08;196315;0.65;335.54
UNO_515122C0;2015/02/16 19:00:30;90;90;0.17;20.60;29.30;0.13;2.29;0;0.00;0.62
UNO_515122C0;2015/02/16 19:01:02;91;91;0.17;20.60;29.30;0.13;1.99;0;0.00;0.62
UNO_515122C0;2015/02/16 19:01:33;92;92;0.17;20.70;29.40;0.13;1.27;0;0.00;0.62
UNO_515122C0;2015/02/16 19:02:04;93;93;0.17;20.60;29.30;0.13;0.68;525883;1.72;891.20
UNO_515122C0;2015/02/16 19:02:36;94;94;0.17;20.60;29.30;0.13;1.90;215046;0.70;360.70
UNO_515122C0;2015/02/16 19:03:07;95;95;0.16;20.60;29.30;0.12;2.25;221930;0.71;370.30
UNO_515122C0;2015/02/16 19:03:38;96;96;0.17;20.60;29.30;0.12;1.95;93678;0.31;161.30
UNO_515122C0;2015/02/16 19:04:10;97;97;0.17;20.60;29.30;0.12;2.24;0;0.00;0.62
UNO_515122C0;2015/02/16 19:04:41;98;98;0.17;20.60;29.30;0.13;0.68;0;0.00;0.62
UNO_515122C0;2015/02/16 19:05:13;99;99;0.17;20.60;29.30;0.12;1.71;0;0.00;0.62
UNO_515122C0;2015/02/16 19:05:44;100;100;0.17;20.60;29.30;0.12;2.21;165987;0.54;282.11
UNO_515122C0;2015/02/16 19:06:16;101;101;0.17;20.60;29.30;0.12;0.68;0;0.00;0.62
UNO_515122C0;2015/02/16 19:06:47;102;102;0.17;20.60;29.30;0.12;2.18;0;0.00;0.62
UNO_515122C0;2015/02/16 19:07:19;103;103;0.17;20.60;29.30;0.13;2.36;0;0.00;0.62
UNO_515122C0;2015/02/16 19:07:50;104;104;0.17;20.60;29.30;0.13;1.51;0;0.00;0.62
UNO_515122C0;2015/02/16 19:08:22;105;105;0.17;20.70;29.30;0.13;0.92;0;0.00;0.62
UNO_515122C0;2015/02/16 19:08:54;106;106;0.17;20.70;29.30;0.13;2.30;0;0.00;0.62
UNO_515122C0;2015/02/16 19:09:24;107;107;0.17;20.60;29.20;0.13;0.81;119410;0.39;205.07
UNO_515122C0;2015/02/16 19:09:55;108;108;0.17;20.60;29.20;0.13;1.89;181897;0.61;314.19
UNO_515122C0;2015/02/16 19:10:27;109;109;0.17;20.60;29.20;0.13;2.34;0;0.00;0.62
UNO_515122C0;2015/02/16 19:10:58;110;110;0.17;20.70;29.30;0.12;1.53;183158;0.60;313.39
UNO_515122C0;2015/02/16 19:11:29;111;111;0.17;20.60;29.20;0.12;1.80;612984;2.01;1037.58
UNO_515122C0;2015/02/16 19:12:00;112;112;0.17;20.60;29.20;0.12;1.06;0;0.00;0.62
UNO_515122C0;2015/02/16 19:12:32;113;113;0.17;20.70;29.30;0.12;2.33;0;0.00;0.62
UNO_515122C0;2015/02/16 19:13:03;114;114;0.17;20.70;29.30;0.12;0.70;0;0.00;0.62
UNO_515122C0;2015/02/16 19:13:34;115;115;0.17;20.60;29.20;0.13;1.11;552286;1.82;938.60
UNO_515122C0;2015/02/16 19:14:05;116;116;0.17;20.60;29.10;0.13;1.41;139405;0.46;240.21
UNO_515122C0;2015/02/16 19:14:37;117;117;0.17;20.70;29.20;0.12;0.70;126421;0.41;212.80
UNO_515122C0;2015/02/16 19:15:08;118;118;0.17;20.70;29.20;0.12;0.70;268567;0.87;450.52
UNO_515122C0;2015/02/16 19:15:39;119;119;0.17;20.70;29.20;0.13;0.93;139397;0.45;233.72
UNO_515122C0;2015/02/16 19:16:11;120;120;0.18;20.70;29.20;0.13;1.11;0;0.00;0.62
UNO_515122C0;2015/02/16 19:16:43;121;121;0.17;20.70;29.20;0.13;2.36;0;0.00;0.62
UNO_515122C0;2015/02/16 19:17:14;122;122;0.17;20.70;29.20;0.13;1.17;1119128;3.61;1881.59
UNO_515122C0;2015/02/16 19:17:45;123;123;0.17;20.70;29.20;0.19;2.24;299083;0.98;506.43
UNO_515122C0;2015/02/16 19:18:17;124;124;0.17;20.70;29.20;0.12;0.82;0;0.00;0.62
UNO_515122C0;2015/02/16 19:18:48;125;125;0.17;20.60;29.10;0.12;0.67;0;0.00;0.62
UNO_515122C0;2015/02/16 19:19:20;126;126;0.17;20.70;29.20;0.12;2.35;98431;0.32;166.07
UNO_515122C0;2015/02/16 19:19:51;127;127;0.17;20.70;29.20;0.12;1.89;0;0.00;0.62
UNO_515122C0;2015/02/16 19:20:23;128;128;0.17;20.70;29.20;0.12;2.34;0;0.00;0.62
UNO_515122C0;2015/02/16 19:20:54;129;129;0.18;20.70;29.10;0.13;2.10;1788;0.01;3.69
UNO_515122C0;2015/02/16 19:21:25;130;130;0.18;20.70;29.10;0.13;1.23;0;0.00;0.62
UNO_515122C0;2015/02/16 19:21:57;131;131;0.18;20.70;29.20;0.13;1.07;0;0.00;0.62
UNO_515122C0;2015/02/16 19:22:28;132;132;0.18;20.60;29.10;0.17;2.24;552803;1.82;940.44
UNO_515122C0;2015/02/16 19:23:00;133;133;0.18;20.70;29.10;0.13;0.68;1171853;3.78;1972.35
UNO_515122C0;2015/02/16 19:23:30;134;134;0.18;20.60;29.00;0.20;0.71;1179236;3.89;2032.44
UNO_515122C0;2015/02/16 19:24:01;135;135;0.18;20.60;29.00;0.14;1.48;1631062;5.41;2874.40
UNO_515122C0;2015/02/16 19:24:32;136;136;0.18;20.60;29.00;0.12;0.82;794100;2.63;1364.41
UNO_515122C0;2015/02/16 19:25:03;137;137;0.18;20.70;29.10;0.12;0.73;568783;1.88;970.31
UNO_515122C0;2015/02/16 19:25:34;138;138;0.18;20.70;29.10;0.13;2.29;355519;1.15;593.08
UNO_515122C0;2015/02/16 19:26:05;139;139;0.18;20.70;29.10;0.14;0.66;172651;0.56;293.34
UNO_515122C0;2015/02/16 19:26:36;140;140;0.17;20.70;29.10;0.12;2.01;577635;1.92;992.01
UNO_515122C0;2015/02/16 19:27:07;141;141;0.18;20.60;29.00;0.16;1.21;968861;3.15;1633.16
UNO_515122C0;2015/02/16 19:27:38;142;142;0.18;20.70;29.10;0.12;2.05;1651154;5.43;2887.47
UNO_515122C0;2015/02/16 19:28:10;143;143;0.18;20.60;29.00;0.15;2.36;1805526;5.79;3096.95
UNO_515122C0;2015/02/16 19:28:41;144;144;0.18;20.60;29.00;0.11;0.99;1604620;5.29;2806.73
UNO_515122C0;2015/02/16 19:29:12;145;145;0.18;20.60;29.00;0.13;2.28;1189211;3.84;2001.20
UNO_515122C0;2015/02/16 19:29:44;146;146;0.18;20.60;29.00;0.17;0.99;2048046;6.60;3580.60
UNO_515122C0;2015/02/16 19:30:15;147;147;0.18;20.60;29.00;0.14;1.37;1786564;5.91;3166.26
UNO_515122C0;2015/02/16 19:30:46;148;148;0.17;20.60;29.00;0.14;1.95;1679767;5.51;2936.85
UNO_515122C0;2015/02/16 19:31:17;149;149;0.17;20.70;29.00;0.12;2.26;570041;1.84;951.39
UNO_515122C0;2015/02/16 19:31:48;150;150;0.17;20.70;29.00;0.11;1.25;79900;0.26;137.25
UNO_515122C0;2015/02/16 19:32:19;151;151;0.17;20.70;29.00;0.12;2.32;469798;1.53;790.64
UNO_515122C0;2015/02/16 19:32:51;152;152;0.17;20.70;29.00;0.12;2.20;392856;1.26;652.61
UNO_515122C0;2015/02/16 19:33:22;153;153;0.17;20.60;29.00;0.12;2.25;283765;0.92;476.35
UNO_515122C0;2015/02/16 19:33:54;154;154;0.17;20.60;29.00;0.14;2.24;512390;1.65;853.02
UNO_515122C0;2015/02/16 19:34:25;155;155;0.17;20.60;29.00;0.12;1.44;286831;0.94;486.02
UNO_515122C0;2015/02/16 19:34:57;156;156;0.18;20.60;28.90;0.12;0.96;0;0.00;0.62
UNO_515122C0;2015/02/16 19:35:28;157;157;0.18;20.60;28.90;0.13;2.32;552696;1.82;942.99
UNO_515122C0;2015/02/16 19:35:59;158;158;0.18;20.60;29.00;0.13;1.12;901115;2.89;1499.67
UNO_515122C0;2015/02/16 19:36:31;159;159;0.17;20.60;29.00;0.13;0.69;298198;0.96;495.74
UNO_515122C0;2015/02/16 19:37:02;160;160;0.17;20.60;29.00;0.12;1.06;256274;0.84;435.74
UNO_515122C0;2015/02/16 19:37:34;161;161;0.17;20.60;29.00;0.13;2.24;0;0.00;0.62
UNO_515122C0;2015/02/16 19:38:05;162;162;0.17;20.60;29.00;0.12;0.68;160089;0.53;273.73
UNO_515122C0;2015/02/16 19:38:35;163;163;0.17;20.60;29.00;0.12;1.66;288097;0.95;493.06
UNO_515122C0;2015/02/16 19:39:06;164;164;0.17;20.60;29.00;0.20;2.18;1004735;3.28;1704.79
UNO_515122C0;2015/02/16 19:39:38;165;165;0.18;20.60;28.90;0.11;2.36;113637;0.37;192.08
UNO_515122C0;2015/02/16 19:40:09;166;166;0.17;20.60;28.90;0.12;0.84;406198;1.32;681.86
UNO_515122C0;2015/02/16 19:40:40;167;167;0.17;20.50;29.00;0.12;2.34;92494;0.30;157.89
UNO_515122C0;2015/02/16 19:41:11;168;168;0.17;20.60;29.00;0.12;1.25;52644;0.17;90.37
UNO_515122C0;2015/02/16 19:41:43;169;169;0.17;20.60;29.00;0.12;1.97;556379;1.79;924.83
UNO_515122C0;2015/02/16 19:42:14;170;170;0.17;20.60;28.90;0.12;0.66;559940;1.82;940.51
UNO_515122C0;2015/02/16 19:42:45;171;171;0.17;20.60;28.90;0.13;2.30;704550;2.33;1204.43
UNO_515122C0;2015/02/16 19:43:16;172;172;0.18;20.60;28.90;0.17;1.23;310761;1.03;534.66
UNO_515122C0;2015/02/16 19:43:46;173;173;0.17;20.60;28.90;0.12;0.66;289232;0.96;496.12
UNO_515122C0;2015/02/16 19:44:18;174;174;0.17;20.60;28.90;0.19;0.87;713183;2.29;1187.05
UNO_515122C0;2015/02/16 19:44:49;175;175;0.17;20.60;28.90;0.12;1.98;433686;1.40;725.04
UNO_515122C0;2015/02/16 19:45:21;176;176;0.17;20.60;28.90;0.12;2.34;0;0.00;0.62
UNO_515122C0;2015/02/16 19:45:53;177;177;0.17;20.60;28.90;0.12;1.21;0;0.00;0.62
UNO_515122C0;2015/02/16 19:46:23;178;178;0.17;20.60;28.90;0.12;2.09;848593;2.82;1461.57
UNO_515122C0;2015/02/16 19:46:54;179;179;0.17;20.60;28.90;0.12;2.36;38387;0.13;66.19
UNO_515122C0;2015/02/16 19:47:26;180;180;0.17;20.60;28.90;0.12;0.95;0;0.00;0.62
UNO_515122C0;2015/02/16 19:47:57;181;181;0.17;20.60;28.80;0.12;2.09;151894;0.50;257.96
UNO_515122C0;2015/02/16 19:48:29;182;182;0.17;20.60;28.80;0.12;2.27;0;0.00;0.62
UNO_515122C0;2015/02/16 19:49:00;183;183;0.17;20.60;28.80;0.12;1.41;132129;0.43;225.35
UNO_515122C0;2015/02/16 19:49:31;184;184;0.17;20.60;28.90;0.15;0.65;453467;1.47;761.76
UNO_515122C0;2015/02/16 19:50:02;185;185;0.17;20.60;28.90;0.13;2.31;218790;0.73;376.67
UNO_515122C0;2015/02/16 19:50:33;186;186;0.17;20.60;28.90;0.19;0.66;0;0.00;0.62
UNO_515122C0;2015/02/16 19:51:05;187;187;0.17;20.50;28.90;0.12;0.73;0;0.00;0.62
UNO_515122C0;2015/02/16 19:51:36;188;188;0.17;20.50;28.90;0.12;1.20;0;0.00;0.62
UNO_515122C0;2015/02/16 19:52:08;189;189;0.17;20.60;28.90;0.13;1.81;0;0.00;0.62
UNO_515122C0;2015/02/16 19:52:40;190;190;0.17;20.50;28.90;0.13;0.71;0;0.00;0.62
UNO_515122C0;2015/02/16 19:53:11;191;191;0.17;20.50;28.90;0.12;0.72;0;0.00;0.62
UNO_515122C0;2015/02/16 19:53:43;192;192;0.17;20.50;28.90;0.12;2.28;436290;1.40;724.69
UNO_515122C0;2015/02/16 19:54:14;193;193;0.17;20.50;28.90;0.16;1.08;257432;0.84;436.88
UNO_515122C0;2015/02/16 19:54:45;194;194;0.17;20.50;28.90;0.12;0.70;0;0.00;0.62
UNO_515122C0;2015/02/16 19:55:17;195;195;0.17;20.50;28.90;0.13;1.66;0;0.00;0.62
UNO_515122C0;2015/02/16 19:55:49;196;196;0.17;20.50;28.90;0.12;0.67;0;0.00;0.62
UNO_515122C0;2015/02/16 19:56:20;197;197;0.17;20.50;28.90;0.13;2.32;0;0.00;0.62
UNO_515122C0;2015/02/16 19:56:52;198;198;0.17;20.50;28.90;0.12;0.98;0;0.00;0.62
UNO_515122C0;2015/02/16 19:57:23;199;199;0.17;20.60;28.80;0.13;1.21;164852;0.53;276.30
UNO_515122C0;2015/02/16 19:57:55;200;200;0.17;20.60;28.80;0.13;0.98;0;0.00;0.62
UNO_515122C0;2015/02/16 19:58:27;201;201;0.17;20.50;28.80;0.13;0.75;0;0.00;0.62
UNO_515122C0;2015/02/16 19:58:58;202;202;0.18;20.60;28.80;0.13;2.34;80520;0.26;137.55
UNO_515122C0;2015/02/16 19:59:29;203;203;0.17;20.60;28.80;0.13;2.15;0;0.00;0.62
UNO_515122C0;2015/02/16 20:00:01;204;204;0.17;20.60;28.80;0.13;1.21;0;0.00;0.62
UNO_515122C0;2015/02/16 20:00:32;205;205;0.17;20.60;28.80;0.12;1.03;0;0.00;0.62
UNO_515122C0;2015/02/16 20:01:04;206;206;0.17;20.60;28.80;0.12;2.34;10199;0.03;17.97
UNO_515122C0;2015/02/16 20:01:35;207;207;0.17;20.60;28.80;0.13;1.80;0;0.00;0.62
UNO_515122C0;2015/02/16 20:02:06;208;208;0.17;20.60;28.80;0.13;2.19;305043;1.00;519.69
UNO_515122C0;2015/02/16 20:02:37;209;209;0.17;20.60;28.80;0.13;0.67;866553;2.82;1461.99
UNO_515122C0;2015/02/16 20:03:09;210;210;0.17;20.60;28.80;0.11;2.33;0;0.00;0.62
UNO_515122C0;2015/02/16 20:03:40;211;211;0.17;20.60;28.80;0.12;1.03;0;0.00;0.62
UNO_515122C0;2015/02/16 20:04:12;212;212;0.17;20.60;28.80;0.12;1.14;0;0.00;0.62
UNO_515122C0;2015/02/16 20:04:43;213;213;0.17;20.60;28.80;0.17;1.90;529896;1.73;892.12
UNO_515122C0;2015/02/16 20:05:15;214;214;0.17;20.50;28.80;0.11;0.70;0;0.00;0.62
UNO_515122C0;2015/02/16 20:05:47;215;215;0.17;20.60;28.80;0.12;0.78;0;0.00;0.62
UNO_515122C0;2015/02/16 20:06:18;216;216;0.17;20.60;28.80;0.12;1.17;0;0.00;0.62
UNO_515122C0;2015/02/16 20:06:50;217;217;0.17;20.50;28.80;0.12;1.25;0;0.00;0.62
UNO_515122C0;2015/02/16 20:07:21;218;218;0.17;20.60;28.80;0.12;1.70;132440;0.43;222.88
UNO_515122C0;2015/02/16 20:07:53;219;219;0.17;20.60;28.80;0.12;2.32;0;0.00;0.62
UNO_515122C0;2015/02/16 20:08:24;220;220;0.17;20.60;28.80;0.12;1.00;0;0.00;0.62
UNO_515122C0;2015/02/16 20:08:56;221;221;0.17;20.60;28.80;0.13;0.78;0;0.00;0.62
UNO_515122C0;2015/02/16 20:09:28;222;222;0.17;20.60;28.80;0.12;0.67;0;0.00;0.62
UNO_515122C0;2015/02/16 20:09:59;223;223;0.17;20.60;28.80;0.12;1.66;0;0.00;0.62
UNO_515122C0;2015/02/16 20:10:31;224;224;0.17;20.60;28.70;0.12;1.93;0;0.00;0.62
UNO_515122C0;2015/02/16 20:11:02;225;225;0.17;20.60;28.70;0.13;1.53;0;0.00;0.62
UNO_515122C0;2015/02/16 20:11:34;226;226;0.17;20.60;28.80;0.13;1.21;0;0.00;0.62
UNO_515122C0;2015/02/16 20:12:06;227;227;0.18;20.60;28.70;0.13;1.40;0;0.00;0.62
UNO_515122C0;2015/02/16 20:12:37;228;228;0.18;20.60;28.70;0.18;2.39;245933;0.79;409.01
UNO_515122C0;2015/02/16 20:13:09;229;229;0.18;20.60;28.70;0.13;1.07;0;0.00;0.62
UNO_515122C0;2015/02/16 20:13:40;230;230;0.18;20.60;28.70;0.13;1.36;68197;0.22;116.18
UNO_515122C0;2015/02/16 20:14:11;231;231;0.17;20.60;28.70;0.13;2.22;553564;1.83;945.25
UNO_515122C0;2015/02/16 20:14:42;232;232;0.17;20.60;28.70;0.11;0.69;121429;0.39;204.81
UNO_515122C0;2015/02/16 20:15:14;233;233;0.17;20.60;28.70;0.12;2.17;0;0.00;0.62
UNO_515122C0;2015/02/16 20:15:45;234;234;0.17;20.60;28.70;0.12;0.82;0;0.00;0.62
UNO_515122C0;2015/02/16 20:16:17;235;235;0.17;20.60;28.70;0.12;2.12;0;0.00;0.62
UNO_515122C0;2015/02/16 20:16:48;236;236;0.17;20.60;28.70;0.12;0.90;764414;2.52;1306.14
UNO_515122C0;2015/02/16 20:17:19;237;237;0.18;20.60;28.70;0.12;0.82;0;0.00;0.62
UNO_515122C0;2015/02/16 20:17:51;238;238;0.18;20.60;28.60;0.13;0.96;0;0.00;0.62
UNO_515122C0;2015/02/16 20:18:23;239;239;0.18;20.60;28.70;0.13;0.83;0;0.00;0.62
UNO_515122C0;2015/02/16 20:18:54;240;240;0.18;20.60;28.60;0.13;1.90;0;0.00;0.62
UNO_515122C0;2015/02/16 20:19:26;241;241;0.18;20.60;28.70;0.13;2.38;274795;0.89;462.60
UNO_515122C0;2015/02/16 20:19:57;242;242;0.17;20.60;28.60;0.13;0.80;190055;0.61;316.38
UNO_515122C0;2015/02/16 20:20:29;243;243;0.18;20.60;28.70;0.13;1.63;0;0.00;0.62
UNO_515122C0;2015/02/16 20:21:00;244;244;0.18;20.60;28.60;0.13;0.66;134093;0.43;225.75
UNO_515122C0;2015/02/16 20:21:32;245;245;0.18;20.60;28.60;0.13;0.66;0;0.00;0.62
UNO_515122C0;2015/02/16 20:22:03;246;246;0.18;20.60;28.60;0.13;0.76;0;0.00;0.62
UNO_515122C0;2015/02/16 20:22:35;247;247;0.18;20.60;28.60;0.13;1.20;0;0.00;0.62
UNO_515122C0;2015/02/16 20:23:06;248;248;0.18;20.60;28.60;0.13;2.36;169414;0.55;286.51
UNO_515122C0;2015/02/16 20:23:38;249;249;0.18;20.60;28.60;0.18;1.55;739097;2.41;1246.90
UNO_515122C0;2015/02/16 20:24:08;250;250;0.18;20.60;28.60;0.16;1.13;125756;0.42;216.10
UNO_515122C0;2015/02/16 20:24:40;251;251;0.18;20.60;28.60;0.12;0.74;0;0.00;0.62
UNO_515122C0;2015/02/16 20:25:12;252;252;0.18;20.60;28.60;0.12;0.69;233577;0.75;389.41
UNO_515122C0;2015/02/16 20:25:43;253;253;0.18;20.60;28.60;0.13;2.35;0;0.00;0.62
UNO_515122C0;2015/02/16 20:26:15;254;254;0.18;20.60;28.60;0.13;0.75;0;0.00;0.62
UNO_515122C0;2015/02/16 20:26:46;255;255;0.18;20.60;28.60;0.13;2.38;0;0.00;0.62
UNO_515122C0;2015/02/16 20:27:18;256;256;0.18;20.60;28.60;0.13;0.88;0;0.00;0.62
UNO_515122C0;2015/02/16 20:27:50;257;257;0.18;20.60;28.60;0.13;0.68;0;0.00;0.62
UNO_515122C0;2015/02/16 20:28:21;258;258;0.18;20.60;28.60;0.13;2.29;118925;0.39;201.15
UNO_515122C0;2015/02/16 20:28:52;259;259;0.18;20.60;28.60;0.13;1.13;0;0.00;0.62
UNO_515122C0;2015/02/16 20:29:24;260;260;0.18;20.60;28.60;0.13;1.90;0;0.00;0.62
UNO_515122C0;2015/02/16 20:29:56;261;261;0.18;20.60;28.60;0.13;1.56;131807;0.43;221.60
UNO_515122C0;2015/02/16 20:30:27;262;262;0.18;20.60;28.60;0.13;2.28;0;0.00;0.62
UNO_515122C0;2015/02/16 20:30:59;263;263;0.18;20.60;28.60;0.13;2.22;0;0.00;0.62
UNO_515122C0;2015/02/16 20:31:30;264;264;0.17;20.60;28.60;0.13;2.27;0;0.00;0.62
UNO_515122C0;2015/02/16 20:32:02;265;265;0.17;20.60;28.60;0.13;2.36;0;0.00;0.62
UNO_515122C0;2015/02/16 20:32:33;266;266;0.18;20.60;28.60;0.13;0.97;0;0.00;0.62
UNO_515122C0;2015/02/16 20:33:05;267;267;0.18;20.60;28.60;0.13;1.88;0;0.00;0.62
UNO_515122C0;2015/02/16 20:33:37;268;268;0.18;20.60;28.60;0.13;0.69;0;0.00;0.62
UNO_515122C0;2015/02/16 20:34:08;269;269;0.18;20.60;28.60;0.13;2.30;0;0.00;0.62
UNO_515122C0;2015/02/16 20:34:40;270;270;0.18;20.60;28.60;0.13;0.69;0;0.00;0.62
UNO_515122C0;2015/02/16 20:35:11;271;271;0.18;20.60;28.60;0.13;1.77;0;0.00;0.62
UNO_515122C0;2015/02/16 20:35:43;272;272;0.19;20.60;28.60;0.13;2.34;0;0.00;0.62
UNO_515122C0;2015/02/16 20:36:15;273;273;0.19;20.70;28.60;0.13;1.08;0;0.00;0.62
UNO_515122C0;2015/02/16 20:36:46;274;274;0.19;20.60;28.50;0.13;1.15;0;0.00;0.62
UNO_515122C0;2015/02/16 20:37:18;275;275;0.18;20.60;28.50;0.13;1.90;148414;0.48;251.26
UNO_515122C0;2015/02/16 20:37:48;276;276;0.18;20.60;28.50;0.14;1.96;139657;0.47;241.82
UNO_515122C0;2015/02/16 20:38:20;277;277;0.18;20.60;28.50;0.13;1.88;0;0.00;0.62
UNO_515122C0;2015/02/16 20:38:51;278;278;0.18;20.60;28.50;0.13;0.70;0;0.00;0.62
UNO_515122C0;2015/02/16 20:39:23;279;279;0.18;20.60;28.60;0.13;2.33;0;0.00;0.62
UNO_515122C0;2015/02/16 20:39:54;280;280;0.18;20.60;28.50;0.13;1.72;0;0.00;0.62
UNO_515122C0;2015/02/16 20:40:26;281;281;0.18;20.60;28.50;0.13;2.32;153261;0.50;257.48
UNO_515122C0;2015/02/16 20:40:57;282;282;0.18;20.60;28.50;0.13;0.68;0;0.00;0.62
UNO_515122C0;2015/02/16 20:41:29;283;283;0.18;20.60;28.50;0.13;2.17;0;0.00;0.62
UNO_515122C0;2015/02/16 20:42:01;284;284;0.18;20.60;28.50;0.13;2.31;0;0.00;0.62
UNO_515122C0;2015/02/16 20:42:32;285;285;0.18;20.60;28.60;0.16;1.78;111757;0.37;192.08
UNO_515122C0;2015/02/16 20:43:03;286;286;0.17;20.60;28.60;0.12;1.11;0;0.00;0.62
UNO_515122C0;2015/02/16 20:43:34;287;287;0.18;20.60;28.60;0.19;1.09;115073;0.38;197.84
UNO_515122C0;2015/02/16 20:44:06;288;288;0.18;20.60;28.60;0.13;2.26;0;0.00;0.62
UNO_515122C0;2015/02/16 20:44:37;289;289;0.18;20.60;28.60;0.13;2.28;0;0.00;0.62
UNO_515122C0;2015/02/16 20:45:08;290;290;0.19;20.60;28.60;0.13;2.05;143557;0.47;244.11
UNO_515122C0;2015/02/16 20:45:40;291;291;0.18;20.60;28.60;0.13;2.17;0;0.00;0.62
UNO_515122C0;2015/02/16 20:46:11;292;292;0.18;20.60;28.60;0.13;1.83;0;0.00;0.62
UNO_515122C0;2015/02/16 20:46:43;293;293;0.18;20.60;28.60;0.13;1.75;0;0.00;0.62
UNO_515122C0;2015/02/16 20:47:15;294;294;0.18;20.60;28.60;0.13;1.37;0;0.00;0.62
UNO_515122C0;2015/02/16 20:47:46;295;295;0.18;20.60;28.60;0.13;1.82;0;0.00;0.62
UNO_515122C0;2015/02/16 20:48:18;296;296;0.18;20.60;28.60;0.13;1.12;260807;0.84;436.67
UNO_515122C0;2015/02/16 20:48:49;297;297;0.18;20.60;28.60;0.13;1.22;0;0.00;0.62
UNO_515122C0;2015/02/16 20:49:21;298;298;0.17;20.60;28.60;0.13;0.85;0;0.00;0.62
UNO_515122C0;2015/02/16 20:49:52;299;299;0.17;20.60;28.60;0.13;0.88;0;0.00;0.62
UNO_515122C0;2015/02/16 20:50:24;300;300;0.18;20.60;28.50;0.13;2.33;0;0.00;0.62
UNO_515122C0;2015/02/16 20:50:56;301;301;0.18;20.60;28.50;0.13;1.28;0;0.00;0.62
UNO_515122C0;2015/02/16 20:51:27;302;302;0.18;20.60;28.50;0.13;0.83;0;0.00;0.62
UNO_515122C0;2015/02/16 20:51:59;303;303;0.18;20.60;28.50;0.13;1.68;0;0.00;0.62
UNO_515122C0;2015/02/16 20:52:30;304;304;0.18;20.60;28.60;0.13;1.98;0;0.00;0.62
UNO_515122C0;2015/02/16 20:53:02;305;305;0.18;20.60;28.60;0.13;1.30;0;0.00;0.62
UNO_515122C0;2015/02/16 20:53:34;306;306;0.18;20.60;28.50;0.13;1.85;0;0.00;0.62
UNO_515122C0;2015/02/16 20:54:05;307;307;0.18;20.60;28.50;0.13;0.88;0;0.00;0.62
UNO_515122C0;2015/02/16 20:54:37;308;308;0.18;20.60;28.50;0.13;0.68;0;0.00;0.62
UNO_515122C0;2015/02/16 20:55:08;309;309;0.18;20.60;28.60;0.13;1.57;0;0.00;0.62
UNO_515122C0;2015/02/16 20:55:40;310;310;0.18;20.60;28.50;0.13;1.11;0;0.00;0.62
UNO_515122C0;2015/02/16 20:56:12;311;311;0.18;20.60;28.50;0.13;0.65;0;0.00;0.62
UNO_515122C0;2015/02/16 20:56:43;312;312;0.18;20.60;28.50;0.13;1.82;0;0.00;0.62
UNO_515122C0;2015/02/16 20:57:15;313;313;0.18;20.60;28.50;0.13;2.12;0;0.00;0.62
UNO_515122C0;2015/02/16 20:57:46;314;314;0.18;20.60;28.50;0.13;1.26;0;0.00;0.62
UNO_515122C0;2015/02/16 20:58:18;315;315;0.18;20.60;28.50;0.13;0.66;0;0.00;0.62
UNO_515122C0;2015/02/16 20:58:50;316;316;0.18;20.50;28.50;0.13;0.80;0;0.00;0.62
UNO_515122C0;2015/02/16 20:59:21;317;317;0.18;20.60;28.60;0.13;0.68;0;0.00;0.62
UNO_515122C0;2015/02/16 20:59:53;318;318;0.18;20.60;28.50;0.13;0.66;0;0.00;0.62
UNO_515122C0;2015/02/16 21:00:24;319;319;0.18;20.60;28.50;0.13;1.50;0;0.00;0.62
UNO_515122C0;2015/02/16 21:00:56;320;320;0.18;20.60;28.50;0.13;1.56;0;0.00;0.62
UNO_515122C0;2015/02/16 21:01:28;321;321;0.18;20.60;28.50;0.13;1.77;0;0.00;0.62
UNO_515122C0;2015/02/16 21:01:59;322;322;0.18;20.60;28.50;0.13;0.78;0;0.00;0.62
UNO_515122C0;2015/02/16 21:02:31;323;323;0.18;20.60;28.50;0.13;2.30;0;0.00;0.62
UNO_515122C0;2015/02/16 21:03:02;324;324;0.18;20.60;28.50;0.13;1.85;0;0.00;0.62
UNO_515122C0;2015/02/16 21:03:34;325;325;0.18;20.60;28.50;0.13;2.32;0;0.00;0.62
UNO_515122C0;2015/02/16 21:04:06;326;326;0.18;20.60;28.50;0.13;2.34;0;0.00;0.62
UNO_515122C0;2015/02/16 21:04:37;327;327;0.18;20.60;28.50;0.13;2.33;0;0.00;0.62
UNO_515122C0;2015/02/16 21:05:09;328;328;0.18;20.60;28.50;0.13;0.73;0;0.00;0.62
UNO_515122C0;2015/02/16 21:05:40;329;329;0.17;20.60;28.50;0.13;1.38;0;0.00;0.62
UNO_515122C0;2015/02/16 21:06:12;330;330;0.17;20.60;28.50;0.13;1.93;0;0.00;0.62
UNO_515122C0;2015/02/16 21:06:44;331;331;0.18;20.60;28.50;0.13;2.25;0;0.00;0.62
UNO_515122C0;2015/02/16 21:07:15;332;332;0.18;20.60;28.50;0.13;1.38;0;0.00;0.62
UNO_515122C0;2015/02/16 21:07:47;333;333;0.18;20.60;28.50;0.13;2.28;0;0.00;0.62
UNO_515122C0;2015/02/16 21:08:18;334;334;0.18;20.60;28.50;0.13;2.33;0;0.00;0.62
UNO_515122C0;2015/02/16 21:08:50;335;335;0.18;20.60;28.50;0.13;0.87;0;0.00;0.62
UNO_515122C0;2015/02/16 21:09:22;336;336;0.18;20.60;28.50;0.13;2.29;0;0.00;0.62
UNO_515122C0;2015/02/16 21:09:53;337;337;0.18;20.60;28.50;0.13;2.29;0;0.00;0.62
UNO_515122C0;2015/02/16 21:10:25;338;338;0.17;20.60;28.50;0.13;1.09;0;0.00;0.62
UNO_515122C0;2015/02/16 21:10:56;339;339;0.18;20.60;28.50;0.13;2.33;0;0.00;0.62
UNO_515122C0;2015/02/16 21:11:28;340;340;0.18;20.60;28.50;0.13;1.89;0;0.00;0.62
UNO_515122C0;2015/02/16 21:12:00;341;341;0.18;20.60;28.50;0.13;2.26;0;0.00;0.62
UNO_515122C0;2015/02/16 21:12:31;342;342;0.18;20.60;28.50;0.13;0.75;0;0.00;0.62
UNO_515122C0;2015/02/16 21:13:03;343;343;0.18;20.60;28.50;0.13;0.77;0;0.00;0.62
UNO_515122C0;2015/02/16 21:13:34;344;344;0.18;20.60;28.50;0.13;2.16;0;0.00;0.62
UNO_515122C0;2015/02/16 21:14:06;345;345;0.17;20.60;28.50;0.13;0.68;430088;1.40;723.43
UNO_515122C0;2015/02/16 21:14:37;346;346;0.17;20.60;28.50;0.17;1.00;141366;0.46;240.34
UNO_515122C0;2015/02/16 21:15:08;347;347;0.17;20.60;28.50;0.12;1.75;0;0.00;0.62
UNO_515122C0;2015/02/16 21:15:40;348;348;0.17;20.60;28.50;0.18;1.77;496943;1.59;824.45
UNO_515122C0;2015/02/16 21:16:12;349;349;0.17;20.60;28.50;0.12;1.58;397125;1.28;662.61
UNO_515122C0;2015/02/16 21:16:42;350;350;0.18;20.60;28.50;0.12;1.79;320876;1.06;549.16
UNO_515122C0;2015/02/16 21:17:13;351;351;0.18;20.60;28.50;0.12;2.30;118656;0.39;203.64
UNO_515122C0;2015/02/16 21:17:45;352;352;0.18;20.60;28.50;0.12;0.69;0;0.00;0.62
UNO_515122C0;2015/02/16 21:18:16;353;353;0.17;20.50;28.50;0.12;0.67;144546;0.47;243.72
UNO_515122C0;2015/02/16 21:18:48;354;354;0.18;20.60;28.50;0.13;2.33;456788;1.47;761.40
UNO_515122C0;2015/02/16 21:19:19;355;355;0.17;20.60;28.50;0.15;2.08;1025218;3.39;1762.27
UNO_515122C0;2015/02/16 21:19:49;356;356;0.18;20.60;28.50;0.17;0.87;371922;1.22;633.69
UNO_515122C0;2015/02/16 21:20:20;357;357;0.18;20.60;28.50;0.11;0.69;474462;1.56;807.84
UNO_515122C0;2015/02/16 21:20:52;358;358;0.18;20.60;28.50;0.12;0.72;496807;1.59;824.60
UNO_515122C0;2015/02/16 21:21:23;359;359;0.18;20.60;28.50;0.12;0.71;603944;1.97;1018.25
UNO_515122C0;2015/02/16 21:21:55;360;360;0.18;20.60;28.50;0.17;2.24;592308;1.90;982.51
UNO_515122C0;2015/02/16 21:22:26;361;361;0.18;20.60;28.50;0.17;0.88;223432;0.73;377.73
UNO_515122C0;2015/02/16 21:22:57;362;362;0.18;20.60;28.50;0.11;0.71;671447;2.18;1128.67
UNO_515122C0;2015/02/16 21:23:29;363;363;0.17;20.60;28.60;0.11;2.15;770781;2.48;1281.75
UNO_515122C0;2015/02/16 21:24:01;364;364;0.17;20.60;28.60;0.12;1.14;0;0.00;0.62
UNO_515122C0;2015/02/16 21:24:31;365;365;0.17;20.60;28.60;0.12;2.34;188858;0.62;324.32
UNO_515122C0;2015/02/16 21:25:03;366;366;0.17;20.50;28.70;0.18;1.18;652327;2.13;1102.75
UNO_515122C0;2015/02/16 21:25:34;367;367;0.16;20.50;28.80;0.12;2.32;422697;1.37;707.16
UNO_515122C0;2015/02/16 21:26:05;368;368;0.16;20.50;28.80;0.11;0.83;95791;0.32;165.87
UNO_515122C0;2015/02/16 21:26:36;369;369;0.16;20.50;28.80;0.11;2.25;505389;1.66;856.75
UNO_515122C0;2015/02/16 21:27:07;370;370;0.16;20.40;28.80;0.11;1.00;0;0.00;0.62
UNO_515122C0;2015/02/16 21:27:39;371;371;0.16;20.40;28.90;0.11;1.36;231687;0.75;391.06
UNO_515122C0;2015/02/16 21:28:10;372;372;0.16;20.40;28.90;0.11;1.27;78288;0.26;133.12
UNO_515122C0;2015/02/16 21:28:41;373;373;0.15;20.40;29.00;0.11;0.71;493193;1.59;822.14
UNO_515122C0;2015/02/16 21:29:12;374;374;0.15;20.30;29.00;0.12;2.16;174099;0.57;296.66
UNO_515122C0;2015/02/16 21:29:44;375;375;0.15;20.30;29.10;0.11;2.22;0;0.00;0.62
UNO_515122C0;2015/02/16 21:30:15;376;376;0.15;20.30;29.10;0.11;2.17;173880;0.56;292.64
UNO_515122C0;2015/02/16 21:30:46;377;377;0.15;20.30;29.20;0.11;2.22;334424;1.11;576.65
UNO_515122C0;2015/02/16 21:31:17;378;378;0.15;20.30;29.20;0.11;2.23;379416;1.23;637.77
UNO_515122C0;2015/02/16 21:31:48;379;379;0.15;20.30;29.20;0.11;0.82;557961;1.84;953.07
UNO_515122C0;2015/02/16 21:32:20;380;380;0.15;20.30;29.20;0.11;2.13;494877;1.59;822.03
UNO_515122C0;2015/02/16 21:32:51;381;381;0.15;20.30;29.20;0.14;1.71;1298780;4.17;2181.52
UNO_515122C0;2015/02/16 21:33:22;382;382;0.15;20.30;29.20;0.15;0.68;1689203;5.56;2961.65
UNO_515122C0;2015/02/16 21:33:54;383;383;0.14;20.30;29.30;0.14;0.98;810536;2.62;1359.27
UNO_515122C0;2015/02/16 21:34:25;384;384;0.14;20.30;29.30;0.14;2.33;918984;3.00;1558.59
UNO_515122C0;2015/02/16 21:34:56;385;385;0.14;20.30;29.30;0.14;1.21;534128;1.73;892.42
UNO_515122C0;2015/02/16 21:35:27;386;386;0.14;20.20;29.20;0.09;0.65;823980;2.71;1402.79
UNO_515122C0;2015/02/16 21:35:59;387;387;0.14;20.20;29.30;0.09;1.04;0;0.00;0.62
UNO_515122C0;2015/02/16 21:36:30;388;388;0.14;20.30;29.40;0.10;0.66;0;0.00;0.62
UNO_515122C0;2015/02/16 21:37:02;389;389;0.14;20.20;29.30;0.10;0.65;14391;0.05;24.80
UNO_515122C0;2015/02/16 21:37:34;390;390;0.14;20.20;29.30;0.10;2.31;0;0.00;0.62
UNO_515122C0;2015/02/16 21:38:05;391;391;0.14;20.20;29.30;0.10;0.79;0;0.00;0.62
UNO_515122C0;2015/02/16 21:38:36;392;392;0.14;20.20;29.40;0.10;2.32;189835;0.62;320.21
UNO_515122C0;2015/02/16 21:39:08;393;393;0.14;20.20;29.40;0.15;1.06;1456259;4.73;2493.30
UNO_515122C0;2015/02/16 21:39:39;394;394;0.14;20.20;29.50;0.10;0.65;0;0.00;0.62
UNO_515122C0;2015/02/16 21:40:11;395;395;0.14;20.20;29.50;0.10;2.12;447402;1.44;746.30
UNO_515122C0;2015/02/16 21:40:43;396;396;0.14;20.10;29.60;0.10;1.71;0;0.00;0.62
UNO_515122C0;2015/02/16 21:41:14;397;397;0.13;20.10;29.60;0.10;2.30;0;0.00;0.62
UNO_515122C0;2015/02/16 21:41:46;398;398;0.13;20.10;29.70;0.10;0.68;0;0.00;0.62
UNO_515122C0;2015/02/16 21:42:17;399;399;0.13;20.10;29.70;0.10;0.71;0;0.00;0.62
UNO_515122C0;2015/02/16 21:42:49;400;400;0.13;20.10;29.80;0.10;1.14;0;0.00;0.62
UNO_515122C0;2015/02/16 21:43:21;401;401;0.13;20.10;29.80;0.10;1.97;0;0.00;0.62
UNO_515122C0;2015/02/16 21:43:52;402;402;0.13;20.10;29.80;0.10;2.10;0;0.00;0.62
UNO_515122C0;2015/02/16 21:44:24;403;403;0.13;20.00;29.70;0.10;1.91;0;0.00;0.62
UNO_515122C0;2015/02/16 21:44:55;404;404;0.13;20.10;29.90;0.10;0.66;0;0.00;0.62
UNO_515122C0;2015/02/16 21:45:27;405;405;0.13;20.00;29.80;0.11;1.51;0;0.00;0.62
UNO_515122C0;2015/02/16 21:45:58;406;406;0.13;20.00;29.80;0.10;1.87;0;0.00;0.62
UNO_515122C0;2015/02/16 21:46:30;407;407;0.13;20.00;29.90;0.10;0.68;96836;0.32;165.51
UNO_515122C0;2015/02/16 21:47:01;408;408;0.13;20.00;29.90;0.10;1.16;0;0.00;0.62
UNO_515122C0;2015/02/16 21:47:33;409;409;0.13;20.10;29.90;0.10;0.75;0;0.00;0.62
UNO_515122C0;2015/02/16 21:48:04;410;410;0.13;20.10;30.00;0.10;2.32;0;0.00;0.62
UNO_515122C0;2015/02/16 21:48:36;411;411;0.13;20.10;29.90;0.10;0.68;0;0.00;0.62
UNO_515122C0;2015/02/16 21:49:07;412;412;0.13;20.10;29.90;0.10;0.65;0;0.00;0.62
UNO_515122C0;2015/02/16 21:49:39;413;413;0.13;20.00;29.80;0.10;0.70;0;0.00;0.62
UNO_515122C0;2015/02/16 21:50:11;414;414;0.13;20.10;29.90;0.10;1.94;0;0.00;0.62
UNO_515122C0;2015/02/16 21:50:42;415;415;0.13;20.00;29.90;0.10;2.22;150526;0.48;251.77
UNO_515122C0;2015/02/16 21:51:14;416;416;0.13;20.00;30.00;0.10;1.88;0;0.00;0.62
UNO_515122C0;2015/02/16 21:51:45;417;417;0.13;20.10;30.10;0.10;1.69;0;0.00;0.62
UNO_515122C0;2015/02/16 21:52:17;418;418;0.13;20.10;30.00;0.10;0.69;0;0.00;0.62
UNO_515122C0;2015/02/16 21:52:49;419;419;0.13;20.10;30.00;0.10;1.84;0;0.00;0.62
UNO_515122C0;2015/02/16 21:53:20;420;420;0.12;20.10;30.00;0.10;2.10;0;0.00;0.62
UNO_515122C0;2015/02/16 21:53:52;421;421;0.12;20.00;29.90;0.10;0.73;0;0.00;0.62
UNO_515122C0;2015/02/16 21:54:23;422;422;0.12;20.00;30.00;0.10;0.77;0;0.00;0.62
UNO_515122C0;2015/02/16 21:54:55;423;423;0.12;20.10;30.10;0.10;1.58;0;0.00;0.62
UNO_515122C0;2015/02/16 21:55:27;424;424;0.12;20.00;30.00;0.10;0.86;0;0.00;0.62
UNO_515122C0;2015/02/16 21:55:58;425;425;0.12;20.00;30.00;0.10;1.94;0;0.00;0.62
UNO_515122C0;2015/02/16 21:56:30;426;426;0.12;20.10;30.10;0.10;1.92;0;0.00;0.62
UNO_515122C0;2015/02/16 21:57:01;427;427;0.12;20.10;30.10;0.10;2.32;0;0.00;0.62
UNO_515122C0;2015/02/16 21:57:33;428;428;0.12;20.00;30.00;0.09;2.27;0;0.00;0.62
UNO_515122C0;2015/02/16 21:58:04;429;429;0.12;20.00;30.00;0.09;0.75;3094;0.01;5.92
UNO_515122C0;2015/02/16 21:58:36;430;430;0.12;20.00;30.00;0.10;0.87;0;0.00;0.62
UNO_515122C0;2015/02/16 21:59:06;431;431;0.12;20.00;30.00;0.09;0.99;74090;0.25;128.28
UNO_515122C0;2015/02/16 21:59:38;432;432;0.12;20.00;30.00;0.16;0.80;304798;0.99;511.65
UNO_515122C0;2015/02/16 22:00:08;433;433;0.12;20.00;30.10;0.13;1.06;173424;0.58;299.71
UNO_515122C0;2015/02/16 22:00:40;434;434;0.12;20.00;30.10;0.09;0.84;0;0.00;0.62
UNO_515122C0;2015/02/16 22:01:11;435;435;0.12;20.00;30.10;0.09;1.17;0;0.00;0.62
UNO_515122C0;2015/02/16 22:01:43;436;436;0.12;20.00;30.10;0.09;2.28;0;0.00;0.62
UNO_515122C0;2015/02/16 22:02:15;437;437;0.12;20.00;30.10;0.09;1.82;0;0.00;0.62
UNO_515122C0;2015/02/16 22:02:46;438;438;0.12;20.00;30.10;0.09;0.95;0;0.00;0.62
UNO_515122C0;2015/02/16 22:03:17;439;439;0.12;19.90;30.20;0.09;1.78;528105;1.73;895.37
UNO_515122C0;2015/02/16 22:03:48;440;440;0.12;20.00;30.20;0.09;2.02;35257;0.11;60.23
UNO_515122C0;2015/02/16 22:04:20;441;441;0.12;19.90;30.20;0.09;0.66;134772;0.43;226.04
UNO_515122C0;2015/02/16 22:04:51;442;442;0.12;19.90;30.20;0.12;2.06;213543;0.71;368.44
UNO_515122C0;2015/02/16 22:05:22;443;443;0.12;19.90;30.30;0.09;1.65;0;0.00;0.62
UNO_515122C0;2015/02/16 22:05:53;444;444;0.12;19.90;30.20;0.09;1.32;315742;1.03;535.96
UNO_515122C0;2015/02/16 22:06:24;445;445;0.12;19.90;30.20;0.10;0.73;279162;0.91;473.50
UNO_515122C0;2015/02/16 22:06:56;446;446;0.12;19.90;30.20;0.09;0.70;0;0.00;0.62
UNO_515122C0;2015/02/16 22:07:27;447;447;0.12;19.90;30.30;0.09;0.89;48953;0.16;85.04
UNO_515122C0;2015/02/16 22:07:57;448;448;0.12;19.90;30.30;0.09;1.90;24557;0.08;43.02
UNO_515122C0;2015/02/16 22:08:29;449;449;0.11;19.90;30.30;0.09;1.76;0;0.00;0.62
UNO_515122C0;2015/02/16 22:09:00;450;450;0.11;19.90;30.20;0.09;0.69;0;0.00;0.62
UNO_515122C0;2015/02/16 22:09:31;451;451;0.11;19.90;30.30;0.09;1.64;1284473;4.28;2243.56
UNO_515122C0;2015/02/16 22:10:03;452;452;0.12;19.90;30.30;0.09;2.12;694242;2.23;1152.81
UNO_515122C0;2015/02/16 22:10:34;453;453;0.11;19.90;30.30;0.12;0.76;317741;1.04;536.71
UNO_515122C0;2015/02/16 22:11:05;454;454;0.12;19.90;30.40;0.08;0.96;183438;0.59;306.87
UNO_515122C0;2015/02/16 22:11:37;455;455;0.11;19.90;30.40;0.08;1.88;0;0.00;0.62
UNO_515122C0;2015/02/16 22:12:08;456;456;0.11;19.90;30.40;0.08;2.34;140286;0.46;239.98
UNO_515122C0;2015/02/16 22:12:39;457;457;0.11;19.90;30.40;0.09;1.87;0;0.00;0.62
UNO_515122C0;2015/02/16 22:13:11;458;458;0.11;19.90;30.40;0.08;0.72;0;0.00;0.62
UNO_515122C0;2015/02/16 22:13:42;459;459;0.11;19.90;30.40;0.08;2.32;253080;0.84;433.25
UNO_515122C0;2015/02/16 22:14:12;460;460;0.11;19.90;30.40;0.08;0.98;267117;0.89;460.41
UNO_515122C0;2015/02/16 22:14:44;461;461;0.12;19.90;30.40;0.15;2.34;489334;1.57;814.15
UNO_515122C0;2015/02/16 22:15:15;462;462;0.11;19.90;30.40;0.10;0.65;146531;0.48;246.93
UNO_515122C0;2015/02/16 22:15:46;463;463;0.12;19.90;30.40;0.11;2.28;263155;0.88;454.53
UNO_515122C0;2015/02/16 22:16:18;464;464;0.12;19.90;30.40;0.10;1.21;627096;2.02;1044.19
UNO_515122C0;2015/02/16 22:16:49;465;465;0.12;19.90;30.40;0.12;1.64;652121;2.14;1106.18
UNO_515122C0;2015/02/16 22:17:20;466;466;0.11;19.90;30.40;0.07;0.65;1110865;3.61;1878.03
UNO_515122C0;2015/02/16 22:17:51;467;467;0.11;19.80;30.40;0.09;0.75;787371;2.55;1321.93
UNO_515122C0;2015/02/16 22:18:23;468;468;0.11;19.80;30.40;0.07;2.15;691802;2.25;1162.19
UNO_515122C0;2015/02/16 22:18:53;469;469;0.11;19.80;30.40;0.11;0.70;567349;1.87;968.95
UNO_515122C0;2015/02/16 22:19:25;470;470;0.11;19.80;30.40;0.07;0.71;0;0.00;0.62
UNO_515122C0;2015/02/16 22:19:57;471;471;0.11;19.90;30.50;0.07;2.30;0;0.00;0.62
UNO_515122C0;2015/02/16 22:20:28;472;472;0.11;19.80;30.40;0.08;1.74;0;0.00;0.62
UNO_515122C0;2015/02/16 22:21:00;473;473;0.11;19.70;30.40;0.08;0.63;0;0.00;0.62
UNO_515122C0;2015/02/16 22:21:31;474;474;0.11;19.80;30.50;0.08;0.65;0;0.00;0.62
UNO_515122C0;2015/02/16 22:22:03;475;475;0.11;19.80;30.50;0.08;0.77;0;0.00;0.62
UNO_515122C0;2015/02/16 22:22:35;476;476;0.11;19.80;30.50;0.08;2.33;0;0.00;0.62
UNO_515122C0;2015/02/16 22:23:05;477;477;0.11;19.80;30.50;0.08;1.87;19286;0.06;33.81
UNO_515122C0;2015/02/16 22:23:36;478;478;0.11;19.80;30.50;0.08;2.31;130399;0.43;225.02
UNO_515122C0;2015/02/16 22:24:08;479;479;0.11;19.80;30.50;0.08;2.26;0;0.00;0.62
UNO_515122C0;2015/02/16 22:24:39;480;480;0.11;19.80;30.50;0.08;1.03;0;0.00;0.62
UNO_515122C0;2015/02/16 22:25:11;481;481;0.11;19.80;30.50;0.08;0.94;0;0.00;0.62
UNO_515122C0;2015/02/16 22:25:42;482;482;0.11;19.80;30.50;0.08;0.64;0;0.00;0.62
UNO_515122C0;2015/02/16 22:26:13;483;483;0.11;19.80;30.50;0.08;0.94;37443;0.12;65.31
UNO_515122C0;2015/02/16 22:26:45;484;484;0.11;19.80;30.50;0.08;1.17;0;0.00;0.62
UNO_515122C0;2015/02/16 22:27:16;485;485;0.11;19.80;30.50;0.08;0.65;94841;0.31;159.10
UNO_515122C0;2015/02/16 22:27:48;486;486;0.11;19.80;30.50;0.08;0.76;0;0.00;0.62
UNO_515122C0;2015/02/16 22:28:19;487;487;0.11;19.80;30.50;0.08;0.82;0;0.00;0.62
UNO_515122C0;2015/02/16 22:28:51;488;488;0.11;19.80;30.50;0.08;1.37;0;0.00;0.62
UNO_515122C0;2015/02/16 22:29:23;489;489;0.11;19.90;30.50;0.09;1.90;0;0.00;0.62
UNO_515122C0;2015/02/16 22:29:54;490;490;0.12;19.90;30.50;0.09;0.82;357045;1.17;607.34
UNO_515122C0;2015/02/16 22:30:24;491;491;0.12;19.90;30.50;0.09;2.12;113223;0.37;194.25
UNO_515122C0;2015/02/16 22:30:56;492;492;0.13;19.90;30.40;0.09;1.91;0;0.00;0.62
UNO_515122C0;2015/02/16 22:31:27;493;493;0.13;20.00;30.40;0.09;0.76;580440;1.92;995.38
UNO_515122C0;2015/02/16 22:31:58;494;494;0.13;19.90;30.30;0.09;2.34;325931;1.05;545.93
UNO_515122C0;2015/02/16 22:32:30;495;495;0.13;20.00;30.30;0.09;0.83;0;0.00;0.62
UNO_515122C0;2015/02/16 22:33:01;496;496;0.13;20.00;30.30;0.10;0.66;0;0.00;0.62
UNO_515122C0;2015/02/16 22:33:33;497;497;0.14;20.00;30.20;0.10;1.22;212813;0.69;355.78
UNO_515122C0;2015/02/16 22:34:05;498;498;0.14;20.00;30.20;0.10;0.64;0;0.00;0.62
UNO_515122C0;2015/02/16 22:34:36;499;499;0.14;20.00;30.20;0.10;0.66;0;0.00;0.62
UNO_515122C0;2015/02/16 22:35:08;500;500;0.14;20.10;30.20;0.10;2.22;0;0.00;0.62
UNO_515122C0;2015/02/16 22:35:39;501;501;0.14;20.10;30.20;0.10;2.27;0;0.00;0.62
UNO_515122C0;2015/02/16 22:36:11;502;502;0.14;20.10;30.10;0.10;2.34;0;0.00;0.62
UNO_515122C0;2015/02/16 22:36:43;503;503;0.14;20.20;30.10;0.10;1.18;0;0.00;0.62
UNO_515122C0;2015/02/16 22:37:14;504;504;0.15;20.20;30.10;0.10;1.94;0;0.00;0.62
UNO_515122C0;2015/02/16 22:37:46;505;505;0.15;20.20;30.00;0.11;1.83;0;0.00;0.62
UNO_515122C0;2015/02/16 22:38:17;506;506;0.14;20.20;30.00;0.11;0.71;0;0.00;0.62
UNO_515122C0;2015/02/16 22:38:49;507;507;0.15;20.30;30.00;0.11;0.75;0;0.00;0.62
UNO_515122C0;2015/02/16 22:39:21;508;508;0.15;20.20;29.90;0.11;1.07;0;0.00;0.62
UNO_515122C0;2015/02/16 22:39:51;509;509;0.15;20.30;30.10;0.14;0.66;817712;2.72;1411.46
UNO_515122C0;2015/02/16 22:40:23;510;510;0.15;20.30;30.00;0.10;2.29;0;0.00;0.62
UNO_515122C0;2015/02/16 22:40:53;511;511;0.15;20.30;30.00;0.11;2.32;704867;2.34;1208.31
UNO_515122C0;2015/02/16 22:41:24;512;512;0.16;20.30;29.90;0.13;1.63;739018;2.44;1262.80
UNO_515122C0;2015/02/16 22:41:55;513;513;0.16;20.30;29.90;0.11;1.17;862251;2.82;1461.39
UNO_515122C0;2015/02/16 22:42:26;514;514;0.16;20.30;29.80;0.11;1.78;1067452;3.51;1824.95
UNO_515122C0;2015/02/16 22:42:58;515;515;0.16;20.30;29.80;0.11;2.13;508307;1.63;844.82
UNO_515122C0;2015/02/16 22:43:29;516;516;0.15;20.30;29.80;0.13;1.00;2705538;8.92;5115.72
UNO_515122C0;2015/02/16 22:44:00;517;517;0.15;20.30;29.80;0.12;0.64;0;0.00;0.62
UNO_515122C0;2015/02/16 22:44:31;518;518;0.15;20.30;29.80;0.11;0.68;299973;0.99;511.31
UNO_515122C0;2015/02/16 22:45:02;519;519;0.15;20.30;29.80;0.12;2.31;336112;1.10;569.33
UNO_515122C0;2015/02/16 22:45:34;520;520;0.15;20.20;29.70;0.11;1.66;293231;0.94;488.11
UNO_515122C0;2015/02/16 22:46:05;521;521;0.15;20.20;29.70;0.11;0.78;1178587;3.89;2029.97
UNO_515122C0;2015/02/16 22:46:35;522;522;0.16;20.30;29.80;0.13;0.65;2618159;8.72;4978.25
UNO_515122C0;2015/02/16 22:47:06;523;523;0.16;20.20;29.70;0.14;1.57;1811377;5.95;3193.57
UNO_515122C0;2015/02/16 22:47:38;524;524;0.16;20.30;29.80;0.13;0.67;1143166;3.71;1935.83
UNO_515122C0;2015/02/16 22:48:09;525;525;0.16;20.30;29.80;0.11;0.71;190018;0.62;320.53
UNO_515122C0;2015/02/16 22:48:40;526;526;0.16;20.30;29.70;0.11;1.01;847899;2.75;1425.31
UNO_515122C0;2015/02/16 22:49:11;527;527;0.16;20.30;29.70;0.11;0.73;135029;0.45;231.58
UNO_515122C0;2015/02/16 22:49:42;528;528;0.15;20.30;29.70;0.14;0.76;285957;0.95;491.43
UNO_515122C0;2015/02/16 22:50:14;529;529;0.16;20.30;29.80;0.12;0.65;0;0.00;0.62
UNO_515122C0;2015/02/16 22:50:45;530;530;0.16;20.30;29.70;0.12;2.33;220038;0.71;368.51
UNO_515122C0;2015/02/16 22:51:17;531;531;0.16;20.20;29.60;0.13;2.10;0;0.00;0.62
UNO_515122C0;2015/02/16 22:51:48;532;532;0.16;20.20;29.60;0.12;1.26;0;0.00;0.62
UNO_515122C0;2015/02/16 22:52:19;533;533;0.16;20.20;29.60;0.12;0.66;315241;1.04;540.40
UNO_515122C0;2015/02/16 22:52:51;534;534;0.16;20.20;29.60;0.12;1.00;495782;1.60;828.05
UNO_515122C0;2015/02/16 22:53:21;535;535;0.16;20.20;29.70;0.19;0.65;590128;1.94;1005.33
UNO_515122C0;2015/02/16 22:53:53;536;536;0.16;20.20;29.70;0.11;0.71;0;0.00;0.62
UNO_515122C0;2015/02/16 22:54:25;537;537;0.16;20.20;29.70;0.11;1.40;0;0.00;0.62
UNO_515122C0;2015/02/16 22:54:56;538;538;0.16;20.20;29.70;0.12;0.69;1028488;3.32;1727.93
UNO_515122C0;2015/02/16 22:55:27;539;539;0.16;20.20;29.70;0.18;1.06;673829;2.18;1128.64
UNO_515122C0;2015/02/16 22:55:59;540;540;0.16;20.30;29.80;0.13;2.23;0;0.00;0.62
UNO_515122C0;2015/02/16 22:56:31;541;541;0.16;20.20;29.60;0.11;0.83;0;0.00;0.62
UNO_515122C0;2015/02/16 22:57:02;542;542;0.16;20.20;29.70;0.11;0.65;0;0.00;0.62
UNO_515122C0;2015/02/16 22:57:34;543;543;0.16;20.30;29.70;0.12;1.52;0;0.00;0.62
UNO_515122C0;2015/02/16 22:58:05;544;544;0.16;20.30;29.70;0.12;1.88;280981;0.91;472.07
UNO_515122C0;2015/02/16 22:58:36;545;545;0.16;20.30;29.70;0.15;1.07;720878;2.38;1231.65
UNO_515122C0;2015/02/16 22:59:08;546;546;0.16;20.30;29.60;0.12;0.69;0;0.00;0.62
UNO_515122C0;2015/02/16 22:59:39;547;547;0.16;20.30;29.60;0.12;2.24;0;0.00;0.62
UNO_515122C0;2015/02/16 23:00:11;548;548;0.16;20.30;29.60;0.12;0.65;0;0.00;0.62
UNO_515122C0;2015/02/16 23:00:41;549;549;0.16;20.30;29.60;0.12;2.14;22917;0.08;40.31
UNO_515122C0;2015/02/16 23:01:12;550;550;0.16;20.20;29.50;0.12;2.27;412440;1.36;704.08
UNO_515122C0;2015/02/16 23:01:44;551;551;0.16;20.20;29.60;0.12;2.30;0;0.00;0.62
UNO_515122C0;2015/02/16 23:02:15;552;552;0.16;20.20;29.70;0.12;0.65;0;0.00;0.62
UNO_515122C0;2015/02/16 23:02:46;553;553;0.16;20.20;29.70;0.12;2.09;130792;0.44;226.51
UNO_515122C0;2015/02/16 23:03:17;554;554;0.16;20.20;29.70;0.12;1.14;110332;0.36;189.31
UNO_515122C0;2015/02/16 23:03:48;555;555;0.16;20.20;29.70;0.12;1.77;0;0.00;0.62
UNO_515122C0;2015/02/16 23:04:20;556;556;0.16;20.30;29.70;0.12;1.20;0;0.00;0.62
UNO_515122C0;2015/02/16 23:04:52;557;557;0.16;20.30;29.70;0.12;1.05;0;0.00;0.62
UNO_515122C0;2015/02/16 23:05:22;558;558;0.16;20.30;29.70;0.12;0.65;703721;2.33;1203.89
UNO_515122C0;2015/02/16 23:05:53;559;559;0.16;20.30;29.70;0.19;2.20;663298;2.19;1133.15
UNO_515122C0;2015/02/16 23:06:25;560;560;0.16;20.30;29.70;0.10;0.65;334009;1.07;554.58
UNO_515122C0;2015/02/16 23:06:56;561;561;0.16;20.30;29.70;0.12;0.81;252582;0.83;429.14
UNO_515122C0;2015/02/16 23:07:28;562;562;0.16;20.30;29.60;0.11;2.31;0;0.00;0.62
UNO_515122C0;2015/02/16 23:07:59;563;563;0.16;20.30;29.60;0.11;0.65;344405;1.13;586.46
UNO_515122C0;2015/02/16 23:08:30;564;564;0.16;20.30;29.60;0.13;2.30;0;0.00;0.62
UNO_515122C0;2015/02/16 23:09:02;565;565;0.16;20.30;29.50;0.12;0.87;0;0.00;0.62
UNO_515122C0;2015/02/16 23:09:33;566;566;0.16;20.30;29.60;0.12;0.67;0;0.00;0.62
UNO_515122C0;2015/02/16 23:10:05;567;567;0.16;20.30;29.50;0.11;1.04;306266;0.99;512.76
UNO_515122C0;2015/02/16 23:10:36;568;568;0.16;20.30;29.50;0.14;0.99;139897;0.45;234.15
UNO_515122C0;2015/02/16 23:11:08;569;569;0.16;20.30;29.50;0.12;1.03;0;0.00;0.62
UNO_515122C0;2015/02/16 23:11:40;570;570;0.16;20.30;29.50;0.12;1.98;0;0.00;0.62
UNO_515122C0;2015/02/16 23:12:11;571;571;0.16;20.30;29.50;0.12;1.20;0;0.00;0.62
UNO_515122C0;2015/02/16 23:12:43;572;572;0.16;20.30;29.50;0.12;0.64;0;0.00;0.62
UNO_515122C0;2015/02/16 23:13:14;573;573;0.16;20.30;29.50;0.12;0.71;154228;0.51;264.07
UNO_515122C0;2015/02/16 23:13:45;574;574;0.16;20.30;29.50;0.12;1.94;0;0.00;0.62
UNO_515122C0;2015/02/16 23:14:17;575;575;0.16;20.30;29.50;0.12;2.31;0;0.00;0.62
UNO_515122C0;2015/02/16 23:14:48;576;576;0.16;20.30;29.50;0.12;2.09;0;0.00;0.62
UNO_515122C0;2015/02/16 23:15:20;577;577;0.16;20.30;29.50;0.12;0.67;0;0.00;0.62
UNO_515122C0;2015/02/16 23:15:51;578;578;0.16;20.30;29.50;0.12;1.23;319547;1.04;537.77
UNO_515122C0;2015/02/16 23:16:23;579;579;0.16;20.30;29.50;0.12;0.65;0;0.00;0.62
UNO_515122C0;2015/02/16 23:16:54;580;580;0.16;20.40;29.50;0.12;0.68;127898;0.41;215.59
UNO_515122C0;2015/02/16 23:17:25;581;581;0.16;20.40;29.40;0.12;0.85;135630;0.44;230.28
UNO_515122C0;2015/02/16 23:17:57;582;582;0.16;20.40;29.40;0.16;0.67;862062;2.79;1447.83
UNO_515122C0;2015/02/16 23:18:28;583;583;0.16;20.40;29.40;0.10;1.95;167252;0.55;283.41
UNO_515122C0;2015/02/16 23:19:00;584;584;0.16;20.40;29.40;0.11;2.09;0;0.00;0.62
UNO_515122C0;2015/02/16 23:19:31;585;585;0.16;20.40;29.40;0.11;1.78;0;0.00;0.62
UNO_515122C0;2015/02/16 23:20:02;586;586;0.16;20.40;29.40;0.11;2.31;71264;0.24;122.84
UNO_515122C0;2015/02/16 23:20:34;587;587;0.17;20.40;29.40;0.12;1.01;0;0.00;0.62
UNO_515122C0;2015/02/16 23:21:05;588;588;0.17;20.40;29.40;0.12;1.73;0;0.00;0.62
UNO_515122C0;2015/02/16 23:21:36;589;589;0.17;20.40;29.30;0.12;1.12;527403;1.75;905.49
UNO_515122C0;2015/02/16 23:22:07;590;590;0.17;20.30;29.30;0.12;2.33;146125;0.47;246.14
UNO_515122C0;2015/02/16 23:22:39;591;591;0.17;20.40;29.30;0.12;2.31;165230;0.54;278.57
UNO_515122C0;2015/02/16 23:23:10;592;592;0.17;20.40;29.30;0.13;2.32;0;0.00;0.62
UNO_515122C0;2015/02/16 23:23:42;593;593;0.17;20.40;29.30;0.12;2.28;0;0.00;0.62
UNO_515122C0;2015/02/16 23:24:13;594;594;0.17;20.40;29.30;0.13;0.65;0;0.00;0.62
UNO_515122C0;2015/02/16 23:24:45;595;595;0.17;20.40;29.30;0.13;1.96;776434;2.51;1298.20
UNO_515122C0;2015/02/16 23:25:17;596;596;0.17;20.40;29.30;0.13;2.34;0;0.00;0.62
UNO_515122C0;2015/02/16 23:25:48;597;597;0.17;20.40;29.30;0.12;0.68;0;0.00;0.62
UNO_515122C0;2015/02/16 23:26:20;598;598;0.17;20.40;29.20;0.12;0.89;0;0.00;0.62
UNO_515122C0;2015/02/16 23:26:51;599;599;0.16;20.40;29.20;0.12;0.86;0;0.00;0.62
UNO_515122C0;2015/02/16 23:27:23;600;600;0.16;20.40;29.20;0.12;2.28;0;0.00;0.62
UNO_515122C0;2015/02/16 23:27:55;601;601;0.16;20.40;29.20;0.12;1.64;0;0.00;0.62
UNO_515122C0;2015/02/16 23:28:26;602;602;0.16;20.40;29.20;0.12;0.67;0;0.00;0.62
UNO_515122C0;2015/02/16 23:28:58;603;603;0.16;20.40;29.20;0.12;0.65;0;0.00;0.62
UNO_515122C0;2015/02/16 23:29:28;604;604;0.16;20.40;29.20;0.12;0.64;445650;1.48;764.94
UNO_515122C0;2015/02/16 23:29:59;605;605;0.16;20.40;29.20;0.16;1.44;1103566;3.64;1897.07
UNO_515122C0;2015/02/16 23:30:31;606;606;0.16;20.40;29.20;0.17;2.34;1629678;5.27;2796.16
UNO_515122C0;2015/02/16 23:31:02;607;607;0.16;20.40;29.20;0.18;0.92;1908929;6.25;3371.58
UNO_515122C0;2015/02/16 23:31:33;608;608;0.16;20.40;29.20;0.15;1.40;343384;1.12;579.33
UNO_515122C0;2015/02/16 23:32:05;609;609;0.16;20.40;29.20;0.09;1.45;0;0.00;0.62
UNO_515122C0;2015/02/16 23:32:36;610;610;0.16;20.40;29.20;0.10;2.18;0;0.00;0.62
UNO_515122C0;2015/02/16 23:33:08;611;611;0.16;20.40;29.20;0.11;2.31;0;0.00;0.62
UNO_515122C0;2015/02/16 23:33:39;612;612;0.16;20.40;29.20;0.11;0.66;131005;0.43;224.53
UNO_515122C0;2015/02/16 23:34:10;613;613;0.16;20.40;29.20;0.11;1.26;271156;0.88;456.55
UNO_515122C0;2015/02/16 23:34:42;614;614;0.16;20.40;29.20;0.11;1.80;0;0.00;0.62
UNO_515122C0;2015/02/16 23:35:13;615;615;0.16;20.40;29.20;0.11;2.21;0;0.00;0.62
UNO_515122C0;2015/02/16 23:35:45;616;616;0.16;20.40;29.20;0.11;2.12;260400;0.84;435.60
UNO_515122C0;2015/02/16 23:36:16;617;617;0.16;20.40;29.20;0.10;1.41;0;0.00;0.62
UNO_515122C0;2015/02/16 23:36:48;618;618;0.16;20.40;29.20;0.11;0.76;0;0.00;0.62
UNO_515122C0;2015/02/16 23:37:19;619;619;0.16;20.30;29.20;0.11;1.48;0;0.00;0.62
UNO_515122C0;2015/02/16 23:37:51;620;620;0.16;20.40;29.20;0.11;1.58;147205;0.47;246.84
UNO_515122C0;2015/02/16 23:38:22;621;621;0.16;20.40;29.20;0.12;1.55;113970;0.37;191.73
UNO_515122C0;2015/02/16 23:38:53;622;622;0.16;20.40;29.20;0.11;1.12;216821;0.72;373.72
UNO_515122C0;2015/02/16 23:39:24;623;623;0.16;20.40;29.20;0.11;2.12;138195;0.46;236.94
UNO_515122C0;2015/02/16 23:39:56;624;624;0.16;20.40;29.20;0.11;2.32;0;0.00;0.62
UNO_515122C0;2015/02/16 23:40:27;625;625;0.16;20.40;29.20;0.11;0.65;0;0.00;0.62
UNO_515122C0;2015/02/16 23:40:59;626;626;0.16;20.40;29.20;0.11;2.30;0;0.00;0.62
UNO_515122C0;2015/02/16 23:41:30;627;627;0.16;20.40;29.20;0.12;2.29;0;0.00;0.62
UNO_515122C0;2015/02/16 23:42:02;628;628;0.16;20.40;29.20;0.12;2.27;0;0.00;0.62
UNO_515122C0;2015/02/16 23:42:34;629;629;0.16;20.40;29.20;0.12;2.31;0;0.00;0.62
UNO_515122C0;2015/02/16 23:43:05;630;630;0.16;20.40;29.20;0.12;1.02;0;0.00;0.62
UNO_515122C0;2015/02/16 23:43:37;631;631;0.16;20.40;29.20;0.12;1.75;0;0.00;0.62
UNO_515122C0;2015/02/16 23:44:08;632;632;0.16;20.40;29.20;0.12;1.31;0;0.00;0.62
UNO_515122C0;2015/02/16 23:44:40;633;633;0.16;20.40;29.20;0.12;2.32;0;0.00;0.62
UNO_515122C0;2015/02/16 23:45:11;634;634;0.16;20.40;29.20;0.12;0.73;0;0.00;0.62
UNO_515122C0;2015/02/16 23:45:43;635;635;0.16;20.40;29.20;0.12;0.73;0;0.00;0.62
UNO_515122C0;2015/02/16 23:46:15;636;636;0.16;20.40;29.10;0.12;1.80;0;0.00;0.62
UNO_515122C0;2015/02/16 23:46:46;637;637;0.16;20.40;29.10;0.12;1.70;0;0.00;0.62
UNO_515122C0;2015/02/16 23:47:18;638;638;0.16;20.40;29.10;0.11;2.32;0;0.00;0.62
UNO_515122C0;2015/02/16 23:47:49;639;639;0.16;20.40;29.00;0.12;2.10;38448;0.12;65.22
UNO_515122C0;2015/02/16 23:48:21;640;640;0.16;20.40;29.10;0.12;1.79;0;0.00;0.62
UNO_515122C0;2015/02/16 23:48:52;641;641;0.16;20.40;29.00;0.12;2.33;581028;1.93;997.74
UNO_515122C0;2015/02/16 23:49:23;642;642;0.16;20.40;29.00;0.11;1.56;0;0.00;0.62
UNO_515122C0;2015/02/16 23:49:55;643;643;0.16;20.40;29.00;0.11;2.33;0;0.00;0.62
UNO_515122C0;2015/02/16 23:50:26;644;644;0.16;20.40;29.10;0.11;0.83;100596;0.33;170.00
UNO_515122C0;2015/02/16 23:50:57;645;645;0.16;20.40;29.00;0.14;0.62;1461883;4.82;2543.03
UNO_515122C0;2015/02/16 23:51:28;646;646;0.16;20.30;29.00;0.13;0.71;373310;1.22;631.43
UNO_515122C0;2015/02/16 23:52:00;647;647;0.16;20.40;29.00;0.11;0.99;0;0.00;0.62
UNO_515122C0;2015/02/16 23:52:31;648;648;0.16;20.40;29.00;0.11;1.90;0;0.00;0.62
UNO_515122C0;2015/02/16 23:53:03;649;649;0.16;20.40;29.00;0.11;0.79;0;0.00;0.62
UNO_515122C0;2015/02/16 23:53:34;650;650;0.16;20.40;29.00;0.11;0.73;260208;0.85;443.10
UNO_515122C0;2015/02/16 23:54:05;651;651;0.16;20.40;29.00;0.11;1.00;0;0.00;0.62
UNO_515122C0;2015/02/16 23:54:36;652;652;0.16;20.40;28.90;0.14;1.12;1207707;4.01;2097.34
UNO_515122C0;2015/02/16 23:55:07;653;653;0.16;20.40;28.90;0.12;1.14;943747;3.07;1592.71
UNO_515122C0;2015/02/16 23:55:39;654;654;0.16;20.40;28.90;0.11;1.16;143608;0.46;240.50
UNO_515122C0;2015/02/16 23:56:10;655;655;0.16;20.30;29.00;0.11;1.97;342270;1.11;575.87
UNO_515122C0;2015/02/16 23:56:42;656;656;0.16;20.30;29.00;0.11;2.29;170342;0.55;287.89
UNO_515122C0;2015/02/16 23:57:12;657;657;0.16;20.40;28.90;0.12;2.24;237840;0.78;406.72
UNO_515122C0;2015/02/16 23:57:44;658;658;0.16;20.40;29.00;0.12;0.65;0;0.00;0.62
UNO_515122C0;2015/02/16 23:58:15;659;659;0.16;20.40;28.90;0.11;2.11;271111;0.88;457.17
UNO_515122C0;2015/02/16 23:58:46;660;660;0.16;20.30;29.00;0.12;1.75;137196;0.45;232.30
UNO_515122C0;2015/02/16 23:59:18;661;661;0.16;20.30;29.00;0.11;2.04;0;0.00;0.62
UNO_515122C0;2015/02/16 23:59:50;662;662;0.16;20.30;29.00;0.11;1.74;0;0.00;0.62
