UNO;2015/01/06 15:22:20;0;sampleID;MQ2;DHT22 Temp(C);DHT22 HR;MQ9;HCHO;Lowpulse;ratio;Concentration
UNO;2015/01/06 15:24:49;0;sampleID;MQ2;DHT22 Temp(C);DHT22 HR;MQ9;HCHO;Lowpulse;ratio;Concentration
UNO;2015/01/06 15:25:19;1;1;0.16;20.90;42.00;0.17;1.22;28436;0.09;49.50
UNO;2015/01/06 15:25:51;2;2;0.15;20.90;42.00;0.18;1.16;0;0.00;0.62
UNO;2015/01/06 15:26:23;3;3;0.15;20.90;42.10;0.17;1.41;0;0.00;0.62
UNO;2015/01/06 16:59:35;0;sampleID;MQ2;DHT22 Temp(C);DHT22 HR;MQ9;HCHO;Lowpulse;ratio;Concentration
UNO;2015/01/06 17:00:07;1;1;0.12;20.40;40.00;0.15;1.33;0;0.00;0.62
UNO;2015/01/06 17:00:39;2;2;0.12;20.40;40.00;0.15;1.09;0;0.00;0.62
UNO;2015/01/06 17:01:10;3;3;0.12;20.40;39.70;0.14;1.28;0;0.00;0.62
UNO;2015/01/06 17:01:42;4;4;0.12;20.40;39.90;0.15;1.09;0;0.00;0.62
UNO;2015/01/06 17:02:13;5;5;0.12;20.40;39.80;0.14;1.09;0;0.00;0.62
UNO;2015/01/06 17:02:45;6;6;0.11;20.30;39.80;0.14;1.10;0;0.00;0.62
UNO;2015/01/06 17:03:17;7;7;0.12;20.40;39.70;0.14;1.13;0;0.00;0.62
UNO;2015/01/06 17:03:48;8;8;0.12;20.30;39.70;0.14;1.13;0;0.00;0.62
UNO;2015/01/06 17:04:20;9;9;0.12;20.30;39.80;0.14;1.10;0;0.00;0.62
UNO;2015/01/06 17:04:51;10;10;0.12;20.30;39.60;0.14;1.13;281300;0.92;477.30
UNO;2015/01/06 17:05:22;11;11;0.12;20.30;39.60;0.14;1.31;0;0.00;0.62
UNO;2015/01/06 17:05:54;12;12;0.11;20.30;39.70;0.14;1.22;86245;0.28;147.48
UNO;2015/01/06 17:06:25;13;13;0.12;20.30;39.40;0.14;1.12;405004;1.30;672.51
UNO;2015/01/06 17:06:56;14;14;0.12;20.30;39.30;0.14;1.09;130307;0.43;225.02
UNO;2015/01/06 17:07:27;15;15;0.12;20.30;39.20;0.14;1.60;81892;0.27;139.55
UNO;2015/01/06 17:07:58;16;16;0.12;20.20;38.90;0.14;1.38;516960;1.67;864.54
UNO;2015/01/06 17:08:29;17;17;0.11;20.30;38.80;0.14;1.39;609360;2.02;1045.88
UNO;2015/01/06 17:09:00;18;18;0.11;20.20;39.00;0.13;1.27;537323;1.77;912.82
UNO;2015/01/06 17:09:31;19;19;0.11;20.30;38.90;0.14;1.24;176649;0.59;305.54
UNO;2015/01/06 17:10:02;20;20;0.11;20.30;39.00;0.12;1.20;1151353;3.74;1948.63
UNO;2015/01/06 17:10:33;21;21;0.11;20.30;38.80;0.13;1.37;192299;0.63;329.14
UNO;2015/01/06 17:11:04;22;22;0.11;20.30;38.70;0.13;1.48;0;0.00;0.62
UNO;2015/01/06 17:11:36;23;23;0.11;20.20;38.40;0.13;1.27;0;0.00;0.62
UNO;2015/01/06 17:12:08;24;24;0.11;20.30;38.40;0.13;1.17;0;0.00;0.62
UNO;2015/01/06 17:12:39;25;25;0.11;20.20;38.40;0.13;1.42;0;0.00;0.62
UNO;2015/01/06 17:13:11;26;26;0.11;20.20;38.50;0.13;1.37;0;0.00;0.62
UNO;2015/01/06 17:13:42;27;27;0.11;20.20;38.80;0.13;1.33;0;0.00;0.62
UNO;2015/01/06 17:14:13;28;28;0.11;20.20;38.70;0.14;1.21;92952;0.31;160.22
UNO;2015/01/06 17:14:45;29;29;0.11;20.20;38.90;0.14;1.27;0;0.00;0.62
UNO;2015/01/06 17:15:16;30;30;0.11;20.20;38.60;0.13;1.30;0;0.00;0.62
UNO;2015/01/06 17:15:48;31;31;0.11;20.10;38.90;0.12;1.25;0;0.00;0.62
UNO;2015/01/06 17:16:20;32;32;0.11;20.10;38.60;0.13;1.36;0;0.00;0.62
UNO;2015/01/06 17:16:51;33;33;0.12;20.10;39.00;0.13;1.41;0;0.00;0.62
UNO;2015/01/06 17:17:23;34;34;0.11;20.10;38.90;0.13;1.38;0;0.00;0.62
UNO;2015/01/06 17:17:54;35;35;0.11;20.10;38.90;0.13;1.23;0;0.00;0.62
UNO;2015/01/06 17:18:26;36;36;0.11;20.10;39.10;0.13;1.42;0;0.00;0.62
UNO;2015/01/06 17:18:58;37;37;0.11;20.00;39.00;0.13;1.26;0;0.00;0.62
UNO;2015/01/06 17:19:29;38;38;0.11;20.00;39.00;0.13;1.19;0;0.00;0.62
UNO;2015/01/06 17:20:01;39;39;0.11;20.00;38.90;0.13;1.34;0;0.00;0.62
UNO;2015/01/06 17:20:32;40;40;0.11;20.00;38.60;0.13;1.16;0;0.00;0.62
UNO;2015/01/06 17:21:04;41;41;0.11;20.00;38.80;0.13;1.37;0;0.00;0.62
UNO;2015/01/06 17:21:36;42;42;0.11;20.00;38.80;0.13;1.21;0;0.00;0.62
UNO;2015/01/06 17:22:07;43;43;0.11;20.00;38.90;0.13;1.33;0;0.00;0.62
UNO;2015/01/06 17:22:39;44;44;0.11;20.00;38.80;0.13;1.30;0;0.00;0.62
UNO;2015/01/06 17:23:10;45;45;0.11;20.00;38.80;0.13;1.27;0;0.00;0.62
UNO;2015/01/06 17:23:42;46;46;0.11;19.90;39.00;0.13;1.42;0;0.00;0.62
UNO;2015/01/06 17:24:14;47;47;0.11;20.00;39.00;0.13;1.34;0;0.00;0.62
UNO;2015/01/06 17:24:45;48;48;0.11;19.90;39.00;0.13;1.17;0;0.00;0.62
UNO;2015/01/06 17:25:17;49;49;0.12;19.90;39.10;0.13;1.15;0;0.00;0.62
UNO;2015/01/06 17:25:48;50;50;0.11;19.90;39.00;0.14;1.36;0;0.00;0.62
UNO;2015/01/06 17:26:20;51;51;0.11;19.90;39.10;0.13;1.16;0;0.00;0.62
UNO;2015/01/06 17:26:52;52;52;0.12;19.90;39.00;0.14;1.42;0;0.00;0.62
UNO;2015/01/06 17:27:23;53;53;0.11;19.90;39.20;0.13;1.40;0;0.00;0.62
UNO;2015/01/06 17:27:55;54;54;0.11;19.80;39.20;0.13;1.37;0;0.00;0.62
UNO;2015/01/06 17:28:26;55;55;0.11;19.80;39.30;0.13;1.41;0;0.00;0.62
UNO;2015/01/06 17:28:58;56;56;0.11;19.80;39.30;0.13;1.35;0;0.00;0.62
UNO;2015/01/06 17:29:29;57;57;0.11;19.80;39.30;0.13;1.23;0;0.00;0.62
UNO;2015/01/06 17:30:01;58;58;0.11;19.80;39.40;0.13;1.35;0;0.00;0.62
UNO;2015/01/06 17:30:33;59;59;0.11;19.80;39.40;0.13;1.20;0;0.00;0.62
UNO;2015/01/06 17:31:04;60;60;0.11;19.70;39.40;0.13;1.18;0;0.00;0.62
UNO;2015/01/06 17:31:36;61;61;0.11;19.70;39.50;0.13;1.38;0;0.00;0.62
UNO;2015/01/06 17:32:07;62;62;0.11;19.70;39.50;0.13;1.41;0;0.00;0.62
UNO;2015/01/06 17:32:39;63;63;0.11;19.70;39.40;0.14;1.44;0;0.00;0.62
UNO;2015/01/06 17:33:11;64;64;0.11;19.70;39.60;0.14;1.43;0;0.00;0.62
UNO;2015/01/06 17:33:42;65;65;0.11;19.60;39.50;0.14;1.33;0;0.00;0.62
UNO;2015/01/06 17:34:14;66;66;0.11;19.70;39.60;0.14;1.24;0;0.00;0.62
UNO;2015/01/06 17:34:45;67;67;0.11;19.70;39.60;0.14;1.18;0;0.00;0.62
UNO;2015/01/06 17:35:17;68;68;0.11;19.60;39.50;0.14;1.26;0;0.00;0.62
UNO;2015/01/06 17:35:49;69;69;0.12;19.60;39.60;0.14;1.43;0;0.00;0.62
UNO;2015/01/06 17:36:20;70;70;0.11;19.60;39.50;0.13;1.44;0;0.00;0.62
UNO;2015/01/06 17:36:52;71;71;0.12;19.60;39.60;0.14;1.44;21885;0.07;37.37
UNO;2015/01/06 17:37:23;72;72;0.11;19.60;39.70;0.14;1.17;0;0.00;0.62
UNO;2015/01/06 17:37:54;73;73;0.11;19.60;39.70;0.13;1.18;78413;0.26;134.16
UNO;2015/01/06 17:38:26;74;74;0.11;19.60;39.70;0.14;1.17;0;0.00;0.62
UNO;2015/01/06 17:38:58;75;75;0.11;19.50;39.70;0.14;1.17;0;0.00;0.62
UNO;2015/01/06 17:39:29;76;76;0.11;19.50;39.80;0.14;1.43;0;0.00;0.62
UNO;2015/01/06 17:40:01;77;77;0.11;19.50;39.70;0.14;1.44;0;0.00;0.62
UNO;2015/01/06 17:40:32;78;78;0.11;19.50;39.70;0.14;1.41;0;0.00;0.62
UNO;2015/01/06 17:41:04;79;79;0.11;19.50;39.80;0.14;1.20;0;0.00;0.62
UNO;2015/01/06 17:41:35;80;80;0.11;19.50;39.70;0.14;1.24;16806;0.05;28.92
UNO;2015/01/06 17:42:06;81;81;0.11;19.50;39.80;0.14;1.30;248671;0.81;421.69
UNO;2015/01/06 17:42:38;82;82;0.11;19.50;39.80;0.14;1.34;0;0.00;0.62
UNO;2015/01/06 17:43:10;83;83;0.12;19.50;39.90;0.14;1.44;0;0.00;0.62
UNO;2015/01/06 17:43:41;84;84;0.11;19.50;39.90;0.14;1.43;0;0.00;0.62
UNO;2015/01/06 17:44:13;85;85;0.11;19.50;39.90;0.14;1.44;0;0.00;0.62
UNO;2015/01/06 17:44:44;86;86;0.11;19.50;39.90;0.14;1.42;0;0.00;0.62
UNO;2015/01/06 17:45:16;87;87;0.11;19.50;39.90;0.14;1.20;0;0.00;0.62
UNO;2015/01/06 17:45:48;88;88;0.11;19.50;40.00;0.14;1.32;0;0.00;0.62
UNO;2015/01/06 17:46:19;89;89;0.12;19.50;39.90;0.14;1.41;0;0.00;0.62
UNO;2015/01/06 17:46:51;90;90;0.11;19.50;39.90;0.14;1.29;0;0.00;0.62
UNO;2015/01/06 17:47:22;91;91;0.11;19.50;39.90;0.14;1.36;0;0.00;0.62
UNO;2015/01/06 17:47:54;92;92;0.11;19.50;40.00;0.14;1.44;0;0.00;0.62
UNO;2015/01/06 17:48:26;93;93;0.11;19.50;39.90;0.14;1.40;0;0.00;0.62
UNO;2015/01/06 17:48:57;94;94;0.12;19.50;40.00;0.14;1.33;0;0.00;0.62
UNO;2015/01/06 17:49:29;95;95;0.11;19.50;40.00;0.14;1.26;0;0.00;0.62
UNO;2015/01/06 17:50:00;96;96;0.11;19.50;40.00;0.14;1.44;21982;0.07;37.77
UNO;2015/01/06 17:50:32;97;97;0.11;19.50;39.90;0.14;1.40;0;0.00;0.62
UNO;2015/01/06 17:51:03;98;98;0.11;19.50;39.90;0.14;1.41;0;0.00;0.62
UNO;2015/01/06 17:51:35;99;99;0.12;19.50;39.80;0.14;1.24;0;0.00;0.62
UNO;2015/01/06 17:52:06;100;100;0.11;19.50;39.90;0.14;1.32;0;0.00;0.62
UNO;2015/01/06 17:52:38;101;101;0.11;19.50;39.90;0.14;1.29;0;0.00;0.62
UNO;2015/01/06 17:53:10;102;102;0.12;19.50;39.80;0.14;1.22;0;0.00;0.62
UNO;2015/01/06 17:53:41;103;103;0.11;19.50;39.90;0.14;1.19;0;0.00;0.62
UNO;2015/01/06 17:54:13;104;104;0.11;19.50;39.80;0.14;1.43;0;0.00;0.62
UNO;2015/01/06 17:54:44;105;105;0.11;19.50;39.70;0.14;1.23;0;0.00;0.62
UNO;2015/01/06 17:55:16;106;106;0.11;19.50;39.80;0.14;1.26;0;0.00;0.62
UNO;2015/01/06 17:55:48;107;107;0.11;19.50;39.80;0.14;1.30;0;0.00;0.62
UNO;2015/01/06 17:56:19;108;108;0.11;19.50;39.70;0.14;1.40;25102;0.08;43.46
UNO;2015/01/06 17:56:50;109;109;0.11;19.50;39.70;0.14;1.31;0;0.00;0.62
UNO;2015/01/06 17:57:22;110;110;0.11;19.50;39.80;0.14;1.45;0;0.00;0.62
UNO;2015/01/06 17:57:53;111;111;0.12;19.50;39.80;0.14;1.29;0;0.00;0.62
UNO;2015/01/06 17:58:25;112;112;0.11;19.50;39.80;0.14;1.44;0;0.00;0.62
UNO;2015/01/06 17:58:57;113;113;0.11;19.50;39.80;0.14;1.19;0;0.00;0.62
UNO;2015/01/06 17:59:28;114;114;0.12;19.50;39.80;0.14;1.33;0;0.00;0.62
UNO;2015/01/06 18:00:00;115;115;0.11;19.50;39.80;0.14;1.20;0;0.00;0.62
UNO;2015/01/06 18:00:31;116;116;0.11;19.50;39.80;0.14;1.45;0;0.00;0.62
UNO;2015/01/06 18:01:03;117;117;0.11;19.50;39.90;0.13;1.32;0;0.00;0.62
UNO;2015/01/06 18:01:35;118;118;0.11;19.50;39.90;0.14;1.17;0;0.00;0.62
UNO;2015/01/06 18:02:06;119;119;0.11;19.50;39.90;0.14;1.44;0;0.00;0.62
UNO;2015/01/06 18:02:38;120;120;0.11;19.40;39.80;0.14;1.45;0;0.00;0.62
UNO;2015/01/06 18:03:09;121;121;0.11;19.40;39.90;0.14;1.45;0;0.00;0.62
UNO;2015/01/06 18:03:41;122;122;0.11;19.40;39.90;0.14;1.33;0;0.00;0.62
UNO;2015/01/06 18:04:13;123;123;0.11;19.40;39.90;0.14;1.29;0;0.00;0.62
UNO;2015/01/06 18:04:44;124;124;0.11;19.40;39.90;0.13;1.30;0;0.00;0.62
UNO;2015/01/06 18:05:16;125;125;0.11;19.40;39.90;0.14;1.24;0;0.00;0.62
UNO;2015/01/06 18:05:47;126;126;0.11;19.40;40.00;0.14;1.43;0;0.00;0.62
UNO;2015/01/06 18:06:19;127;127;0.11;19.40;40.00;0.14;1.43;0;0.00;0.62
UNO;2015/01/06 18:06:51;128;128;0.11;19.40;40.00;0.14;1.43;0;0.00;0.62
UNO;2015/01/06 18:07:22;129;129;0.12;19.40;40.00;0.15;1.37;0;0.00;0.62
UNO;2015/01/06 18:07:54;130;130;0.11;19.40;40.00;0.14;1.39;0;0.00;0.62
UNO;2015/01/06 18:08:25;131;131;0.11;19.40;40.00;0.14;1.18;0;0.00;0.62
UNO;2015/01/06 18:08:57;132;132;0.12;19.40;40.00;0.14;1.31;0;0.00;0.62
UNO;2015/01/06 18:09:29;133;133;0.12;19.30;40.00;0.14;1.42;0;0.00;0.62
UNO;2015/01/06 18:10:00;134;134;0.11;19.40;40.00;0.14;1.20;0;0.00;0.62
UNO;2015/01/06 18:10:32;135;135;0.12;19.30;40.00;0.14;1.23;0;0.00;0.62
UNO;2015/01/06 18:11:03;136;136;0.11;19.30;40.10;0.14;1.39;0;0.00;0.62
UNO;2015/01/06 18:11:35;137;137;0.12;19.30;40.10;0.14;1.41;0;0.00;0.62
UNO;2015/01/06 18:12:07;138;138;0.11;19.30;40.10;0.14;1.39;0;0.00;0.62
UNO;2015/01/06 18:12:38;139;139;0.11;19.30;40.20;0.14;1.18;0;0.00;0.62
UNO;2015/01/06 18:13:10;140;140;0.11;19.30;40.20;0.14;1.37;0;0.00;0.62
UNO;2015/01/06 18:13:41;141;141;0.11;19.30;40.20;0.14;1.34;0;0.00;0.62
UNO;2015/01/06 18:14:13;142;142;0.11;19.30;40.20;0.14;1.18;171325;0.56;288.97
UNO;2015/01/06 18:14:44;143;143;0.11;19.30;40.20;0.14;1.27;0;0.00;0.62
UNO;2015/01/06 18:15:16;144;144;0.11;19.30;40.20;0.14;1.18;0;0.00;0.62
UNO;2015/01/06 18:15:47;145;145;0.11;19.30;40.20;0.14;1.39;0;0.00;0.62
UNO;2015/01/06 18:16:19;146;146;0.12;19.30;40.20;0.14;1.18;0;0.00;0.62
UNO;2015/01/06 18:16:51;147;147;0.11;19.30;40.20;0.14;1.45;0;0.00;0.62
UNO;2015/01/06 18:17:22;148;148;0.12;19.30;40.20;0.14;1.22;0;0.00;0.62
UNO;2015/01/06 18:17:54;149;149;0.12;19.30;40.20;0.14;1.42;0;0.00;0.62
UNO;2015/01/06 18:18:25;150;150;0.11;19.30;40.20;0.14;1.30;0;0.00;0.62
UNO;2015/01/06 18:18:57;151;151;0.11;19.30;40.20;0.14;1.36;0;0.00;0.62
UNO;2015/01/06 18:19:29;152;152;0.11;19.30;40.20;0.14;1.22;0;0.00;0.62
UNO;2015/01/06 18:20:00;153;153;0.11;19.30;40.20;0.14;1.34;0;0.00;0.62
UNO;2015/01/06 18:20:32;154;154;0.11;19.30;40.20;0.14;1.28;0;0.00;0.62
UNO;2015/01/06 18:21:03;155;155;0.12;19.30;40.20;0.14;1.25;0;0.00;0.62
UNO;2015/01/06 18:21:35;156;156;0.12;19.30;40.20;0.14;1.39;0;0.00;0.62
UNO;2015/01/06 18:22:07;157;157;0.11;19.30;40.20;0.14;1.19;0;0.00;0.62
UNO;2015/01/06 18:22:38;158;158;0.11;19.30;40.20;0.14;1.27;0;0.00;0.62
UNO;2015/01/06 18:23:10;159;159;0.11;19.30;40.20;0.14;1.43;0;0.00;0.62
UNO;2015/01/06 18:23:41;160;160;0.11;19.30;40.10;0.14;1.21;0;0.00;0.62
UNO;2015/01/06 18:24:13;161;161;0.12;19.30;40.10;0.14;1.24;0;0.00;0.62
UNO;2015/01/06 18:24:44;162;162;0.11;19.30;40.10;0.14;1.45;65557;0.22;113.38
UNO;2015/01/06 18:25:15;163;163;0.12;19.30;40.00;0.14;1.41;0;0.00;0.62
UNO;2015/01/06 18:25:46;164;164;0.12;19.40;40.00;0.14;1.20;89703;0.29;153.49
UNO;2015/01/06 18:26:18;165;165;0.11;19.40;40.00;0.14;1.19;0;0.00;0.62
UNO;2015/01/06 18:26:49;166;166;0.11;19.40;40.00;0.14;1.29;0;0.00;0.62
UNO;2015/01/06 18:27:21;167;167;0.11;19.40;40.00;0.14;1.34;0;0.00;0.62
UNO;2015/01/06 18:27:53;168;168;0.12;19.40;40.00;0.14;1.43;0;0.00;0.62
UNO;2015/01/06 18:28:24;169;169;0.11;19.40;40.00;0.14;1.46;0;0.00;0.62
UNO;2015/01/06 18:28:56;170;170;0.11;19.40;39.90;0.14;1.47;0;0.00;0.62
UNO;2015/01/06 18:29:27;171;171;0.11;19.40;39.90;0.14;1.44;0;0.00;0.62
UNO;2015/01/06 18:29:59;172;172;0.12;19.40;39.90;0.14;1.22;0;0.00;0.62
UNO;2015/01/06 18:30:31;173;173;0.12;19.40;39.90;0.14;1.36;0;0.00;0.62
UNO;2015/01/06 18:31:02;174;174;0.12;19.40;39.90;0.14;1.30;0;0.00;0.62
UNO;2015/01/06 18:31:34;175;175;0.11;19.40;39.90;0.14;1.23;0;0.00;0.62
UNO;2015/01/06 18:32:05;176;176;0.11;19.40;40.00;0.14;1.32;0;0.00;0.62
UNO;2015/01/06 18:32:37;177;177;0.11;19.40;39.90;0.14;1.46;0;0.00;0.62
UNO;2015/01/06 18:33:09;178;178;0.11;19.30;39.90;0.14;1.21;0;0.00;0.62
UNO;2015/01/06 18:33:40;179;179;0.12;19.30;40.00;0.14;1.41;0;0.00;0.62
UNO;2015/01/06 18:34:12;180;180;0.11;19.40;40.00;0.14;1.19;0;0.00;0.62
UNO;2015/01/06 18:34:43;181;181;0.11;19.30;40.00;0.14;1.20;0;0.00;0.62
UNO;2015/01/06 18:35:15;182;182;0.11;19.30;40.00;0.13;1.18;0;0.00;0.62
UNO;2015/01/06 18:35:47;183;183;0.12;19.30;40.00;0.14;1.37;0;0.00;0.62
UNO;2015/01/06 18:36:18;184;184;0.11;19.30;40.00;0.14;1.43;0;0.00;0.62
UNO;2015/01/06 18:36:50;185;185;0.11;19.30;40.00;0.14;1.28;0;0.00;0.62
UNO;2015/01/06 18:37:21;186;186;0.12;19.30;40.00;0.14;1.30;0;0.00;0.62
UNO;2015/01/06 18:37:53;187;187;0.11;19.30;40.00;0.14;1.44;0;0.00;0.62
UNO;2015/01/06 18:38:25;188;188;0.11;19.30;40.10;0.14;1.24;0;0.00;0.62
UNO;2015/01/06 18:38:56;189;189;0.11;19.30;40.10;0.14;1.22;0;0.00;0.62
UNO;2015/01/06 18:39:28;190;190;0.11;19.30;40.10;0.15;1.34;0;0.00;0.62
UNO;2015/01/06 18:39:59;191;191;0.11;19.30;40.10;0.14;1.19;0;0.00;0.62
UNO;2015/01/06 18:40:31;192;192;0.11;19.30;40.10;0.14;1.18;33405;0.11;56.80
UNO;2015/01/06 18:41:02;193;193;0.12;19.30;40.10;0.14;1.38;0;0.00;0.62
UNO;2015/01/06 18:41:34;194;194;0.11;19.20;40.00;0.14;1.20;0;0.00;0.62
UNO;2015/01/06 18:42:06;195;195;0.11;19.30;40.20;0.14;1.36;0;0.00;0.62
UNO;2015/01/06 18:42:37;196;196;0.11;19.20;40.10;0.14;1.45;0;0.00;0.62
UNO;2015/01/06 18:43:09;197;197;0.12;19.20;40.10;0.14;1.34;0;0.00;0.62
UNO;2015/01/06 18:43:40;198;198;0.11;19.20;40.10;0.14;1.22;0;0.00;0.62
UNO;2015/01/06 18:44:12;199;199;0.11;19.20;40.10;0.14;1.29;0;0.00;0.62
UNO;2015/01/06 18:44:44;200;200;0.11;19.20;40.10;0.14;1.42;0;0.00;0.62
UNO;2015/01/06 18:45:15;201;201;0.11;19.20;40.10;0.14;1.21;0;0.00;0.62
UNO;2015/01/06 18:45:47;202;202;0.11;19.20;40.10;0.14;1.24;0;0.00;0.62
UNO;2015/01/06 18:46:18;203;203;0.12;19.20;40.20;0.14;1.22;0;0.00;0.62
UNO;2015/01/06 18:46:50;204;204;0.11;19.20;40.10;0.14;1.35;0;0.00;0.62
UNO;2015/01/06 18:47:22;205;205;0.11;19.20;40.20;0.14;1.31;0;0.00;0.62
UNO;2015/01/06 18:47:53;206;206;0.12;19.20;40.20;0.14;1.35;0;0.00;0.62
UNO;2015/01/06 18:48:25;207;207;0.12;19.20;40.20;0.14;1.30;0;0.00;0.62
UNO;2015/01/06 18:48:56;208;208;0.11;19.20;40.20;0.14;1.42;0;0.00;0.62
UNO;2015/01/06 18:49:28;209;209;0.11;19.20;40.20;0.14;1.46;0;0.00;0.62
UNO;2015/01/06 18:50:00;210;210;0.12;19.20;40.20;0.14;1.39;0;0.00;0.62
UNO;2015/01/06 18:50:31;211;211;0.11;19.20;40.20;0.13;1.33;0;0.00;0.62
UNO;2015/01/06 18:51:03;212;212;0.11;19.20;40.20;0.14;1.35;0;0.00;0.62
UNO;2015/01/06 18:51:34;213;213;0.11;19.20;40.20;0.14;1.24;0;0.00;0.62
UNO;2015/01/06 18:52:06;214;214;0.11;19.10;40.20;0.14;1.35;0;0.00;0.62
UNO;2015/01/06 18:52:38;215;215;0.11;19.20;40.20;0.14;1.20;0;0.00;0.62
UNO;2015/01/06 18:53:09;216;216;0.12;19.20;40.20;0.14;1.31;0;0.00;0.62
UNO;2015/01/06 18:53:41;217;217;0.11;19.20;40.20;0.14;1.39;0;0.00;0.62
UNO;2015/01/06 18:54:12;218;218;0.11;19.20;40.20;0.14;1.22;0;0.00;0.62
UNO;2015/01/06 18:54:44;219;219;0.11;19.20;40.20;0.14;1.23;0;0.00;0.62
UNO;2015/01/06 18:55:16;220;220;0.12;19.20;40.20;0.14;1.27;0;0.00;0.62
UNO;2015/01/06 18:55:47;221;221;0.11;19.20;40.20;0.14;1.27;0;0.00;0.62
UNO;2015/01/06 18:56:19;222;222;0.11;19.20;40.20;0.14;1.46;0;0.00;0.62
UNO;2015/01/06 18:56:50;223;223;0.11;19.20;40.20;0.14;1.21;0;0.00;0.62
UNO;2015/01/06 18:57:22;224;224;0.11;19.10;40.20;0.14;1.31;0;0.00;0.62
UNO;2015/01/06 18:57:53;225;225;0.11;19.10;40.20;0.14;1.26;0;0.00;0.62
UNO;2015/01/06 18:58:25;226;226;0.11;19.20;40.20;0.14;1.41;0;0.00;0.62
UNO;2015/01/06 18:58:57;227;227;0.12;19.20;40.20;0.14;1.27;0;0.00;0.62
UNO;2015/01/06 18:59:28;228;228;0.12;19.20;40.20;0.14;1.21;0;0.00;0.62
UNO;2015/01/06 19:00:00;229;229;0.12;19.20;40.20;0.14;1.29;0;0.00;0.62
UNO;2015/01/06 19:00:31;230;230;0.11;19.20;40.20;0.14;1.41;0;0.00;0.62
UNO;2015/01/06 19:01:03;231;231;0.11;19.10;40.20;0.14;1.30;0;0.00;0.62
UNO;2015/01/06 19:01:35;232;232;0.11;19.20;40.20;0.14;1.41;0;0.00;0.62
UNO;2015/01/06 19:02:06;233;233;0.11;19.10;40.20;0.14;1.45;0;0.00;0.62
UNO;2015/01/06 19:02:38;234;234;0.11;19.20;40.20;0.14;1.46;0;0.00;0.62
UNO;2015/01/06 19:03:09;235;235;0.11;19.10;40.20;0.14;1.46;0;0.00;0.62
UNO;2015/01/06 19:03:41;236;236;0.11;19.10;40.20;0.14;1.44;0;0.00;0.62
UNO;2015/01/06 19:04:13;237;237;0.12;19.10;40.20;0.14;1.24;0;0.00;0.62
UNO;2015/01/06 19:04:44;238;238;0.11;19.10;40.20;0.14;1.24;0;0.00;0.62
UNO;2015/01/06 19:05:16;239;239;0.11;19.20;40.20;0.14;1.30;0;0.00;0.62
UNO;2015/01/06 19:05:47;240;240;0.11;19.10;40.20;0.14;1.45;0;0.00;0.62
UNO;2015/01/06 19:06:19;241;241;0.12;19.10;40.20;0.14;1.18;0;0.00;0.62
UNO;2015/01/06 19:06:51;242;242;0.11;19.10;40.20;0.14;1.18;0;0.00;0.62
UNO;2015/01/06 19:07:22;243;243;0.11;19.10;40.20;0.14;1.18;0;0.00;0.62
UNO;2015/01/06 19:07:54;244;244;0.11;19.10;40.20;0.14;1.27;0;0.00;0.62
UNO;2015/01/06 19:08:25;245;245;0.11;19.20;40.20;0.14;1.27;0;0.00;0.62
UNO;2015/01/06 19:08:57;246;246;0.11;19.10;40.20;0.14;1.44;0;0.00;0.62
UNO;2015/01/06 19:09:29;247;247;0.11;19.10;40.20;0.14;1.33;0;0.00;0.62
UNO;2015/01/06 19:10:00;248;248;0.11;19.10;40.20;0.14;1.42;0;0.00;0.62
UNO;2015/01/06 19:10:32;249;249;0.11;19.10;40.20;0.14;1.44;0;0.00;0.62
UNO;2015/01/06 19:11:03;250;250;0.11;19.10;40.20;0.14;1.39;0;0.00;0.62
UNO;2015/01/06 19:11:35;251;251;0.11;19.10;40.20;0.15;1.34;0;0.00;0.62
UNO;2015/01/06 19:12:07;252;252;0.11;19.10;40.20;0.14;1.21;0;0.00;0.62
UNO;2015/01/06 19:12:38;253;253;0.12;19.10;40.30;0.14;1.18;0;0.00;0.62
UNO;2015/01/06 19:13:10;254;254;0.12;19.10;40.30;0.14;1.35;0;0.00;0.62
UNO;2015/01/06 19:13:41;255;255;0.11;19.00;40.20;0.14;1.43;0;0.00;0.62
UNO;2015/01/06 19:14:13;256;256;0.11;19.10;40.30;0.14;1.45;0;0.00;0.62
UNO;2015/01/06 19:14:45;257;257;0.11;19.00;40.20;0.14;1.18;0;0.00;0.62
UNO;2015/01/06 19:15:16;258;258;0.11;19.00;40.20;0.14;1.40;0;0.00;0.62
UNO;2015/01/06 19:15:48;259;259;0.11;19.00;40.30;0.14;1.37;0;0.00;0.62
UNO;2015/01/06 19:16:19;260;260;0.11;19.00;40.30;0.14;1.45;0;0.00;0.62
UNO;2015/01/06 19:16:51;261;261;0.11;19.00;40.30;0.14;1.34;0;0.00;0.62
UNO;2015/01/06 19:17:23;262;262;0.11;19.00;40.30;0.14;1.25;0;0.00;0.62
UNO;2015/01/06 19:17:54;263;263;0.11;19.00;40.40;0.14;1.41;0;0.00;0.62
UNO;2015/01/06 19:18:26;264;264;0.11;19.00;40.40;0.14;1.20;0;0.00;0.62
UNO;2015/01/06 19:18:57;265;265;0.11;18.90;40.40;0.14;1.21;0;0.00;0.62
UNO;2015/01/06 19:19:29;266;266;0.11;18.90;40.40;0.14;1.17;123190;0.40;207.47
UNO;2015/01/06 19:20:00;267;267;0.12;18.90;40.40;0.14;1.40;0;0.00;0.62
UNO;2015/01/06 19:20:32;268;268;0.11;18.90;40.50;0.14;1.42;0;0.00;0.62
UNO;2015/01/06 19:21:04;269;269;0.11;18.90;40.50;0.14;1.31;0;0.00;0.62
UNO;2015/01/06 19:21:35;270;270;0.11;18.90;40.50;0.14;1.21;0;0.00;0.62
UNO;2015/01/06 19:22:07;271;271;0.12;18.90;40.50;0.14;1.39;0;0.00;0.62
UNO;2015/01/06 19:22:38;272;272;0.11;18.90;40.50;0.15;1.32;0;0.00;0.62
UNO;2015/01/06 19:23:10;273;273;0.11;18.90;40.50;0.14;1.44;0;0.00;0.62
UNO;2015/01/06 19:23:42;274;274;0.11;18.90;40.50;0.14;1.26;0;0.00;0.62
UNO;2015/01/06 19:24:13;275;275;0.11;18.90;40.50;0.14;1.17;0;0.00;0.62
UNO;2015/01/06 19:24:45;276;276;0.11;18.90;40.50;0.14;1.37;0;0.00;0.62
UNO;2015/01/06 19:25:16;277;277;0.11;18.90;40.60;0.14;1.38;0;0.00;0.62
UNO;2015/01/06 19:25:48;278;278;0.11;18.90;40.60;0.14;1.40;0;0.00;0.62
UNO;2015/01/06 19:26:20;279;279;0.11;18.90;40.60;0.14;1.39;0;0.00;0.62
UNO;2015/01/06 19:26:51;280;280;0.11;18.90;40.60;0.14;1.35;0;0.00;0.62
UNO;2015/01/06 19:27:23;281;281;0.11;18.80;40.50;0.14;1.16;0;0.00;0.62
UNO;2015/01/06 19:27:54;282;282;0.12;18.90;40.60;0.14;1.38;0;0.00;0.62
UNO;2015/01/06 19:28:26;283;283;0.11;18.80;40.50;0.14;1.22;0;0.00;0.62
UNO;2015/01/06 19:28:58;284;284;0.11;18.90;40.60;0.14;1.44;0;0.00;0.62
UNO;2015/01/06 19:29:29;285;285;0.12;18.80;40.50;0.14;1.18;0;0.00;0.62
UNO;2015/01/06 19:30:01;286;286;0.12;18.80;40.60;0.14;1.43;0;0.00;0.62
UNO;2015/01/06 19:30:32;287;287;0.11;18.80;40.60;0.14;1.22;0;0.00;0.62
UNO;2015/01/06 19:31:04;288;288;0.12;18.80;40.60;0.14;1.27;0;0.00;0.62
UNO;2015/01/06 19:31:36;289;289;0.11;18.80;40.60;0.14;1.28;0;0.00;0.62
UNO;2015/01/06 19:32:07;290;290;0.11;18.80;40.60;0.14;1.25;0;0.00;0.62
UNO;2015/01/06 19:32:39;291;291;0.11;18.80;40.60;0.14;1.39;0;0.00;0.62
UNO;2015/01/06 19:33:10;292;292;0.11;18.80;40.60;0.14;1.39;0;0.00;0.62
UNO;2015/01/06 19:33:42;293;293;0.12;18.80;40.60;0.14;1.16;0;0.00;0.62
UNO;2015/01/06 19:34:13;294;294;0.11;18.80;40.60;0.14;1.42;0;0.00;0.62
UNO;2015/01/06 19:34:45;295;295;0.11;18.80;40.60;0.14;1.36;0;0.00;0.62
UNO;2015/01/06 19:35:17;296;296;0.11;18.80;40.60;0.14;1.16;0;0.00;0.62
UNO;2015/01/06 19:35:48;297;297;0.11;18.80;40.60;0.14;1.42;0;0.00;0.62
UNO;2015/01/06 19:36:20;298;298;0.11;18.80;40.60;0.14;1.15;0;0.00;0.62
UNO;2015/01/06 19:36:51;299;299;0.12;18.80;40.60;0.14;1.38;0;0.00;0.62
UNO;2015/01/06 19:37:23;300;300;0.11;18.80;40.60;0.14;1.37;0;0.00;0.62
UNO;2015/01/06 19:37:55;301;301;0.11;18.80;40.60;0.14;1.16;0;0.00;0.62
UNO;2015/01/06 19:38:26;302;302;0.11;18.80;40.60;0.14;1.42;0;0.00;0.62
UNO;2015/01/06 19:38:58;303;303;0.11;18.80;40.70;0.14;1.34;0;0.00;0.62
UNO;2015/01/06 19:39:29;304;304;0.11;18.80;40.70;0.14;1.16;0;0.00;0.62
UNO;2015/01/06 19:40:01;305;305;0.12;18.80;40.70;0.14;1.31;0;0.00;0.62
UNO;2015/01/06 19:40:33;306;306;0.11;18.80;40.60;0.14;1.28;0;0.00;0.62
UNO;2015/01/06 19:41:04;307;307;0.11;18.80;40.60;0.14;1.17;0;0.00;0.62
UNO;2015/01/06 19:41:36;308;308;0.11;18.80;40.60;0.14;1.18;0;0.00;0.62
UNO;2015/01/06 19:42:07;309;309;0.11;18.80;40.60;0.14;1.40;0;0.00;0.62
UNO;2015/01/06 19:42:39;310;310;0.11;18.80;40.60;0.14;1.44;0;0.00;0.62
UNO;2015/01/06 19:43:11;311;311;0.11;18.90;40.70;0.14;1.44;0;0.00;0.62
UNO;2015/01/06 19:43:42;312;312;0.11;18.80;40.50;0.14;1.37;0;0.00;0.62
UNO;2015/01/06 19:44:14;313;313;0.12;18.90;40.60;0.14;1.30;0;0.00;0.62
UNO;2015/01/06 19:44:45;314;314;0.12;18.90;40.60;0.14;1.24;0;0.00;0.62
UNO;2015/01/06 19:45:17;315;315;0.11;18.90;40.60;0.14;1.35;0;0.00;0.62
UNO;2015/01/06 19:45:49;316;316;0.11;18.90;40.50;0.14;1.18;0;0.00;0.62
UNO;2015/01/06 19:46:20;317;317;0.11;18.90;40.50;0.14;1.16;0;0.00;0.62
UNO;2015/01/06 19:46:52;318;318;0.11;18.80;40.40;0.14;1.43;0;0.00;0.62
UNO;2015/01/06 19:47:23;319;319;0.12;18.80;40.50;0.14;1.36;0;0.00;0.62
UNO;2015/01/06 19:47:55;320;320;0.12;18.80;40.50;0.14;1.42;0;0.00;0.62
UNO;2015/01/06 19:48:27;321;321;0.11;18.80;40.50;0.14;1.21;0;0.00;0.62
UNO;2015/01/06 19:48:58;322;322;0.11;18.80;40.50;0.14;1.20;0;0.00;0.62
UNO;2015/01/06 19:49:30;323;323;0.11;18.80;40.50;0.14;1.42;0;0.00;0.62
UNO;2015/01/06 19:50:01;324;324;0.12;18.80;40.60;0.14;1.31;0;0.00;0.62
UNO;2015/01/06 19:50:33;325;325;0.11;18.80;40.60;0.14;1.37;0;0.00;0.62
UNO;2015/01/06 19:51:05;326;326;0.11;18.70;40.60;0.14;1.28;0;0.00;0.62
UNO;2015/01/06 19:51:36;327;327;0.11;18.70;40.60;0.14;1.29;0;0.00;0.62
UNO;2015/01/06 19:52:08;328;328;0.11;18.80;40.70;0.14;1.44;0;0.00;0.62
UNO;2015/01/06 19:52:39;329;329;0.11;18.70;40.70;0.14;1.17;0;0.00;0.62
UNO;2015/01/06 19:53:11;330;330;0.11;18.70;40.70;0.14;1.42;0;0.00;0.62
UNO;2015/01/06 19:53:43;331;331;0.11;18.70;40.70;0.14;1.24;0;0.00;0.62
UNO;2015/01/06 19:54:14;332;332;0.11;18.70;40.70;0.14;1.18;0;0.00;0.62
UNO;2015/01/06 19:54:46;333;333;0.11;18.70;40.70;0.14;1.38;0;0.00;0.62
UNO;2015/01/06 19:55:17;334;334;0.11;18.70;40.70;0.14;1.35;0;0.00;0.62
UNO;2015/01/06 19:55:48;335;335;0.11;18.70;40.70;0.14;1.18;63595;0.21;108.80
UNO;2015/01/06 19:56:20;336;336;0.11;18.70;40.70;0.13;1.16;0;0.00;0.62
UNO;2015/01/06 19:56:52;337;337;0.12;18.70;40.70;0.14;1.43;0;0.00;0.62
UNO;2015/01/06 19:57:23;338;338;0.12;18.70;40.70;0.14;1.29;0;0.00;0.62
UNO;2015/01/06 19:57:55;339;339;0.11;18.70;40.70;0.14;1.16;0;0.00;0.62
UNO;2015/01/06 19:58:26;340;340;0.11;18.70;40.80;0.14;1.44;0;0.00;0.62
UNO;2015/01/06 19:58:58;341;341;0.12;18.70;40.80;0.14;1.30;0;0.00;0.62
UNO;2015/01/06 19:59:30;342;342;0.11;18.70;40.80;0.14;1.20;0;0.00;0.62
UNO;2015/01/06 20:00:01;343;343;0.11;18.70;40.80;0.14;1.19;0;0.00;0.62
UNO;2015/01/06 20:00:33;344;344;0.11;18.60;40.70;0.14;1.36;0;0.00;0.62
UNO;2015/01/06 20:01:04;345;345;0.11;18.60;40.70;0.14;1.15;0;0.00;0.62
UNO;2015/01/06 20:01:36;346;346;0.11;18.60;40.70;0.14;1.42;0;0.00;0.62
UNO;2015/01/06 20:02:08;347;347;0.11;18.60;40.70;0.14;1.41;0;0.00;0.62
UNO;2015/01/06 20:02:39;348;348;0.11;18.60;40.80;0.14;1.29;0;0.00;0.62
UNO;2015/01/06 20:03:11;349;349;0.12;18.60;40.80;0.14;1.16;0;0.00;0.62
UNO;2015/01/06 20:03:42;350;350;0.11;18.60;40.80;0.14;1.28;0;0.00;0.62
UNO;2015/01/06 20:04:14;351;351;0.11;18.60;40.80;0.14;1.17;42859;0.14;72.10
UNO;2015/01/06 20:04:45;352;352;0.11;18.60;40.80;0.14;1.33;38274;0.12;65.55
UNO;2015/01/06 20:05:17;353;353;0.12;18.60;40.80;0.14;1.41;0;0.00;0.62
UNO;2015/01/06 20:05:48;354;354;0.11;18.60;40.80;0.14;1.42;0;0.00;0.62
UNO;2015/01/06 20:06:20;355;355;0.11;18.60;40.80;0.14;1.22;0;0.00;0.62
UNO;2015/01/06 20:06:52;356;356;0.11;18.60;40.90;0.14;1.37;0;0.00;0.62
UNO;2015/01/06 20:07:23;357;357;0.11;18.60;40.80;0.14;1.20;0;0.00;0.62
UNO;2015/01/06 20:07:55;358;358;0.11;18.60;40.80;0.14;1.17;0;0.00;0.62
UNO;2015/01/06 20:08:26;359;359;0.12;18.60;40.90;0.14;1.33;0;0.00;0.62
UNO;2015/01/06 20:08:58;360;360;0.11;18.60;40.90;0.14;1.42;0;0.00;0.62
UNO;2015/01/06 20:09:30;361;361;0.11;18.60;40.90;0.14;1.31;0;0.00;0.62
UNO;2015/01/06 20:10:01;362;362;0.11;18.60;40.80;0.14;1.37;0;0.00;0.62
UNO;2015/01/06 20:10:33;363;363;0.11;18.60;40.80;0.14;1.40;0;0.00;0.62
UNO;2015/01/06 20:11:04;364;364;0.11;18.60;40.80;0.14;1.42;0;0.00;0.62
UNO;2015/01/06 20:11:36;365;365;0.11;18.60;40.90;0.14;1.30;0;0.00;0.62
UNO;2015/01/06 20:12:08;366;366;0.11;18.60;40.90;0.13;1.16;0;0.00;0.62
UNO;2015/01/06 20:12:39;367;367;0.12;18.60;40.80;0.14;1.16;0;0.00;0.62
UNO;2015/01/06 20:13:11;368;368;0.11;18.60;40.80;0.14;1.16;0;0.00;0.62
UNO;2015/01/06 20:13:42;369;369;0.11;18.60;40.90;0.14;1.20;0;0.00;0.62
UNO;2015/01/06 20:14:14;370;370;0.11;18.60;40.80;0.14;1.44;0;0.00;0.62
UNO;2015/01/06 20:14:46;371;371;0.11;18.60;40.90;0.14;1.17;0;0.00;0.62
UNO;2015/01/06 20:15:17;372;372;0.11;18.60;40.90;0.14;1.17;0;0.00;0.62
UNO;2015/01/06 20:15:49;373;373;0.11;18.60;40.90;0.14;1.39;0;0.00;0.62
UNO;2015/01/06 20:16:20;374;374;0.11;18.60;40.90;0.14;1.31;0;0.00;0.62
UNO;2015/01/06 20:16:52;375;375;0.11;18.50;40.90;0.14;1.32;0;0.00;0.62
UNO;2015/01/06 20:17:24;376;376;0.11;18.50;40.90;0.14;1.45;0;0.00;0.62
UNO;2015/01/06 20:17:55;377;377;0.11;18.60;40.90;0.14;1.36;0;0.00;0.62
UNO;2015/01/06 20:18:27;378;378;0.11;18.60;40.90;0.14;1.27;0;0.00;0.62
UNO;2015/01/06 20:18:58;379;379;0.11;18.60;40.90;0.14;1.40;0;0.00;0.62
UNO;2015/01/06 20:19:30;380;380;0.12;18.60;40.90;0.14;1.34;0;0.00;0.62
UNO;2015/01/06 20:20:01;381;381;0.11;18.60;40.90;0.14;1.22;0;0.00;0.62
UNO;2015/01/06 20:20:33;382;382;0.11;18.60;40.90;0.14;1.16;0;0.00;0.62
UNO;2015/01/06 20:21:05;383;383;0.11;18.60;40.90;0.14;1.16;0;0.00;0.62
UNO;2015/01/06 20:21:36;384;384;0.11;18.60;40.90;0.14;1.26;0;0.00;0.62
UNO;2015/01/06 20:22:08;385;385;0.11;18.60;40.90;0.14;1.20;0;0.00;0.62
UNO;2015/01/06 20:22:39;386;386;0.12;18.60;40.90;0.14;1.17;0;0.00;0.62
UNO;2015/01/06 20:23:11;387;387;0.11;18.60;40.90;0.14;1.16;0;0.00;0.62
UNO;2015/01/06 20:23:43;388;388;0.12;18.60;40.90;0.14;1.37;0;0.00;0.62
UNO;2015/01/06 20:24:14;389;389;0.11;18.50;40.90;0.14;1.42;0;0.00;0.62
UNO;2015/01/06 20:24:46;390;390;0.12;18.60;40.90;0.14;1.39;0;0.00;0.62
UNO;2015/01/06 20:25:17;391;391;0.11;18.60;40.90;0.14;1.41;0;0.00;0.62
UNO;2015/01/06 20:25:49;392;392;0.11;18.60;40.90;0.14;1.39;0;0.00;0.62
UNO;2015/01/06 20:26:21;393;393;0.11;18.60;40.90;0.14;1.34;0;0.00;0.62
UNO;2015/01/06 20:26:52;394;394;0.11;18.50;40.90;0.14;1.43;0;0.00;0.62
UNO;2015/01/06 20:27:24;395;395;0.11;18.50;40.90;0.14;1.19;0;0.00;0.62
UNO;2015/01/06 20:27:55;396;396;0.12;18.50;40.90;0.13;1.25;0;0.00;0.62
UNO;2015/01/06 20:28:27;397;397;0.11;18.50;40.90;0.14;1.36;0;0.00;0.62
UNO;2015/01/06 20:28:59;398;398;0.11;18.60;40.90;0.14;1.36;0;0.00;0.62
UNO;2015/01/06 20:29:30;399;399;0.11;18.50;40.90;0.14;1.19;0;0.00;0.62
UNO;2015/01/06 20:30:02;400;400;0.11;18.50;40.90;0.14;1.27;0;0.00;0.62
UNO;2015/01/06 20:30:33;401;401;0.12;18.50;40.90;0.14;1.42;0;0.00;0.62
UNO;2015/01/06 20:31:05;402;402;0.12;18.50;40.90;0.14;1.40;0;0.00;0.62
UNO;2015/01/06 20:31:37;403;403;0.12;18.50;40.90;0.14;1.26;0;0.00;0.62
UNO;2015/01/06 20:32:08;404;404;0.11;18.50;41.00;0.14;1.15;0;0.00;0.62
UNO;2015/01/06 20:32:40;405;405;0.11;18.50;41.00;0.13;1.38;0;0.00;0.62
UNO;2015/01/06 20:33:11;406;406;0.11;18.40;40.90;0.14;1.38;0;0.00;0.62
UNO;2015/01/06 20:33:43;407;407;0.11;18.50;41.00;0.14;1.35;0;0.00;0.62
UNO;2015/01/06 20:34:15;408;408;0.11;18.40;41.00;0.13;1.41;0;0.00;0.62
UNO;2015/01/06 20:34:46;409;409;0.11;18.40;41.00;0.14;1.39;0;0.00;0.62
UNO;2015/01/06 20:35:18;410;410;0.11;18.40;41.00;0.14;1.16;0;0.00;0.62
UNO;2015/01/06 20:35:49;411;411;0.11;18.40;41.00;0.14;1.16;0;0.00;0.62
UNO;2015/01/06 20:36:21;412;412;0.12;18.40;41.10;0.14;1.23;0;0.00;0.62
UNO;2015/01/06 20:36:53;413;413;0.12;18.40;41.10;0.14;1.42;0;0.00;0.62
UNO;2015/01/06 20:37:24;414;414;0.11;18.40;41.10;0.14;1.40;0;0.00;0.62
UNO;2015/01/06 20:37:56;415;415;0.11;18.40;41.10;0.14;1.18;0;0.00;0.62
UNO;2015/01/06 20:38:27;416;416;0.11;18.40;41.10;0.14;1.28;0;0.00;0.62
UNO;2015/01/06 20:38:59;417;417;0.12;18.40;41.00;0.14;1.23;0;0.00;0.62
UNO;2015/01/06 20:39:31;418;418;0.11;18.40;41.10;0.14;1.20;0;0.00;0.62
UNO;2015/01/06 20:40:02;419;419;0.11;18.40;41.10;0.14;1.39;0;0.00;0.62
UNO;2015/01/06 20:40:34;420;420;0.11;18.40;41.10;0.14;1.35;0;0.00;0.62
UNO;2015/01/06 20:41:05;421;421;0.11;18.40;41.10;0.14;1.39;0;0.00;0.62
UNO;2015/01/06 20:41:37;422;422;0.11;18.40;41.10;0.14;1.32;0;0.00;0.62
UNO;2015/01/06 20:42:09;423;423;0.11;18.40;41.10;0.14;1.25;0;0.00;0.62
UNO;2015/01/06 20:42:40;424;424;0.11;18.40;41.10;0.13;1.34;0;0.00;0.62
UNO;2015/01/06 20:43:12;425;425;0.11;18.40;41.10;0.14;1.42;0;0.00;0.62
UNO;2015/01/06 20:43:43;426;426;0.11;18.40;41.10;0.14;1.17;0;0.00;0.62
UNO;2015/01/06 20:44:15;427;427;0.11;18.40;41.10;0.14;1.17;0;0.00;0.62
UNO;2015/01/06 20:44:47;428;428;0.11;18.40;41.00;0.14;1.27;0;0.00;0.62
UNO;2015/01/06 20:45:18;429;429;0.11;18.40;41.10;0.14;1.33;0;0.00;0.62
UNO;2015/01/06 20:45:50;430;430;0.11;18.40;41.10;0.14;1.24;0;0.00;0.62
UNO;2015/01/06 20:46:21;431;431;0.11;18.40;41.00;0.14;1.24;0;0.00;0.62
UNO;2015/01/06 20:46:53;432;432;0.12;18.40;41.00;0.14;1.23;0;0.00;0.62
UNO;2015/01/06 20:47:25;433;433;0.11;18.40;41.00;0.14;1.43;0;0.00;0.62
UNO;2015/01/06 20:47:56;434;434;0.11;18.40;41.10;0.14;1.42;0;0.00;0.62
UNO;2015/01/06 20:48:28;435;435;0.11;18.40;41.00;0.14;1.29;0;0.00;0.62
UNO;2015/01/06 20:48:59;436;436;0.11;18.40;41.10;0.14;1.20;0;0.00;0.62
UNO;2015/01/06 20:49:31;437;437;0.11;18.40;41.10;0.14;1.43;0;0.00;0.62
UNO;2015/01/06 20:50:02;438;438;0.11;18.40;41.10;0.14;1.41;0;0.00;0.62
UNO;2015/01/06 20:50:34;439;439;0.11;18.40;41.10;0.14;1.38;0;0.00;0.62
UNO;2015/01/06 20:51:06;440;440;0.11;18.30;41.10;0.14;1.21;0;0.00;0.62
UNO;2015/01/06 20:51:37;441;441;0.11;18.40;41.10;0.14;1.38;0;0.00;0.62
UNO;2015/01/06 20:52:09;442;442;0.11;18.40;41.10;0.14;1.23;0;0.00;0.62
UNO;2015/01/06 20:52:40;443;443;0.11;18.30;41.10;0.13;1.32;0;0.00;0.62
UNO;2015/01/06 20:53:12;444;444;0.11;18.30;41.20;0.14;1.44;0;0.00;0.62
UNO;2015/01/06 20:53:44;445;445;0.11;18.40;41.10;0.14;1.17;0;0.00;0.62
UNO;2015/01/06 20:54:15;446;446;0.11;18.40;41.20;0.13;1.36;0;0.00;0.62
UNO;2015/01/06 20:54:47;447;447;0.11;18.30;41.20;0.14;1.34;0;0.00;0.62
UNO;2015/01/06 20:55:18;448;448;0.12;18.40;41.20;0.14;1.19;0;0.00;0.62
UNO;2015/01/06 20:55:50;449;449;0.11;18.40;41.10;0.14;1.41;0;0.00;0.62
UNO;2015/01/06 20:56:22;450;450;0.11;18.40;41.20;0.14;1.23;0;0.00;0.62
UNO;2015/01/06 20:56:53;451;451;0.11;18.40;41.10;0.14;1.44;0;0.00;0.62
UNO;2015/01/06 20:57:25;452;452;0.11;18.40;41.10;0.14;1.40;0;0.00;0.62
UNO;2015/01/06 20:57:56;453;453;0.11;18.40;41.10;0.14;1.42;0;0.00;0.62
UNO;2015/01/06 20:58:28;454;454;0.11;18.40;41.20;0.14;1.17;0;0.00;0.62
UNO;2015/01/06 20:59:00;455;455;0.11;18.40;41.10;0.14;1.15;0;0.00;0.62
UNO;2015/01/06 20:59:31;456;456;0.11;18.40;41.10;0.14;1.25;0;0.00;0.62
UNO;2015/01/06 21:00:03;457;457;0.11;18.40;41.10;0.14;1.43;0;0.00;0.62
UNO;2015/01/06 21:00:34;458;458;0.11;18.40;41.10;0.14;1.28;0;0.00;0.62
UNO;2015/01/06 21:01:06;459;459;0.11;18.40;41.10;0.14;1.18;0;0.00;0.62
UNO;2015/01/06 21:01:38;460;460;0.11;18.40;41.10;0.14;1.34;0;0.00;0.62
UNO;2015/01/06 21:02:09;461;461;0.11;18.40;41.10;0.14;1.43;0;0.00;0.62
UNO;2015/01/06 21:02:41;462;462;0.11;18.30;41.00;0.14;1.23;0;0.00;0.62
UNO;2015/01/06 21:03:12;463;463;0.11;18.40;41.10;0.14;1.33;0;0.00;0.62
UNO;2015/01/06 21:03:44;464;464;0.11;18.30;41.10;0.13;1.33;0;0.00;0.62
UNO;2015/01/06 21:04:16;465;465;0.11;18.30;41.10;0.14;1.28;0;0.00;0.62
UNO;2015/01/06 21:04:47;466;466;0.11;18.30;41.10;0.14;1.31;0;0.00;0.62
UNO;2015/01/06 21:05:19;467;467;0.12;18.40;41.10;0.13;1.43;0;0.00;0.62
UNO;2015/01/06 21:05:50;468;468;0.11;18.30;41.20;0.14;1.40;0;0.00;0.62
UNO;2015/01/06 21:06:22;469;469;0.11;18.30;41.20;0.13;1.41;0;0.00;0.62
UNO;2015/01/06 21:06:54;470;470;0.11;18.30;41.20;0.13;1.20;0;0.00;0.62
UNO;2015/01/06 21:07:25;471;471;0.11;18.30;41.20;0.14;1.20;0;0.00;0.62
UNO;2015/01/06 21:07:57;472;472;0.11;18.30;41.20;0.14;1.22;0;0.00;0.62
UNO;2015/01/06 21:08:28;473;473;0.12;18.30;41.30;0.14;1.16;0;0.00;0.62
UNO;2015/01/06 21:09:00;474;474;0.11;18.30;41.30;0.14;1.17;0;0.00;0.62
UNO;2015/01/06 21:09:32;475;475;0.11;18.30;41.30;0.14;1.15;0;0.00;0.62
UNO;2015/01/06 21:10:03;476;476;0.11;18.30;41.30;0.14;1.40;49730;0.16;85.50
UNO;2015/01/06 21:10:33;477;477;0.11;18.30;41.30;0.14;1.44;27282;0.09;47.50
UNO;2015/01/06 21:11:05;478;478;0.11;18.30;41.30;0.14;1.24;0;0.00;0.62
UNO;2015/01/06 21:11:36;479;479;0.11;18.30;41.30;0.14;1.17;0;0.00;0.62
UNO;2015/01/06 21:12:08;480;480;0.12;18.30;41.30;0.13;1.30;0;0.00;0.62
UNO;2015/01/06 21:12:40;481;481;0.11;18.30;41.20;0.14;1.36;0;0.00;0.62
UNO;2015/01/06 21:13:11;482;482;0.11;18.30;41.20;0.14;1.20;0;0.00;0.62
UNO;2015/01/06 21:13:43;483;483;0.11;18.30;41.20;0.14;1.21;0;0.00;0.62
UNO;2015/01/06 21:14:14;484;484;0.11;18.30;41.20;0.14;1.35;0;0.00;0.62
UNO;2015/01/06 21:14:46;485;485;0.12;18.30;41.20;0.13;1.28;0;0.00;0.62
UNO;2015/01/06 21:15:18;486;486;0.11;18.30;41.20;0.13;1.16;0;0.00;0.62
UNO;2015/01/06 21:15:49;487;487;0.11;18.30;41.20;0.14;1.18;0;0.00;0.62
UNO;2015/01/06 21:16:21;488;488;0.12;18.30;41.30;0.13;1.38;0;0.00;0.62
UNO;2015/01/06 21:16:52;489;489;0.11;18.30;41.20;0.14;1.20;0;0.00;0.62
UNO;2015/01/06 21:17:24;490;490;0.11;18.30;41.20;0.13;1.44;0;0.00;0.62
UNO;2015/01/06 21:17:56;491;491;0.11;18.30;41.20;0.14;1.44;0;0.00;0.62
UNO;2015/01/06 21:18:27;492;492;0.11;18.30;41.20;0.14;1.17;0;0.00;0.62
UNO;2015/01/06 21:18:59;493;493;0.11;18.30;41.20;0.13;1.42;0;0.00;0.62
UNO;2015/01/06 21:19:30;494;494;0.11;18.30;41.20;0.14;1.17;0;0.00;0.62
UNO;2015/01/06 21:20:02;495;495;0.11;18.30;41.20;0.14;1.28;0;0.00;0.62
UNO;2015/01/06 21:20:34;496;496;0.11;18.30;41.20;0.14;1.38;0;0.00;0.62
UNO;2015/01/06 21:21:05;497;497;0.12;18.30;41.20;0.14;1.30;0;0.00;0.62
UNO;2015/01/06 21:21:37;498;498;0.11;18.30;41.20;0.14;1.18;0;0.00;0.62
UNO;2015/01/06 21:22:08;499;499;0.11;18.30;41.20;0.14;1.41;0;0.00;0.62
UNO;2015/01/06 21:22:40;500;500;0.11;18.30;41.20;0.13;1.34;44631;0.14;75.92
UNO;2015/01/06 21:23:11;501;501;0.11;18.30;41.20;0.14;1.23;0;0.00;0.62
UNO;2015/01/06 21:23:43;502;502;0.12;18.30;41.20;0.14;1.42;0;0.00;0.62
UNO;2015/01/06 21:24:15;503;503;0.11;18.30;41.20;0.14;1.28;0;0.00;0.62
UNO;2015/01/06 21:24:46;504;504;0.11;18.30;41.20;0.14;1.21;0;0.00;0.62
UNO;2015/01/06 21:25:18;505;505;0.11;18.30;41.30;0.14;1.42;0;0.00;0.62
UNO;2015/01/06 21:25:49;506;506;0.11;18.30;41.20;0.14;1.15;0;0.00;0.62
UNO;2015/01/06 21:26:21;507;507;0.11;18.30;41.20;0.14;1.16;0;0.00;0.62
UNO;2015/01/06 21:26:53;508;508;0.11;18.30;41.30;0.14;1.23;0;0.00;0.62
UNO;2015/01/06 21:27:24;509;509;0.11;18.30;41.30;0.13;1.22;0;0.00;0.62
UNO;2015/01/06 21:27:56;510;510;0.11;18.30;41.30;0.14;1.44;0;0.00;0.62
UNO;2015/01/06 21:28:27;511;511;0.11;18.30;41.30;0.14;1.30;0;0.00;0.62
UNO;2015/01/06 21:28:59;512;512;0.12;18.30;41.40;0.14;1.29;0;0.00;0.62
UNO;2015/01/06 21:29:30;513;513;0.12;18.30;41.40;0.14;1.18;0;0.00;0.62
UNO;2015/01/06 21:30:02;514;514;0.11;18.30;41.40;0.14;1.29;0;0.00;0.62
UNO;2015/01/06 21:30:34;515;515;0.12;18.30;41.40;0.13;1.27;0;0.00;0.62
UNO;2015/01/06 21:31:05;516;516;0.11;18.30;41.30;0.14;1.37;0;0.00;0.62
UNO;2015/01/06 21:31:37;517;517;0.11;18.30;41.30;0.14;1.42;0;0.00;0.62
UNO;2015/01/06 21:32:08;518;518;0.11;18.20;41.20;0.14;1.16;0;0.00;0.62
UNO;2015/01/06 21:32:40;519;519;0.11;18.30;41.40;0.14;1.15;0;0.00;0.62
UNO;2015/01/06 21:33:12;520;520;0.11;18.20;41.30;0.14;1.38;0;0.00;0.62
UNO;2015/01/06 21:33:43;521;521;0.11;18.20;41.20;0.14;1.39;0;0.00;0.62
UNO;2015/01/06 21:34:15;522;522;0.11;18.20;41.30;0.14;1.20;0;0.00;0.62
UNO;2015/01/06 21:34:46;523;523;0.11;18.20;41.30;0.14;1.28;0;0.00;0.62
UNO;2015/01/06 21:35:18;524;524;0.11;18.20;41.20;0.14;1.44;0;0.00;0.62
UNO;2015/01/06 21:35:50;525;525;0.11;18.20;41.30;0.14;1.43;0;0.00;0.62
UNO;2015/01/06 21:36:21;526;526;0.11;18.20;41.20;0.14;1.43;0;0.00;0.62
UNO;2015/01/06 21:36:53;527;527;0.11;18.20;41.30;0.14;1.43;0;0.00;0.62
UNO;2015/01/06 21:37:24;528;528;0.11;18.20;41.30;0.14;1.44;0;0.00;0.62
UNO;2015/01/06 21:37:56;529;529;0.11;18.20;41.30;0.14;1.23;0;0.00;0.62
UNO;2015/01/06 21:38:28;530;530;0.11;18.20;41.40;0.13;1.28;0;0.00;0.62
UNO;2015/01/06 21:38:59;531;531;0.11;18.20;41.40;0.14;1.26;0;0.00;0.62
UNO;2015/01/06 21:39:31;532;532;0.11;18.20;41.40;0.14;1.42;0;0.00;0.62
UNO;2015/01/06 21:40:02;533;533;0.11;18.20;41.40;0.14;1.37;0;0.00;0.62
UNO;2015/01/06 21:40:34;534;534;0.12;18.20;41.40;0.14;1.35;0;0.00;0.62
UNO;2015/01/06 21:41:06;535;535;0.11;18.20;41.40;0.14;1.43;0;0.00;0.62
UNO;2015/01/06 21:41:37;536;536;0.11;18.20;41.40;0.14;1.41;0;0.00;0.62
UNO;2015/01/06 21:42:09;537;537;0.12;18.20;41.40;0.14;1.41;0;0.00;0.62
UNO;2015/01/06 21:42:40;538;538;0.11;18.20;41.40;0.13;1.17;0;0.00;0.62
UNO;2015/01/06 21:43:12;539;539;0.11;18.20;41.40;0.13;1.20;0;0.00;0.62
UNO;2015/01/06 21:43:44;540;540;0.11;18.20;41.40;0.14;1.44;0;0.00;0.62
UNO;2015/01/06 21:44:15;541;541;0.11;18.20;41.40;0.14;1.22;0;0.00;0.62
UNO;2015/01/06 21:44:47;542;542;0.11;18.20;41.40;0.14;1.43;0;0.00;0.62
UNO;2015/01/06 21:45:18;543;543;0.11;18.20;41.40;0.14;1.31;0;0.00;0.62
UNO;2015/01/06 21:45:50;544;544;0.11;18.20;41.40;0.14;1.16;0;0.00;0.62
UNO;2015/01/06 21:46:22;545;545;0.11;18.20;41.40;0.14;1.26;0;0.00;0.62
UNO;2015/01/06 21:46:53;546;546;0.11;18.20;41.40;0.14;1.42;0;0.00;0.62
UNO;2015/01/06 21:47:25;547;547;0.11;18.20;41.40;0.14;1.21;0;0.00;0.62
UNO;2015/01/06 21:47:56;548;548;0.11;18.20;41.40;0.14;1.43;0;0.00;0.62
UNO;2015/01/06 21:48:28;549;549;0.11;18.20;41.40;0.14;1.16;0;0.00;0.62
UNO;2015/01/06 21:49:00;550;550;0.11;18.20;41.40;0.14;1.17;0;0.00;0.62
UNO;2015/01/06 21:49:31;551;551;0.11;18.20;41.40;0.14;1.21;0;0.00;0.62
UNO;2015/01/06 21:50:03;552;552;0.11;18.20;41.40;0.14;1.21;0;0.00;0.62
UNO;2015/01/06 21:50:34;553;553;0.11;18.20;41.40;0.14;1.17;0;0.00;0.62
UNO;2015/01/06 21:51:06;554;554;0.11;18.20;41.40;0.13;1.33;0;0.00;0.62
UNO;2015/01/06 21:51:38;555;555;0.11;18.20;41.40;0.14;1.41;0;0.00;0.62
UNO;2015/01/06 21:52:09;556;556;0.12;18.20;41.40;0.14;1.40;0;0.00;0.62
UNO;2015/01/06 21:52:41;557;557;0.11;18.20;41.30;0.14;1.23;0;0.00;0.62
UNO;2015/01/06 21:53:12;558;558;0.11;18.20;41.40;0.14;1.16;0;0.00;0.62
UNO;2015/01/06 21:53:44;559;559;0.11;18.20;41.30;0.13;1.41;0;0.00;0.62
UNO;2015/01/06 21:54:16;560;560;0.11;18.20;41.40;0.13;1.40;0;0.00;0.62
UNO;2015/01/06 21:54:47;561;561;0.11;18.20;41.40;0.14;1.16;0;0.00;0.62
UNO;2015/01/06 21:55:19;562;562;0.11;18.20;41.40;0.14;1.43;0;0.00;0.62
UNO;2015/01/06 21:55:50;563;563;0.12;18.20;41.40;0.13;1.16;0;0.00;0.62
UNO;2015/01/06 21:56:22;564;564;0.11;18.20;41.40;0.14;1.34;0;0.00;0.62
UNO;2015/01/06 21:56:53;565;565;0.11;18.20;41.40;0.14;1.42;0;0.00;0.62
UNO;2015/01/06 21:57:25;566;566;0.11;18.20;41.30;0.14;1.24;0;0.00;0.62
UNO;2015/01/06 21:57:57;567;567;0.11;18.20;41.40;0.14;1.19;0;0.00;0.62
UNO;2015/01/06 21:58:28;568;568;0.11;18.20;41.40;0.14;1.41;0;0.00;0.62
UNO;2015/01/06 21:59:00;569;569;0.11;18.20;41.40;0.14;1.33;0;0.00;0.62
UNO;2015/01/06 21:59:31;570;570;0.11;18.20;41.40;0.14;1.28;0;0.00;0.62
UNO;2015/01/06 22:00:03;571;571;0.11;18.10;41.40;0.13;1.26;0;0.00;0.62
UNO;2015/01/06 22:00:35;572;572;0.11;18.10;41.40;0.14;1.27;0;0.00;0.62
UNO;2015/01/06 22:01:06;573;573;0.11;18.10;41.40;0.14;1.14;0;0.00;0.62
UNO;2015/01/06 22:01:38;574;574;0.11;18.10;41.40;0.14;1.18;0;0.00;0.62
UNO;2015/01/06 22:02:09;575;575;0.11;18.10;41.40;0.14;1.29;0;0.00;0.62
UNO;2015/01/06 22:02:41;576;576;0.11;18.10;41.40;0.14;1.13;0;0.00;0.62
UNO;2015/01/06 22:03:13;577;577;0.11;18.10;41.50;0.14;1.21;0;0.00;0.62
UNO;2015/01/06 22:03:44;578;578;0.11;18.10;41.50;0.13;1.41;0;0.00;0.62
UNO;2015/01/06 22:04:16;579;579;0.12;18.10;41.50;0.13;1.31;0;0.00;0.62
UNO;2015/01/06 22:04:47;580;580;0.11;18.10;41.50;0.13;1.23;0;0.00;0.62
UNO;2015/01/06 22:05:19;581;581;0.11;18.10;41.50;0.14;1.21;0;0.00;0.62
UNO;2015/01/06 22:05:51;582;582;0.12;18.10;41.50;0.13;1.14;0;0.00;0.62
UNO;2015/01/06 22:06:22;583;583;0.11;18.10;41.50;0.14;1.26;0;0.00;0.62
UNO;2015/01/06 22:06:54;584;584;0.11;18.10;41.50;0.13;1.17;0;0.00;0.62
UNO;2015/01/06 22:07:25;585;585;0.11;18.00;41.40;0.14;1.21;0;0.00;0.62
UNO;2015/01/06 22:07:57;586;586;0.11;18.10;41.60;0.14;1.26;0;0.00;0.62
UNO;2015/01/06 22:08:29;587;587;0.11;18.00;41.50;0.13;1.28;0;0.00;0.62
UNO;2015/01/06 22:09:00;588;588;0.11;18.00;41.50;0.14;1.16;0;0.00;0.62
UNO;2015/01/06 22:09:32;589;589;0.11;18.00;41.50;0.14;1.26;0;0.00;0.62
UNO;2015/01/06 22:10:03;590;590;0.11;18.00;41.50;0.14;1.42;0;0.00;0.62
UNO;2015/01/06 22:10:35;591;591;0.11;18.00;41.50;0.13;1.42;0;0.00;0.62
UNO;2015/01/06 22:11:07;592;592;0.12;18.00;41.50;0.14;1.38;0;0.00;0.62
UNO;2015/01/06 22:11:38;593;593;0.12;18.00;41.50;0.14;1.21;0;0.00;0.62
UNO;2015/01/06 22:12:10;594;594;0.11;18.00;41.50;0.14;1.30;0;0.00;0.62
UNO;2015/01/06 22:12:41;595;595;0.11;18.00;41.50;0.14;1.15;0;0.00;0.62
UNO;2015/01/06 22:13:13;596;596;0.11;18.00;41.50;0.14;1.30;0;0.00;0.62
UNO;2015/01/06 22:13:45;597;597;0.11;18.00;41.60;0.14;1.38;0;0.00;0.62
UNO;2015/01/06 22:14:16;598;598;0.12;18.00;41.50;0.14;1.19;0;0.00;0.62
UNO;2015/01/06 22:14:48;599;599;0.11;18.00;41.60;0.14;1.35;0;0.00;0.62
UNO;2015/01/06 22:15:19;600;600;0.11;18.00;41.50;0.14;1.16;0;0.00;0.62
UNO;2015/01/06 22:15:51;601;601;0.11;18.00;41.50;0.13;1.42;0;0.00;0.62
UNO;2015/01/06 22:16:23;602;602;0.11;18.00;41.50;0.14;1.41;0;0.00;0.62
UNO;2015/01/06 22:16:54;603;603;0.11;18.00;41.60;0.14;1.23;0;0.00;0.62
UNO;2015/01/06 22:17:26;604;604;0.11;18.00;41.50;0.14;1.43;0;0.00;0.62
UNO;2015/01/06 22:17:57;605;605;0.12;18.00;41.50;0.14;1.41;0;0.00;0.62
UNO;2015/01/06 22:18:29;606;606;0.11;18.10;41.70;0.13;1.43;0;0.00;0.62
UNO;2015/01/06 22:19:01;607;607;0.11;18.00;41.60;0.14;1.42;0;0.00;0.62
UNO;2015/01/06 22:19:32;608;608;0.11;18.00;41.50;0.13;1.40;0;0.00;0.62
UNO;2015/01/06 22:20:04;609;609;0.12;18.10;41.60;0.14;1.43;0;0.00;0.62
UNO;2015/01/06 22:20:35;610;610;0.12;18.10;41.60;0.14;1.43;0;0.00;0.62
UNO;2015/01/06 22:21:07;611;611;0.11;18.00;41.50;0.14;1.38;0;0.00;0.62
UNO;2015/01/06 22:21:39;612;612;0.11;18.10;41.60;0.14;1.21;0;0.00;0.62
UNO;2015/01/06 22:22:10;613;613;0.12;18.10;41.60;0.14;1.26;0;0.00;0.62
UNO;2015/01/06 22:22:42;614;614;0.11;18.10;41.60;0.14;1.15;0;0.00;0.62
UNO;2015/01/06 22:23:13;615;615;0.11;18.10;41.60;0.14;1.43;0;0.00;0.62
UNO;2015/01/06 22:23:45;616;616;0.11;18.00;41.50;0.14;1.22;0;0.00;0.62
UNO;2015/01/06 22:24:17;617;617;0.11;18.00;41.50;0.14;1.15;0;0.00;0.62
UNO;2015/01/06 22:24:48;618;618;0.12;18.10;41.60;0.13;1.41;0;0.00;0.62
UNO;2015/01/06 22:25:20;619;619;0.11;18.10;41.60;0.14;1.44;0;0.00;0.62
UNO;2015/01/06 22:25:51;620;620;0.11;18.10;41.60;0.14;1.16;0;0.00;0.62
UNO;2015/01/06 22:26:23;621;621;0.11;18.10;41.60;0.14;1.33;0;0.00;0.62
UNO;2015/01/06 22:26:54;622;622;0.11;18.00;41.50;0.14;1.43;0;0.00;0.62
UNO;2015/01/06 22:27:26;623;623;0.11;18.10;41.60;0.14;1.22;0;0.00;0.62
UNO;2015/01/06 22:27:58;624;624;0.11;18.00;41.50;0.14;1.33;0;0.00;0.62
UNO;2015/01/06 22:28:29;625;625;0.11;18.00;41.50;0.14;1.33;0;0.00;0.62
UNO;2015/01/06 22:29:01;626;626;0.11;18.00;41.50;0.13;1.24;0;0.00;0.62
UNO;2015/01/06 22:29:32;627;627;0.11;18.10;41.60;0.14;1.30;0;0.00;0.62
UNO;2015/01/06 22:30:04;628;628;0.12;18.10;41.60;0.14;1.34;0;0.00;0.62
UNO;2015/01/06 22:30:36;629;629;0.11;18.00;41.50;0.14;1.24;0;0.00;0.62
UNO;2015/01/06 22:31:07;630;630;0.11;18.00;41.50;0.14;1.26;0;0.00;0.62
UNO;2015/01/06 22:31:39;631;631;0.12;18.00;41.50;0.14;1.42;0;0.00;0.62
UNO;2015/01/06 22:32:10;632;632;0.11;18.00;41.50;0.14;1.14;0;0.00;0.62
UNO;2015/01/06 22:32:42;633;633;0.11;18.00;41.50;0.14;1.16;0;0.00;0.62
UNO;2015/01/06 22:33:14;634;634;0.11;18.00;41.50;0.14;1.38;0;0.00;0.62
UNO;2015/01/06 22:33:45;635;635;0.11;18.00;41.50;0.14;1.13;0;0.00;0.62
UNO;2015/01/06 22:34:17;636;636;0.11;18.00;41.50;0.14;1.41;0;0.00;0.62
UNO;2015/01/06 22:34:48;637;637;0.11;18.00;41.50;0.14;1.41;0;0.00;0.62
UNO;2015/01/06 22:35:20;638;638;0.11;18.00;41.60;0.14;1.22;0;0.00;0.62
UNO;2015/01/06 22:35:52;639;639;0.11;18.00;41.50;0.14;1.30;0;0.00;0.62
UNO;2015/01/06 22:36:23;640;640;0.11;18.00;41.60;0.14;1.41;0;0.00;0.62
UNO;2015/01/06 22:36:55;641;641;0.11;18.00;41.60;0.14;1.27;0;0.00;0.62
UNO;2015/01/06 22:37:26;642;642;0.11;18.00;41.60;0.14;1.38;0;0.00;0.62
UNO;2015/01/06 22:37:58;643;643;0.11;18.00;41.60;0.13;1.18;0;0.00;0.62
UNO;2015/01/06 22:38:30;644;644;0.11;18.00;41.60;0.14;1.18;0;0.00;0.62
UNO;2015/01/06 22:39:00;645;645;0.11;17.90;41.70;0.14;1.18;211897;0.70;364.38
UNO;2015/01/06 22:39:32;646;646;0.11;18.00;41.60;0.14;1.32;0;0.00;0.62
UNO;2015/01/06 22:40:03;647;647;0.11;17.90;41.60;0.14;1.33;0;0.00;0.62
UNO;2015/01/06 22:40:35;648;648;0.11;17.90;41.60;0.14;1.14;0;0.00;0.62
UNO;2015/01/06 22:41:07;649;649;0.11;17.90;41.70;0.14;1.40;0;0.00;0.62
UNO;2015/01/06 22:41:38;650;650;0.11;17.90;41.70;0.14;1.31;0;0.00;0.62
UNO;2015/01/06 22:42:10;651;651;0.11;18.00;41.70;0.13;1.28;0;0.00;0.62
UNO;2015/01/06 22:42:41;652;652;0.12;17.90;41.70;0.14;1.27;0;0.00;0.62
UNO;2015/01/06 22:43:13;653;653;0.11;17.90;41.70;0.14;1.24;0;0.00;0.62
UNO;2015/01/06 22:43:45;654;654;0.11;17.90;41.70;0.14;1.33;0;0.00;0.62
UNO;2015/01/06 22:44:16;655;655;0.11;17.90;41.70;0.13;1.41;0;0.00;0.62
UNO;2015/01/06 22:44:48;656;656;0.11;17.90;41.70;0.14;1.43;0;0.00;0.62
UNO;2015/01/06 22:45:19;657;657;0.11;17.90;41.80;0.14;1.29;0;0.00;0.62
UNO;2015/01/06 22:45:51;658;658;0.11;17.90;41.70;0.13;1.18;0;0.00;0.62
UNO;2015/01/06 22:46:23;659;659;0.11;17.90;41.80;0.13;1.27;0;0.00;0.62
UNO;2015/01/06 22:46:54;660;660;0.11;17.90;41.70;0.14;1.21;0;0.00;0.62
UNO;2015/01/06 22:47:26;661;661;0.11;17.90;41.70;0.14;1.24;0;0.00;0.62
UNO;2015/01/06 22:47:57;662;662;0.11;17.90;41.80;0.14;1.18;0;0.00;0.62
UNO;2015/01/06 22:48:29;663;663;0.11;17.90;41.80;0.14;1.16;0;0.00;0.62
UNO;2015/01/06 22:49:01;664;664;0.11;17.90;41.80;0.14;1.41;0;0.00;0.62
UNO;2015/01/06 22:49:32;665;665;0.11;17.90;41.80;0.14;1.44;0;0.00;0.62
UNO;2015/01/06 22:50:04;666;666;0.11;17.90;41.80;0.13;1.18;0;0.00;0.62
UNO;2015/01/06 22:50:35;667;667;0.11;17.90;41.80;0.14;1.16;0;0.00;0.62
UNO;2015/01/06 22:51:07;668;668;0.11;17.90;41.70;0.14;1.18;0;0.00;0.62
UNO;2015/01/06 22:51:39;669;669;0.11;17.90;41.70;0.14;1.18;0;0.00;0.62
UNO;2015/01/06 22:52:10;670;670;0.11;17.90;41.70;0.14;1.44;0;0.00;0.62
UNO;2015/01/06 22:52:42;671;671;0.12;17.90;41.70;0.14;1.32;0;0.00;0.62
UNO;2015/01/06 22:53:13;672;672;0.11;17.90;41.70;0.14;1.17;0;0.00;0.62
UNO;2015/01/06 22:53:45;673;673;0.11;17.90;41.70;0.14;1.16;0;0.00;0.62
UNO;2015/01/06 22:54:17;674;674;0.11;17.90;41.70;0.14;1.33;0;0.00;0.62
UNO;2015/01/06 22:54:48;675;675;0.11;17.90;41.70;0.14;1.44;0;0.00;0.62
UNO;2015/01/06 22:55:20;676;676;0.11;17.90;41.70;0.14;1.18;0;0.00;0.62
UNO;2015/01/06 22:55:51;677;677;0.11;17.90;41.70;0.14;1.24;0;0.00;0.62
UNO;2015/01/06 22:56:23;678;678;0.12;18.00;41.70;0.14;1.17;0;0.00;0.62
UNO;2015/01/06 22:56:55;679;679;0.11;17.90;41.70;0.14;1.18;0;0.00;0.62
UNO;2015/01/06 22:57:26;680;680;0.12;17.90;41.70;0.14;1.21;0;0.00;0.62
UNO;2015/01/06 22:57:58;681;681;0.11;17.90;41.70;0.14;1.16;0;0.00;0.62
UNO;2015/01/06 22:58:29;682;682;0.11;17.90;41.70;0.13;1.24;0;0.00;0.62
UNO;2015/01/06 22:59:00;683;683;0.12;17.90;41.70;0.14;1.16;73595;0.24;127.25
UNO;2015/01/06 22:59:31;684;684;0.11;17.90;41.70;0.14;1.41;15911;0.05;28.07
UNO;2015/01/06 23:00:02;685;685;0.11;17.90;41.70;0.14;1.36;0;0.00;0.62
UNO;2015/01/06 23:00:34;686;686;0.11;17.90;41.70;0.14;1.34;0;0.00;0.62
UNO;2015/01/06 23:01:06;687;687;0.11;17.90;41.70;0.14;1.38;0;0.00;0.62
UNO;2015/01/06 23:01:37;688;688;0.12;18.00;41.70;0.14;1.17;0;0.00;0.62
UNO;2015/01/06 23:02:09;689;689;0.11;17.90;41.70;0.14;1.45;0;0.00;0.62
UNO;2015/01/06 23:02:40;690;690;0.11;18.00;41.70;0.14;1.37;0;0.00;0.62
UNO;2015/01/06 23:03:12;691;691;0.11;17.90;41.70;0.14;1.42;0;0.00;0.62
UNO;2015/01/06 23:03:43;692;692;0.11;17.90;41.70;0.13;1.28;0;0.00;0.62
UNO;2015/01/06 23:04:15;693;693;0.11;17.90;41.70;0.14;1.22;0;0.00;0.62
UNO;2015/01/06 23:04:47;694;694;0.11;17.90;41.70;0.14;1.28;0;0.00;0.62
UNO;2015/01/06 23:05:18;695;695;0.11;17.90;41.70;0.14;1.23;0;0.00;0.62
UNO;2015/01/06 23:05:50;696;696;0.11;17.90;41.70;0.14;1.42;0;0.00;0.62
UNO;2015/01/06 23:06:21;697;697;0.11;17.90;41.70;0.14;1.24;0;0.00;0.62
UNO;2015/01/06 23:06:53;698;698;0.11;17.90;41.70;0.14;1.39;0;0.00;0.62
UNO;2015/01/06 23:07:25;699;699;0.12;17.90;41.70;0.14;1.17;0;0.00;0.62
UNO;2015/01/06 23:07:56;700;700;0.11;17.90;41.70;0.14;1.24;0;0.00;0.62
UNO;2015/01/06 23:08:28;701;701;0.11;17.90;41.70;0.14;1.27;0;0.00;0.62
UNO;2015/01/06 23:08:59;702;702;0.11;17.90;41.70;0.14;1.39;0;0.00;0.62
UNO;2015/01/06 23:09:31;703;703;0.11;17.90;41.80;0.14;1.44;0;0.00;0.62
UNO;2015/01/06 23:10:03;704;704;0.11;17.90;41.70;0.14;1.43;0;0.00;0.62
UNO;2015/01/06 23:10:34;705;705;0.11;17.90;41.70;0.14;1.35;0;0.00;0.62
UNO;2015/01/06 23:11:06;706;706;0.12;17.90;41.70;0.14;1.33;0;0.00;0.62
UNO;2015/01/06 23:11:37;707;707;0.11;17.90;41.70;0.14;1.41;0;0.00;0.62
UNO;2015/01/06 23:12:09;708;708;0.11;17.90;41.70;0.14;1.29;0;0.00;0.62
UNO;2015/01/06 23:12:41;709;709;0.11;17.90;41.70;0.14;1.36;0;0.00;0.62
UNO;2015/01/06 23:13:12;710;710;0.11;17.90;41.70;0.14;1.16;0;0.00;0.62
UNO;2015/01/06 23:13:44;711;711;0.11;17.80;41.60;0.14;1.28;0;0.00;0.62
UNO;2015/01/06 23:14:15;712;712;0.11;17.90;41.80;0.13;1.40;0;0.00;0.62
UNO;2015/01/06 23:14:47;713;713;0.11;17.90;41.80;0.14;1.22;0;0.00;0.62
UNO;2015/01/06 23:15:19;714;714;0.11;17.90;41.80;0.15;1.41;0;0.00;0.62
UNO;2015/01/06 23:15:50;715;715;0.11;17.90;41.80;0.14;1.16;0;0.00;0.62
UNO;2015/01/06 23:16:22;716;716;0.11;17.90;41.80;0.13;1.23;0;0.00;0.62
UNO;2015/01/06 23:16:53;717;717;0.11;17.90;41.70;0.14;1.33;0;0.00;0.62
UNO;2015/01/06 23:17:25;718;718;0.11;17.90;41.80;0.14;1.16;0;0.00;0.62
UNO;2015/01/06 23:17:57;719;719;0.11;17.90;41.70;0.14;1.16;0;0.00;0.62
UNO;2015/01/06 23:18:28;720;720;0.11;17.90;41.80;0.13;1.43;0;0.00;0.62
UNO;2015/01/06 23:19:00;721;721;0.11;17.90;41.70;0.14;1.25;0;0.00;0.62
UNO;2015/01/06 23:19:31;722;722;0.11;17.90;41.70;0.13;1.21;0;0.00;0.62
UNO;2015/01/06 23:20:03;723;723;0.11;18.00;41.70;0.14;1.16;0;0.00;0.62
UNO;2015/01/06 23:20:35;724;724;0.11;18.00;41.70;0.14;1.22;0;0.00;0.62
UNO;2015/01/06 23:21:06;725;725;0.11;17.90;41.70;0.14;1.22;0;0.00;0.62
UNO;2015/01/06 23:21:38;726;726;0.11;17.90;41.70;0.14;1.35;0;0.00;0.62
UNO;2015/01/06 23:22:09;727;727;0.11;18.00;41.70;0.14;1.29;0;0.00;0.62
UNO;2015/01/06 23:22:41;728;728;0.12;17.90;41.70;0.14;1.44;0;0.00;0.62
UNO;2015/01/06 23:23:13;729;729;0.11;17.90;41.60;0.14;1.20;0;0.00;0.62
UNO;2015/01/06 23:23:44;730;730;0.11;18.00;41.60;0.14;1.18;0;0.00;0.62
UNO;2015/01/06 23:24:16;731;731;0.11;18.00;41.60;0.14;1.16;0;0.00;0.62
UNO;2015/01/06 23:24:47;732;732;0.11;17.90;41.60;0.14;1.17;0;0.00;0.62
UNO;2015/01/06 23:25:19;733;733;0.11;18.00;41.60;0.14;1.20;0;0.00;0.62
UNO;2015/01/06 23:25:51;734;734;0.12;17.90;41.60;0.13;1.19;0;0.00;0.62
UNO;2015/01/06 23:26:22;735;735;0.11;18.00;41.60;0.14;1.19;0;0.00;0.62
UNO;2015/01/06 23:26:54;736;736;0.11;18.00;41.60;0.14;1.26;0;0.00;0.62
UNO;2015/01/06 23:27:25;737;737;0.11;18.00;41.60;0.14;1.17;0;0.00;0.62
UNO;2015/01/06 23:27:57;738;738;0.11;18.00;41.60;0.13;1.39;0;0.00;0.62
UNO;2015/01/06 23:28:29;739;739;0.11;17.90;41.60;0.14;1.34;0;0.00;0.62
UNO;2015/01/06 23:29:00;740;740;0.11;18.00;41.60;0.14;1.25;0;0.00;0.62
UNO;2015/01/06 23:29:31;741;741;0.12;18.00;41.60;0.13;1.44;188619;0.61;317.73
UNO;2015/01/06 23:30:03;742;742;0.11;17.90;41.60;0.14;1.31;0;0.00;0.62
UNO;2015/01/06 23:30:35;743;743;0.11;17.90;41.60;0.14;1.27;0;0.00;0.62
UNO;2015/01/06 23:31:06;744;744;0.11;17.90;41.60;0.14;1.27;0;0.00;0.62
UNO;2015/01/06 23:31:38;745;745;0.12;17.90;41.60;0.14;1.28;0;0.00;0.62
UNO;2015/01/06 23:32:09;746;746;0.12;17.90;41.60;0.14;1.45;0;0.00;0.62
UNO;2015/01/06 23:32:41;747;747;0.11;17.90;41.60;0.14;1.17;0;0.00;0.62
UNO;2015/01/06 23:33:13;748;748;0.12;17.90;41.60;0.14;1.27;0;0.00;0.62
UNO;2015/01/06 23:33:44;749;749;0.11;17.90;41.60;0.14;1.17;0;0.00;0.62
UNO;2015/01/06 23:34:16;750;750;0.11;17.90;41.60;0.13;1.30;0;0.00;0.62
UNO;2015/01/06 23:34:47;751;751;0.11;17.90;41.60;0.14;1.38;0;0.00;0.62
UNO;2015/01/06 23:35:19;752;752;0.11;17.90;41.60;0.14;1.31;0;0.00;0.62
UNO;2015/01/06 23:35:51;753;753;0.11;17.90;41.60;0.14;1.28;0;0.00;0.62
UNO;2015/01/06 23:36:22;754;754;0.11;17.90;41.60;0.14;1.45;0;0.00;0.62
UNO;2015/01/06 23:36:54;755;755;0.12;17.90;41.70;0.13;1.25;0;0.00;0.62
UNO;2015/01/06 23:37:25;756;756;0.11;17.90;41.60;0.14;1.44;0;0.00;0.62
UNO;2015/01/06 23:37:57;757;757;0.11;17.90;41.60;0.14;1.18;0;0.00;0.62
UNO;2015/01/06 23:38:29;758;758;0.11;17.90;41.60;0.14;1.17;0;0.00;0.62
UNO;2015/01/06 23:39:00;759;759;0.11;17.90;41.70;0.14;1.42;0;0.00;0.62
UNO;2015/01/06 23:39:32;760;760;0.12;17.90;41.70;0.14;1.40;0;0.00;0.62
UNO;2015/01/06 23:40:03;761;761;0.11;17.90;41.70;0.14;1.30;0;0.00;0.62
UNO;2015/01/06 23:40:35;762;762;0.12;17.90;41.70;0.15;1.27;0;0.00;0.62
UNO;2015/01/06 23:41:07;763;763;0.12;17.90;41.70;0.14;1.38;0;0.00;0.62
UNO;2015/01/06 23:41:38;764;764;0.11;17.80;41.60;0.14;1.41;0;0.00;0.62
UNO;2015/01/06 23:42:10;765;765;0.12;17.90;41.70;0.14;1.42;0;0.00;0.62
UNO;2015/01/06 23:42:41;766;766;0.11;17.80;41.60;0.14;1.17;0;0.00;0.62
UNO;2015/01/06 23:43:13;767;767;0.12;17.90;41.70;0.13;1.40;0;0.00;0.62
UNO;2015/01/06 23:43:45;768;768;0.11;17.90;41.70;0.14;1.36;0;0.00;0.62
UNO;2015/01/06 23:44:16;769;769;0.11;17.90;41.70;0.13;1.21;0;0.00;0.62
UNO;2015/01/06 23:44:48;770;770;0.11;17.90;41.70;0.14;1.21;0;0.00;0.62
UNO;2015/01/06 23:45:19;771;771;0.11;17.90;41.70;0.14;1.41;0;0.00;0.62
UNO;2015/01/06 23:45:51;772;772;0.11;17.90;41.70;0.14;1.45;0;0.00;0.62
UNO;2015/01/06 23:46:23;773;773;0.12;17.80;41.60;0.14;1.30;0;0.00;0.62
UNO;2015/01/06 23:46:54;774;774;0.11;17.80;41.60;0.14;1.20;0;0.00;0.62
UNO;2015/01/06 23:47:26;775;775;0.12;17.90;41.70;0.14;1.39;0;0.00;0.62
UNO;2015/01/06 23:47:57;776;776;0.11;17.90;41.70;0.14;1.23;0;0.00;0.62
UNO;2015/01/06 23:48:29;777;777;0.11;17.80;41.60;0.14;1.45;0;0.00;0.62
UNO;2015/01/06 23:49:01;778;778;0.11;17.90;41.80;0.14;1.45;0;0.00;0.62
UNO;2015/01/06 23:49:32;779;779;0.11;17.90;41.80;0.14;1.42;0;0.00;0.62
UNO;2015/01/06 23:50:04;780;780;0.12;17.90;41.70;0.14;1.44;0;0.00;0.62
UNO;2015/01/06 23:50:35;781;781;0.11;17.90;41.70;0.14;1.45;0;0.00;0.62
UNO;2015/01/06 23:51:07;782;782;0.12;17.90;41.70;0.14;1.45;0;0.00;0.62
UNO;2015/01/06 23:51:38;783;783;0.11;17.90;41.70;0.14;1.42;93717;0.31;162.24
UNO;2015/01/06 23:52:09;784;784;0.11;17.90;41.70;0.14;1.38;0;0.00;0.62
UNO;2015/01/06 23:52:41;785;785;0.11;17.90;41.70;0.14;1.43;0;0.00;0.62
UNO;2015/01/06 23:53:12;786;786;0.11;17.90;41.70;0.13;1.22;0;0.00;0.62
UNO;2015/01/06 23:53:44;787;787;0.12;17.90;41.70;0.14;1.45;0;0.00;0.62
UNO;2015/01/06 23:54:16;788;788;0.11;17.90;41.70;0.14;1.23;0;0.00;0.62
UNO;2015/01/06 23:54:47;789;789;0.11;17.90;41.70;0.14;1.24;0;0.00;0.62
UNO;2015/01/06 23:55:19;790;790;0.12;17.90;41.70;0.14;1.19;0;0.00;0.62
UNO;2015/01/06 23:55:50;791;791;0.11;17.90;41.70;0.14;1.39;0;0.00;0.62
UNO;2015/01/06 23:56:22;792;792;0.12;17.90;41.60;0.14;1.43;0;0.00;0.62
UNO;2015/01/06 23:56:53;793;793;0.11;18.00;41.60;0.13;1.33;0;0.00;0.62
UNO;2015/01/06 23:57:25;794;794;0.12;18.00;41.60;0.13;1.44;0;0.00;0.62
UNO;2015/01/06 23:57:57;795;795;0.11;18.00;41.60;0.14;1.25;0;0.00;0.62
UNO;2015/01/06 23:58:28;796;796;0.11;18.00;41.60;0.14;1.22;0;0.00;0.62
UNO;2015/01/06 23:59:00;797;797;0.12;18.00;41.50;0.14;1.41;0;0.00;0.62
UNO;2015/01/06 23:59:31;798;798;0.11;18.00;41.50;0.14;1.18;0;0.00;0.62
