UNO_UNO0;2015/01/20 16:37:59;0;sampleID;MQ2;DHT22 Temp(C);DHT22 HR;MQ9;HCHO;Lowpulse;ratio;Concentration
UNO_UNO0;2015/01/20 16:38:30;1;1;0.10;26.10;25.90;0.11;1.16;490490;1.57;813.30
UNO_UNO0;2015/01/20 16:39:01;2;2;0.09;26.10;26.00;0.11;2.00;478589;1.59;823.16
UNO_UNO0;2015/01/20 16:39:32;3;3;0.09;26.10;26.30;0.11;1.20;555265;1.81;936.22
UNO_UNO0;2015/01/20 16:40:03;4;4;0.09;26.10;26.50;0.11;1.11;468351;1.56;805.42
UNO_UNO0;2015/01/20 16:40:33;5;5;0.09;26.10;26.80;0.11;1.15;379135;1.26;652.51
UNO_UNO0;2015/01/20 16:41:04;6;6;0.09;26.10;26.80;0.11;1.35;447408;1.49;769.35
UNO_UNO0;2015/01/20 16:41:34;7;7;0.09;26.10;26.70;0.11;1.55;416759;1.39;717.02
UNO_UNO0;2015/01/20 16:42:05;8;8;0.10;26.10;26.60;0.11;1.04;270238;0.90;465.75
UNO_UNO0;2015/01/20 16:42:36;9;9;0.09;26.00;26.90;0.11;2.00;412118;1.37;708.85
UNO_UNO0;2015/01/20 16:43:07;10;10;0.09;26.00;26.80;0.11;1.05;113339;0.37;192.29
UNO_UNO0;2015/01/20 16:43:38;11;11;0.10;26.00;27.00;0.10;1.75;256315;0.84;433.63
UNO_UNO0;2015/01/20 16:44:09;12;12;0.09;26.00;27.00;0.10;1.41;500430;1.63;843.99
UNO_UNO0;2015/01/20 16:44:40;13;13;0.09;26.00;27.20;0.10;1.05;376451;1.23;635.44
UNO_UNO0;2015/01/20 16:45:11;14;14;0.09;26.00;27.20;0.10;1.59;312098;1.02;530.30
UNO_UNO0;2015/01/20 16:45:42;15;15;0.10;26.00;27.20;0.10;1.74;259232;0.86;443.81
UNO_UNO0;2015/01/20 16:46:14;16;16;0.10;26.00;27.20;0.10;1.69;170303;0.56;288.36
UNO_UNO0;2015/01/20 16:46:44;17;17;0.10;25.90;26.70;0.10;1.99;374961;1.25;645.58
UNO_UNO0;2015/01/20 16:47:15;18;18;0.09;25.90;26.90;0.10;1.75;380574;1.24;642.16
UNO_UNO0;2015/01/20 16:47:46;19;19;0.10;25.90;26.90;0.10;1.79;483202;1.61;830.70
UNO_UNO0;2015/01/20 16:48:17;20;20;0.10;25.90;27.00;0.10;1.92;283339;0.94;488.19
UNO_UNO0;2015/01/20 16:48:47;21;21;0.10;25.90;27.00;0.10;1.97;357828;1.19;616.27
UNO_UNO0;2015/01/20 16:49:18;22;22;0.10;25.90;26.90;0.10;1.83;385035;1.28;662.19
UNO_UNO0;2015/01/20 16:49:48;23;23;0.09;25.90;26.80;0.10;1.06;319530;1.06;550.03
UNO_UNO0;2015/01/20 16:50:20;24;24;0.10;25.90;26.80;0.10;1.45;346719;1.13;585.58
UNO_UNO0;2015/01/20 16:50:51;25;25;0.10;25.90;26.80;0.10;1.05;531601;1.73;896.62
UNO_UNO0;2015/01/20 16:51:22;26;26;0.10;25.90;26.80;0.10;2.01;603918;1.97;1017.48
UNO_UNO0;2015/01/20 16:51:53;27;27;0.10;25.90;26.90;0.10;1.03;871995;2.85;1474.79
UNO_UNO0;2015/01/20 16:52:24;28;28;0.10;25.90;26.90;0.10;1.04;362980;1.21;624.70
UNO_UNO0;2015/01/20 16:52:55;29;29;0.10;25.80;27.10;0.10;1.41;166862;0.54;282.86
UNO_UNO0;2015/01/20 16:53:26;30;30;0.10;25.80;27.10;0.10;1.04;201447;0.67;347.54
UNO_UNO0;2015/01/20 16:53:57;31;31;0.10;25.80;27.20;0.10;1.09;507058;1.65;854.60
UNO_UNO0;2015/01/20 16:54:28;32;32;0.10;25.80;27.20;0.09;1.05;536830;1.75;905.00
UNO_UNO0;2015/01/20 16:54:59;33;33;0.10;25.90;27.30;0.09;1.70;375656;1.25;647.08
UNO_UNO0;2015/01/20 16:55:29;34;34;0.10;25.90;27.20;0.09;1.04;415098;1.38;713.67
UNO_UNO0;2015/01/20 16:56:00;35;35;0.10;25.90;27.00;0.09;1.64;357046;1.19;614.52
UNO_UNO0;2015/01/20 16:56:31;36;36;0.10;25.90;27.10;0.09;1.05;378054;1.23;638.26
UNO_UNO0;2015/01/20 16:57:02;37;37;0.10;26.00;27.50;0.09;1.28;444095;1.48;763.29
UNO_UNO0;2015/01/20 16:57:32;38;38;0.10;26.00;27.50;0.09;1.88;526886;1.75;906.89
UNO_UNO0;2015/01/20 16:58:03;39;39;0.10;26.00;27.50;0.09;1.03;617758;2.05;1062.48
UNO_UNO0;2015/01/20 16:58:33;40;40;0.10;26.00;27.50;0.09;1.14;506624;1.68;870.68
UNO_UNO0;2015/01/20 16:59:04;41;41;0.10;26.00;27.50;0.09;1.99;447441;1.49;769.95
UNO_UNO0;2015/01/20 16:59:35;42;42;0.10;26.00;27.40;0.09;1.07;326185;1.09;561.88
UNO_UNO0;2015/01/20 17:00:06;43;43;0.10;25.90;27.20;0.09;1.99;422665;1.38;713.08
UNO_UNO0;2015/01/20 17:00:37;44;44;0.10;25.90;27.40;0.10;1.03;447808;1.46;754.67
UNO_UNO0;2015/01/20 17:01:08;45;45;0.10;25.80;27.40;0.09;2.61;385151;1.26;650.45
UNO_UNO0;2015/01/20 17:01:39;46;46;0.10;25.90;27.50;0.09;0.96;833621;2.72;1407.46
UNO_UNO0;2015/01/20 17:02:11;47;47;0.10;25.90;27.70;0.10;1.26;312101;1.02;527.29
UNO_UNO0;2015/01/20 17:02:41;48;48;0.10;26.00;28.10;0.10;1.27;428571;1.42;736.53
UNO_UNO0;2015/01/20 17:03:12;49;49;0.10;26.00;28.10;0.10;1.09;410042;1.36;705.33
UNO_UNO0;2015/01/20 17:03:42;50;50;0.10;26.10;28.40;0.10;1.13;376100;1.25;647.97
UNO_UNO0;2015/01/20 17:04:13;51;51;0.10;26.10;28.60;0.10;1.79;592740;1.97;1019.10
UNO_UNO0;2015/01/20 17:04:44;52;52;0.10;26.20;28.70;0.10;1.11;683160;2.27;1175.37
UNO_UNO0;2015/01/20 17:05:14;53;53;0.10;26.30;28.60;0.10;1.63;704553;2.34;1212.33
UNO_UNO0;2015/01/20 17:05:45;54;54;0.10;26.30;28.50;0.10;1.99;832194;2.77;1434.18
UNO_UNO0;2015/01/20 17:06:15;55;55;0.10;26.30;28.60;0.10;1.99;370128;1.23;636.89
UNO_UNO0;2015/01/20 17:06:46;56;56;0.10;26.20;28.70;0.10;1.05;719281;2.39;1238.07
UNO_UNO0;2015/01/20 17:07:17;57;57;0.11;26.20;28.90;0.10;1.25;1141121;3.80;1979.69
UNO_UNO0;2015/01/20 17:07:48;58;58;0.11;26.20;28.90;0.10;1.24;571344;1.86;963.49
UNO_UNO0;2015/01/20 17:08:18;59;59;0.11;26.20;29.40;0.10;1.04;444999;1.48;765.25
UNO_UNO0;2015/01/20 17:08:49;60;60;0.11;26.20;29.70;0.10;1.34;594497;1.98;1022.67
UNO_UNO0;2015/01/20 17:09:20;61;61;0.10;26.30;29.30;0.10;1.55;258569;0.84;437.03
UNO_UNO0;2015/01/20 17:09:51;62;62;0.10;26.30;29.00;0.10;1.81;372259;1.24;640.44
UNO_UNO0;2015/01/20 17:10:21;63;63;0.10;26.40;28.70;0.10;1.74;439984;1.46;757.27
UNO_UNO0;2015/01/20 17:10:53;64;64;0.10;26.40;28.70;0.10;1.66;484985;1.58;817.77
UNO_UNO0;2015/01/20 17:11:23;65;65;0.10;26.40;28.70;0.10;1.36;996625;3.31;1722.56
UNO_UNO0;2015/01/20 17:11:54;66;66;0.11;26.40;28.70;0.10;1.01;598923;1.95;1009.91
UNO_UNO0;2015/01/20 17:12:25;67;67;0.11;26.30;29.20;0.10;1.63;420542;1.40;723.56
UNO_UNO0;2015/01/20 17:12:56;68;68;0.11;26.20;29.50;0.10;1.65;392079;1.28;661.59
UNO_UNO0;2015/01/20 17:13:27;69;69;0.11;26.30;29.90;0.10;1.03;647401;2.11;1091.79
UNO_UNO0;2015/01/20 17:13:58;70;70;0.11;26.30;29.80;0.10;2.00;378614;1.26;651.18
UNO_UNO0;2015/01/20 17:14:29;71;71;0.11;26.30;29.70;0.10;1.60;315262;1.05;543.11
UNO_UNO0;2015/01/20 17:14:59;72;72;0.11;26.20;30.20;0.10;1.23;434090;1.44;746.78
UNO_UNO0;2015/01/20 17:15:30;73;73;0.11;26.00;31.20;0.10;1.05;614896;2.01;1036.98
UNO_UNO0;2015/01/20 17:16:01;74;74;0.12;24.90;32.70;0.10;1.21;818301;2.72;1408.36
UNO_UNO0;2015/01/20 17:16:32;75;75;0.12;24.40;35.20;0.10;1.64;2139236;6.98;3819.45
UNO_UNO0;2015/01/20 17:17:03;76;76;0.12;23.70;36.80;0.10;1.98;2103601;6.86;3743.51
UNO_UNO0;2015/01/20 17:17:35;77;77;0.13;23.60;34.90;0.10;2.41;1079822;3.52;1833.19
UNO_UNO0;2015/01/20 17:18:06;78;78;0.14;23.40;34.60;0.10;0.96;1078253;3.52;1829.90
UNO_UNO0;2015/01/20 17:18:36;79;79;0.14;23.30;35.80;0.10;1.37;754811;2.51;1300.46
UNO_UNO0;2015/01/20 17:19:08;80;80;0.14;23.10;33.50;0.10;2.23;552234;1.80;930.47
UNO_UNO0;2015/01/20 17:19:38;81;81;0.14;22.90;33.30;0.10;1.47;644686;2.14;1107.92
UNO_UNO0;2015/01/20 17:20:09;82;82;0.14;22.80;33.30;0.10;1.83;758007;2.47;1280.50
UNO_UNO0;2015/01/20 17:20:40;83;83;0.13;22.60;33.40;0.10;1.84;682411;2.27;1173.92
UNO_UNO0;2015/01/20 17:21:11;84;84;0.12;22.50;33.30;0.10;1.09;636751;2.12;1094.76
UNO_UNO0;2015/01/20 17:21:42;85;85;0.12;22.40;33.30;0.10;1.56;482433;1.58;814.54
UNO_UNO0;2015/01/20 17:22:13;86;86;0.12;22.30;33.70;0.10;1.11;696689;2.32;1197.92
UNO_UNO0;2015/01/20 17:22:44;87;87;0.12;22.20;34.10;0.11;1.66;519345;1.69;875.88
UNO_UNO0;2015/01/20 17:23:15;88;88;0.12;22.20;34.50;0.11;0.83;545184;1.78;918.86
UNO_UNO0;2015/01/20 17:23:46;89;89;0.12;22.10;34.90;0.11;0.80;202357;0.67;349.18
UNO_UNO0;2015/01/20 17:24:17;90;90;0.12;22.00;35.30;0.11;0.84;70756;0.23;120.49
UNO_UNO0;2015/01/20 17:24:43;0;sampleID;MQ2;DHT22 Temp(C);DHT22 HR;MQ9;HCHO;Lowpulse;ratio;Concentration
UNO_UNO0;2015/01/20 17:25:14;1;1;0.12;22.00;35.70;0.11;0.86;83112;0.27;141.53
UNO_UNO0;2015/01/20 17:25:46;2;2;0.12;22.00;36.00;0.11;1.97;139981;0.46;237.31
UNO_UNO0;2015/01/20 17:26:16;3;3;0.12;22.00;36.20;0.11;2.21;185701;0.62;320.62
UNO_UNO0;2015/01/20 17:26:47;4;4;0.12;21.90;36.40;0.11;1.53;174125;0.57;295.03
UNO_UNO0;2015/01/20 17:27:18;5;5;0.13;22.00;36.80;0.11;1.05;225921;0.74;386.34
UNO_UNO0;2015/01/20 17:27:49;6;6;0.13;21.90;37.10;0.11;2.21;204403;0.67;348.12
UNO_UNO0;2015/01/20 17:28:20;7;7;0.13;21.90;37.20;0.11;0.97;316087;1.05;544.65
UNO_UNO0;2015/01/20 17:28:50;8;8;0.13;21.90;37.40;0.11;2.15;260757;0.87;449.66
UNO_UNO0;2015/01/20 17:29:21;9;9;0.13;21.90;37.60;0.11;1.12;315651;1.05;543.74
UNO_UNO0;2015/01/20 17:29:52;10;10;0.13;21.90;37.80;0.11;1.11;493906;1.64;848.62
UNO_UNO0;2015/01/20 17:30:22;11;11;0.13;21.90;38.10;0.11;0.71;383470;1.28;660.67
UNO_UNO0;2015/01/20 17:30:53;12;12;0.13;21.90;38.20;0.11;1.71;340970;1.13;586.24
UNO_UNO0;2015/01/20 17:31:24;13;13;0.13;21.90;38.40;0.12;1.63;123055;0.40;209.24
UNO_UNO0;2015/01/20 17:31:55;14;14;0.13;21.90;38.60;0.12;0.76;97891;0.33;169.31
UNO_UNO0;2015/01/20 17:32:25;15;15;0.13;21.90;38.80;0.12;2.11;198072;0.66;341.49
UNO_UNO0;2015/01/20 17:32:56;16;16;0.13;21.90;39.10;0.12;0.66;85568;0.28;145.36
UNO_UNO0;2015/01/20 17:33:27;17;17;0.13;21.90;39.10;0.12;1.86;407868;1.36;701.09
UNO_UNO0;2015/01/20 17:33:59;18;18;0.13;21.90;39.50;0.12;1.19;179981;0.58;299.75
UNO_UNO0;2015/01/20 17:34:29;19;19;0.13;21.90;39.60;0.12;0.78;152956;0.51;264.10
UNO_UNO0;2015/01/20 17:35:00;20;20;0.13;21.90;39.70;0.12;0.65;242228;0.81;417.74
UNO_UNO0;2015/01/20 17:35:31;21;21;0.13;21.90;39.90;0.12;1.66;221561;0.74;382.37
UNO_UNO0;2015/01/20 17:36:02;22;22;0.13;21.90;40.10;0.12;1.83;329842;1.08;556.85
UNO_UNO0;2015/01/20 17:36:32;23;23;0.13;21.90;40.20;0.12;1.61;446661;1.49;768.12
UNO_UNO0;2015/01/20 17:37:04;24;24;0.13;21.90;40.50;0.12;2.08;142967;0.47;242.52
UNO_UNO0;2015/01/20 17:37:34;25;25;0.13;21.90;40.60;0.12;1.61;86508;0.29;149.86
UNO_UNO0;2015/01/20 17:38:05;26;26;0.13;21.90;40.90;0.12;0.66;77181;0.25;131.25
UNO_UNO0;2015/01/20 17:38:37;27;27;0.13;21.90;41.00;0.12;0.61;130046;0.42;220.54
UNO_UNO0;2015/01/20 17:39:08;28;28;0.13;21.90;41.50;0.12;1.20;22095;0.07;38.15
UNO_UNO0;2015/01/20 17:39:38;29;29;0.13;21.90;41.40;0.12;1.47;152832;0.51;263.40
UNO_UNO0;2015/01/20 17:40:09;30;30;0.13;21.90;41.70;0.12;1.93;60065;0.20;104.51
UNO_UNO0;2015/01/20 17:40:40;31;31;0.13;21.90;42.00;0.12;1.16;67545;0.22;115.14
UNO_UNO0;2015/01/20 17:41:11;32;32;0.13;21.90;42.00;0.12;0.97;52053;0.17;90.56
UNO_UNO0;2015/01/20 17:41:42;33;33;0.13;21.90;42.20;0.12;0.60;60865;0.20;104.70
UNO_UNO0;2015/01/20 17:42:13;34;34;0.13;21.90;42.20;0.12;0.58;231580;0.75;386.65
UNO_UNO0;2015/01/20 17:42:44;35;35;0.14;21.90;42.40;0.12;0.59;354184;1.18;610.06
UNO_UNO0;2015/01/20 17:43:14;36;36;0.14;21.90;42.60;0.12;0.73;610162;2.03;1048.65
UNO_UNO0;2015/01/20 17:43:45;37;37;0.14;21.90;42.70;0.12;0.93;252014;0.84;434.69
UNO_UNO0;2015/01/20 17:44:16;38;38;0.14;21.90;43.10;0.12;1.55;200441;0.67;345.98
UNO_UNO0;2015/01/20 17:44:46;39;39;0.14;21.90;43.10;0.13;1.19;464945;1.55;799.47
UNO_UNO0;2015/01/20 17:45:17;40;40;0.14;21.90;43.30;0.13;0.59;353221;1.15;596.44
UNO_UNO0;2015/01/20 17:45:49;41;41;0.14;21.90;43.40;0.13;1.19;316113;1.03;533.68
UNO_UNO0;2015/01/20 17:46:19;42;42;0.14;21.90;43.50;0.13;1.10;212412;0.71;366.63
UNO_UNO0;2015/01/20 17:46:50;43;43;0.14;21.90;43.80;0.13;1.28;374867;1.25;644.72
UNO_UNO0;2015/01/20 17:47:20;44;44;0.14;21.90;44.00;0.13;0.76;419568;1.40;721.91
UNO_UNO0;2015/01/20 17:47:51;45;45;0.14;21.90;44.00;0.13;0.90;335581;1.12;577.72
UNO_UNO0;2015/01/20 17:48:22;46;46;0.14;21.90;44.10;0.13;0.78;1465820;4.87;2570.49
UNO_UNO0;2015/01/20 17:48:53;47;47;0.14;21.90;44.10;0.13;2.06;1305486;4.26;2232.52
UNO_UNO0;2015/01/20 17:49:23;48;48;0.15;21.90;43.00;0.14;1.36;1450240;4.83;2546.77
UNO_UNO0;2015/01/20 17:49:54;49;49;0.16;22.00;42.80;0.14;1.46;1576346;5.24;2778.05
UNO_UNO0;2015/01/20 17:50:25;50;50;0.16;22.00;43.20;0.15;0.89;1450383;4.75;2502.80
UNO_UNO0;2015/01/20 17:50:56;51;51;0.17;21.90;43.20;0.15;2.12;1344731;4.45;2338.88
UNO_UNO0;2015/01/20 17:51:27;52;52;0.17;21.90;43.50;0.16;1.63;1010886;3.29;1711.85
UNO_UNO0;2015/01/20 17:51:58;53;53;0.18;22.00;43.70;0.16;0.55;1116631;3.64;1894.26
UNO_UNO0;2015/01/20 17:52:29;54;54;0.19;22.00;43.70;0.17;0.54;1594075;5.26;2792.22
UNO_UNO0;2015/01/20 17:53:01;55;55;0.19;21.90;44.00;0.17;1.71;1726729;5.57;2966.56
UNO_UNO0;2015/01/20 17:53:31;56;56;0.19;22.00;44.10;0.18;0.54;1358477;4.51;2369.72
UNO_UNO0;2015/01/20 17:54:02;57;57;0.20;21.90;44.30;0.19;1.22;1099134;3.59;1870.69
UNO_UNO0;2015/01/20 17:54:33;58;58;0.20;22.00;44.50;0.19;1.52;2176266;7.23;3978.76
UNO_UNO0;2015/01/20 17:55:04;59;59;0.21;21.90;44.60;0.19;0.56;2372046;7.72;4297.30
UNO_UNO0;2015/01/20 17:55:35;60;60;0.21;21.90;44.50;0.20;0.56;1639487;5.46;2906.45
UNO_UNO0;2015/01/20 17:56:06;61;61;0.21;22.00;44.60;0.20;1.98;2204074;7.30;4022.16
UNO_UNO0;2015/01/20 17:56:37;62;62;0.22;22.00;44.70;0.21;1.37;2310230;7.55;4183.59
UNO_UNO0;2015/01/20 17:57:07;63;63;0.22;22.00;45.00;0.21;1.91;2719334;9.06;5220.94
UNO_UNO0;2015/01/20 17:57:38;64;64;0.22;22.00;45.00;0.22;0.60;1965247;6.52;3534.87
UNO_UNO0;2015/01/20 17:58:09;65;65;0.22;22.00;45.30;0.22;0.52;2192004;7.13;3914.11
UNO_UNO0;2015/01/20 17:58:40;66;66;0.23;22.00;45.50;0.22;1.56;2062710;6.87;3751.04
UNO_UNO0;2015/01/20 17:59:11;67;67;0.24;21.90;45.60;0.23;0.61;2468365;8.07;4528.36
UNO_UNO0;2015/01/20 17:59:42;68;68;0.24;22.00;45.70;0.23;2.05;2633412;8.76;5004.03
UNO_UNO0;2015/01/20 18:00:12;69;69;0.24;22.00;45.80;0.24;0.65;2596689;8.65;4924.92
UNO_UNO0;2015/01/20 18:00:43;70;70;0.25;22.00;45.90;0.25;2.02;2294080;7.62;4229.90
UNO_UNO0;2015/01/20 18:01:13;71;71;0.25;22.00;46.00;0.25;1.97;2249712;7.49;4142.06
UNO_UNO0;2015/01/20 18:01:45;72;72;0.25;22.00;46.20;0.25;0.64;2630346;8.56;4865.91
UNO_UNO0;2015/01/20 18:02:15;73;73;0.26;22.00;46.20;0.25;0.62;1824313;6.08;3268.27
UNO_UNO0;2015/01/20 18:02:47;74;74;0.26;22.00;46.20;0.26;1.78;1937746;6.27;3380.21
UNO_UNO0;2015/01/20 18:03:18;75;75;0.27;22.00;46.10;0.26;0.96;2615807;8.58;4877.71
UNO_UNO0;2015/01/20 18:03:49;76;76;0.27;22.00;46.50;0.27;0.83;2973238;9.71;5696.28
UNO_UNO0;2015/01/20 18:04:19;77;77;0.27;22.00;46.80;0.27;1.78;2630198;8.76;5005.54
UNO_UNO0;2015/01/20 18:04:50;78;78;0.28;22.00;46.90;0.27;2.05;2524814;8.38;4735.26
UNO_UNO0;2015/01/20 18:05:21;79;79;0.28;22.00;47.00;0.28;2.04;2787421;9.24;5350.53
UNO_UNO0;2015/01/20 18:05:52;80;80;0.29;22.00;47.00;0.28;0.95;3635302;11.92;7519.14
UNO_UNO0;2015/01/20 18:06:23;81;81;0.29;22.00;47.20;0.28;1.46;2934366;9.56;5588.47
UNO_UNO0;2015/01/20 18:06:54;82;82;0.29;22.00;47.30;0.29;0.85;3410595;11.04;6759.02
UNO_UNO0;2015/01/20 18:07:25;83;83;0.30;22.00;47.30;0.29;2.06;2768597;9.21;5323.21
UNO_UNO0;2015/01/20 18:07:56;84;84;0.30;22.00;47.50;0.29;0.54;3802922;12.67;8216.77
UNO_UNO0;2015/01/20 18:08:27;85;85;0.30;22.00;47.40;0.29;2.01;3192727;10.42;6252.39
UNO_UNO0;2015/01/20 18:08:57;86;86;0.31;22.00;47.60;0.30;0.48;3850616;12.76;8306.17
UNO_UNO0;2015/01/20 18:09:28;87;87;0.31;22.00;47.80;0.30;0.55;3097825;10.17;6056.04
UNO_UNO0;2015/01/20 18:09:59;88;88;0.31;22.00;47.80;0.30;0.48;4177589;13.86;9408.68
UNO_UNO0;2015/01/20 18:10:30;89;89;0.32;22.00;47.90;0.30;1.90;3403498;11.13;6836.42
UNO_UNO0;2015/01/20 18:11:01;90;90;0.32;22.00;47.90;0.31;1.09;3697073;12.27;7843.94
UNO_UNO0;2015/01/20 18:11:31;91;91;0.32;22.00;47.80;0.31;2.03;2813275;9.38;5448.07
UNO_UNO0;2015/01/20 18:12:03;92;92;0.33;22.00;48.20;0.31;1.99;4230702;13.79;9335.50
UNO_UNO0;2015/01/20 18:12:33;93;93;0.33;22.00;48.30;0.31;1.86;3502924;11.66;7290.69
UNO_UNO0;2015/01/20 18:13:04;94;94;0.33;22.00;48.60;0.32;1.40;4685997;15.60;11359.18
UNO_UNO0;2015/01/20 18:13:35;95;95;0.34;22.00;48.50;0.32;1.99;4602166;14.89;10534.95
UNO_UNO0;2015/01/20 18:14:06;96;96;0.34;22.00;48.60;0.32;1.38;4624374;15.12;10800.89
UNO_UNO0;2015/01/20 18:14:37;97;97;0.35;22.00;48.50;0.33;1.08;4785893;15.88;11699.01
UNO_UNO0;2015/01/20 18:15:08;98;98;0.35;22.00;48.80;0.33;1.06;4189335;13.84;9384.09
UNO_UNO0;2015/01/20 18:15:39;99;99;0.35;22.00;48.70;0.33;0.89;4878153;16.13;12014.35
UNO_UNO0;2015/01/20 18:16:09;100;100;0.36;22.00;49.10;0.33;0.51;4892023;16.26;12186.32
UNO_UNO0;2015/01/20 18:16:40;101;101;0.36;22.00;48.90;0.33;1.38;4870551;16.22;12131.40
UNO_UNO0;2015/01/20 18:17:11;102;102;0.37;22.00;49.00;0.34;0.86;4659245;15.34;11052.84
UNO_UNO0;2015/01/20 18:17:42;103;103;0.37;22.10;49.30;0.34;1.49;4266590;13.77;9313.79
UNO_UNO0;2015/01/20 18:18:13;104;104;0.37;22.00;49.30;0.34;0.75;4861106;16.16;12049.60
UNO_UNO0;2015/01/20 18:18:44;105;105;0.38;22.00;49.30;0.34;1.94;5088258;16.79;12864.68
UNO_UNO0;2015/01/20 18:19:14;106;106;0.38;22.10;49.50;0.34;0.45;4339090;14.44;10025.98
UNO_UNO0;2015/01/20 18:19:45;107;107;0.38;22.10;49.70;0.34;0.48;3997581;13.14;8676.35
UNO_UNO0;2015/01/20 18:20:16;108;108;0.38;22.00;49.60;0.34;1.30;3442216;11.35;7023.34
UNO_UNO0;2015/01/20 18:20:47;109;109;0.38;22.10;49.90;0.34;0.49;4290587;14.11;9668.96
UNO_UNO0;2015/01/20 18:21:18;110;110;0.38;22.00;49.90;0.34;0.49;3355303;11.16;6857.41
UNO_UNO0;2015/01/20 18:21:48;111;111;0.37;22.10;50.00;0.34;0.50;4058649;13.42;8957.86
UNO_UNO0;2015/01/20 18:22:20;112;112;0.38;22.10;49.90;0.34;1.36;4204669;13.73;9270.03
UNO_UNO0;2015/01/20 18:22:50;113;113;0.37;22.00;49.90;0.33;0.51;3650163;12.10;7689.23
UNO_UNO0;2015/01/20 18:23:21;114;114;0.38;22.00;49.70;0.33;1.63;3974344;13.02;8551.75
UNO_UNO0;2015/01/20 18:23:53;115;115;0.38;22.00;50.10;0.33;1.97;2987987;9.74;5723.62
UNO_UNO0;2015/01/20 18:24:23;116;116;0.37;22.10;50.30;0.33;1.96;3525403;11.69;7313.09
UNO_UNO0;2015/01/20 18:24:54;117;117;0.38;22.10;50.30;0.33;1.92;3625530;12.07;7661.89
UNO_UNO0;2015/01/20 18:25:25;118;118;0.37;22.10;50.60;0.33;1.34;3491532;11.41;7074.91
UNO_UNO0;2015/01/20 18:25:55;119;119;0.37;22.10;50.50;0.33;1.55;2955437;9.85;5803.02
UNO_UNO0;2015/01/20 18:26:26;120;120;0.37;22.00;50.60;0.33;1.71;3300827;10.97;6700.05
UNO_UNO0;2015/01/20 18:26:57;121;121;0.37;22.00;50.40;0.33;1.63;4010120;13.35;8880.49
UNO_UNO0;2015/01/20 18:27:28;122;122;0.37;22.10;50.40;0.33;0.50;3728252;12.30;7867.92
UNO_UNO0;2015/01/20 18:27:58;123;123;0.37;22.10;50.60;0.33;1.10;3297115;10.98;6706.81
UNO_UNO0;2015/01/20 18:28:29;124;124;0.37;22.10;50.80;0.33;1.34;3108715;10.35;6192.10
UNO_UNO0;2015/01/20 18:29:00;125;125;0.37;22.00;50.40;0.33;0.41;2539509;8.33;4705.53
UNO_UNO0;2015/01/20 18:29:30;126;126;0.37;22.10;50.90;0.32;1.52;2790592;9.27;5373.78
UNO_UNO0;2015/01/20 18:30:01;127;127;0.37;22.10;50.90;0.32;1.27;3034890;10.11;6007.35
UNO_UNO0;2015/01/20 18:30:31;128;128;0.37;22.10;51.10;0.32;1.30;3163282;10.52;6334.88
UNO_UNO0;2015/01/20 18:31:02;129;129;0.37;22.10;51.10;0.32;1.58;3092818;10.24;6110.56
UNO_UNO0;2015/01/20 18:31:33;130;130;0.37;22.10;51.30;0.32;0.59;2897709;9.63;5640.70
UNO_UNO0;2015/01/20 18:32:03;131;131;0.37;22.10;51.10;0.32;1.86;3247780;10.82;6575.67
UNO_UNO0;2015/01/20 18:32:34;132;132;0.37;22.00;51.10;0.32;1.93;2647882;8.76;5002.42
UNO_UNO0;2015/01/20 18:33:06;133;133;0.37;22.10;51.40;0.32;1.95;3133365;10.10;6000.96
UNO_UNO0;2015/01/20 18:33:36;134;134;0.37;22.10;51.60;0.32;1.56;2787530;9.26;5362.93
UNO_UNO0;2015/01/20 18:34:08;135;135;0.36;22.10;51.60;0.32;0.50;3584434;11.69;7320.55
UNO_UNO0;2015/01/20 18:34:38;136;136;0.36;22.10;51.40;0.32;1.12;2250138;7.43;4108.09
UNO_UNO0;2015/01/20 18:35:09;137;137;0.37;22.00;51.20;0.31;0.38;1802079;5.99;3214.87
UNO_UNO0;2015/01/20 18:35:39;138;138;0.36;22.10;51.50;0.31;0.42;2388124;7.96;4453.76
UNO_UNO0;2015/01/20 18:36:11;139;139;0.36;22.00;51.60;0.31;1.94;2644905;8.64;4916.32
UNO_UNO0;2015/01/20 18:36:42;140;140;0.36;22.10;51.30;0.31;1.57;3208710;10.48;6296.09
UNO_UNO0;2015/01/20 18:37:12;141;141;0.36;22.10;51.80;0.31;1.33;2689544;8.96;5143.70
UNO_UNO0;2015/01/20 18:37:43;142;142;0.36;22.10;51.80;0.31;0.42;3404176;11.23;6921.14
UNO_UNO0;2015/01/20 18:38:15;143;143;0.36;22.00;51.90;0.31;1.29;3272616;10.57;6373.52
UNO_UNO0;2015/01/20 18:38:45;144;144;0.36;22.10;51.90;0.31;0.36;2654305;8.82;5043.69
UNO_UNO0;2015/01/20 18:39:16;145;145;0.36;22.00;51.90;0.31;0.96;2731256;9.10;5246.61
UNO_UNO0;2015/01/20 18:39:47;146;146;0.36;22.00;52.00;0.31;0.35;2756921;9.17;5295.37
UNO_UNO0;2015/01/20 18:40:17;147;147;0.36;22.10;52.10;0.31;0.90;2451254;8.15;4582.75
UNO_UNO0;2015/01/20 18:40:48;148;148;0.36;22.00;52.10;0.31;0.76;2177268;7.23;3976.45
UNO_UNO0;2015/01/20 18:41:18;149;149;0.36;22.00;52.30;0.31;1.74;3175864;10.57;6371.21
UNO_UNO0;2015/01/20 18:41:49;150;150;0.36;22.00;52.00;0.31;1.30;2404890;7.97;4463.05
UNO_UNO0;2015/01/20 18:42:20;151;151;0.36;22.10;52.40;0.30;1.90;2532893;8.39;4748.15
UNO_UNO0;2015/01/20 18:42:50;152;152;0.35;22.00;52.20;0.30;1.93;2666761;8.87;5081.69
UNO_UNO0;2015/01/20 18:43:22;153;153;0.35;22.00;52.40;0.30;0.35;2189112;7.14;3918.89
UNO_UNO0;2015/01/20 18:43:52;154;154;0.35;22.00;52.50;0.30;1.61;2221619;7.39;4077.70
UNO_UNO0;2015/01/20 18:44:24;155;155;0.35;22.10;52.50;0.30;0.98;2768662;8.93;5122.06
UNO_UNO0;2015/01/20 18:44:54;156;156;0.35;22.00;52.20;0.30;1.48;2409870;8.02;4492.83
UNO_UNO0;2015/01/20 18:45:25;157;157;0.35;22.00;52.60;0.30;0.74;2380826;7.92;4427.12
UNO_UNO0;2015/01/20 18:45:56;158;158;0.35;22.00;52.40;0.30;1.31;2714291;9.00;5171.46
UNO_UNO0;2015/01/20 18:46:26;159;159;0.35;22.00;52.30;0.31;0.34;1674643;5.57;2969.80
UNO_UNO0;2015/01/20 18:46:57;160;160;0.35;22.00;52.80;0.30;0.38;1895922;6.27;3384.77
UNO_UNO0;2015/01/20 18:47:28;161;161;0.36;22.00;52.70;0.31;0.63;1651392;5.42;2882.79
UNO_UNO0;2015/01/20 18:47:59;162;162;0.35;22.10;53.10;0.30;1.89;1360545;4.53;2379.59
UNO_UNO0;2015/01/20 18:48:29;163;163;0.35;22.00;52.80;0.30;0.34;2174338;7.23;3975.60
UNO_UNO0;2015/01/20 18:49:00;164;164;0.35;22.00;52.90;0.30;1.32;2270168;7.56;4187.91
UNO_UNO0;2015/01/20 18:49:30;165;165;0.35;22.00;53.10;0.30;1.70;1738813;5.78;3092.05
UNO_UNO0;2015/01/20 18:50:02;166;166;0.35;22.00;52.90;0.30;0.35;2270390;7.41;4090.32
UNO_UNO0;2015/01/20 18:50:33;167;167;0.36;22.00;53.00;0.30;1.91;2199843;7.17;3938.71
UNO_UNO0;2015/01/20 18:51:03;168;168;0.35;22.00;53.20;0.31;0.97;2128981;7.09;3888.58
UNO_UNO0;2015/01/20 18:51:34;169;169;0.35;22.00;53.10;0.31;0.33;1693053;5.64;3011.61
UNO_UNO0;2015/01/20 18:52:05;170;170;0.35;22.00;53.30;0.31;0.73;2467712;8.20;4613.59
UNO_UNO0;2015/01/20 18:52:35;171;171;0.36;22.00;53.20;0.31;1.88;2094581;6.91;3775.50
UNO_UNO0;2015/01/20 18:53:06;172;172;0.35;22.00;53.40;0.31;0.37;1085879;3.57;1856.43
UNO_UNO0;2015/01/20 18:53:37;173;173;0.36;22.00;53.40;0.30;1.14;1970977;6.55;3554.60
UNO_UNO0;2015/01/20 18:54:08;174;174;0.35;22.00;53.50;0.30;0.42;2490221;8.28;4669.21
UNO_UNO0;2015/01/20 18:54:39;175;175;0.35;22.00;53.50;0.30;0.53;2011909;6.57;3564.51
UNO_UNO0;2015/01/20 18:55:10;176;176;0.35;22.00;53.60;0.30;0.68;1744187;5.75;3074.62
UNO_UNO0;2015/01/20 18:55:41;177;177;0.35;22.00;53.60;0.30;0.93;1706553;5.50;2931.37
UNO_UNO0;2015/01/20 18:56:12;178;178;0.35;22.00;53.70;0.30;1.27;1679368;5.57;2969.24
UNO_UNO0;2015/01/20 18:56:42;179;179;0.35;22.00;53.40;0.30;0.37;1703262;5.67;3025.27
UNO_UNO0;2015/01/20 18:57:13;180;180;0.35;22.00;54.00;0.30;1.75;1312744;4.37;2294.81
UNO_UNO0;2015/01/20 18:57:44;181;181;0.35;22.00;53.80;0.30;0.61;1566414;5.20;2755.29
UNO_UNO0;2015/01/20 18:58:15;182;182;0.35;22.00;53.80;0.30;0.34;1027258;3.40;1765.38
UNO_UNO0;2015/01/20 18:58:46;183;183;0.35;22.00;53.80;0.30;1.85;1479486;4.85;2559.79
UNO_UNO0;2015/01/20 18:59:16;184;184;0.35;22.00;53.60;0.30;1.74;2268995;7.51;4154.68
UNO_UNO0;2015/01/20 18:59:47;185;185;0.35;22.00;53.80;0.30;0.28;1807131;5.93;3177.38
UNO_UNO0;2015/01/20 19:00:18;186;186;0.35;22.00;53.90;0.30;1.38;1704354;5.68;3033.00
UNO_UNO0;2015/01/20 19:00:48;187;187;0.35;22.00;54.10;0.30;0.31;1642742;5.46;2907.04
UNO_UNO0;2015/01/20 19:01:19;188;188;0.34;22.00;54.10;0.30;0.76;1526297;5.07;2680.84
UNO_UNO0;2015/01/20 19:01:50;189;189;0.35;22.00;54.10;0.30;0.50;1707745;5.59;2977.96
UNO_UNO0;2015/01/20 19:02:22;190;190;0.35;22.00;54.30;0.30;0.67;1871283;6.09;3275.66
UNO_UNO0;2015/01/20 19:02:52;191;191;0.34;22.00;54.30;0.30;1.63;1862379;6.20;3342.49
UNO_UNO0;2015/01/20 19:03:23;192;192;0.34;22.00;54.10;0.30;1.06;1384303;4.59;2414.17
UNO_UNO0;2015/01/20 19:03:53;193;193;0.34;22.00;54.20;0.30;1.60;1777669;5.92;3174.67
UNO_UNO0;2015/01/20 19:04:24;194;194;0.34;22.00;54.40;0.30;0.86;1607185;5.35;2843.51
UNO_UNO0;2015/01/20 19:04:54;195;195;0.34;22.00;54.50;0.30;0.51;1543855;5.13;2718.62
UNO_UNO0;2015/01/20 19:05:25;196;196;0.34;22.00;54.50;0.30;0.30;1382765;4.61;2423.20
UNO_UNO0;2015/01/20 19:05:56;197;197;0.34;22.00;54.40;0.30;1.24;1413367;4.68;2464.97
UNO_UNO0;2015/01/20 19:06:26;198;198;0.34;22.00;54.60;0.30;0.29;1483898;4.94;2611.37
UNO_UNO0;2015/01/20 19:06:57;199;199;0.34;22.00;54.20;0.30;0.25;927137;3.09;1602.91
UNO_UNO0;2015/01/20 19:07:28;200;200;0.34;22.00;54.50;0.30;0.49;1762818;5.74;3069.58
UNO_UNO0;2015/01/20 19:07:59;201;201;0.34;22.00;54.60;0.30;0.63;1380755;4.60;2417.53
UNO_UNO0;2015/01/20 19:08:30;202;202;0.34;22.00;54.70;0.30;0.96;1519323;5.01;2649.40
UNO_UNO0;2015/01/20 19:09:00;203;203;0.34;22.00;54.80;0.30;1.54;2105865;6.92;3783.35
UNO_UNO0;2015/01/20 19:09:32;204;204;0.34;22.00;54.50;0.30;0.46;1185796;3.87;2018.48
UNO_UNO0;2015/01/20 19:10:03;205;205;0.34;22.00;55.00;0.30;0.50;1644312;5.32;2826.39
UNO_UNO0;2015/01/20 19:10:35;206;206;0.34;22.00;54.90;0.30;1.48;1050666;3.38;1759.70
UNO_UNO0;2015/01/20 19:11:06;207;207;0.34;22.00;55.00;0.30;0.25;1402760;4.54;2385.20
UNO_UNO0;2015/01/20 19:11:37;208;208;0.34;22.00;55.00;0.30;1.86;874965;2.91;1509.08
UNO_UNO0;2015/01/20 19:12:08;209;209;0.34;22.00;55.00;0.30;1.07;916293;3.01;1562.99
UNO_UNO0;2015/01/20 19:12:38;210;210;0.34;21.90;55.10;0.30;1.84;989653;3.29;1710.14
UNO_UNO0;2015/01/20 19:13:09;211;211;0.34;21.90;55.30;0.30;0.70;1097696;3.65;1902.91
UNO_UNO0;2015/01/20 19:13:39;212;212;0.34;21.90;55.00;0.30;0.53;907402;3.02;1565.47
UNO_UNO0;2015/01/20 19:14:10;213;213;0.34;22.00;55.30;0.29;0.23;1194678;3.97;2074.07
UNO_UNO0;2015/01/20 19:14:41;214;214;0.34;21.90;55.20;0.29;0.43;1076666;3.51;1825.85
UNO_UNO0;2015/01/20 19:15:12;215;215;0.34;21.90;55.30;0.29;0.29;1015609;3.38;1756.42
UNO_UNO0;2015/01/20 19:15:42;216;216;0.34;22.00;55.30;0.29;1.86;1403517;4.68;2461.55
UNO_UNO0;2015/01/20 19:16:13;217;217;0.34;22.00;55.20;0.29;1.17;996802;3.30;1713.15
UNO_UNO0;2015/01/20 19:16:44;218;218;0.34;21.90;55.40;0.29;0.30;1008051;3.34;1735.73
UNO_UNO0;2015/01/20 19:17:15;219;219;0.34;21.90;55.70;0.29;1.20;981983;3.23;1675.05
UNO_UNO0;2015/01/20 19:17:46;220;220;0.34;21.90;55.70;0.29;0.92;855496;2.84;1473.96
UNO_UNO0;2015/01/20 19:18:17;221;221;0.34;21.90;55.60;0.29;0.23;1419573;4.64;2440.93
UNO_UNO0;2015/01/20 19:18:47;222;222;0.34;21.90;55.70;0.29;1.55;878004;2.92;1512.41
UNO_UNO0;2015/01/20 19:19:18;223;223;0.34;21.90;55.80;0.29;0.25;982124;3.26;1693.69
UNO_UNO0;2015/01/20 19:19:49;224;224;0.34;21.90;55.70;0.29;0.23;724930;2.36;1219.25
UNO_UNO0;2015/01/20 19:20:20;225;225;0.34;21.90;55.80;0.29;0.91;749044;2.49;1287.03
UNO_UNO0;2015/01/20 19:20:51;226;226;0.34;21.90;55.90;0.29;1.84;781180;2.57;1328.70
UNO_UNO0;2015/01/20 19:21:22;227;227;0.33;21.90;55.80;0.29;0.23;903815;2.95;1528.31
UNO_UNO0;2015/01/20 19:21:53;228;228;0.34;21.90;55.60;0.29;0.26;910311;2.97;1539.67
UNO_UNO0;2015/01/20 19:22:25;229;229;0.34;21.90;55.90;0.29;0.92;830282;2.69;1391.72
UNO_UNO0;2015/01/20 19:22:56;230;230;0.34;21.90;55.90;0.29;1.71;901556;2.90;1505.26
UNO_UNO0;2015/01/20 19:23:28;231;231;0.33;21.90;56.00;0.29;1.86;1189990;3.87;2021.84
UNO_UNO0;2015/01/20 19:23:59;232;232;0.33;21.90;55.90;0.29;0.31;735499;2.40;1241.85
UNO_UNO0;2015/01/20 19:24:29;233;233;0.33;21.90;56.10;0.29;0.22;970856;3.24;1680.81
UNO_UNO0;2015/01/20 19:25:01;234;234;0.33;21.90;56.00;0.29;1.74;1337472;4.36;2286.20
UNO_UNO0;2015/01/20 19:25:31;235;235;0.33;21.90;56.10;0.29;0.94;894186;2.97;1542.05
UNO_UNO0;2015/01/20 19:26:02;236;236;0.33;21.90;56.20;0.29;0.25;802886;2.67;1382.53
UNO_UNO0;2015/01/20 19:26:33;237;237;0.33;21.90;56.40;0.29;1.18;790738;2.62;1356.98
UNO_UNO0;2015/01/20 19:27:04;238;238;0.33;21.90;56.30;0.29;1.76;740523;2.43;1256.20
UNO_UNO0;2015/01/20 19:27:35;239;239;0.33;21.90;56.40;0.29;0.96;727566;2.37;1226.84
UNO_UNO0;2015/01/20 19:28:06;240;240;0.33;21.90;56.30;0.29;0.44;1003808;3.31;1720.98
UNO_UNO0;2015/01/20 19:28:37;241;241;0.33;21.90;56.40;0.29;0.96;744104;2.40;1240.90
UNO_UNO0;2015/01/20 19:29:08;242;242;0.33;21.90;56.30;0.29;0.84;1159324;3.85;2010.75
UNO_UNO0;2015/01/20 19:29:38;243;243;0.33;21.90;56.30;0.29;0.37;705355;2.35;1214.08
UNO_UNO0;2015/01/20 19:30:10;244;244;0.33;21.90;56.30;0.29;1.12;980673;3.19;1657.56
UNO_UNO0;2015/01/20 19:30:40;245;245;0.33;21.90;56.50;0.29;0.59;850430;2.83;1466.20
UNO_UNO0;2015/01/20 19:31:11;246;246;0.33;21.90;56.60;0.28;1.28;903119;3.00;1558.64
UNO_UNO0;2015/01/20 19:31:42;247;247;0.33;21.90;56.60;0.29;0.20;1334417;4.35;2283.77
UNO_UNO0;2015/01/20 19:32:13;248;248;0.33;21.90;56.60;0.29;1.35;1346223;4.38;2298.67
UNO_UNO0;2015/01/20 19:32:45;249;249;0.33;21.90;56.70;0.29;0.47;771791;2.48;1281.87
UNO_UNO0;2015/01/20 19:33:16;250;250;0.33;21.90;56.70;0.29;0.39;1086470;3.54;1840.03
UNO_UNO0;2015/01/20 19:33:47;251;251;0.32;21.90;56.90;0.28;0.60;975122;3.25;1685.65
UNO_UNO0;2015/01/20 19:34:17;252;252;0.33;21.90;56.50;0.28;0.57;827945;2.76;1428.03
UNO_UNO0;2015/01/20 19:34:48;253;253;0.33;21.90;56.90;0.28;1.40;1414452;4.67;2459.21
UNO_UNO0;2015/01/20 19:35:19;254;254;0.33;21.90;56.90;0.28;0.95;745710;2.44;1261.73
UNO_UNO0;2015/01/20 19:35:51;255;255;0.33;21.90;56.80;0.29;1.74;856415;2.75;1422.97
UNO_UNO0;2015/01/20 19:36:22;256;256;0.32;21.90;56.90;0.28;0.64;1087941;3.56;1851.06
UNO_UNO0;2015/01/20 19:36:53;257;257;0.33;21.90;56.90;0.28;0.46;554815;1.84;952.07
UNO_UNO0;2015/01/20 19:37:23;258;258;0.33;21.90;56.90;0.29;0.89;643118;2.14;1107.95
UNO_UNO0;2015/01/20 19:37:55;259;259;0.33;21.90;57.00;0.28;1.84;943788;3.08;1596.22
UNO_UNO0;2015/01/20 19:38:25;260;260;0.33;21.80;56.90;0.28;0.18;548289;1.82;943.28
UNO_UNO0;2015/01/20 19:38:56;261;261;0.33;21.90;57.20;0.28;1.79;475882;1.55;803.55
UNO_UNO0;2015/01/20 19:39:28;262;262;0.33;21.90;57.10;0.28;1.75;796939;2.60;1343.85
UNO_UNO0;2015/01/20 19:39:58;263;263;0.32;21.90;57.20;0.28;1.76;727264;2.42;1252.07
UNO_UNO0;2015/01/20 19:40:29;264;264;0.32;21.90;57.10;0.28;0.20;758345;2.52;1304.36
UNO_UNO0;2015/01/20 19:41:00;265;265;0.33;21.90;57.00;0.28;1.83;871704;2.89;1499.48
UNO_UNO0;2015/01/20 19:41:31;266;266;0.32;21.80;57.20;0.28;0.63;584183;1.91;988.51
UNO_UNO0;2015/01/20 19:42:02;267;267;0.32;21.90;57.10;0.28;0.23;740316;2.41;1249.38
UNO_UNO0;2015/01/20 19:42:33;268;268;0.32;21.90;57.00;0.28;0.95;391275;1.28;659.73
UNO_UNO0;2015/01/20 19:43:04;269;269;0.32;21.80;57.10;0.28;1.60;812041;2.65;1373.04
UNO_UNO0;2015/01/20 19:43:35;270;270;0.32;21.90;57.30;0.28;0.93;696475;2.31;1197.11
UNO_UNO0;2015/01/20 19:44:05;271;271;0.32;21.80;57.30;0.28;1.77;489821;1.63;842.45
UNO_UNO0;2015/01/20 19:44:36;272;272;0.32;21.90;57.50;0.28;1.82;563136;1.87;968.83
UNO_UNO0;2015/01/20 19:45:07;273;273;0.32;21.90;57.30;0.28;0.25;559791;1.86;963.97
UNO_UNO0;2015/01/20 19:45:38;274;274;0.32;21.80;57.40;0.28;1.07;301557;0.98;508.93
UNO_UNO0;2015/01/20 19:46:09;275;275;0.32;21.80;57.50;0.28;1.83;710055;2.31;1195.23
UNO_UNO0;2015/01/20 19:46:40;276;276;0.33;21.90;57.60;0.28;1.79;411390;1.37;708.68
UNO_UNO0;2015/01/20 19:47:10;277;277;0.32;21.80;57.60;0.28;1.40;355514;1.18;611.65
UNO_UNO0;2015/01/20 19:47:41;278;278;0.32;21.80;57.30;0.29;1.79;582170;1.92;995.01
UNO_UNO0;2015/01/20 19:48:13;279;279;0.32;21.80;57.40;0.28;0.95;476738;1.53;792.67
UNO_UNO0;2015/01/20 19:48:44;280;280;0.32;21.80;57.30;0.28;1.12;471416;1.54;795.92
UNO_UNO0;2015/01/20 19:49:15;281;281;0.32;21.80;57.60;0.28;0.18;504841;1.65;851.17
UNO_UNO0;2015/01/20 19:49:46;282;282;0.32;21.80;57.70;0.29;1.08;489886;1.63;843.18
UNO_UNO0;2015/01/20 19:50:16;283;283;0.32;21.80;57.70;0.29;1.02;423714;1.41;728.98
UNO_UNO0;2015/01/20 19:50:47;284;284;0.32;21.80;57.70;0.29;0.65;822732;2.71;1405.96
UNO_UNO0;2015/01/20 19:51:19;285;285;0.32;21.80;57.80;0.29;1.43;634582;2.05;1058.22
UNO_UNO0;2015/01/20 19:51:49;286;286;0.32;21.80;57.80;0.28;1.64;538511;1.79;925.69
UNO_UNO0;2015/01/20 19:52:20;287;287;0.32;21.80;57.40;0.29;0.52;672212;2.24;1157.49
UNO_UNO0;2015/01/20 19:52:51;288;288;0.32;21.80;57.70;0.28;1.17;548451;1.82;942.24
UNO_UNO0;2015/01/20 19:53:22;289;289;0.32;21.80;57.40;0.28;0.41;594374;1.94;1002.13
UNO_UNO0;2015/01/20 19:53:52;290;290;0.32;21.80;57.80;0.28;0.33;683348;2.27;1176.40
UNO_UNO0;2015/01/20 19:54:23;291;291;0.32;21.80;57.80;0.28;0.20;724407;2.40;1243.75
UNO_UNO0;2015/01/20 19:54:54;292;292;0.32;21.80;57.90;0.28;1.81;639842;2.09;1081.23
UNO_UNO0;2015/01/20 19:55:25;293;293;0.32;21.80;58.00;0.28;0.69;901249;3.00;1555.21
UNO_UNO0;2015/01/20 19:55:55;294;294;0.32;21.80;57.90;0.28;1.36;696245;2.32;1198.44
UNO_UNO0;2015/01/20 19:56:26;295;295;0.32;21.80;58.10;0.28;0.17;440882;1.46;757.58
UNO_UNO0;2015/01/20 19:56:57;296;296;0.32;21.80;57.80;0.28;1.53;504838;1.65;852.97
UNO_UNO0;2015/01/20 19:57:28;297;297;0.32;21.80;58.00;0.28;1.77;486923;1.59;819.75
UNO_UNO0;2015/01/20 19:57:59;298;298;0.32;21.80;58.00;0.28;0.43;946438;3.15;1635.44
UNO_UNO0;2015/01/20 19:58:30;299;299;0.32;21.80;58.30;0.28;0.44;641237;2.13;1103.04
UNO_UNO0;2015/01/20 19:59:01;300;300;0.32;21.80;58.30;0.28;0.33;498845;1.63;841.65
UNO_UNO0;2015/01/20 19:59:31;301;301;0.32;21.80;58.30;0.28;0.77;602750;2.00;1034.48
UNO_UNO0;2015/01/20 20:00:03;302;302;0.32;21.80;58.20;0.28;0.25;445561;1.46;752.73
UNO_UNO0;2015/01/20 20:00:33;303;303;0.32;21.80;58.30;0.28;0.17;916231;3.04;1579.40
UNO_UNO0;2015/01/20 20:01:04;304;304;0.31;21.80;58.50;0.28;1.78;436833;1.44;746.44
UNO_UNO0;2015/01/20 20:01:36;305;305;0.32;21.80;58.30;0.28;1.80;527221;1.70;878.53
UNO_UNO0;2015/01/20 20:02:07;306;306;0.32;21.80;58.30;0.28;0.81;439530;1.43;741.31
UNO_UNO0;2015/01/20 20:02:37;307;307;0.31;21.80;58.50;0.28;0.20;463759;1.54;797.89
UNO_UNO0;2015/01/20 20:03:09;308;308;0.32;21.80;58.50;0.28;0.42;318101;1.04;536.48
UNO_UNO0;2015/01/20 20:03:40;309;309;0.32;21.80;58.60;0.28;1.02;718081;2.34;1209.57
UNO_UNO0;2015/01/20 20:04:11;310;310;0.31;21.80;58.60;0.28;0.24;424999;1.39;718.41
UNO_UNO0;2015/01/20 20:04:42;311;311;0.31;21.80;58.30;0.28;0.22;497393;1.65;854.86
UNO_UNO0;2015/01/20 20:05:13;312;312;0.31;21.80;58.70;0.28;1.10;332230;1.08;561.65
UNO_UNO0;2015/01/20 20:05:43;313;313;0.31;21.80;58.50;0.28;0.41;532530;1.77;915.90
UNO_UNO0;2015/01/20 20:06:15;314;314;0.31;21.80;58.50;0.28;0.21;493928;1.61;833.48
UNO_UNO0;2015/01/20 20:06:45;315;315;0.32;21.80;58.70;0.28;1.80;470844;1.56;808.74
UNO_UNO0;2015/01/20 20:07:16;316;316;0.32;21.80;58.70;0.28;0.28;531144;1.73;895.07
UNO_UNO0;2015/01/20 20:07:48;317;317;0.31;21.80;58.50;0.28;0.18;407247;1.33;688.42
UNO_UNO0;2015/01/20 20:08:18;318;318;0.31;21.80;58.70;0.28;0.28;462941;1.54;795.35
UNO_UNO0;2015/01/20 20:08:49;319;319;0.32;21.80;58.60;0.28;0.91;507492;1.69;873.94
UNO_UNO0;2015/01/20 20:09:20;320;320;0.32;21.80;58.80;0.28;0.25;388895;1.27;656.07
UNO_UNO0;2015/01/20 20:09:51;321;321;0.31;21.80;58.80;0.28;1.80;256230;0.83;432.49
UNO_UNO0;2015/01/20 20:10:22;322;322;0.31;21.80;58.30;0.28;0.34;360304;1.20;620.27
UNO_UNO0;2015/01/20 20:10:53;323;323;0.31;21.80;58.70;0.28;1.78;458559;1.49;771.97
UNO_UNO0;2015/01/20 20:11:24;324;324;0.31;21.80;58.70;0.28;0.14;436466;1.44;746.06
UNO_UNO0;2015/01/20 20:11:55;325;325;0.31;21.80;58.70;0.28;0.95;285364;0.92;475.74
UNO_UNO0;2015/01/20 20:12:27;326;326;0.31;21.80;58.60;0.27;1.44;469730;1.53;791.79
UNO_UNO0;2015/01/20 20:12:57;327;327;0.31;21.80;58.90;0.28;0.26;329711;1.09;564.85
UNO_UNO0;2015/01/20 20:13:29;328;328;0.31;21.80;58.90;0.28;0.52;251143;0.81;419.54
UNO_UNO0;2015/01/20 20:14:00;329;329;0.31;21.80;59.10;0.28;0.22;153282;0.50;260.08
UNO_UNO0;2015/01/20 20:14:31;330;330;0.31;21.80;59.00;0.28;0.46;409038;1.36;703.45
UNO_UNO0;2015/01/20 20:15:02;331;331;0.31;21.80;59.10;0.28;0.13;488168;1.59;822.59
UNO_UNO0;2015/01/20 20:15:33;332;332;0.31;21.80;59.00;0.27;0.33;177588;0.58;299.98
UNO_UNO0;2015/01/20 20:16:04;333;333;0.31;21.80;59.00;0.27;1.05;280151;0.92;475.51
UNO_UNO0;2015/01/20 20:16:35;334;334;0.31;21.80;58.80;0.27;1.73;249386;0.83;429.27
UNO_UNO0;2015/01/20 20:17:06;335;335;0.31;21.80;58.90;0.27;0.14;206119;0.67;348.07
UNO_UNO0;2015/01/20 20:17:37;336;336;0.31;21.80;59.00;0.28;0.17;510643;1.67;862.40
UNO_UNO0;2015/01/20 20:18:09;337;337;0.31;21.80;59.10;0.28;1.11;97865;0.32;166.37
UNO_UNO0;2015/01/20 20:18:39;338;338;0.31;21.80;59.00;0.27;0.14;413236;1.37;710.22
UNO_UNO0;2015/01/20 20:19:10;339;339;0.30;21.80;59.30;0.27;0.53;533723;1.77;917.46
UNO_UNO0;2015/01/20 20:19:41;340;340;0.31;21.80;58.70;0.27;1.67;319124;1.04;538.39
UNO_UNO0;2015/01/20 20:20:12;341;341;0.31;21.80;59.00;0.27;0.37;201142;0.67;347.83
UNO_UNO0;2015/01/20 20:20:43;342;342;0.31;21.80;59.10;0.27;0.52;223937;0.73;378.91
UNO_UNO0;2015/01/20 20:21:14;343;343;0.31;21.80;59.00;0.28;0.27;370283;1.23;634.55
UNO_UNO0;2015/01/20 20:21:45;344;344;0.30;21.80;59.20;0.27;0.96;147159;0.48;250.27
UNO_UNO0;2015/01/20 20:22:15;345;345;0.31;21.80;59.10;0.27;0.99;367185;1.22;629.86
UNO_UNO0;2015/01/20 20:22:47;346;346;0.31;21.70;59.30;0.27;0.96;233656;0.75;388.72
UNO_UNO0;2015/01/20 20:23:18;347;347;0.31;21.70;59.20;0.27;0.13;311838;1.04;536.91
UNO_UNO0;2015/01/20 20:23:48;348;348;0.31;21.70;59.30;0.27;1.74;379431;1.26;653.58
UNO_UNO0;2015/01/20 20:24:19;349;349;0.31;21.70;59.30;0.28;1.11;161806;0.54;279.82
UNO_UNO0;2015/01/20 20:24:50;350;350;0.31;21.70;59.20;0.27;1.04;224085;0.73;378.90
UNO_UNO0;2015/01/20 20:25:21;351;351;0.31;21.80;59.30;0.27;0.12;213966;0.71;368.38
UNO_UNO0;2015/01/20 20:25:51;352;352;0.30;21.70;59.40;0.27;1.74;223682;0.75;386.52
UNO_UNO0;2015/01/20 20:26:23;353;353;0.30;21.70;59.20;0.27;0.55;654899;2.13;1099.80
UNO_UNO0;2015/01/20 20:26:54;354;354;0.30;21.70;59.40;0.27;0.34;348225;1.13;585.36
UNO_UNO0;2015/01/20 20:27:25;355;355;0.30;21.80;59.00;0.27;0.18;115725;0.39;200.46
UNO_UNO0;2015/01/20 20:27:56;356;356;0.30;21.80;59.30;0.27;0.88;466481;1.50;775.70
UNO_UNO0;2015/01/20 20:28:27;357;357;0.30;21.80;59.50;0.27;0.34;533610;1.77;917.08
UNO_UNO0;2015/01/20 20:28:58;358;358;0.30;21.80;59.20;0.27;0.17;389665;1.27;658.39
UNO_UNO0;2015/01/20 20:29:29;359;359;0.30;21.70;59.30;0.27;0.23;241030;0.79;408.26
UNO_UNO0;2015/01/20 20:30:00;360;360;0.30;21.70;59.50;0.27;0.96;240393;0.80;413.73
UNO_UNO0;2015/01/20 20:30:30;361;361;0.30;21.80;59.40;0.27;0.17;243635;0.81;420.71
UNO_UNO0;2015/01/20 20:31:01;362;362;0.30;21.80;59.40;0.27;0.57;371994;1.24;639.56
UNO_UNO0;2015/01/20 20:31:32;363;363;0.30;21.80;59.30;0.27;1.77;379303;1.25;648.20
UNO_UNO0;2015/01/20 20:32:03;364;364;0.30;21.80;59.50;0.27;0.13;303012;0.98;506.12
UNO_UNO0;2015/01/20 20:32:34;365;365;0.30;21.80;59.30;0.27;1.03;340787;1.13;585.67
UNO_UNO0;2015/01/20 20:33:05;366;366;0.30;21.70;59.50;0.27;1.61;128586;0.43;222.07
UNO_UNO0;2015/01/20 20:33:36;367;367;0.30;21.80;59.50;0.27;0.77;258289;0.84;437.27
UNO_UNO0;2015/01/20 20:34:06;368;368;0.30;21.70;59.50;0.27;1.68;106818;0.36;185.23
UNO_UNO0;2015/01/20 20:34:38;369;369;0.30;21.80;59.70;0.27;1.78;413726;1.35;696.80
UNO_UNO0;2015/01/20 20:35:08;370;370;0.30;21.80;59.60;0.27;1.79;221224;0.74;381.96
UNO_UNO0;2015/01/20 20:35:39;371;371;0.30;21.70;59.60;0.27;1.79;201251;0.67;347.48
UNO_UNO0;2015/01/20 20:36:10;372;372;0.30;21.80;59.70;0.27;0.73;335902;1.09;566.45
UNO_UNO0;2015/01/20 20:36:41;373;373;0.30;21.80;59.70;0.27;0.22;239615;0.80;413.42
UNO_UNO0;2015/01/20 20:37:12;374;374;0.30;21.80;59.30;0.27;1.10;288768;0.94;487.43
UNO_UNO0;2015/01/20 20:37:42;375;375;0.30;21.70;59.70;0.27;0.59;81419;0.27;141.41
UNO_UNO0;2015/01/20 20:38:13;376;376;0.30;21.70;59.70;0.27;1.71;237350;0.79;409.57
UNO_UNO0;2015/01/20 20:38:44;377;377;0.29;21.80;59.70;0.27;0.58;447570;1.49;768.82
UNO_UNO0;2015/01/20 20:39:14;378;378;0.30;21.70;59.00;0.27;1.78;256041;0.85;441.68
UNO_UNO0;2015/01/20 20:39:45;379;379;0.30;21.70;59.60;0.27;0.45;379690;1.26;652.08
UNO_UNO0;2015/01/20 20:40:16;380;380;0.30;21.80;59.70;0.27;0.57;247113;0.81;417.94
UNO_UNO0;2015/01/20 20:40:47;381;381;0.30;21.70;59.70;0.27;1.64;298892;0.98;505.12
UNO_UNO0;2015/01/20 20:41:18;382;382;0.30;21.80;59.80;0.27;0.11;117602;0.39;203.59
UNO_UNO0;2015/01/20 20:41:49;383;383;0.30;21.70;59.90;0.27;0.42;263219;0.86;444.56
UNO_UNO0;2015/01/20 20:42:20;384;384;0.30;21.70;59.80;0.27;1.76;302033;0.98;507.29
UNO_UNO0;2015/01/20 20:42:51;385;385;0.30;21.70;59.90;0.27;0.69;83255;0.27;142.32
UNO_UNO0;2015/01/20 20:43:23;386;386;0.30;21.70;60.00;0.27;0.77;156949;0.51;266.02
UNO_UNO0;2015/01/20 20:43:53;387;387;0.30;21.80;60.00;0.27;0.19;116199;0.38;200.24
UNO_UNO0;2015/01/20 20:44:24;388;388;0.30;21.80;60.00;0.27;0.18;16364;0.05;28.48
UNO_UNO0;2015/01/20 20:44:55;389;389;0.30;21.70;60.00;0.27;0.74;354034;1.17;604.31
UNO_UNO0;2015/01/20 20:45:26;390;390;0.30;21.70;60.10;0.27;1.58;105721;0.35;180.77
UNO_UNO0;2015/01/20 20:45:57;391;391;0.30;21.70;60.00;0.27;1.67;350224;1.17;603.64
UNO_UNO0;2015/01/20 20:46:28;392;392;0.30;21.70;60.00;0.27;0.94;171864;0.56;290.87
UNO_UNO0;2015/01/20 20:46:59;393;393;0.30;21.80;60.00;0.27;1.33;207958;0.69;358.91
UNO_UNO0;2015/01/20 20:47:29;394;394;0.30;21.70;60.20;0.27;0.63;507477;1.68;869.40
UNO_UNO0;2015/01/20 20:48:01;395;395;0.30;21.70;60.30;0.27;1.00;50457;0.16;84.86
UNO_UNO0;2015/01/20 20:48:32;396;396;0.30;21.70;60.00;0.27;1.53;190414;0.62;322.53
UNO_UNO0;2015/01/20 20:49:03;397;397;0.30;21.70;60.10;0.27;1.79;201595;0.66;344.43
UNO_UNO0;2015/01/20 20:49:34;398;398;0.30;21.70;60.00;0.27;1.78;96977;0.32;166.06
UNO_UNO0;2015/01/20 20:50:05;399;399;0.30;21.70;60.10;0.27;0.10;115248;0.38;195.41
UNO_UNO0;2015/01/20 20:50:36;400;400;0.30;21.70;59.90;0.27;0.13;210077;0.68;355.16
UNO_UNO0;2015/01/20 20:51:07;401;401;0.30;21.70;60.10;0.27;1.80;88915;0.30;154.25
UNO_UNO0;2015/01/20 20:51:38;402;402;0.30;21.70;60.10;0.27;1.07;248079;0.81;419.18
UNO_UNO0;2015/01/20 20:52:09;403;403;0.30;21.70;59.90;0.27;1.66;83968;0.27;142.85
UNO_UNO0;2015/01/20 20:52:40;404;404;0.30;21.70;60.20;0.27;0.24;160739;0.53;277.85
UNO_UNO0;2015/01/20 20:53:11;405;405;0.29;21.70;60.10;0.27;1.12;162308;0.53;274.77
UNO_UNO0;2015/01/20 20:53:42;406;406;0.29;21.70;59.90;0.27;0.96;54818;0.18;95.14
UNO_UNO0;2015/01/20 20:54:13;407;407;0.30;21.70;60.10;0.27;1.71;140081;0.47;242.02
UNO_UNO0;2015/01/20 20:54:44;408;408;0.30;21.70;60.00;0.27;0.10;111392;0.36;189.57
UNO_UNO0;2015/01/20 20:55:15;409;409;0.30;21.70;60.00;0.27;0.69;192514;0.63;325.91
UNO_UNO0;2015/01/20 20:55:46;410;410;0.30;21.70;60.20;0.27;0.67;241543;0.79;407.76
UNO_UNO0;2015/01/20 20:56:17;411;411;0.30;21.70;60.00;0.27;0.31;100887;0.34;174.84
UNO_UNO0;2015/01/20 20:56:48;412;412;0.30;21.70;60.10;0.27;1.75;268836;0.87;452.76
UNO_UNO0;2015/01/20 20:57:19;413;413;0.30;21.70;60.30;0.27;1.67;91716;0.30;158.28
UNO_UNO0;2015/01/20 20:57:50;414;414;0.30;21.70;60.20;0.27;0.54;64769;0.21;111.07
UNO_UNO0;2015/01/20 20:58:21;415;415;0.29;21.70;60.30;0.27;0.14;123260;0.40;209.09
UNO_UNO0;2015/01/20 20:58:51;416;416;0.30;21.70;60.10;0.27;1.79;236205;0.79;407.26
UNO_UNO0;2015/01/20 20:59:23;417;417;0.29;21.70;60.30;0.27;1.31;51962;0.17;88.73
UNO_UNO0;2015/01/20 20:59:53;418;418;0.30;21.70;60.10;0.27;1.42;144027;0.48;249.33
UNO_UNO0;2015/01/20 21:00:24;419;419;0.30;21.70;60.40;0.27;1.76;60715;0.20;105.55
UNO_UNO0;2015/01/20 21:00:54;420;420;0.30;21.70;60.20;0.27;1.42;73014;0.24;126.67
UNO_UNO0;2015/01/20 21:01:25;421;421;0.30;21.70;60.30;0.27;1.77;156899;0.52;270.82
UNO_UNO0;2015/01/20 21:01:56;422;422;0.30;21.70;60.30;0.27;0.83;124531;0.41;215.68
UNO_UNO0;2015/01/20 21:02:27;423;423;0.30;21.70;60.40;0.27;0.11;83274;0.27;140.22
UNO_UNO0;2015/01/20 21:02:59;424;424;0.30;21.70;60.30;0.27;0.16;83028;0.27;139.44
UNO_UNO0;2015/01/20 21:03:30;425;425;0.30;21.70;60.50;0.27;1.04;123930;0.40;210.36
UNO_UNO0;2015/01/20 21:04:01;426;426;0.29;21.70;60.50;0.27;1.78;233449;0.76;394.47
UNO_UNO0;2015/01/20 21:04:32;427;427;0.30;21.60;60.20;0.27;1.75;124640;0.41;211.31
UNO_UNO0;2015/01/20 21:05:04;428;428;0.30;21.70;60.50;0.27;1.42;87437;0.29;148.62
UNO_UNO0;2015/01/20 21:05:34;429;429;0.30;21.70;60.50;0.27;0.19;278863;0.93;481.23
UNO_UNO0;2015/01/20 21:06:05;430;430;0.29;21.70;60.60;0.27;0.86;150878;0.50;260.41
UNO_UNO0;2015/01/20 21:06:36;431;431;0.29;21.70;60.30;0.27;0.93;87811;0.29;148.92
UNO_UNO0;2015/01/20 21:07:07;432;432;0.30;21.70;60.20;0.27;1.17;56250;0.19;97.78
UNO_UNO0;2015/01/20 21:07:37;433;433;0.30;21.60;60.40;0.27;1.33;113277;0.38;196.36
UNO_UNO0;2015/01/20 21:08:08;434;434;0.29;21.70;60.50;0.27;1.26;74329;0.24;126.65
UNO_UNO0;2015/01/20 21:08:40;435;435;0.30;21.70;60.20;0.27;0.55;263707;0.86;444.51
UNO_UNO0;2015/01/20 21:09:10;436;436;0.30;21.70;60.50;0.27;0.63;133909;0.45;231.60
UNO_UNO0;2015/01/20 21:09:41;437;437;0.29;21.70;60.70;0.27;0.76;300225;1.00;517.67
UNO_UNO0;2015/01/20 21:10:11;438;438;0.29;21.70;60.40;0.27;1.76;62726;0.21;109.12
UNO_UNO0;2015/01/20 21:10:42;439;439;0.29;21.60;60.20;0.27;1.79;86809;0.29;150.54
UNO_UNO0;2015/01/20 21:11:13;440;440;0.29;21.70;60.40;0.27;0.13;155131;0.51;262.42
UNO_UNO0;2015/01/20 21:11:45;441;441;0.29;21.70;60.50;0.27;0.42;178411;0.58;300.25
UNO_UNO0;2015/01/20 21:12:16;442;442;0.29;21.60;60.40;0.27;0.09;49064;0.16;82.59
UNO_UNO0;2015/01/20 21:12:47;443;443;0.30;21.60;60.30;0.27;1.75;123181;0.41;213.53
UNO_UNO0;2015/01/20 21:13:18;444;444;0.29;21.60;60.50;0.27;0.79;132611;0.43;224.21
UNO_UNO0;2015/01/20 21:13:49;445;445;0.29;21.70;60.30;0.27;0.10;2157;0.01;4.34
UNO_UNO0;2015/01/20 21:14:20;446;446;0.30;21.70;60.50;0.27;0.23;52168;0.17;87.80
UNO_UNO0;2015/01/20 21:14:52;447;447;0.30;21.70;60.60;0.27;0.38;184744;0.60;312.26
UNO_UNO0;2015/01/20 21:15:22;448;448;0.30;21.60;60.50;0.27;1.29;145876;0.49;252.19
UNO_UNO0;2015/01/20 21:15:53;449;449;0.30;21.60;60.30;0.27;1.80;55086;0.18;95.84
UNO_UNO0;2015/01/20 21:16:23;450;450;0.30;21.60;60.40;0.27;0.52;130204;0.43;224.80
UNO_UNO0;2015/01/20 21:16:55;451;451;0.29;21.60;60.50;0.27;1.30;119336;0.39;202.63
UNO_UNO0;2015/01/20 21:17:25;452;452;0.30;21.60;60.30;0.27;1.79;64653;0.22;112.34
UNO_UNO0;2015/01/20 21:17:56;453;453;0.30;21.60;60.50;0.27;0.49;82102;0.27;142.17
UNO_UNO0;2015/01/20 21:18:26;454;454;0.30;21.60;60.30;0.27;0.18;88560;0.29;153.57
UNO_UNO0;2015/01/20 21:18:57;455;455;0.30;21.60;60.30;0.27;0.12;23901;0.08;41.25
UNO_UNO0;2015/01/20 21:19:28;456;456;0.29;21.60;60.50;0.27;1.09;152726;0.51;263.07
UNO_UNO0;2015/01/20 21:19:59;457;457;0.29;21.60;60.60;0.27;1.77;157336;0.52;271.97
UNO_UNO0;2015/01/20 21:20:29;458;458;0.29;21.60;60.50;0.27;1.78;85109;0.28;147.62
UNO_UNO0;2015/01/20 21:21:00;459;459;0.29;21.60;60.40;0.27;1.68;114457;0.38;197.73
UNO_UNO0;2015/01/20 21:21:31;460;460;0.29;21.60;60.50;0.27;0.44;51586;0.17;88.30
UNO_UNO0;2015/01/20 21:22:02;461;461;0.29;21.60;60.30;0.27;1.81;87295;0.29;150.93
UNO_UNO0;2015/01/20 21:22:33;462;462;0.29;21.60;60.60;0.27;1.21;162624;0.53;273.36
UNO_UNO0;2015/01/20 21:23:05;463;463;0.29;21.60;60.50;0.27;0.49;88870;0.29;149.18
UNO_UNO0;2015/01/20 21:23:37;464;464;0.29;21.60;60.60;0.27;0.70;80536;0.26;134.68
UNO_UNO0;2015/01/20 21:24:08;465;465;0.29;21.60;60.60;0.27;1.43;93236;0.30;158.04
UNO_UNO0;2015/01/20 21:24:38;466;466;0.29;21.60;60.50;0.27;0.93;215225;0.72;370.91
UNO_UNO0;2015/01/20 21:25:09;467;467;0.29;21.60;60.60;0.27;0.08;133878;0.45;231.52
UNO_UNO0;2015/01/20 21:25:40;468;468;0.29;21.60;60.60;0.27;0.43;32019;0.11;55.98
UNO_UNO0;2015/01/20 21:26:10;469;469;0.29;21.60;60.60;0.27;1.78;46115;0.15;80.41
UNO_UNO0;2015/01/20 21:26:41;470;470;0.29;21.60;60.60;0.27;1.37;78442;0.26;135.85
UNO_UNO0;2015/01/20 21:27:11;471;471;0.29;21.60;60.70;0.27;0.49;44324;0.15;77.25
UNO_UNO0;2015/01/20 21:27:43;472;472;0.29;21.60;60.60;0.27;0.11;114615;0.37;194.32
UNO_UNO0;2015/01/20 21:28:13;473;473;0.29;21.60;60.70;0.27;0.88;54582;0.18;95.00
UNO_UNO0;2015/01/20 21:28:44;474;474;0.29;21.60;60.80;0.27;1.80;177865;0.59;307.39
UNO_UNO0;2015/01/20 21:29:14;475;475;0.29;21.60;60.90;0.27;1.78;188085;0.63;324.61
UNO_UNO0;2015/01/20 21:29:46;476;476;0.29;21.60;60.50;0.27;1.70;148346;0.48;251.36
UNO_UNO0;2015/01/20 21:30:17;477;477;0.29;21.60;60.80;0.27;0.09;112945;0.37;191.65
UNO_UNO0;2015/01/20 21:30:47;478;478;0.29;21.60;60.80;0.27;1.17;81341;0.27;141.25
UNO_UNO0;2015/01/20 21:31:18;479;479;0.29;21.60;60.90;0.27;0.10;102426;0.34;176.43
UNO_UNO0;2015/01/20 21:31:50;480;480;0.29;21.60;60.80;0.27;0.67;76270;0.25;127.94
UNO_UNO0;2015/01/20 21:32:21;481;481;0.29;21.60;60.80;0.27;0.92;120199;0.39;203.70
UNO_UNO0;2015/01/20 21:32:52;482;482;0.29;21.60;60.60;0.27;0.93;153324;0.51;264.59
UNO_UNO0;2015/01/20 21:33:23;483;483;0.29;21.60;60.60;0.27;1.70;79762;0.26;135.68
UNO_UNO0;2015/01/20 21:33:55;484;484;0.28;21.60;60.50;0.27;0.75;91174;0.29;152.32
UNO_UNO0;2015/01/20 21:34:25;485;485;0.29;21.60;60.50;0.27;0.31;113949;0.38;196.62
UNO_UNO0;2015/01/20 21:34:56;486;486;0.28;21.60;60.70;0.27;0.15;202545;0.66;343.23
UNO_UNO0;2015/01/20 21:35:27;487;487;0.29;21.60;60.70;0.27;0.87;192464;0.64;331.44
UNO_UNO0;2015/01/20 21:35:58;488;488;0.29;21.60;60.70;0.27;1.26;22481;0.07;39.56
UNO_UNO0;2015/01/20 21:36:29;489;489;0.28;21.60;60.70;0.26;0.12;221869;0.72;374.55
UNO_UNO0;2015/01/20 21:37:00;490;490;0.29;21.60;60.40;0.27;1.69;160915;0.54;277.93
UNO_UNO0;2015/01/20 21:37:31;491;491;0.29;21.60;60.80;0.27;1.82;104799;0.34;178.40
UNO_UNO0;2015/01/20 21:38:01;492;492;0.29;21.60;60.50;0.27;0.09;203308;0.68;350.80
UNO_UNO0;2015/01/20 21:38:33;493;493;0.29;21.60;60.80;0.27;0.97;226627;0.74;382.30
UNO_UNO0;2015/01/20 21:39:03;494;494;0.28;21.60;60.80;0.27;0.14;50925;0.17;88.73
UNO_UNO0;2015/01/20 21:39:34;495;495;0.28;21.60;60.70;0.27;0.33;127859;0.42;217.17
UNO_UNO0;2015/01/20 21:40:06;496;496;0.29;21.60;60.50;0.27;0.98;172222;0.56;290.87
UNO_UNO0;2015/01/20 21:40:36;497;497;0.29;21.60;61.00;0.27;1.52;35359;0.12;61.76
UNO_UNO0;2015/01/20 21:41:07;498;498;0.29;21.60;60.80;0.27;1.74;53144;0.18;92.51
UNO_UNO0;2015/01/20 21:41:38;499;499;0.28;21.60;60.80;0.27;0.89;224244;0.73;378.65
UNO_UNO0;2015/01/20 21:42:09;500;500;0.29;21.60;60.60;0.27;0.99;80778;0.26;137.34
UNO_UNO0;2015/01/20 21:42:40;501;501;0.29;21.60;61.00;0.27;1.77;63947;0.21;108.44
UNO_UNO0;2015/01/20 21:43:11;502;502;0.29;21.60;60.90;0.27;0.18;27735;0.09;48.65
UNO_UNO0;2015/01/20 21:43:43;503;503;0.29;21.60;61.00;0.27;0.13;87520;0.28;146.55
UNO_UNO0;2015/01/20 21:44:13;504;504;0.29;21.60;61.10;0.27;0.27;98092;0.33;170.19
UNO_UNO0;2015/01/20 21:44:44;505;505;0.29;21.60;61.00;0.27;1.16;102871;0.34;177.89
UNO_UNO0;2015/01/20 21:45:14;506;506;0.29;21.60;61.10;0.27;0.94;160635;0.53;277.52
UNO_UNO0;2015/01/20 21:45:46;507;507;0.29;21.60;60.80;0.27;0.10;270957;0.88;457.50
UNO_UNO0;2015/01/20 21:46:17;508;508;0.29;21.60;61.00;0.27;0.08;78402;0.26;133.03
UNO_UNO0;2015/01/20 21:46:48;509;509;0.29;21.60;61.00;0.27;0.09;23870;0.08;41.22
UNO_UNO0;2015/01/20 21:47:19;510;510;0.29;21.60;60.90;0.27;0.65;113871;0.38;197.01
UNO_UNO0;2015/01/20 21:47:49;511;511;0.29;21.60;61.00;0.27;0.57;190383;0.63;328.06
UNO_UNO0;2015/01/20 21:48:20;512;512;0.29;21.60;60.90;0.27;1.58;123655;0.41;213.89
UNO_UNO0;2015/01/20 21:48:51;513;513;0.29;21.60;61.10;0.27;0.27;121141;0.40;205.89
UNO_UNO0;2015/01/20 21:49:22;514;514;0.29;21.60;61.20;0.27;0.16;184760;0.61;318.24
UNO_UNO0;2015/01/20 21:49:53;515;515;0.29;21.60;61.00;0.27;0.22;97754;0.32;166.65
UNO_UNO0;2015/01/20 21:50:24;516;516;0.29;21.60;61.20;0.27;0.87;113030;0.37;191.36
UNO_UNO0;2015/01/20 21:50:55;517;517;0.29;21.60;60.80;0.27;1.55;48958;0.16;85.27
UNO_UNO0;2015/01/20 21:51:26;518;518;0.29;21.60;61.10;0.27;1.50;181442;0.59;307.23
UNO_UNO0;2015/01/20 21:51:56;519;519;0.29;21.60;61.10;0.27;0.92;123740;0.41;214.23
UNO_UNO0;2015/01/20 21:52:27;520;520;0.29;21.60;61.20;0.27;0.67;191369;0.63;329.49
UNO_UNO0;2015/01/20 21:52:58;521;521;0.29;21.60;61.10;0.27;1.67;106583;0.35;184.73
UNO_UNO0;2015/01/20 21:53:28;522;522;0.29;21.60;61.10;0.27;0.96;124891;0.42;215.87
UNO_UNO0;2015/01/20 21:54:00;523;523;0.29;21.60;61.30;0.26;0.56;45196;0.15;77.24
UNO_UNO0;2015/01/20 21:54:31;524;524;0.29;21.60;61.20;0.27;0.10;68365;0.22;116.35
UNO_UNO0;2015/01/20 21:55:01;525;525;0.29;21.60;61.30;0.26;0.93;70090;0.23;121.71
UNO_UNO0;2015/01/20 21:55:32;526;526;0.29;21.50;61.30;0.27;0.83;127341;0.42;220.16
UNO_UNO0;2015/01/20 21:56:03;527;527;0.29;21.60;61.30;0.26;0.19;154849;0.51;262.57
UNO_UNO0;2015/01/20 21:56:35;528;528;0.29;21.60;61.30;0.26;0.08;113539;0.37;190.86
UNO_UNO0;2015/01/20 21:57:06;529;529;0.29;21.60;61.20;0.26;1.60;90719;0.30;155.32
UNO_UNO0;2015/01/20 21:57:37;530;530;0.29;21.60;61.30;0.27;1.74;94912;0.31;161.52
UNO_UNO0;2015/01/20 21:58:08;531;531;0.28;21.50;61.40;0.26;1.68;141652;0.46;239.80
UNO_UNO0;2015/01/20 21:58:39;532;532;0.29;21.60;61.10;0.26;1.00;213356;0.70;360.81
UNO_UNO0;2015/01/20 21:59:10;533;533;0.29;21.50;61.20;0.27;0.26;67067;0.22;114.13
UNO_UNO0;2015/01/20 21:59:41;534;534;0.29;21.50;61.30;0.26;0.70;252405;0.83;432.29
UNO_UNO0;2015/01/20 22:00:12;535;535;0.29;21.50;61.50;0.26;0.07;3653;0.01;6.87
UNO_UNO0;2015/01/20 22:00:43;536;536;0.29;21.50;61.40;0.27;1.80;178358;0.58;301.72
UNO_UNO0;2015/01/20 22:01:15;537;537;0.29;21.60;61.40;0.26;1.80;88271;0.29;149.92
UNO_UNO0;2015/01/20 22:01:45;538;538;0.29;21.60;61.30;0.26;1.00;30124;0.10;52.73
UNO_UNO0;2015/01/20 22:02:16;539;539;0.29;21.60;61.50;0.26;1.62;89224;0.30;154.31
UNO_UNO0;2015/01/20 22:02:47;540;540;0.29;21.50;61.40;0.26;0.16;201848;0.66;341.66
UNO_UNO0;2015/01/20 22:03:19;541;541;0.28;21.60;61.30;0.26;0.28;18340;0.06;31.20
UNO_UNO0;2015/01/20 22:03:49;542;542;0.29;21.50;61.20;0.26;1.53;105230;0.35;182.10
UNO_UNO0;2015/01/20 22:04:21;543;543;0.29;21.60;61.40;0.26;0.48;82855;0.27;140.51
UNO_UNO0;2015/01/20 22:04:52;544;544;0.29;21.50;61.40;0.26;0.95;126970;0.41;214.92
UNO_UNO0;2015/01/20 22:05:24;545;545;0.29;21.60;61.50;0.26;1.55;26021;0.08;44.05
UNO_UNO0;2015/01/20 22:05:54;546;546;0.29;21.50;61.50;0.26;0.75;86895;0.29;150.42
UNO_UNO0;2015/01/20 22:06:25;547;547;0.29;21.60;61.60;0.26;0.16;97357;0.32;165.78
UNO_UNO0;2015/01/20 22:06:56;548;548;0.29;21.50;61.40;0.26;1.60;99498;0.33;171.79
UNO_UNO0;2015/01/20 22:07:27;549;549;0.28;21.50;61.50;0.26;1.79;40261;0.13;68.95
UNO_UNO0;2015/01/20 22:07:58;550;550;0.28;21.60;61.40;0.26;0.09;79121;0.26;137.35
UNO_UNO0;2015/01/20 22:08:29;551;551;0.28;21.50;61.60;0.26;1.49;79685;0.26;135.57
UNO_UNO0;2015/01/20 22:09:00;552;552;0.29;21.50;61.40;0.26;1.30;116762;0.39;201.81
UNO_UNO0;2015/01/20 22:09:30;553;553;0.28;21.60;61.70;0.26;0.08;74778;0.25;129.77
UNO_UNO0;2015/01/20 22:10:01;554;554;0.28;21.60;61.50;0.26;0.09;124992;0.41;211.34
UNO_UNO0;2015/01/20 22:10:33;555;555;0.29;21.50;61.70;0.26;1.30;71281;0.23;119.38
UNO_UNO0;2015/01/20 22:11:04;556;556;0.29;21.60;61.70;0.26;1.65;109909;0.36;186.08
UNO_UNO0;2015/01/20 22:11:36;557;557;0.28;21.50;61.80;0.26;1.52;96877;0.32;164.40
UNO_UNO0;2015/01/20 22:12:06;558;558;0.28;21.60;61.70;0.26;1.75;9718;0.03;17.45
UNO_UNO0;2015/01/20 22:12:37;559;559;0.28;21.50;61.50;0.26;0.06;21899;0.07;38.51
UNO_UNO0;2015/01/20 22:13:07;560;560;0.28;21.60;61.70;0.26;0.08;63102;0.21;109.70
UNO_UNO0;2015/01/20 22:13:38;561;561;0.28;21.60;61.60;0.26;1.51;186970;0.62;319.72
UNO_UNO0;2015/01/20 22:14:10;562;562;0.28;21.50;61.70;0.26;1.47;0;0.00;0.62
UNO_UNO0;2015/01/20 22:14:41;563;563;0.28;21.60;61.70;0.26;1.36;27277;0.09;46.80
UNO_UNO0;2015/01/20 22:15:13;564;564;0.28;21.60;61.80;0.26;1.68;66800;0.22;113.01
UNO_UNO0;2015/01/20 22:15:44;565;565;0.28;21.60;61.70;0.26;1.81;33676;0.11;57.94
UNO_UNO0;2015/01/20 22:16:14;566;566;0.28;21.50;61.70;0.26;0.77;25855;0.09;45.27
UNO_UNO0;2015/01/20 22:16:45;567;567;0.28;21.50;61.60;0.26;1.78;92398;0.30;157.60
UNO_UNO0;2015/01/20 22:17:17;568;568;0.28;21.60;61.80;0.26;0.72;126657;0.41;213.15
UNO_UNO0;2015/01/20 22:17:48;569;569;0.28;21.60;61.40;0.26;0.16;25891;0.09;44.88
UNO_UNO0;2015/01/20 22:18:19;570;570;0.28;21.60;61.80;0.26;1.77;87221;0.29;148.60
UNO_UNO0;2015/01/20 22:18:49;571;571;0.28;21.50;61.70;0.26;1.52;52415;0.17;91.12
UNO_UNO0;2015/01/20 22:19:20;572;572;0.28;21.50;61.80;0.26;1.60;109715;0.36;189.73
UNO_UNO0;2015/01/20 22:19:51;573;573;0.28;21.60;61.60;0.26;0.16;108391;0.36;187.51
UNO_UNO0;2015/01/20 22:20:22;574;574;0.28;21.60;61.80;0.26;0.08;53774;0.17;91.36
UNO_UNO0;2015/01/20 22:20:54;575;575;0.28;21.60;61.80;0.26;1.37;43688;0.14;73.43
UNO_UNO0;2015/01/20 22:21:24;576;576;0.28;21.60;61.80;0.26;0.07;71092;0.24;123.33
UNO_UNO0;2015/01/20 22:21:55;577;577;0.28;21.60;61.80;0.26;1.41;47909;0.16;81.84
UNO_UNO0;2015/01/20 22:22:27;578;578;0.28;21.50;61.70;0.26;1.11;113775;0.37;192.91
UNO_UNO0;2015/01/20 22:22:57;579;579;0.28;21.60;61.60;0.26;1.70;111890;0.37;193.69
UNO_UNO0;2015/01/20 22:23:29;580;580;0.28;21.60;61.80;0.25;0.19;69992;0.23;119.07
UNO_UNO0;2015/01/20 22:24:00;581;581;0.28;21.50;61.50;0.26;1.12;0;0.00;0.62
UNO_UNO0;2015/01/20 22:24:31;582;582;0.28;21.60;61.90;0.26;1.61;55119;0.18;95.18
UNO_UNO0;2015/01/20 22:25:02;583;583;0.28;21.50;61.80;0.26;0.27;10003;0.03;17.61
UNO_UNO0;2015/01/20 22:25:33;584;584;0.28;21.60;61.70;0.25;1.63;178132;0.59;307.08
UNO_UNO0;2015/01/20 22:26:03;585;585;0.28;21.60;61.80;0.25;1.50;4634;0.02;8.64
UNO_UNO0;2015/01/20 22:26:35;586;586;0.28;21.50;61.60;0.26;1.77;38733;0.12;65.13
UNO_UNO0;2015/01/20 22:27:06;587;587;0.28;21.60;61.90;0.25;0.06;62241;0.21;108.00
UNO_UNO0;2015/01/20 22:27:36;588;588;0.28;21.50;61.90;0.26;1.38;55105;0.18;95.73
UNO_UNO0;2015/01/20 22:28:08;589;589;0.28;21.60;61.80;0.26;0.40;111602;0.36;189.44
UNO_UNO0;2015/01/20 22:28:39;590;590;0.28;21.60;62.00;0.25;0.57;93434;0.31;159.12
UNO_UNO0;2015/01/20 22:29:10;591;591;0.28;21.60;61.90;0.25;0.06;152311;0.49;256.95
UNO_UNO0;2015/01/20 22:29:41;592;592;0.28;21.50;62.00;0.26;1.62;48436;0.16;82.81
UNO_UNO0;2015/01/20 22:30:12;593;593;0.28;21.60;61.90;0.25;0.14;82666;0.28;143.39
UNO_UNO0;2015/01/20 22:30:43;594;594;0.28;21.60;62.10;0.25;0.36;104042;0.34;178.50
UNO_UNO0;2015/01/20 22:31:14;595;595;0.28;21.60;62.00;0.25;0.87;41799;0.14;71.95
UNO_UNO0;2015/01/20 22:31:44;596;596;0.28;21.60;62.10;0.26;0.94;115348;0.38;199.89
UNO_UNO0;2015/01/20 22:32:15;597;597;0.28;21.60;61.90;0.25;0.43;55507;0.18;96.58
UNO_UNO0;2015/01/20 22:32:45;598;598;0.28;21.60;61.80;0.25;0.57;69843;0.23;121.27
UNO_UNO0;2015/01/20 22:33:16;599;599;0.28;21.60;62.00;0.25;1.59;117197;0.39;202.49
UNO_UNO0;2015/01/20 22:33:47;600;600;0.28;21.60;62.00;0.25;0.75;79089;0.26;137.30
UNO_UNO0;2015/01/20 22:34:18;601;601;0.28;21.60;62.00;0.25;0.61;69965;0.23;119.05
UNO_UNO0;2015/01/20 22:34:48;602;602;0.27;21.50;62.10;0.25;0.54;166310;0.55;286.35
UNO_UNO0;2015/01/20 22:35:19;603;603;0.28;21.50;61.90;0.25;0.58;14538;0.05;25.76
UNO_UNO0;2015/01/20 22:35:50;604;604;0.27;21.50;62.10;0.25;0.15;52435;0.17;91.33
UNO_UNO0;2015/01/20 22:36:20;605;605;0.27;21.60;61.70;0.25;1.65;99925;0.33;171.69
UNO_UNO0;2015/01/20 22:36:52;606;606;0.27;21.60;61.80;0.25;1.79;65172;0.21;109.91
UNO_UNO0;2015/01/20 22:37:23;607;607;0.28;21.60;62.00;0.25;1.21;81517;0.27;141.33
UNO_UNO0;2015/01/20 22:37:53;608;608;0.27;21.50;62.20;0.25;1.40;84552;0.28;146.56
UNO_UNO0;2015/01/20 22:38:24;609;609;0.28;21.50;62.00;0.25;0.11;93886;0.31;162.67
UNO_UNO0;2015/01/20 22:38:55;610;610;0.28;21.60;62.10;0.25;0.33;109177;0.36;185.05
UNO_UNO0;2015/01/20 22:39:26;611;611;0.28;21.50;62.20;0.25;1.80;68071;0.23;118.38
UNO_UNO0;2015/01/20 22:39:56;612;612;0.27;21.60;62.10;0.25;0.07;95484;0.32;165.34
UNO_UNO0;2015/01/20 22:40:27;613;613;0.27;21.50;62.00;0.25;0.12;122258;0.40;206.81
UNO_UNO0;2015/01/20 22:40:58;614;614;0.28;21.60;62.00;0.25;0.98;10846;0.04;19.39
UNO_UNO0;2015/01/20 22:41:29;615;615;0.28;21.60;62.10;0.25;1.79;127679;0.42;220.92
UNO_UNO0;2015/01/20 22:41:59;616;616;0.28;21.60;62.00;0.25;0.26;68871;0.23;119.66
UNO_UNO0;2015/01/20 22:42:30;617;617;0.28;21.50;62.00;0.25;0.97;96076;0.32;166.69
UNO_UNO0;2015/01/20 22:43:01;618;618;0.28;21.60;62.10;0.25;1.65;130891;0.43;221.22
UNO_UNO0;2015/01/20 22:43:33;619;619;0.27;21.60;62.20;0.25;1.71;9592;0.03;16.62
UNO_UNO0;2015/01/20 22:44:04;620;620;0.28;21.60;62.30;0.25;1.81;91253;0.30;153.88
UNO_UNO0;2015/01/20 22:44:36;621;621;0.28;21.50;62.20;0.25;1.00;35640;0.11;60.15
UNO_UNO0;2015/01/20 22:45:06;622;622;0.28;21.50;62.30;0.25;1.69;62665;0.21;108.91
UNO_UNO0;2015/01/20 22:45:37;623;623;0.27;21.50;62.20;0.25;1.41;40482;0.13;70.62
UNO_UNO0;2015/01/20 22:46:08;624;624;0.27;21.50;62.00;0.25;0.05;96218;0.31;162.46
UNO_UNO0;2015/01/20 22:46:39;625;625;0.28;21.50;61.90;0.25;1.33;20453;0.07;36.01
UNO_UNO0;2015/01/20 22:47:10;626;626;0.28;21.60;62.30;0.25;0.22;9857;0.03;17.67
UNO_UNO0;2015/01/20 22:47:40;627;627;0.27;21.50;62.30;0.25;0.43;10396;0.03;18.60
UNO_UNO0;2015/01/20 22:48:11;628;628;0.28;21.60;62.10;0.25;0.26;81384;0.27;138.66
UNO_UNO0;2015/01/20 22:48:42;629;629;0.28;21.50;62.30;0.25;1.72;9024;0.03;15.97
UNO_UNO0;2015/01/20 22:49:13;630;630;0.27;21.50;62.30;0.25;0.62;72542;0.24;125.84
UNO_UNO0;2015/01/20 22:49:44;631;631;0.28;21.50;62.20;0.25;0.43;94092;0.31;162.63
UNO_UNO0;2015/01/20 22:50:15;632;632;0.27;21.50;62.30;0.25;0.94;9254;0.03;16.05
UNO_UNO0;2015/01/20 22:50:46;633;633;0.28;21.50;62.20;0.25;0.08;103271;0.34;178.53
UNO_UNO0;2015/01/20 22:51:17;634;634;0.27;21.50;62.40;0.25;1.82;58401;0.19;101.55
UNO_UNO0;2015/01/20 22:51:47;635;635;0.27;21.50;62.30;0.25;0.87;63675;0.21;110.59
UNO_UNO0;2015/01/20 22:52:18;636;636;0.27;21.50;62.20;0.25;1.63;75140;0.25;130.49
UNO_UNO0;2015/01/20 22:52:48;637;637;0.27;21.50;62.30;0.25;0.03;111337;0.37;192.38
UNO_UNO0;2015/01/20 22:53:19;638;638;0.28;21.50;62.20;0.25;0.09;71690;0.24;124.52
UNO_UNO0;2015/01/20 22:53:51;639;639;0.27;21.50;62.40;0.25;0.12;127701;0.41;214.74
UNO_UNO0;2015/01/20 22:54:22;640;640;0.28;21.50;62.30;0.25;1.14;12094;0.04;20.87
UNO_UNO0;2015/01/20 22:54:54;641;641;0.27;21.50;62.40;0.25;0.11;48272;0.15;81.05
UNO_UNO0;2015/01/20 22:55:25;642;642;0.27;21.50;62.30;0.25;0.18;109806;0.36;189.42
UNO_UNO0;2015/01/20 22:55:56;643;643;0.28;21.50;62.40;0.25;0.74;71592;0.23;122.32
UNO_UNO0;2015/01/20 22:56:27;644;644;0.27;21.50;62.50;0.25;0.21;83742;0.27;141.58
UNO_UNO0;2015/01/20 22:56:58;645;645;0.27;21.50;62.40;0.25;0.96;30886;0.10;53.19
UNO_UNO0;2015/01/20 22:57:29;646;646;0.27;21.50;62.40;0.25;0.09;101886;0.34;176.27
UNO_UNO0;2015/01/20 22:57:59;647;647;0.27;21.50;62.40;0.25;1.58;69063;0.23;119.97
UNO_UNO0;2015/01/20 22:58:30;648;648;0.27;21.50;62.30;0.25;1.79;94657;0.31;163.94
UNO_UNO0;2015/01/20 22:59:01;649;649;0.27;21.50;62.50;0.25;1.17;95532;0.32;165.31
UNO_UNO0;2015/01/20 22:59:31;650;650;0.27;21.50;62.40;0.25;0.32;88451;0.29;153.31
UNO_UNO0;2015/01/20 23:00:02;651;651;0.28;21.50;62.30;0.25;0.86;53998;0.18;93.99
UNO_UNO0;2015/01/20 23:00:32;652;652;0.27;21.50;62.50;0.25;0.12;92709;0.31;160.63
UNO_UNO0;2015/01/20 23:01:03;653;653;0.27;21.50;62.50;0.25;1.50;99817;0.33;172.75
UNO_UNO0;2015/01/20 23:01:34;654;654;0.27;21.50;62.10;0.25;0.74;103515;0.34;179.25
UNO_UNO0;2015/01/20 23:02:05;655;655;0.27;21.50;62.40;0.25;1.69;162992;0.53;275.76
UNO_UNO0;2015/01/20 23:02:35;656;656;0.27;21.50;62.20;0.25;0.16;14757;0.05;26.01
UNO_UNO0;2015/01/20 23:03:07;657;657;0.27;21.50;62.40;0.25;1.11;18294;0.06;31.26
UNO_UNO0;2015/01/20 23:03:38;658;658;0.27;21.50;62.50;0.25;0.18;96951;0.32;167.59
UNO_UNO0;2015/01/20 23:04:09;659;659;0.27;21.50;62.40;0.25;1.78;96498;0.31;161.26
UNO_UNO0;2015/01/20 23:04:40;660;660;0.27;21.50;62.40;0.25;1.82;85541;0.28;148.17
UNO_UNO0;2015/01/20 23:05:11;661;661;0.27;21.50;62.20;0.25;0.34;99269;0.33;171.77
UNO_UNO0;2015/01/20 23:05:41;662;662;0.27;21.50;62.60;0.25;0.95;174822;0.58;300.80
UNO_UNO0;2015/01/20 23:06:13;663;663;0.27;21.50;62.60;0.25;0.93;0;0.00;0.62
UNO_UNO0;2015/01/20 23:06:44;664;664;0.27;21.50;62.20;0.25;1.00;132033;0.43;223.07
UNO_UNO0;2015/01/20 23:07:16;665;665;0.27;21.50;62.60;0.25;1.72;120421;0.39;204.12
UNO_UNO0;2015/01/20 23:07:46;666;666;0.27;21.50;62.50;0.25;1.81;101914;0.34;176.21
UNO_UNO0;2015/01/20 23:08:17;667;667;0.27;21.50;62.60;0.25;1.71;7322;0.02;13.05
UNO_UNO0;2015/01/20 23:08:48;668;668;0.27;21.50;62.50;0.25;0.92;60986;0.20;106.06
UNO_UNO0;2015/01/20 23:09:19;669;669;0.27;21.50;62.50;0.25;0.96;97907;0.33;169.53
UNO_UNO0;2015/01/20 23:09:49;670;670;0.27;21.50;62.60;0.25;0.40;95941;0.32;165.89
UNO_UNO0;2015/01/20 23:10:20;671;671;0.27;21.50;62.60;0.25;1.77;80081;0.26;136.60
UNO_UNO0;2015/01/20 23:10:51;672;672;0.27;21.50;62.40;0.25;0.87;122367;0.41;211.25
UNO_UNO0;2015/01/20 23:11:22;673;673;0.27;21.50;62.40;0.25;0.76;45107;0.15;78.63
UNO_UNO0;2015/01/20 23:11:52;674;674;0.27;21.50;62.60;0.25;1.41;112527;0.37;194.53
UNO_UNO0;2015/01/20 23:12:23;675;675;0.27;21.50;62.50;0.25;1.64;56253;0.19;97.82
UNO_UNO0;2015/01/20 23:12:53;676;676;0.27;21.50;62.60;0.25;0.88;87656;0.29;151.76
UNO_UNO0;2015/01/20 23:13:25;677;677;0.27;21.50;62.60;0.25;1.81;44307;0.14;75.15
UNO_UNO0;2015/01/20 23:13:56;678;678;0.27;21.50;62.70;0.25;0.67;29127;0.10;50.42
UNO_UNO0;2015/01/20 23:14:26;679;679;0.27;21.50;62.60;0.25;0.68;141075;0.47;243.25
UNO_UNO0;2015/01/20 23:14:58;680;680;0.27;21.50;62.50;0.25;0.05;63867;0.21;107.16
UNO_UNO0;2015/01/20 23:15:29;681;681;0.27;21.50;62.60;0.25;0.04;165304;0.55;284.48
UNO_UNO0;2015/01/20 23:16:00;682;682;0.27;21.50;62.60;0.25;1.75;102867;0.34;174.87
UNO_UNO0;2015/01/20 23:16:31;683;683;0.27;21.50;62.60;0.25;0.13;112975;0.37;191.82
UNO_UNO0;2015/01/20 23:17:02;684;684;0.27;21.50;62.60;0.25;1.31;106258;0.35;184.12
UNO_UNO0;2015/01/20 23:17:32;685;685;0.27;21.50;62.50;0.25;1.54;101363;0.34;175.52
UNO_UNO0;2015/01/20 23:18:03;686;686;0.27;21.50;62.60;0.25;1.62;119803;0.40;207.13
UNO_UNO0;2015/01/20 23:18:34;687;687;0.27;21.50;62.60;0.25;0.58;111306;0.37;192.56
UNO_UNO0;2015/01/20 23:19:05;688;688;0.27;21.50;62.50;0.25;0.73;148160;0.48;250.73
UNO_UNO0;2015/01/20 23:19:35;689;689;0.27;21.50;62.60;0.25;1.68;33703;0.11;58.97
UNO_UNO0;2015/01/20 23:20:07;690;690;0.27;21.50;62.60;0.25;1.73;130322;0.42;220.93
UNO_UNO0;2015/01/20 23:20:37;691;691;0.26;21.50;62.50;0.25;1.84;145073;0.48;250.78
UNO_UNO0;2015/01/20 23:21:09;692;692;0.27;21.50;62.20;0.25;0.43;173201;0.56;290.94
UNO_UNO0;2015/01/20 23:21:40;693;693;0.27;21.50;62.50;0.25;1.44;0;0.00;0.62
UNO_UNO0;2015/01/20 23:22:11;694;694;0.27;21.50;62.60;0.25;1.47;28958;0.10;50.73
UNO_UNO0;2015/01/20 23:22:42;695;695;0.27;21.50;62.20;0.25;0.09;152902;0.50;259.01
UNO_UNO0;2015/01/20 23:23:13;696;696;0.27;21.50;62.40;0.25;1.77;44562;0.15;77.77
UNO_UNO0;2015/01/20 23:23:43;697;697;0.27;21.50;62.50;0.25;0.46;74209;0.25;128.53
UNO_UNO0;2015/01/20 23:24:14;698;698;0.28;21.50;62.30;0.25;0.06;60967;0.20;106.00
UNO_UNO0;2015/01/20 23:24:45;699;699;0.27;21.50;62.60;0.25;0.68;108965;0.35;184.75
UNO_UNO0;2015/01/20 23:25:16;700;700;0.27;21.50;62.50;0.25;0.09;70990;0.23;120.77
UNO_UNO0;2015/01/20 23:25:47;701;701;0.27;21.50;62.60;0.25;0.90;36823;0.12;64.35
UNO_UNO0;2015/01/20 23:26:17;702;702;0.27;21.50;62.40;0.25;1.10;78963;0.26;136.95
UNO_UNO0;2015/01/20 23:26:49;703;703;0.27;21.50;62.40;0.25;0.23;92383;0.30;157.28
UNO_UNO0;2015/01/20 23:27:20;704;704;0.27;21.50;62.40;0.25;0.32;144052;0.47;243.40
UNO_UNO0;2015/01/20 23:27:50;705;705;0.27;21.50;62.60;0.25;1.69;122385;0.41;211.76
UNO_UNO0;2015/01/20 23:28:21;706;706;0.27;21.50;62.30;0.25;0.92;60741;0.20;105.71
UNO_UNO0;2015/01/20 23:28:52;707;707;0.27;21.50;62.40;0.25;0.55;106925;0.35;181.07
UNO_UNO0;2015/01/20 23:29:24;708;708;0.27;21.50;62.40;0.25;0.91;28695;0.09;49.19
UNO_UNO0;2015/01/20 23:29:55;709;709;0.27;21.50;62.20;0.25;1.84;13252;0.04;22.71
UNO_UNO0;2015/01/20 23:30:26;710;710;0.27;21.50;62.20;0.25;1.68;54351;0.18;94.62
UNO_UNO0;2015/01/20 23:30:56;711;711;0.27;21.50;62.50;0.25;0.07;113696;0.38;196.51
UNO_UNO0;2015/01/20 23:31:27;712;712;0.27;21.50;62.50;0.25;1.84;181979;0.60;313.38
UNO_UNO0;2015/01/20 23:31:58;713;713;0.27;21.50;62.40;0.25;1.28;46917;0.16;81.76
UNO_UNO0;2015/01/20 23:32:29;714;714;0.27;21.50;62.50;0.25;1.65;82079;0.27;139.31
UNO_UNO0;2015/01/20 23:33:00;715;715;0.27;21.50;62.60;0.25;0.07;36666;0.12;62.87
UNO_UNO0;2015/01/20 23:33:31;716;716;0.27;21.50;62.40;0.25;0.21;99952;0.33;173.41
UNO_UNO0;2015/01/20 23:34:01;717;717;0.27;21.50;62.60;0.25;0.39;95851;0.32;165.98
UNO_UNO0;2015/01/20 23:34:32;718;718;0.27;21.50;62.50;0.25;1.36;140408;0.47;242.08
UNO_UNO0;2015/01/20 23:35:03;719;719;0.27;21.50;62.60;0.25;0.19;34225;0.11;59.87
UNO_UNO0;2015/01/20 23:35:33;720;720;0.27;21.50;62.60;0.25;0.79;122737;0.41;210.85
UNO_UNO0;2015/01/20 23:36:05;721;721;0.27;21.50;62.50;0.25;0.07;0;0.00;0.62
UNO_UNO0;2015/01/20 23:36:36;722;722;0.27;21.50;62.20;0.25;1.13;117748;0.39;203.85
UNO_UNO0;2015/01/20 23:37:07;723;723;0.27;21.50;62.60;0.25;0.16;131647;0.43;223.38
UNO_UNO0;2015/01/20 23:37:38;724;724;0.27;21.50;62.60;0.25;0.24;151115;0.49;255.86
UNO_UNO0;2015/01/20 23:38:08;725;725;0.27;21.50;62.50;0.25;0.15;96256;0.32;166.85
UNO_UNO0;2015/01/20 23:38:40;726;726;0.27;21.50;62.40;0.25;0.93;89764;0.29;151.59
UNO_UNO0;2015/01/20 23:39:12;727;727;0.28;21.50;62.60;0.25;0.08;90929;0.29;152.15
UNO_UNO0;2015/01/20 23:39:43;728;728;0.27;21.50;62.60;0.25;1.30;19318;0.06;33.52
UNO_UNO0;2015/01/20 23:40:14;729;729;0.27;21.50;62.60;0.25;1.24;107600;0.35;182.01
UNO_UNO0;2015/01/20 23:40:44;730;730;0.27;21.50;62.40;0.25;1.29;76730;0.26;133.34
UNO_UNO0;2015/01/20 23:41:16;731;731;0.27;21.50;62.60;0.25;1.09;93353;0.30;158.62
UNO_UNO0;2015/01/20 23:41:46;732;732;0.27;21.50;62.50;0.25;0.75;85505;0.28;148.22
UNO_UNO0;2015/01/20 23:42:17;733;733;0.27;21.40;62.40;0.25;0.10;112788;0.37;195.10
UNO_UNO0;2015/01/20 23:42:47;734;734;0.27;21.50;62.60;0.25;1.54;115568;0.38;200.29
UNO_UNO0;2015/01/20 23:43:18;735;735;0.27;21.50;62.60;0.25;0.05;141003;0.47;243.15
UNO_UNO0;2015/01/20 23:43:49;736;736;0.27;21.40;62.10;0.25;0.06;103249;0.34;177.59
UNO_UNO0;2015/01/20 23:44:21;737;737;0.27;21.50;62.40;0.26;0.57;0;0.00;0.62
UNO_UNO0;2015/01/20 23:44:51;738;738;0.28;21.40;62.30;0.25;0.90;73703;0.25;127.96
UNO_UNO0;2015/01/20 23:45:22;739;739;0.27;21.40;62.30;0.25;0.96;81473;0.27;141.41
UNO_UNO0;2015/01/20 23:45:52;740;740;0.27;21.40;62.50;0.26;1.01;73101;0.24;126.82
UNO_UNO0;2015/01/20 23:46:24;741;741;0.28;21.40;62.20;0.26;1.80;175352;0.57;296.38
UNO_UNO0;2015/01/20 23:46:55;742;742;0.27;21.50;62.50;0.25;0.06;58902;0.19;100.24
UNO_UNO0;2015/01/20 23:47:26;743;743;0.28;21.50;62.50;0.26;1.47;26421;0.08;44.70
UNO_UNO0;2015/01/20 23:47:57;744;744;0.27;21.50;62.50;0.25;0.40;88781;0.29;153.69
UNO_UNO0;2015/01/20 23:48:28;745;745;0.27;21.40;62.20;0.25;1.02;96633;0.32;167.65
UNO_UNO0;2015/01/20 23:48:58;746;746;0.27;21.40;62.30;0.25;1.37;76833;0.26;133.20
UNO_UNO0;2015/01/20 23:49:30;747;747;0.27;21.40;62.30;0.26;0.13;169861;0.55;287.05
UNO_UNO0;2015/01/20 23:50:00;748;748;0.27;21.50;62.50;0.25;0.11;105043;0.35;181.92
UNO_UNO0;2015/01/20 23:50:31;749;749;0.28;21.50;62.40;0.26;0.05;123475;0.41;211.78
UNO_UNO0;2015/01/20 23:51:03;750;750;0.27;21.40;62.40;0.25;1.83;0;0.00;0.62
UNO_UNO0;2015/01/20 23:51:33;751;751;0.28;21.40;62.30;0.25;1.67;49685;0.17;86.60
UNO_UNO0;2015/01/20 23:52:04;752;752;0.27;21.50;62.40;0.25;1.29;254960;0.83;430.61
UNO_UNO0;2015/01/20 23:52:35;753;753;0.28;21.40;62.20;0.25;0.81;76623;0.26;133.00
UNO_UNO0;2015/01/20 23:53:06;754;754;0.28;21.40;62.30;0.25;0.74;113573;0.37;193.09
UNO_UNO0;2015/01/20 23:53:37;755;755;0.28;21.40;62.30;0.26;0.05;96783;0.32;167.58
UNO_UNO0;2015/01/20 23:54:07;756;756;0.28;21.40;62.30;0.25;1.80;148879;0.50;257.40
UNO_UNO0;2015/01/20 23:54:39;757;757;0.28;21.40;62.40;0.26;0.07;175942;0.57;296.90
UNO_UNO0;2015/01/20 23:55:09;758;758;0.27;21.40;62.50;0.25;1.68;43356;0.14;75.62
UNO_UNO0;2015/01/20 23:55:40;759;759;0.27;21.40;62.10;0.25;1.81;116009;0.38;199.96
UNO_UNO0;2015/01/20 23:56:12;760;760;0.28;21.40;62.30;0.25;1.02;0;0.00;0.62
UNO_UNO0;2015/01/20 23:56:43;761;761;0.27;21.40;62.40;0.25;0.20;88329;0.29;149.70
UNO_UNO0;2015/01/20 23:57:14;762;762;0.27;21.40;62.30;0.25;0.43;144572;0.47;244.62
UNO_UNO0;2015/01/20 23:57:45;763;763;0.27;21.40;62.30;0.25;0.51;27608;0.09;47.67
UNO_UNO0;2015/01/20 23:58:16;764;764;0.27;21.40;62.50;0.25;1.79;65560;0.22;113.58
UNO_UNO0;2015/01/20 23:58:47;765;765;0.27;21.40;62.30;0.25;0.09;111449;0.36;188.87
UNO_UNO0;2015/01/20 23:59:18;766;766;0.28;21.40;62.40;0.25;0.93;127222;0.42;215.89
UNO_UNO0;2015/01/20 23:59:49;767;767;0.27;21.40;62.40;0.25;0.53;109857;0.36;188.91
